0 81
1 109
2 48
3 209
4 235
5 23
6 223
7 56
8 61
9 168
10 0
11 155
12 28
13 224
14 21
15 217
16 167
17 4
18 9
19 28
20 131
21 116
22 28
23 15
24 123
25 97
26 215
27 146
28 209
29 134
30 6
31 125
32 83
33 41
34 45
35 118
36 95
37 194
38 144
39 12
40 111
41 217
42 24
43 236
44 93
45 185
46 162
47 24
48 235
49 206
50 147
51 126
52 19
53 146
54 169
55 244
56 14
57 18
58 70
59 33
60 150
61 240
62 23
63 40
64 177
65 144
66 238
67 208
68 39
69 8
70 30
71 70
72 59
73 105
74 1
75 113
76 70
77 113
78 241
79 39
80 34
81 205
82 151
83 183
84 229
85 134
86 68
87 18
88 30
89 236
90 192
91 231
92 125
93 116
94 55
95 48
96 183
97 247
98 69
99 248
100 123
101 67
102 11
103 46
104 67
105 58
106 146
107 120
108 182
109 213
110 189
111 124
112 24
113 94
114 112
115 132
116 157
117 4
118 78
119 96
120 55
121 154
122 75
123 25
124 98
125 84
126 237
127 95
128 117
129 123
130 224
131 191
132 178
133 87
134 121
135 213
136 133
137 16
138 177
139 4
140 113
141 75
142 34
143 137
144 119
145 140
146 109
147 226
148 210
149 223
150 209
151 155
152 101
153 58
154 180
155 109
156 151
157 125
158 195
159 2
160 109
161 116
162 43
163 121
164 131
165 130
166 98
167 167
168 21
169 134
170 217
171 210
172 121
173 235
174 153
175 34
176 232
177 6
178 103
179 177
180 75
181 230
182 41
183 75
184 224
185 212
186 176
187 25
188 180
189 205
190 75
191 87
192 151
193 160
194 47
195 50
196 156
197 40
198 138
199 34
200 138
201 6
202 226
203 55
204 201
205 109
206 218
207 57
208 193
209 57
210 128
211 8
212 109
213 40
214 47
215 184
216 204
217 113
218 231
219 211
220 97
221 152
222 109
223 180
224 217
225 162
226 93
227 54
228 134
229 142
230 78
231 156
232 98
233 187
234 42
235 13
236 207
237 137
238 23
239 24
240 59
241 155
242 154
243 153
244 242
245 128
246 20
247 66
248 26
249 198
250 39
251 108
252 187
253 124
254 41
255 13
256 10
257 76
258 51
259 177
260 46
261 232
262 156
263 57
264 137
265 245
266 143
267 41
268 8
269 160
270 84
271 239
272 239
273 80
274 24
275 211
276 153
277 7
278 31
279 219
280 99
281 152
282 6
283 156
284 219
285 247
286 86
287 224
288 208
289 184
290 105
291 200
292 113
293 142
294 78
295 81
296 55
297 13
298 26
299 55
301 69
302 14
303 79
304 106
305 109
306 64
307 147
308 115
309 154
310 7
311 22
312 125
313 67
314 70
315 168
316 173
317 136
318 81
319 185
320 130
321 20
322 134
323 30
324 151
325 22
326 20
327 226
328 145
329 72
330 222
331 116
332 67
333 158
334 124
335 224
336 244
337 210
338 180
339 161
340 128
341 66
342 164
343 187
344 24
345 226
346 133
347 66
348 174
349 209
350 155
351 130
352 6
353 127
354 219
355 235
356 72
357 98
358 170
359 25
360 75
361 143
362 91
363 206
364 4
365 25
366 171
367 89
368 233
369 111
370 68
371 34
372 246
373 108
374 148
375 17
376 193
377 7
378 135
379 40
380 151
381 102
382 115
383 36
384 37
385 112
386 211
387 217
388 78
389 177
390 123
391 101
392 87
393 209
394 121
395 6
396 162
397 162
398 74
399 70
400 2
401 13
402 185
403 107
404 238
405 152
407 25
408 112
409 236
410 137
411 18
412 93
413 36
414 36
415 175
416 82
417 135
418 168
419 73
420 181
421 73
422 87
423 130
424 226
425 235
426 5
427 115
428 115
429 215
430 38
431 175
432 124
433 223
434 62
435 6
436 152
437 109
438 51
439 223
440 85
441 45
442 102
443 194
444 73
445 60
446 165
447 181
448 109
449 4
450 184
451 47
452 148
453 224
454 162
455 88
456 183
457 177
458 169
459 113
460 34
461 63
462 116
463 134
464 10
465 171
466 247
467 70
468 220
469 4
470 182
471 161
472 91
473 231
474 59
475 84
476 4
477 27
478 118
479 68
480 0
481 192
482 184
483 179
484 217
485 24
486 105
487 116
488 203
489 196
490 207
491 219
492 88
493 205
494 216
495 119
496 8
497 141
498 136
499 97
500 50
501 72
502 18
503 194
504 223
505 169
506 210
507 169
508 185
509 69
510 25
511 242
512 36
513 98
514 24
515 69
516 11
517 249
518 197
519 244
520 177
522 191
523 164
524 18
525 159
526 54
527 43
528 154
529 121
530 54
531 211
532 162
533 40
534 205
535 229
536 245
537 144
538 87
539 70
540 125
541 127
542 141
543 113
544 219
545 71
546 60
547 235
548 229
549 210
550 208
551 84
552 160
553 60
554 28
555 236
556 59
557 47
558 135
559 6
560 84
561 78
562 91
563 12
564 128
565 55
566 55
567 138
568 119
569 159
570 245
571 227
572 188
573 239
574 125
575 244
576 142
577 164
578 239
579 0
580 152
581 19
582 18
583 107
584 51
585 48
586 185
587 13
588 28
589 125
590 223
591 124
592 239
593 124
594 214
595 235
596 137
597 224
598 90
599 73
600 186
601 99
602 29
603 192
604 116
605 175
606 209
607 101
608 194
609 158
610 176
611 13
612 234
613 98
614 19
615 116
616 102
617 97
618 183
619 178
620 140
621 99
622 86
623 50
624 79
626 91
627 3
628 207
629 151
630 5
631 174
632 114
633 158
634 128
635 131
636 215
637 103
638 98
639 204
640 20
641 199
642 1
643 156
644 38
645 51
646 6
647 24
648 212
649 47
650 63
651 132
652 128
654 28
655 175
656 198
657 64
658 168
659 1
660 0
661 121
662 242
663 177
664 132
665 217
666 20
667 243
668 49
669 217
670 198
671 13
672 208
673 7
674 198
675 194
676 140
677 187
678 53
679 111
680 134
681 62
682 83
683 20
684 227
685 89
686 68
687 241
688 116
689 56
690 157
691 7
692 7
693 91
694 125
695 80
696 6
697 133
698 119
699 226
700 54
701 69
702 186
703 235
704 75
705 180
706 10
707 27
708 158
709 214
710 45
711 128
712 57
713 152
715 64
716 142
717 213
718 46
719 97
720 134
721 52
722 46
723 175
724 94
725 98
726 142
727 173
728 158
729 124
730 214
731 179
732 152
733 13
734 80
735 75
736 75
737 29
738 229
739 217
740 112
741 106
742 50
743 181
744 105
745 87
746 6
747 114
748 31
749 240
750 166
751 187
752 14
753 9
754 180
755 24
756 220
757 6
758 128
759 187
760 16
761 209
762 160
763 125
764 133
765 12
766 177
767 88
768 175
769 227
770 217
771 150
772 215
773 129
774 244
775 232
776 132
777 238
778 8
779 230
780 44
781 21
782 246
783 91
784 246
785 142
786 239
787 69
788 121
790 46
791 116
792 55
793 68
794 96
795 209
796 181
797 246
798 33
799 116
800 158
801 104
802 220
803 100
804 31
805 108
806 87
807 176
808 211
809 13
810 46
811 215
812 5
813 141
814 194
815 97
816 56
817 121
818 4
819 148
820 209
821 97
822 147
823 143
824 213
825 152
826 211
827 175
828 141
829 34
830 135
831 46
832 19
833 201
834 70
835 33
836 117
837 238
838 221
839 155
840 167
841 6
842 128
843 32
844 226
845 198
846 6
847 204
848 26
849 102
850 209
851 229
852 111
853 51
854 131
855 194
856 155
857 194
858 13
859 140
860 70
861 187
862 3
863 6
864 148
865 198
866 155
867 194
868 79
869 192
870 219
871 216
872 25
873 23
874 78
875 4
876 216
877 230
878 8
879 151
880 211
881 91
882 194
883 204
884 58
885 44
886 205
887 133
888 205
889 89
890 88
891 28
892 50
893 54
894 173
895 109
896 191
897 51
898 209
899 69
900 7
901 45
902 179
903 69
904 13
905 28
906 83
907 146
908 228
909 68
910 28
911 13
912 6
913 211
914 243
915 184
916 165
917 78
918 166
919 27
920 217
921 161
922 12
923 4
924 128
925 108
926 142
927 93
928 33
929 226
930 90
931 68
932 118
933 31
934 117
935 24
936 113
937 122
938 135
939 209
940 215
941 5
942 17
943 67
944 100
945 39
946 93
947 4
948 247
949 226
950 60
951 164
952 145
953 223
954 98
955 47
956 111
957 78
958 21
959 204
960 175
961 69
962 19
963 210
964 116
965 66
966 4
967 13
968 209
969 11
970 217
971 54
972 198
973 226
974 180
975 101
976 93
977 97
978 50
979 13
980 201
981 229
982 99
983 133
984 191
985 81
986 104
987 151
988 243
989 220
990 31
991 55
992 116
993 45
994 149
995 194
996 64
997 180
998 158
999 134
1000 53
1001 162
1002 205
1003 239
1004 125
1005 98
1006 28
1007 192
1008 6
1009 235
1010 8
1011 39
1012 63
1013 55
1014 66
1015 4
1016 185
1017 161
1018 117
1019 80
1020 2
1021 21
1022 55
1023 133
1024 68
1025 79
1026 201
1027 58
1028 44
1029 204
1030 67
1031 223
1032 170
1033 137
1034 109
1035 210
1036 173
1037 30
1038 47
1039 80
1040 6
1041 180
1042 98
1043 194
1044 21
1045 109
1046 105
1047 85
1048 149
1049 134
1050 182
1051 23
1052 47
1053 132
1054 131
1055 116
1056 213
1057 89
1058 171
1059 13
1060 6
1061 56
1062 73
1063 41
1064 114
1065 152
1066 72
1067 211
1068 45
1069 63
1070 209
1071 96
1072 187
1073 141
1074 109
1075 101
1076 137
1077 73
1078 187
1079 145
1080 127
1081 85
1082 128
1083 34
1084 84
1085 211
1086 157
1087 75
1088 6
1089 173
1090 235
1091 105
1092 116
1093 171
1094 75
1095 22
1096 55
1097 204
1098 245
1099 69
1100 36
1101 57
1102 135
1103 178
1104 137
1105 163
1106 65
1107 18
1108 62
1109 236
1110 217
1111 168
1112 210
1113 178
1114 164
1115 194
1116 126
1117 98
1118 16
1119 164
1120 48
1121 148
1122 168
1123 142
1124 171
1125 21
1126 52
1127 105
1128 83
1129 205
1130 41
1131 92
1132 180
1133 0
1134 221
1135 226
1136 57
1137 142
1138 219
1139 241
1140 211
1141 112
1142 247
1143 201
1144 190
1145 124
1146 203
1147 15
1148 85
1149 19
1150 121
1151 226
1152 189
1153 76
1154 187
1155 176
1156 98
1157 47
1158 4
1159 138
1160 45
1161 58
1162 17
1163 162
1164 210
1165 238
1166 154
1167 113
1168 208
1169 63
1170 5
1171 235
1172 69
1173 0
1174 114
1175 6
1176 194
1177 217
1178 13
1179 194
1180 117
1181 247
1182 70
1183 4
1184 174
1185 231
1186 48
1187 198
1188 239
1189 30
1190 6
1191 68
1192 29
1193 93
1194 220
1195 7
1196 192
1197 58
1198 112
1199 17
1200 8
1201 131
1202 87
1203 108
1205 81
1206 236
1207 155
1208 101
1209 180
1210 148
1211 72
1212 1
1213 13
1214 71
1215 189
1216 186
1217 86
1218 49
1219 35
1220 147
1221 6
1222 240
1223 162
1224 125
1225 103
1226 151
1227 109
1228 141
1229 0
1230 134
1231 98
1232 113
1233 121
1234 218
1235 158
1236 244
1237 151
1238 171
1239 62
1240 97
1241 99
1242 224
1243 185
1244 28
1245 114
1246 152
1247 138
1248 123
1249 72
1250 101
1251 47
1252 181
1253 51
1254 49
1255 24
1256 240
1257 193
1258 88
1259 151
1260 248
1261 100
1262 217
1263 93
1264 175
1265 187
1266 220
1267 35
1268 194
1269 6
1270 184
1271 155
1273 47
1274 148
1275 151
1277 62
1278 150
1279 57
1280 179
1281 134
1282 64
1283 102
1284 247
1285 148
1286 4
1287 37
1288 248
1289 24
1290 194
1291 148
1292 34
1293 13
1294 131
1295 45
1296 104
1297 111
1298 232
1299 125
1300 15
1301 85
1302 105
1303 90
1304 81
1305 160
1306 27
1307 215
1308 145
1309 3
1310 217
1311 29
1312 208
1313 29
1314 235
1315 41
1316 214
1317 74
1318 102
1319 65
1320 67
1321 56
1322 194
1323 246
1324 128
1325 151
1326 194
1327 177
1328 2
1329 41
1330 13
1331 24
1332 133
1333 4
1334 50
1335 215
1336 155
1337 26
1338 60
1339 96
1340 180
1341 173
1342 211
1343 137
1344 239
1345 4
1346 59
1347 154
1348 247
1349 13
1350 191
1351 44
1352 57
1353 98
1354 68
1355 244
1356 113
1357 24
1358 13
1359 157
1360 137
1361 74
1362 68
1363 55
1364 55
1365 101
1366 115
1367 105
1368 237
1369 175
1370 129
1371 181
1372 109
1373 117
1374 151
1375 86
1376 177
1377 121
1378 45
1379 209
1380 128
1381 238
1382 215
1383 154
1384 69
1385 85
1386 130
1387 5
1388 208
1389 72
1390 220
1391 21
1392 98
1393 116
1394 21
1396 54
1397 98
1398 124
1399 133
1400 55
1401 86
1402 9
1403 208
1404 160
1405 121
1406 13
1407 111
1408 170
1409 18
1410 18
1411 143
1412 99
1413 6
1414 116
1415 104
1416 69
1417 31
1418 161
1419 34
1420 90
1421 178
1422 243
1423 183
1425 160
1426 224
1427 209
1428 169
1429 6
1430 108
1431 232
1432 98
1433 181
1434 8
1435 13
1436 151
1437 121
1438 175
1439 194
1440 138
1441 204
1442 162
1443 193
1444 153
1445 207
1446 128
1447 111
1448 115
1449 208
1450 119
1451 96
1452 182
1453 171
1454 56
1455 134
1456 125
1457 96
1458 113
1459 141
1460 28
1461 173
1463 54
1464 4
1465 203
1466 164
1467 19
1468 182
1469 109
1470 155
1471 62
1472 75
1473 135
1474 208
1475 55
1476 13
1477 209
1478 104
1479 8
1480 137
1481 236
1482 143
1483 100
1484 135
1485 52
1486 60
1487 114
1488 226
1489 75
1490 13
1491 47
1493 223
1494 7
1495 47
1496 185
1497 101
1498 52
1499 55
1500 133
1501 142
1502 3
1503 104
1504 154
1505 58
1506 172
1507 121
1508 223
1509 141
1510 68
1511 171
1512 98
1513 24
1514 155
1515 13
1516 121
1517 98
1518 6
1519 244
1520 144
1521 109
1522 138
1523 97
1524 47
1525 54
1526 107
1527 98
1528 128
1529 160
1530 195
1531 68
1532 54
1533 0
1534 160
1535 210
1536 66
1537 175
1538 83
1539 81
1540 0
1541 10
1542 175
1543 85
1544 187
1545 134
1546 63
1547 191
1548 8
1549 13
1550 100
1551 152
1552 159
1553 148
1554 165
1555 132
1556 133
1557 168
1558 41
1559 223
1560 117
1561 209
1562 7
1563 191
1564 209
1565 11
1566 88
1567 170
1568 230
1569 21
1570 6
1571 236
1572 3
1573 41
1574 188
1575 4
1576 68
1577 113
1578 68
1579 113
1580 124
1581 53
1582 0
1583 102
1584 138
1585 27
1586 6
1587 115
1588 8
1589 107
1590 55
1591 54
1592 141
1593 180
1594 150
1595 81
1596 54
1597 205
1598 146
1599 105
1600 105
1601 193
1602 133
1603 151
1604 193
1605 81
1606 162
1607 211
1608 241
1609 127
1610 210
1611 210
1612 198
1613 162
1614 105
1615 138
1616 8
1617 213
1618 22
1619 185
1620 45
1621 198
1622 80
1623 179
1624 60
1625 66
1626 80
1627 101
1628 236
1629 63
1630 118
1631 66
1632 247
1633 236
1634 13
1635 159
1636 137
1637 162
1638 144
1639 133
1640 51
1641 152
1642 21
1643 34
1644 47
1645 187
1646 219
1647 50
1648 133
1649 29
1650 142
1651 155
1652 187
1653 27
1654 24
1655 226
1656 3
1657 138
1658 13
1659 156
1660 107
1661 66
1662 239
1663 168
1664 13
1665 155
1666 128
1667 192
1668 170
1669 201
1670 177
1671 62
1672 6
1673 72
1674 156
1675 28
1676 146
1677 123
1678 6
1679 68
1680 181
1681 189
1682 201
1683 68
1684 68
1685 236
1686 174
1688 161
1689 175
1690 247
1691 176
1692 84
1693 18
1694 133
1695 121
1696 78
1697 171
1698 20
1699 81
1700 24
1701 162
1702 98
1703 191
1704 201
1705 234
1706 205
1707 39
1708 118
1709 161
1710 182
1711 198
1712 12
1713 40
1714 118
1715 208
1716 152
1717 107
1718 99
1719 106
1720 160
1721 162
1722 33
1723 69
1725 180
1726 241
1727 6
1728 79
1729 240
1730 119
1731 209
1732 185
1733 67
1734 106
1735 112
1736 144
1737 28
1738 3
1739 178
1740 239
1741 116
1742 39
1743 196
1744 244
1745 204
1746 23
1747 24
1748 128
1749 33
1750 4
1751 6
1752 195
1753 236
1754 106
1755 158
1756 19
1757 8
1758 148
1759 239
1760 11
1761 137
1762 237
1763 208
1764 69
1765 4
1766 94
1767 151
1768 33
1770 104
1771 229
1772 150
1773 226
1774 208
1775 226
1776 70
1777 194
1778 104
1779 236
1780 125
1781 161
1782 160
1783 195
1784 47
1785 185
1786 86
1787 36
1788 54
1789 102
1790 175
1791 114
1792 107
1793 184
1794 0
1795 46
1796 127
1797 148
1798 13
1799 194
1800 17
1801 109
1802 135
1803 232
1804 48
1805 173
1806 86
1807 152
1808 84
1809 58
1810 6
1811 56
1812 29
1813 6
1814 180
1815 125
1816 106
1817 91
1818 241
1819 238
1820 53
1821 194
1822 65
1823 181
1824 131
1825 212
1826 170
1827 119
1828 3
1829 46
1830 76
1831 194
1832 87
1833 166
1834 236
1835 24
1836 168
1837 216
1838 178
1839 111
1840 131
1841 78
1842 164
1843 6
1844 217
1845 24
1846 131
1847 81
1848 155
1849 97
1850 98
1851 31
1852 11
1853 141
1854 113
1855 209
1856 195
1857 22
1858 168
1859 41
1860 185
1861 16
1862 7
1863 150
1864 205
1865 162
1866 217
1867 0
1868 226
1869 201
1870 104
1871 26
1872 123
1873 41
1874 171
1875 19
1876 162
1877 157
1878 129
1879 87
1881 205
1882 44
1883 164
1884 13
1885 36
1886 29
1887 217
1888 149
1889 4
1890 68
1891 93
1892 41
1893 133
1894 174
1895 145
1896 180
1897 240
1898 141
1899 213
1900 194
1901 15
1902 34
1903 215
1904 46
1905 101
1906 66
1907 66
1908 144
1909 13
1910 114
1911 164
1912 34
1913 5
1914 60
1915 117
1916 162
1917 108
1918 90
1919 148
1920 209
1921 161
1922 127
1923 198
1924 247
1925 6
1926 217
1927 246
1928 131
1929 70
1930 194
1931 81
1932 13
1933 6
1934 10
1935 219
1936 71
1937 27
1938 73
1939 168
1940 175
1941 47
1942 84
1943 236
1944 94
1945 37
1946 40
1947 6
1948 162
1949 98
1950 81
1951 73
1952 219
1953 134
1954 195
1955 41
1956 216
1957 213
1958 231
1959 2
1960 4
1961 131
1962 151
1963 174
1964 70
1965 205
1966 145
1967 240
1968 137
1969 137
1970 81
1971 98
1972 240
1973 218
1974 3
1975 59
1976 59
1977 52
1978 121
1979 49
1980 183
1981 236
1982 14
1983 222
1984 48
1985 152
1986 215
1987 31
1988 89
1989 137
1990 178
1991 12
1992 46
1993 213
1994 23
1995 141
1996 7
1997 13
1998 240
1999 70
2000 79
2001 98
2002 151
2003 222
2004 183
2005 98
2006 29
2007 67
2008 134
2009 3
2010 73
2011 14
2012 55
2013 195
2014 73
2015 69
2016 77
2017 156
2018 52
2019 107
2020 216
2021 236
2022 28
2023 130
2024 121
2025 77
2026 194
2027 145
2028 0
2029 195
2030 113
2031 159
2032 114
2033 41
2034 76
2035 184
2036 208
2037 16
2038 40
2039 199
2040 86
2041 195
2042 142
2043 149
2044 81
2045 247
2046 81
2047 49
2048 13
2049 141
2050 184
2051 164
2052 68
2053 4
2054 56
2055 150
2056 217
2057 40
2058 131
2059 219
2060 114
2061 0
2062 11
2063 115
2064 7
2065 50
2066 34
2067 27
2068 202
2069 1
2070 117
2071 151
2072 108
2073 219
2074 228
2075 37
2076 168
2077 150
2078 135
2079 10
2080 98
2081 131
2082 131
2083 84
2084 54
2085 109
2086 68
2087 171
2088 29
2089 133
2090 153
2091 212
2092 179
2093 24
2094 28
2095 37
2096 41
2097 86
2098 201
2099 242
2100 68
2101 102
2102 32
2103 208
2104 3
2105 159
2106 138
2107 27
2108 219
2109 219
2110 162
2111 68
2112 136
2113 164
2114 186
2115 29
2116 195
2117 39
2118 155
2119 131
2120 201
2121 78
2122 117
2123 105
2124 208
2125 216
2126 111
2127 39
2128 211
2129 213
2130 35
2131 198
2132 175
2133 198
2134 84
2135 6
2136 109
2137 216
2138 175
2139 221
2140 22
2141 168
2142 194
2143 113
2144 180
2145 187
2146 128
2147 129
2148 241
2149 187
2150 116
2151 219
2152 154
2153 70
2154 206
2155 73
2156 226
2157 205
2158 109
2159 7
2160 166
2161 65
2162 228
2163 174
2164 151
2165 210
2166 187
2167 72
2168 90
2169 26
2170 161
2171 33
2172 98
2173 152
2174 78
2175 149
2176 123
2177 64
2178 21
2179 63
2180 85
2181 6
2182 244
2183 114
2184 137
2185 26
2186 108
2187 20
2188 133
2189 66
2190 192
2191 145
2192 108
2193 13
2194 109
2195 98
2196 230
2197 194
2198 98
2199 93
2200 54
2201 100
2202 141
2203 77
2204 245
2205 165
2207 47
2208 173
2209 181
2211 47
2212 116
2213 34
2214 238
2215 55
2216 212
2217 98
2218 224
2219 14
2220 152
2221 76
2222 125
2223 205
2224 189
2225 12
2226 240
2227 194
2228 210
2229 144
2230 74
2231 140
2232 10
2233 158
2234 138
2235 64
2236 142
2237 168
2238 8
2239 67
2240 234
2241 90
2242 136
2243 13
2244 175
2245 8
2246 19
2247 72
2248 61
2249 168
2250 81
2251 54
2252 217
2253 97
2254 150
2255 36
2256 6
2257 52
2258 39
2260 109
2261 195
2262 0
2263 231
2264 81
2265 130
2266 8
2267 23
2268 13
2269 28
2270 6
2271 239
2272 236
2273 47
2274 151
2275 6
2276 156
2277 25
2278 98
2279 39
2280 205
2281 41
2282 110
2283 78
2284 144
2285 144
2286 66
2287 144
2288 6
2289 140
2290 31
2291 101
2292 235
2293 151
2294 134
2295 182
2296 78
2297 230
2298 135
2299 98
2300 194
2301 11
2302 4
2303 131
2304 44
2305 217
2306 121
2307 7
2309 4
2310 33
2311 77
2312 161
2313 26
2314 27
2315 219
2316 111
2317 40
2318 6
2319 74
2320 226
2321 21
2322 217
2323 177
2324 161
2325 13
2327 104
2328 107
2329 228
2330 11
2331 68
2332 61
2333 62
2334 6
2335 150
2336 6
2337 8
2338 194
2339 115
2340 132
2341 16
2342 6
2343 226
2344 164
2345 207
2346 132
2347 41
2348 106
2349 246
2350 151
2351 6
2352 205
2353 187
2354 206
2355 65
2356 85
2357 27
2358 111
2359 157
2360 55
2361 13
2362 23
2363 13
2364 108
2365 193
2366 113
2367 22
2368 128
2369 216
2370 137
2371 46
2372 76
2373 217
2374 210
2375 149
2376 18
2377 0
2378 27
2379 114
2380 99
2382 36
2383 23
2384 104
2385 90
2386 221
2387 41
2388 29
2389 97
2390 161
2391 6
2392 58
2393 87
2394 133
2395 141
2396 27
2398 239
2399 138
2400 133
2401 98
2402 175
2403 21
2404 91
2405 239
2406 107
2407 152
2408 201
2409 205
2410 29
2411 81
2412 215
2413 6
2414 215
2415 194
2416 98
2417 103
2418 164
2419 235
2420 80
2421 54
2422 4
2423 69
2424 75
2425 205
2426 187
2427 61
2428 130
2429 219
2430 194
2431 141
2432 156
2433 22
2434 223
2435 161
2436 161
2437 93
2438 58
2439 13
2440 140
2441 55
2442 192
2443 138
2444 157
2445 169
2446 6
2447 51
2448 125
2449 111
2450 54
2451 49
2452 180
2453 0
2454 219
2455 132
2456 209
2457 162
2458 23
2459 84
2460 224
2461 3
2462 118
2463 134
2464 128
2465 56
2466 77
2467 113
2468 27
2469 177
2470 70
2471 208
2472 29
2473 61
2474 55
2475 143
2476 6
2477 115
2478 148
2479 123
2480 62
2481 10
2482 109
2483 98
2484 106
2485 159
2486 126
2487 201
2488 98
2489 198
2490 0
2491 195
2492 111
2493 39
2494 24
2495 209
2496 79
2497 238
2498 142
2499 143
2500 127
2501 107
2503 174
2504 181
2505 232
2506 141
2507 173
2508 226
2509 123
2510 6
2511 123
2512 3
2513 121
2514 50
2515 109
2516 238
2517 42
2518 215
2519 145
2520 205
2521 189
2522 239
2523 116
2524 161
2525 46
2526 28
2527 152
2528 168
2529 13
2530 118
2531 194
2532 183
2533 31
2534 101
2535 230
2536 238
2537 247
2538 6
2539 160
2540 111
2541 185
2542 98
2543 152
2544 47
2545 4
2546 112
2547 195
2548 68
2549 218
2550 85
2551 137
2552 204
2553 98
2554 217
2555 66
2556 6
2557 137
2558 107
2559 20
2560 6
2561 223
2562 161
2563 6
2564 171
2565 138
2566 194
2567 159
2568 235
2569 13
2570 92
2571 101
2572 173
2573 209
2574 210
2575 39
2576 27
2577 247
2578 230
2579 247
2580 27
2581 210
2582 183
2583 244
2584 6
2585 28
2586 208
2587 76
2588 98
2589 97
2590 207
2591 70
2592 35
2593 3
2595 141
2596 80
2597 241
2598 109
2599 111
2600 90
2601 55
2602 205
2603 138
2604 164
2605 227
2606 145
2608 70
2609 50
2610 101
2611 21
2612 13
2613 57
2614 179
2615 113
2616 6
2617 220
2618 157
2619 171
2620 62
2621 50
2622 106
2623 201
2624 87
2625 187
2626 154
2627 109
2628 43
2629 106
2630 135
2631 63
2632 69
2633 208
2634 242
2635 34
2636 159
2637 236
2638 0
2639 194
2640 47
2641 210
2642 45
2643 100
2644 55
2645 118
2646 113
2647 149
2648 19
2649 27
2650 33
2651 45
2652 159
2653 146
2654 55
2655 210
2656 35
2657 91
2658 15
2659 191
2660 73
2661 175
2662 80
2663 122
2665 194
2666 112
2667 151
2668 111
2669 223
2670 152
2671 47
2672 55
2673 83
2674 65
2675 84
2676 174
2677 152
2678 162
2679 171
2680 219
2681 105
2682 79
2683 160
2684 201
2685 164
2686 239
2687 54
2688 6
2689 24
2690 27
2691 94
2692 75
2693 27
2694 109
2695 150
2696 28
2697 0
2698 150
2699 109
2700 213
2701 140
2702 239
2703 180
2704 185
2705 91
2706 159
2707 61
2708 8
2709 0
2710 127
2711 40
2712 246
2713 60
2714 159
2715 158
2716 78
2717 119
2718 124
2719 151
2720 13
2721 64
2722 100
2723 248
2724 128
2725 209
2727 93
2728 27
2729 47
2730 175
2731 221
2732 58
2733 153
2734 145
2735 243
2736 223
2737 174
2738 155
2739 65
2740 183
2741 24
2742 195
2743 1
2744 223
2745 194
2746 86
2747 226
2748 114
2749 194
2750 101
2751 157
2752 50
2753 116
2754 23
2755 229
2756 207
2757 15
2758 6
2759 209
2760 81
2761 55
2762 219
2763 67
2764 97
2765 208
2766 165
2767 40
2768 166
2769 223
2770 75
2771 137
2773 6
2774 160
2775 192
2776 223
2777 73
2778 13
2779 6
2780 239
2781 81
2782 13
2783 98
2784 241
2785 27
2786 195
2787 219
2788 0
2789 47
2790 188
2791 4
2792 68
2793 24
2794 177
2795 4
2796 149
2797 46
2798 125
2799 26
2800 164
2801 41
2802 236
2803 23
2804 50
2805 12
2806 88
2807 7
2808 118
2809 114
2810 150
2811 19
2812 198
2813 24
2814 151
2815 152
2816 103
2817 6
2818 41
2819 25
2820 194
2821 246
2822 215
2823 23
2824 198
2825 98
2826 79
2827 162
2828 244
2829 40
2830 155
2831 4
2832 208
2833 64
2834 206
2835 123
2836 34
2837 41
2838 127
2839 133
2840 62
2841 7
2842 187
2843 140
2844 221
2845 0
2846 111
2847 243
2848 168
2849 230
2850 18
2851 236
2852 28
2853 220
2854 6
2855 209
2856 96
2857 13
2858 125
2859 160
2860 34
2861 61
2862 159
2863 68
2864 13
2865 145
2866 67
2867 73
2868 226
2869 195
2870 124
2871 126
2872 5
2873 158
2874 98
2875 145
2876 208
2877 111
2878 149
2879 68
2880 45
2881 99
2882 115
2883 209
2884 239
2885 4
2886 54
2887 78
2888 25
2889 195
2890 171
2891 98
2892 239
2893 195
2894 177
2895 236
2896 208
2897 154
2898 10
2899 99
2900 209
2901 81
2902 23
2903 112
2904 84
2905 181
2906 27
2907 121
2908 151
2909 201
2910 66
2911 97
2912 59
2913 187
2914 241
2915 117
2916 54
2917 121
2918 189
2919 191
2920 77
2921 230
2922 4
2923 15
2924 192
2925 91
2926 198
2927 22
2928 55
2929 162
2930 47
2931 205
2932 81
2933 14
2934 6
2935 6
2936 193
2937 41
2938 50
2939 0
2940 155
2941 132
2942 177
2943 210
2944 146
2945 183
2946 45
2947 248
2948 131
2949 236
2950 16
2951 47
2952 162
2953 6
2954 129
2955 105
2956 111
2957 171
2958 26
2960 6
2961 138
2962 4
2963 125
2964 109
2965 39
2966 175
2967 217
2968 171
2969 194
2970 205
2971 68
2972 181
2973 247
2974 41
2975 247
2976 68
2977 123
2978 23
2979 14
2980 100
2981 205
2982 85
2983 161
2984 174
2985 3
2986 13
2987 109
2988 12
2989 6
2990 97
2991 98
2992 140
2993 29
2994 152
2995 6
2996 125
2997 205
2998 6
2999 187
3000 217
3001 164
3002 175
3003 123
3004 168
3005 72
3006 93
3007 208
3008 81
3009 219
3010 209
3011 235
3012 205
3013 11
3014 215
3015 210
3016 114
3017 177
3018 168
3019 244
3020 25
3021 19
3022 13
3023 205
3024 41
3025 121
3027 6
3028 27
3029 113
3030 198
3031 98
3032 6
3033 152
3034 6
3035 98
3036 70
3037 141
3038 161
3039 70
3040 177
3041 115
3042 209
3043 177
3044 7
3045 91
3046 47
3047 3
3048 17
3049 108
3050 144
3051 27
3052 14
3053 177
3054 205
3055 230
3056 137
3057 33
3058 98
3059 201
3060 25
3062 142
3063 158
3064 133
3065 208
3066 205
3067 187
3068 236
3069 97
3070 208
3071 70
3072 58
3073 98
3074 204
3075 83
3076 46
3077 1
3078 211
3079 36
3080 6
3081 81
3082 55
3083 76
3084 121
3085 164
3087 75
3088 42
3089 208
3090 137
3091 230
3092 51
3093 72
3094 205
3095 47
3096 151
3097 125
3098 209
3099 21
3100 236
3101 126
3102 111
3103 41
3104 6
3105 66
3106 98
3107 107
3108 15
3109 6
3110 85
3111 217
3112 156
3113 168
3114 160
3115 173
3116 195
3117 168
3118 244
3119 205
3120 149
3121 31
3122 36
3123 194
3124 195
3125 225
3126 89
3127 55
3128 141
3129 66
3130 195
3131 133
3132 125
3133 55
3134 6
3135 6
3136 168
3137 6
3138 12
3139 115
3140 142
3141 3
3142 212
3143 12
3144 55
3145 41
3146 71
3147 115
3148 60
3149 23
3150 39
3151 38
3152 236
3153 205
3154 109
3155 137
3156 68
3157 208
3158 75
3159 138
3160 81
3161 215
3162 208
3163 27
3164 191
3165 162
3166 134
3167 43
3168 195
3169 149
3170 6
3171 17
3172 124
3173 125
3174 4
3175 93
3176 226
3177 56
3178 191
3179 87
3180 230
3181 99
3182 19
3183 6
3184 105
3185 209
3186 213
3187 21
3188 219
3189 68
3190 212
3191 29
3192 133
3194 185
3195 154
3196 181
3197 209
3198 77
3199 98
3200 238
3201 239
3202 181
3203 92
3204 134
3205 6
3206 208
3207 68
3208 209
3209 152
3210 6
3211 10
3212 78
3213 160
3214 219
3215 162
3216 219
3217 98
3218 92
3219 169
3220 128
3222 137
3223 198
3224 89
3225 226
3226 123
3227 55
3228 175
3229 73
3230 28
3231 1
3232 134
3233 81
3234 79
3235 119
3236 41
3237 53
3238 174
3239 73
3240 229
3241 81
3242 158
3243 87
3244 236
3245 87
3246 194
3247 195
3248 7
3249 31
3250 22
3252 145
3253 14
3254 155
3255 115
3256 220
3257 85
3258 96
3259 6
3260 218
3261 4
3262 41
3263 12
3264 195
3265 13
3267 238
3268 134
3269 84
3270 24
3271 47
3272 171
3273 29
3274 161
3276 175
3277 39
3278 98
3279 14
3280 98
3281 98
3282 248
3283 116
3284 208
3285 140
3286 194
3287 89
3288 6
3289 68
3290 78
3291 24
3292 116
3293 212
3294 46
3295 145
3296 162
3297 18
3298 72
3299 98
3300 152
3301 13
3302 100
3303 6
3304 209
3305 194
3306 112
3307 116
3308 217
3309 205
3310 165
3311 114
3312 3
3313 97
3314 52
3315 100
3316 194
3317 111
3318 6
3319 57
3320 148
3321 140
3322 93
3323 101
3324 13
3325 39
3326 191
3327 127
3328 97
3329 104
3330 134
3331 81
3332 138
3333 216
3334 146
3335 70
3336 166
3338 98
3339 69
3340 33
3341 162
3342 160
3343 208
3344 151
3345 201
3346 239
3347 146
3348 222
3349 78
3350 33
3351 47
3352 55
3353 111
3354 66
3355 78
3356 57
3357 113
3358 188
3359 209
3360 75
3361 181
3362 93
3363 3
3364 124
3365 217
3366 73
3367 247
3368 170
3369 137
3370 187
3371 195
3372 208
3373 112
3374 217
3375 120
3376 121
3377 14
3378 113
3379 116
3380 235
3381 13
3382 160
3383 107
3385 219
3386 47
3387 131
3388 6
3389 235
3390 20
3391 30
3392 98
3393 187
3394 161
3395 208
3396 6
3397 198
3398 44
3399 205
3400 192
3401 105
3402 162
3403 60
3405 80
3406 235
3407 15
3408 18
3409 134
3410 105
3411 127
3412 4
3413 31
3414 226
3415 6
3416 237
3417 51
3418 4
3419 27
3420 140
3421 126
3422 140
3423 109
3424 6
3425 133
3426 146
3427 161
3428 195
3429 55
3430 6
3431 235
3432 239
3433 123
3434 141
3435 57
3436 149
3437 101
3438 81
3439 219
3440 198
3441 97
3442 3
3443 162
3444 46
3445 105
3446 55
3447 25
3448 187
3449 180
3450 230
3451 55
3452 134
3454 224
3455 65
3456 78
3457 101
3458 128
3459 125
3460 61
3461 115
3462 193
3463 17
3464 41
3465 248
3466 66
3467 93
3468 98
3469 161
3470 81
3471 217
3472 72
3473 87
3474 46
3475 6
3476 7
3477 183
3478 172
3479 5
3480 134
3481 31
3482 84
3483 3
3484 204
3485 124
3486 13
3487 98
3488 210
3489 6
3490 247
3491 33
3493 236
3494 195
3495 65
3496 230
3497 205
3498 239
3499 98
3500 74
3501 173
3502 210
3503 208
3504 162
3505 139
3506 175
3507 0
3508 241
3509 228
3510 215
3511 18
3512 205
3513 170
3514 176
3515 111
3516 57
3517 78
3519 98
3520 171
3521 7
3522 132
3523 244
3525 13
3526 55
3527 8
3528 50
3529 25
3530 224
3531 27
3532 151
3533 138
3534 66
3535 207
3536 10
3537 244
3538 55
3539 160
3540 201
3541 98
3542 18
3543 185
3544 210
3545 8
3546 159
3547 160
3548 148
3549 209
3550 97
3551 130
3552 92
3553 115
3554 131
3555 161
3556 118
3557 36
3558 55
3559 78
3560 169
3561 132
3562 129
3563 4
3564 137
3565 149
3566 6
3567 187
3568 119
3569 52
3570 123
3571 242
3572 217
3573 19
3575 232
3576 98
3577 29
3578 101
3579 6
3580 137
3581 125
3582 193
3583 33
3584 98
3585 209
3586 41
3587 7
3588 68
3589 209
3590 187
3591 125
3592 123
3593 177
3594 168
3595 243
3596 25
3597 81
3598 217
3599 40
3600 8
3601 138
3602 34
3603 39
3604 0
3605 55
3606 152
3607 238
3608 0
3609 140
3610 98
3611 162
3612 70
3613 145
3614 115
3615 109
3616 235
3617 77
3618 54
3619 217
3620 90
3621 109
3622 98
3623 13
3624 171
3625 175
3626 178
3627 50
3628 5
3629 41
3630 229
3631 183
3632 144
3633 13
3634 41
3636 189
3637 24
3638 107
3639 193
3640 109
3641 108
3642 7
3644 116
3645 6
3646 215
3647 81
3648 98
3649 13
3650 143
3651 41
3652 6
3653 177
3654 195
3655 195
3656 3
3657 0
3658 187
3659 39
3660 7
3661 237
3662 175
3663 134
3664 166
3665 37
3666 0
3667 112
3668 131
3669 154
3670 33
3671 98
3672 118
3673 159
3674 75
3675 81
3676 114
3677 161
3678 138
3679 171
3680 205
3681 230
3682 6
3683 93
3684 116
3685 81
3686 73
3688 209
3689 217
3690 147
3691 161
3692 209
3693 133
3694 58
3695 13
3696 173
3697 80
3698 31
3699 98
3700 159
3701 123
3702 116
3703 153
3704 97
3705 194
3706 72
3707 66
3708 239
3709 131
3710 205
3711 59
3712 33
3713 193
3714 77
3715 226
3716 15
3717 130
3719 236
3720 10
3721 125
3722 8
3723 133
3724 133
3725 68
3726 25
3727 145
3728 189
3729 230
3730 137
3731 133
3732 157
3733 97
3734 6
3735 209
3736 6
3737 80
3738 59
3739 161
3740 74
3741 24
3742 13
3743 40
3744 123
3745 47
3746 41
3747 201
3748 78
3749 114
3750 180
3751 195
3752 217
3753 126
3754 187
3755 116
3756 151
3757 161
3758 159
3759 47
3760 208
3761 68
3762 205
3763 246
3764 152
3765 181
3766 27
3767 58
3768 13
3769 215
3770 97
3771 148
3772 138
3773 161
3774 27
3775 56
3776 6
3777 78
3778 168
3779 177
3780 81
3781 153
3782 141
3783 233
3784 10
3785 98
3786 152
3787 0
3788 143
3789 123
3790 40
3791 87
3792 47
3793 57
3794 155
3795 69
3796 152
3797 27
3798 237
3799 55
3800 208
3801 98
3802 86
3803 6
3804 6
3805 194
3806 205
3807 150
3808 12
3809 141
3811 229
3812 3
3813 123
3814 131
3815 28
3816 55
3817 220
3818 177
3819 208
3820 121
3821 13
3822 185
3823 6
3824 98
3825 22
3826 175
3827 187
3828 134
3829 25
3830 8
3831 6
3832 13
3833 98
3834 96
3836 170
3837 48
3838 192
3839 13
3840 51
3841 136
3842 209
3843 2
3844 201
3845 41
3846 50
3847 146
3848 25
3849 171
3850 144
3851 81
3852 134
3853 236
3854 55
3855 195
3856 106
3857 13
3858 68
3859 236
3860 208
3861 34
3862 118
3863 24
3864 236
3865 98
3866 4
3867 115
3868 195
3869 55
3870 6
3871 6
3872 168
3873 31
3874 101
3875 155
3876 175
3877 236
3878 174
3879 6
3880 152
3881 216
3882 195
3883 33
3884 75
3885 185
3886 62
3887 93
3888 72
3889 226
3890 13
3891 106
3892 97
3893 235
3894 4
3895 72
3896 55
3897 2
3898 13
3899 6
3901 243
3902 47
3904 247
3905 4
3906 164
3907 68
3908 33
3909 54
3910 68
3911 219
3912 27
3913 177
3914 5
3915 24
3916 161
3917 64
3918 3
3919 219
3920 226
3921 30
3922 226
3923 33
3924 135
3925 98
3926 118
3927 105
3928 47
3929 87
3930 101
3931 82
3932 31
3933 168
3934 175
3935 66
3936 100
3938 41
3939 245
3940 127
3941 11
3943 201
3944 246
3945 174
3946 3
3947 177
3948 3
3949 45
3950 14
3951 170
3952 47
3953 210
3954 128
3955 97
3956 124
3957 156
3958 114
3959 0
3960 91
3961 113
3962 145
3963 219
3964 125
3965 124
3966 208
3967 219
3968 0
3969 219
3970 181
3971 73
3972 27
3973 43
3974 247
3975 72
3976 78
3977 240
3978 219
3979 177
3980 6
3981 83
3982 195
3983 6
3984 84
3985 161
3986 126
3987 6
3988 160
3989 13
3990 68
3991 175
3992 109
3993 20
3994 105
3995 109
3996 43
3997 13
3998 98
3999 36
4000 226
4001 125
4002 13
4003 6
4004 50
4005 224
4006 144
4007 4
4008 181
4009 112
4010 160
4011 165
4012 160
4013 47
4014 194
4015 161
4016 126
4017 205
4018 223
4019 162
4020 13
4021 219
4022 236
4023 47
4024 112
4025 118
4026 124
4027 113
4028 85
4029 161
4030 198
4031 134
4032 49
4033 205
4034 236
4035 189
4036 121
4037 187
4038 209
4039 98
4040 25
4041 138
4042 102
4043 96
4044 92
4045 6
4046 75
4047 178
4048 84
4049 187
4050 25
4051 124
4052 6
4053 6
4054 4
4055 25
4056 68
4057 27
4058 194
4059 244
4060 133
4061 4
4062 151
4063 55
4064 44
4065 4
4066 141
4067 160
4068 46
4069 6
4070 12
4071 62
4072 64
4073 164
4074 6
4075 6
4076 183
4077 23
4078 10
4079 75
4080 135
4081 23
4082 55
4083 241
4084 14
4085 116
4086 158
4087 3
4088 6
4089 98
4090 209
4091 236
4092 152
4093 97
4094 7
4095 151
4096 206
4097 125
4098 138
4100 41
4101 177
4102 194
4104 156
4105 98
4106 94
4107 125
4108 13
4109 24
4110 15
4111 88
4112 51
4113 6
4114 215
4115 133
4116 180
4117 55
4118 183
4119 206
4120 73
4121 219
4122 24
4123 121
4124 8
4125 141
4126 239
4127 76
4128 173
4129 219
4130 230
4131 1
4132 226
4133 98
4134 124
4135 3
4137 78
4138 6
4139 63
4140 226
4141 216
4142 3
4143 162
4144 6
4145 87
4146 115
4147 160
4148 97
4149 55
4150 161
4151 209
4152 87
4153 109
4154 64
4155 170
4156 6
4157 239
4158 0
4159 6
4160 160
4161 219
4162 6
4163 187
4164 97
4165 208
4166 97
4167 205
4168 111
4169 198
4170 116
4171 226
4172 210
4173 55
4174 224
4175 153
4176 100
4177 164
4178 204
4179 116
4180 217
4181 98
4182 246
4183 6
4184 87
4185 124
4186 221
4187 6
4188 226
4189 219
4190 4
4191 102
4192 39
4193 194
4194 232
4195 208
4196 12
4197 73
4198 204
4199 174
4200 84
4201 171
4202 247
4203 60
4204 160
4205 226
4206 53
4207 68
4208 4
4209 112
4210 55
4211 0
4212 61
4213 13
4214 219
4215 237
4216 98
4218 208
4219 164
4220 0
4221 179
4222 112
4223 160
4224 62
4225 36
4226 6
4227 6
4228 93
4229 48
4230 6
4231 205
4232 0
4233 218
4234 150
4235 152
4236 174
4237 98
4238 161
4239 8
4240 24
4241 6
4242 226
4243 145
4244 58
4245 6
4246 140
4247 220
4248 235
4249 120
4250 6
4251 226
4252 239
4253 13
4254 113
4255 187
4256 134
4257 159
4258 6
4259 13
4260 223
4261 72
4263 6
4264 119
4265 6
4266 247
4267 217
4268 98
4269 36
4270 96
4272 27
4273 6
4274 238
4275 213
4276 236
4277 209
4278 68
4279 55
4280 24
4281 112
4282 98
4283 217
4284 86
4285 186
4286 21
4287 27
4288 0
4289 112
4290 161
4291 151
4292 57
4293 8
4294 6
4295 13
4296 242
4297 160
4298 46
4299 208
4300 39
4301 6
4302 21
4303 248
4304 143
4305 97
4306 6
4307 162
4308 201
4309 121
4310 210
4311 6
4312 226
4313 174
4314 6
4315 17
4316 127
4317 93
4318 109
4319 187
4320 114
4321 150
4322 98
4323 131
4324 237
4325 160
4326 6
4327 192
4328 219
4329 160
4330 187
4331 195
4332 125
4333 189
4334 47
4335 3
4336 209
4337 1
4338 189
4339 81
4340 135
4341 0
4342 111
4343 237
4344 88
4345 124
4346 78
4347 6
4348 141
4349 247
4350 27
4351 40
4352 208
4353 6
4354 97
4355 13
4356 23
4357 97
4358 8
4359 109
4360 62
4361 22
4362 98
4363 81
4364 186
4365 6
4366 149
4367 0
4369 153
4370 150
4371 198
4372 4
4373 185
4374 71
4375 44
4376 248
4377 187
4378 158
4379 159
4380 6
4381 201
4382 219
4383 112
4384 168
4385 210
4386 67
4387 9
4388 209
4390 161
4391 161
4392 13
4393 3
4394 98
4395 34
4396 109
4397 85
4398 27
4399 195
4400 127
4401 162
4402 184
4403 23
4404 98
4405 160
4406 98
4407 8
4408 236
4409 149
4410 209
4411 81
4412 75
4413 208
4415 161
4416 6
4417 80
4418 175
4419 55
4420 158
4421 78
4422 193
4423 121
4424 45
4425 168
4426 201
4427 217
4428 5
4429 156
4430 116
4431 98
4432 78
4433 11
4434 127
4435 226
4436 208
4437 67
4439 152
4440 160
4441 146
4442 205
4443 7
4444 109
4445 143
4446 1
4447 153
4448 215
4449 187
4450 210
4451 155
4452 113
4453 116
4454 244
4455 78
4456 27
4457 125
4458 150
4459 17
4460 55
4461 0
4462 98
4463 45
4464 27
4465 98
4466 141
4467 152
4468 7
4469 205
4470 239
4471 155
4472 79
4473 247
4474 6
4475 78
4476 181
4477 104
4479 180
4480 220
4481 78
4482 152
4483 193
4484 113
4485 6
4486 6
4487 187
4488 13
4489 152
4490 133
4491 194
4492 41
4493 216
4494 215
4495 205
4496 208
4497 45
4498 27
4499 13
4500 175
4501 38
4502 6
4503 6
4504 217
4505 41
4506 40
4507 152
4508 6
4509 6
4510 8
4511 22
4512 65
4513 226
4514 6
4515 46
4516 111
4517 13
4518 235
4519 155
4520 0
4521 39
4522 226
4523 107
4524 50
4525 97
4526 247
4527 200
4528 237
4529 78
4530 126
4531 73
4532 154
4533 121
4534 104
4535 66
4536 161
4537 116
4538 162
4539 4
4540 4
4541 125
4542 109
4543 6
4544 98
4545 33
4546 107
4547 6
4548 123
4550 78
4551 238
4552 6
4553 194
4554 33
4555 6
4556 238
4557 14
4558 44
4559 89
4560 24
4561 162
4562 6
4563 8
4564 220
4565 47
4566 154
4567 217
4568 44
4569 175
4571 98
4572 78
4573 208
4574 216
4575 156
4576 6
4577 109
4578 238
4579 177
4580 135
4581 98
4582 116
4583 44
4584 13
4585 125
4586 217
4587 188
4588 58
4589 209
4590 111
4591 205
4592 209
4593 126
4594 7
4595 116
4596 3
4598 63
4600 171
4601 31
4602 134
4603 109
4604 13
4605 119
4606 31
4607 24
4608 81
4609 140
4610 133
4611 14
4612 152
4613 192
4614 6
4615 47
4616 98
4617 23
4618 187
4619 56
4620 209
4621 15
4622 127
4623 226
4624 70
4625 72
4626 98
4627 101
4628 103
4629 194
4630 54
4631 209
4632 164
4633 134
4634 6
4635 7
4636 97
4637 187
4638 98
4639 195
4640 2
4641 6
4642 129
4643 6
4644 31
4645 205
4646 104
4647 98
4648 98
4649 4
4650 160
4651 226
4652 19
4653 240
4654 162
4655 97
4656 120
4657 7
4658 98
4659 241
4660 27
4661 215
4662 133
4663 148
4664 6
4665 105
4666 13
4667 125
4668 41
4669 27
4670 133
4671 98
4672 210
4673 55
4674 137
4675 4
4676 44
4677 110
4678 109
4679 98
4680 219
4681 205
4682 8
4683 162
4684 177
4685 6
4686 13
4687 45
4688 91
4689 24
4690 98
4691 111
4692 12
4693 27
4694 226
4695 109
4696 28
4697 127
4698 67
4699 161
4700 106
4701 39
4702 141
4703 247
4704 125
4705 209
4706 151
4707 41
4708 161
4709 63
4710 111
4711 23
4712 2
4713 131
4714 240
4715 236
4716 159
4717 131
4718 13
4719 13
4720 194
4721 175
4722 6
4723 34
4724 175
4725 247
4726 194
4727 226
4728 152
4729 124
4730 20
4731 13
4732 116
4733 188
4734 93
4735 4
4737 128
4738 13
4739 64
4740 6
4741 4
4742 159
4744 161
4745 191
4746 33
4748 98
4749 102
4750 192
4751 3
4752 66
4753 0
4754 177
4755 175
4756 105
4757 161
4758 6
4759 239
4760 4
4761 55
4762 13
4763 13
4764 13
4765 98
4766 66
4767 213
4768 54
4769 187
4770 4
4771 166
4772 22
4773 75
4774 6
4775 5
4776 123
4777 194
4778 204
4779 217
4780 155
4781 24
4782 230
4783 219
4784 221
4785 219
4786 209
4787 13
4788 154
4789 84
4790 121
4791 13
4792 109
4793 150
4794 134
4795 203
4796 4
4797 98
4798 6
4799 84
4800 41
4801 109
4802 6
4803 78
4804 162
4805 171
4806 13
4807 194
4808 236
4809 4
4810 6
4811 193
4812 0
4813 3
4814 209
4815 13
4816 194
4817 217
4818 1
4819 81
4820 111
4821 6
4822 97
4823 39
4824 91
4825 152
4826 151
4827 247
4828 6
4829 41
4830 13
4831 64
4832 21
4833 24
4834 194
4835 6
4836 226
4837 46
4839 103
4840 148
4841 116
4842 185
4843 157
4844 6
4845 208
4846 193
4847 4
4848 209
4849 6
4850 68
4851 226
4852 181
4853 67
4854 27
4855 219
4856 123
4857 116
4858 154
4859 141
4860 80
4861 140
4862 6
4863 13
4864 33
4865 41
4866 101
4867 13
4868 219
4869 168
4870 133
4871 6
4872 111
4873 7
4875 178
4876 105
4877 131
4878 107
4879 98
4880 190
4881 13
4882 171
4883 236
4884 4
4885 84
4886 3
4887 239
4888 6
4889 151
4890 121
4891 33
4892 93
4893 210
4894 0
4895 128
4896 98
4897 219
4898 84
4899 68
4900 52
4901 97
4903 98
4904 111
4905 6
4906 205
4907 131
4908 24
4909 171
4910 148
4911 66
4913 161
4914 151
4915 155
4916 209
4917 75
4918 195
4919 162
4921 136
4922 128
4923 150
4924 208
4925 90
4926 211
4928 121
4929 226
4931 6
4932 7
4933 7
4934 6
4935 117
4936 50
4937 105
4938 217
4939 98
4940 118
4941 98
4942 208
4944 109
4945 13
4946 226
4947 6
4948 16
4949 13
4950 99
4951 219
4952 0
4953 168
4954 228
4955 205
4956 209
4957 151
4958 217
4959 204
4960 55
4961 0
4962 135
4963 217
4964 194
4965 161
4966 148
4967 57
4968 97
4969 29
4970 39
4971 115
4972 161
4973 147
4974 30
4975 192
4976 134
4977 191
4978 61
4979 128
4980 98
4981 98
4982 3
4983 215
4984 219
4985 219
4986 124
4987 89
4988 4
4989 98
4990 215
4991 177
4992 177
4993 24
4994 98
4995 6
4996 6
4997 152
4998 24
4999 50
5000 141
5001 55
5002 6
5003 66
5004 6
5005 13
5006 104
5007 189
5008 154
5009 13
5010 195
5011 40
5012 97
5013 68
5014 105
5015 6
5016 187
5017 20
5018 171
5019 27
5020 159
5021 151
5022 98
5023 168
5024 85
5025 85
5026 72
5027 55
5028 224
5029 21
5030 13
5031 161
5032 13
5033 194
5034 194
5035 19
5036 7
5037 155
5038 141
5039 141
5040 141
5041 181
5042 209
5043 4
5044 210
5045 208
5046 98
5047 115
5048 133
5049 109
5050 6
5051 6
5052 6
5053 118
5054 166
5055 59
5056 46
5057 66
5058 0
5059 162
5060 155
5061 124
5062 98
5063 6
5064 134
5065 133
5066 219
5067 33
5068 81
5069 0
5070 171
5071 23
5072 105
5073 247
5074 51
5075 211
5076 13
5077 6
5078 13
5079 4
5080 4
5081 81
5082 81
5083 101
5084 180
5085 98
5086 187
5087 98
5088 6
5089 161
5090 161
5091 71
5092 75
5093 152
5094 115
5095 115
5096 198
5097 6
5098 154
5099 97
5100 98
5101 78
5102 208
5103 211
5104 6
5105 208
5106 6
5107 120
5108 8
5110 152
5111 111
5112 159
5113 248
5114 50
5115 229
5116 41
5117 33
5118 153
5119 209
5120 41
5121 175
5122 209
5123 6
5124 6
5125 47
5126 47
5127 98
5128 57
5129 134
5130 84
5131 236
5132 98
5133 46
5134 143
5135 229
5136 6
5137 109
5138 13
5139 247
5140 98
5141 79
5142 98
5143 217
5144 109
5145 15
5146 78
5147 3
5148 228
5149 109
5150 41
5151 8
5152 164
5153 109
5154 6
5155 208
5156 208
5157 98
5158 75
5159 8
5160 85
5161 45
5162 161
5163 233
5164 81
5165 6
5166 194
5167 206
5168 6
5169 10
5170 116
5171 0
5172 124
5173 27
5174 162
5175 13
5177 187
5178 89
5179 187
5180 219
5181 184
5182 208
5183 195
5184 39
5185 201
5186 24
5187 66
5188 191
5189 78
5190 23
5191 6
5192 3
5193 98
5194 152
5195 47
5196 187
5197 129
5198 133
5199 21
5201 40
5202 13
5203 134
5204 226
5205 6
5206 33
5207 116
5208 93
5209 226
5210 217
5211 158
5212 68
5213 175
5214 60
5215 25
5216 109
5217 138
5218 201
5219 13
5220 152
5221 154
5222 11
5223 34
5224 39
5225 209
5226 143
5227 236
5228 208
5229 226
5230 150
5231 183
5232 57
5233 226
5234 27
5235 152
5236 152
5237 36
5238 101
5239 183
5240 51
5241 51
5242 177
5243 194
5244 209
5245 6
5246 226
5247 2
5248 55
5249 69
5250 154
5251 98
5252 194
5253 45
5254 6
5255 70
5256 241
5257 106
5258 235
5259 6
5260 97
5261 141
5262 187
5263 101
5264 156
5265 6
5266 91
5267 81
5268 194
5269 194
5270 81
5271 58
5272 6
5273 24
5274 24
5275 219
5276 219
5277 178
5278 0
5279 27
5280 219
5281 0
5282 166
5283 161
5284 133
5285 177
5286 47
5287 55
5288 191
5289 68
5290 219
5291 155
5292 0
5293 39
5294 195
5295 159
5296 241
5297 241
5298 6
5299 111
5300 98
5301 219
5302 152
5303 152
5304 98
5305 161
5306 13
5307 161
5308 76
5309 80
5310 235
5311 153
5312 146
5313 223
5314 133
5315 208
5316 124
5317 194
5318 134
5319 6
5320 98
5321 69
5322 0
5323 195
5324 6
5325 6
5326 98
5327 57
5328 81
5329 6
5330 93
5331 6
5332 6
5333 89
5334 79
5335 98
5336 171
5337 81
5338 46
5339 36
5340 4
5341 4
5342 125
5343 6
5344 6
5345 198
5346 6
5347 155
