0 144
1 47
2 24
3 236
4 11
5 110
6 221
7 31
8 62
9 160
10 118
11 128
12 60
13 49
14 247
15 126
16 57
17 181
18 130
19 212
20 90
21 179
22 235
23 88
24 212
25 146
26 1
27 146
28 197
29 99
30 126
31 153
32 185
33 107
34 112
35 30
36 165
37 126
38 186
39 136
40 211
41 233
42 215
43 123
44 217
45 36
46 144
47 33
48 133
49 219
50 16
51 173
52 59
53 217
54 216
55 106
56 114
57 185
58 209
59 99
60 65
61 75
62 15
63 153
64 189
65 219
66 99
67 229
68 176
69 160
70 157
71 81
72 200
73 29
74 204
75 52
76 107
77 181
78 227
79 199
80 142
81 176
82 1
83 108
84 81
85 110
86 118
87 69
88 101
89 23
90 222
91 130
92 151
93 106
94 153
95 234
96 90
97 181
98 239
99 26
100 8
101 48
102 241
103 15
104 204
105 59
106 107
107 149
108 76
109 179
110 122
111 148
112 132
113 57
114 172
115 229
116 137
117 174
118 110
119 26
120 138
121 197
122 183
123 244
124 69
125 130
126 1
127 4
128 143
129 124
130 46
131 239
132 142
133 153
134 26
135 179
136 16
137 6
138 216
139 2
140 222
141 126
142 115
143 224
144 21
145 1
146 190
147 10
148 10
149 176
150 180
151 177
152 30
153 125
154 74
155 133
156 144
157 49
158 146
159 131
160 112
161 220
162 107
163 245
164 47
165 238
166 104
167 58
168 66
169 43
170 229
171 176
172 26
173 156
174 145
175 229
176 36
177 148
178 213
179 99
180 43
181 149
182 16
183 136
184 105
185 18
186 202
187 244
188 159
189 220
190 226
191 81
192 176
193 153
194 144
195 55
196 215
197 141
198 62
199 174
200 40
201 220
202 233
203 201
204 197
205 71
206 192
207 92
208 34
209 95
210 180
211 160
212 201
213 76
214 128
215 16
216 243
217 100
218 18
219 168
220 43
221 190
222 200
223 74
224 43
225 144
226 69
227 125
228 240
229 58
230 146
231 244
232 106
233 47
234 30
235 107
236 12
237 128
238 76
239 201
240 245
241 63
242 12
243 94
244 18
245 89
246 182
247 70
248 14
249 49
250 221
251 5
252 126
253 152
254 103
255 45
256 229
257 115
258 59
259 230
260 142
261 59
262 8
263 177
264 119
265 196
266 94
267 201
268 201
269 175
270 129
271 19
272 179
273 31
274 90
275 45
276 150
277 130
278 234
279 102
280 117
281 188
282 7
283 167
284 7
285 21
286 205
287 179
288 116
289 188
290 217
291 214
292 128
293 179
294 50
295 233
296 201
297 179
298 190
299 214
300 144
301 131
302 21
303 166
304 5
305 90
306 122
307 234
308 179
309 187
310 2
311 168
312 81
313 71
314 16
315 21
316 87
317 132
318 153
319 29
320 238
321 146
322 71
323 157
324 49
325 197
326 182
327 118
328 246
329 47
330 196
331 108
332 48
333 19
334 90
335 151
336 160
337 146
338 201
339 126
340 235
341 103
342 25
343 146
344 217
345 70
346 90
347 70
348 121
349 8
350 107
351 238
352 220
353 111
354 16
355 123
356 148
357 201
358 135
359 126
360 233
361 107
362 45
363 235
364 126
365 246
366 174
367 14
368 59
369 2
370 71
371 83
372 45
373 5
374 53
375 156
376 59
377 57
378 76
379 195
380 58
381 32
382 16
383 246
384 241
385 20
386 168
387 125
388 90
389 76
390 208
391 95
392 44
393 201
394 201
395 146
396 233
397 69
398 242
399 157
400 153
401 240
402 143
403 175
404 167
405 49
406 46
407 235
408 5
409 104
410 199
411 91
412 221
413 201
414 38
415 160
416 214
417 76
418 126
419 183
420 49
421 71
422 54
423 31
424 10
425 168
426 73
427 199
428 59
429 26
430 4
431 113
432 199
433 194
434 22
435 151
436 146
437 142
438 73
439 228
440 6
441 100
442 42
443 106
444 118
445 88
446 44
447 49
448 174
449 142
450 230
451 167
452 147
453 160
454 86
455 11
456 235
457 76
458 17
459 87
460 168
461 134
462 8
463 2
464 118
465 126
466 126
467 243
468 125
469 236
470 12
471 184
472 230
473 80
474 200
475 75
476 126
477 207
478 214
479 43
480 1
481 201
482 65
483 128
484 36
485 93
486 195
487 118
488 13
489 107
490 131
491 230
492 191
493 2
494 121
495 182
496 141
497 192
498 212
499 142
500 154
501 141
502 235
503 43
504 217
505 230
506 86
507 210
508 53
509 131
510 189
511 57
512 38
513 175
514 103
515 131
516 241
517 6
518 163
519 10
520 29
521 21
522 203
523 1
524 69
525 203
526 52
527 79
528 224
529 245
530 176
531 123
532 247
533 153
534 181
535 71
536 180
537 87
538 81
539 120
540 81
541 80
542 222
543 125
544 70
545 172
546 31
547 156
548 41
549 39
550 116
551 61
552 233
553 31
554 212
555 23
556 200
557 0
558 185
559 179
560 222
561 7
562 76
563 185
564 58
565 142
566 123
567 142
568 130
569 245
570 34
571 107
572 188
573 112
574 180
575 102
576 201
577 1
578 122
579 151
580 40
581 72
582 69
583 175
584 150
585 137
586 230
587 142
588 212
589 40
590 241
591 29
592 145
593 229
594 4
595 156
596 128
597 149
598 26
599 159
600 198
601 20
602 83
603 2
604 118
605 69
606 189
607 152
608 45
609 248
610 229
611 151
612 0
613 211
614 72
615 199
616 42
617 142
618 16
619 181
620 136
621 128
622 214
623 214
624 166
625 8
626 76
627 118
628 145
629 142
630 100
631 27
632 16
633 217
634 76
635 199
636 40
637 213
638 69
639 243
640 62
641 142
642 230
643 213
644 4
645 209
646 148
647 82
648 227
649 16
650 30
651 38
652 40
653 90
654 74
655 113
656 146
657 149
658 8
659 204
660 142
661 26
662 57
663 95
664 124
665 174
666 230
667 38
668 32
669 16
670 146
671 106
672 116
673 246
674 245
675 169
676 69
677 245
678 198
679 176
680 110
681 25
682 96
683 134
684 116
685 106
686 110
687 146
688 220
689 37
690 137
691 118
692 117
693 76
694 81
695 70
696 151
697 240
698 118
699 36
700 175
701 84
702 165
703 220
704 102
705 5
706 234
707 16
708 108
709 181
710 169
711 52
712 146
713 176
714 106
715 149
716 107
717 230
718 206
719 23
720 8
721 42
722 71
723 153
724 24
725 124
726 201
727 87
728 248
729 122
730 4
731 152
732 190
733 151
734 159
735 90
736 217
737 2
738 143
739 148
740 20
741 62
742 202
743 144
744 75
745 54
746 107
747 1
748 37
749 75
750 214
751 118
752 190
753 249
754 50
755 20
756 125
757 8
758 225
759 97
760 17
761 180
762 145
763 195
764 40
765 249
766 50
767 196
768 113
769 47
770 33
771 159
772 233
773 102
774 7
775 235
776 38
777 99
778 116
779 3
780 85
781 215
782 192
783 45
784 191
785 37
786 220
787 163
788 245
789 207
790 83
791 129
792 28
793 225
794 47
795 160
796 144
797 159
798 235
799 240
800 248
801 79
802 177
803 164
804 143
805 5
806 181
807 215
808 99
809 2
810 70
811 47
812 70
813 35
814 50
815 43
816 37
817 245
818 90
819 61
820 196
821 222
822 140
823 94
824 179
825 199
826 53
827 60
828 6
829 8
830 76
831 70
832 80
833 41
834 145
835 207
836 14
837 128
838 112
839 63
840 57
841 2
842 76
843 61
844 220
845 190
846 222
847 135
848 165
849 58
850 177
851 172
852 101
853 46
854 199
855 189
856 47
857 207
858 179
859 136
860 191
861 130
862 201
863 126
864 70
865 122
866 168
867 145
868 194
869 140
870 92
871 29
872 115
873 195
874 144
875 217
876 197
877 115
878 45
879 146
880 202
881 77
882 90
883 16
884 202
885 85
886 50
887 112
888 67
889 187
890 196
891 74
892 31
893 201
894 73
895 123
896 203
897 16
898 97
899 131
900 212
901 104
902 88
903 203
904 146
905 106
906 11
907 230
908 192
909 38
910 124
911 241
912 16
913 168
914 107
915 207
916 44
917 90
918 142
919 118
920 16
921 207
922 248
923 148
924 202
925 5
926 12
927 107
928 8
929 107
930 26
931 52
932 30
933 186
934 196
935 217
936 209
937 42
938 185
939 235
940 212
941 236
942 245
943 173
944 193
945 41
946 175
947 144
948 126
949 21
950 136
951 148
952 10
953 71
954 90
955 236
956 133
957 217
958 0
959 16
960 229
961 131
962 91
963 205
964 73
965 103
966 90
967 144
968 107
969 241
970 118
971 5
972 14
973 90
974 136
975 212
976 61
977 142
978 3
979 21
980 59
981 172
982 44
983 126
984 145
985 74
986 82
987 58
988 197
989 123
990 37
991 146
992 148
993 105
994 232
995 70
996 137
997 17
998 91
999 129
1000 89
1001 39
1002 220
1003 219
1004 180
1005 16
1006 74
1007 99
1008 90
1009 15
1010 33
1011 221
1012 30
1013 69
1014 115
1015 92
1016 236
1017 50
1018 144
1019 166
1020 161
1021 4
1022 88
1023 16
1024 233
1025 56
1026 14
1027 202
1028 85
1029 3
1030 235
1031 46
1032 213
1033 119
1034 116
1035 20
1036 135
1037 157
1038 128
1039 15
1040 233
1041 74
1042 16
1043 142
1044 97
1045 122
1046 10
1047 37
1048 146
1049 59
1050 12
1051 203
1052 146
1053 38
1054 16
1055 174
1056 153
1057 14
1058 152
1059 195
1060 8
1061 6
1062 149
1063 15
1064 28
1065 146
1066 199
1067 160
1068 169
1069 33
1070 174
1071 46
1072 2
1073 123
1074 99
1075 5
1076 224
1077 80
1078 21
1079 68
1080 111
1081 22
1082 33
1083 134
1084 240
1085 168
1086 202
1087 50
1088 43
1089 87
1090 211
1091 61
1092 70
1093 110
1094 102
1095 230
1096 2
1097 15
1098 133
1099 187
1100 215
1101 147
1102 94
1103 161
1104 128
1105 249
1106 84
1107 69
1108 25
1109 204
1110 233
1111 176
1112 202
1113 161
1114 129
1115 217
1116 173
1117 99
1118 17
1119 151
1120 53
1121 147
1122 179
1123 232
1124 233
1125 66
1126 214
1127 213
1128 185
1129 67
1130 49
1131 119
1132 193
1133 211
1134 197
1135 108
1136 95
1137 116
1138 220
1139 99
1140 168
1141 20
1142 15
1143 99
1144 239
1145 174
1146 147
1147 134
1148 101
1149 80
1150 225
1151 110
1152 122
1153 183
1154 21
1155 4
1156 160
1157 107
1158 36
1159 28
1160 9
1161 202
1162 240
1163 16
1164 9
1165 232
1166 116
1167 194
1168 2
1169 30
1170 100
1171 15
1172 131
1173 220
1174 28
1175 69
1176 212
1177 126
1178 160
1179 217
1180 1
1181 175
1182 191
1183 201
1184 210
1185 128
1186 227
1187 160
1188 91
1189 157
1190 190
1191 171
1192 110
1193 240
1194 129
1195 47
1196 186
1197 225
1198 109
1199 245
1200 12
1201 222
1202 40
1203 80
1204 43
1205 112
1206 59
1207 128
1208 152
1209 197
1210 102
1211 40
1212 128
1213 90
1214 128
1215 122
1216 87
1217 182
1218 32
1219 115
1220 147
1221 46
1222 75
1223 69
1224 123
1225 230
1226 61
1227 112
1228 145
1229 151
1230 110
1231 201
1232 109
1233 247
1234 7
1235 202
1236 152
1237 176
1238 197
1239 46
1240 90
1241 88
1242 145
1243 136
1244 74
1245 15
1246 126
1247 154
1248 208
1249 13
1250 97
1251 122
1252 52
1253 218
1254 32
1255 82
1256 75
1257 135
1258 119
1259 144
1260 71
1261 164
1262 2
1263 8
1264 113
1265 97
1266 177
1267 206
1268 133
1269 220
1270 190
1271 63
1272 9
1273 230
1274 107
1275 229
1276 29
1277 25
1278 201
1279 58
1280 88
1281 47
1282 149
1283 42
1284 61
1285 107
1286 33
1287 241
1288 26
1289 174
1290 69
1291 107
1292 215
1293 112
1294 221
1295 221
1296 82
1297 41
1298 36
1299 145
1300 3
1301 13
1302 213
1303 96
1304 151
1305 23
1306 90
1307 123
1308 68
1309 136
1310 126
1311 49
1312 2
1313 157
1314 228
1315 236
1316 4
1317 219
1318 44
1319 84
1320 140
1321 143
1322 138
1323 219
1324 134
1325 142
1326 217
1327 75
1328 11
1329 190
1330 229
1331 101
1332 60
1333 90
1334 86
1335 57
1336 63
1337 129
1338 165
1339 26
1340 74
1341 135
1342 90
1343 37
1344 246
1345 106
1346 112
1347 123
1348 222
1349 217
1350 97
1351 85
1352 1
1353 106
1354 236
1355 153
1356 16
1357 172
1358 67
1359 182
1360 224
1361 0
1362 167
1363 10
1364 215
1365 124
1366 220
1367 37
1368 1
1369 113
1370 102
1371 123
1372 71
1373 69
1374 176
1375 68
1376 189
1377 143
1378 112
1379 110
1380 52
1381 195
1382 240
1383 131
1384 71
1385 101
1386 238
1387 212
1388 2
1389 40
1390 125
1391 163
1392 233
1393 126
1394 215
1395 148
1396 133
1397 142
1398 177
1399 179
1400 118
1401 0
1402 249
1403 123
1404 33
1405 184
1406 133
1407 133
1408 125
1409 60
1410 204
1411 94
1412 117
1413 33
1414 10
1415 18
1416 203
1417 37
1418 90
1419 83
1420 96
1421 161
1422 38
1423 217
1424 136
1425 199
1426 105
1427 103
1428 17
1429 90
1430 4
1431 36
1432 233
1433 193
1434 22
1435 99
1436 90
1437 49
1438 236
1439 123
1440 33
1441 243
1442 43
1443 3
1444 14
1445 147
1446 220
1447 101
1448 207
1449 174
1450 9
1451 58
1452 12
1453 105
1454 143
1455 177
1456 195
1457 146
1458 153
1459 35
1460 188
1461 74
1462 220
1463 83
1464 102
1465 129
1466 148
1467 59
1468 37
1469 90
1470 107
1471 25
1472 94
1473 188
1474 49
1475 66
1476 240
1477 40
1478 26
1479 233
1480 128
1481 118
1482 94
1483 219
1484 185
1485 107
1486 31
1487 211
1488 107
1489 90
1490 179
1491 142
1492 184
1493 176
1494 240
1495 49
1496 146
1497 150
1498 129
1499 125
1500 142
1501 25
1502 151
1503 206
1504 152
1505 202
1506 64
1507 59
1508 229
1509 143
1510 190
1511 184
1512 8
1513 82
1514 176
1515 106
1516 26
1517 118
1518 110
1519 106
1520 172
1521 49
1522 62
1523 71
1524 104
1525 83
1526 175
1527 240
1528 215
1529 90
1530 153
1531 233
1532 229
1533 217
1534 201
1535 131
1536 103
1537 229
1538 185
1539 174
1540 220
1541 240
1542 40
1543 22
1544 230
1545 8
1546 133
1547 145
1548 12
1549 181
1550 155
1551 146
1552 49
1553 107
1554 44
1555 38
1556 97
1557 21
1558 107
1559 241
1560 29
1561 70
1562 105
1563 0
1564 49
1565 241
1566 183
1567 197
1568 1
1569 4
1570 90
1571 17
1572 207
1573 104
1574 29
1575 126
1576 29
1577 109
1578 96
1579 151
1580 159
1581 162
1582 236
1583 42
1584 107
1585 90
1586 123
1587 7
1588 49
1589 234
1590 201
1591 83
1592 35
1593 74
1594 40
1595 201
1596 5
1597 67
1598 106
1599 10
1600 189
1601 16
1602 217
1603 33
1604 3
1605 220
1606 219
1607 99
1608 99
1609 111
1610 158
1611 10
1612 195
1613 222
1614 194
1615 154
1616 49
1617 139
1618 221
1619 122
1620 205
1621 50
1622 36
1623 128
1624 228
1625 67
1626 147
1627 105
1628 33
1629 30
1630 208
1631 201
1632 207
1633 108
1634 29
1635 229
1636 128
1637 123
1638 52
1639 60
1640 2
1641 220
1642 215
1643 29
1644 104
1645 107
1646 8
1647 211
1648 110
1649 146
1650 245
1651 107
1652 221
1653 97
1654 16
1655 146
1656 43
1657 153
1658 107
1659 4
1660 17
1661 115
1662 91
1663 104
1664 110
1665 201
1666 76
1667 140
1668 197
1669 41
1670 140
1671 25
1672 112
1673 141
1674 4
1675 249
1676 207
1677 208
1678 123
1679 222
1680 146
1681 14
1682 105
1683 96
1684 96
1685 16
1686 121
1687 152
1688 123
1689 28
1690 233
1691 4
1692 75
1693 185
1694 160
1695 245
1696 52
1697 124
1698 154
1699 207
1700 20
1701 188
1702 108
1703 0
1704 29
1705 157
1706 102
1707 124
1708 187
1709 179
1710 12
1711 128
1712 185
1713 167
1714 195
1715 229
1716 220
1717 221
1718 118
1719 5
1720 175
1721 86
1722 103
1723 131
1724 142
1725 102
1726 138
1727 90
1728 97
1729 75
1730 130
1731 174
1732 48
1733 36
1734 5
1735 176
1736 44
1737 124
1738 226
1739 229
1740 220
1741 90
1742 124
1743 134
1744 197
1745 3
1746 148
1747 146
1748 76
1749 2
1750 201
1751 2
1752 174
1753 179
1754 62
1755 91
1756 35
1757 232
1758 107
1759 197
1760 241
1761 248
1762 1
1763 146
1764 145
1765 2
1766 24
1767 78
1768 207
1769 91
1770 29
1771 172
1772 144
1773 217
1774 118
1775 184
1776 191
1777 138
1778 26
1779 217
1780 16
1781 219
1782 47
1783 190
1784 236
1785 205
1786 0
1787 38
1788 10
1789 133
1790 113
1791 177
1792 133
1793 220
1794 184
1795 247
1796 35
1797 140
1798 2
1799 222
1800 170
1801 92
1802 239
1803 177
1804 77
1805 34
1806 68
1807 118
1808 106
1809 202
1810 142
1811 6
1812 2
1813 148
1814 225
1815 240
1816 44
1817 49
1818 58
1819 167
1820 162
1821 136
1822 84
1823 152
1824 242
1825 163
1826 197
1827 130
1828 49
1829 103
1830 183
1831 123
1832 54
1833 214
1834 217
1835 82
1836 21
1837 197
1838 211
1839 151
1840 211
1841 110
1842 151
1843 108
1844 126
1845 223
1846 156
1847 222
1848 107
1849 90
1850 146
1851 37
1852 241
1853 143
1854 87
1855 177
1856 129
1857 197
1858 21
1859 90
1860 218
1861 6
1862 177
1863 124
1864 70
1865 43
1866 43
1867 152
1868 220
1869 41
1870 206
1871 96
1872 95
1873 107
1874 197
1875 59
1876 7
1877 130
1878 14
1879 54
1880 43
1881 181
1882 35
1883 25
1884 220
1885 197
1886 160
1887 126
1888 77
1889 7
1890 233
1891 16
1892 160
1893 214
1894 27
1895 140
1896 23
1897 75
1898 222
1899 161
1900 190
1901 180
1902 83
1903 236
1904 2
1905 137
1906 179
1907 190
1908 186
1909 230
1910 166
1911 122
1912 47
1913 194
1914 0
1915 93
1916 43
1917 80
1918 177
1919 107
1920 151
1921 33
1922 111
1923 43
1924 181
1925 106
1926 142
1927 192
1928 231
1929 90
1930 133
1931 195
1932 110
1933 108
1934 45
1935 90
1936 205
1937 8
1938 219
1939 2
1940 60
1941 230
1942 113
1943 225
1944 24
1945 241
1946 141
1947 233
1948 47
1949 8
1950 220
1951 20
1952 122
1953 2
1954 90
1955 16
1956 222
1957 153
1958 76
1959 115
1960 70
1961 199
1962 95
1963 27
1964 191
1965 102
1966 183
1967 229
1968 53
1969 224
1970 179
1971 2
1972 75
1973 74
1974 186
1975 200
1976 151
1977 126
1978 203
1979 32
1980 179
1981 241
1982 114
1983 83
1984 24
1985 188
1986 190
1987 37
1988 14
1989 159
1990 47
1991 230
1992 63
1993 179
1994 115
1995 179
1996 123
1997 8
1998 75
1999 120
2000 213
2001 2
2002 58
2003 74
2004 110
2005 16
2006 67
2007 36
2008 90
2009 2
2010 183
2011 146
2012 92
2013 110
2014 80
2015 23
2016 232
2017 62
2018 235
2019 10
2020 138
2021 93
2022 106
2023 21
2024 146
2025 59
2026 126
2027 116
2028 229
2029 61
2030 126
2031 143
2032 15
2033 107
2034 183
2035 238
2036 174
2037 6
2038 49
2039 7
2040 119
2041 61
2042 179
2043 231
2044 179
2045 220
2046 116
2047 179
2048 229
2049 222
2050 96
2051 148
2052 107
2053 126
2054 172
2055 65
2056 60
2057 141
2058 222
2059 146
2060 143
2061 28
2062 52
2063 8
2064 212
2065 133
2066 181
2067 61
2068 24
2069 204
2070 82
2071 123
2072 80
2073 112
2074 202
2075 107
2076 220
2077 88
2078 69
2079 232
2080 49
2081 143
2082 205
2083 75
2084 181
2085 174
2086 207
2087 2
2088 212
2089 21
2090 21
2091 247
2092 149
2093 143
2094 217
2095 241
2096 90
2097 29
2098 33
2099 57
2100 217
2101 201
2102 130
2103 2
2104 220
2105 229
2106 29
2107 8
2108 15
2109 88
2110 106
2111 70
2112 53
2113 148
2114 165
2115 118
2116 83
2117 40
2118 107
2119 116
2120 9
2121 145
2122 219
2123 36
2124 220
2125 179
2126 92
2127 41
2128 168
2129 161
2130 196
2131 242
2132 176
2133 146
2134 75
2135 90
2136 201
2137 235
2138 113
2139 112
2140 156
2141 123
2142 133
2143 23
2144 235
2145 43
2146 21
2147 114
2148 99
2149 90
2150 16
2151 37
2152 21
2153 84
2154 104
2155 30
2156 126
2157 203
2158 49
2159 142
2160 98
2161 84
2162 87
2163 227
2164 144
2165 241
2166 143
2167 217
2168 96
2169 196
2170 126
2171 207
2172 160
2173 217
2174 16
2175 207
2176 49
2177 175
2178 163
2179 30
2180 194
2181 240
2182 235
2183 166
2184 53
2185 93
2186 5
2187 62
2188 179
2189 30
2190 225
2191 44
2192 80
2193 174
2194 2
2195 90
2196 245
2197 49
2198 146
2199 107
2200 181
2201 164
2202 222
2203 59
2204 40
2205 44
2206 207
2207 142
2208 222
2209 17
2210 220
2211 203
2212 16
2213 2
2214 167
2215 70
2216 230
2217 146
2218 160
2219 128
2220 99
2221 122
2222 230
2223 195
2224 64
2225 136
2226 75
2227 126
2228 88
2229 186
2230 219
2231 15
2232 138
2233 91
2234 62
2235 134
2236 233
2237 21
2238 234
2239 169
2240 238
2241 96
2242 173
2243 160
2244 220
2245 126
2246 59
2247 38
2248 115
2249 45
2250 23
2251 32
2252 40
2253 142
2254 65
2255 197
2256 107
2257 123
2258 169
2259 2
2260 107
2261 69
2262 240
2263 130
2264 166
2265 238
2266 201
2267 49
2268 2
2269 74
2270 33
2271 233
2272 151
2273 90
2274 90
2275 220
2276 189
2277 246
2278 7
2279 82
2280 99
2281 148
2282 238
2283 217
2284 94
2285 186
2286 190
2287 186
2288 106
2289 50
2290 89
2291 105
2292 29
2293 229
2294 43
2295 76
2296 16
2297 1
2298 76
2299 7
2300 50
2301 241
2302 201
2303 199
2304 85
2305 240
2306 217
2307 9
2308 220
2309 126
2310 190
2311 53
2312 90
2313 165
2314 33
2315 36
2316 176
2317 153
2318 90
2319 59
2320 70
2321 4
2322 40
2323 151
2324 179
2325 29
2326 160
2327 172
2328 175
2329 18
2330 241
2331 43
2332 164
2333 22
2334 123
2335 65
2336 220
2337 116
2338 123
2339 220
2340 38
2341 6
2342 2
2343 90
2344 105
2345 77
2346 69
2347 16
2348 5
2349 3
2350 148
2351 16
2352 16
2353 126
2354 16
2355 84
2356 247
2357 233
2358 2
2359 137
2360 211
2361 240
2362 212
2363 240
2364 193
2365 16
2366 52
2367 119
2368 212
2369 2
2370 44
2371 70
2372 59
2373 144
2374 220
2375 37
2376 39
2377 9
2378 215
2379 133
2380 103
2381 20
2382 215
2383 49
2384 192
2385 26
2386 197
2387 151
2388 245
2389 217
2390 70
2391 233
2392 59
2393 81
2394 92
2395 35
2396 118
2397 146
2398 190
2399 242
2400 233
2401 220
2402 1
2403 0
2404 168
2405 121
2406 175
2407 103
2408 225
2409 217
2410 174
2411 179
2412 88
2413 126
2414 3
2415 29
2416 2
2417 192
2418 88
2419 102
2420 15
2421 52
2422 199
2423 203
2424 136
2425 123
2426 174
2427 56
2428 204
2429 92
2430 67
2431 140
2432 62
2433 112
2434 88
2435 33
2436 229
2437 174
2438 59
2439 125
2440 15
2441 177
2442 140
2443 91
2444 137
2445 237
2446 220
2447 150
2448 88
2449 133
2450 230
2451 32
2452 74
2453 7
2454 92
2455 196
2456 36
2457 104
2458 190
2459 75
2460 105
2461 220
2462 195
2463 16
2464 124
2465 37
2466 160
2467 181
2468 118
2469 110
2470 138
2471 2
2472 130
2473 171
2474 43
2475 94
2476 219
2477 9
2478 45
2479 208
2480 25
2481 186
2482 246
2483 33
2484 115
2485 138
2486 173
2487 41
2488 220
2489 122
2490 28
2491 79
2492 183
2493 134
2494 20
2495 196
2496 171
2497 230
2498 112
2499 94
2500 111
2501 234
2502 110
2503 27
2504 146
2505 235
2506 145
2507 157
2508 90
2509 235
2510 240
2511 49
2512 49
2513 90
2514 55
2515 118
2516 167
2517 168
2518 106
2519 116
2520 1
2521 64
2522 177
2523 10
2524 126
2525 197
2526 74
2527 43
2528 160
2529 146
2530 61
2531 233
2532 2
2533 37
2534 88
2535 1
2536 45
2537 220
2538 118
2539 126
2540 176
2541 50
2542 136
2543 90
2544 16
2545 90
2546 68
2547 108
2548 220
2549 157
2550 151
2551 145
2552 243
2553 2
2554 142
2555 70
2556 126
2557 28
2558 139
2559 243
2560 33
2561 229
2562 2
2563 240
2564 152
2565 154
2566 110
2567 175
2568 78
2569 61
2570 179
2571 140
2572 87
2573 99
2574 152
2575 93
2576 107
2577 219
2578 161
2579 126
2580 123
2581 214
2582 2
2583 159
2584 126
2585 60
2586 106
2587 183
2588 47
2589 146
2590 77
2591 191
2592 49
2593 2
2594 144
2595 140
2596 118
2597 211
2598 90
2599 73
2600 7
2601 214
2602 33
2603 199
2604 212
2605 144
2606 245
2607 142
2608 191
2609 180
2610 152
2611 215
2612 107
2613 34
2614 88
2615 181
2616 211
2617 125
2618 137
2619 106
2620 245
2621 36
2622 62
2623 130
2624 54
2625 116
2626 12
2627 220
2628 79
2629 115
2630 219
2631 114
2632 230
2633 2
2634 57
2635 180
2636 235
2637 143
2638 2
2639 126
2640 181
2641 121
2642 3
2643 193
2644 50
2645 30
2646 52
2647 232
2648 80
2649 90
2650 179
2651 176
2652 229
2653 36
2654 88
2655 207
2656 196
2657 9
2658 3
2659 203
2660 4
2661 196
2662 136
2663 22
2664 136
2665 8
2666 40
2667 107
2668 240
2669 190
2670 146
2671 90
2672 33
2673 14
2674 84
2675 129
2676 46
2677 144
2678 205
2679 47
2680 92
2681 122
2682 157
2683 40
2684 186
2685 217
2686 121
2687 180
2688 69
2689 174
2690 8
2691 110
2692 107
2693 153
2694 125
2695 10
2696 106
2697 2
2698 174
2699 122
2700 161
2701 217
2702 91
2703 107
2704 151
2705 230
2706 229
2707 171
2708 95
2709 106
2710 126
2711 141
2712 28
2713 165
2714 229
2715 91
2716 2
2717 106
2718 1
2719 131
2720 217
2721 149
2722 193
2723 26
2724 28
2725 128
2726 33
2727 112
2728 107
2729 235
2730 207
2731 112
2732 177
2733 77
2734 68
2735 107
2736 97
2737 27
2738 107
2739 84
2740 102
2741 43
2742 174
2743 45
2744 241
2745 138
2746 0
2747 199
2748 28
2749 33
2750 160
2751 95
2752 90
2753 29
2754 110
2755 172
2756 142
2757 3
2758 220
2759 141
2760 233
2761 136
2762 88
2763 204
2764 103
2765 220
2766 44
2767 153
2768 214
2769 46
2770 90
2771 74
2772 29
2773 240
2774 240
2775 126
2776 176
2777 183
2778 220
2779 50
2780 121
2781 233
2782 28
2783 2
2784 115
2785 207
2786 240
2787 16
2788 108
2789 22
2790 188
2791 7
2792 90
2793 146
2794 50
2795 180
2796 202
2797 47
2798 220
2799 129
2800 151
2801 201
2802 133
2803 176
2804 126
2805 229
2806 11
2807 146
2808 215
2809 228
2810 1
2811 59
2812 9
2813 174
2814 108
2815 176
2816 115
2817 61
2818 175
2819 92
2820 2
2821 234
2822 117
2823 212
2824 138
2825 220
2826 80
2827 205
2828 75
2829 105
2830 63
2831 116
2832 116
2833 149
2834 58
2835 95
2836 15
2837 2
2838 2
2839 90
2840 161
2841 2
2842 49
2843 69
2844 197
2845 36
2846 10
2847 71
2848 21
2849 245
2850 69
2851 217
2852 184
2853 136
2854 217
2855 90
2856 26
2857 49
2858 146
2859 126
2860 194
2861 56
2862 229
2863 112
2864 240
2865 140
2866 36
2867 138
2868 8
2869 21
2870 90
2871 173
2872 100
2873 196
2874 201
2875 246
2876 179
2877 92
2878 37
2879 108
2880 145
2881 20
2882 211
2883 99
2884 104
2885 2
2886 52
2887 90
2888 19
2889 203
2890 53
2891 108
2892 211
2893 110
2894 61
2895 23
2896 142
2897 152
2898 45
2899 20
2900 196
2901 40
2902 115
2903 20
2904 86
2905 212
2906 220
2907 245
2908 61
2909 41
2910 116
2911 2
2912 88
2913 146
2914 62
2915 149
2916 112
2917 220
2918 64
2919 110
2920 202
2921 25
2922 33
2923 173
2924 36
2925 157
2926 222
2927 6
2928 133
2929 126
2930 108
2931 186
2932 29
2933 146
2934 49
2935 2
2936 121
2937 12
2938 134
2939 229
2940 126
2941 38
2942 29
2943 197
2944 179
2945 179
2946 145
2947 26
2948 47
2949 118
2950 17
2951 160
2952 43
2953 148
2954 146
2955 201
2956 184
2957 9
2958 131
2959 175
2960 29
2961 154
2962 29
2963 81
2964 112
2965 246
2966 198
2967 116
2968 197
2969 123
2970 90
2971 107
2972 220
2973 220
2974 104
2975 240
2976 217
2977 12
2978 110
2979 122
2980 217
2981 104
2982 168
2983 108
2984 34
2985 136
2986 61
2987 230
2988 114
2989 8
2990 142
2991 123
2992 211
2993 2
2994 88
2995 90
2996 220
2997 2
2998 217
2999 140
3000 118
3001 148
3002 207
3003 217
3004 8
3005 2
3006 107
3007 90
3008 220
3009 88
3010 90
3011 23
3012 184
3013 38
3014 233
3015 240
3016 211
3017 61
3018 8
3019 103
3020 126
3021 72
3022 46
3023 240
3024 104
3025 183
3026 136
3027 90
3028 220
3029 125
3030 90
3031 108
3032 70
3033 99
3034 176
3035 195
3036 81
3037 35
3038 92
3039 137
3040 2
3041 90
3042 175
3043 61
3044 9
3045 76
3046 107
3047 112
3048 233
3049 80
3050 198
3051 70
3052 114
3053 225
3054 116
3055 1
3056 119
3057 246
3058 179
3059 107
3060 244
3061 201
3062 236
3063 248
3064 8
3065 146
3066 151
3067 217
3068 151
3069 90
3070 46
3071 180
3072 230
3073 240
3074 3
3075 185
3076 225
3077 45
3078 168
3079 145
3080 118
3081 99
3082 106
3083 211
3084 8
3085 69
3086 2
3087 236
3088 163
3089 2
3090 224
3091 1
3092 46
3093 102
3094 181
3095 118
3096 58
3097 81
3098 180
3099 4
3100 23
3101 89
3102 118
3103 106
3104 43
3105 90
3106 148
3107 160
3108 190
3109 90
3110 101
3111 103
3112 62
3113 195
3114 220
3115 28
3116 10
3117 16
3118 189
3119 58
3120 232
3121 199
3122 197
3123 90
3124 108
3125 39
3126 14
3127 70
3128 15
3129 70
3130 175
3131 240
3132 145
3133 116
3134 90
3135 174
3136 16
3137 151
3138 20
3139 240
3140 229
3141 2
3142 133
3143 88
3144 92
3145 90
3146 91
3147 143
3148 31
3149 148
3150 213
3151 4
3152 88
3153 220
3154 200
3155 231
3156 240
3157 104
3158 220
3159 69
3160 233
3161 95
3162 2
3163 50
3164 203
3165 205
3166 240
3167 107
3168 108
3169 232
3170 90
3171 29
3172 122
3173 229
3174 2
3175 199
3176 126
3177 6
3178 239
3179 54
3180 61
3181 88
3182 136
3183 16
3184 61
3185 99
3186 209
3187 186
3188 190
3189 110
3190 196
3191 90
3192 50
3193 152
3194 136
3195 187
3196 233
3197 40
3198 59
3199 50
3200 90
3201 211
3202 47
3203 119
3204 90
3205 92
3206 50
3207 138
3208 177
3209 220
3210 142
3211 21
3212 92
3213 234
3214 61
3215 219
3216 99
3217 49
3218 119
3219 10
3220 58
3221 220
3222 53
3223 49
3224 110
3225 71
3226 95
3227 220
3228 191
3229 80
3230 74
3231 230
3232 240
3233 176
3234 194
3235 241
3236 201
3237 232
3238 121
3239 86
3240 230
3241 106
3242 248
3243 54
3244 99
3245 54
3246 123
3247 179
3248 201
3249 191
3250 238
3251 110
3252 140
3253 146
3254 126
3255 50
3256 129
3257 99
3258 5
3259 240
3260 192
3261 126
3262 33
3263 11
3264 190
3265 215
3266 62
3267 150
3268 126
3269 21
3270 177
3271 230
3272 129
3273 125
3274 8
3275 110
3276 61
3277 240
3278 21
3279 143
3280 123
3281 33
3282 235
3283 2
3284 190
3285 136
3286 70
3287 2
3288 211
3289 199
3290 174
3291 20
3292 126
3293 202
3294 118
3295 215
3296 43
3297 184
3298 69
3299 110
3300 2
3301 40
3302 11
3303 90
3304 33
3305 190
3306 82
3307 16
3308 93
3309 123
3310 44
3311 200
3312 104
3313 142
3314 127
3315 164
3316 115
3317 203
3318 179
3319 69
3320 9
3321 185
3322 7
3323 9
3324 217
3325 194
3326 240
3327 80
3328 240
3329 206
3330 143
3331 246
3332 107
3333 50
3334 108
3335 120
3336 214
3337 126
3338 160
3339 187
3340 140
3341 247
3342 59
3343 16
3344 144
3345 9
3346 19
3347 233
3348 112
3349 1
3350 225
3351 90
3352 70
3353 36
3354 157
3355 2
3356 147
3357 30
3358 188
3359 7
3360 69
3361 179
3362 229
3363 61
3364 122
3365 102
3366 30
3367 8
3368 235
3369 53
3370 69
3371 126
3372 1
3373 23
3374 220
3375 128
3376 1
3377 88
3378 109
3379 16
3380 103
3381 50
3382 233
3383 7
3384 49
3385 92
3386 90
3387 58
3388 90
3389 219
3390 130
3391 157
3392 240
3393 28
3394 2
3395 118
3396 92
3397 195
3398 85
3399 142
3400 45
3401 28
3402 20
3403 20
3404 161
3405 78
3406 190
3407 218
3408 103
3409 220
3410 213
3411 111
3412 88
3413 143
3414 118
3415 142
3416 1
3417 132
3418 90
3419 69
3420 136
3421 173
3422 183
3423 90
3424 148
3425 2
3426 160
3427 90
3428 199
3429 123
3430 70
3431 90
3432 121
3433 95
3434 222
3435 146
3436 180
3437 28
3438 2
3439 23
3440 225
3441 23
3442 8
3443 199
3444 77
3445 143
3446 118
3447 244
3448 90
3449 229
3450 240
3451 211
3452 59
3453 110
3454 202
3455 84
3456 148
3457 34
3458 40
3459 90
3460 56
3461 57
3462 135
3463 126
3464 107
3465 99
3466 153
3467 240
3468 50
3469 110
3470 46
3471 174
3472 113
3473 54
3474 63
3475 106
3476 118
3477 180
3478 149
3479 100
3480 40
3481 37
3482 129
3483 2
3484 52
3485 104
3486 43
3487 240
3488 128
3489 220
3490 50
3491 103
3492 240
3493 103
3494 8
3495 84
3496 153
3497 107
3498 121
3499 50
3500 242
3501 87
3502 197
3503 2
3504 205
3505 28
3506 7
3507 9
3508 110
3509 230
3510 123
3511 14
3512 136
3513 197
3514 202
3515 2
3516 159
3517 240
3518 199
3519 220
3520 190
3521 142
3522 38
3523 185
3524 212
3525 123
3526 138
3527 187
3528 55
3529 246
3530 105
3531 47
3532 220
3533 154
3534 70
3535 239
3536 46
3537 105
3538 59
3539 219
3540 62
3541 184
3542 12
3543 125
3544 61
3545 33
3546 125
3547 90
3548 130
3549 33
3550 90
3551 238
3552 233
3553 167
3554 124
3555 220
3556 30
3557 246
3558 220
3559 16
3560 17
3561 234
3562 114
3563 33
3564 212
3565 6
3566 2
3567 142
3568 130
3569 205
3570 95
3571 57
3572 108
3573 141
3574 40
3575 217
3576 2
3577 174
3578 34
3579 7
3580 184
3581 140
3582 3
3583 2
3584 195
3585 90
3586 99
3587 33
3588 222
3589 90
3590 2
3591 153
3592 95
3593 86
3594 123
3595 33
3596 7
3597 160
3598 142
3599 83
3600 245
3601 154
3602 8
3603 41
3604 29
3605 184
3606 217
3607 9
3608 240
3609 1
3610 2
3611 222
3612 119
3613 9
3614 240
3615 118
3616 90
3617 160
3618 52
3619 8
3620 26
3621 2
3622 201
3623 58
3624 122
3625 199
3626 107
3627 214
3628 100
3629 107
3630 172
3631 219
3632 198
3633 49
3634 15
3635 9
3636 51
3637 115
3638 7
3639 68
3640 90
3641 5
3642 33
3643 103
3644 61
3645 90
3646 177
3647 207
3648 8
3649 2
3650 94
3651 101
3652 2
3653 29
3654 174
3655 108
3656 90
3657 33
3658 16
3659 240
3660 45
3661 96
3662 49
3663 2
3664 214
3665 241
3666 106
3667 174
3668 126
3669 116
3670 88
3671 106
3672 30
3673 70
3674 40
3675 220
3676 220
3677 33
3678 153
3679 112
3680 8
3681 153
3682 108
3683 90
3684 199
3685 133
3686 46
3687 95
3688 220
3689 126
3690 147
3691 70
3692 99
3693 220
3694 59
3695 123
3696 245
3697 151
3698 14
3699 240
3700 220
3701 161
3702 90
3703 204
3704 222
3705 104
3706 151
3707 222
3708 33
3709 199
3710 37
3711 130
3712 53
3713 135
3714 160
3715 107
3716 190
3717 204
3718 179
3719 103
3720 112
3721 184
3722 129
3723 2
3724 240
3725 9
3726 126
3727 212
3728 122
3729 1
3730 119
3731 122
3732 182
3733 146
3734 99
3735 92
3736 220
3737 95
3738 46
3739 50
3740 15
3741 93
3742 123
3743 128
3744 208
3745 90
3746 50
3747 21
3748 106
3749 2
3750 29
3751 123
3752 142
3753 5
3754 90
3755 174
3756 240
3757 110
3758 151
3759 133
3760 160
3761 220
3762 50
3763 230
3764 179
3765 47
3766 142
3767 234
3768 88
3769 110
3770 126
3771 16
3772 40
3773 184
3774 217
3775 115
3776 220
3777 146
3778 90
3779 126
3780 220
3781 187
3782 35
3783 59
3784 221
3785 2
3786 179
3787 152
3788 39
3789 208
3790 153
3791 54
3792 8
3793 171
3794 4
3795 187
3796 199
3797 70
3798 58
3799 70
3800 220
3801 90
3802 68
3803 220
3804 126
3805 222
3806 186
3807 65
3808 136
3809 90
3810 69
3811 172
3812 123
3813 211
3814 199
3815 115
3816 50
3817 177
3818 13
3819 240
3820 215
3821 174
3822 62
3823 199
3824 99
3825 105
3826 60
3827 107
3828 220
3829 88
3830 49
3831 123
3832 44
3833 123
3834 58
3835 184
3836 197
3837 214
3838 160
3839 211
3840 243
3841 3
3842 46
3843 161
3844 102
3845 236
3846 249
3847 179
3848 189
3849 76
3850 198
3851 126
3852 21
3853 2
3854 21
3855 242
3856 115
3857 99
3858 220
3859 222
3860 233
3861 29
3862 187
3863 1
3864 2
3865 129
3866 2
3867 240
3868 174
3869 62
3870 40
3871 2
3872 40
3873 192
3874 105
3875 112
3876 121
3877 108
3878 27
3879 2
3880 220
3881 235
3882 179
3883 179
3884 90
3885 190
3886 25
3887 240
3888 184
3889 36
3890 199
3891 62
3892 8
3893 199
3894 106
3895 54
3896 70
3897 76
3898 129
3899 240
3900 118
3901 197
3902 184
3903 104
3904 21
3905 70
3906 151
3907 115
3908 196
3909 222
3910 124
3911 142
3912 33
3913 194
3914 157
3915 43
3916 110
3917 122
3918 2
3919 190
3920 220
3921 157
3922 236
3923 36
3924 185
3925 184
3926 187
3927 28
3928 90
3929 54
3930 152
3931 18
3932 37
3933 146
3934 69
3935 229
3936 185
3937 146
3938 40
3939 34
3940 49
3941 241
3942 110
3943 40
3944 33
3945 121
3946 207
3947 217
3948 43
3949 174
3950 179
3951 138
3952 144
3953 240
3954 52
3955 180
3956 108
3957 244
3958 3
3959 220
3960 76
3961 249
3962 197
3963 160
3964 220
3965 199
3966 43
3967 220
3968 184
3969 40
3970 144
3971 204
3972 9
3973 79
3974 217
3975 46
3976 2
3977 75
3978 190
3979 189
3980 107
3981 185
3982 240
3983 220
3984 13
3985 70
3986 173
3987 90
3988 160
3989 118
3990 190
3991 67
3992 47
3993 182
3994 29
3995 201
3996 61
3997 90
3998 175
3999 74
4000 108
4001 123
4002 199
4003 33
4004 124
4005 105
4006 186
4007 190
4008 195
4009 10
4010 145
4011 44
4012 240
4013 240
4014 118
4015 220
4016 173
4017 2
4018 229
4019 102
4020 123
4021 8
4022 204
4023 16
4024 110
4025 30
4026 33
4027 33
4028 22
4029 2
4030 83
4031 59
4032 32
4033 242
4034 103
4035 51
4036 215
4037 90
4038 201
4039 8
4040 180
4041 107
4042 42
4043 26
4044 119
4045 21
4046 90
4047 229
4048 86
4049 220
4050 124
4051 90
4052 146
4053 123
4054 36
4055 116
4056 179
4057 108
4058 153
4059 106
4060 233
4061 142
4062 58
4063 70
4064 85
4065 36
4066 70
4067 16
4068 46
4069 70
4070 136
4071 25
4072 149
4073 81
4074 50
4075 16
4076 144
4077 33
4078 93
4079 220
4080 193
4081 219
4082 33
4083 211
4084 89
4085 126
4086 57
4087 61
4088 45
4089 142
4090 99
4091 145
4092 220
4093 70
4094 217
4095 90
4096 219
4097 2
4098 194
4099 110
4100 70
4101 233
4102 50
4103 90
4104 62
4105 220
4106 24
4107 99
4108 2
4109 174
4110 180
4111 2
4112 180
4113 240
4114 97
4115 99
4116 32
4117 90
4118 123
4119 219
4120 71
4121 195
4122 175
4123 110
4124 211
4125 35
4126 19
4127 183
4128 28
4129 220
4130 214
4131 45
4132 36
4133 201
4134 112
4135 21
4136 33
4137 90
4138 90
4139 134
4140 71
4141 70
4142 21
4143 20
4144 2
4145 54
4146 33
4147 233
4148 108
4149 138
4150 36
4151 92
4152 54
4153 112
4154 7
4155 197
4156 179
4157 219
4158 220
4159 144
4160 233
4161 136
4162 90
4163 21
4164 71
4165 90
4166 142
4167 2
4168 113
4169 49
4170 2
4171 229
4172 75
4173 146
4174 105
4175 229
4176 164
4177 148
4178 243
4179 69
4180 106
4181 220
4182 33
4183 90
4184 54
4185 167
4186 245
4187 90
4188 92
4189 190
4190 217
4191 42
4192 41
4193 50
4194 183
4195 220
4196 185
4197 246
4198 243
4199 210
4200 197
4201 112
4202 16
4203 31
4204 70
4205 229
4206 162
4207 201
4208 90
4209 29
4210 123
4211 106
4212 171
4213 118
4214 33
4215 1
4216 33
4217 90
4218 160
4219 123
4220 160
4221 152
4222 23
4223 133
4224 25
4225 178
4226 107
4227 40
4228 107
4229 204
4230 220
4231 99
4232 220
4233 130
4234 65
4235 146
4236 38
4237 220
4238 220
4239 59
4240 142
4241 106
4242 126
4243 116
4244 202
4245 90
4246 136
4247 125
4248 156
4249 149
4250 142
4251 43
4252 103
4253 174
4254 247
4255 126
4256 8
4257 1
4258 240
4259 106
4260 241
4261 151
4262 99
4263 90
4264 219
4265 90
4266 10
4267 16
4268 217
4269 178
4270 58
4271 90
4272 43
4273 195
4274 167
4275 52
4276 160
4277 2
4278 190
4279 110
4280 175
4281 109
4282 184
4283 153
4284 68
4285 17
4286 215
4287 70
4288 7
4289 99
4290 40
4291 2
4292 95
4293 179
4294 49
4295 2
4296 57
4297 175
4298 70
4299 116
4300 90
4301 33
4302 120
4303 26
4304 94
4305 59
4306 92
4307 49
4308 45
4309 215
4310 74
4311 126
4312 33
4313 34
4314 126
4315 199
4316 111
4317 8
4318 90
4319 211
4320 184
4321 65
4322 70
4323 168
4324 214
4325 184
4326 220
4327 142
4328 9
4329 16
4330 90
4331 104
4332 159
4333 51
4334 142
4335 142
4336 142
4337 45
4338 64
4339 90
4340 9
4341 90
4342 33
4343 203
4344 191
4345 199
4346 220
4347 50
4348 102
4349 90
4350 123
4351 141
4352 211
4353 107
4354 90
4355 146
4356 115
4357 240
4358 234
4359 61
4360 25
4361 71
4362 110
4363 59
4364 165
4365 90
4366 6
4367 217
4368 220
4369 150
4370 65
4371 104
4372 142
4373 205
4374 225
4375 85
4376 118
4377 140
4378 191
4379 217
4380 8
4381 7
4382 220
4383 23
4384 129
4385 46
4386 173
4387 59
4388 201
4389 211
4390 116
4391 240
4392 90
4393 142
4394 240
4395 184
4396 112
4397 13
4398 60
4399 46
4400 111
4401 43
4402 16
4403 49
4404 195
4405 220
4406 33
4407 236
4408 103
4409 60
4410 36
4411 179
4412 21
4413 144
4414 220
4415 220
4416 16
4417 15
4418 60
4419 47
4420 15
4421 220
4422 68
4423 2
4424 74
4425 93
4426 234
4427 33
4428 58
4429 204
4430 10
4431 201
4432 8
4433 78
4434 111
4435 229
4436 2
4437 173
4438 2
4439 125
4440 112
4441 212
4442 151
4443 220
4444 200
4445 94
4446 230
4447 241
4448 179
4449 2
4450 61
4451 117
4452 209
4453 69
4454 153
4455 2
4456 148
4457 123
4458 144
4459 175
4460 220
4461 1
4462 220
4463 169
4464 176
4465 90
4466 123
4467 179
4468 104
4469 110
4470 46
4471 176
4472 46
4473 16
4474 90
4475 2
4476 71
4477 48
4478 29
4479 211
4480 125
4481 70
4482 146
4483 10
4484 23
4485 70
4486 148
4487 102
4488 207
4489 123
4490 2
4491 142
4492 207
4493 67
4494 194
4495 69
4496 166
4497 211
4498 2
4499 199
4500 148
4501 4
4502 16
4503 90
4504 153
4505 201
4506 153
4507 220
4508 49
4509 70
4510 212
4511 222
4512 84
4513 217
4514 90
4515 70
4516 240
4517 233
4518 29
4519 142
4520 52
4521 175
4522 102
4523 234
4524 116
4525 90
4526 107
4527 216
4528 1
4529 92
4530 16
4531 157
4532 14
4533 195
4534 206
4535 142
4536 40
4537 16
4538 233
4539 143
4540 70
4541 2
4542 49
4543 136
4544 220
4545 235
4546 7
4547 107
4548 208
4549 50
4550 2
4551 167
4552 142
4553 217
4554 180
4555 33
4556 29
4557 47
4558 85
4559 187
4560 240
4561 247
4562 21
4563 192
4564 83
4565 107
4566 222
4567 146
4568 85
4569 114
4570 2
4571 211
4572 110
4573 2
4574 70
4575 62
4576 90
4577 90
4578 194
4579 9
4580 185
4581 110
4582 153
4583 115
4584 123
4585 142
4586 2
4587 141
4588 59
4589 50
4590 151
4591 1
4592 174
4593 115
4594 129
4595 90
4596 2
4597 220
4598 30
4599 90
4600 124
4601 214
4602 9
4603 46
4604 220
4605 44
4606 186
4607 49
4608 2
4609 90
4610 106
4611 146
4612 211
4613 99
4614 240
4615 217
4616 233
4617 160
4618 148
4619 121
4620 142
4621 88
4622 111
4623 151
4624 90
4625 202
4626 211
4627 122
4628 95
4629 2
4630 21
4631 76
4632 88
4633 70
4634 153
4635 174
4636 142
4637 90
4638 195
4639 211
4640 179
4641 197
4642 114
4643 67
4644 37
4645 240
4646 26
4647 90
4648 49
4649 220
4650 184
4651 142
4652 59
4653 75
4654 219
4655 21
4656 204
4657 116
4658 99
4659 115
4660 8
4661 123
4662 220
4663 102
4664 90
4665 106
4666 106
4667 90
4668 142
4669 211
4670 50
4671 2
4672 112
4673 28
4674 193
4675 201
4676 85
4677 238
4678 220
4679 233
4680 15
4681 136
4682 222
4683 240
4684 2
4685 151
4686 9
4687 240
4688 33
4689 177
4690 240
4691 41
4692 11
4693 148
4694 153
4695 112
4696 125
4697 49
4698 81
4699 107
4700 32
4701 148
4702 122
4703 220
4704 8
4705 104
4706 8
4707 2
4708 40
4709 30
4710 92
4711 49
4712 222
4713 88
4714 116
4715 118
4716 175
4717 143
4718 211
4719 88
4720 222
4721 61
4722 107
4723 118
4724 207
4725 2
4726 90
4727 70
4728 108
4729 10
4730 62
4731 220
4732 67
4733 22
4734 217
4735 201
4736 21
4737 215
4738 90
4739 204
4740 33
4741 233
4742 175
4743 8
4744 90
4745 104
4746 107
4747 49
4748 43
4749 42
4750 140
4751 220
4752 153
4753 108
4754 124
4755 222
4756 10
4757 2
4758 90
4759 60
4760 220
4761 99
4762 220
4763 99
4764 207
4765 49
4766 153
4767 35
4768 115
4769 217
4770 217
4771 159
4772 190
4773 21
4774 148
4775 52
4776 222
4777 69
4778 243
4779 142
4780 207
4781 112
4782 247
4783 92
4784 245
4785 240
4786 90
4787 92
4788 49
4789 75
4790 174
4791 50
4792 60
4793 160
4794 8
4795 177
4796 90
4797 110
4798 108
4799 38
4800 201
4801 199
4802 2
4803 108
4804 195
4805 112
4806 220
4807 195
4808 146
4809 146
4810 50
4811 3
4812 118
4813 21
4814 196
4815 213
4816 123
4817 108
4818 230
4819 220
4820 101
4821 108
4822 240
4823 76
4824 212
4825 33
4826 142
4827 9
4828 50
4829 33
4830 108
4831 204
4832 215
4833 43
4834 153
4835 148
4836 107
4837 40
4838 106
4839 213
4840 107
4841 118
4842 93
4843 9
4844 240
4845 179
4846 3
4847 70
4848 151
4849 126
4850 91
4851 220
4852 33
4853 235
4854 175
4855 90
4856 50
4857 118
4858 12
4859 143
4860 36
4861 62
4862 126
4863 246
4864 61
4865 70
4866 152
4867 230
4868 90
4869 211
4870 142
4871 201
4872 33
4873 33
4874 123
4875 107
4876 143
4877 29
4878 175
4879 151
4880 183
4881 160
4882 152
4883 220
4884 33
4885 75
4886 180
4887 91
4888 211
4889 49
4890 219
4891 184
4892 90
4893 74
4894 123
4895 225
4896 143
4897 195
4898 86
4899 9
4900 107
4901 142
4902 217
4903 201
4904 133
4905 207
4906 33
4907 52
4908 129
4909 61
4910 61
4911 187
4912 9
4913 106
4914 49
4915 142
4916 33
4917 245
4918 108
4919 167
4920 8
4921 173
4922 212
4923 15
4924 103
4925 59
4926 230
4927 1
4928 201
4929 118
4930 50
4931 123
4932 90
4933 9
4934 108
4935 143
4936 126
4937 92
4938 240
4939 184
4940 30
4941 240
4942 8
4943 29
4944 90
4945 16
4946 126
4947 70
4948 6
4949 69
4950 117
4951 220
4952 1
4953 108
4954 46
4955 222
4956 33
4957 21
4958 190
4959 243
4960 143
4961 220
4962 239
4963 61
4964 207
4965 126
4966 147
4967 12
4968 146
4969 149
4970 118
4971 62
4972 211
4973 140
4974 157
4975 222
4976 50
4977 239
4978 56
4979 212
4980 29
4981 9
4982 160
4983 92
4984 220
4985 220
4986 118
4987 14
4988 174
4989 220
4990 103
4991 179
4992 86
4993 175
4994 220
4995 33
4996 2
4997 146
4998 60
4999 214
