0 132
1 54
2 135
3 62
4 112
5 199
6 82
7 123
8 166
9 238
10 88
11 195
12 187
13 61
14 232
15 32
16 181
17 234
18 96
19 58
20 95
21 14
22 94
23 58
24 44
25 147
26 248
27 226
28 245
29 248
30 203
31 13
32 138
33 248
34 11
35 109
36 240
37 126
38 217
39 54
40 54
41 112
42 174
43 246
44 190
45 171
46 114
47 185
48 77
49 65
50 154
51 75
52 50
53 243
54 71
55 90
56 153
57 152
58 84
59 49
60 59
61 168
62 8
63 139
64 146
65 77
66 36
67 195
68 12
69 176
70 46
71 112
72 209
73 234
74 53
75 8
76 245
77 124
78 164
79 76
80 65
81 57
82 185
83 238
84 12
85 205
86 155
87 55
88 27
89 76
90 81
91 189
92 30
93 183
94 49
95 167
96 32
97 82
98 20
99 24
100 44
101 33
102 18
103 203
104 46
105 242
106 72
107 156
108 37
109 92
110 81
111 72
112 100
113 45
114 233
115 11
116 96
117 249
118 155
119 102
120 119
121 184
122 2
123 128
124 206
125 80
126 219
127 186
128 35
129 17
130 71
131 128
132 183
133 47
134 147
135 227
136 129
137 239
138 71
139 203
140 234
141 234
142 90
143 239
144 101
145 22
146 49
147 12
148 76
149 11
150 105
151 234
152 178
153 98
154 79
155 52
156 203
157 41
158 2
159 112
160 27
161 249
162 192
163 76
164 30
165 224
166 112
167 181
168 167
169 197
170 129
171 75
172 147
173 8
174 57
175 224
176 12
177 65
178 118
179 199
180 105
181 243
182 129
183 231
184 200
185 149
186 179
187 128
188 4
189 185
190 128
191 98
192 112
193 139
194 54
195 158
196 236
197 191
198 109
199 230
200 199
201 246
202 145
203 1
204 32
205 2
206 40
207 185
208 35
209 242
210 203
211 176
212 61
213 38
214 12
215 152
216 211
217 37
218 5
219 50
220 67
221 1
222 158
223 79
224 230
225 114
226 224
227 129
228 81
229 181
230 12
231 146
232 75
233 234
234 138
235 203
236 159
237 3
238 144
239 144
240 167
241 219
242 219
243 57
244 25
245 116
246 171
247 248
248 153
249 149
250 180
251 198
252 98
253 86
254 157
255 9
256 30
257 42
258 243
259 67
260 191
261 181
262 135
263 143
264 69
265 182
266 163
267 233
268 163
269 38
270 212
271 204
272 202
273 139
274 185
275 37
276 25
277 109
278 149
279 129
280 208
281 89
282 31
283 149
284 31
285 80
286 181
287 218
288 54
289 124
290 82
291 211
292 238
293 52
294 155
295 1
296 54
297 221
298 71
299 148
301 64
302 197
303 127
304 72
305 203
306 151
307 182
308 15
309 207
310 131
311 212
312 168
313 12
314 36
315 162
316 84
317 10
318 149
319 87
320 224
321 14
322 229
323 46
324 106
325 70
326 171
327 88
328 149
329 140
330 106
331 221
332 110
333 24
334 203
335 44
336 129
337 180
338 107
339 77
340 245
341 57
342 139
343 212
344 185
345 82
346 67
347 15
348 78
349 62
350 63
351 224
352 36
353 193
354 82
355 56
356 62
357 126
358 81
359 248
360 5
361 134
362 183
363 160
364 203
365 174
366 197
367 137
368 50
369 12
370 30
371 156
372 201
373 198
374 126
375 156
376 35
377 116
378 205
379 38
380 112
381 130
382 148
383 197
384 45
385 146
386 150
387 82
388 2
389 13
390 93
391 95
392 27
393 141
394 12
395 126
396 185
397 81
398 43
399 182
400 236
401 190
402 68
403 126
404 82
405 141
406 41
407 67
408 142
409 9
410 67
411 18
412 238
413 144
414 192
415 142
416 192
417 205
418 81
419 82
420 242
421 67
422 74
423 201
424 233
425 127
426 148
427 195
428 190
429 1
430 115
431 19
432 155
433 3
434 55
435 221
436 140
437 36
438 139
439 245
440 11
441 105
442 10
443 146
444 20
445 230
446 137
447 221
448 62
449 32
450 152
451 31
452 12
453 140
454 98
455 85
456 107
457 97
458 209
459 227
460 93
461 176
462 32
463 61
464 44
465 81
466 70
467 84
468 22
469 112
470 6
471 101
472 109
473 165
474 209
475 7
476 203
477 106
478 92
479 238
480 65
481 233
482 181
483 179
484 82
485 129
486 37
487 212
488 66
489 200
490 90
491 32
492 120
493 56
494 133
495 53
496 110
497 82
498 118
499 82
500 95
501 139
502 94
503 129
504 30
505 166
506 102
507 169
508 171
509 92
510 128
511 104
512 192
513 190
514 90
515 51
516 18
517 16
518 212
519 140
520 61
521 9
522 153
523 234
524 227
525 212
526 204
527 214
528 103
529 248
530 206
531 234
532 114
533 139
534 62
535 209
536 30
537 229
538 1
539 84
540 168
541 216
542 175
543 124
544 195
545 197
546 123
547 20
548 195
549 225
550 212
551 212
552 15
553 123
554 235
555 46
556 209
557 28
558 51
559 32
560 47
561 104
562 37
563 44
564 148
565 127
566 231
567 82
568 101
569 77
570 76
571 141
572 89
573 160
574 248
575 122
576 46
577 234
578 4
579 141
580 147
581 198
582 55
583 8
584 139
585 76
586 67
587 65
588 39
589 192
590 45
591 151
592 204
593 32
594 17
595 8
596 3
597 200
598 214
599 4
600 217
601 74
602 63
603 67
604 212
605 55
606 67
607 215
608 29
609 100
610 192
611 30
612 199
613 21
614 198
615 35
616 22
617 105
618 149
619 67
620 230
621 74
622 201
623 235
624 127
625 238
626 71
627 112
628 90
629 192
630 5
631 78
632 213
633 238
634 89
635 30
636 192
637 118
638 206
639 169
640 206
641 62
642 108
643 146
644 115
645 148
646 62
647 86
648 164
649 190
650 247
651 175
652 0
653 117
654 89
655 19
656 141
657 97
658 67
659 207
660 67
661 147
662 26
663 47
664 175
665 62
666 248
667 149
668 120
669 140
670 141
671 141
672 246
673 174
674 97
675 212
676 230
677 229
678 152
679 167
680 205
681 161
682 134
683 40
684 222
685 235
686 15
687 107
688 197
689 16
690 143
691 20
692 143
693 37
694 168
695 160
696 1
697 221
698 155
699 41
700 171
701 4
702 240
703 221
704 2
705 107
706 245
707 1
708 3
709 73
710 21
711 245
712 16
713 117
715 156
716 216
717 60
718 151
719 176
720 81
721 185
722 151
723 147
724 184
725 248
726 46
727 84
728 70
729 81
730 113
731 42
732 1
733 65
734 176
735 70
736 94
737 149
738 183
739 112
740 90
741 170
742 179
743 117
744 197
745 74
746 12
747 74
748 91
749 168
750 216
751 141
752 231
753 247
754 124
755 70
756 22
757 145
758 185
759 8
760 209
761 105
762 206
763 202
764 1
765 167
766 54
767 143
768 19
769 147
770 61
771 188
772 65
773 197
774 77
775 124
776 175
777 112
778 16
779 82
780 216
781 91
782 27
783 109
784 29
785 174
786 1
787 3
788 76
789 81
790 184
791 62
792 200
793 88
794 146
795 176
796 117
797 28
798 94
799 195
800 70
801 198
802 148
803 113
804 249
805 235
806 18
807 186
808 11
809 61
810 243
811 213
812 192
813 4
814 111
815 82
816 91
817 248
818 230
819 206
820 41
821 32
822 231
823 163
824 92
825 61
826 142
827 109
828 11
829 155
830 205
831 195
832 198
833 95
834 21
835 68
836 88
837 184
838 179
839 34
840 181
841 54
842 60
843 108
844 61
845 98
846 144
847 169
848 240
849 209
850 112
851 83
852 205
853 34
854 68
855 146
856 62
857 41
858 176
859 32
860 122
861 47
862 155
863 61
864 82
865 212
866 188
867 205
868 134
869 29
870 167
871 151
872 129
873 243
874 19
875 233
876 145
877 63
878 187
879 1
880 94
881 219
882 249
883 191
884 242
885 78
886 56
887 174
888 107
889 53
890 120
891 89
892 243
893 20
894 139
895 249
896 71
897 68
898 190
899 237
900 202
901 105
902 179
903 51
904 234
905 27
906 138
907 226
908 116
909 112
910 63
911 199
912 61
913 0
914 142
915 141
916 137
917 2
918 216
919 221
920 140
921 234
922 86
923 145
924 38
925 235
926 94
927 26
928 9
929 1
930 214
931 30
932 109
933 105
934 40
935 35
936 14
937 55
938 220
939 70
940 194
941 5
942 55
943 136
944 103
945 68
946 26
947 230
948 222
949 15
950 230
951 230
952 149
953 36
954 122
955 88
956 141
957 197
958 229
959 154
960 112
961 237
962 198
963 140
964 220
965 91
966 230
967 249
968 155
969 18
970 81
971 130
972 12
973 249
974 231
975 94
976 26
977 245
978 143
979 45
980 151
981 136
982 87
983 117
984 128
985 74
986 116
987 112
988 149
989 234
990 91
991 36
992 230
993 178
994 20
995 126
996 42
997 79
998 204
999 192
1000 182
1001 206
1002 105
1003 14
1004 248
1005 1
1006 89
1007 246
1008 147
1009 233
1010 56
1011 180
1012 222
1013 206
1014 63
1015 32
1016 105
1017 54
1018 12
1019 139
1020 131
1021 17
1022 68
1023 117
1024 62
1025 134
1026 206
1027 242
1028 78
1029 139
1030 94
1031 242
1032 122
1033 69
1034 205
1035 54
1036 198
1037 76
1038 12
1039 49
1040 1
1041 79
1042 1
1043 112
1044 175
1045 95
1046 45
1047 11
1048 71
1049 199
1050 6
1051 126
1052 135
1053 175
1054 95
1055 249
1056 148
1057 220
1058 215
1059 194
1060 145
1061 16
1062 175
1063 7
1064 185
1065 140
1066 111
1067 97
1068 105
1069 209
1070 1
1071 2
1072 144
1073 65
1074 231
1075 90
1076 103
1077 142
1078 243
1079 179
1080 216
1081 132
1082 140
1083 176
1084 199
1085 103
1086 209
1087 181
1088 175
1089 84
1090 233
1091 65
1092 209
1093 234
1094 190
1095 112
1096 62
1097 211
1098 62
1099 207
1100 37
1101 8
1102 218
1103 224
1104 3
1105 189
1106 83
1107 192
1108 161
1109 248
1110 67
1111 195
1112 183
1113 224
1114 233
1115 82
1116 75
1117 107
1118 209
1119 145
1120 126
1121 184
1122 162
1123 5
1124 249
1125 175
1126 116
1127 146
1128 90
1129 107
1130 65
1131 125
1132 142
1133 88
1134 179
1135 181
1136 242
1137 222
1138 82
1139 183
1140 103
1141 90
1142 233
1143 248
1144 196
1145 206
1146 107
1147 0
1148 132
1149 198
1150 36
1151 44
1152 81
1153 98
1154 82
1155 186
1156 61
1157 44
1158 234
1159 88
1160 116
1161 242
1162 145
1163 151
1164 117
1165 11
1166 41
1167 88
1168 1
1169 222
1170 5
1171 126
1172 177
1173 147
1174 185
1175 224
1176 61
1177 234
1178 167
1179 82
1180 212
1181 190
1182 97
1183 141
1184 66
1185 186
1186 230
1187 215
1188 40
1189 76
1190 190
1191 8
1192 135
1193 148
1194 29
1195 24
1196 91
1197 20
1198 218
1199 55
1200 48
1201 12
1202 62
1203 165
1204 1
1205 139
1206 220
1207 98
1208 49
1209 4
1210 40
1211 192
1212 3
1213 185
1214 180
1215 81
1216 229
1217 181
1218 120
1219 42
1220 184
1221 233
1222 248
1223 114
1224 41
1225 246
1226 41
1227 111
1228 9
1229 141
1230 205
1231 149
1232 233
1233 186
1234 47
1235 75
1236 231
1237 203
1238 122
1239 122
1240 82
1241 74
1242 113
1243 196
1244 89
1245 231
1246 147
1247 159
1248 232
1249 132
1250 90
1251 67
1252 234
1253 139
1254 85
1255 70
1256 168
1257 81
1258 125
1259 141
1260 124
1261 103
1262 140
1263 105
1264 19
1265 8
1266 174
1267 34
1268 129
1269 56
1270 152
1271 219
1272 248
1273 215
1274 38
1275 112
1277 223
1278 107
1279 17
1280 179
1281 151
1282 97
1283 10
1284 222
1285 206
1286 1
1287 45
1288 143
1289 70
1290 231
1291 146
1292 134
1293 49
1294 40
1295 198
1296 91
1297 167
1298 12
1299 160
1300 108
1301 132
1302 146
1303 155
1304 135
1305 90
1306 155
1307 32
1308 186
1309 112
1310 32
1311 61
1312 62
1313 248
1314 80
1315 15
1316 17
1317 22
1318 22
1319 83
1320 102
1321 35
1322 119
1323 31
1324 176
1325 149
1326 141
1327 61
1328 108
1329 204
1330 1
1331 80
1332 146
1333 82
1334 136
1335 190
1336 219
1337 29
1338 223
1339 102
1340 79
1341 198
1342 98
1343 224
1344 74
1345 146
1346 192
1347 194
1348 167
1349 111
1350 153
1351 119
1352 163
1353 233
1354 77
1355 149
1356 197
1357 86
1358 107
1359 210
1360 239
1361 88
1362 215
1363 133
1364 70
1365 76
1366 11
1367 88
1368 46
1369 19
1370 88
1371 167
1372 221
1373 192
1374 112
1375 186
1376 146
1377 41
1378 11
1379 220
1380 245
1381 172
1382 1
1383 160
1384 2
1385 132
1386 201
1387 167
1388 61
1389 147
1390 22
1391 175
1392 230
1393 1
1394 91
1396 62
1397 192
1398 221
1399 221
1400 4
1401 199
1402 103
1403 246
1404 56
1405 205
1406 30
1407 203
1408 145
1409 109
1410 46
1411 163
1412 0
1413 230
1414 61
1415 25
1416 92
1417 91
1418 61
1419 156
1420 155
1421 224
1422 149
1423 105
1424 112
1425 194
1426 200
1427 132
1428 26
1429 1
1430 165
1431 49
1432 1
1433 146
1434 192
1435 20
1436 141
1437 141
1438 9
1439 238
1440 199
1441 211
1442 203
1443 112
1444 13
1445 138
1446 56
1447 231
1448 0
1449 105
1450 141
1451 102
1452 159
1453 219
1454 131
1455 38
1456 221
1457 71
1458 30
1459 142
1460 69
1461 66
1463 130
1464 221
1465 112
1466 230
1467 50
1468 48
1469 203
1470 8
1471 161
1472 2
1473 222
1474 9
1475 150
1476 11
1477 106
1478 198
1479 185
1480 3
1481 212
1482 163
1483 103
1484 7
1485 142
1486 123
1487 184
1488 249
1489 117
1490 82
1491 35
1493 11
1494 12
1495 141
1496 171
1497 94
1498 22
1499 129
1500 32
1501 174
1502 30
1503 198
1504 239
1505 242
1506 64
1507 56
1508 30
1509 77
1510 140
1511 88
1512 117
1513 47
1514 112
1515 98
1516 145
1517 155
1518 140
1519 124
1520 248
1521 41
1522 159
1523 117
1524 94
1525 130
1526 82
1527 195
1528 232
1529 249
1530 67
1531 238
1532 192
1533 87
1534 36
1535 180
1536 57
1537 147
1538 90
1539 1
1540 205
1541 185
1542 246
1543 29
1544 67
1545 164
1546 182
1547 128
1548 48
1549 249
1550 113
1551 141
1552 149
1553 206
1554 137
1555 175
1556 175
1557 162
1558 248
1559 45
1560 75
1561 1
1562 54
1563 27
1564 155
1565 18
1566 85
1567 122
1568 187
1569 17
1570 41
1571 218
1572 32
1573 94
1574 35
1575 230
1576 246
1577 8
1578 215
1579 185
1580 7
1581 191
1582 77
1583 22
1584 142
1585 203
1586 32
1587 190
1588 221
1589 82
1590 1
1591 130
1592 142
1593 79
1594 190
1595 77
1596 130
1597 107
1598 195
1599 45
1600 127
1601 97
1602 70
1603 82
1604 112
1605 231
1606 89
1607 107
1608 243
1609 216
1610 94
1611 133
1612 38
1613 128
1614 94
1615 159
1616 221
1617 148
1618 249
1619 192
1620 219
1621 212
1622 139
1623 179
1624 66
1625 220
1626 231
1627 178
1628 112
1629 247
1630 109
1631 147
1632 49
1633 32
1634 195
1635 140
1636 3
1637 127
1638 147
1639 212
1640 34
1641 195
1642 17
1643 5
1644 75
1645 144
1646 31
1647 63
1648 248
1649 15
1650 147
1651 8
1652 238
1653 8
1654 65
1655 141
1656 221
1657 224
1658 183
1659 22
1660 157
1661 63
1662 40
1663 81
1664 32
1665 185
1666 89
1667 29
1668 122
1669 5
1670 188
1671 187
1672 1
1673 139
1674 42
1675 89
1676 39
1677 93
1678 32
1679 82
1680 167
1681 195
1682 148
1683 215
1684 215
1685 36
1686 78
1687 242
1688 234
1689 88
1690 140
1691 186
1692 222
1693 88
1694 231
1695 227
1696 197
1697 248
1698 98
1699 174
1700 70
1701 89
1702 238
1703 153
1704 35
1705 199
1706 149
1707 135
1708 28
1709 1
1710 48
1711 229
1712 44
1713 186
1714 44
1715 61
1716 56
1717 203
1718 81
1719 72
1720 38
1721 98
1722 57
1723 51
1725 202
1726 164
1727 195
1728 134
1729 168
1730 93
1731 5
1732 173
1733 49
1734 72
1735 197
1736 71
1737 116
1738 203
1739 28
1740 1
1741 32
1742 142
1743 105
1744 148
1745 184
1746 214
1747 20
1748 60
1749 152
1750 1
1751 1
1752 144
1753 230
1754 170
1755 204
1756 198
1757 204
1758 206
1759 8
1760 18
1761 224
1762 219
1763 32
1764 249
1765 140
1766 211
1767 35
1768 231
1769 204
1770 47
1771 28
1772 140
1773 67
1774 4
1775 145
1776 203
1777 119
1778 198
1779 139
1780 197
1781 77
1782 20
1783 105
1784 131
1785 55
1786 199
1787 145
1788 231
1789 62
1790 19
1791 238
1792 46
1793 141
1794 140
1795 114
1796 216
1797 61
1798 212
1799 144
1800 99
1801 106
1802 177
1803 155
1804 219
1805 76
1806 127
1807 82
1808 205
1809 242
1810 141
1811 16
1812 221
1813 243
1814 142
1815 144
1816 87
1817 219
1818 116
1819 149
1820 191
1821 61
1822 83
1823 94
1824 43
1825 27
1826 122
1827 101
1828 231
1829 17
1830 213
1831 238
1832 74
1833 142
1834 32
1835 86
1836 162
1837 145
1838 4
1839 61
1840 61
1841 21
1842 145
1843 61
1844 32
1845 129
1846 2
1847 2
1848 8
1849 82
1850 144
1851 91
1852 18
1853 233
1854 227
1855 231
1856 9
1857 122
1858 162
1859 234
1860 55
1861 162
1862 144
1863 8
1864 140
1865 61
1866 81
1867 248
1868 56
1869 68
1870 198
1871 185
1872 36
1873 248
1874 122
1875 50
1876 12
1877 63
1878 204
1879 74
1881 185
1882 142
1883 215
1884 32
1885 62
1886 86
1887 205
1888 116
1889 54
1890 62
1891 195
1892 135
1893 243
1894 78
1895 8
1896 71
1897 76
1898 175
1899 49
1900 32
1901 23
1902 97
1903 190
1904 140
1905 215
1906 41
1907 243
1908 217
1909 144
1910 127
1911 30
1912 248
1913 5
1914 212
1915 35
1916 30
1917 25
1918 233
1919 62
1920 197
1921 145
1922 119
1923 197
1924 82
1925 1
1926 155
1927 116
1928 24
1929 36
1930 70
1931 62
1932 106
1933 185
1934 199
1935 11
1936 180
1937 180
1938 75
1939 140
1940 19
1941 201
1942 43
1943 9
1944 184
1945 45
1946 191
1947 1
1948 197
1949 185
1950 135
1951 163
1952 202
1953 11
1954 197
1955 140
1956 77
1957 148
1958 44
1959 148
1960 112
1961 30
1962 248
1963 78
1964 108
1965 138
1966 249
1967 181
1968 69
1969 0
1970 32
1971 32
1972 168
1973 66
1974 248
1975 209
1976 112
1977 81
1978 212
1979 120
1980 238
1981 87
1982 153
1983 10
1984 189
1985 89
1986 55
1987 91
1988 97
1989 211
1990 190
1991 43
1992 219
1993 42
1994 194
1995 249
1996 57
1997 21
1998 168
1999 84
2000 173
2001 105
2002 112
2003 237
2004 98
2005 1
2006 151
2007 174
2008 38
2009 32
2010 82
2011 14
2012 4
2013 231
2014 142
2015 219
2016 126
2017 184
2018 231
2019 82
2020 160
2021 232
2022 27
2023 162
2024 135
2025 104
2026 230
2027 232
2028 129
2029 212
2030 90
2031 21
2032 215
2033 248
2034 47
2035 122
2036 105
2037 169
2038 139
2039 203
2040 88
2041 32
2042 68
2043 24
2044 122
2045 221
2046 40
2047 202
2048 1
2049 175
2050 56
2051 230
2052 1
2053 230
2054 27
2055 59
2056 189
2057 152
2058 30
2059 229
2060 21
2061 54
2062 57
2063 62
2064 202
2065 30
2066 67
2067 212
2068 184
2069 109
2070 9
2071 231
2072 165
2073 32
2074 34
2075 12
2076 129
2077 49
2078 55
2079 174
2080 195
2081 68
2082 24
2083 7
2084 82
2085 49
2086 45
2087 61
2088 175
2089 54
2090 57
2091 248
2092 51
2093 35
2094 94
2095 45
2096 36
2097 156
2098 81
2099 26
2100 30
2101 128
2102 92
2103 140
2104 1
2105 249
2106 106
2107 238
2108 97
2109 243
2110 61
2111 112
2112 73
2113 230
2114 44
2115 140
2116 152
2117 231
2118 8
2119 61
2120 38
2121 21
2122 231
2123 94
2124 233
2125 11
2126 15
2127 215
2128 50
2129 139
2130 214
2131 43
2132 109
2133 141
2134 7
2135 1
2136 1
2137 231
2138 19
2139 179
2140 47
2141 12
2142 234
2143 1
2144 149
2145 21
2146 112
2147 153
2148 167
2149 248
2150 117
2151 88
2152 19
2153 182
2154 90
2155 222
2156 32
2157 70
2158 52
2159 141
2160 132
2161 83
2162 34
2163 239
2164 149
2165 174
2166 21
2167 8
2168 81
2169 182
2170 221
2171 184
2172 107
2173 32
2174 197
2175 54
2176 61
2177 185
2178 168
2179 222
2180 36
2181 112
2182 87
2183 127
2184 111
2185 56
2186 198
2187 229
2188 75
2189 63
2190 12
2191 214
2192 25
2193 126
2194 56
2195 145
2196 55
2197 61
2198 135
2199 65
2200 82
2201 103
2202 175
2203 104
2204 224
2205 137
2206 111
2207 67
2208 71
2209 234
2211 182
2212 117
2213 230
2214 149
2215 1
2216 82
2217 61
2218 148
2219 238
2220 203
2221 213
2222 41
2223 15
2224 33
2225 54
2226 168
2227 126
2228 180
2229 217
2230 44
2231 133
2232 81
2233 204
2234 248
2235 176
2236 101
2237 111
2238 56
2239 53
2240 201
2241 82
2242 24
2243 167
2244 91
2245 88
2246 50
2247 249
2248 42
2249 45
2250 67
2251 130
2252 203
2253 245
2254 240
2255 106
2256 203
2257 81
2258 183
2260 229
2261 246
2262 12
2263 44
2264 127
2265 201
2266 20
2267 129
2268 180
2269 89
2270 12
2271 174
2272 205
2273 231
2274 88
2275 117
2276 184
2277 49
2278 180
2279 29
2280 56
2281 86
2282 201
2283 197
2284 20
2285 217
2286 243
2287 217
2288 1
2289 27
2290 29
2291 46
2292 195
2293 234
2294 197
2295 37
2296 81
2297 187
2298 205
2299 21
2300 142
2301 18
2302 233
2303 30
2304 142
2305 221
2306 44
2307 49
2308 230
2309 203
2310 147
2311 104
2312 185
2313 44
2314 203
2315 215
2316 167
2317 139
2318 1
2319 228
2320 12
2321 17
2322 77
2323 62
2324 70
2325 140
2327 116
2328 221
2329 25
2330 18
2331 141
2332 191
2333 55
2334 190
2335 59
2336 1
2337 139
2338 212
2339 233
2340 175
2341 239
2342 141
2343 62
2344 160
2345 219
2346 131
2347 129
2348 220
2349 38
2350 67
2351 232
2352 190
2353 112
2354 65
2355 83
2356 71
2357 231
2358 185
2359 143
2360 221
2361 190
2362 25
2363 238
2364 241
2365 13
2366 233
2367 65
2368 45
2369 249
2370 155
2371 199
2372 42
2373 1
2374 140
2375 20
2376 136
2377 32
2378 36
2379 144
2380 44
2381 107
2382 202
2383 61
2384 162
2385 214
2386 179
2387 147
2388 15
2389 147
2390 106
2391 1
2392 206
2393 98
2394 147
2395 142
2396 221
2397 61
2398 226
2399 43
2400 70
2401 32
2402 36
2403 126
2404 53
2405 4
2406 32
2407 1
2408 62
2409 32
2410 49
2411 30
2412 37
2413 203
2414 147
2415 70
2416 197
2417 185
2418 234
2419 88
2420 192
2421 149
2422 203
2423 137
2424 174
2425 140
2426 195
2427 134
2428 97
2429 185
2430 142
2431 131
2432 133
2433 2
2434 192
2435 246
2436 234
2437 148
2438 242
2439 38
2440 133
2441 206
2442 190
2443 88
2444 143
2445 16
2446 117
2447 192
2448 248
2449 61
2450 82
2451 120
2452 79
2453 155
2454 167
2455 11
2456 62
2457 112
2458 199
2459 97
2460 200
2461 32
2462 44
2463 152
2464 1
2465 91
2466 104
2467 185
2468 221
2469 71
2470 65
2471 205
2472 47
2473 134
2474 175
2475 198
2476 9
2477 212
2478 4
2479 93
2480 161
2481 199
2482 72
2483 197
2484 72
2485 229
2486 75
2487 95
2488 36
2489 249
2490 220
2491 234
2492 249
2493 47
2494 70
2495 111
2496 134
2497 190
2498 68
2499 163
2500 119
2501 1
2503 66
2504 167
2505 147
2506 20
2507 76
2508 1
2509 229
2510 135
2511 61
2512 98
2513 105
2514 158
2515 145
2516 149
2517 199
2518 213
2519 129
2520 57
2521 161
2522 97
2523 221
2524 77
2525 34
2526 134
2527 77
2528 129
2529 15
2530 118
2531 151
2532 67
2533 91
2534 179
2535 122
2536 37
2537 112
2538 231
2539 77
2540 167
2541 32
2542 235
2543 36
2544 29
2545 1
2546 220
2547 3
2548 140
2549 71
2550 132
2551 47
2552 211
2553 32
2554 67
2555 15
2556 1
2557 69
2558 157
2559 229
2560 82
2561 231
2562 140
2563 135
2564 215
2565 159
2566 202
2567 224
2568 233
2569 139
2570 184
2571 71
2572 84
2573 206
2574 54
2575 11
2576 129
2577 189
2578 47
2579 106
2580 135
2581 25
2582 32
2583 4
2584 233
2585 235
2586 27
2587 213
2588 221
2589 203
2590 165
2591 7
2592 47
2593 67
2594 65
2595 57
2596 148
2597 13
2598 195
2599 30
2600 15
2601 148
2602 57
2603 147
2604 44
2605 141
2606 12
2608 12
2609 27
2610 215
2611 91
2612 183
2613 94
2614 179
2615 124
2616 1
2617 22
2618 63
2619 221
2620 55
2621 126
2622 109
2623 151
2624 74
2625 32
2626 224
2627 221
2628 214
2629 72
2630 132
2631 153
2632 220
2633 111
2634 104
2635 180
2636 49
2637 9
2638 12
2639 129
2640 67
2641 175
2642 198
2643 103
2644 205
2645 109
2646 8
2647 249
2648 198
2649 234
2650 233
2651 68
2652 88
2653 226
2654 68
2655 21
2656 214
2657 37
2658 157
2659 71
2660 4
2661 32
2662 233
2663 55
2665 212
2666 206
2667 75
2668 185
2669 203
2670 141
2671 77
2672 101
2673 90
2674 83
2675 212
2676 4
2677 32
2678 98
2679 74
2680 174
2681 249
2682 200
2683 163
2684 248
2685 30
2686 4
2687 192
2688 238
2689 70
2690 149
2691 83
2692 181
2693 129
2694 107
2695 88
2696 61
2697 12
2698 68
2699 68
2700 49
2701 105
2702 101
2703 26
2704 171
2705 156
2706 249
2707 134
2708 242
2709 147
2710 11
2711 191
2712 15
2713 236
2714 88
2715 204
2716 77
2717 124
2718 231
2719 243
2720 112
2721 156
2722 103
2723 24
2724 175
2725 12
2726 203
2727 114
2728 221
2729 147
2730 246
2731 179
2732 94
2733 130
2734 128
2735 142
2736 100
2737 78
2738 8
2739 83
2740 238
2741 2
2742 126
2743 207
2744 45
2745 119
2746 199
2747 61
2748 77
2749 112
2750 246
2751 187
2752 82
2753 27
2754 61
2755 201
2756 249
2757 7
2758 155
2759 94
2760 1
2761 63
2762 243
2763 104
2764 105
2765 61
2766 137
2767 139
2768 142
2769 152
2770 40
2771 89
2773 149
2774 206
2775 81
2776 11
2777 47
2778 195
2779 67
2780 4
2781 1
2782 88
2783 197
2784 192
2785 106
2786 221
2787 238
2788 106
2789 131
2790 89
2791 31
2792 1
2793 230
2794 32
2795 67
2796 75
2797 151
2798 61
2799 122
2800 145
2801 203
2802 34
2803 71
2804 203
2805 163
2806 85
2807 67
2808 44
2809 3
2810 32
2811 50
2812 95
2813 70
2814 131
2815 38
2816 118
2817 221
2818 203
2819 62
2820 61
2821 214
2822 62
2823 139
2824 229
2825 155
2826 72
2827 98
2828 4
2829 152
2830 219
2831 195
2832 63
2833 97
2834 114
2835 232
2836 128
2837 147
2838 20
2839 194
2840 47
2841 112
2842 32
2843 230
2844 179
2845 221
2846 38
2847 236
2848 162
2849 55
2850 227
2851 9
2852 27
2853 88
2854 1
2855 230
2856 102
2857 112
2858 126
2859 140
2860 209
2861 134
2862 140
2863 205
2864 238
2865 25
2866 49
2867 7
2868 155
2869 105
2870 203
2871 75
2872 5
2873 176
2874 234
2875 97
2876 148
2877 167
2878 94
2879 141
2880 198
2881 74
2882 2
2883 242
2884 145
2885 1
2886 105
2887 2
2888 113
2889 126
2890 88
2891 61
2892 117
2893 20
2894 70
2895 76
2896 49
2897 214
2898 199
2899 74
2900 111
2901 246
2902 194
2903 5
2904 7
2905 142
2906 195
2907 76
2908 41
2909 148
2910 220
2911 15
2912 95
2913 77
2914 202
2915 35
2916 222
2917 140
2918 58
2919 81
2920 104
2921 187
2922 141
2923 24
2924 21
2925 210
2926 249
2927 212
2928 234
2929 202
2930 112
2931 11
2932 107
2933 77
2934 32
2935 36
2936 11
2937 187
2938 110
2939 195
2940 32
2941 175
2942 126
2943 140
2944 226
2945 238
2946 86
2947 143
2948 3
2949 212
2950 215
2951 106
2952 61
2953 62
2954 66
2955 235
2956 106
2957 122
2958 90
2960 194
2961 159
2962 117
2963 57
2964 111
2965 243
2966 47
2967 149
2968 44
2969 238
2970 203
2971 61
2972 20
2973 112
2974 233
2975 230
2976 197
2977 242
2978 61
2979 180
2980 94
2981 234
2982 132
2983 117
2984 76
2985 112
2986 249
2987 109
2988 153
2989 117
2990 32
2991 140
2992 213
2993 221
2994 107
2995 213
2996 8
2997 67
2998 61
2999 29
3000 82
3001 230
3002 243
3003 229
3004 67
3005 192
3006 36
3007 152
3008 32
3009 243
3010 126
3011 129
3012 221
3013 18
3014 98
3015 140
3016 184
3017 202
3018 32
3019 40
3020 38
3021 198
3022 155
3023 230
3024 194
3025 102
3027 195
3028 195
3029 36
3030 141
3031 1
3032 82
3033 20
3034 205
3035 205
3036 195
3037 142
3038 140
3039 182
3040 61
3041 15
3042 190
3043 202
3044 49
3045 219
3046 141
3047 68
3048 137
3049 165
3050 74
3051 82
3052 167
3053 144
3054 106
3055 122
3056 69
3057 187
3058 62
3059 142
3060 128
3062 181
3063 86
3064 117
3065 32
3066 230
3067 75
3068 37
3069 12
3070 1
3071 67
3072 108
3073 81
3074 28
3075 43
3076 151
3077 96
3078 26
3079 81
3080 1
3081 134
3082 5
3083 213
3084 105
3085 231
3086 88
3087 214
3088 45
3089 61
3090 239
3091 187
3092 34
3093 27
3094 88
3095 12
3096 112
3097 168
3098 105
3099 17
3100 76
3101 29
3102 180
3103 88
3104 52
3105 65
3106 140
3107 202
3108 23
3109 98
3110 132
3111 106
3112 184
3113 202
3114 20
3115 185
3116 9
3117 67
3118 32
3119 57
3120 212
3121 35
3122 106
3123 243
3124 62
3125 163
3126 220
3127 56
3128 68
3129 15
3130 212
3131 117
3132 220
3133 174
3134 149
3135 1
3136 1
3137 1
3138 219
3139 190
3140 68
3141 1
3142 230
3143 205
3144 4
3145 232
3146 182
3147 129
3148 66
3149 38
3150 146
3151 115
3152 190
3153 105
3154 184
3155 116
3156 21
3157 32
3158 141
3159 199
3160 1
3161 232
3162 111
3163 197
3164 199
3165 65
3166 81
3167 146
3168 27
3169 249
3170 238
3171 94
3172 112
3173 238
3174 203
3175 2
3176 32
3177 91
3178 128
3179 74
3180 148
3181 74
3182 167
3183 129
3184 20
3185 107
3186 148
3187 175
3188 215
3189 98
3190 192
3191 82
3192 230
3193 206
3194 235
3195 186
3196 31
3197 41
3198 105
3199 129
3200 36
3201 174
3202 126
3203 244
3204 212
3205 56
3206 88
3207 81
3208 231
3209 32
3210 180
3211 215
3212 149
3213 167
3214 61
3215 89
3216 61
3217 221
3218 125
3219 60
3220 0
3221 81
3222 69
3223 52
3224 185
3225 2
3226 36
3227 32
3228 202
3229 76
3230 89
3231 156
3232 81
3233 195
3234 195
3235 247
3236 203
3237 105
3238 4
3239 184
3240 29
3241 46
3242 195
3243 74
3244 9
3245 74
3246 40
3247 126
3248 206
3249 29
3250 224
3251 61
3252 212
3253 14
3254 8
3255 221
3256 205
3257 246
3258 63
3259 54
3260 40
3261 1
3262 147
3263 44
3264 105
3265 176
3266 163
3267 25
3268 62
3269 97
3270 174
3271 201
3272 212
3273 220
3274 105
3275 61
3276 140
3277 56
3278 2
3279 212
3280 231
3281 126
3282 107
3283 190
3284 12
3285 230
3286 238
3287 206
3288 1
3289 9
3290 41
3291 70
3292 61
3293 179
3294 77
3295 44
3296 183
3297 88
3298 192
3299 233
3300 1
3301 54
3302 152
3303 81
3304 32
3305 32
3306 146
3307 139
3308 129
3309 140
3310 137
3311 21
3312 36
3313 32
3314 119
3315 113
3316 246
3317 1
3318 30
3319 163
3320 98
3321 43
3322 155
3323 249
3324 12
3325 174
3326 199
3327 104
3328 12
3329 198
3330 62
3331 106
3332 142
3333 62
3334 235
3335 83
3336 142
3337 81
3338 56
3339 207
3340 102
3341 127
3342 145
3343 203
3344 32
3345 49
3346 57
3347 147
3348 158
3349 122
3350 238
3351 230
3352 56
3353 12
3354 221
3355 77
3356 231
3357 14
3358 89
3359 1
3360 30
3361 147
3362 65
3363 15
3364 112
3365 238
3366 222
3367 105
3368 195
3369 69
3370 147
3371 249
3372 205
3373 218
3374 112
3375 156
3376 243
3377 107
3378 8
3379 117
3380 37
3381 97
3382 38
3383 126
3384 9
3385 167
3386 215
3387 106
3388 32
3389 180
3390 88
3391 76
3392 232
3393 88
3394 1
3395 231
3396 246
3397 38
3398 216
3399 54
3400 91
3401 180
3402 52
3403 2
3405 25
3406 67
3407 199
3408 40
3409 61
3410 20
3411 103
3412 234
3413 54
3414 88
3415 11
3416 219
3417 20
3418 32
3419 149
3420 82
3421 75
3422 213
3423 67
3424 243
3425 221
3426 5
3427 185
3428 30
3429 140
3430 82
3431 61
3432 4
3433 232
3434 175
3435 63
3436 71
3437 20
3438 32
3439 76
3440 56
3441 76
3442 117
3443 20
3444 219
3445 209
3446 11
3447 128
3448 82
3449 12
3450 2
3451 54
3452 97
3453 135
3454 129
3455 83
3456 41
3457 76
3458 0
3459 238
3460 134
3461 190
3462 81
3463 124
3464 248
3465 234
3466 65
3467 221
3468 221
3469 9
3470 44
3471 62
3472 243
3473 72
3474 219
3475 135
3476 148
3477 62
3478 64
3479 5
3480 65
3481 91
3482 212
3483 1
3484 30
3485 81
3486 221
3487 248
3488 180
3489 248
3490 77
3491 3
3493 20
3494 129
3495 83
3496 47
3497 1
3498 4
3499 212
3500 43
3501 84
3502 140
3503 61
3504 98
3505 127
3506 155
3507 75
3508 111
3509 48
3510 32
3511 238
3512 221
3513 156
3514 179
3515 12
3516 94
3517 105
3519 221
3520 1
3521 131
3522 175
3523 51
3525 203
3526 168
3527 117
3528 237
3529 69
3530 200
3531 243
3532 195
3533 159
3534 15
3535 138
3536 245
3537 148
3538 52
3539 32
3540 20
3541 221
3542 239
3543 171
3544 140
3545 56
3546 213
3547 249
3548 212
3549 32
3550 82
3551 215
3552 71
3553 204
3554 3
3555 140
3556 109
3557 192
3558 61
3559 197
3560 201
3561 81
3562 153
3563 1
3564 61
3565 3
3566 62
3567 21
3568 93
3569 111
3570 232
3571 26
3572 233
3573 198
3575 145
3576 32
3577 49
3578 76
3579 11
3580 235
3581 72
3582 112
3583 32
3584 221
3585 77
3586 135
3587 41
3588 82
3589 56
3590 144
3591 149
3592 232
3593 71
3594 1
3595 199
3596 202
3597 61
3598 155
3599 152
3600 62
3601 159
3602 67
3603 68
3604 231
3605 185
3606 141
3607 65
3608 41
3609 214
3610 32
3611 212
3612 182
3613 148
3614 105
3615 32
3616 61
3617 104
3618 105
3619 1
3620 194
3621 238
3622 194
3623 171
3624 144
3625 12
3626 155
3627 235
3628 5
3629 248
3630 28
3631 106
3632 74
3633 117
3634 87
3636 33
3637 192
3638 1
3639 35
3640 127
3641 235
3642 206
3643 20
3644 139
3645 234
3646 148
3647 174
3648 1
3649 117
3650 163
3651 117
3652 205
3653 61
3654 12
3655 88
3656 36
3657 140
3658 2
3659 12
3660 107
3661 228
3662 1
3663 140
3664 142
3665 45
3666 147
3667 194
3668 78
3669 194
3670 65
3671 75
3672 109
3673 149
3674 203
3675 61
3676 61
3677 238
3678 224
3679 122
3680 205
3681 243
3682 140
3683 195
3684 35
3685 167
3686 149
3688 1
3689 32
3690 224
3691 234
3692 67
3693 15
3694 242
3695 107
3696 55
3697 160
3698 202
3699 221
3700 149
3701 112
3702 197
3703 207
3704 77
3705 82
3706 11
3707 68
3708 77
3709 30
3710 11
3711 243
3712 184
3713 81
3714 104
3715 155
3716 226
3717 117
3719 20
3720 148
3721 20
3722 30
3723 32
3724 117
3725 117
3726 46
3727 202
3728 81
3729 187
3730 69
3731 195
3732 143
3733 147
3734 221
3735 190
3736 41
3737 56
3738 195
3739 77
3740 93
3741 129
3742 221
3743 179
3744 93
3745 231
3746 135
3747 142
3748 88
3749 149
3750 142
3751 126
3752 67
3753 217
3754 221
3755 140
3756 62
3757 204
3758 221
3759 127
3760 195
3761 231
3762 107
3763 216
3764 52
3765 126
3766 155
3767 56
3768 32
3769 106
3770 140
3771 101
3772 199
3773 36
3774 61
3775 104
3776 56
3777 219
3778 32
3779 35
3780 106
3781 210
3782 205
3783 50
3784 190
3785 32
3786 52
3787 248
3788 4
3789 93
3790 139
3791 74
3792 81
3793 134
3794 139
3795 101
3796 203
3797 155
3798 126
3799 56
3800 61
3801 190
3802 127
3803 221
3804 32
3805 144
3806 56
3807 59
3808 54
3809 97
3811 81
3812 238
3813 246
3814 95
3815 55
3816 41
3817 174
3818 27
3819 41
3820 91
3821 1
3822 22
3823 203
3824 56
3825 249
3826 183
3827 140
3828 185
3829 243
3830 49
3831 54
3832 20
3833 243
3834 102
3835 32
3836 122
3837 184
3838 176
3839 52
3840 25
3841 157
3842 54
3843 14
3844 192
3845 77
3846 121
3847 5
3848 128
3849 246
3850 201
3851 88
3852 221
3853 221
3854 246
3855 213
3856 192
3857 61
3858 231
3859 38
3860 206
3861 206
3862 83
3863 2
3864 221
3865 107
3866 54
3867 190
3868 126
3869 68
3870 221
3871 40
3872 20
3873 233
3874 22
3875 111
3876 188
3877 32
3878 4
3879 1
3880 56
3881 160
3882 3
3883 174
3884 117
3885 116
3886 58
3887 221
3888 0
3889 41
3890 205
3891 108
3892 221
3893 77
3894 32
3895 74
3896 180
3897 25
3898 139
3899 112
3901 185
3902 204
3903 32
3904 188
3905 82
3906 145
3907 97
3908 112
3909 81
3910 204
3911 203
3912 117
3913 229
3914 199
3915 140
3916 9
3917 163
3918 32
3919 81
3920 1
3921 55
3922 41
3923 235
3924 220
3925 140
3926 28
3927 88
3928 215
3929 74
3930 215
3931 211
3932 91
3933 97
3934 55
3935 63
3936 204
3938 147
3939 76
3940 124
3941 18
3942 135
3943 81
3944 75
3945 162
3946 32
3947 112
3948 135
3949 105
3950 77
3951 81
3952 181
3953 140
3954 245
3955 204
3956 65
3957 146
3958 184
3959 234
3960 37
3961 14
3962 145
3963 62
3964 41
3965 155
3966 32
3967 144
3968 124
3969 61
3970 205
3971 46
3972 221
3973 214
3974 82
3975 27
3976 147
3977 168
3978 81
3979 146
3980 62
3981 43
3982 233
3983 155
3984 7
3985 106
3986 75
3987 32
3988 202
3989 67
3990 140
3991 107
3992 30
3993 171
3994 54
3995 1
3996 206
3997 32
3998 190
3999 202
4000 147
4001 41
4002 221
4003 230
4004 130
4005 200
4006 217
4007 1
4008 111
4009 142
4010 206
4011 137
4012 194
4013 35
4014 243
4015 32
4016 75
4017 21
4018 30
4019 148
4020 32
4021 1
4022 167
4023 190
4024 9
4025 109
4026 141
4027 234
4028 132
4029 203
4030 152
4031 199
4032 120
4033 43
4034 20
4035 33
4036 91
4037 1
4038 81
4039 185
4040 69
4041 142
4042 10
4043 102
4044 244
4045 229
4046 213
4047 231
4048 7
4049 98
4050 213
4051 192
4052 126
4053 190
4054 212
4055 238
4056 216
4057 185
4058 195
4059 90
4060 70
4061 203
4062 112
4063 11
4064 78
4065 32
4066 21
4067 41
4068 149
4069 126
4070 54
4071 161
4072 156
4073 168
4074 144
4075 140
4076 203
4077 144
4078 56
4079 141
4080 241
4081 176
4082 140
4083 13
4084 29
4085 1
4086 90
4087 15
4088 88
4089 32
4090 1
4091 88
4092 52
4093 212
4094 2
4095 141
4096 47
4097 49
4098 180
4099 212
4100 35
4101 15
4102 142
4103 215
4104 184
4105 149
4106 211
4107 243
4108 9
4109 70
4110 23
4111 235
4112 34
4113 106
4114 190
4115 245
4116 107
4117 82
4118 117
4119 47
4120 2
4121 12
4122 206
4123 212
4124 205
4125 140
4126 132
4127 213
4128 15
4129 112
4130 235
4131 207
4132 41
4133 183
4134 129
4135 11
4137 2
4138 1
4139 176
4140 221
4141 194
4142 36
4143 122
4144 1
4145 74
4146 106
4147 106
4148 32
4149 128
4150 1
4151 233
4152 74
4153 111
4154 30
4155 122
4156 32
4157 160
4158 2
4159 32
4160 15
4161 88
4162 54
4163 82
4164 145
4165 221
4166 1
4167 126
4168 118
4169 215
4170 249
4171 233
4172 54
4173 205
4174 200
4175 204
4176 113
4177 230
4178 169
4179 21
4180 195
4181 36
4182 75
4183 144
4184 74
4185 204
4186 27
4187 248
4188 8
4189 215
4190 134
4191 10
4192 174
4193 185
4194 149
4195 49
4196 44
4197 233
4198 169
4199 66
4200 141
4201 221
4202 176
4203 123
4204 88
4205 238
4206 191
4207 67
4208 32
4209 21
4210 231
4211 221
4212 134
4213 212
4214 9
4215 37
4216 145
4217 32
4218 111
4219 1
4220 135
4221 42
4222 87
4223 32
4224 161
4225 13
4226 12
4227 206
4228 104
4229 38
4230 106
4231 56
4232 147
4233 47
4234 59
4235 140
4236 76
4237 140
4238 246
4239 186
4240 77
4241 106
4242 234
4243 232
4244 242
4245 221
4246 32
4247 22
4248 8
4249 156
4250 1
4251 117
4252 150
4253 144
4254 14
4255 147
4256 62
4257 117
4258 12
4259 206
4260 45
4261 11
4262 32
4263 144
4264 167
4265 32
4266 54
4267 232
4268 67
4269 13
4270 102
4272 56
4273 117
4274 149
4275 184
4276 4
4277 246
4278 140
4279 21
4280 117
4281 218
4282 202
4283 32
4284 218
4285 41
4286 91
4287 62
4288 155
4289 187
4290 36
4291 30
4292 94
4293 15
4294 221
4295 206
4296 104
4297 38
4298 195
4299 205
4300 11
4301 149
4302 175
4303 24
4304 163
4305 14
4306 140
4307 54
4308 248
4309 91
4310 21
4311 32
4312 112
4313 76
4314 140
4315 55
4316 193
4317 104
4318 52
4319 1
4320 61
4321 59
4322 41
4323 212
4324 219
4325 106
4326 234
4327 98
4328 65
4329 11
4330 32
4331 221
4332 157
4333 58
4334 35
4335 249
4336 140
4337 207
4338 33
4339 21
4340 200
4341 221
4342 238
4343 212
4344 85
4345 155
4346 81
4347 1
4348 233
4349 70
4350 135
4351 191
4352 1
4353 12
4354 12
4355 112
4356 194
4357 147
4358 167
4359 41
4360 161
4361 232
4362 205
4363 194
4364 223
4365 98
4366 25
4367 32
4369 25
4370 59
4371 141
4372 1
4373 221
4374 180
4375 78
4376 144
4377 65
4378 195
4379 140
4380 117
4381 68
4382 82
4383 87
4384 202
4385 233
4386 136
4387 104
4388 56
4389 41
4390 221
4391 77
4392 148
4393 249
4394 32
4395 140
4396 111
4397 132
4398 197
4399 27
4400 119
4401 61
4402 152
4403 129
4404 221
4405 11
4406 145
4407 131
4408 20
4409 220
4410 249
4411 140
4412 2
4413 231
4415 135
4416 32
4417 249
4418 19
4419 167
4420 133
4421 88
4422 35
4423 1
4424 89
4425 11
4426 68
4427 56
4428 209
4429 184
4430 212
4431 234
4432 205
4433 67
4434 216
4435 140
4436 221
4437 136
4439 205
4440 135
4441 39
4442 56
4443 105
4444 158
4445 163
4446 183
4447 57
4448 174
4449 27
4450 140
4451 230
4452 14
4453 21
4454 229
4455 77
4456 97
4457 204
4458 124
4459 31
4460 140
4461 65
4462 197
4463 128
4464 197
4465 41
4466 36
4467 52
4468 163
4469 88
4470 199
4471 112
4472 134
4473 117
4474 1
4475 234
4476 40
4477 3
4478 32
4479 107
4480 22
4481 126
4482 141
4483 35
4484 233
4485 203
4486 1
4487 82
4488 231
4489 205
4490 230
4491 112
4492 61
4493 149
4494 81
4495 174
4496 127
4497 16
4498 203
4499 145
4500 140
4501 115
4502 147
4503 230
4504 32
4505 203
4506 139
4507 1
4508 234
4509 112
4510 20
4511 230
4512 83
4513 67
4514 41
4515 107
4516 185
4517 77
4518 151
4519 144
4520 195
4521 65
4522 249
4523 212
4524 63
4525 12
4526 70
4527 188
4528 219
4529 233
4530 191
4531 248
4532 106
4533 246
4534 198
4535 148
4536 246
4537 117
4538 185
4539 144
4540 203
4541 49
4542 41
4543 230
4544 82
4545 94
4546 1
4547 1
4548 232
4549 248
4550 77
4551 112
4552 141
4553 82
4554 203
4555 230
4556 52
4557 27
4558 216
4559 210
4560 41
4561 127
4562 230
4563 82
4564 98
4565 15
4566 175
4567 203
4568 78
4569 74
4570 61
4571 52
4572 21
4573 62
4574 202
4575 68
4576 234
4577 221
4578 139
4579 36
4580 13
4581 233
4582 32
4583 220
4584 107
4585 213
4586 62
4587 156
4588 242
4589 206
4590 203
4591 57
4592 106
4593 42
4594 98
4595 32
4596 1
4598 222
4599 32
4600 221
4601 221
4602 140
4603 221
4604 62
4605 155
4606 91
4607 147
4608 32
4609 82
4610 32
4611 14
4612 1
4613 11
4614 61
4615 67
4616 32
4617 5
4618 190
4619 96
4620 195
4621 226
4622 193
4623 185
4624 36
4625 38
4626 21
4627 9
4628 118
4629 49
4630 246
4631 219
4632 234
4633 82
4634 1
4635 141
4636 82
4637 135
4638 246
4639 234
4640 11
4641 249
4642 153
4643 107
4644 91
4645 149
4646 148
4647 231
4648 221
4649 190
4650 106
4651 221
4652 50
4653 168
4654 89
4655 112
4656 46
4657 203
4658 205
4659 72
4660 129
4661 32
4662 15
4663 40
4664 67
4665 90
4666 32
4667 41
4668 232
4669 203
4670 98
4671 61
4672 140
4673 73
4674 103
4675 1
4676 78
4677 201
4678 32
4679 1
4680 249
4681 221
4682 206
4683 30
4684 67
4685 221
4686 206
4687 52
4688 242
4689 126
4690 36
4691 118
4692 44
4693 36
4694 149
4695 56
4696 115
4697 139
4698 2
4699 68
4700 72
4701 202
4702 126
4703 112
4704 97
4705 1
4706 75
4707 1
4708 246
4709 247
4710 174
4711 98
4712 134
4713 8
4714 135
4715 249
4716 224
4717 95
4718 140
4719 231
4720 55
4721 203
4722 117
4723 232
4724 243
4725 77
4726 32
4727 82
4728 145
4729 1
4730 171
4731 107
4732 35
4733 21
4734 212
4735 1
4736 140
4737 220
4738 36
4739 46
4740 230
4741 1
4742 224
4744 88
4745 71
4746 194
4748 144
4749 10
4750 205
4751 41
4752 243
4753 106
4754 175
4755 1
4756 118
4757 203
4758 41
4759 140
4760 82
4761 234
4762 1
4763 61
4764 140
4765 52
4766 65
4767 14
4768 130
4769 77
4770 32
4771 212
4772 233
4773 2
4774 243
4775 163
4776 2
4777 55
4778 169
4779 155
4780 49
4781 56
4782 186
4783 167
4784 126
4785 41
4786 12
4787 117
4788 148
4789 7
4790 44
4791 62
4792 82
4793 46
4794 221
4795 233
4796 147
4797 160
4798 12
4799 133
4800 233
4801 67
4802 155
4803 221
4804 12
4805 221
4806 194
4807 140
4808 67
4809 149
4810 206
4811 1
4812 74
4813 11
4814 41
4815 67
4816 238
4817 135
4818 108
4819 135
4820 231
4821 141
4822 197
4823 144
4824 109
4825 117
4826 147
4827 77
4828 231
4829 147
4830 231
4831 46
4832 17
4833 1
4834 195
4835 206
4836 1
4837 67
4839 118
4840 206
4841 212
4842 118
4843 20
4844 212
4845 61
4846 1
4847 112
4848 1
4849 111
4850 88
4851 61
4852 117
4853 94
4854 61
4855 112
4856 229
4857 62
4858 105
4859 184
4860 249
4861 59
4862 234
4863 243
4864 61
4865 195
4866 49
4867 144
4868 11
4869 56
4870 32
4871 61
4872 238
4873 32
4874 238
4875 140
4876 49
4877 183
4878 82
4879 185
4880 213
4881 167
4882 215
4883 140
4884 141
4885 7
4886 112
4887 204
4888 1
4889 106
4890 117
4891 148
4892 246
4893 21
4894 141
4895 185
4896 221
4897 202
4898 7
4899 206
4900 46
4901 32
4902 1
4903 155
4904 12
4905 1
4906 230
4907 84
4908 231
4909 41
4910 206
4911 47
4912 248
4913 88
4914 106
4915 112
4916 32
4917 192
4918 88
4919 30
4920 129
4921 96
4922 199
4923 97
4924 126
4925 234
4926 203
4927 36
4928 243
4929 145
4930 230
4931 144
4932 2
4933 49
4934 1
4935 129
4936 2
4937 112
4938 56
4939 233
4940 109
4941 155
4942 135
4943 205
4944 52
4945 183
4946 145
4947 112
4948 239
4949 233
4950 208
4951 67
4952 65
4953 162
4954 34
4955 41
4956 32
4957 47
4958 1
4959 211
4960 16
4961 147
4962 64
4963 52
4964 41
4965 2
4966 74
4967 187
4968 203
4969 243
4970 49
4971 235
4972 233
4973 182
4974 55
4975 9
4976 82
4977 128
4978 134
4979 121
4980 55
4981 140
4982 105
4983 1
4984 1
4985 82
4986 56
4987 137
4988 190
4989 140
4990 27
4991 15
4992 144
4993 117
4994 140
4995 221
4996 62
4997 140
4998 185
4999 115
5000 224
5001 148
5002 203
5003 185
5004 11
5005 1
5006 148
5007 81
5008 20
5009 126
5010 27
5011 30
5012 15
5013 15
5014 146
5015 62
5016 195
5017 229
5018 212
5019 97
5020 149
5021 32
5022 147
5023 129
5024 132
5025 132
5026 106
5027 32
5028 215
5029 229
5030 1
5031 135
5032 32
5033 52
5034 49
5035 198
5036 20
5037 8
5038 142
5039 142
5040 142
5041 27
5042 81
5043 234
5044 140
5045 49
5046 36
5047 190
5048 148
5049 41
5050 144
5051 144
5052 106
5053 52
5054 94
5055 221
5056 147
5057 30
5058 135
5059 135
5060 111
5061 1
5062 212
5063 65
5064 97
5065 76
5066 160
5067 81
5068 246
5069 205
5070 1
5071 81
5072 11
5073 82
5074 214
5075 195
5076 61
5077 32
5078 61
5079 246
5080 246
5081 32
5082 1
5083 44
5084 149
5085 147
5086 202
5087 147
5088 1
5089 230
5090 190
5091 197
5092 2
5093 12
5094 212
5095 212
5096 52
5097 32
5098 224
5099 1
5100 112
5101 231
5102 61
5103 122
5104 135
5105 135
5106 32
5107 156
5108 221
5109 32
5110 141
5111 141
5112 112
5113 41
5114 176
5115 38
5116 190
5117 30
5118 204
5119 105
5120 139
5121 249
5122 141
5123 1
5124 249
5125 231
5126 215
5127 197
5128 143
5129 238
5130 151
5131 174
5132 49
5133 5
5134 134
5135 183
5136 112
5137 176
5138 167
5139 112
5140 197
5141 134
5142 32
5143 234
5144 41
5145 118
5146 52
5147 205
5148 34
5149 117
5150 206
5151 83
5152 151
5153 38
5154 140
5155 32
5156 111
5157 180
5158 192
5159 106
5160 21
5161 105
5162 234
5163 50
