0 80
1 50
2 172
3 63
4 237
5 165
6 62
7 125
8 142
9 199
10 88
11 221
12 145
13 129
14 175
15 239
16 31
17 52
18 186
19 110
20 229
21 84
22 173
23 125
24 101
25 152
26 198
27 12
28 119
29 122
30 199
31 233
32 157
33 37
34 110
35 118
36 17
37 239
38 244
39 249
40 134
41 47
42 195
43 111
44 100
45 243
46 171
47 213
48 35
49 108
50 179
51 21
52 85
53 69
54 155
55 162
56 11
57 95
58 142
59 199
60 139
61 178
62 2
63 193
64 172
65 110
66 191
67 1
68 101
69 121
70 213
71 76
72 15
73 117
74 44
75 172
76 18
77 47
78 97
79 221
80 226
81 141
82 62
83 193
84 81
85 62
86 101
87 187
88 101
89 1
90 117
91 20
92 107
93 238
94 69
95 25
96 47
97 147
98 65
99 157
100 214
101 138
102 53
103 10
104 177
105 14
106 138
107 115
108 121
109 182
110 56
111 50
112 5
113 202
114 173
115 177
116 131
117 72
118 172
119 177
120 97
121 9
122 235
123 154
124 196
125 137
126 184
127 205
128 152
129 114
130 99
131 225
132 239
133 165
134 10
135 182
136 157
137 177
138 127
139 160
140 239
141 163
142 237
143 248
144 98
145 86
146 50
147 40
148 86
149 74
150 2
151 221
152 159
153 239
154 63
155 193
156 47
157 171
158 188
159 125
160 23
161 239
162 212
163 236
164 69
165 39
166 47
167 246
168 133
169 134
170 197
171 79
172 197
173 85
174 207
175 45
176 37
177 163
178 90
179 7
180 239
181 210
182 2
183 26
184 130
185 216
186 239
187 154
188 202
189 8
190 71
191 211
192 104
193 233
194 116
195 139
196 79
197 121
198 81
199 108
200 204
201 9
202 85
203 39
204 186
205 39
206 125
207 213
208 238
209 125
210 156
211 121
212 94
213 128
214 143
215 140
216 99
217 134
218 76
219 198
220 221
221 38
222 162
223 63
224 21
225 89
226 85
227 239
228 119
229 79
230 27
231 242
232 162
233 205
234 215
235 162
236 194
237 18
238 71
239 59
240 184
241 24
242 187
243 207
244 182
245 40
246 34
247 22
248 26
249 47
250 197
251 26
252 62
253 224
254 107
255 47
256 234
257 115
258 183
259 125
260 33
261 186
262 79
263 201
264 235
265 209
266 36
267 233
268 223
269 188
270 69
271 211
272 182
273 10
274 213
275 75
276 182
277 96
278 240
279 134
280 192
281 149
282 59
283 104
284 49
285 137
286 244
287 190
288 95
289 236
290 104
291 31
292 221
293 103
294 9
295 117
296 162
297 111
298 199
301 241
302 59
303 12
304 25
305 9
306 45
307 89
308 122
309 19
310 39
311 182
312 189
313 98
314 229
315 123
316 65
317 66
318 92
319 233
320 39
321 196
322 105
323 204
324 99
325 18
326 77
327 191
328 79
329 21
330 202
331 84
332 138
333 164
334 89
335 35
336 104
337 210
338 119
339 99
340 194
341 86
342 170
343 96
344 2
345 61
346 199
347 22
348 219
349 23
350 215
351 238
352 90
353 105
354 199
355 197
356 103
357 191
358 54
359 246
360 159
361 203
362 91
363 143
364 199
365 129
366 233
367 48
368 81
369 160
370 234
371 237
372 88
373 30
374 236
375 21
376 1
377 40
378 165
379 200
380 168
381 98
382 191
383 9
384 58
385 79
386 74
387 61
388 99
389 41
390 40
391 168
392 26
393 8
394 9
395 74
396 196
397 187
398 242
399 133
400 102
401 226
402 221
403 105
404 50
405 99
407 78
408 249
409 101
410 84
411 106
412 56
413 94
414 188
415 37
416 194
417 12
418 157
419 45
420 85
421 39
422 211
423 238
424 47
425 12
426 227
427 160
428 48
429 101
430 28
431 109
432 239
433 129
434 6
435 99
436 9
437 103
438 222
439 214
440 230
441 10
442 141
443 63
444 49
445 44
446 43
447 39
448 104
449 38
450 140
451 245
452 247
453 27
454 156
455 205
456 41
457 92
458 34
459 135
460 55
461 184
462 191
463 111
464 10
465 45
466 65
467 81
468 67
469 134
470 224
471 63
472 106
473 12
474 15
475 223
476 99
477 99
478 193
479 162
480 59
481 102
482 246
483 152
484 188
485 213
486 168
487 162
488 243
489 203
490 132
491 171
492 205
493 199
494 60
495 98
496 218
497 222
498 236
499 47
500 139
501 168
502 175
503 221
504 20
505 206
506 73
507 82
508 149
509 241
510 154
511 150
512 188
513 48
514 123
515 227
516 53
517 72
518 119
519 239
520 9
522 146
523 203
524 216
525 117
526 75
527 42
528 248
529 236
530 209
531 144
532 162
533 193
534 1
535 214
536 0
537 216
538 76
539 114
540 189
541 105
542 99
543 196
544 199
545 202
546 125
547 85
548 144
549 73
550 9
551 69
552 188
553 125
554 50
555 1
556 15
557 88
558 106
559 160
560 160
561 150
562 121
563 42
564 179
565 233
566 84
567 62
568 98
569 228
570 169
571 93
572 176
573 182
574 133
575 1
576 234
577 203
578 214
579 52
580 59
581 208
582 216
583 170
584 222
585 172
586 182
587 187
588 139
589 242
590 58
591 162
592 133
593 38
594 153
595 85
596 127
597 111
598 92
599 202
600 218
601 150
602 204
603 5
604 162
605 187
606 48
607 168
608 44
609 164
610 234
611 74
612 247
613 152
614 57
615 21
616 158
617 143
618 226
619 203
620 45
621 175
622 131
623 179
624 12
626 121
627 239
628 30
629 239
630 76
631 219
632 158
633 199
634 24
635 231
636 38
637 210
638 196
639 228
640 98
641 150
642 240
643 242
644 28
645 204
646 152
647 5
648 97
649 193
650 232
651 89
652 152
654 57
655 32
656 134
657 171
658 134
659 44
660 47
661 197
662 129
663 118
664 89
665 199
666 129
667 186
668 30
669 188
670 134
671 99
672 152
673 99
674 243
675 162
676 45
677 96
678 12
679 187
680 62
681 29
682 94
683 30
684 156
685 235
686 122
687 188
688 239
689 72
690 13
691 191
692 245
693 121
694 189
695 200
696 9
697 199
698 239
699 104
700 209
701 129
702 17
703 35
704 235
705 249
706 186
707 47
708 90
709 119
710 10
711 194
712 201
713 9
715 115
716 189
717 211
718 206
719 5
720 119
721 228
722 206
723 116
724 80
725 5
726 150
727 65
728 164
729 56
730 46
731 236
732 38
733 9
734 202
735 17
736 157
737 226
738 23
739 188
740 221
741 142
742 239
743 144
744 50
745 211
746 160
747 79
748 22
749 192
750 68
751 38
752 228
753 68
754 8
755 5
756 67
757 99
758 144
759 198
760 34
761 2
762 204
763 236
764 111
765 113
766 188
767 205
768 32
769 56
770 47
771 78
772 92
773 97
774 243
775 0
776 89
777 32
778 215
779 23
780 11
781 153
782 115
783 98
784 41
785 226
786 69
787 65
788 150
790 73
791 162
792 165
793 23
794 133
795 121
796 27
797 88
798 129
799 1
800 164
801 240
802 17
803 86
804 5
805 30
806 119
807 204
808 215
809 2
810 165
811 5
812 229
813 32
814 239
815 160
816 72
817 236
818 89
819 212
820 186
821 99
822 12
823 36
824 182
825 216
826 49
827 112
828 93
829 24
830 46
831 1
832 57
833 90
834 133
835 111
836 68
837 157
838 25
839 3
840 141
841 163
842 24
843 193
844 90
845 243
846 226
847 61
848 17
849 88
850 247
851 180
852 173
853 49
854 229
855 63
856 10
857 5
858 122
859 45
860 84
861 107
862 199
863 63
864 130
865 10
866 99
867 92
868 99
869 71
870 9
871 237
872 50
873 111
874 165
875 221
876 186
877 204
878 36
879 9
880 247
881 3
882 99
883 135
884 14
885 11
886 156
887 144
888 227
889 54
890 205
891 57
892 139
893 201
894 98
895 199
896 165
897 213
898 101
899 137
900 38
901 197
902 104
903 210
904 9
905 114
906 246
907 105
908 31
909 186
910 114
911 50
912 191
913 92
914 125
915 41
916 238
917 99
918 68
919 99
920 188
921 39
922 4
923 84
924 239
925 30
926 117
927 85
928 59
929 99
930 92
931 55
932 118
933 39
934 209
935 144
936 135
937 66
938 106
939 1
940 7
941 76
942 66
943 183
944 6
945 90
946 85
947 144
948 65
949 239
950 107
951 22
952 79
953 155
954 212
955 133
956 134
957 65
958 78
959 33
960 110
961 153
962 57
963 73
964 94
965 43
966 62
967 160
968 168
969 53
970 125
971 7
972 9
973 203
974 37
975 95
976 85
977 110
978 204
979 134
980 9
981 180
982 233
983 59
984 200
985 63
986 31
987 168
988 186
989 175
990 72
991 82
992 152
993 136
994 112
995 47
996 168
997 63
998 164
999 158
1000 165
1001 108
1002 9
1003 191
1004 63
1005 37
1006 166
1007 95
1008 99
1009 85
1010 49
1011 1
1012 232
1013 214
1014 69
1015 239
1016 186
1018 203
1019 125
1020 27
1021 153
1022 84
1023 59
1024 37
1025 23
1026 78
1027 14
1028 11
1029 69
1030 199
1031 129
1032 18
1033 235
1034 162
1035 154
1036 222
1037 181
1038 144
1039 125
1040 99
1041 63
1042 150
1043 222
1044 133
1045 162
1046 103
1047 215
1048 234
1049 119
1050 224
1051 165
1052 163
1053 89
1054 229
1055 10
1056 204
1057 64
1058 92
1059 82
1060 99
1061 72
1062 187
1063 215
1064 69
1065 228
1066 125
1067 183
1068 197
1069 220
1070 101
1071 117
1072 188
1073 73
1074 9
1075 109
1076 248
1077 90
1078 45
1079 83
1080 105
1081 46
1082 93
1083 10
1084 196
1085 168
1086 198
1087 144
1088 9
1089 65
1090 65
1091 242
1092 15
1093 1
1094 235
1095 182
1096 104
1097 228
1098 38
1099 19
1100 82
1101 126
1102 91
1103 86
1104 127
1105 68
1106 87
1107 35
1108 29
1109 244
1110 39
1111 9
1112 41
1113 107
1114 21
1115 239
1116 45
1117 9
1118 102
1119 199
1120 189
1121 23
1122 123
1123 226
1124 59
1125 133
1126 214
1127 242
1128 221
1129 114
1130 104
1131 195
1132 249
1133 196
1134 25
1135 233
1136 125
1137 15
1138 104
1139 98
1140 198
1141 218
1142 85
1143 122
1144 179
1145 199
1146 19
1147 67
1148 46
1149 208
1150 70
1151 9
1152 56
1153 5
1154 9
1155 205
1156 198
1157 121
1158 75
1159 235
1160 114
1161 14
1162 21
1163 238
1164 160
1165 215
1166 89
1167 168
1168 101
1169 232
1170 76
1171 2
1172 224
1173 8
1174 144
1175 101
1176 9
1177 239
1179 239
1180 125
1181 0
1182 188
1183 162
1184 219
1185 104
1186 6
1187 191
1188 183
1189 215
1190 8
1191 154
1192 2
1193 82
1194 59
1195 235
1196 22
1197 6
1198 198
1199 6
1200 36
1201 65
1202 75
1203 22
1205 117
1206 122
1207 221
1208 168
1209 187
1210 62
1211 75
1212 18
1213 125
1214 202
1215 56
1216 58
1217 74
1218 30
1219 115
1220 46
1221 198
1222 178
1223 242
1224 171
1225 135
1226 117
1227 84
1228 162
1229 52
1230 49
1231 62
1232 172
1233 117
1234 108
1235 247
1236 20
1237 104
1238 92
1239 38
1240 199
1241 44
1242 106
1243 75
1244 208
1245 228
1246 150
1247 170
1248 40
1249 46
1250 95
1251 203
1252 104
1253 222
1254 147
1255 5
1256 178
1257 81
1258 195
1259 47
1260 6
1261 217
1262 9
1263 65
1264 32
1265 172
1266 17
1267 243
1268 221
1269 117
1270 140
1271 24
1273 88
1274 79
1275 239
1277 29
1278 119
1279 201
1280 104
1281 94
1282 171
1283 141
1284 75
1285 212
1286 59
1287 58
1288 157
1289 59
1290 249
1291 212
1292 38
1293 9
1294 245
1295 233
1296 22
1297 216
1298 160
1299 0
1300 204
1301 46
1302 242
1303 10
1304 174
1305 57
1306 104
1307 163
1308 83
1309 37
1310 239
1311 152
1312 69
1313 92
1314 43
1315 134
1316 200
1317 214
1318 67
1319 87
1320 41
1321 244
1322 97
1323 41
1324 226
1325 116
1326 191
1327 213
1328 85
1329 99
1330 99
1331 5
1332 247
1333 47
1334 73
1335 101
1336 24
1337 17
1338 0
1339 177
1340 63
1341 222
1342 47
1343 82
1344 73
1345 162
1346 212
1347 171
1348 134
1349 188
1350 146
1351 11
1352 201
1353 9
1354 60
1355 171
1356 39
1357 5
1358 99
1359 13
1360 248
1361 119
1362 60
1363 226
1364 205
1365 52
1366 177
1367 247
1368 60
1369 32
1370 5
1371 184
1372 2
1373 65
1374 239
1375 83
1376 129
1377 150
1378 110
1379 75
1380 194
1381 245
1382 38
1383 241
1384 39
1385 46
1386 238
1387 68
1388 226
1389 75
1390 67
1391 133
1392 99
1393 160
1394 153
1396 8
1397 239
1398 59
1400 144
1401 189
1402 68
1403 163
1404 171
1405 144
1406 94
1407 173
1408 154
1409 112
1410 244
1411 36
1412 238
1413 99
1414 197
1415 182
1416 137
1417 22
1418 117
1419 237
1420 197
1421 45
1422 186
1423 41
1425 35
1426 130
1427 91
1428 34
1429 37
1430 22
1431 20
1432 99
1433 117
1434 144
1435 173
1436 99
1437 228
1438 160
1439 2
1440 215
1441 228
1442 187
1443 43
1444 64
1445 132
1446 50
1447 173
1448 198
1449 197
1450 119
1451 210
1452 224
1453 136
1454 113
1455 235
1456 199
1457 99
1458 191
1459 174
1460 32
1461 238
1463 7
1464 99
1465 239
1466 125
1467 85
1468 167
1469 9
1470 69
1471 29
1472 235
1473 217
1474 62
1475 72
1476 99
1477 99
1478 82
1479 84
1480 18
1481 162
1482 36
1483 86
1484 91
1485 144
1486 125
1487 228
1488 203
1489 186
1490 93
1491 162
1493 189
1494 96
1495 203
1496 65
1497 182
1498 90
1499 1
1500 196
1501 226
1502 74
1503 82
1504 191
1505 14
1506 104
1507 20
1508 234
1509 221
1510 9
1511 70
1512 152
1513 70
1514 222
1515 99
1516 171
1517 199
1518 191
1519 8
1520 165
1521 191
1522 181
1523 222
1524 198
1525 10
1526 51
1527 9
1528 205
1529 47
1530 152
1531 162
1532 234
1533 104
1534 99
1535 210
1536 98
1537 158
1538 119
1539 101
1540 101
1541 0
1542 174
1543 43
1544 98
1545 236
1546 188
1547 223
1548 224
1549 71
1550 217
1551 134
1552 143
1553 212
1554 103
1555 89
1556 191
1557 123
1558 37
1559 58
1560 1
1561 101
1562 168
1563 18
1564 71
1565 53
1566 205
1567 18
1568 49
1569 153
1570 99
1571 122
1572 99
1573 1
1574 134
1575 239
1576 117
1577 172
1578 60
1579 99
1580 122
1581 12
1582 134
1583 115
1584 144
1585 47
1586 9
1587 48
1588 45
1589 51
1590 71
1591 48
1592 11
1593 63
1594 48
1595 49
1596 7
1597 20
1598 231
1599 103
1600 163
1601 191
1602 236
1603 104
1604 81
1605 187
1606 149
1607 198
1608 79
1609 105
1610 168
1611 226
1612 200
1613 162
1614 182
1615 170
1616 45
1617 215
1618 74
1619 221
1620 247
1621 197
1622 125
1623 104
1624 125
1625 101
1626 19
1627 136
1628 104
1629 232
1630 118
1631 199
1632 214
1633 191
1634 239
1635 47
1636 18
1637 27
1638 56
1639 247
1640 49
1641 56
1642 153
1643 237
1644 111
1645 144
1646 50
1647 69
1648 99
1649 6
1650 79
1651 69
1652 56
1653 154
1654 150
1655 9
1656 62
1657 45
1658 103
1659 75
1660 122
1661 204
1662 232
1663 47
1664 152
1665 162
1666 24
1667 71
1668 18
1669 90
1670 103
1671 29
1672 62
1673 168
1674 38
1675 166
1676 138
1677 40
1678 101
1679 196
1680 184
1681 39
1682 57
1683 60
1684 60
1685 84
1686 219
1688 199
1689 163
1690 39
1691 205
1692 223
1693 163
1694 59
1695 150
1696 234
1697 52
1698 77
1699 191
1700 5
1701 149
1702 86
1703 18
1704 8
1705 172
1706 50
1707 49
1708 177
1709 233
1710 224
1711 68
1712 42
1713 171
1714 193
1716 99
1717 56
1718 101
1719 159
1720 188
1721 156
1722 91
1723 137
1725 235
1726 97
1727 134
1728 48
1729 178
1730 91
1731 152
1732 138
1733 202
1734 78
1735 239
1736 26
1737 114
1738 5
1739 6
1740 69
1741 233
1742 52
1743 30
1744 57
1745 196
1746 96
1747 135
1748 24
1749 197
1750 101
1751 104
1752 65
1753 1
1754 142
1755 164
1756 208
1757 123
1758 212
1759 94
1760 53
1761 82
1762 98
1764 65
1765 99
1766 80
1767 56
1768 94
1770 108
1771 180
1772 116
1773 199
1774 144
1775 104
1776 84
1777 97
1778 82
1779 20
1780 65
1781 99
1782 79
1783 117
1784 198
1785 14
1786 14
1787 129
1788 117
1789 188
1790 32
1791 92
1792 244
1793 41
1794 227
1795 242
1796 84
1797 103
1798 8
1799 187
1800 21
1801 8
1802 106
1803 199
1804 3
1805 220
1806 195
1807 144
1808 32
1809 14
1810 233
1811 72
1812 9
1813 99
1814 249
1815 86
1816 204
1817 212
1818 179
1819 50
1820 165
1821 45
1822 87
1823 117
1824 70
1825 40
1826 18
1827 98
1828 191
1829 91
1830 5
1831 82
1832 241
1833 68
1834 37
1835 5
1836 123
1837 186
1838 212
1839 173
1840 226
1841 1
1842 1
1843 99
1844 239
1845 113
1846 113
1847 86
1848 69
1849 199
1850 196
1851 72
1852 164
1853 160
1854 135
1855 8
1856 69
1857 149
1858 123
1859 41
1860 12
1861 82
1862 84
1863 89
1864 188
1865 187
1866 233
1867 110
1868 158
1869 90
1870 240
1871 222
1872 1
1873 37
1874 92
1875 233
1876 157
1877 27
1878 222
1879 211
1881 198
1882 11
1883 56
1884 236
1885 188
1886 151
1887 239
1888 112
1889 98
1890 122
1891 100
1892 20
1893 158
1894 219
1895 130
1896 23
1897 178
1898 99
1899 204
1900 134
1901 221
1902 237
1903 101
1904 242
1905 119
1906 175
1907 90
1908 244
1909 99
1910 12
1911 203
1912 107
1913 76
1914 119
1915 144
1916 117
1917 95
1918 233
1919 212
1920 94
1921 199
1922 105
1923 20
1924 45
1925 99
1926 47
1927 115
1928 245
1929 215
1930 17
1931 90
1932 233
1933 199
1934 109
1935 50
1936 202
1937 104
1938 191
1939 154
1940 32
1941 88
1942 72
1943 196
1944 148
1945 58
1946 121
1947 99
1948 187
1949 99
1950 174
1951 221
1952 134
1953 99
1954 56
1955 84
1956 60
1957 204
1958 20
1959 50
1960 35
1961 231
1962 92
1963 219
1964 84
1965 244
1966 74
1967 65
1968 109
1969 248
1970 177
1971 9
1972 178
1973 238
1974 122
1975 15
1976 67
1977 246
1978 143
1979 30
1980 198
1981 122
1982 110
1983 103
1984 172
1985 149
1986 134
1987 22
1988 64
1989 11
1990 102
1991 7
1992 24
1993 182
1994 50
1995 196
1996 35
1997 160
1998 178
1999 114
2000 181
2002 96
2003 103
2004 233
2006 101
2007 202
2008 20
2009 152
2010 45
2011 238
2012 144
2013 233
2014 90
2015 23
2016 69
2017 148
2018 138
2019 51
2020 60
2021 191
2022 114
2023 107
2024 9
2025 247
2026 199
2027 204
2028 197
2029 69
2030 59
2031 45
2032 228
2033 129
2034 5
2035 129
2037 82
2038 193
2039 150
2040 200
2041 152
2042 103
2043 245
2044 121
2045 214
2046 148
2047 177
2049 99
2050 197
2051 125
2052 215
2053 239
2054 68
2055 139
2056 175
2057 121
2058 99
2059 203
2060 45
2061 79
2062 194
2063 152
2064 122
2065 107
2066 156
2067 152
2068 80
2069 44
2070 144
2071 233
2072 95
2073 236
2074 115
2075 229
2076 9
2077 44
2078 187
2079 7
2080 99
2081 229
2082 245
2083 223
2084 204
2085 62
2086 1
2087 242
2088 95
2089 84
2090 207
2091 175
2092 104
2093 144
2094 48
2095 58
2096 9
2097 21
2098 233
2099 129
2100 8
2101 41
2102 236
2103 99
2104 188
2105 2
2106 5
2108 134
2109 175
2110 152
2111 188
2112 132
2113 125
2114 17
2115 41
2116 121
2117 214
2118 69
2119 38
2120 236
2121 1
2122 160
2123 37
2125 55
2126 228
2127 39
2128 92
2129 26
2130 243
2131 70
2132 32
2133 134
2134 223
2135 47
2136 47
2137 60
2138 32
2139 192
2140 130
2141 160
2142 134
2143 1
2144 49
2145 99
2146 119
2147 78
2148 84
2149 174
2150 99
2151 95
2152 52
2153 63
2154 247
2155 232
2156 92
2157 233
2158 191
2159 79
2160 46
2161 87
2162 128
2163 219
2164 199
2165 143
2166 15
2167 2
2168 197
2169 7
2170 63
2171 50
2172 174
2173 8
2174 39
2175 71
2176 9
2177 35
2178 133
2179 232
2180 39
2181 134
2182 199
2183 12
2184 50
2185 74
2186 26
2187 68
2188 9
2189 204
2190 198
2191 63
2192 95
2193 104
2194 59
2195 199
2196 6
2197 233
2198 62
2199 108
2200 26
2201 217
2202 191
2203 247
2204 31
2205 43
2208 187
2209 10
2211 133
2212 99
2213 175
2214 203
2215 35
2216 175
2217 107
2218 168
2219 39
2220 47
2221 5
2222 59
2223 62
2224 126
2225 249
2226 178
2227 239
2228 118
2229 244
2230 214
2231 45
2232 143
2233 122
2234 107
2235 110
2236 138
2237 123
2238 171
2239 183
2240 238
2241 197
2242 180
2243 174
2244 99
2245 104
2246 123
2247 143
2248 115
2249 112
2250 187
2251 7
2252 129
2253 110
2254 139
2255 188
2256 162
2257 86
2258 158
2260 47
2261 85
2262 239
2263 32
2264 12
2265 238
2266 32
2267 199
2268 35
2269 166
2270 196
2271 125
2272 9
2273 39
2274 117
2275 157
2276 44
2277 37
2278 62
2279 119
2281 23
2282 238
2283 39
2284 218
2285 244
2286 90
2287 244
2288 99
2289 244
2290 56
2291 136
2292 8
2293 160
2294 134
2295 121
2296 37
2297 49
2298 12
2299 62
2300 97
2301 53
2302 71
2303 231
2304 117
2305 197
2306 119
2307 9
2309 99
2310 86
2311 4
2312 125
2313 17
2314 239
2315 88
2316 216
2317 193
2318 20
2319 79
2320 198
2321 75
2322 129
2323 71
2324 182
2325 94
2327 31
2328 105
2329 227
2330 53
2331 38
2332 238
2333 66
2334 59
2335 139
2336 101
2337 98
2338 163
2339 193
2340 89
2341 82
2342 99
2343 199
2344 191
2345 3
2346 216
2347 2
2348 80
2349 108
2350 74
2351 152
2352 2
2353 101
2354 108
2355 87
2356 175
2357 152
2358 38
2359 13
2361 226
2362 95
2363 20
2364 181
2365 150
2366 129
2367 247
2368 206
2369 125
2370 163
2371 22
2372 115
2373 8
2374 59
2375 112
2376 183
2377 92
2378 123
2379 94
2380 20
2382 221
2383 47
2384 60
2385 92
2386 25
2387 174
2388 6
2389 152
2390 99
2391 99
2392 14
2393 206
2394 47
2395 174
2396 99
2398 160
2399 70
2400 228
2401 199
2403 168
2404 106
2405 214
2406 244
2407 188
2408 242
2410 152
2411 99
2412 191
2413 162
2414 197
2415 232
2416 101
2417 144
2418 243
2419 69
2420 197
2421 75
2422 47
2423 75
2424 26
2425 59
2426 8
2427 77
2428 172
2429 104
2430 97
2431 208
2432 110
2433 18
2434 71
2435 37
2436 85
2437 82
2438 14
2439 9
2440 117
2441 35
2442 71
2443 235
2444 27
2445 82
2446 59
2447 0
2448 245
2449 173
2450 89
2451 30
2452 63
2453 160
2454 9
2455 115
2456 191
2457 47
2458 37
2459 223
2460 80
2461 233
2462 193
2463 158
2464 214
2465 72
2466 247
2467 47
2468 99
2469 163
2470 184
2471 69
2472 229
2473 23
2474 84
2475 36
2476 228
2477 0
2478 75
2479 40
2480 29
2481 7
2482 32
2483 9
2484 25
2485 96
2486 45
2487 90
2488 122
2489 197
2490 227
2491 77
2492 74
2493 73
2494 5
2495 186
2496 9
2497 191
2498 103
2499 36
2500 105
2501 51
2503 219
2504 184
2505 117
2506 242
2507 213
2508 134
2509 50
2511 9
2512 196
2513 196
2514 139
2515 101
2516 50
2517 55
2518 5
2519 168
2520 223
2521 126
2522 158
2523 160
2524 99
2525 247
2526 57
2527 193
2528 9
2529 71
2530 193
2531 37
2532 104
2533 72
2534 104
2535 49
2536 103
2537 197
2538 226
2539 233
2540 187
2541 221
2542 38
2543 84
2544 203
2545 47
2546 83
2547 90
2548 9
2549 204
2550 43
2551 196
2552 92
2553 9
2554 99
2555 22
2556 188
2557 139
2558 122
2559 222
2560 99
2561 86
2562 117
2563 99
2564 168
2565 170
2566 92
2567 27
2568 85
2569 96
2570 59
2571 110
2572 41
2573 48
2574 162
2575 74
2576 160
2577 75
2578 165
2579 37
2581 158
2582 45
2583 202
2584 199
2585 247
2587 5
2588 9
2589 117
2590 132
2591 226
2592 60
2593 99
2595 158
2596 17
2597 104
2598 188
2599 173
2600 197
2601 59
2602 173
2603 134
2604 122
2605 15
2606 106
2608 103
2609 40
2610 168
2611 153
2612 238
2613 125
2614 104
2615 196
2617 67
2618 89
2619 95
2620 132
2621 40
2622 202
2623 118
2624 241
2625 203
2626 37
2627 236
2628 166
2629 110
2630 239
2631 78
2632 65
2634 150
2635 90
2636 86
2637 239
2638 239
2639 157
2640 203
2641 163
2642 79
2643 217
2644 92
2645 118
2646 197
2647 186
2648 57
2649 9
2650 59
2651 48
2652 47
2653 229
2654 74
2655 9
2656 243
2657 121
2658 26
2659 51
2660 84
2661 227
2662 157
2663 66
2665 173
2666 227
2667 203
2668 38
2669 163
2670 134
2671 56
2672 81
2673 79
2674 87
2675 69
2676 6
2677 144
2678 156
2679 145
2681 101
2682 199
2683 79
2684 122
2685 8
2686 119
2687 164
2688 90
2689 59
2690 101
2691 240
2692 86
2693 104
2694 191
2695 39
2696 114
2697 10
2698 82
2699 162
2700 204
2701 138
2702 175
2703 85
2704 95
2705 79
2706 2
2707 11
2708 125
2709 70
2710 21
2711 121
2712 69
2713 86
2714 69
2715 164
2717 47
2718 199
2719 59
2720 47
2721 115
2722 86
2723 157
2724 26
2725 8
2727 162
2728 152
2729 45
2730 117
2731 25
2732 58
2733 103
2734 29
2735 125
2736 150
2737 219
2738 69
2739 173
2740 193
2741 92
2742 65
2743 185
2744 154
2745 97
2746 150
2747 62
2748 69
2749 101
2750 115
2751 9
2752 48
2753 9
2754 163
2755 180
2756 133
2757 204
2758 143
2759 48
2760 117
2761 69
2762 150
2763 183
2764 110
2765 114
2766 23
2767 193
2768 68
2769 129
2770 157
2771 16
2773 8
2774 204
2775 172
2776 74
2777 26
2778 239
2779 104
2780 219
2781 117
2782 89
2783 62
2784 78
2785 99
2787 160
2788 9
2789 183
2790 149
2791 171
2792 152
2793 144
2794 104
2795 199
2796 143
2797 206
2798 59
2799 17
2800 197
2801 226
2802 43
2803 49
2804 196
2805 41
2806 205
2807 168
2808 193
2809 217
2810 9
2811 233
2812 74
2813 59
2814 162
2815 37
2816 210
2817 160
2818 226
2819 144
2820 9
2821 149
2822 218
2823 122
2824 96
2826 95
2827 108
2828 202
2829 121
2830 3
2831 152
2832 168
2833 171
2834 58
2835 40
2836 215
2837 144
2838 227
2839 99
2840 165
2841 104
2842 143
2843 45
2844 25
2845 134
2846 238
2847 100
2848 123
2849 0
2850 216
2851 101
2852 70
2853 17
2854 75
2855 104
2856 177
2857 233
2858 244
2859 152
2860 55
2861 77
2862 47
2863 20
2864 20
2865 130
2866 202
2867 69
2868 168
2869 1
2870 89
2871 100
2872 76
2873 11
2874 2
2875 233
2877 213
2878 112
2879 39
2880 242
2881 150
2882 84
2883 48
2884 197
2886 75
2887 99
2888 106
2889 101
2890 35
2891 99
2892 152
2893 174
2894 234
2895 168
2896 152
2897 59
2898 7
2899 175
2900 186
2901 70
2902 50
2903 221
2904 223
2905 105
2906 160
2907 73
2909 90
2910 101
2911 92
2912 213
2913 99
2914 227
2915 162
2916 53
2917 37
2918 126
2919 12
2920 247
2921 49
2922 41
2923 149
2924 186
2925 167
2926 198
2927 28
2928 199
2929 82
2930 149
2931 84
2932 249
2933 9
2934 2
2935 103
2936 172
2937 6
2938 179
2939 134
2940 196
2941 89
2942 226
2943 143
2944 12
2945 47
2946 68
2947 157
2948 168
2949 162
2950 102
2951 237
2952 187
2953 152
2954 90
2955 196
2956 9
2957 92
2958 147
2960 50
2961 170
2962 157
2963 189
2964 84
2965 73
2966 145
2967 203
2968 165
2969 2
2970 152
2971 233
2972 227
2973 99
2974 17
2975 168
2976 233
2977 55
2978 163
2979 15
2980 186
2981 37
2982 46
2983 191
2984 220
2985 37
2986 21
2987 44
2988 78
2989 1
2990 226
2991 226
2992 5
2993 9
2994 92
2995 158
2996 216
2997 47
2998 134
2999 71
3000 144
3001 22
3002 117
3003 110
3004 154
3005 75
3006 123
3007 158
3009 175
3010 227
3011 41
3012 188
3013 53
3014 5
3015 90
3016 228
3017 193
3018 93
3019 163
3020 246
3021 57
3022 47
3023 101
3024 134
3025 63
3027 104
3028 160
3029 215
3030 187
3031 111
3032 199
3033 90
3034 199
3035 143
3036 6
3037 174
3038 99
3039 133
3040 226
3041 1
3042 226
3043 152
3044 9
3045 121
3046 203
3047 9
3048 71
3049 12
3050 218
3051 199
3052 11
3053 213
3054 8
3055 49
3056 195
3057 193
3058 95
3059 144
3060 154
3062 246
3063 164
3064 143
3065 99
3066 233
3067 69
3068 90
3069 2
3070 117
3071 0
3072 74
3073 99
3074 228
3075 108
3076 206
3077 185
3078 168
3079 168
3080 191
3081 198
3082 1
3083 5
3084 71
3085 129
3087 134
3088 234
3089 226
3090 248
3091 49
3092 49
3093 50
3094 74
3095 198
3096 143
3097 189
3098 2
3099 153
3100 1
3101 118
3102 233
3103 191
3104 198
3105 84
3106 74
3107 38
3108 157
3109 59
3110 46
3111 196
3112 168
3113 70
3114 38
3115 69
3116 207
3117 150
3118 5
3119 167
3120 32
3121 5
3122 188
3123 227
3124 62
3125 128
3126 117
3127 199
3128 117
3129 95
3130 69
3131 236
3132 75
3133 49
3134 47
3135 160
3136 150
3137 9
3138 245
3139 48
3140 103
3141 37
3142 175
3143 49
3144 144
3145 226
3146 235
3147 152
3148 125
3149 236
3150 242
3151 28
3152 39
3153 9
3154 162
3155 131
3156 41
3157 197
3158 41
3159 204
3160 117
3161 40
3163 160
3164 165
3165 108
3166 59
3167 212
3168 115
3169 117
3170 99
3171 37
3172 56
3173 8
3174 47
3175 100
3176 92
3177 72
3178 225
3179 211
3180 234
3181 185
3182 93
3183 157
3184 242
3185 133
3186 204
3187 133
3188 99
3189 191
3190 75
3191 2
3192 191
3194 196
3195 88
3196 71
3197 186
3198 247
3199 187
3200 49
3201 143
3202 226
3203 195
3204 62
3205 99
3206 160
3207 143
3208 221
3209 2
3210 47
3211 103
3212 101
3213 143
3214 111
3215 149
3216 48
3217 99
3218 195
3219 157
3220 22
3222 1
3223 188
3224 94
3225 2
3226 1
3227 9
3228 117
3229 90
3230 166
3231 55
3232 196
3233 50
3234 0
3235 98
3236 226
3237 58
3238 219
3239 117
3240 135
3241 103
3242 164
3243 241
3244 199
3245 241
3246 165
3247 90
3248 191
3249 231
3250 39
3252 242
3253 21
3254 69
3255 9
3256 59
3257 43
3258 204
3259 20
3260 30
3261 199
3262 71
3263 42
3264 117
3265 123
3267 20
3268 160
3269 223
3270 17
3271 88
3272 204
3273 101
3274 196
3276 199
3277 244
3278 37
3279 45
3280 174
3281 214
3282 84
3283 188
3284 21
3285 45
3286 152
3287 125
3288 99
3289 21
3290 38
3291 5
3292 197
3293 20
3294 86
3295 122
3296 216
3297 163
3298 75
3299 198
3300 188
3301 71
3302 165
3303 99
3304 82
3305 92
3306 90
3307 199
3308 45
3310 238
3311 15
3312 90
3313 226
3314 147
3315 217
3316 233
3317 163
3318 191
3319 201
3320 45
3321 157
3322 65
3323 168
3324 99
3325 76
3326 163
3327 105
3328 191
3329 240
3330 10
3331 154
3332 125
3333 197
3334 92
3335 114
3336 68
3338 188
3339 164
3340 133
3341 162
3342 104
3343 104
3344 144
3345 119
3346 147
3347 123
3348 103
3349 86
3350 20
3351 203
3352 199
3353 198
3354 117
3356 114
3357 135
3358 176
3359 99
3360 84
3361 226
3362 152
3363 9
3364 56
3365 160
3366 232
3367 65
3368 40
3369 235
3370 239
3371 74
3372 236
3373 198
3374 99
3375 27
3376 71
3377 244
3378 172
3379 99
3380 23
3381 163
3382 188
3383 12
3386 88
3387 71
3388 111
3389 41
3390 0
3391 213
3392 41
3393 235
3394 197
3395 226
3396 152
3397 200
3398 78
3399 233
3400 125
3401 91
3402 198
3403 61
3405 197
3406 143
3407 53
3408 163
3409 59
3410 242
3411 74
3412 39
3413 234
3414 191
3415 196
3416 77
3417 186
3418 9
3419 199
3420 107
3421 45
3422 5
3423 99
3424 99
3425 188
3426 84
3427 125
3428 231
3429 38
3430 243
3431 199
3432 214
3433 1
3434 99
3435 201
3436 234
3437 95
3438 104
3439 152
3440 41
3441 45
3442 6
3443 38
3444 3
3445 186
3446 226
3447 154
3448 143
3449 244
3450 199
3451 99
3452 73
3454 243
3455 87
3457 169
3458 193
3459 191
3460 23
3461 48
3462 81
3463 21
3464 37
3465 38
3467 86
3468 37
3470 239
3471 199
3472 241
3473 211
3474 3
3475 59
3476 191
3477 221
3478 104
3479 76
3480 90
3481 22
3482 69
3484 157
3485 198
3486 99
3488 118
3489 99
3490 214
3491 91
3493 227
3494 101
3495 87
3496 165
3497 0
3498 219
3499 38
3500 242
3501 65
3502 143
3503 226
3504 108
3505 83
3506 63
3507 9
3508 191
3509 151
3510 163
3511 95
3512 69
3513 18
3514 239
3515 160
3516 125
3517 37
3519 99
3520 99
3521 86
3522 89
3523 106
3525 47
3526 97
3527 175
3528 139
3529 216
3530 130
3531 243
3532 199
3533 120
3534 22
3535 132
3536 186
3537 57
3538 9
3539 188
3540 12
3541 239
3542 19
3543 243
3545 49
3546 70
3547 47
3548 0
3549 82
3550 199
3551 39
3552 16
3553 48
3554 245
3555 9
3556 118
3557 188
3558 99
3559 39
3560 121
3561 89
3562 77
3563 59
3564 213
3565 109
3566 104
3567 198
3568 98
3569 53
3570 198
3571 129
3572 233
3573 57
3575 199
3576 9
3577 50
3578 220
3579 62
3580 114
3581 49
3582 81
3583 41
3584 99
3585 69
3586 191
3587 62
3588 196
3589 99
3590 188
3591 133
3592 172
3593 206
3594 104
3595 165
3596 214
3597 9
3598 47
3599 48
3600 226
3601 120
3602 113
3603 90
3604 174
3605 62
3606 134
3607 99
3609 86
3610 92
3611 45
3612 133
3613 171
3614 86
3615 162
3617 247
3618 194
3619 101
3620 92
3621 101
3622 104
3623 139
3624 6
3625 239
3626 215
3627 179
3628 76
3629 37
3630 180
3631 188
3632 218
3633 191
3634 45
3636 126
3637 237
3638 12
3639 148
3640 99
3641 30
3642 157
3644 168
3645 99
3646 17
3647 191
3648 99
3649 101
3650 36
3651 102
3652 198
3653 213
3654 38
3655 62
3656 188
3657 99
3658 196
3659 239
3660 168
3661 214
3662 187
3663 130
3664 68
3665 58
3666 134
3667 227
3668 239
3669 89
3670 86
3671 162
3672 118
3673 62
3674 26
3675 196
3676 62
3677 9
3678 45
3679 95
3680 90
3681 165
3682 99
3683 100
3684 21
3685 236
3686 9
3688 171
3689 99
3690 19
3691 199
3692 203
3693 191
3694 14
3696 66
3697 29
3698 64
3699 38
3700 143
3701 47
3702 239
3703 64
3704 199
3705 239
3706 239
3707 8
3708 8
3709 231
3710 215
3711 23
3712 173
3713 81
3714 35
3715 168
3716 193
3717 245
3719 227
3720 37
3721 214
3722 227
3723 50
3724 236
3725 1
3726 246
3727 177
3728 56
3729 49
3730 235
3731 9
3732 13
3733 226
3734 188
3735 40
3736 62
3737 186
3738 143
3739 191
3740 75
3741 213
3742 101
3743 104
3744 40
3746 191
3747 2
3748 65
3749 99
3750 249
3751 152
3752 99
3753 147
3754 99
3755 162
3756 117
3757 89
3758 62
3759 73
3760 117
3761 188
3762 233
3763 96
3764 9
3765 204
3766 47
3767 220
3768 233
3769 48
3771 158
3772 43
3773 9
3774 99
3775 4
3776 117
3777 86
3778 62
3779 244
3780 233
3781 54
3782 174
3783 81
3784 171
3785 99
3786 174
3787 214
3788 129
3789 40
3790 95
3791 211
3792 5
3793 0
3794 21
3795 164
3796 99
3797 99
3798 236
3799 199
3800 104
3801 186
3802 83
3803 92
3804 47
3805 84
3806 93
3807 139
3808 249
3809 188
3811 154
3812 196
3813 133
3814 229
3815 92
3816 188
3817 17
3818 229
3819 233
3820 20
3821 188
3822 14
3823 144
3824 84
3825 5
3826 32
3827 99
3828 21
3829 175
3830 38
3831 163
3832 152
3833 227
3834 66
3836 18
3837 115
3838 103
3839 117
3840 222
3841 147
3842 59
3843 102
3844 239
3845 75
3846 179
3847 12
3848 154
3849 62
3850 218
3851 101
3852 171
3853 199
3854 73
3855 70
3856 78
3859 92
3860 99
3861 237
3862 226
3863 86
3864 199
3865 174
3866 1
3867 48
3868 104
3869 117
3870 8
3871 168
3872 79
3873 0
3874 136
3875 138
3876 103
3877 191
3878 219
3879 196
3880 99
3881 60
3882 90
3883 99
3884 59
3885 217
3886 29
3887 38
3888 157
3889 99
3890 2
3891 86
3892 239
3893 200
3894 160
3895 137
3896 203
3897 45
3898 110
3899 134
3901 186
3902 122
3904 75
3905 61
3906 37
3907 239
3908 214
3909 196
3910 168
3911 134
3912 188
3913 96
3914 247
3915 152
3917 203
3918 152
3919 37
3921 138
3922 199
3923 198
3924 79
3925 122
3926 177
3927 227
3928 88
3929 211
3930 5
3931 35
3932 72
3933 243
3934 187
3935 204
3936 95
3938 196
3939 124
3940 239
3941 53
3943 23
3944 70
3945 219
3946 99
3947 99
3948 187
3949 197
3950 9
3951 55
3952 219
3953 90
3954 194
3955 133
3956 143
3957 242
3958 9
3959 47
3960 121
3961 135
3962 18
3963 160
3964 171
3965 47
3966 233
3967 233
3968 119
3969 157
3970 203
3971 244
3973 166
3974 45
3975 177
3976 47
3977 0
3979 1
3980 38
3981 97
3982 9
3983 143
3984 223
3985 99
3986 21
3987 199
3988 62
3989 84
3990 9
3991 160
3992 9
3993 77
3994 233
3995 47
3996 55
3997 99
3998 226
3999 226
4000 233
4001 171
4002 21
4003 236
4004 108
4005 130
4006 244
4007 2
4008 82
4009 249
4010 204
4011 238
4012 35
4013 1
4014 74
4016 100
4017 73
4018 234
4019 228
4020 71
4021 62
4022 90
4023 2
4024 71
4025 118
4026 171
4027 198
4028 46
4029 104
4030 48
4031 119
4032 30
4033 70
4034 227
4035 126
4036 35
4037 239
4038 94
4039 99
4040 134
4041 125
4042 141
4043 177
4044 195
4045 239
4046 59
4047 45
4048 223
4049 101
4050 119
4051 9
4052 74
4053 59
4054 134
4055 160
4056 50
4057 38
4058 158
4059 162
4060 228
4061 47
4062 96
4063 99
4064 11
4065 134
4066 50
4067 62
4068 198
4069 236
4070 249
4071 29
4072 171
4073 93
4074 9
4075 157
4076 47
4077 62
4078 74
4079 41
4080 181
4081 9
4082 108
4083 227
4084 231
4085 160
4086 247
4087 9
4088 95
4089 99
4090 226
4091 65
4092 103
4093 9
4094 1
4095 99
4096 108
4097 20
4098 90
4100 99
4101 99
4102 59
4104 148
4105 9
4106 148
4107 122
4108 39
4109 5
4110 221
4111 227
4112 76
4113 157
4114 101
4115 99
4116 249
4117 9
4118 101
4119 133
4120 39
4121 90
4122 56
4123 9
4124 213
4125 249
4126 209
4127 5
4128 69
4129 239
4130 247
4131 64
4132 99
4133 90
4134 37
4135 9
4137 99
4138 2
4139 27
4140 2
4141 160
4142 144
4143 5
4144 104
4145 241
4146 157
4147 196
4148 99
4149 204
4150 144
4151 203
4152 241
4153 84
4154 86
4155 18
4156 196
4157 38
4158 9
4159 99
4160 188
4161 62
4162 99
4163 9
4164 86
4165 199
4166 86
4168 216
4169 117
4170 9
4171 8
4172 73
4174 130
4175 207
4176 217
4177 22
4178 61
4179 143
4180 99
4181 122
4182 70
4183 37
4184 241
4185 75
4186 101
4188 239
4189 99
4190 193
4191 141
4192 90
4193 196
4194 74
4195 37
4196 57
4197 222
4198 61
4199 219
4200 186
4201 99
4202 236
4203 125
4204 48
4205 20
4206 12
4207 92
4208 2
4209 125
4210 84
4211 12
4212 77
4213 152
4214 162
4215 97
4216 101
4219 134
4220 134
4221 236
4222 152
4223 0
4224 29
4225 188
4226 199
4227 111
4228 85
4229 172
4230 62
4231 9
4232 8
4233 108
4234 139
4235 9
4236 52
4237 99
4238 9
4239 117
4240 160
4241 99
4242 8
4243 204
4244 200
4245 199
4246 45
4247 67
4248 85
4249 115
4250 226
4251 99
4252 245
4253 115
4254 135
4255 99
4256 160
4257 227
4258 99
4259 191
4260 154
4261 8
4263 37
4264 86
4266 197
4267 228
4268 1
4269 188
4270 210
4272 199
4273 233
4274 50
4275 204
4276 20
4278 9
4279 227
4280 144
4281 198
4282 163
4284 83
4285 49
4286 153
4287 8
4288 160
4289 214
4290 125
4291 122
4292 125
4293 101
4294 9
4296 129
4297 188
4298 1
4299 226
4300 134
4301 186
4302 133
4303 157
4304 36
4305 135
4306 9
4307 9
4308 55
4309 173
4310 94
4311 47
4312 199
4313 169
4314 239
4315 66
4316 105
4317 123
4318 198
4319 144
4320 71
4321 139
4322 199
4323 79
4324 98
4325 104
4326 9
4327 9
4328 196
4329 188
4330 101
4331 76
4332 122
4333 126
4334 9
4335 62
4337 185
4338 126
4339 152
4340 242
4341 20
4342 233
4343 143
4344 205
4345 47
4346 9
4347 191
4348 111
4349 38
4350 92
4351 121
4352 101
4353 199
4354 86
4355 216
4356 50
4357 20
4358 158
4359 117
4360 29
4361 145
4362 9
4363 214
4364 17
4365 59
4366 112
4367 37
4369 182
4370 139
4371 134
4372 239
4373 150
4374 202
4375 11
4376 99
4377 9
4378 164
4379 143
4380 1
4381 196
4382 104
4383 233
4384 50
4385 188
4386 183
4387 4
4388 99
4390 163
4391 35
4392 117
4393 62
4394 226
4395 177
4396 84
4397 46
4398 233
4399 92
4400 105
4401 187
4402 140
4403 199
4404 70
4405 199
4406 101
4407 59
4408 227
4409 11
4410 63
4411 199
4412 235
4413 196
4415 92
4416 99
4417 197
4418 32
4420 41
4421 65
4422 1
4423 197
4424 208
4425 74
4426 196
4428 79
4429 148
4430 162
4431 2
4432 239
4433 161
4434 105
4435 99
4436 47
4437 183
4439 37
4440 188
4441 105
4442 204
4443 65
4444 162
4445 36
4446 64
4447 207
4448 152
4449 188
4451 84
4452 135
4453 171
4454 10
4455 104
4456 160
4457 198
4458 116
4459 71
4460 199
4461 59
4462 101
4463 10
4464 233
4465 171
4466 191
4467 9
4468 157
4469 191
4470 139
4471 222
4472 48
4473 65
4474 37
4475 196
4476 91
4477 192
4479 23
4480 67
4481 123
4482 228
4483 1
4484 1
4485 99
4486 47
4487 65
4488 9
4489 59
4490 191
4491 222
4492 20
4493 67
4494 99
4495 157
4496 12
4497 114
4498 9
4499 101
4500 110
4501 28
4502 152
4503 111
4504 38
4505 226
4506 193
4507 134
4508 47
4509 188
4510 95
4511 71
4512 87
4513 199
4514 144
4515 154
4516 38
4517 226
4518 237
4519 84
4520 234
4521 179
4522 65
4523 51
4524 69
4525 86
4526 65
4527 155
4528 91
4529 38
4530 116
4531 215
4532 108
4533 20
4534 22
4535 47
4536 99
4537 99
4538 196
4539 27
4540 47
4541 20
4542 191
4543 191
4545 233
4546 12
4547 99
4548 129
4550 104
4551 50
4553 239
4554 38
4555 236
4556 90
4557 11
4558 11
4559 54
4561 168
4562 86
4563 94
4564 17
4565 82
4566 99
4567 99
4568 112
4569 145
4571 90
4572 1
4573 38
4574 200
4575 215
4576 47
4577 196
4578 20
4579 97
4580 106
4581 198
4582 75
4583 25
4585 107
4586 99
4587 102
4588 14
4589 227
4590 173
4591 109
4592 152
4593 115
4594 116
4595 47
4596 37
4598 232
4600 52
4601 68
4602 196
4603 99
4604 9
4605 239
4606 22
4608 196
4609 45
4610 8
4611 47
4612 188
4613 26
4614 99
4615 47
4616 69
4617 50
4618 191
4619 89
4620 9
4621 221
4622 105
4623 47
4624 215
4625 239
4626 152
4627 6
4628 79
4629 117
4630 164
4631 48
4632 92
4633 226
4634 152
4635 0
4636 47
4637 239
4638 9
4639 85
4640 177
4641 196
4642 78
4643 117
4644 22
4645 9
4646 82
4647 191
4648 99
4649 99
4650 104
4651 196
4652 39
4653 192
4654 149
4655 222
4656 244
4657 84
4658 99
4659 110
4660 104
4661 163
4662 191
4663 171
4664 199
4665 242
4666 92
4667 171
4668 45
4669 86
4670 199
4671 191
4672 143
4673 175
4674 248
4675 101
4676 11
4677 238
4678 199
4679 99
4680 134
4681 69
4682 117
4683 157
4684 104
4685 99
4686 99
4687 76
4688 36
4689 102
4690 163
4691 216
4692 42
4693 9
4694 37
4695 187
4696 114
4697 193
4698 76
4699 199
4700 159
4701 88
4702 246
4703 99
4704 129
4705 198
4706 203
4707 199
4708 99
4709 232
4710 103
4711 198
4712 26
4713 115
4714 110
4715 101
4716 27
4717 229
4718 144
4719 233
4720 71
4721 48
4722 143
4723 55
4724 117
4725 214
4726 99
4727 203
4728 108
4729 45
4730 77
4731 0
4732 40
4733 82
4734 100
4735 101
4737 114
4738 188
4739 244
4740 99
4742 27
4744 191
4745 163
4746 160
4748 143
4749 17
4750 71
4752 20
4753 8
4754 45
4755 9
4756 103
4757 104
4759 59
4760 233
4761 188
4762 48
4763 2
4764 59
4765 9
4766 84
4767 249
4768 125
4769 134
4770 9
4771 214
4772 171
4773 235
4774 99
4775 89
4776 86
4777 187
4778 61
4779 47
4780 140
4781 62
4782 155
4783 9
4784 101
4786 196
4787 9
4788 171
4789 236
4790 73
4791 104
4792 247
4793 213
4794 236
4795 2
4796 47
4797 227
4798 160
4799 84
4800 233
4801 69
4802 188
4803 129
4804 90
4805 165
4806 9
4807 45
4808 99
4809 99
4810 9
4811 81
4812 145
4813 188
4814 186
4815 94
4816 2
4817 188
4818 182
4820 173
4821 99
4822 143
4823 71
4824 95
4825 74
4826 239
4827 0
4828 160
4829 71
4831 84
4832 153
4833 8
4834 158
4835 2
4836 99
4837 197
4839 210
4840 212
4841 162
4842 248
4843 68
4844 134
4845 143
4846 81
4847 35
4848 99
4849 101
4850 186
4851 90
4852 45
4853 1
4854 84
4855 199
4856 216
4857 162
4858 122
4859 221
4860 197
4861 194
4862 199
4863 73
4864 242
4865 9
4866 88
4867 99
4868 50
4869 191
4870 196
4871 99
4872 104
4873 62
4875 215
4876 20
4877 43
4878 51
4879 47
4880 5
4881 174
4882 92
4883 62
4884 82
4885 223
4886 37
4887 232
4888 99
4889 99
4890 236
4891 111
4892 2
4893 94
4894 35
4895 47
4896 74
4897 50
4898 223
4899 0
4900 246
4901 226
4904 173
4905 187
4906 173
4907 231
4908 233
4909 242
4910 212
4911 122
4913 134
4914 99
4915 222
4916 82
4917 144
4918 62
4919 157
4921 161
4922 177
4923 123
4924 174
4925 21
4926 156
4928 9
4929 157
4931 99
4932 1
4933 9
4934 65
4935 144
4936 196
4937 101
4938 99
4939 99
4940 118
4941 99
4942 90
4944 198
4945 23
4946 65
4947 188
4948 82
4949 99
4950 148
4951 99
4952 59
4953 123
4954 10
4955 233
4956 221
4957 125
4958 163
4959 97
4960 123
4961 8
4962 106
4963 193
4964 92
4965 196
4966 114
4967 224
4968 191
4969 210
4970 160
4971 114
4972 9
4973 89
4974 215
4975 143
4976 187
4977 200
4978 77
4979 24
4980 59
4981 160
4982 9
4983 38
4984 158
4985 199
4986 99
4987 48
4988 188
4989 9
4990 8
4991 160
4992 184
4993 144
4994 99
4995 199
4996 104
4997 9
4998 98
4999 179
5000 179
5001 188
5002 199
5003 104
5004 171
5005 163
5006 82
5007 243
5008 0
5009 104
5010 106
5011 157
5012 92
5013 92
5014 50
5015 8
5016 9
5017 77
5018 20
5019 92
5020 171
5021 47
5022 89
5023 9
5024 46
5025 46
5026 20
5027 99
5028 129
5029 78
5030 74
5031 221
5032 92
5033 37
5035 208
5036 57
5037 69
5038 249
5039 174
5040 174
5042 99
5043 239
5044 92
5045 37
5047 48
5048 2
5049 199
5050 144
5051 86
5052 99
5053 193
5054 208
5055 244
5056 10
5057 99
5058 187
5059 23
5060 138
5061 62
5062 0
5063 99
5064 94
5065 236
5066 32
5067 38
5068 9
5070 99
5071 9
5072 84
5073 233
5074 49
5075 101
5076 9
5077 199
5082 187
5083 136
5084 199
5085 199
5086 197
5087 199
5088 99
5089 117
5090 143
5091 85
5092 235
5093 9
5096 111
5097 101
5098 247
5099 99
5100 37
5101 101
5102 59
5103 227
5104 226
5105 239
5106 99
5107 115
5108 45
5110 134
5111 9
5112 187
5113 214
5114 20
5115 143
5116 84
5117 227
5118 63
5119 2
5120 175
5121 48
5122 8
5123 134
5124 99
5125 39
5126 88
5127 8
5128 201
5129 236
5130 236
5131 103
5133 206
5134 203
5135 238
5136 101
5137 248
5138 174
5139 104
5140 99
5141 86
5142 226
5143 239
5144 198
5145 53
5146 37
5147 227
5148 115
5149 1
5150 9
5151 69
5152 101
5153 162
5154 92
5155 199
5156 99
5157 9
5158 144
5159 226
5160 99
5161 197
5162 99
5163 81
5164 26
5165 59
5166 59
5167 108
5168 111
5169 14
5170 37
5171 35
5172 49
5173 99
5174 6
5175 6
5177 226
5178 48
5179 186
5180 199
5181 41
5182 76
5183 75
5184 236
5185 99
5187 86
5188 41
5189 99
5190 163
5191 62
5192 236
5193 187
5194 233
5195 152
5196 134
5197 78
5198 173
5199 20
5201 193
5202 99
5203 111
5204 196
5205 198
5206 171
5207 236
5208 100
5209 196
5210 196
5211 99
5212 50
5213 187
5214 161
5215 45
5216 47
5217 170
5218 101
5219 99
5220 134
5221 27
5222 113
5223 93
5224 239
5225 99
5226 36
5227 227
5228 71
5229 203
5230 116
5231 238
5232 19
5233 99
5234 8
5235 188
5236 84
5237 5
5238 92
5239 198
5240 63
5241 171
5242 226
5243 99
5244 203
5245 20
5246 99
5247 115
5248 99
5249 89
5250 89
5251 117
5252 199
5253 197
5254 191
5255 56
5256 227
5257 114
5258 144
5259 62
5260 226
5261 64
5262 160
5263 136
5264 86
5265 99
5266 121
5267 174
5268 9
5269 9
5270 88
5271 14
5272 37
5274 9
5275 9
5276 214
5277 45
5278 20
5279 199
5280 123
5281 62
5282 68
5283 117
5284 75
5285 59
5286 122
5287 9
5288 200
5289 8
5290 239
5291 9
5292 239
5293 99
5294 75
5295 144
5296 110
5297 110
5298 160
5299 99
5300 191
5301 163
5302 9
5303 103
5304 203
5305 99
5306 99
5307 99
5308 5
5309 67
5310 35
5311 207
5312 105
5313 90
5314 227
5315 114
5316 203
5317 152
5318 62
5319 99
5320 191
5321 65
5322 99
5323 171
5324 8
5325 9
5327 26
5328 45
5329 9
5330 123
5332 236
5333 236
5334 86
5335 38
5336 92
5338 22
5339 157
5340 47
5341 199
5342 171
5343 160
5344 150
5345 173
5346 99
5347 222
5348 101
5349 1
5350 82
5351 152
5352 101
5353 26
5354 38
5355 232
5356 202
5357 37
5358 173
5359 99
5360 152
5361 99
5362 193
5363 154
5364 38
5365 99
5366 62
5367 99
5370 48
5371 86
5372 9
5373 99
5374 101
5375 47
5376 228
5377 196
5378 9
5379 145
5380 130
5381 92
5382 92
5383 134
5384 152
5385 163
5386 45
5387 62
5388 85
5389 114
5390 196
5391 9
5392 152
5393 129
5394 152
5395 63
5396 1
5397 191
5399 237
5400 163
5401 99
5402 197
5403 197
5404 9
5405 9
5406 21
5407 209
5408 143
5409 99
5410 152
5411 21
5412 206
5413 99
5414 236
5415 236
5416 95
5417 186
5418 1
5419 92
5420 177
5421 199
5422 232
5423 9
5424 226
5425 187
5426 99
5427 86
5428 45
5429 214
5430 47
5431 37
5432 6
5433 66
5434 162
5435 117
5436 236
5437 99
5438 173
5439 173
5440 104
5441 233
5442 191
5443 156
5444 76
5445 75
5446 61
5447 9
5448 143
5449 90
5450 226
5451 99
5452 152
5453 9
5454 9
5455 119
5456 143
5457 70
5458 99
5459 17
5460 228
5461 9
5462 239
5463 239
5464 99
5465 134
5466 9
5467 38
5468 111
5469 99
5470 37
5471 1
5472 196
5473 214
5474 50
5475 30
5476 50
5477 86
5478 227
5479 108
5480 193
5481 248
5483 8
5484 218
5485 94
5486 171
5487 203
5488 8
5489 227
5490 173
5491 27
5492 119
5493 50
5494 191
5495 191
5496 107
5497 212
5498 188
5499 122
5500 37
5501 82
5502 8
5503 187
5504 189
5505 1
5506 174
5507 20
5508 62
5509 108
5510 38
5511 193
5512 99
5513 92
5514 236
5515 9
5516 94
5517 210
5518 226
5519 48
5520 199
5521 163
5522 188
5523 90
5524 122
5525 59
5526 171
5527 115
5528 160
5529 59
5530 239
5531 134
5532 154
5533 160
5534 57
5535 9
5536 18
5537 9
5538 199
5539 9
5540 8
5541 99
5542 152
5543 117
5544 99
5545 104
5546 21
5547 21
5548 75
5549 196
5550 143
5551 99
5552 239
5553 239
5554 99
5555 62
5556 47
5557 148
5558 9
5559 99
5560 163
5561 226
5563 203
5564 97
5565 196
5566 199
5568 104
5569 104
5570 199
5571 157
5572 59
5573 101
5574 8
5575 50
5576 236
5577 99
5578 134
5579 115
5580 115
5581 165
5582 9
5583 45
5584 14
5585 37
5586 212
5587 188
5588 24
5589 145
5590 152
5591 152
5592 134
5593 156
5594 134
5595 40
5596 243
5597 144
5598 187
5599 86
5600 152
5601 99
5602 60
5603 59
5604 99
5605 38
5606 228
5607 228
5608 122
5609 63
5610 99
5611 8
5612 84
5613 100
5614 62
5615 38
5616 48
5617 48
5618 45
5619 49
5620 228
5621 170
5622 122
5623 99
5624 99
5625 99
5626 104
5627 99
5628 99
5629 171
5630 187
5631 187
5632 65
5633 228
5634 116
5635 143
5636 93
5637 9
5638 74
5639 9
5640 0
5641 0
5642 9
5643 2
5644 85
5645 239
5646 134
5647 196
5648 193
5649 99
5650 204
5651 180
5652 154
5653 20
5654 37
5655 199
5656 186
5657 111
5658 68
5659 62
5660 63
5661 174
5662 188
5663 243
5664 243
5665 196
5666 9
5667 160
5668 0
5669 9
5670 133
5671 191
5672 184
5673 89
5674 99
5675 243
5676 9
5677 196
5678 38
5679 17
5680 196
5681 99
5682 199
5683 99
5684 86
5685 23
5686 187
5687 226
5688 157
5689 140
5690 228
5691 5
5692 191
5693 175
5694 198
5695 163
5696 9
5697 221
5698 157
5699 173
5700 197
5701 160
5702 62
5703 215
5704 89
5705 143
5706 246
5707 163
5708 38
5709 117
5710 233
5711 248
5712 214
5713 104
5714 129
5715 1
5716 9
5717 233
5718 235
5719 37
5720 104
5721 234
5722 59
5723 143
5724 8
5725 97
5726 59
5727 239
5728 239
5729 99
5730 99
