0 99
1 188
2 79
3 112
4 48
5 242
6 180
7 121
8 54
9 116
10 194
11 19
12 241
13 78
14 169
15 82
16 28
17 65
18 0
19 92
20 225
21 16
22 51
23 247
24 42
25 36
26 35
27 126
28 21
29 206
30 85
31 136
32 62
33 143
34 30
35 26
36 17
37 188
38 192
39 30
40 94
41 50
42 21
43 2
44 19
45 216
46 244
47 232
48 25
49 157
50 28
51 10
52 25
53 128
54 137
55 101
56 162
57 79
58 98
59 248
60 185
61 237
62 211
63 28
64 241
65 51
66 100
67 171
68 136
69 111
70 78
71 130
72 193
73 143
74 102
75 216
76 214
77 112
78 193
79 65
80 149
81 144
82 225
83 101
84 207
85 77
86 38
87 1
88 48
89 167
90 83
91 69
92 99
93 192
94 65
95 99
96 90
97 169
98 185
99 152
100 188
101 241
102 93
103 233
104 35
105 162
106 13
107 60
108 156
109 99
110 8
111 248
112 122
113 60
114 213
115 188
116 113
117 16
118 232
119 230
120 7
121 7
122 58
123 121
124 61
125 123
126 234
127 182
128 101
129 160
130 117
131 247
132 51
133 170
134 42
135 129
136 188
137 97
138 224
139 50
140 143
141 52
142 158
143 62
144 107
145 79
146 82
147 149
148 172
149 42
150 100
151 142
152 193
153 111
154 202
155 21
156 112
157 78
158 107
159 42
160 141
161 65
162 224
163 212
164 19
165 135
166 211
167 235
168 153
169 2
170 182
171 130
172 185
173 144
174 46
175 179
176 101
177 52
178 173
179 90
180 138
181 8
182 85
183 117
184 88
185 118
186 58
187 173
188 26
189 49
190 16
191 43
192 118
193 111
194 70
195 197
196 104
197 28
198 7
199 38
200 238
201 161
202 101
203 211
204 167
205 205
206 40
207 135
208 48
209 233
210 235
211 177
212 65
213 226
214 216
215 142
216 59
217 172
218 93
219 106
220 188
221 61
222 21
223 43
224 100
225 37
226 206
227 19
228 6
229 180
230 30
231 39
232 180
233 79
234 150
235 143
236 95
237 186
238 70
239 107
240 144
241 179
242 25
243 13
244 241
245 58
246 23
247 31
248 233
249 186
250 136
251 191
252 52
253 248
254 43
255 6
256 216
257 66
258 249
259 225
260 40
261 188
262 208
263 62
264 103
265 92
266 5
267 20
268 117
269 136
270 150
271 175
272 107
273 190
274 143
275 207
276 128
277 182
278 120
279 188
280 110
281 68
282 6
283 118
284 78
285 128
286 235
287 12
288 100
289 118
290 232
291 236
292 172
293 206
294 9
295 154
296 143
297 20
298 101
299 47
301 46
302 61
303 0
304 18
305 2
306 112
307 128
308 107
309 31
310 107
311 53
312 189
313 133
314 203
315 138
316 51
317 175
318 50
319 232
320 167
321 142
322 21
323 48
324 2
325 68
326 151
327 180
328 101
329 188
330 193
331 225
332 80
333 81
334 20
335 106
336 149
337 90
338 173
339 20
340 182
341 116
342 63
343 19
344 33
345 138
346 211
347 20
348 32
349 101
350 182
351 108
352 82
353 15
354 225
355 143
356 79
357 2
358 8
359 180
360 144
361 235
362 155
363 235
364 50
365 169
366 115
367 106
368 190
369 2
370 101
371 226
372 129
373 213
374 179
375 167
376 40
377 144
378 7
379 40
380 78
381 102
382 42
383 216
384 150
385 40
386 69
387 21
388 20
389 19
390 190
391 122
392 185
393 52
394 154
395 83
396 52
397 199
398 128
399 173
400 0
401 61
402 149
403 142
404 143
405 154
407 142
408 0
409 203
410 232
411 228
412 203
413 244
414 7
415 212
416 92
417 141
418 106
419 169
420 19
421 128
422 15
423 173
424 101
425 3
426 222
427 230
428 53
429 180
430 229
431 26
432 112
433 42
434 173
435 61
436 204
437 225
438 234
439 172
440 224
441 28
442 226
443 180
444 53
445 189
446 95
447 94
448 6
449 82
450 105
451 133
452 95
453 47
454 105
455 193
456 42
457 194
458 89
459 173
460 8
461 153
462 29
463 94
464 65
465 115
466 138
467 153
468 233
469 90
470 81
471 143
472 97
473 26
474 241
475 190
476 9
477 171
478 144
479 50
480 61
481 112
482 120
483 68
484 211
485 90
486 53
487 208
488 224
489 126
490 66
491 180
492 40
493 52
494 40
495 202
496 144
497 179
498 226
499 101
500 7
501 182
502 233
503 115
504 76
505 60
506 192
507 93
508 125
509 53
510 138
511 233
512 108
513 115
514 169
515 177
516 5
517 183
518 24
519 225
520 138
522 75
523 107
524 88
525 135
526 84
527 69
528 125
529 83
530 226
531 136
532 80
533 159
534 141
535 128
536 120
537 169
538 193
539 189
540 222
541 91
542 49
543 188
544 85
545 249
546 3
547 226
548 111
549 63
550 199
551 78
552 9
553 8
554 35
555 153
556 0
557 223
558 80
559 2
560 130
561 188
562 190
563 108
564 103
565 182
566 33
567 123
568 194
569 117
570 165
571 112
572 217
573 135
574 212
575 194
576 118
577 90
578 220
579 211
580 83
581 73
582 185
583 123
584 42
585 18
586 157
587 180
588 241
589 6
590 70
591 25
592 100
593 33
594 140
595 40
596 233
597 143
598 70
599 96
600 17
601 208
602 243
603 180
604 42
605 115
606 225
607 199
608 111
609 75
610 21
611 83
612 173
613 154
614 4
615 6
616 7
617 212
618 101
619 42
620 94
621 26
622 158
623 155
624 46
626 14
627 225
628 25
629 100
630 18
631 140
632 100
633 101
634 167
635 194
636 42
637 35
638 100
639 140
640 191
641 197
642 185
643 32
644 71
645 8
646 171
647 53
648 197
649 85
650 159
651 186
652 22
654 68
655 104
656 101
657 31
658 2
659 153
660 20
661 78
662 201
663 47
664 115
665 33
666 78
667 192
668 23
669 154
670 6
671 85
672 152
673 212
674 106
675 241
676 61
677 40
678 43
679 6
680 77
681 155
682 105
683 40
684 48
685 79
686 106
687 194
688 36
689 213
690 25
691 100
692 189
693 58
694 53
695 185
696 29
697 85
698 142
699 232
700 148
701 144
702 25
703 31
704 94
705 126
706 235
707 52
708 1
709 234
710 241
711 95
712 249
713 232
715 228
716 157
717 144
718 207
719 53
720 138
721 118
722 130
723 38
724 0
725 116
726 179
727 51
728 242
729 199
730 131
731 205
732 61
733 154
734 150
735 206
736 244
737 30
738 193
739 143
740 65
741 58
742 10
743 20
744 111
745 15
746 2
747 66
748 191
749 113
750 32
751 211
752 194
753 240
754 248
755 30
756 14
757 171
758 248
759 115
760 158
761 2
762 117
763 94
764 38
765 234
766 154
767 58
768 25
769 21
770 52
771 27
772 84
773 169
774 232
775 142
776 248
777 101
778 5
779 96
780 227
781 103
782 78
783 56
784 216
785 48
786 2
787 241
788 136
790 42
791 116
792 177
793 203
794 78
795 194
796 206
797 169
798 206
799 6
800 162
801 23
802 7
803 121
804 248
805 233
806 16
807 148
808 65
809 85
810 205
811 106
812 99
813 139
814 2
815 136
816 93
817 6
818 19
819 31
820 248
821 29
822 228
823 96
824 213
825 42
826 248
827 208
828 48
829 70
830 125
831 212
832 213
833 201
834 65
835 76
836 78
837 1
838 35
839 43
840 172
841 33
842 188
843 189
844 29
845 225
846 2
847 23
848 237
849 203
850 101
851 169
852 190
853 129
854 6
855 45
856 22
857 36
858 20
859 35
860 173
861 232
862 138
863 188
864 248
865 234
866 192
867 61
868 106
869 152
870 77
871 78
872 45
873 68
874 238
875 211
876 157
877 89
878 68
879 154
880 142
881 181
882 2
883 142
884 176
885 160
886 138
887 65
888 6
889 58
890 18
891 139
892 208
893 123
894 58
895 52
896 159
897 206
898 19
899 249
900 31
901 116
902 157
903 97
904 204
905 205
906 158
907 196
908 89
909 192
910 148
911 19
912 85
913 30
914 48
915 235
916 180
917 204
918 56
919 2
920 20
921 52
922 184
923 83
924 42
925 198
926 22
927 173
928 180
929 171
930 115
931 128
932 213
933 99
934 234
935 6
936 151
937 55
938 1
939 106
940 115
941 91
942 91
943 244
944 205
945 80
946 121
947 212
948 38
949 29
950 7
951 101
952 194
953 133
954 138
955 248
956 50
957 36
958 88
959 201
960 143
961 181
962 26
963 128
964 203
965 241
966 2
967 29
968 248
969 57
970 111
971 130
972 38
973 6
974 90
975 84
976 3
977 143
978 173
979 101
980 35
981 241
982 235
983 19
984 127
985 206
986 123
987 117
988 233
989 177
990 163
991 6
992 29
993 26
994 222
995 107
996 190
997 221
998 76
999 78
1000 249
1001 130
1002 77
1003 199
1004 154
1005 33
1006 43
1007 116
1008 33
1009 1
1010 2
1011 188
1012 173
1013 6
1014 100
1015 29
1016 62
1017 85
1018 232
1019 37
1020 249
1021 87
1022 45
1023 232
1024 143
1025 192
1026 126
1027 186
1028 113
1029 188
1030 188
1031 70
1032 187
1033 103
1034 188
1035 212
1036 62
1037 118
1038 206
1039 108
1040 85
1041 54
1042 38
1043 244
1044 76
1045 232
1046 30
1047 142
1048 233
1049 207
1050 243
1051 68
1052 6
1053 201
1054 42
1055 99
1056 141
1057 70
1058 49
1059 161
1060 2
1061 15
1062 78
1063 167
1064 7
1065 204
1066 143
1067 248
1068 37
1069 58
1070 52
1071 211
1072 6
1073 20
1074 83
1075 246
1076 175
1077 220
1078 180
1079 21
1080 213
1081 25
1082 194
1083 185
1084 115
1085 155
1086 95
1087 6
1088 2
1089 76
1090 19
1091 45
1092 182
1093 225
1094 115
1095 216
1096 90
1097 237
1098 205
1099 189
1100 63
1101 66
1102 37
1103 92
1104 181
1105 11
1106 34
1107 186
1108 73
1109 106
1110 82
1111 2
1112 235
1113 217
1114 31
1115 9
1116 194
1117 33
1118 80
1119 30
1120 205
1121 228
1122 65
1123 105
1124 180
1125 247
1126 144
1127 135
1128 189
1129 212
1130 82
1131 71
1132 123
1133 232
1134 3
1135 212
1136 135
1137 101
1138 83
1139 127
1140 79
1141 58
1142 167
1143 6
1144 183
1145 107
1146 170
1147 98
1148 18
1149 57
1150 142
1151 211
1152 182
1153 199
1154 29
1155 153
1156 83
1157 188
1158 101
1159 100
1160 96
1161 179
1162 100
1163 95
1164 82
1165 136
1166 127
1167 76
1168 2
1169 249
1170 18
1171 177
1172 137
1173 204
1174 188
1175 20
1176 204
1177 107
1178 100
1179 85
1180 216
1181 35
1182 35
1183 52
1184 183
1185 153
1186 102
1187 80
1188 1
1189 133
1190 61
1191 203
1192 85
1193 84
1194 115
1195 128
1196 220
1197 40
1198 99
1199 167
1200 96
1201 36
1202 127
1203 43
1205 94
1206 149
1207 25
1208 95
1209 89
1210 117
1211 101
1212 213
1213 107
1214 3
1215 106
1216 203
1217 46
1218 160
1219 40
1220 193
1221 20
1222 108
1223 40
1224 68
1225 177
1226 52
1227 204
1228 117
1229 83
1230 2
1231 143
1232 76
1233 76
1234 129
1235 7
1236 100
1237 208
1238 47
1239 207
1240 85
1241 17
1242 8
1243 43
1244 120
1245 6
1246 116
1247 26
1248 192
1249 249
1250 1
1251 111
1252 225
1253 16
1254 34
1255 108
1256 32
1257 173
1258 73
1259 211
1260 206
1261 25
1262 52
1263 120
1264 22
1265 232
1266 159
1267 97
1268 65
1269 29
1270 42
1271 7
1273 135
1274 179
1275 117
1277 140
1278 123
1279 189
1280 127
1281 78
1282 116
1283 214
1284 10
1285 38
1286 82
1287 238
1288 238
1289 90
1290 206
1291 30
1292 208
1293 204
1294 78
1295 199
1296 149
1297 248
1298 143
1299 141
1300 179
1301 45
1302 35
1303 182
1304 31
1305 141
1306 171
1307 83
1308 248
1309 107
1310 49
1311 6
1312 85
1313 199
1314 123
1315 225
1316 196
1317 111
1318 213
1319 81
1320 177
1321 130
1322 216
1323 148
1324 70
1325 105
1326 50
1327 154
1328 8
1329 50
1330 171
1331 123
1332 100
1333 29
1334 214
1335 60
1336 244
1337 14
1338 148
1339 177
1340 89
1341 167
1342 107
1343 125
1344 70
1345 194
1346 45
1347 135
1348 6
1349 90
1350 74
1351 32
1352 120
1353 33
1354 7
1355 248
1356 112
1357 21
1358 61
1359 55
1360 130
1361 79
1362 40
1363 99
1364 90
1365 135
1366 157
1367 235
1368 3
1369 243
1370 148
1371 211
1372 115
1373 130
1374 78
1375 185
1376 208
1377 78
1378 138
1379 35
1380 185
1381 24
1382 20
1383 130
1384 101
1385 221
1386 157
1387 40
1388 154
1389 10
1390 1
1391 35
1392 2
1393 9
1394 25
1396 22
1397 188
1398 211
1399 61
1400 117
1401 0
1402 221
1403 108
1404 49
1405 180
1406 100
1407 90
1408 133
1409 97
1410 205
1411 239
1412 51
1413 20
1414 83
1415 159
1416 68
1417 155
1418 180
1419 193
1420 142
1421 129
1422 93
1423 138
1425 212
1426 108
1427 244
1428 39
1429 61
1430 66
1431 142
1432 2
1433 234
1434 106
1435 90
1436 33
1437 143
1438 7
1439 154
1440 78
1441 132
1442 100
1443 142
1444 182
1445 159
1446 127
1447 179
1448 194
1449 77
1450 1
1451 40
1452 17
1453 53
1454 238
1455 244
1456 94
1457 100
1458 180
1459 47
1460 89
1461 185
1463 115
1464 171
1465 48
1466 101
1467 62
1468 183
1469 49
1470 116
1471 243
1472 153
1473 19
1474 85
1475 241
1476 82
1477 85
1478 208
1479 100
1480 97
1481 199
1482 98
1483 242
1484 37
1485 157
1486 135
1487 7
1488 83
1489 154
1490 248
1491 117
1493 45
1494 143
1495 206
1496 138
1497 222
1498 228
1499 193
1500 171
1501 207
1502 100
1503 66
1504 162
1505 191
1506 54
1507 232
1508 111
1509 179
1510 61
1511 230
1512 171
1513 48
1514 185
1515 2
1516 235
1517 154
1518 171
1519 65
1520 208
1521 85
1522 17
1523 142
1524 107
1525 68
1526 130
1527 82
1528 177
1529 85
1530 85
1531 101
1532 232
1533 106
1534 212
1535 99
1536 90
1537 116
1538 123
1539 204
1540 2
1541 20
1542 30
1543 91
1544 248
1545 133
1546 185
1547 120
1548 213
1549 169
1550 236
1551 61
1552 19
1553 100
1554 152
1555 133
1556 94
1557 228
1558 20
1559 129
1560 21
1561 171
1562 244
1563 28
1564 211
1565 18
1566 148
1567 89
1568 162
1569 59
1570 82
1571 179
1572 154
1573 157
1574 112
1575 85
1576 29
1577 182
1578 21
1579 36
1580 95
1581 224
1582 19
1583 159
1584 6
1585 82
1586 166
1587 51
1588 2
1589 42
1590 2
1591 115
1592 129
1593 120
1594 138
1595 143
1596 130
1597 199
1598 58
1599 30
1600 112
1601 232
1602 138
1603 232
1604 244
1605 204
1606 157
1607 107
1608 47
1609 62
1610 110
1611 28
1612 216
1613 90
1614 206
1615 96
1616 49
1617 12
1618 65
1619 216
1620 106
1621 100
1622 96
1623 205
1624 53
1625 194
1626 246
1627 222
1628 50
1629 201
1630 120
1631 106
1632 199
1633 20
1634 83
1635 6
1636 125
1637 45
1638 40
1639 248
1640 108
1641 6
1642 231
1643 179
1644 180
1645 230
1646 107
1647 153
1648 107
1649 47
1650 33
1651 6
1652 206
1653 235
1654 30
1655 85
1656 82
1657 19
1658 49
1659 32
1660 16
1661 120
1662 62
1663 117
1664 82
1665 65
1666 35
1667 1
1668 5
1669 191
1670 169
1671 132
1672 61
1673 76
1674 96
1675 57
1676 243
1677 27
1678 29
1679 85
1680 38
1681 95
1682 155
1683 149
1684 244
1685 211
1686 132
1688 49
1689 116
1690 20
1691 190
1692 5
1693 199
1694 188
1695 16
1696 88
1697 31
1698 249
1699 138
1700 106
1701 139
1702 154
1703 113
1704 19
1705 43
1706 85
1707 47
1708 70
1709 2
1710 0
1711 3
1712 216
1713 22
1714 148
1715 9
1716 82
1717 142
1718 130
1719 8
1720 232
1721 99
1722 1
1723 53
1725 96
1726 208
1727 20
1728 157
1729 155
1730 79
1731 52
1732 158
1733 188
1734 214
1735 52
1736 185
1737 18
1738 63
1739 232
1740 36
1741 29
1742 68
1743 153
1744 220
1745 129
1746 190
1747 6
1748 18
1749 79
1750 82
1751 82
1752 49
1753 6
1754 43
1755 30
1756 196
1757 38
1758 31
1759 58
1760 202
1761 95
1762 78
1764 65
1765 85
1766 25
1767 182
1768 6
1770 79
1771 130
1772 149
1773 9
1774 6
1775 143
1776 142
1777 84
1778 45
1779 154
1780 112
1781 100
1782 177
1783 2
1784 216
1785 141
1786 119
1787 1
1788 162
1789 112
1790 54
1791 85
1792 19
1793 42
1794 204
1795 189
1796 120
1797 199
1798 180
1799 85
1800 156
1801 111
1802 217
1803 135
1804 158
1805 32
1806 185
1807 180
1808 84
1809 150
1810 29
1811 165
1812 90
1813 33
1814 170
1815 206
1816 21
1817 78
1818 18
1819 232
1820 17
1821 49
1822 243
1823 70
1824 232
1825 58
1826 5
1827 248
1828 204
1829 181
1830 186
1831 20
1832 146
1833 18
1834 85
1835 94
1836 248
1837 184
1838 40
1839 106
1840 90
1841 138
1842 116
1843 85
1844 85
1845 197
1846 172
1847 36
1848 115
1849 82
1850 143
1851 196
1852 68
1853 180
1854 79
1855 90
1856 135
1857 35
1858 169
1859 143
1860 68
1861 184
1862 199
1863 35
1864 232
1865 33
1866 50
1867 157
1868 2
1869 246
1870 46
1871 133
1872 116
1873 204
1874 70
1875 7
1876 107
1877 10
1878 208
1879 81
1881 232
1882 125
1883 128
1884 2
1885 216
1886 119
1887 85
1888 113
1889 206
1890 90
1891 19
1892 36
1893 70
1894 57
1895 222
1896 117
1897 249
1898 90
1899 78
1900 9
1901 202
1902 249
1903 142
1904 127
1905 80
1906 169
1907 212
1908 42
1909 211
1910 244
1911 232
1912 19
1913 139
1914 235
1915 248
1916 206
1917 148
1918 194
1919 107
1920 188
1921 166
1922 213
1923 38
1924 6
1925 166
1926 2
1927 70
1928 17
1929 115
1930 78
1931 19
1932 82
1933 52
1934 208
1935 33
1936 193
1937 212
1938 191
1939 169
1940 18
1941 53
1942 122
1943 99
1944 148
1945 95
1946 40
1947 33
1948 83
1949 154
1950 20
1951 53
1952 101
1953 2
1954 143
1955 61
1956 2
1957 10
1958 95
1959 1
1960 29
1961 128
1962 143
1963 243
1964 224
1965 199
1966 188
1967 106
1968 91
1969 24
1970 61
1971 154
1972 139
1973 150
1974 180
1975 97
1976 228
1977 78
1978 83
1979 145
1980 225
1981 19
1982 192
1983 214
1984 58
1985 139
1986 65
1987 190
1988 106
1989 129
1990 96
1991 194
1992 35
1993 142
1994 6
1995 138
1996 106
1997 106
1998 186
1999 241
2000 137
2002 16
2003 158
2004 33
2006 36
2007 42
2008 31
2009 154
2010 143
2011 244
2012 6
2013 82
2014 84
2015 194
2016 111
2017 157
2018 179
2019 99
2020 142
2021 232
2022 208
2023 129
2024 33
2025 14
2026 138
2027 138
2028 111
2029 70
2030 118
2031 107
2032 232
2033 94
2034 159
2035 233
2037 89
2038 14
2039 105
2040 63
2041 31
2042 117
2043 102
2044 230
2045 78
2046 112
2047 51
2048 204
2049 90
2050 235
2051 211
2052 100
2053 171
2054 246
2055 208
2056 19
2057 244
2058 138
2059 107
2060 100
2061 31
2062 249
2063 216
2064 199
2065 62
2066 19
2067 115
2068 12
2069 8
2070 80
2071 29
2072 195
2073 107
2074 60
2075 18
2076 52
2077 136
2078 35
2079 149
2080 9
2081 194
2082 25
2083 130
2084 42
2085 82
2086 6
2087 154
2088 228
2089 82
2090 228
2091 191
2092 177
2093 90
2094 65
2095 186
2096 107
2097 21
2098 211
2099 80
2100 138
2101 40
2102 46
2103 154
2104 154
2105 136
2106 38
2107 2
2108 206
2109 116
2110 171
2111 85
2112 92
2113 211
2114 148
2115 100
2116 177
2117 138
2118 61
2119 138
2120 117
2121 90
2122 232
2123 83
2124 20
2125 135
2126 211
2127 225
2128 70
2129 78
2130 1
2131 135
2132 116
2133 188
2134 176
2135 29
2136 85
2137 188
2138 7
2139 92
2140 95
2141 212
2142 180
2143 138
2144 185
2145 20
2146 244
2147 109
2148 31
2149 115
2150 83
2151 230
2152 202
2153 185
2154 7
2155 141
2156 29
2157 61
2158 230
2159 232
2160 4
2161 81
2162 178
2163 221
2164 142
2165 100
2166 244
2167 211
2168 42
2169 22
2170 188
2171 78
2172 212
2173 83
2174 90
2175 65
2176 107
2177 130
2178 8
2179 53
2180 155
2181 9
2182 42
2183 129
2184 70
2185 112
2186 32
2187 97
2188 94
2189 75
2190 149
2191 35
2192 96
2193 52
2194 70
2195 85
2196 161
2197 36
2198 171
2199 83
2200 117
2201 129
2202 116
2203 108
2204 158
2205 70
2207 82
2208 53
2209 235
2211 216
2212 180
2213 78
2214 232
2215 211
2216 1
2217 154
2218 90
2219 177
2220 138
2221 97
2222 225
2223 29
2224 222
2225 100
2226 125
2227 21
2228 111
2229 125
2230 136
2231 33
2232 152
2233 6
2234 45
2235 169
2236 228
2237 143
2238 100
2239 153
2240 241
2241 78
2242 228
2243 49
2244 94
2245 180
2246 53
2247 232
2248 80
2249 80
2250 138
2251 241
2252 52
2253 42
2254 159
2255 199
2256 143
2257 216
2258 123
2260 111
2261 216
2262 171
2263 192
2264 14
2265 129
2266 38
2267 154
2268 6
2269 17
2270 85
2271 65
2272 100
2273 61
2274 171
2275 204
2276 128
2277 141
2278 52
2279 92
2280 204
2281 51
2282 102
2283 194
2284 135
2285 190
2286 6
2287 37
2288 85
2289 10
2290 249
2291 126
2292 65
2293 199
2294 9
2295 221
2296 100
2297 177
2298 135
2299 6
2300 20
2301 45
2302 143
2303 180
2304 97
2305 2
2306 248
2307 2
2309 9
2310 211
2311 40
2312 138
2313 202
2314 85
2315 211
2316 142
2317 186
2318 29
2319 185
2320 36
2321 66
2322 83
2323 138
2324 30
2325 65
2327 196
2328 117
2329 17
2330 119
2331 65
2332 8
2333 184
2334 2
2335 248
2336 49
2337 78
2338 2
2339 31
2340 150
2341 249
2342 2
2343 166
2344 127
2345 245
2346 173
2347 83
2348 239
2349 169
2350 143
2351 52
2352 138
2353 211
2354 65
2355 34
2356 111
2357 52
2358 94
2359 25
2361 204
2362 30
2363 82
2364 214
2365 136
2366 244
2367 26
2368 120
2369 230
2370 143
2371 207
2372 244
2373 166
2374 138
2375 95
2376 130
2377 6
2378 180
2379 206
2380 99
2382 42
2383 29
2384 136
2385 94
2386 186
2387 19
2388 47
2389 36
2390 49
2391 154
2392 115
2393 26
2394 29
2395 135
2396 154
2398 106
2399 10
2400 101
2401 82
2403 88
2404 151
2405 35
2406 83
2407 138
2408 232
2410 211
2411 171
2412 205
2413 52
2414 14
2415 22
2416 85
2417 197
2418 70
2419 117
2420 198
2421 111
2422 83
2423 35
2424 179
2425 154
2426 85
2427 43
2428 206
2429 211
2430 107
2431 150
2432 242
2433 68
2434 84
2435 204
2436 232
2437 6
2438 152
2439 100
2440 94
2441 10
2442 100
2443 84
2444 18
2445 236
2446 204
2447 51
2448 242
2449 70
2450 149
2451 113
2452 66
2453 171
2454 77
2455 233
2456 211
2457 180
2458 10
2459 157
2460 222
2461 85
2462 142
2463 212
2464 199
2465 210
2466 117
2467 117
2468 154
2469 1
2470 186
2471 33
2472 179
2473 37
2474 20
2475 246
2476 116
2477 6
2478 3
2479 159
2480 240
2481 88
2482 51
2483 6
2484 53
2485 228
2486 100
2487 249
2488 2
2489 235
2490 90
2491 27
2492 180
2493 47
2494 117
2495 58
2496 95
2497 83
2498 149
2499 59
2500 132
2501 6
2503 114
2504 38
2505 232
2506 115
2507 180
2508 9
2509 138
2510 33
2511 171
2512 85
2513 157
2514 53
2515 232
2516 194
2517 224
2518 79
2519 19
2520 18
2521 177
2522 216
2523 180
2524 20
2525 212
2526 135
2527 194
2528 61
2529 204
2530 35
2531 31
2532 225
2533 25
2534 31
2535 141
2536 179
2537 138
2538 33
2539 211
2540 141
2541 38
2542 94
2543 29
2544 100
2545 9
2546 182
2547 94
2548 82
2549 79
2550 176
2551 10
2552 155
2553 82
2554 29
2555 106
2556 166
2557 106
2558 238
2559 222
2560 85
2561 157
2562 85
2563 154
2564 230
2565 66
2566 108
2567 83
2568 16
2569 10
2570 144
2571 120
2572 167
2573 38
2574 180
2575 19
2576 143
2577 24
2578 153
2579 82
2581 179
2582 211
2583 123
2584 29
2585 208
2587 222
2588 6
2589 169
2590 92
2591 249
2592 233
2593 138
2595 242
2596 189
2597 116
2598 29
2599 17
2600 107
2601 30
2602 116
2603 117
2604 35
2605 235
2606 176
2608 235
2609 180
2610 216
2611 220
2612 177
2613 0
2614 123
2615 19
2616 2
2617 189
2618 68
2619 215
2620 249
2621 6
2622 167
2623 53
2624 239
2625 143
2626 176
2627 211
2628 69
2629 125
2630 152
2631 12
2632 99
2633 161
2634 149
2635 117
2636 180
2637 138
2638 143
2639 138
2640 211
2641 138
2642 179
2643 129
2644 49
2645 45
2646 38
2647 68
2648 89
2649 2
2650 33
2651 117
2652 6
2653 66
2654 199
2655 143
2656 248
2657 237
2658 149
2659 151
2660 127
2661 143
2662 127
2663 55
2665 82
2666 100
2667 21
2668 33
2669 143
2670 107
2671 135
2672 88
2673 179
2674 126
2675 123
2676 242
2677 82
2678 130
2679 18
2680 29
2681 232
2682 28
2683 107
2684 138
2685 138
2686 220
2687 220
2688 2
2689 94
2690 29
2691 118
2692 65
2693 50
2694 78
2695 248
2696 142
2697 130
2698 176
2699 115
2700 117
2701 26
2702 7
2703 144
2704 10
2705 95
2706 111
2707 189
2708 162
2709 78
2710 167
2711 159
2712 173
2713 158
2714 216
2715 141
2717 19
2718 138
2719 149
2720 83
2721 0
2722 162
2723 115
2724 211
2725 19
2727 27
2728 85
2729 83
2730 31
2731 207
2732 25
2733 226
2734 167
2735 149
2736 118
2737 245
2738 100
2739 126
2740 111
2741 2
2742 154
2743 102
2744 106
2745 116
2746 202
2747 225
2748 228
2749 36
2750 25
2751 30
2752 107
2753 19
2754 90
2755 130
2756 48
2757 115
2758 82
2759 142
2760 61
2761 177
2762 135
2763 68
2764 21
2765 31
2766 180
2767 80
2768 56
2769 206
2770 36
2771 196
2773 2
2774 116
2775 68
2776 99
2777 194
2778 166
2779 29
2780 96
2781 107
2782 78
2783 2
2784 22
2785 9
2786 90
2787 166
2788 61
2789 184
2790 102
2791 6
2792 2
2793 154
2794 77
2795 225
2796 248
2797 14
2798 33
2799 1
2800 100
2801 33
2802 25
2803 100
2804 180
2805 149
2806 0
2807 143
2808 123
2809 99
2810 180
2811 108
2812 92
2813 2
2814 65
2815 235
2816 148
2817 171
2818 216
2819 225
2820 211
2821 7
2822 37
2823 70
2824 235
2826 56
2827 20
2828 207
2829 142
2830 62
2831 2
2832 14
2833 152
2834 37
2835 19
2836 105
2837 180
2838 30
2839 85
2840 151
2841 65
2842 9
2843 77
2844 192
2845 194
2846 51
2847 46
2848 232
2849 215
2850 224
2851 36
2852 95
2853 38
2854 161
2855 9
2856 7
2857 36
2858 6
2859 85
2860 234
2861 17
2862 82
2863 115
2864 154
2865 159
2866 142
2867 233
2868 101
2869 90
2870 61
2871 182
2872 91
2873 62
2874 9
2875 53
2876 138
2877 6
2878 117
2879 2
2880 233
2881 182
2882 35
2883 115
2884 65
2885 29
2886 117
2887 204
2888 241
2889 107
2890 216
2891 29
2892 29
2893 6
2894 207
2895 51
2896 85
2897 58
2898 235
2899 173
2900 88
2901 154
2902 84
2903 16
2904 8
2905 35
2906 82
2907 194
2908 20
2909 111
2910 42
2911 85
2912 96
2913 33
2914 152
2915 27
2916 35
2917 154
2918 185
2919 179
2920 179
2921 45
2922 2
2923 233
2924 180
2925 178
2926 199
2927 24
2928 107
2929 6
2930 182
2931 116
2932 30
2933 138
2934 138
2935 83
2936 19
2937 106
2938 132
2939 143
2940 143
2941 159
2942 61
2943 230
2944 155
2945 101
2946 88
2947 128
2948 35
2949 188
2950 97
2951 10
2952 20
2953 2
2954 105
2955 152
2956 33
2957 70
2958 25
2960 31
2961 192
2962 154
2963 170
2964 33
2965 116
2966 170
2967 36
2968 127
2969 154
2970 2
2971 50
2972 117
2973 20
2974 107
2975 36
2976 135
2977 205
2978 2
2979 79
2980 224
2981 211
2982 146
2983 166
2984 246
2985 107
2986 61
2987 194
2988 163
2989 2
2990 20
2991 171
2992 1
2993 31
2994 171
2995 143
2996 100
2997 49
2998 85
2999 230
3000 83
3001 136
3002 61
3003 194
3004 138
3005 106
3006 100
3007 107
3009 116
3010 211
3011 76
3012 204
3013 195
3014 211
3015 85
3016 141
3017 117
3018 180
3019 36
3020 19
3021 44
3022 211
3023 85
3024 138
3025 235
3027 166
3028 85
3029 177
3030 52
3031 138
3032 29
3033 50
3034 180
3035 82
3036 167
3037 242
3038 90
3039 235
3040 33
3041 20
3042 100
3043 100
3044 161
3045 141
3046 142
3047 143
3048 101
3049 98
3050 22
3051 50
3052 125
3053 107
3054 52
3055 141
3056 91
3057 40
3058 2
3059 107
3060 99
3062 228
3063 17
3064 29
3065 154
3066 33
3067 149
3068 143
3069 171
3070 154
3071 68
3072 128
3073 61
3074 167
3075 62
3076 42
3077 98
3078 207
3079 177
3080 9
3081 65
3082 90
3083 194
3084 110
3085 225
3087 90
3088 5
3089 154
3090 62
3091 68
3092 162
3093 107
3094 101
3095 180
3096 194
3097 0
3098 36
3099 59
3100 68
3101 46
3102 107
3103 85
3104 2
3105 100
3106 52
3107 31
3108 120
3109 20
3110 103
3111 9
3112 1
3113 143
3114 2
3115 148
3116 101
3117 38
3118 31
3119 24
3120 38
3121 216
3122 31
3123 85
3124 78
3125 223
3126 78
3127 29
3128 30
3129 20
3130 7
3131 33
3132 1
3133 142
3134 171
3135 2
3136 65
3137 2
3138 157
3139 38
3140 152
3141 107
3142 95
3143 199
3144 90
3145 38
3146 149
3147 65
3148 149
3149 194
3150 80
3151 67
3152 100
3153 77
3154 141
3155 170
3156 212
3157 138
3158 230
3159 76
3160 94
3161 1
3162 61
3163 225
3164 68
3165 138
3166 78
3167 182
3168 78
3169 142
3170 166
3171 128
3172 212
3173 83
3174 166
3175 232
3176 85
3177 187
3178 120
3179 239
3180 35
3181 92
3182 7
3183 138
3184 10
3185 52
3186 58
3187 127
3188 2
3189 85
3190 234
3191 52
3192 61
3194 7
3195 167
3196 50
3197 100
3198 138
3199 107
3200 138
3201 6
3202 116
3203 44
3204 2
3205 85
3206 171
3207 101
3208 65
3209 33
3210 211
3211 101
3212 83
3213 65
3214 61
3215 10
3216 6
3217 154
3218 227
3219 172
3220 207
3222 70
3223 176
3224 123
3225 101
3226 100
3227 204
3228 10
3229 56
3230 160
3231 14
3232 20
3233 107
3234 135
3235 40
3236 154
3237 150
3238 139
3239 214
3240 208
3241 143
3242 22
3243 221
3244 117
3245 146
3246 83
3247 154
3248 2
3249 207
3250 117
3252 141
3253 78
3254 79
3255 2
3256 117
3257 220
3258 243
3259 204
3260 88
3261 171
3262 154
3263 235
3264 154
3265 78
3267 208
3268 29
3269 157
3270 51
3271 135
3272 68
3273 106
3274 211
3276 52
3277 2
3278 83
3279 70
3280 154
3281 52
3282 115
3283 29
3284 107
3285 84
3286 171
3287 83
3288 2
3289 143
3290 82
3291 84
3292 83
3293 130
3294 6
3295 76
3296 222
3297 230
3298 232
3299 154
3300 204
3301 138
3302 51
3303 171
3304 154
3305 85
3306 248
3307 101
3308 225
3309 82
3310 169
3311 95
3312 180
3313 82
3314 104
3315 32
3316 116
3317 143
3318 49
3319 79
3320 106
3321 123
3322 115
3323 111
3324 29
3325 47
3326 1
3327 127
3328 82
3329 239
3330 123
3331 70
3332 206
3333 230
3334 186
3335 32
3336 57
3338 20
3339 35
3340 106
3341 88
3342 212
3343 211
3344 180
3345 157
3346 207
3347 136
3348 148
3349 106
3350 180
3351 83
3352 9
3353 36
3354 206
3356 108
3357 144
3358 193
3359 85
3360 38
3361 101
3362 212
3363 20
3364 94
3365 232
3366 7
3367 19
3368 60
3369 135
3370 171
3371 52
3372 30
3373 3
3374 85
3375 28
3376 90
3377 94
3378 182
3379 82
3380 6
3381 180
3382 188
3383 212
3385 77
3386 52
3387 230
3388 82
3389 76
3390 141
3391 228
3392 38
3393 94
3394 204
3395 100
3396 135
3397 30
3398 59
3399 42
3400 162
3401 152
3402 65
3403 224
3405 60
3406 2
3407 234
3408 94
3409 29
3410 177
3411 45
3412 248
3413 208
3414 154
3415 29
3416 130
3417 153
3418 29
3419 49
3420 206
3421 78
3422 108
3423 29
3424 204
3425 171
3426 123
3427 154
3428 38
3429 94
3430 20
3431 20
3432 14
3433 141
3434 90
3435 244
3436 88
3437 68
3438 171
3439 188
3440 19
3441 238
3442 83
3443 31
3444 88
3445 182
3446 205
3447 248
3448 6
3449 211
3450 9
3451 77
3452 133
3454 19
3455 109
3457 55
3458 62
3459 171
3460 246
3461 110
3462 62
3463 136
3464 20
3465 78
3467 6
3468 29
3470 65
3471 154
3472 129
3473 124
3474 202
3475 29
3476 216
3477 106
3478 193
3479 198
3480 205
3481 97
3482 69
3483 33
3484 27
3485 115
3486 2
3488 21
3489 2
3490 138
3491 153
3493 35
3494 180
3495 109
3496 244
3497 143
3498 242
3499 82
3500 235
3501 149
3502 180
3503 20
3504 94
3505 12
3506 211
3507 77
3508 70
3509 27
3510 6
3511 14
3512 31
3513 66
3514 241
3515 85
3516 0
3517 2
3519 85
3520 171
3521 194
3522 228
3523 80
3525 143
3526 232
3527 148
3528 214
3529 35
3530 21
3531 83
3532 9
3533 151
3534 106
3535 175
3536 136
3537 135
3538 117
3539 2
3540 35
3541 154
3542 104
3543 194
3545 154
3546 20
3547 85
3548 164
3549 154
3550 52
3551 100
3552 60
3553 233
3554 167
3555 85
3556 68
3557 194
3558 2
3559 65
3560 222
3561 142
3562 109
3563 49
3564 108
3565 144
3566 154
3567 83
3568 27
3569 3
3570 152
3571 159
3572 52
3573 15
3575 85
3576 2
3577 85
3578 132
3579 33
3580 7
3581 76
3582 6
3583 180
3584 61
3585 82
3586 212
3587 38
3588 83
3589 171
3590 6
3591 206
3592 7
3593 16
3594 82
3595 97
3596 40
3597 33
3598 2
3599 152
3600 94
3601 160
3602 216
3603 223
3604 232
3605 52
3606 19
3607 100
3608 2
3609 142
3610 85
3611 212
3612 21
3613 219
3614 211
3615 143
3616 154
3617 84
3618 14
3619 61
3620 100
3621 29
3622 50
3623 188
3624 106
3625 111
3626 232
3627 127
3628 56
3629 107
3630 116
3631 90
3632 233
3633 49
3634 107
3636 43
3637 115
3638 211
3639 112
3640 180
3641 97
3642 6
3644 100
3645 171
3646 216
3647 138
3648 85
3649 20
3650 5
3651 112
3652 90
3653 38
3654 107
3655 20
3656 2
3657 166
3658 82
3659 65
3660 141
3661 172
3662 9
3663 127
3664 96
3665 228
3666 212
3667 107
3668 144
3669 162
3670 149
3671 143
3672 98
3673 188
3674 65
3675 82
3676 36
3677 29
3678 180
3679 141
3680 29
3681 123
3682 9
3683 83
3684 90
3685 1
3686 180
3688 85
3689 85
3690 54
3691 50
3692 211
3693 9
3694 137
3695 171
3696 56
3697 58
3698 105
3699 107
3700 188
3701 232
3702 211
3703 25
3704 180
3705 194
3706 38
3707 6
3708 116
3709 136
3710 65
3711 88
3712 7
3713 53
3714 38
3715 232
3716 206
3717 136
3719 106
3720 100
3721 211
3722 10
3723 82
3724 20
3725 171
3726 248
3727 108
3728 182
3729 35
3730 220
3731 78
3732 175
3733 82
3734 9
3735 180
3736 171
3737 70
3738 115
3739 211
3740 32
3741 212
3742 20
3743 7
3744 158
3745 90
3746 29
3747 180
3748 117
3749 49
3750 25
3751 82
3752 85
3753 249
3754 2
3755 138
3756 211
3757 211
3758 78
3759 211
3760 49
3761 180
3762 90
3763 234
3764 61
3765 94
3766 52
3767 235
3768 154
3769 82
3770 9
3771 7
3772 149
3773 171
3774 171
3775 92
3776 2
3777 206
3778 29
3779 111
3780 2
3781 189
3782 35
3783 121
3784 42
3785 29
3786 106
3787 31
3788 42
3789 137
3790 152
3791 168
3792 50
3793 173
3794 149
3795 31
3796 180
3797 29
3798 10
3799 9
3800 77
3801 29
3802 228
3803 204
3804 29
3805 29
3806 65
3807 191
3808 244
3809 180
3811 76
3812 2
3813 6
3814 16
3815 68
3816 166
3817 181
3818 88
3819 61
3820 56
3821 33
3822 173
3823 83
3824 2
3825 125
3826 116
3827 33
3828 171
3829 157
3830 136
3831 49
3832 232
3833 61
3834 92
3836 163
3837 3
3838 21
3839 33
3840 46
3841 99
3842 76
3843 201
3844 216
3845 112
3846 4
3847 14
3848 6
3849 107
3850 119
3851 85
3852 171
3853 2
3854 152
3855 117
3856 76
3857 161
3858 77
3859 61
3860 107
3861 244
3862 21
3863 138
3864 154
3865 36
3866 138
3867 138
3868 20
3869 94
3870 29
3871 38
3872 90
3873 93
3874 97
3875 101
3876 76
3877 33
3878 221
3879 171
3880 9
3881 188
3882 180
3883 154
3884 154
3885 69
3886 41
3887 49
3888 130
3889 20
3890 2
3891 123
3892 85
3893 22
3894 85
3895 222
3896 117
3897 94
3898 100
3899 171
3901 43
3902 83
3904 76
3905 6
3906 212
3907 235
3908 212
3909 19
3910 232
3911 29
3912 50
3913 234
3914 173
3915 85
3917 1
3918 154
3919 2
3920 2
3921 123
3922 180
3923 84
3924 176
3925 154
3926 95
3927 31
3928 33
3929 174
3930 152
3931 60
3932 163
3933 6
3934 211
3935 1
3936 244
3938 171
3939 195
3940 248
3941 119
3943 206
3944 65
3945 155
3946 154
3947 52
3948 138
3949 204
3950 36
3951 8
3952 111
3953 138
3954 27
3955 100
3956 232
3957 119
3958 176
3959 143
3960 30
3961 119
3962 141
3963 29
3964 84
3965 232
3966 85
3967 33
3968 188
3969 143
3970 138
3971 157
3972 171
3973 92
3974 52
3975 108
3976 9
3977 14
3978 2
3979 76
3980 29
3981 7
3982 161
3983 85
3984 178
3985 2
3986 88
3987 85
3988 100
3989 50
3990 171
3991 244
3992 154
3993 151
3994 211
3995 2
3996 144
3997 2
3998 107
3999 70
4000 85
4001 135
4002 2
4003 2
4004 216
4005 16
4006 95
4007 52
4008 47
4009 88
4010 138
4011 203
4012 94
4013 82
4014 212
4015 85
4016 88
4017 138
4018 232
4019 31
4020 82
4021 2
4022 116
4023 180
4024 42
4025 102
4026 138
4027 143
4028 179
4029 171
4030 188
4031 42
4032 93
4033 78
4034 31
4035 159
4036 135
4037 2
4038 52
4039 20
4040 79
4041 36
4042 37
4043 100
4044 147
4045 85
4046 212
4047 180
4048 149
4049 180
4050 22
4051 33
4052 171
4053 171
4054 143
4055 111
4056 101
4057 154
4058 154
4059 101
4060 100
4061 171
4062 42
4063 154
4064 200
4065 2
4066 82
4067 65
4068 42
4069 77
4070 30
4071 218
4072 141
4073 170
4074 154
4075 50
4076 111
4077 107
4078 225
4079 36
4080 37
4081 30
4082 6
4083 108
4084 144
4085 85
4086 158
4087 20
4088 38
4089 29
4090 154
4091 180
4092 154
4093 232
4094 232
4095 83
4096 108
4097 107
4098 19
4100 232
4101 100
4102 154
4104 14
4105 49
4106 102
4107 216
4108 20
4109 94
4110 173
4111 149
4112 129
4113 100
4114 42
4115 20
4116 170
4117 85
4118 142
4119 10
4120 208
4121 212
4122 78
4123 138
4124 19
4125 70
4126 228
4127 25
4128 238
4129 82
4130 127
4131 228
4132 20
4133 199
4134 206
4135 85
4137 107
4138 29
4139 40
4140 211
4141 117
4142 33
4143 36
4144 154
4145 5
4146 65
4147 2
4148 29
4149 79
4150 29
4151 33
4152 201
4153 33
4154 130
4155 113
4156 85
4157 62
4158 85
4159 171
4160 85
4161 154
4162 154
4163 29
4164 235
4165 85
4166 85
4167 166
4168 182
4169 118
4170 82
4171 154
4172 152
4173 215
4174 70
4175 80
4176 98
4177 136
4178 43
4179 82
4180 171
4181 171
4182 211
4183 85
4184 109
4185 180
4186 115
4187 171
4188 153
4189 171
4190 136
4191 80
4192 117
4193 9
4194 65
4195 20
4196 100
4197 78
4198 4
4199 72
4200 202
4201 204
4202 143
4203 3
4204 100
4205 82
4206 170
4207 29
4208 29
4209 108
4210 20
4211 20
4212 198
4213 90
4214 85
4215 235
4216 9
4218 161
4219 138
4220 171
4221 216
4222 230
4223 100
4224 140
4225 234
4226 2
4227 82
4228 157
4229 206
4230 107
4231 90
4232 49
4233 60
4234 228
4235 20
4236 37
4237 154
4238 20
4239 14
4240 2
4241 2
4242 9
4243 107
4244 13
4245 85
4246 220
4247 144
4248 46
4249 241
4250 29
4251 52
4252 203
4253 212
4254 106
4255 82
4256 83
4257 180
4258 85
4259 33
4260 248
4261 1
4263 171
4264 225
4266 106
4267 83
4268 52
4269 54
4270 182
4272 9
4273 33
4274 194
4275 125
4276 2
4277 77
4278 61
4279 31
4280 82
4281 149
4282 82
4284 201
4285 3
4286 56
4287 171
4288 2
4289 117
4290 106
4291 188
4292 53
4293 188
4294 61
4295 85
4296 192
4297 42
4298 194
4299 94
4300 85
4301 206
4302 148
4303 244
4304 53
4305 157
4306 2
4307 180
4308 142
4309 127
4310 83
4311 171
4312 171
4313 15
4314 29
4315 10
4316 44
4317 101
4318 143
4319 154
4320 20
4321 88
4322 82
4323 173
4324 1
4325 82
4326 85
4327 6
4328 33
4329 36
4330 85
4331 38
4332 185
4333 170
4334 82
4335 2
4336 20
4337 170
4338 249
4339 85
4340 208
4341 204
4342 50
4343 7
4344 121
4345 232
4346 6
4347 9
4348 100
4349 61
4350 85
4351 179
4352 2
4353 2
4354 180
4355 90
4356 30
4357 85
4358 212
4359 180
4360 121
4361 202
4362 65
4363 180
4364 92
4365 20
4366 181
4367 82
4369 76
4370 150
4371 216
4372 171
4373 31
4374 148
4375 15
4376 6
4377 90
4378 101
4379 82
4380 154
4381 31
4382 2
4383 188
4384 31
4385 94
4386 135
4387 69
4388 49
4390 33
4391 30
4392 216
4393 33
4394 33
4395 94
4396 107
4397 170
4398 38
4399 180
4400 57
4401 154
4402 206
4403 154
4404 82
4405 29
4406 166
4407 105
4408 47
4409 244
4410 211
4411 2
4412 33
4413 20
4415 82
4416 166
4417 117
4418 30
4420 70
4421 211
4422 150
4423 100
4424 153
4425 101
4426 19
4428 16
4429 7
4430 203
4431 171
4432 85
4433 150
4434 139
4435 166
4436 2
4437 123
4439 52
4440 49
4441 113
4442 90
4443 1
4444 99
4445 178
4446 10
4447 150
4448 107
4449 90
4451 48
4452 158
4453 232
4454 142
4455 204
4456 180
4457 166
4458 203
4459 194
4460 85
4461 61
4462 154
4463 54
4464 211
4465 135
4466 33
4467 204
4468 30
4469 85
4470 117
4471 70
4472 194
4473 85
4474 61
4475 29
4476 169
4477 13
4479 116
4480 244
4481 171
4482 232
4483 79
4484 212
4485 9
4486 166
4487 90
4488 171
4489 143
4490 154
4491 100
4492 204
4493 14
4494 212
4495 212
4496 216
4497 18
4498 29
4499 211
4500 30
4501 11
4502 166
4503 49
4504 83
4505 154
4506 95
4507 180
4508 29
4509 171
4510 30
4511 100
4512 74
4513 9
4514 33
4515 19
4516 2
4517 36
4518 117
4519 85
4520 76
4521 7
4522 211
4523 248
4524 37
4525 36
4526 100
4527 46
4528 79
4529 180
4530 197
4531 70
4532 95
4533 100
4534 97
4535 95
4536 61
4537 2
4538 9
4539 154
4540 52
4541 107
4542 2
4543 20
4544 166
4545 115
4546 20
4547 29
4548 216
4550 107
4551 169
4553 82
4554 36
4555 77
4556 212
4557 179
4558 66
4559 43
4560 20
4561 233
4562 204
4563 76
4564 35
4565 171
4566 70
4567 29
4568 196
4569 12
4571 2
4572 61
4573 29
4574 157
4575 135
4576 171
4577 166
4578 138
4579 30
4580 167
4581 154
4582 107
4583 14
4584 49
4585 83
4586 171
4587 40
4588 53
4589 107
4590 107
4591 202
4592 85
4593 27
4594 244
4595 82
4596 20
4598 192
4600 47
4601 155
4602 85
4603 166
4604 29
4605 105
4606 96
4607 9
4608 9
4609 94
4610 171
4611 216
4612 2
4613 180
4614 85
4615 85
4616 20
4617 117
4618 154
4619 13
4620 85
4621 22
4622 210
4623 107
4624 199
4625 116
4626 61
4627 58
4628 135
4629 33
4630 68
4631 84
4632 194
4633 107
4634 9
4635 107
4636 143
4637 171
4638 215
4639 50
4640 76
4641 143
4642 170
4643 20
4644 96
4645 2
4646 108
4647 77
4648 33
4649 9
4650 49
4651 85
4652 157
4653 113
4654 31
4655 21
4656 217
4657 232
4658 204
4659 141
4660 29
4661 77
4662 171
4663 117
4664 166
4665 14
4666 61
4667 135
4668 31
4669 36
4670 52
4671 171
4672 82
4673 48
4674 26
4675 2
4676 87
4677 193
4678 85
4679 2
4680 101
4681 212
4682 31
4683 194
4684 9
4685 61
4686 20
4687 47
4688 99
4689 135
4690 138
4691 76
4692 79
4693 29
4694 9
4695 36
4696 113
4697 95
4698 45
4699 212
4700 137
4701 233
4702 79
4703 20
4704 52
4705 52
4706 249
4707 29
4708 204
4709 39
4710 107
4711 100
4712 108
4713 188
4714 152
4715 100
4716 100
4717 248
4718 211
4719 2
4720 7
4721 10
4722 52
4723 76
4724 61
4725 107
4726 154
4727 154
4728 225
4729 194
4730 26
4731 180
4732 70
4733 112
4734 136
4735 85
4737 244
4738 154
4739 79
4740 20
4741 9
4742 232
4744 36
4745 180
4746 90
4748 29
4749 37
4750 94
4751 9
4752 31
4753 90
4754 199
4755 232
4756 244
4757 49
4759 212
4760 143
4761 107
4762 33
4763 49
4764 82
4765 154
4766 6
4767 220
4768 177
4769 36
4770 2
4771 42
4772 90
4773 100
4774 138
4775 53
4776 107
4777 138
4778 145
4779 2
4780 19
4781 212
4782 92
4783 77
4784 20
4785 171
4786 2
4787 83
4788 127
4789 142
4790 7
4791 78
4792 79
4793 180
4794 52
4795 201
4796 29
4797 94
4798 9
4799 175
4800 33
4801 101
4802 85
4803 90
4804 100
4805 31
4806 77
4807 36
4808 143
4809 29
4810 107
4811 130
4812 169
4813 171
4814 101
4815 194
4816 204
4817 9
4818 185
4820 239
4821 171
4822 85
4823 65
4824 10
4825 83
4826 232
4827 94
4828 33
4829 154
4830 171
4831 62
4832 18
4833 171
4834 2
4835 107
4836 166
4837 206
4839 173
4840 38
4841 100
4842 79
4843 117
4844 9
4845 77
4846 7
4847 171
4848 49
4849 50
4850 188
4851 82
4852 36
4853 78
4854 82
4855 29
4856 138
4857 111
4858 7
4859 21
4860 19
4861 244
4862 9
4863 78
4864 78
4865 171
4866 141
4867 2
4868 154
4869 9
4870 171
4871 154
4872 85
4873 33
4875 65
4876 90
4877 135
4878 58
4879 107
4880 156
4881 204
4882 100
4883 107
4884 20
4885 141
4886 38
4887 188
4888 154
4889 2
4890 38
4891 117
4892 52
4893 107
4894 9
4895 65
4896 6
4897 154
4898 159
4899 7
4900 27
4901 49
4903 29
4904 115
4905 171
4906 94
4907 40
4908 6
4909 248
4910 157
4911 115
4913 2
4914 82
4915 40
4916 82
4917 6
4918 33
4919 149
4921 158
4922 35
4923 206
4924 52
4925 203
4926 208
4928 31
4929 52
4931 20
4932 82
4933 90
4934 211
4935 199
4936 111
4937 36
4938 82
4939 171
4940 151
4941 9
4942 6
4944 6
4945 117
4946 85
4947 171
4948 32
4949 85
4950 51
4951 9
4952 204
4953 65
4954 130
4955 29
4956 138
4957 10
4958 171
4959 43
4960 197
4961 107
4962 214
4963 99
4964 49
4965 171
4966 191
4967 150
4968 36
4969 99
4970 19
4971 108
4972 211
4973 248
4974 208
4975 180
4976 50
4977 22
4978 151
4979 12
4980 36
4981 171
4982 6
4983 20
4984 36
4985 166
4986 101
4987 177
4988 9
4989 171
4990 36
4991 2
4992 244
4993 2
4994 154
4995 82
4996 20
4997 107
4998 42
4999 12
5000 6
5001 117
5002 85
5003 83
5004 33
5005 171
5006 45
5007 78
5008 77
5009 85
5010 100
5011 79
5012 211
5013 143
5014 79
5015 29
5016 2
5017 246
5018 94
5019 94
5020 235
5021 90
5022 85
5023 61
5024 92
5025 220
5026 52
5027 138
5028 20
5029 157
5030 180
5031 85
5032 138
5033 6
5034 20
5035 245
5036 179
5037 94
5038 68
5039 100
5040 164
5042 143
5043 49
5044 108
5045 154
5046 33
5047 157
5048 230
5049 29
5050 85
5051 154
5052 82
5053 40
5054 241
5055 38
5056 88
5057 171
5058 61
5059 115
5060 94
5061 20
5062 85
5063 49
5064 100
5065 116
5066 138
5067 90
5068 90
5070 2
5071 2
5072 154
5073 82
5074 84
5075 6
5076 154
5077 85
5082 171
5083 97
5084 211
5085 171
5086 65
5087 85
5088 171
5089 166
5090 49
5091 179
5092 142
5093 83
5094 33
5095 90
5096 100
5097 171
5098 128
5099 85
5100 36
5101 85
5102 82
5103 248
5104 49
5105 171
5106 154
5107 192
5108 20
5110 107
5111 83
5112 83
5113 10
5114 157
5115 78
5116 52
5117 157
5118 95
5119 52
5120 230
5121 166
5122 85
5123 49
5124 166
5125 77
5126 6
5127 29
5128 153
5129 100
5130 100
5131 232
5132 85
5133 14
5134 1
5135 201
5136 85
5137 194
5138 61
5139 90
5140 29
5141 78
5142 154
5143 211
5144 85
5145 3
5146 2
5147 6
5148 226
5149 6
5150 154
5151 135
5152 52
5153 188
5154 204
5155 29
5156 90
5157 82
5158 90
5159 107
5160 138
5161 7
5162 29
5163 226
5164 206
5165 204
5166 85
5167 65
5168 82
5169 6
5170 33
5171 206
5172 78
5173 29
5174 161
5175 164
5177 2
5178 94
5179 7
5180 85
5181 194
5182 215
5183 47
5184 100
5185 154
5186 85
5187 36
5188 47
5189 107
5190 154
5191 85
5192 85
5193 212
5194 36
5195 85
5196 29
5197 89
5198 100
5199 103
5201 13
5202 20
5203 77
5204 49
5205 20
5206 171
5207 100
5208 169
5209 171
5210 82
5211 42
5212 6
5213 100
5214 17
5215 116
5216 180
5217 68
5218 50
5219 20
5220 143
5221 65
5222 169
5223 101
5224 136
5225 171
5226 242
5227 116
5228 33
5229 90
5230 40
5231 194
5232 3
5233 171
5234 29
5235 33
5236 50
5237 36
5238 179
5239 180
5240 53
5241 135
5242 188
5243 154
5244 154
5245 204
5246 85
5247 194
5248 143
5249 101
5250 14
5251 85
5252 49
5253 244
5254 85
5255 142
5256 6
5257 135
5258 107
5259 85
5260 82
5261 142
5262 83
5263 45
5264 142
5265 61
5266 121
5267 94
5268 33
5269 61
5270 83
5271 88
5272 49
5273 171
5274 61
5275 85
5276 212
5277 14
5278 204
5279 85
5280 138
5281 9
5282 103
5283 85
5284 216
5285 90
5286 211
5287 212
5288 135
5289 85
5290 9
5291 90
5292 9
5293 211
5294 101
5295 212
5296 70
5297 30
5298 212
5299 154
5300 77
5301 94
5302 33
5303 100
5304 161
5305 52
5306 52
5307 171
5308 216
5309 181
5310 117
5311 128
5312 109
5313 115
5314 212
5315 246
5316 206
5317 52
5318 77
5319 85
5320 20
5321 117
5322 82
5323 2
5324 171
5325 83
5326 20
5327 176
5328 33
5329 6
5330 100
5331 166
5332 49
5333 135
5334 155
5335 77
5336 90
5337 85
5338 233
5339 180
5340 171
5341 166
5342 30
5343 52
5344 212
5345 52
5346 61
5347 40
5348 33
5349 143
5350 31
5351 84
5352 166
5353 107
5354 77
5355 6
5356 62
5357 9
5358 26
5359 116
5360 2
5361 85
5362 36
5363 206
5364 2
5365 52
5366 85
5367 33
5370 36
5371 65
5372 90
5373 171
5374 171
5375 2
5376 225
5377 29
5378 77
5379 26
5380 30
5381 20
5382 107
5383 166
5384 212
5385 180
5386 52
5387 50
5388 36
5389 206
5390 36
5391 161
5392 171
5393 31
5394 85
5395 142
5396 36
5397 204
5398 107
5399 7
5400 38
5401 166
5402 204
5403 107
5404 90
5405 2
5406 232
5407 189
5408 138
5409 85
5410 20
5411 206
5412 78
5413 29
5414 38
5415 61
5416 36
5417 38
5418 215
5419 161
5420 209
5421 29
5422 215
5423 85
5424 29
5425 29
5426 166
5427 29
5428 164
5429 9
5430 166
5431 166
5432 164
5433 86
5434 166
5435 85
5436 2
5437 166
5438 61
5439 215
5440 29
5441 50
5442 166
5443 212
5444 64
5445 52
5446 101
5447 2
5448 29
5449 9
5450 166
5451 9
5452 49
5453 52
5454 166
5455 209
5456 20
5457 138
5458 166
5459 134
5460 29
5461 154
5462 61
5463 52
5464 9
5465 52
5466 164
5467 29
5468 61
5469 154
5470 50
5471 52
5472 29
5473 52
5474 154
5475 215
5476 29
5477 138
5478 52
5479 52
5480 50
5481 215
5482 29
5483 52
5484 212
5485 138
5486 50
5487 85
5488 29
5489 61
5490 212
