0 167
1 56
2 215
3 217
4 78
5 74
6 228
7 96
8 51
9 68
10 54
11 130
12 222
13 181
14 54
15 115
16 208
17 70
18 35
19 35
20 54
21 160
22 159
23 22
24 158
25 20
26 219
27 147
28 193
29 181
30 115
31 98
32 78
33 67
34 192
35 185
36 143
37 187
38 7
39 25
40 89
41 194
42 126
43 220
44 130
45 56
46 5
47 56
48 98
49 27
50 133
51 83
52 103
53 54
54 145
55 56
56 21
57 172
58 13
59 181
60 172
61 235
62 158
63 0
64 42
65 173
66 1
67 214
68 98
69 73
70 83
71 232
72 34
73 214
74 248
75 73
76 15
77 160
78 48
79 187
80 37
81 141
82 228
83 130
84 133
85 213
86 56
87 68
88 165
89 58
90 64
91 34
92 193
93 83
94 98
95 246
96 64
97 33
98 14
99 190
100 184
101 218
102 110
103 135
104 68
105 178
106 116
107 34
108 237
109 193
110 222
111 219
112 109
113 179
114 60
115 130
116 108
117 209
118 98
119 152
120 87
121 219
122 9
123 146
124 176
125 191
126 61
127 0
128 37
129 13
130 11
131 42
132 54
133 146
134 158
135 102
136 98
137 0
138 210
139 12
140 93
141 131
142 141
143 101
144 183
145 14
146 12
147 232
148 37
149 217
150 1
151 126
152 118
153 160
154 221
155 193
156 160
157 142
158 184
159 98
160 80
161 93
162 15
163 56
164 70
165 140
166 183
167 58
168 133
169 220
170 5
171 91
172 18
173 4
174 144
175 73
176 130
177 93
178 162
179 183
180 130
181 189
182 3
183 192
184 37
185 209
186 0
187 219
188 90
189 207
190 45
191 208
192 86
193 160
194 149
195 133
196 243
197 42
198 174
199 66
200 210
201 75
202 93
203 183
204 229
205 78
206 47
207 37
208 246
209 47
210 98
211 68
212 93
213 34
214 68
215 162
216 101
217 139
218 76
219 148
220 17
221 137
222 167
223 185
224 131
225 103
226 230
227 56
228 131
229 190
230 64
231 85
232 183
233 135
234 15
235 93
236 211
237 159
238 63
239 225
240 42
241 140
242 103
243 147
244 208
245 103
246 44
247 12
248 127
249 232
250 228
251 128
252 183
253 158
254 244
255 66
256 71
257 161
258 141
259 93
260 191
261 100
262 37
263 14
264 32
265 35
266 51
267 59
268 130
269 160
270 222
271 242
272 17
273 88
274 93
275 133
276 134
277 246
278 47
279 89
280 116
281 29
282 183
283 86
284 190
285 134
286 54
287 129
288 67
289 86
290 67
291 196
292 86
293 187
294 26
295 225
296 130
297 59
298 70
299 164
301 76
302 89
303 22
304 191
305 213
306 33
307 172
308 183
309 21
310 89
311 181
312 218
313 15
314 91
315 158
316 91
317 244
318 194
319 17
320 235
321 73
322 135
323 47
324 213
325 142
326 51
327 52
328 98
329 100
330 22
331 12
332 58
333 108
334 3
335 100
336 45
337 17
338 103
339 207
340 165
341 121
342 42
343 11
344 75
345 176
346 75
347 24
348 245
349 160
350 135
351 27
352 213
353 76
354 93
355 194
356 38
357 75
358 218
359 84
360 15
361 70
362 235
363 158
364 12
365 217
366 228
367 98
368 222
369 247
370 160
371 4
372 73
373 125
374 215
375 160
376 54
377 18
378 80
379 78
380 98
381 111
382 162
383 52
384 129
385 38
386 35
387 167
388 177
389 130
390 223
391 212
392 141
393 93
394 75
395 131
396 64
397 56
398 135
399 238
400 237
401 225
402 7
403 73
404 130
405 3
406 225
407 124
408 143
409 139
410 158
411 103
412 200
413 54
414 55
415 25
416 145
417 234
418 190
419 33
420 70
421 232
422 156
423 221
424 160
425 221
426 9
427 228
428 38
429 184
430 163
431 8
432 160
433 158
434 60
435 171
436 177
437 228
438 227
439 116
440 85
441 118
442 244
443 177
444 201
445 118
446 88
447 230
448 184
449 194
450 246
451 134
452 7
453 25
454 165
455 189
456 68
457 56
458 90
459 90
460 58
461 172
462 95
463 121
464 130
465 190
466 230
467 218
468 0
469 1
470 155
471 66
472 238
473 65
474 18
475 221
476 247
477 39
478 226
479 194
480 1
481 159
482 9
483 58
484 93
485 11
486 172
487 173
488 116
489 182
490 90
491 93
492 141
493 194
494 83
495 48
496 227
497 232
498 35
499 160
500 232
501 61
502 193
503 158
504 73
505 182
506 105
507 19
508 102
509 88
510 84
511 191
512 23
513 137
514 160
515 55
516 248
517 199
518 42
519 70
520 228
522 132
523 184
524 135
525 236
526 68
527 57
528 211
529 115
530 15
531 54
532 161
533 135
534 100
535 135
536 91
537 167
538 226
539 146
540 153
541 240
542 149
543 93
544 247
545 83
546 62
547 143
548 70
549 179
550 71
551 104
552 207
553 189
554 168
555 118
556 119
557 120
558 79
559 24
560 162
561 56
562 135
563 29
564 74
565 54
566 67
567 38
568 56
569 84
570 40
571 217
572 196
573 7
574 192
575 202
576 139
577 1
578 168
579 130
580 183
581 156
582 191
583 141
584 54
585 221
586 181
587 20
588 127
589 1
590 235
591 94
592 64
593 75
594 157
595 90
596 231
597 184
598 68
599 29
600 35
601 14
602 108
603 70
604 190
605 27
606 93
607 230
608 54
609 198
610 181
611 52
612 18
613 59
614 154
615 187
616 172
617 1
618 70
619 167
620 84
621 105
622 244
623 60
624 144
625 213
626 202
627 130
628 60
629 84
630 195
631 125
632 230
633 70
634 124
635 37
636 181
637 158
638 137
639 36
640 9
641 246
642 232
643 79
644 248
645 182
646 3
647 211
648 15
649 64
650 246
651 141
652 232
654 124
655 206
656 130
657 149
658 24
659 88
660 3
661 130
662 223
663 140
664 187
665 3
666 173
667 152
668 6
669 225
670 184
671 75
672 121
673 17
674 27
675 4
676 188
677 141
678 51
679 184
680 137
681 65
682 45
683 88
684 217
685 7
686 71
687 126
688 131
689 224
690 47
691 187
692 244
693 227
694 5
695 70
696 207
697 95
698 98
699 130
700 215
701 119
702 127
703 26
704 181
705 111
706 33
707 41
708 100
709 62
710 226
711 231
712 221
713 130
715 38
716 25
717 85
718 18
719 63
720 183
721 86
722 181
723 66
724 18
725 149
726 7
727 103
728 201
729 187
730 97
731 54
732 137
733 213
734 4
735 100
736 98
737 25
738 127
739 93
740 56
741 189
742 25
743 75
744 70
745 40
746 75
747 221
748 216
749 237
750 150
751 12
752 228
753 157
754 73
755 236
756 232
757 3
758 167
759 84
760 226
761 166
762 84
763 187
764 66
765 165
766 225
767 141
768 238
769 159
770 12
771 0
772 80
773 33
774 130
775 37
776 27
777 37
778 239
779 178
780 224
781 128
782 202
783 21
784 83
785 165
786 214
787 4
788 181
789 137
790 104
791 23
792 168
793 45
794 159
795 190
796 56
797 139
798 131
799 99
800 178
801 76
802 73
803 242
804 73
805 103
806 133
807 223
808 11
809 26
810 73
811 23
812 193
813 172
814 3
815 217
816 76
817 177
818 183
819 230
820 83
821 26
822 219
823 60
824 249
825 93
826 17
827 235
828 141
829 187
830 25
831 214
832 65
833 208
834 89
835 190
836 158
837 37
838 94
839 81
840 222
841 177
842 17
843 147
844 207
845 93
846 213
847 82
848 138
849 217
850 160
851 54
852 5
853 201
854 184
855 235
856 88
857 214
858 27
859 142
860 9
861 17
862 207
863 214
864 100
865 18
866 29
867 184
868 230
869 27
870 177
871 17
872 201
873 23
874 85
875 93
876 84
877 48
878 178
879 166
880 160
881 147
882 115
883 126
884 229
885 203
886 194
887 130
888 184
889 0
890 221
891 55
892 158
893 37
894 218
895 3
896 8
897 192
898 98
899 105
900 148
901 71
902 232
903 235
904 177
905 152
906 147
907 105
908 18
909 229
910 60
911 17
912 115
913 104
914 70
915 202
916 190
917 177
918 102
919 166
920 225
921 20
922 235
923 93
924 217
925 125
926 218
927 135
928 20
929 247
930 100
931 193
932 189
933 45
934 33
935 67
936 108
937 145
938 94
939 27
940 187
941 73
942 219
943 158
944 58
945 88
946 245
947 1
948 202
949 41
950 162
951 70
952 167
953 15
954 17
955 25
956 12
957 1
958 232
959 105
960 20
961 119
962 79
963 5
964 217
965 47
966 75
967 26
968 54
969 108
970 130
971 68
972 56
973 1
974 183
975 174
976 141
977 73
978 88
979 56
980 21
981 226
982 158
983 89
984 68
985 73
986 38
987 17
988 9
989 87
990 138
991 17
992 115
993 221
994 92
995 17
996 185
997 22
998 87
999 100
1000 22
1001 88
1002 137
1003 98
1004 230
1005 75
1006 146
1007 148
1008 39
1009 148
1010 20
1011 98
1012 68
1013 66
1014 11
1015 41
1016 211
1017 3
1018 70
1019 0
1020 81
1021 43
1022 32
1023 93
1024 131
1025 5
1026 195
1027 21
1028 16
1029 89
1030 228
1031 215
1032 170
1033 216
1034 64
1035 17
1036 235
1037 129
1038 64
1039 63
1040 225
1041 129
1042 59
1043 11
1044 211
1045 70
1046 27
1047 159
1048 215
1049 165
1050 248
1051 68
1052 25
1053 141
1054 73
1055 5
1056 190
1057 56
1058 142
1059 67
1060 3
1061 156
1062 84
1063 56
1064 219
1065 213
1066 52
1067 192
1068 28
1069 18
1070 207
1071 177
1072 75
1073 64
1074 177
1075 28
1076 182
1077 25
1078 177
1079 173
1080 138
1081 138
1082 64
1083 162
1084 1
1085 172
1086 159
1087 131
1088 115
1089 167
1090 130
1091 83
1092 33
1093 93
1094 187
1095 158
1096 84
1097 74
1098 173
1099 79
1100 116
1101 79
1102 221
1103 62
1104 144
1105 113
1106 112
1107 58
1108 117
1109 148
1110 39
1111 52
1112 98
1113 179
1114 89
1115 3
1116 190
1117 1
1118 88
1119 89
1120 38
1121 5
1122 100
1123 118
1124 183
1125 85
1126 42
1127 87
1128 144
1129 27
1130 75
1131 19
1132 9
1133 131
1134 127
1135 177
1136 231
1137 56
1138 75
1139 104
1140 104
1141 78
1142 94
1143 184
1144 110
1145 59
1146 146
1147 85
1148 8
1149 125
1150 54
1151 131
1152 45
1153 228
1154 166
1155 119
1156 176
1157 130
1158 194
1159 71
1160 87
1161 21
1162 1
1163 152
1164 3
1165 141
1166 168
1167 68
1168 52
1169 223
1170 14
1171 104
1172 82
1173 177
1174 184
1175 177
1176 24
1177 89
1178 184
1179 171
1180 202
1181 25
1182 178
1183 93
1184 199
1185 105
1186 144
1187 9
1188 83
1189 226
1190 24
1191 45
1192 213
1193 59
1194 236
1195 5
1196 74
1197 18
1198 45
1199 168
1200 195
1201 207
1202 153
1203 242
1204 166
1205 240
1206 83
1207 141
1208 87
1209 9
1210 184
1211 219
1212 79
1213 183
1214 181
1215 158
1216 33
1217 239
1218 77
1219 0
1220 195
1221 220
1222 168
1223 172
1224 236
1225 83
1226 214
1227 188
1228 130
1229 183
1230 24
1231 194
1232 54
1233 181
1234 195
1235 124
1236 166
1237 139
1238 23
1239 147
1240 207
1241 144
1242 42
1243 81
1244 94
1245 184
1246 202
1247 245
1248 79
1249 111
1250 5
1251 37
1252 93
1253 165
1254 69
1255 148
1256 90
1257 0
1258 203
1259 214
1260 17
1261 60
1262 247
1263 60
1264 7
1265 27
1266 193
1267 239
1268 202
1269 41
1270 37
1271 94
1272 75
1273 184
1274 91
1275 67
1277 40
1278 38
1279 191
1280 233
1281 184
1282 84
1283 182
1284 219
1285 142
1286 3
1287 208
1288 34
1289 121
1290 56
1291 11
1292 229
1293 213
1294 47
1295 68
1296 159
1297 38
1298 131
1299 202
1300 152
1301 136
1302 240
1303 54
1304 66
1305 104
1306 247
1307 188
1308 55
1309 137
1310 3
1311 131
1312 207
1313 23
1314 191
1315 130
1316 224
1317 54
1318 226
1319 150
1320 68
1321 193
1322 104
1323 88
1324 71
1325 45
1326 194
1327 66
1328 141
1329 194
1330 176
1331 159
1332 84
1333 41
1334 119
1335 147
1336 68
1337 23
1338 9
1339 124
1340 185
1341 9
1342 3
1343 79
1344 184
1345 56
1346 47
1347 71
1348 84
1349 64
1350 108
1351 224
1352 58
1353 166
1354 84
1355 37
1356 33
1357 14
1358 27
1359 51
1360 191
1361 18
1362 134
1363 139
1364 192
1365 104
1366 184
1367 18
1368 88
1369 96
1370 191
1371 67
1372 126
1373 124
1374 153
1375 88
1376 38
1377 100
1378 1
1379 23
1380 193
1381 34
1382 225
1383 211
1384 130
1385 155
1386 14
1387 141
1388 166
1389 168
1390 181
1391 7
1392 3
1393 41
1394 32
1396 173
1397 130
1398 93
1399 220
1400 177
1401 34
1402 248
1403 27
1404 166
1405 67
1406 52
1407 183
1408 33
1409 101
1410 222
1411 90
1412 83
1413 3
1414 52
1415 221
1416 238
1417 60
1418 93
1419 222
1420 181
1421 219
1422 237
1423 184
1424 213
1425 184
1426 100
1427 63
1428 13
1429 59
1430 155
1431 181
1432 75
1433 193
1434 63
1435 89
1436 41
1437 183
1438 87
1439 137
1440 187
1441 150
1442 100
1443 181
1444 38
1445 127
1446 23
1447 152
1448 56
1449 1
1450 181
1451 33
1452 76
1453 219
1454 119
1455 232
1456 98
1457 214
1458 17
1459 234
1460 249
1461 134
1463 192
1464 115
1465 139
1466 70
1467 94
1468 205
1469 75
1470 184
1471 117
1472 222
1473 56
1474 59
1475 179
1476 177
1477 207
1478 73
1479 230
1480 185
1481 11
1482 2
1483 178
1484 239
1485 68
1486 168
1487 140
1488 214
1489 59
1490 159
1491 84
1493 195
1494 1
1495 183
1496 177
1497 168
1498 103
1499 146
1500 26
1501 0
1502 84
1503 0
1504 136
1505 55
1506 46
1507 93
1508 167
1509 233
1510 137
1511 84
1512 39
1513 193
1514 37
1515 75
1516 37
1517 213
1518 75
1519 131
1520 181
1521 220
1522 244
1523 68
1524 230
1525 178
1526 232
1527 220
1528 63
1529 207
1530 24
1531 126
1532 228
1533 7
1534 166
1535 217
1536 230
1537 27
1538 101
1539 1
1540 75
1541 183
1542 149
1543 102
1544 162
1545 246
1546 118
1547 7
1548 8
1549 159
1550 205
1551 213
1552 84
1553 84
1554 233
1555 217
1556 1
1557 101
1558 39
1559 60
1560 158
1561 115
1562 126
1563 90
1564 17
1565 60
1566 185
1567 249
1568 32
1569 43
1570 137
1571 29
1572 24
1573 181
1574 246
1575 207
1576 225
1577 141
1578 37
1579 12
1580 54
1581 61
1582 11
1583 238
1584 52
1585 41
1586 95
1587 211
1588 176
1589 159
1590 64
1591 84
1592 74
1593 221
1594 84
1595 130
1596 211
1597 27
1598 0
1599 149
1600 167
1601 70
1602 99
1603 17
1604 68
1605 177
1606 73
1607 1
1608 236
1609 216
1610 57
1611 165
1612 68
1613 131
1614 100
1615 216
1616 177
1617 49
1618 158
1619 27
1620 149
1621 64
1622 47
1623 211
1624 127
1625 54
1626 60
1627 14
1628 194
1629 101
1630 105
1631 11
1632 149
1633 24
1634 176
1635 183
1636 141
1637 168
1638 5
1639 158
1640 152
1641 177
1642 180
1643 149
1644 93
1645 56
1646 52
1647 18
1648 176
1649 84
1650 66
1651 84
1652 70
1653 98
1654 184
1655 115
1656 207
1657 11
1658 84
1659 242
1660 246
1661 29
1662 134
1663 187
1664 220
1665 17
1666 178
1667 68
1668 155
1669 60
1670 167
1671 8
1672 67
1673 73
1674 90
1675 249
1676 81
1677 189
1678 207
1679 131
1680 66
1681 141
1682 201
1683 54
1684 181
1685 131
1686 65
1687 25
1688 41
1689 149
1690 17
1691 90
1692 8
1693 181
1694 63
1695 209
1696 215
1697 25
1698 60
1699 177
1700 27
1701 136
1702 166
1703 114
1704 126
1705 13
1706 93
1707 230
1708 215
1709 75
1710 81
1711 18
1712 211
1713 103
1714 103
1715 3
1716 207
1717 126
1718 126
1719 127
1720 183
1721 134
1722 202
1723 219
1725 195
1726 215
1727 166
1728 11
1729 102
1730 38
1731 99
1732 146
1733 73
1734 90
1735 17
1736 134
1737 103
1738 86
1739 56
1740 214
1741 95
1742 191
1743 238
1744 240
1745 178
1746 221
1747 52
1748 218
1749 190
1750 207
1751 3
1752 75
1753 166
1754 81
1755 169
1756 224
1757 190
1758 99
1759 147
1760 119
1761 29
1762 219
1763 247
1764 214
1765 41
1766 229
1767 200
1768 1
1770 104
1771 172
1772 202
1773 115
1774 59
1775 12
1776 202
1777 23
1778 47
1779 59
1780 167
1781 93
1782 181
1783 166
1784 240
1785 236
1786 111
1787 56
1788 140
1789 130
1790 76
1791 67
1792 162
1793 56
1794 225
1795 208
1796 229
1797 64
1798 131
1799 24
1800 237
1801 70
1802 237
1803 152
1804 34
1805 81
1806 195
1807 93
1808 25
1809 146
1810 26
1811 97
1812 1
1813 177
1814 2
1815 17
1816 162
1817 67
1818 0
1819 228
1820 204
1821 166
1822 157
1823 240
1824 130
1825 28
1826 112
1827 181
1828 59
1829 179
1830 229
1831 176
1832 43
1833 91
1834 115
1835 104
1836 158
1837 9
1838 232
1839 64
1840 67
1841 59
1842 131
1843 95
1844 3
1845 118
1846 78
1847 184
1848 63
1849 207
1850 194
1851 224
1852 235
1853 183
1854 195
1855 177
1856 21
1857 21
1858 54
1859 26
1860 141
1861 102
1862 230
1863 87
1864 70
1865 177
1866 115
1867 232
1868 26
1869 102
1870 227
1871 135
1872 100
1873 220
1874 80
1875 152
1876 228
1877 178
1878 73
1879 36
1881 56
1882 32
1883 38
1884 75
1885 7
1886 146
1887 52
1888 145
1889 228
1890 17
1891 183
1892 183
1893 187
1894 40
1895 103
1896 56
1897 223
1898 24
1899 190
1900 41
1901 239
1902 58
1903 73
1904 99
1905 195
1906 70
1907 230
1908 56
1909 20
1910 91
1911 98
1912 70
1913 202
1914 215
1915 232
1916 27
1917 9
1918 37
1919 84
1920 93
1921 26
1922 249
1923 1
1924 184
1925 24
1926 115
1927 56
1928 237
1929 84
1930 187
1931 98
1932 188
1933 194
1934 5
1935 213
1936 47
1937 17
1938 216
1939 228
1940 211
1941 233
1942 46
1943 246
1944 55
1945 47
1946 173
1947 166
1948 1
1949 75
1950 39
1951 229
1952 70
1953 52
1954 183
1955 183
1956 52
1957 80
1958 73
1959 234
1960 115
1961 33
1962 183
1963 40
1964 15
1965 202
1966 130
1967 63
1968 201
1969 85
1970 115
1971 75
1972 211
1973 34
1974 228
1975 191
1976 219
1977 14
1978 66
1979 77
1980 183
1981 187
1982 235
1983 210
1984 222
1985 92
1986 12
1987 128
1988 187
1989 101
1990 55
1991 181
1992 14
1993 159
1994 23
1995 183
1996 1
1997 23
1998 102
1999 210
2000 196
2001 39
2002 61
2003 34
2004 1
2005 166
2006 183
2007 232
2008 71
2009 166
2010 183
2011 181
2012 59
2013 225
2014 192
2015 159
2016 98
2017 94
2018 7
2019 45
2020 54
2021 160
2022 11
2023 88
2024 137
2025 140
2026 171
2027 89
2028 37
2029 148
2030 209
2031 1
2032 228
2033 52
2034 18
2035 232
2036 1
2037 161
2038 187
2039 45
2040 129
2041 225
2042 149
2043 189
2044 184
2045 66
2046 217
2047 191
2048 137
2049 166
2050 167
2051 183
2052 184
2053 207
2054 101
2055 181
2056 37
2057 219
2058 183
2059 67
2060 66
2061 89
2062 245
2063 39
2064 190
2065 14
2066 187
2067 66
2068 82
2069 90
2070 9
2071 115
2072 110
2073 84
2074 48
2075 200
2076 26
2077 193
2078 63
2079 135
2080 39
2081 158
2082 102
2083 55
2084 37
2085 75
2086 149
2087 66
2088 21
2089 220
2090 141
2091 216
2092 5
2093 177
2094 56
2095 57
2096 166
2097 158
2098 131
2099 226
2100 52
2101 181
2102 118
2103 59
2104 24
2105 158
2106 177
2107 166
2108 56
2109 166
2110 39
2111 12
2112 85
2113 214
2114 249
2115 71
2116 83
2117 207
2118 64
2119 177
2120 59
2121 20
2122 84
2123 183
2124 137
2125 140
2126 214
2127 126
2128 236
2129 73
2130 5
2131 7
2132 202
2133 130
2134 103
2135 26
2136 115
2137 130
2138 21
2139 129
2140 216
2141 1
2142 52
2143 59
2144 70
2145 207
2146 54
2147 51
2148 25
2149 149
2150 93
2151 7
2152 223
2153 195
2154 231
2155 153
2156 41
2157 236
2158 84
2159 12
2160 44
2161 138
2162 16
2163 239
2164 98
2165 187
2166 23
2167 52
2168 158
2169 191
2170 214
2171 100
2172 89
2173 213
2174 99
2175 17
2176 176
2177 232
2178 34
2179 232
2180 235
2181 26
2182 33
2183 14
2184 234
2185 139
2186 79
2187 138
2188 1
2189 16
2190 54
2191 27
2192 233
2193 131
2194 89
2195 3
2196 71
2197 95
2198 220
2199 20
2200 184
2201 105
2202 27
2203 73
2204 42
2205 229
2206 166
2207 3
2208 173
2209 215
2211 190
2212 52
2213 11
2214 228
2215 17
2216 192
2217 59
2218 52
2219 219
2220 93
2221 79
2222 194
2223 115
2224 215
2225 149
2226 238
2227 84
2228 70
2229 127
2230 158
2231 84
2232 152
2233 177
2234 211
2235 56
2236 173
2237 131
2238 84
2239 0
2240 146
2241 11
2242 232
2243 24
2244 177
2245 67
2246 104
2247 84
2248 0
2249 226
2250 214
2251 57
2252 214
2253 181
2254 0
2255 149
2256 214
2257 64
2258 221
2260 228
2261 202
2262 26
2263 141
2264 14
2265 102
2266 84
2267 207
2268 17
2269 34
2270 207
2271 99
2272 17
2273 1
2274 24
2275 177
2276 131
2277 124
2278 67
2279 31
2280 177
2281 217
2282 129
2283 11
2284 68
2285 134
2286 66
2287 127
2288 115
2289 87
2290 101
2291 48
2292 64
2293 181
2294 75
2295 13
2296 66
2297 240
2298 29
2299 183
2300 225
2301 216
2302 194
2303 130
2304 79
2305 75
2306 181
2307 188
2309 26
2310 131
2311 14
2312 52
2313 235
2314 41
2315 177
2316 215
2317 0
2318 26
2319 219
2320 207
2321 186
2322 214
2323 183
2324 149
2325 64
2327 221
2328 181
2329 96
2330 28
2331 131
2332 62
2333 136
2334 39
2335 232
2336 207
2337 202
2338 24
2339 75
2340 61
2341 0
2342 26
2343 26
2344 87
2345 96
2346 231
2347 131
2348 90
2349 167
2350 228
2351 214
2352 20
2353 41
2354 1
2355 110
2356 64
2357 12
2358 66
2359 195
2360 213
2361 225
2362 52
2363 213
2364 76
2365 70
2366 37
2367 36
2368 14
2369 184
2370 228
2371 160
2372 68
2373 41
2374 177
2375 173
2376 232
2377 188
2378 230
2379 70
2380 33
2382 181
2383 166
2384 228
2385 192
2386 60
2387 130
2388 84
2389 17
2390 220
2391 59
2392 66
2393 223
2394 95
2395 240
2396 166
2397 3
2398 192
2399 103
2400 228
2401 75
2402 166
2403 233
2404 48
2405 234
2406 84
2407 183
2408 98
2409 41
2410 131
2411 39
2412 167
2413 194
2414 211
2415 240
2416 75
2417 135
2418 73
2419 121
2420 244
2421 187
2422 194
2423 201
2424 29
2425 166
2426 115
2427 62
2428 73
2429 177
2430 1
2431 15
2432 103
2433 168
2434 23
2435 177
2436 84
2437 184
2438 187
2439 66
2440 187
2441 233
2442 89
2443 153
2444 128
2445 31
2446 177
2447 134
2448 140
2449 184
2450 162
2451 110
2452 221
2453 207
2454 67
2455 63
2456 3
2457 17
2458 192
2459 104
2460 18
2461 39
2462 100
2463 184
2464 25
2465 30
2466 230
2467 56
2468 213
2469 158
2470 219
2471 177
2472 63
2473 5
2474 1
2475 150
2476 184
2477 192
2478 136
2479 223
2480 117
2481 162
2482 147
2483 20
2484 47
2485 141
2486 230
2487 221
2488 59
2489 217
2490 84
2491 135
2492 183
2493 136
2494 149
2495 58
2496 232
2497 84
2498 37
2499 65
2500 8
2501 63
2503 19
2504 66
2505 130
2506 104
2507 7
2508 95
2509 214
2510 166
2511 67
2512 26
2513 66
2514 141
2515 56
2516 158
2517 179
2518 7
2519 202
2520 191
2521 55
2522 14
2523 207
2524 24
2525 63
2526 83
2527 93
2528 177
2529 1
2530 73
2531 66
2532 93
2533 238
2534 184
2535 29
2536 83
2537 177
2538 41
2539 183
2540 87
2541 84
2542 67
2543 247
2544 11
2545 26
2546 88
2547 1
2548 207
2549 58
2550 152
2551 202
2552 128
2553 39
2554 115
2555 3
2556 26
2557 66
2558 210
2559 103
2560 26
2561 73
2562 39
2563 220
2564 25
2565 79
2566 234
2567 184
2568 226
2569 202
2570 42
2571 136
2572 91
2573 84
2574 64
2575 181
2576 52
2577 4
2578 127
2579 207
2580 75
2581 63
2582 207
2583 172
2584 247
2585 193
2586 140
2587 18
2588 183
2589 33
2590 145
2591 127
2592 215
2593 183
2595 229
2596 195
2597 230
2598 115
2599 218
2600 131
2601 148
2602 64
2603 228
2604 219
2605 217
2606 162
2608 167
2609 183
2610 71
2611 32
2612 152
2613 101
2614 94
2615 130
2616 207
2617 127
2618 201
2619 192
2620 118
2621 1
2622 219
2623 83
2624 138
2625 131
2626 136
2627 17
2628 57
2629 94
2630 87
2631 204
2632 228
2633 188
2634 7
2635 192
2636 93
2637 52
2638 214
2639 131
2640 130
2641 177
2642 201
2643 235
2644 166
2645 105
2646 64
2647 236
2648 150
2649 75
2650 166
2651 68
2652 187
2653 231
2654 236
2655 183
2656 94
2657 235
2658 5
2659 2
2660 29
2661 56
2662 27
2663 143
2665 166
2666 184
2667 73
2668 166
2669 184
2670 137
2671 211
2672 54
2673 159
2674 208
2675 229
2676 136
2677 207
2678 162
2679 229
2680 24
2681 93
2682 118
2683 149
2684 184
2685 131
2686 80
2687 80
2688 3
2689 230
2690 26
2691 116
2692 56
2693 183
2694 187
2695 70
2696 100
2697 134
2698 168
2699 228
2700 100
2701 74
2702 23
2703 73
2704 192
2705 126
2706 160
2707 191
2708 140
2709 187
2710 153
2711 0
2712 191
2713 226
2714 140
2715 124
2716 52
2717 160
2718 66
2719 17
2720 183
2721 204
2722 136
2723 190
2724 93
2725 17
2727 102
2728 207
2729 52
2730 66
2731 4
2732 235
2733 35
2734 229
2735 167
2736 209
2737 117
2738 184
2739 90
2740 228
2741 26
2742 3
2743 36
2744 233
2745 23
2746 22
2747 130
2748 236
2749 93
2750 55
2751 87
2752 24
2753 158
2754 166
2755 147
2756 33
2757 98
2758 176
2759 126
2760 137
2761 104
2762 66
2763 233
2764 232
2765 66
2766 23
2767 134
2768 238
2769 187
2770 17
2771 185
2773 41
2774 184
2775 211
2776 193
2777 152
2778 247
2779 247
2780 128
2781 1
2782 192
2783 75
2784 58
2785 75
2786 67
2787 41
2788 188
2789 83
2790 185
2791 184
2792 75
2793 59
2794 67
2795 26
2796 162
2797 7
2798 166
2799 104
2800 17
2801 52
2802 136
2803 121
2804 20
2805 94
2806 119
2807 52
2808 0
2809 217
2810 1
2811 87
2812 182
2813 66
2814 70
2815 193
2816 18
2817 24
2818 66
2819 130
2820 59
2821 94
2822 28
2823 174
2824 159
2825 24
2826 178
2827 66
2828 133
2829 73
2830 103
2831 171
2832 142
2833 25
2834 127
2835 211
2836 193
2837 17
2838 152
2839 41
2840 182
2841 37
2842 3
2843 121
2844 101
2845 23
2846 0
2847 34
2848 228
2849 71
2850 227
2851 67
2852 162
2853 68
2854 24
2855 26
2856 68
2857 183
2858 184
2859 207
2860 134
2861 57
2862 207
2863 25
2864 75
2865 42
2866 7
2867 165
2868 160
2869 20
2870 75
2871 0
2872 5
2873 18
2874 26
2875 232
2876 67
2877 183
2878 89
2879 41
2880 103
2881 5
2882 136
2883 142
2884 11
2885 26
2886 190
2887 137
2888 62
2889 67
2890 192
2891 26
2892 95
2893 84
2894 218
2895 61
2896 95
2897 28
2898 158
2899 103
2900 215
2901 52
2902 174
2903 227
2904 118
2905 192
2906 24
2907 84
2908 142
2909 167
2910 98
2911 3
2912 211
2913 176
2914 202
2915 47
2916 29
2917 207
2918 88
2919 240
2920 140
2921 128
2922 39
2923 45
2924 17
2925 114
2926 187
2927 210
2928 131
2929 84
2930 193
2931 149
2932 236
2933 149
2934 67
2935 64
2936 98
2937 99
2938 8
2939 12
2940 214
2941 18
2942 89
2943 148
2944 9
2945 130
2946 134
2947 193
2948 233
2949 11
2950 195
2951 202
2952 177
2953 207
2954 133
2955 37
2956 59
2957 80
2958 18
2960 71
2961 235
2962 20
2963 144
2964 67
2965 187
2966 118
2967 131
2968 94
2969 177
2970 26
2971 207
2972 148
2973 176
2974 52
2975 115
2976 183
2977 94
2978 166
2979 37
2980 15
2981 214
2982 65
2983 95
2984 138
2985 177
2986 176
2987 98
2988 90
2989 166
2990 59
2991 26
2992 233
2993 1
2994 166
2995 89
2996 183
2997 115
2998 26
2999 89
3000 12
3001 160
3002 177
3003 202
3004 247
3005 63
3006 183
3007 230
3008 166
3009 66
3010 115
3011 68
3012 177
3013 114
3014 20
3015 207
3016 87
3017 190
3018 41
3019 207
3020 187
3021 199
3022 1
3023 41
3024 75
3025 54
3027 115
3028 207
3029 202
3030 194
3031 24
3032 26
3033 3
3034 1
3035 207
3036 134
3037 197
3038 121
3039 135
3040 166
3041 17
3042 66
3043 1
3044 75
3045 184
3046 158
3047 131
3048 33
3049 157
3050 83
3051 12
3052 173
3053 70
3054 17
3055 80
3056 32
3057 232
3058 75
3059 3
3060 54
3062 103
3063 119
3064 115
3065 166
3066 59
3067 11
3068 194
3069 39
3070 166
3071 152
3072 18
3073 137
3074 9
3075 191
3076 17
3077 51
3078 222
3079 202
3080 24
3081 187
3082 1
3083 17
3084 116
3085 93
3086 213
3087 228
3088 81
3089 75
3090 235
3091 186
3092 87
3093 20
3094 37
3095 131
3096 187
3097 218
3098 183
3099 216
3100 47
3101 204
3102 183
3103 26
3104 75
3105 52
3106 194
3107 192
3108 161
3109 166
3110 36
3111 95
3112 23
3113 131
3114 66
3115 47
3116 98
3117 1
3118 89
3119 133
3120 68
3121 184
3122 236
3123 26
3124 130
3125 212
3126 56
3127 207
3128 84
3129 115
3130 168
3131 59
3132 27
3133 181
3134 41
3135 41
3136 59
3137 24
3138 158
3139 184
3140 84
3141 225
3142 195
3143 100
3144 89
3145 64
3146 18
3147 228
3148 215
3149 93
3150 103
3151 163
3152 1
3153 176
3154 5
3155 96
3156 84
3157 166
3158 183
3159 100
3160 1
3161 178
3162 188
3163 131
3164 55
3165 1
3166 202
3167 126
3168 11
3169 27
3170 247
3171 215
3172 177
3173 183
3174 194
3175 214
3176 95
3177 69
3178 232
3179 2
3180 192
3181 57
3182 87
3183 17
3184 104
3185 93
3186 101
3187 172
3188 75
3189 39
3190 238
3191 12
3192 177
3193 23
3194 27
3195 195
3196 228
3197 183
3198 184
3199 1
3200 89
3201 89
3202 89
3203 199
3204 213
3205 39
3206 59
3207 126
3208 56
3209 75
3210 20
3211 70
3212 131
3213 67
3214 184
3215 104
3216 64
3217 59
3218 36
3219 33
3220 227
3221 188
3222 192
3223 63
3224 54
3225 93
3226 148
3227 67
3228 190
3229 234
3230 237
3231 152
3232 75
3233 115
3234 17
3235 232
3236 213
3237 62
3238 92
3239 120
3240 88
3241 214
3242 136
3243 81
3244 23
3245 150
3246 207
3247 115
3248 24
3249 227
3250 27
3251 115
3252 73
3253 184
3254 162
3255 213
3256 149
3257 23
3258 96
3259 137
3260 222
3261 41
3262 75
3263 167
3264 166
3265 68
3267 54
3268 166
3269 148
3270 190
3271 27
3272 87
3273 84
3274 64
3275 59
3276 20
3277 84
3278 220
3279 187
3280 59
3281 26
3282 192
3283 115
3284 230
3285 66
3286 41
3287 84
3288 59
3289 184
3290 220
3291 89
3292 194
3293 141
3294 3
3295 21
3296 94
3297 64
3298 56
3299 75
3300 137
3301 177
3302 47
3303 115
3304 213
3305 26
3306 159
3307 130
3308 183
3309 59
3310 173
3311 73
3312 17
3313 59
3314 72
3315 111
3316 202
3317 89
3318 220
3319 240
3320 192
3321 91
3322 11
3323 98
3324 207
3325 1
3326 68
3327 174
3328 75
3329 101
3330 219
3331 23
3332 228
3333 184
3334 233
3335 8
3336 150
3337 247
3338 121
3339 124
3340 7
3341 141
3342 67
3343 183
3344 64
3345 187
3346 15
3347 217
3348 218
3349 73
3350 115
3351 20
3352 220
3353 207
3354 56
3355 1
3356 17
3357 4
3358 4
3359 3
3360 130
3361 130
3362 131
3363 137
3364 184
3365 228
3366 211
3367 73
3368 227
3369 136
3370 26
3371 20
3372 148
3373 83
3374 26
3375 223
3376 17
3377 66
3378 246
3379 24
3380 89
3381 20
3382 17
3383 67
3384 225
3385 176
3386 67
3387 84
3388 207
3389 184
3390 7
3391 9
3392 64
3393 1
3394 24
3395 115
3396 236
3397 17
3398 150
3399 167
3400 87
3401 73
3402 187
3403 33
3405 15
3406 213
3407 58
3408 1
3409 207
3410 192
3411 55
3412 126
3413 47
3414 39
3415 247
3416 56
3417 28
3418 26
3419 207
3420 56
3421 187
3422 192
3423 115
3424 67
3425 115
3426 187
3427 183
3428 64
3429 121
3430 207
3431 75
3432 92
3433 71
3434 142
3435 124
3436 73
3437 190
3438 247
3439 130
3440 126
3441 0
3442 194
3443 25
3444 118
3445 0
3446 7
3447 219
3448 183
3449 17
3450 26
3451 188
3452 209
3454 158
3455 155
3456 207
3457 13
3458 219
3459 39
3460 172
3461 147
3462 172
3463 126
3464 75
3465 184
3466 84
3467 1
3468 26
3469 75
3470 70
3471 166
3472 60
3473 241
3474 79
3475 115
3476 23
3477 73
3478 85
3479 4
3480 232
3481 28
3482 179
3483 166
3484 147
3485 187
3486 24
3487 247
3488 27
3489 166
3490 67
3491 5
3493 233
3494 194
3495 40
3496 181
3497 183
3498 234
3499 3
3500 159
3501 159
3502 89
3503 213
3504 184
3505 31
3506 56
3507 149
3508 192
3509 0
3510 39
3511 233
3512 66
3513 125
3514 222
3515 41
3516 46
3517 213
3519 115
3520 166
3521 130
3522 124
3523 103
3525 93
3526 187
3527 235
3528 147
3529 181
3530 37
3531 67
3532 95
3533 76
3534 183
3535 34
3536 56
3537 74
3538 89
3539 3
3540 63
3541 166
3542 72
3543 184
3544 188
3545 1
3546 183
3547 115
3548 192
3549 59
3550 183
3551 68
3552 179
3553 118
3554 103
3555 26
3556 221
3557 66
3558 166
3559 37
3560 47
3561 187
3562 196
3563 39
3564 190
3565 208
3566 59
3567 131
3568 18
3569 14
3570 55
3571 127
3572 214
3573 40
3575 207
3576 213
3577 131
3578 60
3579 59
3580 192
3581 232
3582 187
3583 59
3584 176
3585 115
3586 177
3587 184
3588 52
3589 26
3590 121
3591 202
3592 172
3593 118
3594 166
3595 238
3596 162
3597 188
3598 3
3599 73
3600 149
3601 49
3602 84
3603 145
3604 184
3605 183
3606 187
3607 187
3608 137
3609 187
3610 207
3611 84
3612 134
3613 72
3614 67
3615 194
3616 213
3617 66
3618 73
3619 89
3620 84
3621 41
3622 52
3623 228
3624 98
3625 37
3626 228
3627 74
3628 7
3629 213
3630 7
3631 67
3632 172
3633 75
3634 64
3636 249
3637 56
3638 184
3639 139
3640 184
3641 245
3642 214
3644 84
3645 213
3646 192
3647 177
3648 39
3649 166
3650 36
3651 167
3652 64
3653 84
3654 75
3655 176
3656 213
3657 207
3658 3
3659 183
3660 236
3661 165
3662 39
3663 71
3664 216
3665 9
3666 66
3667 183
3668 78
3669 25
3670 181
3671 214
3672 57
3673 84
3674 37
3675 247
3676 214
3677 95
3678 228
3679 84
3680 115
3681 88
3682 247
3683 39
3684 66
3685 56
3686 64
3688 24
3689 26
3690 35
3691 194
3692 184
3693 95
3694 51
3695 39
3696 7
3697 158
3698 162
3699 166
3700 84
3701 130
3702 12
3703 105
3704 183
3705 152
3706 1
3707 93
3708 190
3709 217
3710 7
3711 7
3712 140
3713 191
3714 187
3715 230
3716 181
3717 55
3719 27
3720 152
3721 52
3722 63
3723 171
3724 59
3725 3
3726 73
3727 169
3728 159
3729 92
3730 32
3731 228
3732 204
3733 220
3734 26
3735 52
3736 24
3737 27
3738 192
3739 183
3740 105
3741 11
3742 225
3743 172
3744 204
3745 1
3746 207
3747 183
3748 202
3749 95
3750 216
3751 213
3752 24
3753 224
3754 41
3755 84
3756 93
3757 183
3758 187
3759 228
3760 39
3761 176
3762 89
3763 0
3764 220
3765 52
3766 214
3767 162
3768 213
3769 171
3770 95
3771 240
3772 232
3773 39
3774 247
3775 129
3776 26
3777 184
3778 39
3779 98
3780 26
3781 226
3782 234
3783 191
3784 124
3785 26
3786 68
3787 25
3788 193
3789 31
3790 187
3791 122
3792 228
3793 38
3794 47
3795 25
3796 194
3797 247
3798 55
3799 207
3800 121
3801 207
3802 238
3803 137
3804 26
3805 131
3806 73
3807 172
3808 159
3809 131
3811 98
3812 75
3813 184
3814 15
3815 63
3816 41
3817 182
3818 127
3819 1
3820 29
3821 24
3822 0
3823 1
3824 3
3825 136
3826 192
3827 3
3828 115
3829 87
3830 87
3831 59
3832 17
3833 137
3834 57
3835 177
3836 81
3837 235
3838 78
3839 225
3840 111
3841 139
3842 7
3843 144
3844 27
3845 45
3846 132
3847 67
3848 84
3849 184
3850 244
3851 247
3852 166
3853 75
3854 148
3855 84
3856 233
3857 84
3858 176
3859 214
3860 166
3861 184
3862 56
3863 64
3864 75
3865 184
3866 131
3867 17
3868 247
3869 64
3870 39
3871 25
3872 100
3873 114
3874 63
3875 66
3876 173
3877 171
3878 125
3879 26
3880 207
3881 17
3882 95
3883 89
3884 225
3885 116
3886 53
3887 213
3888 56
3889 75
3890 39
3891 221
3892 95
3893 11
3894 26
3895 189
3896 184
3897 192
3898 89
3899 247
3901 182
3902 214
3903 41
3904 219
3905 130
3906 131
3907 54
3908 70
3909 7
3910 187
3911 115
3912 12
3913 118
3914 141
3915 39
3916 166
3917 7
3918 220
3919 75
3920 247
3921 134
3922 131
3923 7
3924 23
3925 71
3926 202
3927 187
3928 177
3929 97
3930 236
3931 120
3932 224
3933 89
3934 214
3935 73
3936 73
3938 95
3939 205
3940 135
3941 244
3943 192
3944 131
3945 32
3946 225
3947 12
3948 184
3949 20
3950 89
3951 161
3952 11
3953 99
3954 33
3955 17
3956 202
3957 105
3958 80
3959 214
3960 21
3961 36
3962 84
3963 75
3964 121
3965 228
3966 26
3967 137
3968 70
3969 171
3970 192
3971 87
3972 115
3973 112
3974 17
3975 68
3976 95
3977 21
3978 166
3979 63
3980 26
3981 200
3982 177
3983 177
3984 49
3985 39
3986 219
3987 26
3988 183
3989 207
3990 225
3991 190
3992 230
3993 76
3994 20
3995 3
3996 210
3997 39
3998 137
3999 152
4000 39
4001 100
4002 75
4003 225
4004 152
4005 246
4006 7
4007 41
4008 121
4009 87
4010 230
4011 222
4012 66
4013 41
4014 17
4015 3
4016 18
4017 64
4018 228
4019 1
4020 39
4021 207
4022 52
4023 187
4024 17
4025 22
4026 20
4027 207
4028 152
4029 3
4030 202
4031 158
4032 19
4033 159
4034 71
4035 88
4036 29
4037 95
4038 207
4039 220
4040 162
4041 20
4042 226
4043 184
4044 154
4045 75
4046 71
4047 64
4048 159
4049 184
4050 211
4051 166
4052 24
4053 39
4054 177
4055 160
4056 73
4057 176
4058 166
4059 98
4060 89
4061 225
4062 56
4063 24
4064 50
4065 75
4066 39
4067 202
4068 187
4069 131
4070 25
4071 30
4072 236
4073 34
4074 225
4075 12
4076 98
4077 188
4078 130
4079 171
4080 4
4081 80
4082 39
4083 23
4084 133
4085 41
4086 144
4087 137
4088 1
4089 95
4090 137
4091 194
4092 39
4093 20
4094 207
4095 207
4096 190
4097 67
4098 66
4100 17
4101 177
4102 137
4103 166
4104 190
4105 207
4106 146
4107 84
4108 166
4109 121
4110 147
4111 172
4112 201
4113 230
4114 54
4115 230
4116 157
4117 41
4118 190
4119 126
4120 141
4121 52
4122 228
4123 176
4124 20
4125 234
4126 221
4127 141
4128 210
4129 3
4130 168
4131 60
4132 3
4133 1
4134 183
4135 75
4137 137
4138 247
4139 219
4140 3
4141 84
4142 75
4143 214
4144 39
4145 248
4146 37
4147 3
4148 26
4149 38
4150 95
4151 75
4152 81
4153 176
4154 54
4155 16
4156 115
4157 55
4158 26
4159 26
4160 41
4161 41
4162 3
4163 166
4164 167
4165 115
4166 115
4167 26
4168 218
4169 61
4170 166
4171 213
4172 63
4173 142
4174 5
4175 162
4176 2
4177 160
4178 143
4179 207
4180 207
4181 213
4182 183
4183 26
4184 108
4185 17
4186 84
4187 247
4188 118
4189 220
4190 126
4191 226
4192 63
4193 247
4194 228
4195 59
4196 89
4197 190
4198 10
4199 50
4200 103
4201 188
4202 130
4203 195
4204 171
4205 115
4206 96
4207 183
4208 115
4209 190
4210 67
4211 89
4212 48
4213 67
4214 39
4215 135
4216 95
4217 41
4218 121
4219 3
4220 41
4221 130
4222 17
4223 59
4224 224
4225 42
4226 75
4227 41
4228 202
4229 202
4230 59
4231 230
4232 137
4233 133
4234 47
4235 137
4236 138
4237 3
4238 176
4239 159
4240 75
4241 75
4242 41
4243 184
4244 179
4245 26
4246 236
4247 0
4248 48
4249 221
4250 247
4251 214
4252 246
4253 131
4254 184
4255 115
4256 39
4257 207
4258 39
4259 177
4260 178
4261 104
4262 59
4263 95
4264 126
4265 24
4266 7
4267 183
4268 194
4269 31
4270 217
4272 41
4273 59
4274 73
4275 74
4276 64
4277 121
4278 137
4279 149
4280 41
4281 159
4282 213
4283 207
4284 208
4285 28
4286 123
4287 247
4288 247
4289 84
4290 11
4291 183
4292 88
4293 93
4294 67
4295 207
4296 103
4297 160
4298 228
4299 236
4300 207
4301 84
4302 102
4303 63
4304 60
4305 66
4306 247
4307 20
4308 83
4309 29
4310 184
4311 41
4312 39
4313 40
4314 26
4315 37
4316 154
4317 93
4318 115
4319 171
4320 24
4321 172
4322 39
4323 200
4324 233
4325 213
4326 115
4327 52
4328 213
4329 214
4330 39
4331 89
4332 88
4333 242
4334 207
4335 166
4336 177
4337 96
4338 28
4339 115
4340 104
4341 188
4342 39
4343 190
4344 227
4345 98
4346 184
4347 207
4348 67
4349 225
4350 75
4351 141
4352 166
4353 166
4354 171
4355 89
4356 23
4357 115
4358 11
4359 214
4360 108
4361 104
4362 66
4363 130
4364 49
4365 59
4366 119
4367 26
4369 152
4370 42
4371 56
4372 26
4373 66
4374 0
4375 156
4376 230
4377 99
4378 228
4379 41
4380 213
4381 71
4382 75
4383 56
4384 142
4385 17
4386 73
4387 42
4388 207
4389 207
4390 24
4391 149
4392 190
4393 75
4394 213
4395 148
4396 176
4397 157
4398 84
4399 66
4400 150
4401 137
4402 37
4403 3
4404 3
4405 26
4406 115
4407 133
4408 169
4409 5
4410 70
4411 41
4412 20
4413 166
4415 75
4416 41
4417 17
4418 231
4419 184
4420 211
4421 183
4422 127
4423 89
4424 134
4425 37
4426 187
4427 59
4428 135
4429 228
4430 165
4431 41
4432 207
4433 18
4434 124
4435 26
4436 39
4437 219
4439 207
4440 59
4441 179
4442 59
4443 73
4444 167
4445 49
4446 83
4447 191
4448 52
4449 27
4450 1
4451 246
4452 208
4453 20
4454 215
4455 188
4456 184
4457 41
4458 165
4459 68
4460 39
4461 1
4462 75
4463 31
4464 84
4465 230
4466 177
4467 137
4468 84
4469 131
4470 11
4471 56
4472 67
4473 26
4474 225
4475 115
4476 98
4477 34
4479 100
4480 87
4481 247
4482 67
4483 56
4484 89
4485 26
4486 41
4487 66
4488 207
4489 194
4490 166
4491 131
4492 67
4493 130
4494 20
4495 24
4496 192
4497 161
4498 26
4499 93
4500 71
4501 53
4502 95
4503 95
4504 207
4505 52
4506 27
4507 12
4508 26
4509 115
4510 164
4511 52
4512 155
4513 115
4514 166
4515 64
4516 75
4517 207
4518 187
4519 41
4520 162
4521 87
4522 184
4523 33
4524 9
4525 39
4526 64
4527 4
4528 83
4529 20
4530 0
4531 104
4532 21
4533 84
4534 9
4535 168
4536 176
4537 3
4538 166
4539 67
4540 12
4541 137
4542 39
4543 59
4544 115
4545 66
4546 184
4547 26
4548 232
4550 188
4551 167
4552 24
4553 171
4554 214
4555 213
4556 214
4557 184
4558 138
4559 129
4560 177
4561 141
4562 188
4563 162
4564 55
4565 3
4566 80
4567 26
4568 81
4569 120
4570 115
4571 75
4572 213
4573 26
4574 130
4575 192
4576 26
4577 41
4578 84
4579 84
4580 195
4581 213
4582 67
4583 7
4584 75
4585 183
4586 26
4587 103
4588 148
4589 166
4590 20
4591 15
4592 39
4593 141
4594 54
4595 24
4596 225
4598 235
4599 247
4600 27
4601 136
4602 17
4603 95
4604 26
4605 159
4606 235
4607 166
4608 166
4609 142
4610 207
4611 232
4612 207
4613 93
4614 3
4615 207
4616 225
4617 236
4618 24
4619 179
4620 207
4621 172
4622 170
4623 52
4624 67
4625 149
4626 59
4627 78
4628 37
4629 166
4630 63
4631 100
4632 190
4633 17
4634 207
4635 131
4636 183
4637 207
4638 71
4639 214
4640 37
4641 131
4642 208
4643 75
4644 173
4645 3
4646 68
4647 24
4648 59
4649 207
4650 52
4651 95
4652 63
4653 31
4654 202
4655 184
4656 49
4657 70
4658 137
4659 240
4660 75
4661 52
4662 115
4663 66
4664 95
4665 233
4666 220
4667 230
4668 89
4669 64
4670 194
4671 247
4672 131
4673 193
4674 81
4675 171
4676 239
4677 204
4678 41
4679 39
4680 98
4681 184
4682 52
4683 202
4684 115
4685 39
4686 1
4687 184
4688 215
4689 87
4690 176
4691 47
4692 47
4693 115
4694 41
4695 67
4696 206
4697 181
4698 101
4699 230
4700 76
4701 118
4702 126
4703 177
4704 67
4705 214
4706 168
4707 26
4708 213
4709 204
4710 137
4711 1
4712 240
4713 17
4714 159
4715 130
4716 84
4717 7
4718 131
4719 115
4720 87
4721 100
4722 93
4723 162
4724 225
4725 177
4726 188
4727 95
4728 26
4729 98
4730 90
4731 207
4732 187
4733 139
4734 190
4735 3
4736 59
4737 83
4738 39
4739 195
4740 3
4741 26
4742 130
4744 207
4745 70
4746 177
4748 115
4749 60
4750 230
4751 3
4752 84
4753 1
4754 67
4755 89
4756 27
4757 3
4758 177
4759 1
4760 247
4761 52
4762 213
4763 1
4764 75
4765 166
4766 1
4767 91
4768 68
4769 184
4770 75
4771 37
4772 84
4773 190
4774 67
4775 83
4776 131
4777 131
4778 154
4779 41
4780 130
4781 183
4782 129
4783 225
4784 184
4785 41
4786 247
4787 183
4788 87
4789 193
4790 211
4791 27
4792 219
4793 187
4794 194
4795 218
4796 26
4797 89
4798 115
4799 42
4800 225
4801 228
4802 3
4803 149
4804 66
4805 177
4806 177
4807 183
4808 52
4809 95
4810 177
4811 5
4812 126
4813 39
4814 56
4815 27
4816 177
4817 39
4818 173
4819 188
4820 18
4821 115
4822 26
4823 228
4824 201
4825 183
4826 130
4827 66
4828 225
4829 75
4830 207
4831 94
4832 235
4833 207
4834 166
4835 166
4836 41
4837 89
4839 38
4840 66
4841 149
4842 73
4843 66
4844 207
4845 176
4846 63
4847 26
4848 115
4849 52
4850 84
4851 24
4852 183
4853 70
4854 137
4855 95
4856 183
4857 11
4858 178
4859 7
4860 228
4861 215
4862 26
4863 1
4864 187
4865 3
4866 23
4867 26
4868 166
4869 24
4870 41
4871 137
4872 75
4873 39
4874 115
4875 228
4876 1
4877 233
4878 42
4879 131
4880 72
4881 24
4882 142
4883 213
4884 207
4885 55
4886 84
4887 89
4888 225
4889 75
4890 66
4891 149
4892 213
4893 183
4894 41
4895 89
4896 17
4897 166
4898 221
4899 89
4900 133
4901 166
4902 115
4903 95
4904 12
4905 213
4906 67
4907 78
4908 230
4909 192
4910 228
4911 152
4912 230
4913 3
4914 220
4915 167
4916 59
4917 67
4918 67
4919 5
4920 3
4921 147
4922 215
4923 64
4924 194
4925 78
4926 47
4927 225
4928 52
4929 214
4930 176
4931 177
4932 26
4933 171
4934 166
4935 27
4936 98
4937 41
4938 39
4939 177
4940 112
4941 41
4942 99
4943 3
4944 64
4945 68
4946 24
4947 26
4948 138
4949 26
4950 134
4951 115
4952 24
4953 98
4954 21
4955 115
4956 89
4957 181
4958 166
4959 106
4960 86
4961 137
4962 76
4963 135
4964 220
4965 207
4966 103
4967 191
4968 20
4969 246
4970 11
4971 202
4972 184
4973 219
4974 47
4975 67
4976 214
4977 193
4978 62
4979 46
4980 214
4981 213
4982 1
4983 84
4984 26
4985 41
4986 93
4987 73
4988 41
4989 166
4990 67
4991 177
4992 88
4993 41
4994 39
4995 39
4996 59
4997 213
4998 167
4999 114
5000 71
5001 236
5002 41
5003 214
5004 59
5005 207
5006 25
5007 17
5008 89
5009 207
5010 75
5011 215
5012 115
5013 131
5014 162
5015 26
5016 171
5017 138
5018 67
5019 230
5020 193
5021 93
5022 26
5023 137
5024 237
5025 201
5026 183
5027 39
5028 59
5029 126
5030 89
5031 131
5032 166
5033 67
5034 24
5035 117
5036 63
5037 89
5038 21
5039 164
5040 80
5041 23
5042 131
5043 26
5044 67
5045 225
5046 171
5047 37
5048 148
5049 115
5050 115
5051 75
5052 75
5053 215
5054 147
5055 17
5056 219
5057 115
5058 67
5059 84
5060 1
5061 220
5062 207
5063 75
5064 183
5065 84
5066 184
5067 64
5068 24
5069 220
5070 166
5071 247
5072 59
5073 166
5074 25
5075 52
5076 220
5077 41
5078 24
5079 39
5080 39
5081 213
5082 207
5083 63
5084 207
5085 75
5086 17
5087 95
5088 207
5089 26
5090 207
5091 202
5092 11
5093 41
5094 137
5095 142
5096 184
5097 41
5098 38
5099 95
5100 214
5101 3
5102 207
5103 37
5104 220
5105 166
5106 166
5107 29
5108 137
5109 176
5110 176
5111 171
5112 20
5113 66
5114 148
5115 84
5116 12
5117 56
5118 11
5119 214
5120 228
5121 214
5122 75
5123 26
5124 41
5125 52
5126 121
5127 26
5128 103
5129 59
5130 166
5131 67
5132 115
5133 73
5134 23
5135 0
5136 95
5137 25
5138 137
5139 89
5140 41
5141 131
5142 220
5143 230
5144 3
5145 162
5146 220
5147 1
5148 48
5149 183
5150 213
5151 80
5152 3
5153 130
5154 166
5155 3
5156 67
5157 207
5158 67
5159 1
5160 59
5161 169
5162 41
5163 118
5164 20
5165 166
5166 247
5167 20
5168 247
5169 171
5170 137
5171 175
5172 175
5173 247
5174 247
5175 137
5176 95
5177 247
5178 1
5179 151
5180 247
5181 175
5182 194
5183 137
5184 12
5185 24
5186 247
5187 12
5188 121
5189 137
5190 121
5191 95
5192 95
5193 20
5194 171
5195 171
5196 95
5197 151
5198 214
5199 151
5200 95
5201 11
5202 171
5203 188
5204 95
5205 95
5206 95
5207 12
5208 228
5209 24
5210 171
5211 175
5212 188
5213 20
5214 107
5215 175
5216 214
5217 142
5218 171
5219 24
5220 12
5221 175
5222 11
5223 175
5224 175
5225 24
5226 169
5227 188
5228 171
5229 188
5230 169
5231 175
5232 11
5233 24
5234 247
5235 166
5236 171
5237 171
5238 142
5239 194
5240 169
5241 142
5242 171
5243 171
5244 171
5245 166
5246 171
5247 71
5248 171
5249 137
5250 137
5251 247
5252 95
5253 121
5254 247
5255 175
5256 171
5257 1
5258 171
5259 24
