0 141
1 225
2 42
3 168
4 158
5 56
6 141
7 177
8 39
9 96
10 121
11 11
12 166
13 161
14 145
15 249
16 146
17 86
18 201
19 195
20 125
21 48
22 95
23 196
24 144
25 109
26 220
27 196
28 91
29 228
30 236
31 123
32 174
33 18
34 34
35 137
36 184
37 119
38 150
39 147
40 246
41 15
42 200
43 249
44 86
45 130
46 37
47 141
48 119
49 96
50 145
51 161
52 47
53 21
54 39
55 97
56 150
57 181
58 27
59 126
60 81
61 63
62 31
63 174
64 105
65 48
66 170
67 71
68 21
69 125
70 125
71 244
72 8
73 126
74 242
75 47
76 146
77 119
78 42
79 31
80 106
81 8
82 141
83 189
84 105
85 179
86 78
87 77
88 202
89 63
90 71
91 27
92 48
93 121
94 97
95 48
96 4
97 21
98 65
99 77
100 37
101 166
102 238
103 237
104 188
105 103
106 158
107 20
108 201
109 114
110 74
111 47
112 117
113 57
114 6
115 164
116 16
117 158
118 225
119 77
120 37
121 211
122 95
123 27
124 0
125 174
126 42
127 42
128 11
129 138
130 4
131 218
132 42
133 207
134 4
135 41
136 121
137 200
138 173
139 236
140 86
141 15
142 181
143 198
144 183
145 181
146 206
147 243
148 232
149 61
150 231
151 200
152 111
153 67
154 65
155 125
156 189
157 133
158 0
159 11
160 152
161 225
162 105
163 115
164 15
165 31
166 239
167 229
168 145
169 73
170 8
171 47
172 81
173 42
174 154
175 118
176 15
177 109
178 200
179 18
180 119
181 85
182 136
183 239
184 144
185 158
186 132
187 205
188 7
189 4
190 158
191 154
192 190
193 189
194 130
195 132
196 40
197 8
198 32
199 209
200 55
201 0
202 141
203 4
204 2
205 202
206 175
207 164
208 25
209 204
210 97
211 183
212 126
213 172
214 67
215 65
216 221
217 168
218 218
219 0
220 118
221 162
222 106
223 157
224 45
225 245
226 141
227 11
228 31
229 231
230 76
231 247
232 239
233 61
234 61
235 86
236 65
237 244
238 150
239 162
240 145
241 180
242 137
243 166
244 245
245 81
246 203
247 236
248 181
249 121
250 86
251 113
252 141
253 144
254 154
255 18
256 19
257 129
258 55
259 21
260 65
261 21
262 21
263 164
264 112
265 12
266 242
267 34
268 225
269 227
270 74
271 184
272 4
273 42
274 15
275 105
276 81
277 8
278 226
279 118
280 117
281 94
282 78
283 232
284 141
285 85
286 11
287 195
288 96
289 190
290 239
291 201
292 127
293 0
294 75
295 240
296 141
297 34
298 97
299 213
300 4
301 242
302 239
303 172
304 63
305 38
306 189
307 211
308 71
309 219
310 34
311 198
312 23
313 145
314 138
315 118
316 81
317 166
318 141
319 31
320 161
321 115
322 114
323 24
324 73
325 103
326 51
327 73
328 141
329 231
330 195
331 75
332 72
333 169
334 176
335 77
336 202
337 118
338 19
339 44
340 25
341 170
342 105
343 115
344 4
345 239
346 126
347 176
348 129
349 227
350 123
351 18
352 176
353 165
354 227
355 206
356 81
357 249
358 64
359 246
360 214
361 227
362 103
363 200
364 126
365 21
366 21
367 119
368 91
369 38
370 189
371 196
372 181
373 41
374 246
375 95
376 20
377 132
378 80
379 125
380 19
381 174
382 164
383 130
384 12
385 8
386 57
387 114
388 162
389 141
390 167
391 46
392 175
393 75
394 179
395 119
396 49
397 118
398 111
399 226
400 1
401 44
402 19
403 243
404 141
405 9
406 152
407 5
408 172
409 232
410 141
411 47
412 61
413 106
414 181
415 179
416 143
417 94
418 206
419 237
420 114
421 121
422 163
423 42
424 149
425 134
426 134
427 239
428 229
429 183
430 22
431 134
432 237
433 106
434 200
435 34
436 179
437 239
438 81
439 53
440 99
441 42
442 8
443 209
444 112
445 232
446 42
447 0
448 96
449 9
450 156
451 20
452 30
453 234
454 42
455 169
456 115
457 162
458 217
459 65
460 81
461 42
462 75
463 80
464 119
465 118
466 76
467 181
468 95
469 118
470 28
471 136
472 224
473 63
474 74
475 226
476 75
477 9
478 166
479 75
480 0
481 48
482 172
483 77
484 227
485 130
486 139
487 74
488 212
489 20
490 177
491 78
492 139
493 15
494 205
495 14
496 212
497 6
498 57
499 189
500 2
501 48
502 106
503 76
504 202
505 51
506 139
507 203
508 2
509 137
510 76
511 42
512 96
513 44
514 119
515 226
516 224
517 131
518 105
519 86
520 211
521 73
522 13
523 183
524 42
525 34
526 77
527 218
528 2
529 231
530 25
531 11
532 55
533 200
534 183
535 48
536 67
537 111
538 157
539 42
540 108
541 82
542 73
543 141
544 9
545 181
546 64
547 54
548 86
549 214
550 0
551 161
552 136
553 64
554 220
555 218
556 101
557 57
558 108
559 249
560 200
561 109
562 196
563 41
564 100
565 145
566 179
567 74
568 130
569 18
570 110
571 48
572 122
573 77
574 152
575 243
576 127
577 9
578 153
579 15
580 31
581 14
582 228
583 87
584 121
585 167
586 204
587 206
588 101
589 34
590 210
591 180
592 18
593 34
594 224
595 85
596 65
597 246
598 178
599 205
600 57
601 115
602 167
603 21
604 115
605 96
606 86
607 152
608 123
609 194
610 115
611 49
612 166
613 44
614 90
615 96
616 106
617 96
618 21
619 97
620 73
621 233
622 139
623 41
624 195
625 249
626 211
627 126
628 41
629 109
630 19
631 7
632 183
633 21
634 210
635 229
636 76
637 118
638 0
639 28
640 150
641 190
642 202
643 125
644 128
645 27
646 4
647 84
648 232
649 75
650 85
651 65
652 65
653 80
654 32
655 122
656 130
657 246
658 9
659 23
660 141
661 243
662 191
663 94
664 0
665 34
666 204
667 85
668 107
669 34
670 75
671 176
672 38
673 71
674 211
675 166
676 9
677 174
678 17
679 18
680 240
681 41
682 158
683 198
684 25
685 181
686 75
687 243
688 9
689 215
690 63
691 96
692 54
693 81
694 2
695 86
696 4
697 9
698 141
699 15
700 91
701 64
702 89
703 9
704 243
705 175
706 237
707 236
708 77
709 174
710 167
711 47
712 181
713 121
714 249
715 78
716 118
717 101
718 11
719 106
720 109
721 127
722 15
723 246
724 218
725 34
726 77
727 233
728 100
729 205
730 222
731 229
732 162
733 73
734 101
735 161
736 229
737 0
738 132
739 86
740 130
741 55
742 170
743 170
744 21
745 128
746 73
747 36
748 41
749 184
750 215
751 141
752 130
753 68
754 206
755 56
756 65
757 249
758 114
759 73
760 42
761 249
762 96
763 76
764 73
765 202
766 73
767 8
768 29
769 111
770 126
771 202
772 216
773 189
774 86
775 200
776 97
777 97
778 157
779 36
780 6
781 104
782 109
783 188
784 150
785 48
786 9
787 138
788 42
789 240
790 181
791 140
792 32
793 48
794 119
795 77
796 211
797 237
798 71
799 96
800 100
801 62
802 144
803 224
804 121
805 74
806 25
807 64
808 231
809 9
810 77
811 0
812 21
813 56
814 249
815 227
816 27
817 76
818 176
819 170
820 115
821 4
822 29
823 221
824 50
825 121
826 115
827 96
828 125
829 161
830 94
831 183
832 221
833 89
834 209
835 47
836 71
837 130
838 5
839 63
840 8
841 34
842 67
843 245
844 4
845 86
846 4
847 197
848 224
849 168
850 237
851 123
852 119
853 140
854 5
855 198
856 65
857 231
858 34
859 209
860 47
861 118
862 73
863 71
864 37
865 166
866 77
867 49
868 152
869 5
870 152
871 9
872 150
873 234
874 195
875 15
876 43
877 226
878 94
879 73
880 47
881 101
882 73
883 200
884 243
885 155
886 206
887 119
888 249
889 95
890 52
891 134
892 29
893 118
894 64
895 126
896 134
897 37
898 118
899 14
900 234
901 43
902 204
903 134
904 34
905 80
906 64
907 157
908 55
909 226
910 36
911 225
912 75
913 43
914 48
915 114
916 109
917 162
918 79
919 73
920 34
921 239
922 63
923 206
924 114
925 113
926 134
927 164
928 78
929 75
930 56
931 8
932 7
933 48
934 158
935 71
936 233
937 195
938 56
939 170
940 180
941 96
942 30
943 144
944 85
945 229
946 91
947 176
948 161
949 75
950 230
951 31
952 48
953 8
954 71
955 200
956 126
957 249
958 91
959 172
960 236
961 51
962 77
963 47
964 168
965 123
966 4
967 136
968 144
969 50
970 206
971 144
972 141
973 18
974 76
975 192
976 164
977 161
978 20
979 121
980 180
981 12
982 67
983 228
984 180
985 246
986 19
987 118
988 144
989 180
990 134
991 231
992 176
993 52
994 77
995 126
996 84
997 110
998 147
999 118
1000 116
1001 20
1002 179
1003 243
1004 43
1005 73
1006 177
1007 82
1008 176
1009 37
1010 249
1011 37
1012 210
1013 183
1014 118
1015 9
1016 30
1017 9
1018 243
1019 61
1020 207
1021 215
1022 52
1023 205
1024 71
1025 167
1026 181
1027 147
1028 88
1029 118
1030 126
1031 65
1032 120
1033 112
1034 211
1035 246
1036 6
1037 182
1038 118
1039 228
1040 38
1041 89
1042 73
1043 118
1044 37
1045 206
1046 56
1047 164
1048 74
1049 61
1050 110
1051 94
1052 56
1053 65
1054 130
1055 48
1056 243
1057 239
1058 92
1059 152
1060 176
1061 50
1062 231
1063 2
1064 67
1065 34
1066 45
1067 170
1068 81
1069 101
1070 49
1071 96
1072 80
1073 34
1074 80
1075 169
1076 101
1077 82
1078 109
1079 183
1080 5
1081 6
1082 86
1083 37
1084 76
1085 224
1086 161
1087 239
1088 249
1089 144
1090 225
1091 147
1092 202
1093 15
1094 211
1095 140
1096 246
1097 79
1098 64
1099 226
1100 190
1101 79
1102 196
1103 166
1104 88
1105 193
1106 68
1107 108
1108 129
1109 133
1110 4
1111 126
1112 48
1113 57
1114 56
1115 176
1116 243
1117 92
1118 196
1119 209
1120 20
1121 2
1122 141
1123 48
1124 239
1125 195
1126 212
1127 136
1128 64
1129 96
1130 73
1131 3
1132 23
1133 225
1134 85
1135 209
1136 84
1137 115
1138 9
1139 170
1140 108
1141 132
1142 4
1143 37
1144 248
1145 109
1146 54
1147 154
1148 137
1149 129
1150 47
1151 71
1152 200
1153 121
1154 9
1155 166
1156 162
1157 31
1158 86
1159 147
1160 211
1161 30
1162 109
1163 141
1164 73
1165 205
1166 32
1167 115
1168 176
1169 169
1170 11
1171 231
1172 235
1173 38
1174 109
1175 4
1176 44
1177 176
1178 80
1179 4
1180 5
1181 73
1182 94
1183 141
1184 222
1185 191
1186 116
1187 42
1188 125
1189 167
1190 34
1191 48
1192 34
1193 43
1194 178
1195 202
1196 113
1197 132
1198 132
1199 140
1200 84
1201 73
1202 30
1203 157
1204 44
1205 161
1206 77
1207 108
1208 130
1209 27
1210 73
1211 118
1212 135
1213 141
1214 123
1215 121
1216 168
1217 184
1218 102
1219 23
1220 175
1221 73
1222 219
1223 181
1224 178
1225 205
1226 206
1227 44
1228 205
1229 136
1230 179
1231 78
1232 106
1233 243
1234 181
1235 47
1236 96
1237 48
1238 178
1239 172
1240 4
1241 146
1242 167
1243 191
1244 188
1245 18
1246 228
1247 129
1248 243
1249 64
1250 210
1251 21
1252 15
1253 232
1254 68
1255 170
1256 198
1257 42
1258 83
1259 9
1260 211
1261 63
1262 236
1263 174
1264 211
1265 130
1266 42
1267 29
1268 109
1269 249
1270 144
1271 84
1272 69
1273 77
1274 5
1275 170
1276 0
1277 83
1278 225
1279 229
1280 0
1281 239
1282 249
1283 55
1284 8
1285 44
1286 34
1287 101
1288 218
1289 69
1290 243
1291 209
1292 56
1293 73
1294 65
1295 31
1296 205
1297 121
1298 15
1299 188
1300 144
1301 41
1302 5
1303 8
1304 18
1305 112
1306 136
1307 0
1308 77
1309 240
1310 249
1311 78
1312 136
1313 49
1314 175
1315 227
1316 50
1317 200
1318 226
1319 50
1320 170
1321 119
1322 243
1323 196
1324 43
1325 48
1326 126
1327 147
1328 226
1329 15
1330 45
1331 244
1332 115
1333 236
1334 174
1335 12
1336 243
1337 152
1338 95
1339 220
1340 226
1341 211
1342 4
1343 32
1344 37
1345 141
1346 243
1347 75
1348 246
1349 170
1350 54
1351 100
1352 77
1353 176
1354 37
1355 200
1356 149
1357 139
1358 170
1359 199
1360 228
1361 20
1362 74
1363 20
1364 73
1365 0
1366 37
1367 42
1368 175
1369 72
1370 125
1371 239
1372 19
1373 37
1374 115
1375 229
1376 243
1377 243
1378 76
1379 180
1380 42
1381 212
1382 44
1383 121
1384 121
1385 54
1386 181
1387 23
1388 73
1389 220
1390 161
1391 211
1392 38
1393 75
1394 103
1395 73
1396 169
1397 225
1398 141
1399 44
1400 18
1401 218
1402 172
1403 234
1404 249
1405 4
1406 209
1407 249
1408 48
1409 198
1410 196
1411 137
1412 95
1413 249
1414 15
1415 244
1416 41
1417 220
1418 126
1419 138
1420 47
1421 204
1422 242
1423 231
1424 179
1425 96
1426 161
1427 43
1428 12
1429 44
1430 7
1431 161
1432 176
1433 85
1434 37
1435 76
1436 4
1437 75
1438 29
1439 240
1440 31
1441 100
1442 76
1443 231
1444 11
1445 146
1446 153
1447 106
1448 243
1449 92
1450 11
1451 74
1452 51
1453 37
1454 190
1455 74
1456 141
1457 49
1458 78
1459 133
1460 87
1461 85
1462 4
1463 96
1464 9
1465 20
1466 97
1467 211
1468 107
1469 176
1470 96
1471 83
1472 55
1473 19
1474 34
1475 241
1476 240
1477 9
1478 183
1479 47
1480 113
1481 96
1482 172
1483 32
1484 217
1485 37
1486 228
1487 180
1488 136
1489 80
1490 230
1491 75
1492 179
1493 85
1494 34
1495 239
1496 0
1497 52
1498 181
1499 155
1500 9
1501 200
1502 76
1503 85
1504 133
1505 77
1506 90
1507 141
1508 86
1509 219
1510 162
1511 4
1512 9
1513 61
1514 48
1515 73
1516 20
1517 209
1518 9
1519 164
1520 65
1521 176
1522 17
1523 211
1524 37
1525 140
1526 95
1527 136
1528 65
1529 4
1530 75
1531 149
1532 141
1533 229
1534 34
1535 164
1536 183
1537 96
1538 65
1539 0
1540 73
1541 73
1542 136
1543 30
1544 106
1545 237
1546 166
1547 140
1548 33
1549 202
1550 58
1551 73
1552 126
1553 170
1554 115
1555 202
1556 43
1557 200
1558 34
1559 84
1560 67
1561 236
1562 202
1563 217
1564 4
1565 33
1566 226
1567 79
1568 103
1569 163
1570 176
1571 77
1572 44
1573 180
1574 223
1575 4
1576 73
1577 132
1578 225
1579 206
1580 106
1581 182
1582 119
1583 175
1584 49
1585 9
1586 75
1587 144
1588 179
1589 42
1590 239
1591 19
1592 94
1593 63
1594 96
1595 75
1596 243
1597 76
1598 167
1599 56
1600 237
1601 119
1602 249
1603 239
1604 181
1605 179
1606 37
1607 183
1608 147
1609 79
1610 214
1611 8
1612 161
1613 141
1614 37
1615 33
1616 34
1617 197
1618 19
1619 219
1620 18
1621 211
1622 183
1623 84
1624 23
1625 123
1626 198
1627 243
1628 206
1629 101
1630 33
1631 96
1632 170
1633 73
1634 71
1635 9
1636 244
1637 150
1638 200
1639 125
1640 239
1641 4
1642 60
1643 77
1644 4
1645 71
1646 206
1647 91
1648 249
1649 96
1650 246
1651 4
1652 130
1653 121
1654 170
1655 75
1656 236
1657 31
1658 73
1659 63
1660 132
1661 180
1662 204
1663 170
1664 240
1665 227
1666 104
1667 43
1668 33
1669 63
1670 202
1671 135
1672 38
1673 144
1674 29
1675 128
1676 81
1677 74
1678 4
1679 239
1680 249
1681 91
1682 103
1683 123
1684 67
1685 209
1686 100
1687 0
1688 176
1689 56
1690 239
1691 226
1692 108
1693 94
1694 77
1695 99
1696 243
1697 43
1698 210
1699 34
1700 133
1701 77
1702 176
1703 40
1704 141
1705 85
1706 126
1707 82
1708 108
1709 9
1710 155
1711 23
1712 5
1713 198
1714 27
1715 176
1716 73
1717 71
1718 19
1719 64
1720 119
1721 145
1722 96
1723 29
1724 136
1725 204
1726 111
1727 34
1728 150
1729 65
1730 106
1731 141
1732 1
1733 161
1734 63
1735 141
1736 42
1737 210
1738 214
1739 31
1740 9
1741 136
1742 94
1743 217
1744 213
1745 94
1746 180
1747 239
1748 245
1749 211
1750 4
1751 4
1752 38
1753 179
1754 116
1755 186
1756 41
1757 225
1758 76
1759 181
1760 207
1761 188
1762 228
1763 249
1764 209
1765 38
1766 150
1767 125
1768 71
1769 151
1770 118
1771 196
1772 78
1773 75
1774 96
1775 15
1776 228
1777 96
1778 77
1779 73
1780 111
1781 209
1782 96
1783 34
1784 140
1785 96
1786 7
1787 67
1788 30
1789 114
1790 101
1791 49
1792 67
1793 225
1794 80
1795 245
1796 52
1797 43
1798 209
1799 249
1800 142
1801 189
1802 57
1803 74
1804 218
1805 110
1806 229
1807 38
1808 0
1809 154
1810 9
1811 68
1812 152
1813 92
1814 199
1815 130
1816 144
1817 49
1818 204
1819 141
1820 102
1821 44
1822 3
1823 219
1824 141
1825 106
1826 50
1827 47
1828 44
1829 241
1830 188
1831 240
1832 163
1833 33
1834 9
1835 56
1836 230
1837 108
1838 181
1839 109
1840 73
1841 162
1842 31
1843 136
1844 249
1845 132
1846 25
1847 136
1848 37
1849 4
1850 75
1851 28
1852 41
1853 71
1854 144
1855 109
1856 180
1857 32
1858 121
1859 75
1860 161
1861 233
1862 37
1863 161
1864 31
1865 240
1866 126
1867 115
1868 236
1869 137
1870 42
1871 111
1872 92
1873 34
1874 178
1875 246
1876 71
1877 76
1878 67
1879 50
1880 4
1881 141
1882 36
1883 144
1884 9
1885 204
1886 207
1887 239
1888 146
1889 71
1890 209
1891 75
1892 49
1893 96
1894 83
1895 139
1896 141
1897 52
1898 69
1899 205
1900 75
1901 169
1902 42
1903 144
1904 43
1905 243
1906 86
1907 96
1908 243
1909 119
1910 29
1911 97
1912 67
1913 49
1914 91
1915 202
1916 45
1917 230
1918 161
1919 183
1920 225
1921 75
1922 160
1923 49
1924 136
1925 75
1926 4
1927 225
1928 201
1929 76
1930 67
1931 31
1932 92
1933 15
1934 243
1935 4
1936 125
1937 130
1938 161
1939 97
1940 180
1941 144
1942 46
1943 61
1944 167
1945 106
1946 125
1947 176
1948 209
1949 176
1950 75
1951 188
1952 243
1953 73
1954 78
1955 78
1956 231
1957 56
1958 144
1959 76
1960 9
1961 229
1962 206
1963 128
1964 99
1965 161
1966 67
1967 5
1968 104
1969 173
1970 136
1971 73
1972 115
1973 195
1974 225
1975 65
1976 230
1977 229
1978 170
1979 155
1980 38
1981 109
1982 6
1983 138
1984 55
1985 84
1986 75
1987 185
1988 71
1989 175
1990 77
1991 125
1992 228
1993 47
1994 56
1995 183
1996 209
1997 43
1998 169
1999 145
2000 39
2001 249
2002 145
2003 101
2004 43
2005 176
2006 71
2007 144
2008 43
2009 73
2010 239
2011 230
2012 249
2013 34
2014 213
2015 48
2016 11
2017 147
2018 140
2019 91
2020 202
2021 21
2022 31
2023 23
2024 162
2025 205
2026 136
2027 109
2028 200
2029 43
2030 156
2031 31
2032 71
2033 34
2034 42
2035 243
2036 80
2037 157
2038 37
2039 232
2040 12
2041 76
2042 76
2043 6
2044 43
2045 176
2046 189
2047 81
2048 34
2049 69
2050 202
2051 109
2052 246
2053 4
2054 137
2055 161
2056 230
2057 115
2058 109
2059 109
2060 96
2061 56
2062 157
2063 73
2064 161
2065 140
2066 237
2067 209
2068 93
2069 233
2070 144
2071 136
2072 93
2073 170
2074 55
2075 33
2076 75
2077 61
2078 244
2079 81
2080 38
2081 161
2082 29
2083 115
2084 225
2085 73
2086 152
2087 92
2088 103
2089 240
2090 29
2091 169
2092 19
2093 71
2094 31
2095 24
2096 240
2097 230
2098 71
2099 169
2100 4
2101 115
2102 95
2103 4
2104 34
2105 19
2106 18
2107 38
2108 243
2109 179
2110 249
2111 136
2112 195
2113 71
2114 63
2115 170
2116 29
2117 209
2118 209
2119 109
2120 96
2121 109
2122 164
2123 239
2124 4
2125 140
2126 9
2127 237
2128 77
2129 228
2130 180
2131 204
2132 211
2133 45
2134 52
2135 236
2136 73
2137 71
2138 52
2139 24
2140 169
2141 209
2142 209
2143 49
2144 164
2145 9
2146 15
2147 17
2148 170
2149 75
2150 71
2151 77
2152 217
2153 229
2154 198
2155 76
2156 9
2157 162
2158 109
2159 141
2160 35
2161 84
2162 51
2163 135
2164 230
2165 209
2166 211
2167 75
2168 67
2169 166
2170 71
2171 19
2172 56
2173 73
2174 246
2175 119
2176 240
2177 74
2178 85
2179 140
2180 112
2181 9
2182 227
2183 150
2184 80
2185 48
2186 177
2187 113
2188 249
2189 173
2190 91
2191 246
2192 5
2193 206
2194 34
2195 9
2196 76
2197 9
2198 176
2199 126
2200 130
2201 169
2202 76
2203 246
2204 114
2205 67
2206 240
2207 9
2208 115
2209 144
2210 151
2211 161
2212 239
2213 18
2214 141
2215 164
2216 77
2217 73
2218 76
2219 65
2220 71
2221 217
2222 15
2223 4
2224 23
2225 9
2226 108
2227 4
2228 189
2229 65
2230 106
2231 76
2232 200
2233 80
2234 226
2235 21
2236 125
2237 71
2238 49
2239 85
2240 42
2241 19
2242 74
2243 92
2244 0
2245 246
2246 73
2247 31
2248 166
2249 54
2250 67
2251 55
2252 206
2253 67
2254 244
2255 76
2256 206
2257 96
2258 85
2259 38
2260 227
2261 118
2262 136
2263 95
2264 2
2265 115
2266 231
2267 73
2268 49
2269 16
2270 4
2271 75
2272 92
2273 92
2274 73
2275 80
2276 11
2277 140
2278 71
2279 173
2280 162
2281 106
2282 27
2283 115
2284 71
2285 27
2286 18
2287 245
2288 136
2289 147
2290 54
2291 166
2292 119
2293 109
2294 44
2295 207
2296 176
2297 36
2298 94
2299 136
2300 73
2301 113
2302 15
2303 228
2304 137
2305 73
2306 106
2307 92
2308 136
2309 9
2310 15
2311 47
2312 75
2313 5
2314 136
2315 109
2316 243
2317 174
2318 236
2319 139
2320 75
2321 112
2322 78
2323 109
2324 170
2325 49
2326 4
2327 229
2328 37
2329 51
2330 165
2331 136
2332 95
2333 161
2334 9
2335 19
2336 249
2337 37
2338 9
2339 9
2340 182
2341 29
2342 75
2343 9
2344 77
2345 242
2346 47
2347 141
2348 6
2349 67
2350 21
2351 118
2352 141
2353 141
2354 239
2355 68
2356 114
2357 75
2358 96
2359 14
2360 176
2361 44
2362 0
2363 73
2364 1
2365 237
2366 115
2367 224
2368 112
2369 170
2370 15
2371 149
2372 211
2373 136
2374 179
2375 74
2376 139
2377 0
2378 231
2379 130
2380 48
2381 147
2382 67
2383 44
2384 119
2385 152
2386 6
2387 141
2388 183
2389 209
2390 9
2391 249
2392 0
2393 224
2394 9
2395 183
2396 73
2397 9
2398 109
2399 30
2400 37
2401 4
2402 73
2403 188
2404 182
2405 60
2406 246
2407 109
2408 118
2409 75
2410 31
2411 4
2412 20
2413 206
2414 2
2415 140
2416 176
2417 158
2418 200
2419 0
2420 7
2421 31
2422 126
2423 32
2424 96
2425 34
2426 4
2427 116
2428 246
2429 141
2430 209
2431 8
2432 219
2433 192
2434 192
2435 179
2436 141
2437 209
2438 37
2439 0
2440 76
2441 150
2442 43
2443 180
2444 41
2445 142
2446 80
2447 74
2448 104
2449 249
2450 174
2451 160
2452 175
2453 4
2454 152
2455 228
2456 4
2457 31
2458 96
2459 211
2460 74
2461 249
2462 144
2463 96
2464 109
2465 208
2466 211
2467 225
2468 176
2469 209
2470 85
2471 162
2472 219
2473 217
2474 76
2475 14
2476 34
2477 240
2478 169
2479 81
2480 3
2481 19
2482 42
2483 4
2484 140
2485 23
2486 18
2487 157
2488 240
2489 74
2490 183
2491 114
2492 78
2493 188
2494 76
2495 95
2496 65
2497 4
2498 144
2499 100
2500 215
2501 139
2502 73
2503 59
2504 246
2505 141
2506 170
2507 228
2508 75
2509 246
2510 240
2511 179
2512 9
2513 243
2514 95
2515 119
2516 230
2517 57
2518 29
2519 115
2520 6
2521 161
2522 5
2523 239
2524 44
2525 211
2526 220
2527 15
2528 179
2529 162
2530 29
2531 73
2532 86
2533 113
2534 82
2535 151
2536 139
2537 73
2538 73
2539 71
2540 180
2541 161
2542 170
2543 73
2544 71
2545 38
2546 125
2547 147
2548 9
2549 125
2550 246
2551 200
2552 213
2553 73
2554 4
2555 4
2556 75
2557 43
2558 143
2559 198
2560 136
2561 77
2562 4
2563 240
2564 43
2565 191
2566 213
2567 239
2568 138
2569 0
2570 55
2571 210
2572 161
2573 18
2574 96
2575 91
2576 15
2577 143
2578 172
2579 38
2580 176
2581 243
2582 73
2583 95
2584 75
2585 74
2586 152
2587 134
2588 31
2589 158
2590 16
2591 157
2592 20
2593 246
2594 4
2595 219
2596 144
2597 80
2598 9
2599 105
2600 231
2601 152
2602 147
2603 37
2604 6
2605 20
2606 37
2607 34
2608 111
2609 209
2610 152
2611 213
2612 225
2613 27
2614 244
2615 119
2616 9
2617 54
2618 94
2619 152
2620 8
2621 4
2622 170
2623 30
2624 103
2625 126
2626 234
2627 71
2628 89
2629 2
2630 109
2631 207
2632 11
2633 0
2634 244
2635 37
2636 21
2637 239
2638 75
2639 183
2640 119
2641 49
2642 32
2643 188
2644 73
2645 137
2646 183
2647 181
2648 181
2649 38
2650 176
2651 43
2652 130
2653 32
2654 152
2655 71
2656 210
2657 56
2658 125
2659 157
2660 84
2661 115
2662 76
2663 12
2664 73
2665 176
2666 49
2667 119
2668 44
2669 249
2670 44
2671 150
2672 132
2673 29
2674 224
2675 95
2676 170
2677 249
2678 115
2679 204
2680 176
2681 164
2682 89
2683 209
2684 37
2685 49
2686 60
2687 104
2688 9
2689 69
2690 75
2691 53
2692 141
2693 75
2694 231
2695 200
2696 152
2697 230
2698 94
2699 183
2700 234
2701 180
2702 30
2703 86
2704 115
2705 139
2706 21
2707 181
2708 192
2709 246
2710 29
2711 81
2712 74
2713 146
2714 32
2715 186
2716 80
2717 119
2718 209
2719 123
2720 109
2721 166
2722 104
2723 5
2724 21
2725 67
2726 236
2727 65
2728 75
2729 9
2730 152
2731 101
2732 84
2733 143
2734 198
2735 97
2736 53
2737 128
2738 73
2739 137
2740 141
2741 9
2742 246
2743 23
2744 150
2745 37
2746 23
2747 239
2748 180
2749 141
2750 30
2751 77
2752 170
2753 96
2754 69
2755 138
2756 114
2757 231
2758 162
2759 125
2760 240
2761 211
2762 43
2763 36
2764 243
2765 152
2766 71
2767 74
2768 103
2769 5
2770 49
2771 185
2772 92
2773 9
2774 73
2775 36
2776 106
2777 243
2778 9
2779 75
2780 26
2781 240
2782 49
2783 4
2784 85
2785 4
2786 162
2787 75
2788 80
2789 140
2790 63
2791 176
2792 249
2793 176
2794 152
2795 126
2796 123
2797 206
2798 34
2799 133
2800 75
2801 9
2802 150
2803 96
2804 206
2805 180
2806 146
2807 15
2808 95
2809 61
2810 18
2811 96
2812 218
2813 73
2814 78
2815 125
2816 74
2817 4
2818 49
2819 206
2820 179
2821 220
2822 191
2823 213
2824 125
2825 73
2826 94
2827 96
2828 24
2829 231
2830 29
2831 73
2832 96
2833 209
2834 65
2835 180
2836 189
2837 119
2838 161
2839 75
2840 199
2841 119
2842 236
2843 4
2844 169
2845 161
2846 106
2847 54
2848 225
2849 209
2850 24
2851 246
2852 106
2853 37
2854 4
2855 9
2856 219
2857 75
2858 96
2859 15
2860 125
2861 197
2862 9
2863 147
2864 38
2865 182
2866 37
2867 106
2868 227
2869 109
2870 4
2871 91
2872 205
2873 65
2874 38
2875 161
2876 162
2877 31
2878 243
2879 249
2880 181
2881 123
2882 192
2883 179
2884 31
2885 75
2886 183
2887 162
2888 172
2889 96
2890 205
2891 75
2892 75
2893 170
2894 146
2895 55
2896 9
2897 137
2898 239
2899 55
2900 106
2901 73
2902 82
2903 138
2904 217
2905 0
2906 136
2907 5
2908 183
2909 11
2910 164
2911 75
2912 188
2913 240
2914 243
2915 11
2916 36
2917 73
2918 139
2919 103
2920 230
2921 100
2922 38
2923 81
2924 230
2925 101
2926 109
2927 122
2928 209
2929 4
2930 123
2931 152
2932 178
2933 240
2934 209
2935 4
2936 21
2937 5
2938 135
2939 141
2940 206
2941 167
2942 43
2943 170
2944 210
2945 21
2946 65
2947 91
2948 220
2949 19
2950 95
2951 71
2952 240
2953 4
2954 95
2955 200
2956 44
2957 162
2958 116
2959 44
2960 73
2961 221
2962 75
2963 16
2964 44
2965 170
2966 146
2967 71
2968 32
2969 240
2970 4
2971 206
2972 73
2973 73
2974 231
2975 71
2976 71
2977 210
2978 73
2979 67
2980 24
2981 71
2982 84
2983 236
2984 185
2985 240
2986 80
2987 225
2988 137
2989 176
2990 73
2991 75
2992 112
2993 73
2994 34
2995 136
2996 49
2997 75
2998 136
2999 0
3000 15
3001 202
3002 34
3003 18
3004 136
3005 161
3006 206
3007 239
3008 249
3009 179
3010 239
3011 200
3012 240
3013 203
3014 109
3015 4
3016 178
3017 96
3018 71
3019 239
3020 209
3021 197
3022 78
3023 9
3024 75
3025 97
3026 34
3027 236
3028 9
3029 228
3030 236
3031 176
3032 236
3033 126
3034 246
3035 176
3036 29
3037 213
3038 80
3039 115
3040 176
3041 38
3042 4
3043 73
3044 92
3045 147
3046 119
3047 78
3048 61
3049 89
3050 181
3051 236
3052 180
3053 230
3054 206
3055 216
3056 192
3057 65
3058 136
3059 71
3060 125
3061 176
3062 198
3063 39
3064 4
3065 249
3066 34
3067 230
3068 126
3069 136
3070 34
3071 147
3072 42
3073 176
3074 63
3075 198
3076 119
3077 62
3078 55
3079 96
3080 9
3081 231
3082 44
3083 19
3084 214
3085 21
3086 240
3087 31
3088 116
3089 73
3090 65
3091 26
3092 0
3093 239
3094 118
3095 141
3096 231
3097 54
3098 249
3099 104
3100 134
3101 184
3102 206
3103 136
3104 73
3105 76
3106 206
3107 0
3108 106
3109 249
3110 84
3111 126
3112 162
3113 239
3114 92
3115 198
3116 119
3117 209
3118 18
3119 241
3120 170
3121 141
3122 34
3123 9
3124 230
3125 247
3126 31
3127 9
3128 147
3129 4
3130 30
3131 44
3132 76
3133 96
3134 75
3135 249
3136 73
3137 4
3138 109
3139 18
3140 5
3141 162
3142 210
3143 56
3144 249
3145 76
3146 144
3147 49
3148 11
3149 109
3150 125
3151 131
3152 18
3153 162
3154 205
3155 62
3156 170
3157 176
3158 71
3159 209
3160 179
3161 77
3162 0
3163 227
3164 210
3165 246
3166 209
3167 111
3168 78
3169 209
3170 9
3171 20
3172 49
3173 209
3174 15
3175 75
3176 75
3177 107
3178 8
3179 79
3180 96
3181 24
3182 32
3183 18
3184 56
3185 126
3186 196
3187 211
3188 73
3189 4
3190 244
3191 15
3192 162
3193 178
3194 77
3195 2
3196 141
3197 246
3198 49
3199 239
3200 109
3201 73
3202 96
3203 58
3204 44
3205 9
3206 34
3207 225
3208 119
3209 176
3210 4
3211 86
3212 4
3213 15
3214 92
3215 30
3216 239
3217 73
3218 160
3219 48
3220 8
3221 73
3222 246
3223 77
3224 95
3225 21
3226 43
3227 179
3228 140
3229 192
3230 62
3231 29
3232 73
3233 109
3234 147
3235 37
3236 38
3237 12
3238 60
3239 25
3240 167
3241 21
3242 32
3243 28
3244 211
3245 215
3246 109
3247 73
3248 176
3249 101
3250 176
3251 9
3252 161
3253 77
3254 47
3255 176
3256 147
3257 34
3258 64
3259 240
3260 245
3261 236
3262 73
3263 91
3264 34
3265 49
3266 240
3267 200
3268 44
3269 5
3270 204
3271 0
3272 150
3273 109
3274 209
3275 69
3276 75
3277 49
3278 73
3279 71
3280 34
3281 136
3282 211
3283 75
3284 209
3285 18
3286 75
3287 209
3288 34
3289 45
3290 73
3291 162
3292 126
3293 42
3294 31
3295 211
3296 211
3297 56
3298 136
3299 249
3300 179
3301 152
3302 198
3303 236
3304 34
3305 236
3306 67
3307 206
3308 75
3309 34
3310 144
3311 200
3312 119
3313 176
3314 88
3315 175
3316 37
3317 206
3318 249
3319 141
3320 249
3321 106
3322 71
3323 86
3324 4
3325 78
3326 30
3327 192
3328 34
3329 42
3330 123
3331 76
3332 109
3333 96
3334 180
3335 167
3336 33
3337 136
3338 18
3339 43
3340 211
3341 139
3342 246
3343 9
3344 231
3345 19
3346 48
3347 119
3348 245
3349 161
3350 164
3351 9
3352 9
3353 126
3354 5
3355 92
3356 34
3357 174
3358 218
3359 249
3360 246
3361 239
3362 239
3363 34
3364 96
3365 136
3366 150
3367 11
3368 55
3369 94
3370 75
3371 71
3372 56
3373 108
3374 75
3375 74
3376 19
3377 34
3378 42
3379 38
3380 183
3381 78
3382 141
3383 109
3384 34
3385 152
3386 176
3387 234
3388 4
3389 37
3390 140
3391 244
3392 80
3393 249
3394 240
3395 239
3396 76
3397 228
3398 113
3399 114
3400 94
3401 205
3402 231
3403 25
3404 249
3405 138
3406 249
3407 74
3408 209
3409 9
3410 147
3411 77
3412 130
3413 71
3414 73
3415 236
3416 106
3417 196
3418 75
3419 136
3420 114
3421 243
3422 192
3423 75
3424 80
3425 9
3426 228
3427 206
3428 183
3429 34
3430 4
3431 38
3432 26
3433 152
3434 69
3435 31
3436 144
3437 30
3438 75
3439 67
3440 97
3441 218
3442 75
3443 96
3444 81
3445 74
3446 164
3447 144
3448 71
3449 119
3450 4
3451 92
3452 111
3453 176
3454 67
3455 102
3456 4
3457 165
3458 5
3459 75
3460 137
3461 138
3462 81
3463 119
3464 34
3465 183
3466 0
3467 34
3468 75
3469 34
3470 67
3471 44
3472 188
3473 159
3474 52
3475 9
3476 37
3477 37
3478 116
3479 174
3480 106
3481 129
3482 241
3483 162
3484 111
3485 170
3486 9
3487 9
3488 200
3489 44
3490 96
3491 166
3492 73
3493 80
3494 141
3495 3
3496 210
3497 206
3498 186
3499 4
3500 123
3501 202
3502 136
3503 73
3504 176
3505 16
3506 119
3507 96
3508 19
3509 132
3510 0
3511 84
3512 209
3513 50
3514 174
3515 9
3516 148
3517 249
3518 249
3519 75
3520 176
3521 75
3522 228
3523 244
3524 73
3525 126
3526 71
3527 52
3528 218
3529 244
3530 230
3531 239
3532 9
3533 184
3534 4
3535 207
3536 119
3537 213
3538 246
3539 4
3540 77
3541 4
3542 70
3543 121
3544 179
3545 78
3546 4
3547 4
3548 82
3549 34
3550 141
3551 19
3552 212
3553 145
3554 115
3555 9
3556 41
3557 37
3558 176
3559 123
3560 244
3561 37
3562 199
3563 34
3564 211
3565 245
3566 34
3567 206
3568 8
3569 164
3570 209
3571 27
3572 206
3573 177
3574 236
3575 75
3576 73
3577 109
3578 41
3579 249
3580 43
3581 20
3582 231
3583 239
3584 240
3585 9
3586 239
3587 246
3588 136
3589 9
3590 80
3591 118
3592 220
3593 23
3594 73
3595 37
3596 125
3597 162
3598 176
3599 115
3600 49
3601 93
3602 115
3603 173
3604 96
3605 206
3606 109
3607 96
3608 34
3609 37
3610 75
3611 209
3612 8
3613 70
3614 49
3615 15
3616 73
3617 76
3618 77
3619 96
3620 183
3621 9
3622 206
3623 19
3624 205
3625 11
3626 231
3627 147
3628 19
3629 34
3630 76
3631 249
3632 115
3633 73
3634 4
3635 69
3636 169
3637 183
3638 211
3639 145
3640 231
3641 169
3642 45
3643 133
3644 80
3645 9
3646 5
3647 179
3648 73
3649 44
3650 129
3651 189
3652 96
3653 56
3654 176
3655 38
3656 249
3657 4
3658 176
3659 49
3660 234
3661 190
3662 9
3663 34
3664 100
3665 161
3666 246
3667 73
3668 24
3669 170
3670 243
3671 141
3672 93
3673 15
3674 11
3675 73
3676 4
3677 75
3678 119
3679 192
3680 4
3681 116
3682 236
3683 38
3684 18
3685 211
3686 71
3687 133
3688 75
3689 9
3690 16
3691 75
3692 239
3693 236
3694 16
3695 9
3696 37
3697 67
3698 200
3699 179
3700 15
3701 119
3702 141
3703 226
3704 141
3705 11
3706 246
3707 249
3708 161
3709 229
3710 209
3711 228
3712 220
3713 198
3714 209
3715 15
3716 144
3717 180
3718 136
3719 34
3720 170
3721 49
3722 204
3723 73
3724 73
3725 9
3726 202
3727 246
3728 74
3729 103
3730 213
3731 115
3732 116
3733 34
3734 136
3735 141
3736 236
3737 205
3738 37
3739 71
3740 233
3741 130
3742 73
3743 52
3744 172
3745 92
3746 9
3747 239
3748 246
3749 136
3750 220
3751 176
3752 4
3753 84
3754 136
3755 109
3756 126
3757 4
3758 109
3759 71
3760 75
3761 0
3762 239
3763 25
3764 34
3765 96
3766 71
3767 202
3768 240
3769 34
3770 75
3771 2
3772 144
3773 136
3774 75
3775 8
3776 176
3777 96
3778 4
3779 15
3780 4
3781 174
3782 152
3783 61
3784 125
3785 9
3786 43
3787 0
3788 200
3789 195
3790 115
3791 68
3792 71
3793 85
3794 243
3795 77
3796 119
3797 9
3798 77
3799 4
3800 152
3801 4
3802 229
3803 162
3804 75
3805 176
3806 96
3807 81
3808 125
3809 141
3810 73
3811 228
3812 176
3813 18
3814 99
3815 32
3816 9
3817 154
3818 54
3819 0
3820 60
3821 249
3822 81
3823 9
3824 176
3825 210
3826 147
3827 176
3828 176
3829 161
3830 225
3831 162
3832 71
3833 240
3834 187
3835 80
3836 177
3837 244
3838 144
3839 73
3840 217
3841 202
3842 118
3843 89
3844 147
3845 111
3846 124
3847 34
3848 76
3849 76
3850 196
3851 4
3852 34
3853 73
3854 152
3855 239
3856 180
3857 152
3858 0
3859 76
3860 34
3861 183
3862 115
3863 18
3864 73
3865 109
3866 71
3867 96
3868 73
3869 96
3870 4
3871 0
3872 0
3873 93
3874 205
3875 78
3876 144
3877 44
3878 163
3879 75
3880 73
3881 71
3882 31
3883 4
3884 80
3885 46
3886 10
3887 34
3888 19
3889 73
3890 249
3891 29
3892 9
3893 130
3894 38
3895 233
3896 49
3897 228
3898 147
3899 136
3900 209
3901 184
3902 141
3903 176
3904 21
3905 21
3906 239
3907 74
3908 164
3909 5
3910 225
3911 9
3912 126
3913 146
3914 140
3915 4
3916 73
3917 161
3918 73
3919 73
3920 9
3921 229
3922 239
3923 170
3924 77
3925 34
3926 140
3927 0
3928 239
3929 59
3930 170
3931 57
3932 28
3933 49
3934 71
3935 19
3936 181
3937 34
3938 75
3939 90
3940 243
3941 155
3942 34
3943 47
3944 75
3945 41
3946 34
3947 141
3948 31
3949 80
3950 209
3951 85
3952 225
3953 49
3954 145
3955 239
3956 19
3957 204
3958 186
3959 236
3960 178
3961 177
3962 204
3963 176
3964 133
3965 67
3966 9
3967 44
3968 31
3969 4
3970 170
3971 30
3972 9
3973 17
3974 136
3975 211
3976 75
3977 211
3978 73
3979 125
3980 75
3981 139
3982 92
3983 162
3984 207
3985 136
3986 37
3987 9
3988 18
3989 78
3990 162
3991 183
3992 96
3993 191
3994 141
3995 73
3996 24
3997 249
3998 38
3999 5
4000 4
4001 133
4002 73
4003 240
4004 170
4005 61
4006 220
4007 75
4008 216
4009 180
4010 0
4011 144
4012 76
4013 136
4014 209
4015 249
4016 111
4017 239
4018 75
4019 147
4020 4
4021 249
4022 56
4023 141
4024 109
4025 51
4026 206
4027 206
4028 183
4029 9
4030 231
4031 230
4032 17
4033 144
4034 152
4035 64
4036 180
4037 136
4038 126
4039 249
4040 231
4041 206
4042 167
4043 56
4044 248
4045 73
4046 234
4047 209
4048 121
4049 176
4050 77
4051 44
4052 176
4053 4
4054 231
4055 227
4056 243
4057 240
4058 176
4059 119
4060 80
4061 75
4062 121
4063 73
4064 13
4065 176
4066 4
4067 118
4068 67
4069 249
4070 147
4071 22
4072 211
4073 116
4074 249
4075 126
4076 130
4077 34
4078 164
4079 4
4080 85
4081 178
4082 4
4083 141
4084 166
4085 9
4086 12
4087 34
4088 73
4089 75
4090 176
4091 78
4092 44
4093 15
4094 78
4095 4
4096 243
4097 92
4098 31
4099 162
4100 119
4101 176
4102 73
4103 4
4104 180
4105 4
4106 64
4107 209
4108 34
4109 69
4110 55
4111 5
4112 112
4113 75
4114 19
4115 246
4116 93
4117 4
4118 183
4119 229
4120 139
4121 4
4122 67
4123 179
4124 71
4125 133
4126 85
4127 108
4128 8
4129 136
4130 36
4131 137
4132 73
4133 234
4134 141
4135 176
4136 73
4137 162
4138 75
4139 123
4140 239
4141 249
4142 44
4143 206
4144 176
4145 102
4146 18
4147 4
4148 136
4149 20
4150 75
4151 249
4152 79
4153 44
4154 164
4155 142
4156 136
4157 175
4158 176
4159 9
4160 9
4161 34
4162 73
4163 4
4164 189
4165 136
4166 9
4167 236
4168 105
4169 91
4170 176
4171 73
4172 0
4173 18
4174 144
4175 139
4176 88
4177 91
4178 155
4179 176
4180 73
4181 179
4182 126
4183 136
4184 177
4185 109
4186 49
4187 4
4188 230
4189 73
4190 11
4191 81
4192 161
4193 136
4194 11
4195 73
4196 109
4197 75
4198 35
4199 66
4200 244
4201 92
4202 86
4203 228
4204 49
4205 4
4206 165
4207 239
4208 75
4209 76
4210 179
4211 96
4212 177
4213 18
4214 4
4215 8
4216 75
4217 136
4218 73
4219 4
4220 9
4221 205
4222 115
4223 96
4224 50
4225 145
4226 73
4227 4
4228 231
4229 37
4230 34
4231 73
4232 34
4233 138
4234 139
4235 179
4236 226
4237 73
4238 162
4239 144
4240 4
4241 9
4242 9
4243 49
4244 166
4245 4
4246 9
4247 101
4248 229
4249 91
4250 136
4251 239
4252 105
4253 71
4254 246
4255 9
4256 249
4257 209
4258 9
4259 34
4260 140
4261 161
4262 73
4263 9
4264 237
4265 236
4266 31
4267 118
4268 75
4269 88
4270 29
4271 179
4272 4
4273 73
4274 243
4275 65
4276 246
4277 92
4278 162
4279 239
4280 136
4281 74
4282 73
4283 176
4284 101
4285 87
4286 153
4287 75
4288 176
4289 211
4290 31
4291 67
4292 2
4293 119
4294 162
4295 9
4296 2
4297 21
4298 183
4299 82
4300 4
4301 49
4302 196
4303 139
4304 134
4305 209
4306 4
4307 206
4308 65
4309 43
4310 239
4311 9
4312 249
4313 191
4314 236
4315 11
4316 124
4317 126
4318 126
4319 73
4320 44
4321 65
4322 4
4323 181
4324 29
4325 73
4326 75
4327 4
4328 162
4329 206
4330 9
4331 76
4332 81
4333 116
4334 38
4335 176
4336 34
4337 155
4338 23
4339 236
4340 244
4341 92
4342 4
4343 161
4344 27
4345 114
4346 152
4347 9
4348 49
4349 34
4350 73
4351 115
4352 73
4353 73
4354 9
4355 183
4356 0
4357 4
4358 141
4359 141
4360 160
4361 161
4362 69
4363 141
4364 90
4365 176
4366 101
4367 4
4368 80
4369 230
4370 146
4371 119
4372 75
4373 49
4374 67
4375 134
4376 109
4377 246
4378 67
4379 9
4380 4
4381 152
4382 9
4383 37
4384 34
4385 96
4386 209
4387 25
4388 9
4389 9
4390 38
4391 152
4392 19
4393 73
4394 9
4395 216
4396 34
4397 52
4398 183
4399 183
4400 163
4401 240
4402 106
4403 73
4404 44
4405 75
4406 9
4407 212
4408 133
4409 180
4410 15
4411 4
4412 136
4413 34
4414 9
4415 4
4416 236
4417 130
4418 96
4419 18
4420 229
4421 4
4422 8
4423 76
4424 23
4425 109
4426 141
4427 34
4428 138
4429 228
4430 25
4431 9
4432 4
4433 138
4434 205
4435 236
4436 73
4437 106
4438 176
4439 71
4440 179
4441 182
4442 183
4443 161
4444 132
4445 122
4446 140
4447 175
4448 239
4449 80
4450 162
4451 237
4452 81
4453 78
4454 67
4455 92
4456 136
4457 136
4458 111
4459 37
4460 136
4461 38
4462 249
4463 88
4464 209
4465 56
4466 179
4467 34
4468 147
4469 75
4470 170
4471 31
4472 18
4473 75
4474 34
4475 75
4476 119
4477 1
4478 34
4479 211
4480 2
4481 75
4482 38
4483 42
4484 4
4485 75
4486 136
4487 18
4488 9
4489 206
4490 73
4491 71
4492 92
4493 15
4494 246
4495 45
4496 183
4497 67
4498 75
4499 78
4500 170
4501 98
4502 236
4503 236
4504 176
4505 4
4506 228
4507 9
4508 75
4509 136
4510 133
4511 246
4512 129
4513 9
4514 34
4515 246
4516 73
4517 71
4518 225
4519 75
4520 121
4521 219
4522 246
4523 125
4524 65
4525 136
4526 183
4527 182
4528 167
4529 206
4530 8
4531 211
4532 200
4533 18
4534 167
4535 43
4536 162
4537 4
4538 73
4539 45
4540 126
4541 80
4542 4
4543 44
4544 136
4545 147
4546 73
4547 236
4548 115
4549 4
4550 92
4551 114
4552 9
4553 176
4554 141
4555 240
4556 49
4557 231
4558 108
4559 89
4560 240
4561 228
4562 162
4563 181
4564 150
4565 4
4566 69
4567 236
4568 108
4569 247
4570 9
4571 136
4572 38
4573 136
4574 206
4575 77
4576 75
4577 75
4578 246
4579 82
4580 210
4581 249
4582 209
4583 77
4584 136
4585 31
4586 9
4587 106
4588 162
4589 44
4590 206
4591 146
4592 73
4593 87
4594 48
4595 9
4596 179
4597 249
4598 210
4599 9
4600 192
4601 26
4602 231
4603 75
4604 75
4605 232
4606 104
4607 176
4608 249
4609 136
4610 9
4611 29
4612 73
4613 141
4614 9
4615 136
4616 44
4617 56
4618 9
4619 143
4620 75
4621 161
4622 171
4623 15
4624 43
4625 170
4626 44
4627 174
4628 118
4629 162
4630 43
4631 0
4632 119
4633 4
4634 9
4635 239
4636 206
4637 75
4638 152
4639 15
4640 230
4641 78
4642 14
4643 176
4644 6
4645 4
4646 76
4647 34
4648 176
4649 9
4650 73
4651 136
4652 109
4653 154
4654 43
4655 37
4656 13
4657 225
4658 179
4659 140
4660 136
4661 0
4662 236
4663 76
4664 75
4665 65
4666 162
4667 56
4668 18
4669 109
4670 75
4671 9
4672 176
4673 61
4674 79
4675 4
4676 113
4677 20
4678 75
4679 4
4680 21
4681 18
4682 73
4683 49
4684 136
4685 34
4686 73
4687 43
4688 42
4689 77
4690 80
4691 115
4692 175
4693 75
4694 9
4695 49
4696 187
4697 118
4698 137
4699 44
4700 154
4701 174
4702 205
4703 44
4704 239
4705 239
4706 211
4707 9
4708 179
4709 27
4710 49
4711 109
4712 43
4713 206
4714 125
4715 67
4716 71
4717 230
4718 141
4719 9
4720 220
4721 231
4722 78
4723 67
4724 38
4725 240
4726 240
4727 136
4728 136
4729 121
4730 63
4731 136
4732 115
4733 223
4734 231
4735 4
4736 176
4737 205
4738 73
4739 52
4740 249
4741 9
4742 225
4743 4
4744 4
4745 86
4746 246
4747 73
4748 9
4749 205
4750 43
4751 4
4752 43
4753 92
4754 170
4755 119
4756 234
4757 9
4758 4
4759 249
4760 236
4761 49
4762 162
4763 152
4764 249
4765 73
4766 18
4767 219
4768 183
4769 239
4770 73
4771 97
4772 246
4773 73
4774 80
4775 65
4776 239
4777 183
4778 197
4779 176
4780 86
4781 246
4782 201
4783 152
4784 109
4785 75
4786 4
4787 78
4788 219
4789 91
4790 29
4791 109
4792 181
4793 119
4794 75
4795 212
4796 236
4797 178
4798 136
4799 24
4800 34
4801 118
4802 4
4803 76
4804 170
4805 152
4806 80
4807 231
4808 206
4809 75
4810 162
4811 228
4812 149
4813 4
4814 109
4815 243
4816 179
4817 4
4818 108
4819 92
4820 230
4821 75
4822 75
4823 47
4824 36
4825 239
4826 15
4827 240
4828 73
4829 176
4830 75
4831 210
4832 210
4833 9
4834 176
4835 80
4836 9
4837 211
4838 38
4839 91
4840 0
4841 76
4842 31
4843 18
4844 9
4845 34
4846 211
4847 75
4848 75
4849 206
4850 141
4851 4
4852 206
4853 121
4854 44
4855 75
4856 4
4857 246
4858 216
4859 243
4860 15
4861 205
4862 75
4863 170
4864 147
4865 9
4866 5
4867 249
4868 4
4869 249
4870 75
4871 34
4872 4
4873 249
4874 136
4875 71
4876 0
4877 140
4878 166
4879 206
4880 13
4881 80
4882 92
4883 44
4884 71
4885 77
4886 34
4887 183
4888 44
4889 44
4890 209
4891 18
4892 9
4893 239
4894 75
4895 71
4896 239
4897 44
4898 64
4899 56
4900 20
4901 38
4902 75
4903 75
4904 15
4905 176
4906 76
4907 24
4908 76
4909 170
4910 205
4911 140
4912 34
4913 9
4914 73
4915 123
4916 179
4917 4
4918 179
4919 141
4920 9
4921 174
4922 178
4923 4
4924 206
4925 105
4926 74
4927 44
4928 76
4929 141
4930 162
4931 162
4932 4
4933 80
4934 34
4935 49
4936 15
4937 9
4938 9
4939 73
4940 155
4941 4
4942 231
4943 249
4944 109
4945 141
4946 136
4947 136
4948 52
4949 4
4950 108
4951 9
4952 0
4953 118
4954 228
4955 75
4956 34
4957 170
4958 4
4959 14
4960 127
4961 179
4962 146
4963 145
4964 80
4965 4
4966 169
4967 167
4968 109
4969 174
4970 118
4971 209
4972 109
4973 144
4974 106
4975 249
4976 75
4977 139
4978 242
4979 142
4980 239
4981 249
4982 96
4983 246
4984 38
4985 236
4986 141
4987 11
4988 9
4989 73
4990 136
4991 209
4992 198
4993 136
4994 73
4995 249
4996 34
4997 34
4998 97
4999 16
