0 499
2 126
3 464
11 104
15 449
17 80
18 415
19 311
23 449
26 83
32 58
34 100
35 75
42 452
46 194
47 301
49 236
50 53
52 278
54 386
55 166
57 420
58 226
60 344
61 43
63 381
64 216
68 60
72 159
73 218
79 268
81 395
82 209
83 15
85 225
89 90
92 320
93 31
96 350
97 334
98 98
101 7
102 432
107 100
108 409
109 208
110 23
111 445
113 65
116 95
118 197
119 25
126 399
127 199
129 330
130 238
132 360
135 408
137 0
138 333
140 64
146 1
147 320
150 357
153 398
154 221
155 18
156 323
157 248
160 219
161 489
164 467
166 147
167 52
169 178
170 329
172 192
173 9
175 201
178 179
179 477
181 189
182 11
183 322
187 183
189 250
190 212
193 136
194 42
195 369
196 395
198 306
200 8
201 342
202 155
206 494
207 301
208 202
209 10
210 334
212 62
213 116
214 174
215 206
218 2
222 347
225 194
226 120
227 398
228 325
229 52
230 451
231 376
232 166
233 495
234 313
235 127
237 339
241 185
242 490
244 119
248 462
252 308
256 141
258 308
259 167
260 53
261 465
262 110
263 421
264 303
265 137
267 283
268 421
272 422
274 301
275 334
278 490
280 132
282 317
284 317
285 282
288 272
290 441
291 451
292 145
293 471
303 272
304 85
305 498
308 436
310 334
312 264
313 101
322 103
325 122
328 151
334 334
335 435
340 87
344 423
345 241
346 416
347 458
348 266
349 11
350 412
352 117
353 426
354 234
356 450
357 262
361 123
362 418
363 250
366 287
367 71
368 403
377 390
378 217
379 116
380 437
381 232
384 276
385 102
387 193
389 416
391 36
393 267
394 69
398 446
401 371
403 266
404 379
405 215
406 27
408 227
409 44
411 274
412 97
417 217
421 88
425 303
426 223
429 192
430 82
435 251
437 117
444 253
445 34
448 93
450 206
453 244
454 63
455 365
457 416
459 195
461 327
462 246
465 499
467 226
469 17
474 159
475 482
477 191
478 19
479 331
480 139
481 62
485 393
486 219
487 29
488 319
492 365
494 396
497 321
500 369
503 104
504 493
507 0
516 432
518 459
520 141
531 267
532 194
533 381
536 435
537 447
539 226
541 426
542 14
543 330
545 120
547 9
551 307
554 311
555 72
556 159
557 243
558 274
562 409
563 344
566 475
567 360
570 268
573 422
575 346
576 457
578 266
579 80
580 351
581 441
583 72
585 451
588 311
589 445
590 276
593 87
594 82
596 339
597 135
600 317
602 342
604 29
607 36
608 74
610 141
611 397
615 202
616 287
620 34
622 451
623 189
626 409
629 360
630 2
631 266
632 53
635 78
637 179
639 0
643 376
644 82
651 90
652 176
658 244
660 191
661 192
663 75
667 494
669 212
672 8
674 319
675 29
678 420
680 225
681 15
682 258
683 494
686 184
690 95
693 369
696 80
697 416
699 15
701 322
705 36
706 396
708 447
712 421
715 100
716 457
718 428
719 90
720 325
722 428
723 42
724 266
725 268
726 457
729 23
730 82
733 397
734 36
735 206
739 123
740 102
746 450
747 69
752 145
756 198
758 174
761 357
766 7
767 365
772 157
774 272
775 258
776 72
778 342
781 82
782 104
783 418
784 221
787 445
789 276
791 29
792 181
794 467
798 125
801 490
803 126
807 199
814 490
815 287
820 214
824 208
831 20
832 441
833 328
835 311
836 137
837 1
838 100
841 272
843 313
845 319
846 133
849 69
854 179
855 248
856 93
858 432
859 34
860 221
861 375
865 10
867 185
868 27
870 132
872 218
873 189
877 342
879 437
881 185
886 334
888 226
890 365
892 369
895 17
897 179
900 395
901 188
905 78
906 58
908 104
910 78
911 494
915 156
919 44
921 462
923 209
925 491
927 120
931 424
932 75
933 357
934 137
935 423
936 221
938 456
941 2
944 126
945 328
946 54
947 320
950 34
951 218
952 151
953 101
955 464
958 447
960 181
964 397
968 320
969 432
971 482
973 286
976 120
980 328
986 104
989 386
992 218
995 243
999 17
1000 420
1001 63
1002 336
1003 152
1004 264
1014 342
1021 82
1024 424
1025 27
1027 74
1029 159
1030 125
1032 122
1033 326
1034 347
1038 174
1046 132
1048 238
1049 325
1052 28
1055 93
1060 248
1063 13
1065 145
1067 74
1068 188
1069 351
1070 321
1074 0
1075 491
1077 426
1080 426
1081 337
1082 91
1083 327
1084 325
1086 216
1088 493
1091 137
1096 93
1100 184
1103 201
1104 339
1106 262
1108 58
1110 88
1113 201
1124 208
1128 58
1131 326
1132 227
1133 327
1134 288
1138 287
1139 418
1142 9
1145 29
1147 176
1148 337
1151 274
1153 157
1154 236
1155 199
1157 409
1158 64
1159 137
1160 330
1161 74
1164 126
1168 223
1171 294
1174 188
1182 221
1184 266
1186 156
1188 188
1190 174
1191 390
1193 490
1198 329
1204 29
1206 82
1208 36
1212 339
1213 326
1215 2
1218 491
1221 390
1223 294
1224 248
1229 80
1230 225
1231 452
1233 95
1235 328
1242 274
1245 264
1247 306
1250 119
1251 118
1252 82
1253 223
1254 491
1258 326
1262 397
1265 390
1268 145
1271 185
1277 15
1278 456
1286 351
1287 276
1290 322
1292 184
1296 104
1297 409
1298 43
1302 376
1303 152
1304 36
1307 386
1311 8
1312 322
1316 82
1317 206
1319 386
1325 42
1326 468
1328 58
1335 192
1336 185
1339 85
1343 0
1345 376
1347 253
1349 103
1354 28
1364 199
1365 268
1366 436
1368 399
1370 464
1372 88
1373 435
1376 216
1378 288
1381 219
1384 88
1385 337
1390 198
1394 82
1396 424
1399 311
1403 342
1406 397
1409 426
1421 201
1425 198
1426 135
1439 145
1440 8
1444 71
1448 194
1449 188
1451 25
1456 219
1457 238
1460 311
1463 232
1465 283
1467 403
1469 498
1471 58
1472 101
1475 411
1476 411
1478 490
1479 212
1485 201
1488 123
1489 206
1490 421
1495 215
1499 102
1503 119
1504 14
1509 396
1510 331
1516 192
1525 232
1526 72
1528 199
1529 136
1531 449
1532 141
1537 42
1538 58
1540 274
1548 328
1552 56
1558 457
1559 276
1561 418
1562 331
1563 133
1564 336
1566 365
1567 122
1568 133
1569 82
1570 123
1576 482
1578 28
1580 82
1581 420
1582 17
1583 287
1585 323
1586 333
1587 371
1589 72
1590 250
1593 221
1594 386
1596 482
1597 226
1598 468
1599 132
1605 227
1608 418
1609 426
1612 116
1613 294
1618 91
1619 183
1625 282
1630 75
1631 468
1634 398
1637 194
1642 82
1644 328
1645 336
1647 342
1648 195
1652 97
1657 386
1658 31
1659 184
1661 8
1662 188
1668 122
1669 328
1670 490
1671 15
1679 64
1682 441
1684 397
1686 266
1687 10
1688 424
1689 420
1690 450
1691 199
1692 482
1693 420
1694 262
1697 268
1702 274
1706 215
1707 268
1709 462
1712 311
1713 53
1714 19
1715 342
1717 97
1718 110
1719 85
1721 63
1724 221
1727 329
1728 27
1729 43
1733 65
1734 85
1736 262
1737 330
1741 234
1744 441
1750 62
1751 255
1756 441
1760 432
1762 399
1764 98
1767 97
1770 236
1772 42
1775 155
1778 119
1779 119
1785 43
1788 201
1794 274
1798 29
1802 274
1814 227
1815 90
1817 369
1819 215
1822 262
1823 10
1831 104
1832 184
1838 201
1843 276
1844 449
1845 393
1847 412
1850 208
1852 432
1853 396
1854 195
1855 283
1856 307
1857 122
1862 147
1865 501
1868 42
1869 328
1870 119
1871 258
1873 457
1874 122
1875 403
1878 494
1879 184
1881 62
1884 456
1887 449
1892 307
1893 386
1894 266
1897 43
1898 14
1901 449
1906 330
1910 303
1914 459
1916 53
1917 288
1918 283
1922 426
1933 197
1934 477
1936 54
1938 255
1939 244
1942 191
1948 495
1949 258
1951 102
1955 212
1956 396
1959 491
1960 80
1962 266
1963 266
1968 326
1971 446
1975 159
1978 459
1979 491
1980 350
1981 135
1983 471
1984 451
1986 83
1989 369
1992 185
1993 408
1994 491
1996 336
1999 226
2000 217
2001 126
2002 437
2003 471
2006 282
2007 65
2008 116
2014 426
2015 412
2019 72
2020 396
2021 467
2022 491
2025 71
2027 432
2028 381
2029 307
2035 346
2042 471
2044 409
2045 471
2046 501
2051 218
2056 181
2060 159
2061 274
2062 87
2065 397
2067 25
2071 1
2075 475
2076 449
2077 1
2079 477
2080 398
2081 179
2083 456
2085 1
2086 276
2093 423
2095 494
2096 13
2097 313
2098 8
2100 493
2110 56
2113 218
2122 441
2124 342
2126 301
2127 60
2132 457
2133 63
2135 64
2136 459
2139 288
2143 120
2148 122
2149 191
2152 98
2153 224
2156 319
2157 337
2159 395
2161 386
2163 266
2164 323
2165 494
2166 159
2167 0
2168 152
2169 137
2171 311
2172 227
2183 272
2184 223
2186 491
2189 8
2190 174
2191 159
2192 288
2197 78
2202 14
2206 276
2207 490
2214 215
2220 424
2228 44
2232 64
2235 327
2236 135
2239 412
2241 152
2246 278
2249 477
2251 232
2252 181
2256 127
2257 110
2258 139
2259 426
2261 34
2262 155
2263 126
2266 421
2267 313
2271 449
2272 339
2273 243
2274 253
2275 224
2281 13
2284 317
2288 116
2293 155
2294 495
2298 217
2299 192
2302 194
2305 236
2310 435
2311 58
2312 11
2316 409
2317 72
2320 320
2321 82
2324 422
2332 447
2335 344
2338 339
2341 0
2344 95
2345 185
2350 209
2351 91
2354 464
2355 386
2357 322
2358 258
2360 369
2364 217
2368 0
2371 458
2373 23
2377 217
2379 251
2386 288
2387 7
2388 117
2397 15
2398 423
2399 446
2402 420
2403 459
2404 19
2405 266
2406 266
2407 221
2409 217
2410 1
2413 127
2421 87
2422 20
2424 322
2427 27
2428 451
2429 287
2441 250
2443 137
2445 0
2448 264
2450 375
2451 491
2457 147
2459 456
2460 135
2462 19
2463 53
2464 52
2468 44
2473 27
2474 501
2480 15
2483 420
2488 432
2490 274
2493 139
2495 214
2496 27
2498 471
2501 72
2503 266
2505 465
2508 426
2510 90
2512 313
2514 369
2516 215
2518 157
2519 91
2520 226
2524 286
2528 319
2535 15
2536 324
2539 136
2543 244
2547 447
2551 98
2553 447
2558 135
2561 201
2563 90
2564 227
2565 306
2570 208
2584 324
2586 330
2587 157
2588 58
2591 221
2595 98
2602 395
2604 395
2606 408
2610 36
2611 82
2612 31
2617 198
2618 95
2619 122
2623 75
2625 97
2626 14
2627 286
2636 258
2637 44
2638 155
2640 118
2648 441
2650 451
2654 18
2660 95
2664 137
2667 123
2671 386
2672 351
2673 58
2674 386
2676 266
2678 63
2680 132
2681 183
2683 253
2685 19
2686 266
2690 375
2691 475
2694 411
2697 255
2701 34
2707 27
2716 139
2718 283
2719 424
2720 147
2722 126
2724 276
2725 174
2726 420
2728 123
2731 288
2733 324
2738 412
2739 262
2742 104
2744 276
2752 386
2756 498
2765 491
2769 331
2772 333
2778 398
2780 266
2783 435
2785 191
2789 185
2795 65
2796 250
2798 208
2802 103
2806 365
2807 416
2809 223
2811 278
2816 179
2817 23
2822 346
2825 336
2826 288
2830 185
2831 56
2832 342
2833 100
2834 217
2838 253
2839 311
2843 34
2851 44
2855 416
2856 25
2858 246
2859 136
2861 27
2863 494
2866 65
2867 282
2868 320
2870 334
2872 2
2874 283
2880 98
2885 8
2886 87
2895 90
2898 477
2900 214
2902 491
2904 482
2909 87
2912 423
2916 432
2917 308
2920 71
2921 15
2923 234
2925 418
2930 215
2932 227
2934 156
2936 122
2938 189
2942 333
2943 494
2945 350
2956 58
2957 122
2961 306
2963 264
2968 122
2970 334
2971 234
2972 253
2976 120
2979 347
2987 74
2990 101
2995 53
2997 118
3000 218
3001 218
3004 83
3009 451
3010 451
3011 110
3015 23
3018 194
3021 409
3022 418
3023 418
3024 167
3033 62
3036 125
3043 412
3044 412
3046 322
3048 307
3049 262
3050 262
3052 244
3053 253
3055 334
3056 334
3057 2
3063 283
3064 283
3068 328
3069 328
3070 489
3071 238
3076 133
3077 420
3078 420
3082 465
3085 441
3086 441
3091 432
3092 432
3094 118
3095 127
3099 423
3100 423
3102 82
3103 82
3104 82
3105 396
3106 396
3112 145
3113 145
3114 426
3115 426
3116 426
3117 58
3118 58
3119 58
3120 408
3129 13
3133 157
3134 157
3135 31
3139 276
3140 276
3141 276
3144 330
3145 330
3146 321
3147 225
3149 342
3153 28
3155 174
3156 174
3157 147
3158 156
3160 452
3168 192
3169 201
3170 201
3171 201
3174 87
3175 87
3179 141
3181 428
3190 386
3191 386
3192 386
3194 395
3195 395
3199 72
3200 72
3202 467
3205 126
3210 36
3211 449
3212 449
3216 344
3219 93
3220 102
3224 320
3225 320
3226 329
3229 179
3230 179
3231 152
3235 215
3236 215
3237 287
3238 287
3239 197
3240 224
3247 227
3249 209
3251 191
3261 119
3262 119
3263 415
3265 23
3266 436
3269 185
3270 185
3279 403
3289 457
3290 457
3291 116
3292 412
3293 412
3294 98
3295 98
3296 71
3298 322
3301 74
3302 379
3304 226
3305 253
3306 253
3307 325
3308 2
3309 2
3310 65
3314 184
3315 184
3321 274
3323 14
3324 151
3327 214
3332 369
3333 369
3334 181
3336 477
3337 477
3339 91
3340 91
3346 360
3348 58
3349 58
3351 336
3354 435
3355 31
3358 276
3360 276
3361 267
3362 330
3363 330
3364 321
3365 189
3367 333
3368 342
3369 342
3370 342
3372 288
3374 198
3375 351
3376 28
3378 282
3389 482
3390 482
3391 464
3392 446
3396 123
3397 195
3399 491
3404 54
3411 126
3412 126
3414 449
3415 449
3416 458
3417 350
3419 323
3423 344
3426 102
3427 326
3428 75
3433 42
3434 42
3445 221
3446 221
3451 365
3452 365
3453 493
3456 475
3457 215
3459 287
3460 287
3463 206
3466 278
3468 191
3469 191
3472 424
3473 424
3476 451
3477 451
3478 436
3479 95
3480 95
3481 445
3484 122
3485 122
3486 122
3487 194
3488 194
3490 167
3502 53
3503 53
3504 376
3506 8
3511 80
3512 457
3513 457
3514 116
3515 116
3516 98
3517 98
3518 307
3520 262
3521 262
3528 20
3532 319
3533 193
3534 301
3535 498
3536 328
3537 328
3541 151
3542 223
3543 232
3546 447
3549 178
3550 241
3551 477
3552 477
3553 432
3554 432
3555 432
3556 136
3558 91
3559 91
3560 64
3564 426
3567 58
3568 58
3569 58
3570 58
3571 408
3574 381
3576 390
3580 103
3582 88
3583 294
3589 276
3590 258
3591 258
3592 25
3594 339
3597 225
3598 1
3600 28
3601 28
3604 147
3607 183
3608 255
3624 132
3625 132
3627 446
3630 123
3631 69
3632 63
3638 494
3639 494
3641 117
3642 323
3643 18
3647 272
3649 93
3650 102
3651 102
3653 308
3654 75
3655 75
3659 42
3660 42
3668 493
3669 179
3670 179
3673 197
3674 0
3676 137
3677 137
3680 424
3682 110
3685 236
3686 104
3687 104
3690 194
3691 194
3708 412
3710 98
3712 322
3713 322
3714 56
3715 262
3716 262
3717 379
3718 253
3719 253
3720 20
3725 301
3727 498
3728 166
3729 274
3730 274
3731 274
3732 328
3733 328
3734 328
3737 250
3744 456
3745 181
3746 477
3747 477
3750 118
3751 423
3752 423
3758 471
3759 471
3760 336
3761 336
3770 393
3771 52
3774 267
3775 330
3778 306
3779 1
3780 1
3787 174
3788 174
3789 156
3798 219
3799 60
3801 87
3802 87
3809 428
3815 90
3818 395
3819 395
3820 54
3821 422
3824 72
3825 72
3830 117
3831 350
3832 18
3839 272
3840 272
3841 344
3846 326
3847 326
3848 416
3849 416
3861 248
3863 493
3864 152
3865 188
3866 188
3868 215
3869 215
3876 278
3877 0
3878 0
3879 227
3880 227
3882 191
3883 191
3884 424
3885 424
3892 119
3893 119
3898 415
3899 23
3900 23
3901 95
3902 95
3903 104
3904 104
3911 167
3930 80
3931 80
3934 116
3935 116
3938 98
3939 98
3940 98
3941 322
3942 322
3944 74
3945 74
3949 29
3950 29
3951 244
3952 334
3953 334
3955 301
3956 301
3959 337
3962 232
3965 501
3967 456
3968 456
3969 465
3970 369
3971 369
3972 432
3973 432
3974 432
3975 217
3976 217
3981 450
3982 82
3983 82
3984 82
3985 82
3988 64
3989 64
3992 145
3993 145
3994 399
3995 139
4000 462
4005 103
4014 321
4017 10
4018 1
4019 1
4020 342
4021 342
4022 342
4023 288
4024 288
4026 351
4027 19
4029 183
4030 156
4035 246
4041 87
4042 87
4045 482
4046 482
4054 159
4055 159
4056 132
4057 132
4058 141
4062 78
4064 90
4065 90
4066 386
4067 386
4068 386
4069 395
4070 395
4079 126
4080 126
4085 117
4086 350
4087 18
4097 93
4098 93
4100 416
4101 416
4113 347
4114 248
4115 212
4116 311
4117 311
4119 493
4120 493
4123 287
4124 287
4129 0
4130 0
4131 0
