0 499
4 440
6 460
11 104
12 427
13 353
14 150
15 449
18 415
19 311
20 124
21 500
23 449
24 455
25 285
26 83
30 442
32 58
36 405
38 115
40 233
42 452
45 384
49 236
50 53
51 453
53 70
54 386
57 420
58 226
60 344
61 43
62 144
64 216
65 130
66 107
67 228
68 60
70 275
72 159
82 209
89 90
91 211
93 31
95 33
96 350
99 382
110 23
113 65
115 182
116 95
119 25
123 368
124 169
127 199
129 330
130 238
132 360
133 171
135 408
136 200
137 0
139 230
140 64
142 443
144 394
146 1
149 66
152 478
153 398
155 18
156 323
161 489
164 467
166 147
170 329
171 389
173 9
174 318
176 187
177 353
178 179
180 279
182 11
184 310
186 345
189 250
190 212
192 341
193 136
195 369
199 210
202 155
203 466
206 494
208 202
209 10
211 143
213 116
214 174
216 26
219 335
223 164
224 500
226 120
227 398
231 376
233 495
234 313
239 474
240 289
241 185
243 318
246 340
247 148
249 279
252 308
253 121
254 473
257 454
258 308
259 167
260 53
262 110
263 421
266 473
268 421
272 422
273 68
281 440
283 144
286 204
289 128
295 92
297 305
300 231
301 504
304 85
307 105
313 101
315 316
319 134
323 275
326 340
330 438
331 500
333 298
338 230
340 87
342 300
348 266
349 11
351 463
354 234
355 68
356 450
361 123
363 250
365 472
366 287
367 71
368 403
369 187
370 112
371 443
378 217
379 116
380 437
381 232
384 276
385 102
386 335
391 36
395 385
397 108
398 446
400 55
402 269
403 266
404 379
409 44
411 274
412 97
414 204
415 455
416 438
417 217
418 45
419 460
420 175
421 88
422 388
423 463
428 366
432 289
433 4
434 430
444 253
445 34
447 170
449 407
451 22
454 63
456 180
459 195
464 356
465 499
466 487
467 226
473 358
474 159
475 482
478 19
479 331
480 139
484 483
487 29
488 319
495 210
497 321
498 146
499 50
500 369
503 104
504 493
507 0
508 384
509 503
510 368
511 383
512 204
513 392
517 302
518 459
521 121
523 300
530 392
535 349
539 226
543 330
545 120
547 9
554 311
556 159
557 243
558 274
559 394
561 148
563 344
566 475
567 360
568 394
572 440
573 422
577 300
578 266
580 351
588 311
590 276
593 87
597 135
601 94
604 29
607 36
608 74
609 298
614 186
615 202
616 287
620 34
621 94
628 47
629 360
631 266
632 53
633 70
634 394
636 438
637 179
638 169
639 0
640 434
643 376
645 480
651 90
653 486
657 358
659 107
664 196
666 275
667 494
669 212
673 472
674 319
675 29
678 420
679 439
683 494
684 170
686 184
688 297
690 95
693 369
695 417
700 392
705 36
706 396
710 113
712 421
713 66
717 55
719 90
724 266
728 298
729 23
734 36
739 123
740 102
742 345
743 170
745 388
746 450
749 291
750 302
751 229
755 358
758 174
759 453
763 230
764 427
765 289
770 406
772 157
779 26
782 104
786 70
789 276
791 29
794 467
796 170
800 298
802 474
807 199
810 171
812 70
815 287
823 473
829 210
834 143
835 311
837 1
839 47
842 394
843 313
844 112
845 319
848 405
850 466
853 434
854 179
859 34
863 228
865 10
866 130
867 185
869 112
871 443
872 218
874 353
875 175
879 437
881 185
883 480
884 455
887 472
888 226
891 121
892 369
893 392
897 179
899 503
901 188
903 503
904 300
906 58
908 104
911 494
913 383
915 156
916 143
917 146
919 44
922 298
923 209
925 491
927 120
937 430
938 456
939 22
942 430
948 112
950 34
951 218
953 101
957 406
959 480
961 503
962 186
965 109
970 108
971 482
973 286
974 240
975 358
976 120
982 134
983 200
986 104
987 164
989 386
992 218
995 243
996 211
997 164
998 298
1000 420
1001 63
1002 336
1007 302
1008 453
1010 33
1013 130
1015 389
1018 170
1019 68
1020 55
1023 200
1026 392
1027 74
1029 159
1031 4
1033 326
1038 174
1039 68
1041 164
1042 443
1043 305
1044 439
1045 281
1047 235
1048 238
1052 28
1053 196
1059 394
1062 150
1063 13
1067 74
1068 188
1069 351
1070 321
1071 455
1074 0
1075 491
1079 149
1081 337
1082 91
1085 148
1086 216
1088 493
1089 150
1093 45
1097 26
1098 453
1100 184
1102 22
1108 58
1109 35
1110 88
1112 121
1115 406
1116 453
1117 383
1120 385
1122 316
1125 439
1126 130
1128 58
1129 228
1130 108
1131 326
1137 170
1138 287
1140 383
1142 9
1143 113
1144 115
1145 29
1148 337
1149 186
1151 274
1153 157
1154 236
1155 199
1156 417
1158 64
1160 330
1161 74
1165 235
1172 503
1173 128
1174 188
1175 170
1177 180
1181 392
1184 266
1186 156
1188 188
1189 275
1190 174
1194 405
1197 316
1199 430
1202 438
1203 358
1204 29
1205 472
1208 36
1210 105
1213 326
1217 204
1218 491
1219 454
1222 291
1225 107
1227 177
1231 452
1232 439
1233 95
1237 341
1238 240
1239 455
1240 50
1241 94
1242 274
1244 121
1248 235
1254 491
1256 291
1258 326
1259 487
1269 150
1270 486
1271 185
1272 35
1273 474
1274 305
1275 341
1278 456
1279 186
1284 112
1286 351
1287 276
1292 184
1296 104
1298 43
1299 504
1300 460
1302 376
1304 36
1305 440
1306 35
1307 386
1308 149
1309 240
1310 472
1313 275
1314 121
1319 386
1323 180
1328 58
1329 486
1330 341
1332 438
1336 185
1339 85
1340 164
1343 0
1344 469
1345 376
1347 253
1352 186
1354 28
1359 310
1364 199
1367 242
1371 289
1372 88
1374 341
1376 216
1377 281
1379 503
1383 504
1384 88
1385 337
1389 438
1392 196
1395 233
1398 474
1399 311
1404 33
1410 35
1413 455
1416 504
1417 302
1419 443
1420 186
1423 180
1424 240
1426 135
1427 22
1430 358
1431 314
1432 363
1436 487
1437 47
1441 26
1442 86
1444 71
1445 47
1446 302
1449 188
1451 25
1453 478
1455 305
1457 238
1460 311
1462 130
1463 232
1466 94
1467 403
1471 58
1472 101
1474 55
1477 438
1479 212
1480 177
1482 128
1487 26
1488 123
1490 421
1493 66
1496 384
1499 102
1500 269
1502 204
1508 444
1509 396
1510 331
1511 305
1515 4
1518 200
1519 128
1522 149
1525 232
1528 199
1529 136
1531 449
1534 405
1536 109
1538 58
1540 274
1545 177
1546 453
1552 56
1555 196
1559 276
1562 331
1564 336
1570 123
1572 228
1576 482
1578 28
1579 111
1581 420
1583 287
1590 250
1594 386
1596 482
1600 134
1601 335
1612 116
1616 55
1620 478
1621 454
1622 68
1625 282
1627 478
1628 341
1632 130
1633 318
1634 398
1639 427
1641 438
1643 443
1645 336
1648 195
1652 97
1653 453
1654 443
1655 300
1656 358
1657 386
1658 31
1659 184
1660 228
1662 188
1664 275
1674 417
1677 235
1679 64
1680 289
1681 173
1686 266
1687 10
1689 420
1690 450
1691 199
1692 482
1693 420
1698 340
1699 164
1702 274
1712 311
1713 53
1714 19
1716 66
1717 97
1718 110
1719 85
1721 63
1723 503
1726 335
1727 329
1729 43
1730 394
1733 65
1734 85
1735 297
1737 330
1738 240
1740 70
1741 234
1745 26
1747 186
1754 233
1755 298
1759 472
1761 240
1763 113
1767 97
1768 211
1769 392
1770 236
1775 155
1785 43
1789 453
1794 274
1798 29
1802 274
1804 47
1805 473
1810 453
1811 302
1815 90
1816 134
1817 369
1820 134
1823 10
1826 240
1827 210
1831 104
1832 184
1843 276
1844 449
1849 50
1853 396
1854 195
1858 316
1862 147
1863 196
1864 180
1866 108
1867 94
1875 403
1876 177
1878 494
1879 184
1884 456
1885 204
1886 22
1887 449
1889 389
1890 112
1893 386
1894 266
1897 43
1899 469
1901 449
1902 443
1904 401
1906 330
1907 469
1914 459
1921 113
1926 289
1931 73
1943 105
1946 492
1948 495
1951 102
1955 212
1956 396
1957 469
1959 491
1962 266
1963 266
1967 128
1968 326
1971 446
1972 291
1975 159
1976 417
1977 401
1978 459
1979 491
1980 350
1981 135
1982 130
1985 440
1986 83
1987 302
1989 369
1992 185
1993 408
1994 491
1996 336
1998 291
1999 226
2000 217
2002 437
2006 282
2007 65
2008 116
2009 440
2010 363
2020 396
2021 467
2022 491
2025 71
2030 200
2031 298
2032 47
2036 113
2040 242
2041 384
2047 182
2051 218
2054 302
2057 492
2060 159
2061 274
2062 87
2067 25
2071 1
2072 394
2074 434
2075 475
2076 449
2077 1
2078 349
2081 179
2083 456
2085 1
2086 276
2088 275
2095 494
2096 13
2097 313
2099 383
2100 493
2101 180
2102 211
2103 113
2106 443
2109 341
2110 56
2111 281
2113 218
2116 492
2125 182
2127 60
2128 335
2133 63
2135 64
2136 459
2142 453
2143 120
2146 230
2155 233
2156 319
2157 337
2161 386
2162 434
2163 266
2164 323
2165 494
2166 159
2167 0
2170 228
2171 311
2174 406
2185 187
2186 491
2187 340
2188 26
2190 174
2191 159
2194 200
2204 173
2206 276
2210 302
2211 143
2213 210
2217 289
2221 115
2223 230
2224 291
2226 291
2228 44
2229 115
2232 64
2233 298
2234 389
2236 135
2237 316
2244 22
2245 108
2248 454
2251 232
2255 204
2257 110
2258 139
2260 33
2261 34
2262 155
2265 463
2266 421
2267 313
2271 449
2273 243
2274 253
2277 472
2278 503
2280 235
2281 13
2285 115
2286 469
2287 115
2288 116
2290 112
2291 478
2294 495
2298 217
2300 335
2305 236
2308 196
2309 466
2311 58
2312 11
2314 341
2318 442
2324 422
2334 210
2335 344
2336 305
2339 35
2340 196
2341 0
2342 417
2343 73
2344 95
2345 185
2350 209
2351 91
2353 45
2355 386
2359 310
2360 369
2361 366
2362 394
2364 217
2367 242
2368 0
2369 68
2372 454
2373 23
2376 349
2377 217
2383 146
2389 285
2390 70
2399 446
2400 200
2402 420
2403 459
2404 19
2405 266
2406 266
2409 217
2410 1
2411 164
2414 124
2415 111
2418 300
2419 105
2420 210
2421 87
2429 287
2430 335
2433 240
2434 4
2441 250
2442 112
2445 0
2446 200
2451 491
2452 164
2455 33
2457 147
2459 456
2460 135
2462 19
2463 53
2468 44
2471 124
2472 483
2476 440
2478 113
2479 235
2483 420
2484 384
2486 453
2489 385
2490 274
2491 229
2492 204
2493 139
2499 473
2503 266
2504 289
2505 465
2507 68
2510 90
2511 353
2512 313
2514 369
2517 113
2518 157
2519 91
2520 226
2521 291
2524 286
2528 319
2529 430
2531 233
2536 324
2537 144
2539 136
2540 439
2542 169
2545 230
2549 275
2552 26
2558 135
2563 90
2567 173
2569 298
2579 444
2580 35
2584 324
2585 427
2586 330
2587 157
2588 58
2589 285
2590 47
2592 175
2596 210
2597 233
2598 200
2605 170
2606 408
2610 36
2612 31
2615 111
2618 95
2620 430
2624 388
2625 97
2627 286
2633 26
2634 148
2637 44
2638 155
2639 200
2644 394
2646 439
2654 18
2657 406
2660 95
2661 134
2662 68
2667 123
2668 149
2671 386
2672 351
2673 58
2674 386
2676 266
2677 170
2678 63
2682 455
2683 253
2685 19
2686 266
2687 318
2691 475
2695 297
2698 86
2701 34
2704 384
2709 128
2715 298
2716 139
2717 128
2720 147
2723 345
2724 276
2725 174
2726 420
2728 123
2733 324
2742 104
2743 107
2744 276
2747 442
2749 305
2752 386
2753 401
2760 92
2762 341
2763 349
2765 491
2769 331
2773 455
2775 22
2776 66
2777 47
2778 398
2780 266
2788 440
2789 185
2791 177
2795 65
2796 250
2801 86
2804 33
2815 66
2816 179
2817 23
2818 500
2820 275
2821 440
2825 336
2830 185
2831 56
2834 217
2835 235
2838 253
2839 311
2840 171
2843 34
2844 358
2845 128
2846 430
2848 316
2849 430
2851 44
2856 25
2859 136
2863 494
2866 65
2867 282
2871 453
2873 109
2875 134
2879 455
2881 94
2882 340
2886 87
2887 146
2888 22
2890 242
2894 200
2895 90
2899 94
2902 491
2904 482
2908 233
2909 87
2914 233
2917 308
2918 291
2920 71
2922 389
2923 234
2928 112
2934 156
2940 33
2941 196
2943 494
2945 350
2947 382
2951 443
2952 86
2956 58
2959 392
2962 310
2964 177
2965 469
2971 234
2972 253
2973 144
2976 120
2987 74
2989 22
2990 101
2995 53
2999 112
3000 218
3001 218
3002 173
3003 182
3004 83
3005 469
3006 469
3008 478
3011 110
3012 460
3013 406
3014 406
3015 23
3016 472
3017 472
3024 167
3027 68
3029 454
3035 134
3038 340
3041 439
3042 439
3045 385
3053 253
3061 211
3062 211
3070 489
3071 238
3072 492
3077 420
3078 420
3082 465
3101 109
3105 396
3106 396
3107 405
3117 58
3118 58
3119 58
3120 408
3121 94
3122 94
3123 300
3124 300
3127 4
3128 4
3129 13
3130 453
3131 453
3132 453
3133 157
3134 157
3135 31
3139 276
3140 276
3141 276
3144 330
3145 330
3146 321
3152 279
3153 28
3155 174
3156 174
3157 147
3158 156
3160 452
3161 503
3162 503
3163 503
3165 291
3174 87
3175 87
3180 105
3185 231
3190 386
3191 386
3192 386
3193 45
3196 341
3197 341
3198 341
3202 467
3207 440
3210 36
3211 449
3212 449
3216 344
3220 102
3226 329
3227 275
3228 275
3229 179
3230 179
3233 170
3234 170
3237 287
3238 287
3241 233
3242 233
3245 305
3249 209
3250 182
3253 469
3254 469
3255 478
3257 164
3258 164
3263 415
3265 23
3269 185
3270 185
3275 68
3279 403
3281 349
3282 26
3284 26
3291 116
3296 71
3299 388
3301 74
3302 379
3304 226
3305 253
3306 253
3310 65
3315 184
3318 211
3321 274
3325 438
3328 115
3329 115
3330 196
3332 369
3333 369
3339 91
3340 91
3345 405
3346 360
3348 58
3349 58
3351 336
3352 121
3353 121
3355 31
3357 70
3358 276
3360 276
3362 330
3363 330
3364 321
3375 351
3376 28
3378 282
3380 228
3381 228
3389 482
3390 482
3392 446
3393 455
3394 455
3396 123
3397 195
3398 401
3399 491
3414 449
3415 449
3417 350
3419 323
3420 389
3423 344
3424 353
3426 102
3427 326
3442 33
3443 33
3447 275
3448 275
3449 275
3453 493
3456 475
3459 287
3460 287
3467 92
3479 95
3480 95
3482 472
3489 86
3490 167
3496 382
3497 454
3498 454
3501 149
3502 53
3503 53
3504 376
3507 349
3508 358
3509 358
3514 116
3515 116
3522 298
3523 298
3524 298
3532 319
3540 483
3543 232
3544 438
3556 136
3557 109
3558 91
3559 91
3560 64
3567 58
3568 58
3569 58
3570 58
3571 408
3572 94
3573 94
3577 345
3579 363
3581 318
3582 88
3584 384
3585 384
3589 276
3592 25
3598 1
3600 28
3601 28
3604 147
3609 504
3610 503
3611 503
3612 291
3613 291
3614 291
3621 383
3623 473
3627 446
3628 105
3632 63
3638 494
3639 494
3643 18
3648 353
3651 102
3653 308
3658 356
3661 33
3662 33
3663 302
3665 275
3666 275
3667 275
3668 493
3669 179
3670 179
3672 242
3674 0
3678 92
3682 110
3683 406
3684 406
3685 236
3686 104
3687 104
3699 68
3700 68
3701 382
3705 340
3706 340
3714 56
3717 379
3718 253
3719 253
3721 316
3722 316
3726 175
3729 274
3731 274
3735 229
3737 250
3738 124
3743 169
3744 456
3753 109
3754 73
3755 486
3756 300
3760 336
3761 336
3762 345
3763 148
3765 22
3766 444
3767 318
3775 330
3777 366
3779 1
3780 1
3781 297
3789 156
3790 228
3791 228
3796 210
3797 210
3799 60
3801 87
3802 87
3803 473
3804 473
3807 105
3808 105
3810 204
3811 204
3812 231
3815 90
3817 45
3821 422
3826 144
3827 440
3828 440
3831 350
3832 18
3834 389
3841 344
3846 326
3847 326
3850 356
3851 230
3852 230
3863 493
3865 188
3866 188
3870 466
3873 242
3874 233
3875 233
3877 0
3878 0
3881 442
3886 478
3887 478
3888 164
3889 164
3895 128
3896 406
3897 406
3898 415
3899 23
3900 23
3901 95
3902 95
3903 104
3904 104
3910 427
3911 167
3912 50
3918 113
3919 113
3920 149
3923 349
3924 349
3925 430
3926 430
3927 26
3928 26
3929 26
3934 116
3935 116
3936 439
3937 439
3943 388
3944 74
3945 74
3946 298
3947 298
3948 298
3949 29
3950 29
3957 480
3958 175
3960 211
3961 211
3963 124
3966 169
3967 456
3968 456
3969 465
3970 369
3971 369
3981 450
3988 64
3989 64
3991 486
3995 139
4001 22
4002 22
4003 22
4004 444
4011 384
4012 384
4013 366
4014 321
4018 1
4019 1
4026 351
4027 19
4032 228
4033 443
4034 443
4038 186
4039 186
4041 87
4042 87
4045 482
4046 482
4050 150
4051 500
4052 473
4053 473
4054 159
4055 159
4061 401
4063 231
4064 90
4065 90
4066 386
4067 386
4068 386
4071 341
4072 341
4073 341
4081 440
4082 440
4083 440
4086 350
4087 18
4102 281
4105 407
4106 66
4107 66
4108 230
4109 230
4110 33
4112 33
4115 212
4116 311
4117 311
4119 493
4120 493
4123 287
4124 287
4127 305
4128 305
4129 0
4130 0
4131 0
4132 92
4133 209
4134 469
4135 469
4136 128
4137 128
4138 415
4139 23
4140 23
4141 472
4142 472
4143 427
4144 86
4145 50
4150 53
4151 53
4152 44
4153 44
4155 358
4156 358
4157 430
4158 430
4159 26
4160 26
4161 26
4163 331
4164 421
4167 286
4172 313
4173 289
4174 289
4175 316
4176 316
4177 65
4178 65
4180 319
4181 319
4186 480
4187 175
4192 229
4193 202
4194 310
4196 492
4197 250
4198 250
4199 232
4205 115
4206 115
4220 450
4223 396
4224 396
4231 336
4232 336
4234 157
4235 157
4236 31
4237 318
4238 318
4240 97
4242 384
4243 384
4245 276
4246 276
4247 276
4248 276
4251 330
4252 330
4253 330
4254 366
4263 297
4265 174
4266 174
4270 228
4271 228
4272 228
4279 452
4281 60
4283 500
4284 473
4285 473
4286 105
4287 105
4288 455
4289 455
4290 455
4294 401
4309 368
4310 440
4311 440
4312 440
4313 36
4314 36
4315 323
4323 344
4324 344
4328 281
4343 212
4344 311
4345 311
4346 311
4349 493
4350 493
4351 179
4352 179
4357 305
4358 305
