0 499
1 299
3 464
4 440
5 133
6 460
7 265
12 427
13 353
14 150
15 449
16 261
17 80
18 415
21 419
22 249
23 449
24 455
26 83
28 312
30 442
31 252
32 58
34 100
35 75
36 405
37 296
39 444
40 233
43 277
44 79
46 194
51 453
52 278
53 70
56 109
61 43
63 381
66 107
67 228
69 373
70 275
71 99
72 159
73 218
74 107
75 245
81 395
84 429
86 254
87 348
89 90
90 380
93 31
94 259
95 33
97 263
98 98
99 382
100 205
105 364
106 172
107 100
108 409
109 208
110 23
111 445
117 93
118 197
119 25
121 247
123 368
124 169
126 399
127 199
128 79
129 330
132 360
133 171
135 408
141 361
142 443
143 485
144 394
146 1
148 245
149 66
150 357
152 478
153 398
154 221
157 248
160 219
161 489
162 400
163 190
167 52
169 178
171 389
172 192
176 187
177 353
179 477
180 279
182 11
186 345
187 183
188 479
189 250
192 341
193 136
194 42
196 395
200 8
204 370
205 173
210 334
212 62
214 174
216 26
219 335
220 153
223 164
224 419
225 194
227 398
228 325
229 52
233 495
235 127
236 30
237 339
239 474
242 490
247 148
249 279
252 308
253 121
254 473
256 141
257 454
258 308
259 167
263 421
265 137
266 473
267 283
268 421
270 307
271 131
272 422
275 334
277 158
278 490
281 440
287 488
288 272
294 271
295 92
296 496
298 111
300 231
301 138
302 464
303 272
305 498
306 295
308 436
309 277
310 334
313 101
318 259
323 275
324 304
325 122
328 151
331 419
332 377
333 298
334 334
339 286
340 87
341 387
345 241
347 458
349 11
351 463
353 426
356 450
360 92
361 123
363 250
365 472
366 287
367 71
369 187
371 443
380 437
384 276
385 102
386 335
391 36
392 355
393 267
394 69
396 213
397 108
398 446
399 224
400 55
401 371
404 379
405 215
407 446
409 44
415 455
418 45
419 460
420 175
421 88
422 388
423 463
424 296
429 192
430 82
435 251
441 131
445 34
446 362
447 170
448 93
452 332
458 410
461 327
464 356
465 499
468 198
470 30
472 37
473 358
474 159
480 139
481 62
482 261
484 483
486 219
489 123
491 375
493 476
497 321
499 50
504 493
505 37
509 138
510 368
511 383
513 392
515 138
517 302
519 101
520 141
521 121
524 348
526 87
527 497
528 485
530 392
531 267
532 194
533 381
538 99
541 426
542 14
543 330
546 265
551 307
553 265
555 72
556 159
559 394
561 148
562 409
565 252
566 475
567 360
568 394
571 479
572 440
573 422
576 457
579 80
582 348
583 72
589 445
590 276
592 131
593 87
594 82
596 339
597 135
599 479
601 94
603 497
607 36
609 298
610 141
613 159
614 186
616 287
618 136
619 361
620 34
621 94
624 272
626 409
627 48
629 360
633 70
634 394
638 169
641 161
642 37
644 82
645 480
649 295
651 90
657 358
659 107
661 192
662 148
663 75
664 196
666 275
671 207
672 8
673 472
676 151
684 170
685 222
686 184
688 297
689 343
696 80
698 48
700 392
702 405
705 36
707 295
709 205
711 37
712 421
713 66
715 100
716 457
717 55
719 90
720 325
723 42
726 457
728 298
729 23
730 82
732 99
734 36
736 249
739 123
740 102
742 345
743 170
745 388
746 450
747 69
748 140
749 291
750 302
755 358
756 198
757 484
758 174
759 453
760 410
761 357
764 427
771 3
772 157
774 272
776 72
777 107
779 26
780 414
781 82
784 221
786 70
787 445
788 190
789 276
792 181
795 373
796 170
798 125
800 298
801 490
802 474
804 497
805 161
806 205
807 199
810 171
811 157
812 70
813 414
814 490
815 287
816 343
817 190
818 5
819 400
821 90
822 332
823 473
824 208
825 360
826 343
833 328
836 137
837 1
838 100
840 261
841 272
842 394
846 133
847 140
848 405
849 69
851 3
855 248
856 93
857 259
859 34
860 221
861 375
862 48
863 228
871 443
872 218
874 353
875 175
876 370
878 30
879 437
880 37
882 249
883 480
884 455
885 414
886 334
887 472
889 277
891 121
893 392
898 192
899 138
900 395
903 138
906 58
913 383
914 207
919 44
922 298
924 345
925 491
929 123
931 424
932 75
933 357
934 137
936 221
940 343
943 172
945 328
949 121
950 34
951 218
952 151
953 101
954 409
955 464
959 480
960 181
961 138
962 186
965 109
966 5
970 108
973 286
975 358
978 161
979 276
980 328
981 3
985 221
987 164
988 370
990 140
991 199
992 218
993 478
997 164
998 298
1002 336
1005 161
1007 302
1008 453
1010 33
1015 389
1016 364
1018 170
1020 55
1021 82
1022 252
1024 424
1026 392
1028 414
1029 159
1030 125
1032 122
1033 326
1035 3
1038 174
1041 164
1042 443
1049 325
1050 30
1051 133
1052 28
1053 196
1055 93
1057 71
1058 36
1059 394
1060 248
1061 343
1062 150
1063 13
1064 355
1066 222
1070 321
1071 455
1075 491
1076 485
1077 426
1078 158
1079 149
1080 426
1083 327
1084 325
1085 148
1088 493
1089 150
1091 137
1093 45
1096 93
1097 26
1098 453
1099 277
1100 184
1101 332
1104 339
1107 249
1108 58
1109 35
1110 88
1112 121
1116 453
1117 383
1118 410
1119 377
1121 332
1124 208
1127 171
1128 58
1129 228
1130 108
1131 326
1133 327
1134 288
1135 252
1137 170
1138 287
1140 383
1146 332
1149 186
1150 339
1152 23
1153 157
1155 199
1157 409
1159 137
1160 330
1172 138
1175 170
1178 485
1179 293
1180 400
1181 392
1182 221
1183 496
1189 275
1190 174
1192 275
1193 490
1194 405
1196 343
1200 30
1203 358
1205 472
1206 82
1207 153
1208 36
1209 247
1212 339
1213 326
1218 491
1219 454
1220 332
1222 291
1224 248
1225 107
1227 177
1229 80
1235 328
1236 479
1237 341
1239 455
1240 50
1241 94
1243 106
1244 121
1246 161
1252 82
1254 491
1256 291
1258 326
1266 474
1267 497
1269 150
1272 35
1273 474
1275 341
1276 141
1279 186
1285 400
1287 276
1288 382
1291 400
1292 184
1293 247
1297 409
1298 43
1299 138
1300 460
1304 36
1305 440
1306 35
1308 149
1310 472
1311 8
1313 275
1314 121
1316 82
1320 377
1321 497
1324 327
1325 42
1327 321
1328 58
1330 341
1333 419
1335 192
1337 405
1340 164
1342 37
1344 469
1346 400
1347 248
1348 380
1350 133
1351 414
1352 186
1354 28
1355 259
1356 293
1360 485
1362 28
1364 199
1366 436
1368 399
1370 464
1372 88
1374 341
1375 149
1378 288
1379 138
1380 87
1381 219
1383 138
1384 88
1386 207
1388 265
1390 198
1392 196
1394 82
1395 233
1396 424
1397 360
1398 474
1400 245
1404 33
1405 131
1408 377
1409 426
1410 35
1411 473
1413 455
1416 138
1417 302
1419 443
1420 186
1422 370
1425 198
1426 135
1428 410
1429 161
1430 358
1431 314
1435 107
1440 8
1441 26
1442 86
1444 71
1446 302
1448 194
1451 25
1452 30
1453 478
1454 497
1456 219
1458 5
1459 414
1464 377
1465 283
1466 94
1468 30
1469 498
1470 172
1471 58
1472 101
1474 55
1478 490
1480 177
1486 265
1487 26
1488 123
1490 421
1491 497
1492 221
1493 66
1494 5
1495 215
1499 102
1504 14
1505 364
1508 444
1516 192
1517 254
1522 149
1523 101
1524 37
1526 72
1527 70
1528 199
1529 136
1531 449
1532 141
1534 405
1536 109
1537 42
1538 58
1539 321
1541 149
1545 177
1546 453
1548 328
1553 400
1554 362
1555 196
1558 457
1559 276
1560 304
1563 133
1564 336
1567 122
1568 133
1569 82
1570 123
1572 228
1573 249
1574 304
1577 245
1578 28
1579 111
1580 82
1583 287
1584 207
1587 371
1588 55
1589 72
1590 250
1592 414
1593 221
1601 335
1602 205
1603 341
1607 335
1609 426
1611 245
1616 55
1619 183
1620 478
1621 454
1624 265
1626 332
1627 478
1628 341
1630 75
1634 398
1636 339
1637 194
1639 427
1642 82
1643 443
1644 328
1645 336
1651 172
1653 453
1654 443
1656 358
1658 31
1659 184
1660 228
1661 8
1664 275
1665 496
1666 414
1668 122
1669 328
1670 490
1681 173
1683 28
1688 424
1690 450
1691 199
1695 190
1699 164
1703 133
1705 325
1706 215
1710 30
1716 66
1722 387
1723 138
1724 221
1726 335
1729 43
1730 394
1731 102
1732 377
1735 297
1737 330
1739 140
1740 70
1743 400
1745 26
1746 55
1747 186
1748 394
1750 62
1754 233
1755 298
1758 400
1759 472
1762 399
1764 98
1769 392
1771 3
1772 42
1774 245
1780 293
1781 286
1785 43
1787 228
1789 453
1792 35
1793 361
1796 426
1797 332
1799 3
1803 254
1805 473
1806 149
1807 48
1809 364
1810 453
1811 302
1813 247
1815 90
1818 429
1819 215
1821 295
1828 140
1829 387
1830 157
1832 184
1837 370
1842 377
1843 276
1844 449
1848 172
1849 50
1850 208
1851 343
1855 283
1856 307
1857 122
1861 140
1863 196
1865 419
1866 108
1867 94
1868 42
1869 328
1873 457
1874 122
1876 177
1877 247
1879 184
1880 153
1881 62
1882 414
1887 449
1889 389
1891 79
1892 307
1897 43
1898 14
1899 469
1901 449
1902 443
1903 192
1906 330
1907 469
1909 490
1911 493
1915 79
1917 288
1918 283
1919 400
1920 330
1922 426
1924 263
1930 207
1933 197
1934 477
1935 177
1941 205
1945 276
1948 495
1950 479
1951 102
1954 79
1957 469
1959 491
1960 80
1964 221
1968 326
1969 485
1970 436
1971 446
1972 291
1975 159
1979 491
1981 135
1985 440
1986 83
1987 302
1988 357
1990 392
1991 222
1993 408
1994 491
1996 336
1998 291
2002 437
2004 414
2005 161
2009 440
2012 245
2013 332
2014 426
2018 475
2019 72
2022 491
2024 190
2025 71
2028 381
2029 307
2031 298
2034 157
2038 35
2039 161
2044 409
2046 419
2048 341
2049 14
2050 186
2051 218
2052 475
2053 296
2054 302
2056 181
2060 159
2062 87
2063 381
2064 184
2067 25
2069 107
2070 79
2071 1
2072 394
2073 370
2075 475
2076 449
2077 1
2079 477
2080 398
2084 263
2085 1
2086 276
2087 400
2088 275
2091 205
2094 249
2096 13
2098 8
2099 383
2100 493
2106 443
2109 341
2113 218
2114 480
2115 410
2118 172
2120 75
2128 335
2130 497
2132 457
2134 479
2139 288
2142 453
2147 387
2148 122
2150 131
2152 98
2153 224
2154 254
2155 233
2159 395
2166 159
2169 137
2170 228
2175 69
2176 353
2180 357
2183 272
2185 187
2186 491
2188 26
2189 8
2190 174
2191 159
2192 288
2193 265
2200 263
2202 14
2203 332
2204 173
2205 172
2206 276
2207 490
2208 490
2210 302
2212 131
2214 215
2215 250
2219 174
2220 424
2222 248
2224 291
2225 444
2226 291
2227 296
2228 44
2230 30
2231 265
2233 298
2234 389
2235 327
2236 135
2243 485
2245 108
2246 278
2248 454
2249 477
2252 181
2256 127
2258 139
2259 426
2260 33
2261 34
2265 463
2266 421
2271 449
2272 339
2275 224
2277 472
2278 138
2279 139
2281 13
2283 293
2286 469
2291 478
2294 495
2296 133
2299 192
2300 335
2302 194
2304 414
2306 205
2308 196
2311 58
2312 11
2313 405
2314 341
2316 409
2317 72
2318 442
2321 82
2322 151
2324 422
2325 312
2327 153
2328 72
2338 339
2339 35
2340 196
2346 348
2349 35
2352 295
2353 45
2354 464
2356 205
2362 394
2365 476
2371 458
2372 454
2373 23
2374 410
2378 199
2379 251
2380 75
2381 3
2382 395
2385 497
2386 288
2390 70
2392 364
2394 472
2395 414
2396 44
2399 446
2401 414
2407 221
2410 1
2411 164
2412 83
2413 127
2415 111
2417 174
2421 87
2425 484
2429 287
2430 335
2435 382
2437 490
2438 364
2439 72
2440 265
2441 250
2443 137
2450 375
2451 491
2452 164
2453 186
2454 228
2455 33
2460 135
2461 400
2464 52
2465 343
2468 44
2469 133
2472 483
2474 419
2475 473
2476 440
2481 477
2486 453
2493 139
2497 107
2499 473
2500 36
2501 72
2508 426
2510 90
2511 353
2515 446
2516 215
2518 157
2521 291
2522 205
2524 286
2525 79
2526 55
2527 108
2531 233
2533 140
2539 136
2542 169
2546 149
2548 140
2549 275
2551 98
2552 26
2555 458
2557 485
2558 135
2560 304
2563 90
2566 138
2567 173
2569 298
2570 208
2571 26
2573 30
2575 272
2579 444
2580 35
2581 429
2583 479
2585 427
2586 330
2587 157
2588 58
2591 221
2592 175
2593 79
2595 98
2597 233
2600 186
2602 395
2603 360
2604 395
2605 170
2606 408
2607 497
2610 36
2611 82
2612 31
2615 111
2616 26
2617 198
2619 122
2621 355
2622 233
2623 75
2624 388
2626 14
2627 286
2631 387
2633 26
2634 148
2637 44
2644 394
2645 495
2655 410
2659 133
2664 137
2665 249
2667 123
2668 149
2670 261
2673 58
2675 307
2677 170
2681 183
2682 455
2684 472
2690 375
2691 475
2695 297
2696 330
2698 86
2700 480
2701 34
2702 131
2705 37
2712 355
2715 298
2716 139
2718 283
2719 424
2723 345
2724 276
2725 174
2728 123
2731 288
2732 364
2734 149
2737 252
2743 107
2744 276
2747 442
2748 355
2750 304
2755 3
2756 498
2757 460
2759 414
2760 92
2761 161
2762 341
2765 491
2766 172
2767 381
2773 455
2776 66
2778 398
2781 92
2782 159
2788 440
2790 440
2791 177
2792 106
2793 399
2796 250
2798 208
2799 161
2801 86
2804 33
2811 278
2815 66
2817 23
2818 419
2819 472
2820 275
2821 440
2823 414
2825 336
2826 288
2828 479
2833 100
2840 171
2843 34
2844 358
2850 348
2851 44
2853 383
2856 25
2859 136
2860 341
2864 135
2865 98
2870 334
2871 453
2873 109
2874 283
2879 455
2880 98
2881 94
2883 30
2884 476
2885 8
2886 87
2891 276
2895 90
2896 400
2898 477
2899 94
2902 491
2903 102
2905 426
2907 190
2908 233
2909 87
2910 121
2911 35
2914 233
2917 308
2918 291
2920 71
2922 389
2924 343
2930 215
2936 122
2937 254
2940 33
2941 196
2946 488
2947 382
2949 276
2950 410
2951 443
2952 86
2955 106
2956 58
2957 122
2959 392
2964 177
2965 469
2968 122
2970 334
2977 30
2978 133
2980 249
2981 83
2984 159
2988 387
2990 101
2994 3
2998 252
