1 299
4 440
5 133
6 460
7 265
8 77
9 413
11 104
14 150
16 261
18 415
20 124
24 455
25 285
28 312
30 442
32 58
33 81
36 405
37 296
38 115
39 444
40 233
42 452
43 277
45 384
47 301
50 53
52 278
53 70
54 386
58 226
59 56
61 43
62 144
65 130
66 107
68 60
69 373
73 218
74 107
75 245
76 256
77 46
80 89
83 15
84 429
85 225
86 254
88 270
90 380
95 33
96 350
97 263
98 98
99 382
100 205
102 432
104 413
106 172
109 208
110 23
114 367
119 25
123 368
124 169
125 84
127 199
129 330
130 238
131 38
133 171
136 200
137 0
142 443
143 485
144 394
145 220
148 245
150 357
151 163
152 478
160 219
161 489
162 400
163 190
164 467
166 147
171 389
172 192
173 9
175 201
176 187
178 179
181 189
185 49
187 183
188 479
191 12
192 341
193 136
194 42
195 369
197 492
200 8
201 342
202 155
203 466
204 370
207 301
208 202
211 143
212 62
215 206
226 120
230 451
234 313
235 127
236 30
242 490
244 119
246 340
250 165
257 454
259 167
260 53
261 465
262 110
265 137
269 481
274 301
276 280
278 490
280 132
281 440
283 144
285 282
287 488
290 441
291 451
293 471
294 271
295 92
301 138
305 498
306 295
309 277
314 256
317 425
319 134
325 122
326 340
328 151
336 239
337 142
342 300
343 114
344 423
347 458
350 412
351 463
352 117
353 426
354 234
356 450
358 81
362 418
367 71
368 403
369 187
370 112
371 443
374 459
378 217
380 437
381 232
383 354
384 276
385 102
387 193
391 36
393 267
397 108
401 371
402 269
404 379
405 215
406 27
410 39
411 274
412 97
415 455
417 217
419 460
420 175
421 88
422 388
423 463
424 296
427 39
429 192
431 378
433 4
436 32
437 117
438 168
445 34
448 93
450 206
451 22
456 180
460 24
462 246
467 226
470 30
471 237
472 37
477 191
479 331
480 139
481 62
482 261
484 483
486 219
487 29
488 319
490 32
493 476
494 396
497 321
500 369
501 154
503 104
505 37
507 0
508 384
509 138
510 368
513 392
514 84
516 432
518 459
522 378
523 300
527 497
528 485
529 49
530 392
531 267
539 226
540 372
541 426
543 330
544 165
545 120
547 9
548 67
550 114
551 307
552 481
558 274
559 394
560 239
566 475
568 394
569 32
571 479
572 440
574 372
575 346
577 300
581 441
584 168
585 451
586 470
590 276
591 165
598 32
602 342
604 29
606 76
607 36
608 74
615 202
620 34
622 451
623 189
625 239
628 47
632 53
633 70
634 394
635 78
637 179
638 169
639 0
642 37
649 295
650 77
655 378
656 49
659 107
660 191
661 192
664 196
665 431
670 49
671 207
672 8
674 319
675 29
676 151
677 114
680 225
681 15
682 258
686 184
688 297
693 369
694 372
699 15
700 392
705 36
706 396
707 295
709 205
721 32
723 42
729 23
734 36
735 206
738 431
740 102
741 77
744 67
745 388
746 450
751 229
753 448
754 354
756 198
761 357
768 378
772 157
775 258
777 107
778 342
780 414
782 104
783 418
786 70
788 190
789 276
791 29
794 467
795 373
801 490
804 497
806 205
807 199
810 171
812 70
813 414
814 490
817 190
819 400
824 208
827 378
832 441
833 328
834 143
836 137
839 47
840 261
842 394
843 313
844 112
845 319
846 133
848 405
850 466
852 367
854 179
856 93
858 432
859 34
866 130
868 27
869 112
870 132
871 443
872 218
873 189
875 175
876 370
877 342
878 30
879 437
880 37
884 455
885 414
888 226
889 277
892 369
893 392
894 168
896 378
897 179
899 138
901 188
903 138
904 300
905 78
906 58
908 104
910 78
914 207
915 156
916 143
918 448
925 491
927 120
931 424
933 357
934 137
935 423
939 22
943 172
945 328
948 112
950 34
951 218
952 151
956 49
961 138
967 425
969 432
970 108
976 120
980 328
982 134
983 200
984 38
986 104
988 370
989 386
991 199
992 218
993 478
1003 152
1010 33
1011 165
1012 77
1013 130
1014 342
1015 389
1023 200
1024 424
1025 27
1026 392
1027 74
1028 414
1031 4
1032 122
1033 326
1036 168
1042 443
1045 281
1046 132
1048 238
1050 30
1052 28
1053 196
1055 93
1059 394
1062 150
1067 74
1068 188
1070 321
1071 455
1074 0
1075 491
1076 485
1077 426
1080 426
1081 337
1089 150
1091 137
1095 470
1096 93
1099 277
1100 184
1102 22
1103 201
1105 448
1108 58
1109 35
1110 88
1111 67
1113 201
1114 154
1124 208
1126 130
1128 58
1130 108
1131 326
1139 418
1142 9
1144 115
1145 29
1148 337
1151 274
1152 23
1153 157
1155 199
1159 137
1160 330
1161 74
1169 77
1170 24
1172 138
1174 188
1177 180
1178 485
1179 293
1180 400
1181 392
1186 156
1187 89
1188 188
1193 490
1194 405
1200 30
1204 29
1208 36
1213 326
1218 491
1219 454
1225 107
1227 177
1228 168
1230 225
1231 452
1235 328
1236 479
1237 341
1239 455
1242 274
1243 106
1249 337
1250 119
1251 118
1254 491
1257 81
1258 326
1264 378
1267 497
1269 150
1272 35
1275 341
1277 15
1284 112
1285 400
1287 276
1291 400
1292 184
1295 9
1296 104
1298 43
1299 138
1300 460
1301 337
1303 152
1304 36
1305 440
1306 35
1307 386
1311 8
1317 206
1319 386
1321 497
1323 180
1325 42
1326 468
1327 321
1328 58
1330 341
1335 192
1338 220
1341 168
1342 37
1343 0
1344 469
1346 400
1348 380
1350 133
1351 414
1354 28
1356 293
1360 485
1362 28
1363 76
1364 199
1367 242
1369 378
1372 88
1374 341
1377 281
1379 138
1381 219
1382 154
1383 138
1384 88
1385 337
1386 207
1387 448
1388 265
1390 198
1392 196
1395 233
1396 424
1400 245
1402 448
1403 342
1404 33
1407 367
1409 426
1410 35
1412 132
1413 455
1414 76
1415 280
1416 138
1419 443
1421 201
1422 370
1423 180
1425 198
1427 22
1431 314
1432 363
1437 47
1438 203
1440 8
1443 81
1444 71
1445 47
1447 367
1449 188
1451 25
1453 478
1456 219
1457 238
1459 414
1462 130
1463 232
1467 403
1468 30
1469 498
1470 172
1471 58
1475 411
1476 411
1478 490
1480 177
1485 201
1486 265
1489 206
1491 497
1495 215
1496 384
1497 280
1498 220
1499 102
1500 269
1503 119
1508 444
1509 396
1510 331
1515 4
1516 192
1517 254
1518 200
1524 37
1525 232
1528 199
1529 136
1530 354
1533 239
1534 405
1535 142
1537 42
1538 58
1540 274
1542 378
1544 114
1545 177
1547 38
1548 328
1551 49
1552 56
1553 400
1555 196
1559 276
1561 418
1562 331
1563 133
1567 122
1568 133
1577 245
1578 28
1584 207
1587 371
1592 414
1594 386
1597 226
1598 468
1599 132
1600 134
1602 205
1604 81
1608 418
1609 426
1610 154
1614 280
1619 183
1620 478
1621 454
1624 265
1625 282
1627 478
1628 341
1631 468
1632 130
1640 425
1643 443
1644 328
1647 342
1650 154
1651 172
1652 97
1654 443
1655 300
1657 386
1659 184
1661 8
1662 188
1663 378
1666 414
1667 89
1668 122
1669 328
1670 490
1671 15
1673 154
1678 163
1681 173
1682 441
1685 256
1688 424
1690 450
1691 199
1695 190
1698 340
1702 274
1704 165
1706 215
1711 114
1713 53
1715 342
1717 97
1718 110
1720 481
1722 387
1723 138
1728 27
1729 43
1730 394
1735 297
1737 330
1740 70
1741 234
1743 400
1744 441
1748 394
1750 62
1753 12
1754 233
1756 441
1757 337
1758 400
1760 432
1764 98
1767 97
1769 392
1772 42
1773 203
1774 245
1775 155
1776 77
1778 119
1779 119
1780 293
1784 203
1785 43
1788 201
1790 378
1792 35
1794 274
1796 426
1798 29
1802 274
1803 254
1804 47
1816 134
1817 369
1818 429
1819 215
1820 134
1824 470
1829 387
1831 104
1832 184
1833 448
1834 280
1837 370
1838 201
1840 168
1843 276
1847 412
1848 172
1850 208
1852 432
1853 396
1856 307
1857 122
1862 147
1863 196
1864 180
1866 108
1868 42
1869 328
1870 119
1871 258
1874 122
1875 403
1876 177
1879 184
1881 62
1882 414
1886 22
1889 389
1890 112
1892 307
1893 386
1895 470
1897 43
1899 469
1900 49
1902 443
1904 401
1906 330
1907 469
1913 24
1914 459
1916 53
1919 400
1922 426
1924 263
1925 76
1929 256
1930 207
1931 73
1937 239
1940 378
1941 205
1942 191
1946 492
1949 258
1950 479
1951 102
1956 396
1957 469
1959 491
1968 326
1969 485
1974 163
1977 401
1978 459
1979 491
1980 350
1982 130
1983 471
1984 451
1985 440
1989 369
1990 392
1994 491
1995 168
1997 413
1999 226
2000 217
2002 437
2003 471
2004 414
2006 282
2009 440
2010 363
2012 245
2014 426
2015 412
2016 270
2020 396
2021 467
2022 491
2024 190
2025 71
2027 432
2029 307
2030 200
2032 47
2033 81
2035 346
2038 35
2040 242
2041 384
2042 471
2045 471
2051 218
2053 296
2055 114
2057 492
2059 114
2061 274
2064 184
2067 25
2072 394
2073 370
2075 475
2081 179
2084 263
2086 276
2087 400
2090 12
2091 205
2093 423
2097 313
2098 8
2101 180
2106 443
2107 239
2109 341
2110 56
2111 281
2113 218
2116 492
2118 172
2119 168
2121 38
2122 441
2123 280
2124 342
2126 301
2127 60
2130 497
2131 470
2134 479
2136 459
2141 413
2143 120
2145 120
2147 387
2148 122
2149 191
2152 98
2153 224
2154 254
2155 233
2156 319
2157 337
2158 89
2161 386
2167 0
2168 152
2169 137
2173 114
2182 239
2185 187
2186 491
2187 340
2189 8
2193 265
2194 200
2197 78
2198 448
2200 263
2204 173
2205 172
2206 276
2207 490
2211 143
2214 215
2220 424
2221 115
2227 296
2229 115
2231 265
2234 389
2239 412
2241 152
2244 22
2245 108
2246 278
2247 154
2248 454
2251 232
2256 127
2257 110
2258 139
2259 426
2260 33
2261 34
2262 155
2265 463
2267 313
2275 224
2278 138
2279 139
2283 293
2285 115
2286 469
2287 115
2290 112
2291 478
2292 239
2293 155
2298 217
2299 192
2304 414
2306 205
2308 196
2309 466
2311 58
2314 341
2318 442
2319 206
2323 163
2325 312
2329 280
2330 432
2337 168
2339 35
2340 196
2341 0
2343 73
2349 35
2355 386
2356 205
2358 258
2360 369
2362 394
2364 217
2365 476
2367 242
2368 0
2370 39
2371 458
2372 454
2373 23
2377 217
2378 199
2385 497
2388 117
2389 285
2390 70
2395 414
2397 15
2398 423
2400 200
2401 414
2403 459
2409 217
2413 127
2414 124
2418 300
2427 27
2428 451
2431 168
2434 4
2435 382
2440 265
2442 112
2443 137
2445 0
2446 200
2449 367
2451 491
2455 33
2457 147
2461 400
2463 53
2467 46
2470 256
2471 124
2472 483
2473 27
2476 440
2480 15
2482 378
2484 384
2485 114
2488 432
2490 274
2491 229
2493 139
2496 27
2498 471
2502 32
2505 465
2506 237
2508 426
2512 313
2514 369
2516 215
2518 157
2520 226
2522 205
2528 319
2531 233
2535 15
2537 144
2539 136
2541 470
2542 169
2551 98
2556 112
2557 485
2561 201
2567 173
2568 9
2570 208
2576 39
2579 444
2580 35
2583 479
2586 330
2587 157
2588 58
2589 285
2590 47
2592 175
2595 98
2597 233
2598 200
2599 367
2607 497
2610 36
2617 198
2619 122
2622 233
2624 388
2625 97
2628 32
2631 387
2632 237
2635 24
2636 258
2638 155
2639 200
2640 118
2642 168
2644 394
2648 441
2650 451
2661 134
2664 137
2666 431
2670 261
2671 386
2673 58
2674 386
2680 132
2681 183
2682 455
2688 142
2691 475
2693 239
2694 411
2695 297
2701 34
2704 384
2705 37
2707 27
2711 76
2716 139
2719 424
2720 147
2721 280
2724 276
2738 412
2741 32
2742 104
2743 107
2744 276
2747 442
2751 220
2752 386
2753 401
2756 498
2759 414
2760 92
2762 341
2765 491
2768 448
2769 331
2773 455
2775 22
2777 47
2779 237
2781 92
2785 191
2786 24
2787 39
2788 440
2791 177
2792 106
2794 470
2798 208
2804 33
2811 278
2812 89
2816 179
2817 23
2821 440
2822 346
2823 414
2831 56
2832 342
2834 217
2840 171
2842 56
2843 34
2847 84
2854 24
2856 25
2858 246
2859 136
2861 27
2867 282
2869 12
2875 134
2878 470
2879 455
2880 98
2882 340
2883 30
2884 476
2885 8
2888 22
2890 242
2892 354
2894 200
2896 400
2902 491
2905 426
2906 39
2908 233
2911 35
2912 423
2914 233
2916 432
2920 71
2921 15
2922 389
2923 234
2925 418
2927 470
2928 112
2930 215
2931 77
2934 156
2936 122
2937 254
2938 189
2940 33
2941 196
2945 350
2946 488
2947 382
2949 276
2951 443
2955 106
2956 58
2957 122
2959 392
2964 177
2965 469
2968 122
2971 234
2973 144
2974 270
2975 114
2976 120
2986 154
2987 74
2988 387
2989 22
2995 53
2997 118
2999 112
3000 218
3001 218
3002 173
3005 469
3006 469
3007 478
3008 478
3009 451
3010 451
3011 110
3012 460
3015 23
3022 418
3023 418
3024 167
3028 481
3029 454
3031 367
3032 367
3033 62
3035 134
3038 340
3039 89
3040 295
3043 412
3044 412
3048 307
3051 38
3068 328
3069 328
3070 489
3071 238
3072 492
3076 133
3079 429
3082 465
3085 441
3086 441
3087 172
3088 172
3090 459
3091 432
3092 432
3094 118
3095 127
3096 414
3097 414
3098 414
3099 423
3100 423
3105 396
3106 396
3107 405
3111 73
3114 426
3115 426
3116 426
3117 58
3118 58
3119 58
3123 300
3124 300
3127 4
3128 4
3133 157
3134 157
3136 312
3139 276
3140 276
3141 276
3144 330
3145 330
3146 321
3147 225
3148 342
3149 342
3153 28
3154 234
3157 147
3158 156
3160 452
3161 138
3162 138
3163 138
3166 237
3167 192
3168 192
3169 201
3170 201
3171 201
3178 150
3182 401
3190 386
3191 386
3192 386
3196 341
3197 341
3198 341
3202 467
3207 440
3209 36
3210 36
3218 12
3219 93
3220 102
3229 179
3230 179
3231 152
3235 215
3236 215
3240 224
3241 233
3242 233
3243 296
3251 191
3252 254
3253 469
3254 469
3255 478
3256 478
3259 245
3260 245
3261 119
3262 119
3263 415
3265 23
3272 400
3273 400
3274 400
3277 367
3278 367
3279 403
3286 295
3287 448
3288 448
3292 412
3293 412
3294 98
3295 98
3296 71
3299 388
3301 74
3302 379
3303 226
3304 226
3312 280
3314 184
3315 184
3316 256
3321 274
3324 151
3328 115
3329 115
3330 196
3331 196
3332 369
3333 369
3335 163
3338 46
3341 190
3345 405
3348 58
3349 58
3356 70
3357 70
3358 276
3360 276
3361 267
3362 330
3363 330
3364 321
3365 189
3368 342
3369 342
3370 342
3371 207
3374 198
3376 28
3377 261
3378 282
3379 488
3382 443
3383 443
3384 165
3385 237
3393 455
3394 455
3398 401
3399 491
3407 485
3408 485
3409 81
3410 81
3416 458
3417 350
3418 9
3420 389
3425 12
3426 102
3427 326
3431 39
3432 39
3433 42
3434 42
3439 24
3442 33
3443 33
3456 475
3457 215
3463 206
3464 206
3465 296
3466 278
3467 92
3468 191
3469 191
3470 254
3471 254
3472 424
3473 424
3474 245
3475 245
3476 451
3477 451
3484 122
3485 122
3486 122
3490 167
3491 400
3492 400
3493 400
3494 400
3496 382
3497 454
3498 454
3502 53
3503 53
3505 8
3506 8
3516 98
3517 98
3518 307
3519 56
3525 38
3529 271
3530 280
3531 280
3532 319
3533 193
3534 301
3535 498
3536 328
3537 328
3538 220
3539 277
3540 483
3541 151
3543 232
3548 429
3553 432
3554 432
3555 432
3556 136
3561 378
3562 378
3563 378
3564 426
3565 426
3566 426
3567 58
3568 58
3569 58
3570 58
3575 354
3578 372
3579 363
3582 88
3584 384
3585 384
3586 276
3587 276
3588 276
3589 276
3590 258
3591 258
3592 25
3597 225
3600 28
3601 28
3604 147
3605 497
3606 497
3607 183
3609 138
3610 138
3611 138
3615 237
3616 237
3624 132
3625 132
3634 485
3635 485
3636 81
3637 81
3641 117
3646 263
3649 93
3650 102
3651 102
3652 299
3656 39
3657 39
3659 42
3660 42
3661 33
3662 33
3669 179
3670 179
3672 242
3674 0
3675 0
