2 126
4 440
7 265
9 413
10 292
12 427
14 150
15 449
18 415
19 311
20 124
22 249
23 449
24 455
26 83
28 312
31 252
33 81
35 75
36 405
38 115
40 233
41 59
42 452
43 277
46 194
49 236
53 70
57 420
58 226
60 344
61 43
64 216
65 130
66 107
67 228
68 60
76 256
77 46
79 268
80 89
81 395
83 15
88 270
91 211
93 31
97 502
98 98
99 382
101 7
102 432
104 413
105 364
108 409
112 257
114 367
115 182
119 25
123 368
124 169
125 84
127 199
129 330
137 0
138 333
139 230
146 1
150 357
151 163
154 221
156 323
157 248
159 359
161 489
162 400
164 467
165 338
168 352
170 329
172 192
173 9
176 187
178 179
181 189
182 11
183 322
184 310
185 49
187 183
189 250
190 212
192 341
193 136
194 42
196 395
198 306
199 210
202 155
203 466
204 370
206 494
209 10
210 502
212 62
213 116
214 174
215 206
218 2
220 153
222 347
223 164
225 194
228 325
233 495
234 313
237 339
239 474
240 289
244 119
245 21
248 462
252 308
254 473
258 308
259 167
263 421
266 473
267 283
268 421
269 481
272 422
273 68
275 502
276 280
281 440
282 317
284 317
286 204
292 145
300 231
305 498
309 277
310 502
312 264
313 101
314 256
315 316
317 425
319 134
320 338
322 103
324 304
327 260
333 298
334 502
335 435
337 142
338 230
340 87
343 114
347 458
349 11
352 117
353 426
354 234
355 68
356 450
358 81
361 123
363 250
364 59
365 472
366 287
369 187
370 112
377 390
378 217
379 116
381 232
383 354
384 276
391 36
394 69
395 385
400 55
402 269
404 379
410 39
411 274
412 97
414 204
415 455
417 217
418 45
421 88
427 39
428 366
429 192
432 289
433 4
434 430
436 32
437 117
438 168
439 96
440 404
447 170
448 93
449 407
451 22
453 244
462 246
466 487
467 226
472 37
473 358
477 191
478 19
481 62
488 319
490 32
493 476
497 321
498 146
499 50
504 493
507 0
509 503
510 368
512 204
513 392
514 84
516 432
525 315
527 497
529 49
530 392
532 194
533 381
534 260
536 435
539 226
541 426
543 330
547 9
548 67
550 114
551 307
552 481
554 311
555 72
558 274
562 409
563 344
565 252
569 32
570 268
572 440
573 422
575 346
576 457
583 72
584 168
588 311
590 276
593 87
596 339
597 135
600 317
601 94
606 76
607 36
609 298
616 287
617 96
621 94
623 189
626 409
628 47
630 2
633 70
635 78
637 179
638 169
639 0
640 434
641 161
642 37
647 257
656 49
657 358
658 244
659 107
660 191
661 192
663 75
664 196
665 431
669 212
670 49
673 472
674 319
677 114
678 420
680 225
681 15
683 494
684 170
685 222
691 260
692 260
695 417
699 15
700 392
701 322
705 36
712 421
714 338
716 457
717 55
720 325
721 32
723 42
725 268
726 457
728 298
734 36
736 249
738 431
739 123
743 170
744 67
747 69
749 291
751 229
752 145
753 448
754 354
755 358
758 174
761 357
763 230
764 427
765 289
766 7
771 3
776 72
780 414
784 221
786 70
789 276
794 467
796 170
798 125
800 298
802 474
803 126
804 497
805 161
807 199
808 404
812 70
813 414
815 287
819 400
823 473
828 404
829 210
835 311
837 1
839 47
843 313
844 112
845 319
846 133
848 405
849 69
850 466
851 3
852 367
853 434
854 179
855 248
856 93
858 432
860 221
861 375
863 228
864 292
865 10
866 130
869 112
873 189
876 370
880 37
882 249
884 455
886 502
887 472
888 226
889 277
893 392
894 168
897 179
899 503
900 395
903 503
910 78
911 494
915 156
917 146
918 448
921 462
922 298
923 209
925 491
930 257
931 424
932 75
933 357
936 221
937 430
938 456
939 22
941 2
942 430
944 126
946 54
948 112
953 101
956 49
961 503
965 109
967 425
969 432
974 240
975 358
977 96
978 161
981 3
982 134
987 164
988 370
994 315
996 211
997 164
998 298
1000 420
1002 336
1004 264
1005 161
1013 130
1016 364
1018 170
1019 68
1020 55
1022 252
1024 424
1026 392
1028 414
1030 125
1031 4
1034 347
1035 3
1036 168
1038 174
1039 68
1041 164
1045 281
1049 325
1053 196
1055 93
1060 248
1062 150
1065 145
1066 222
1070 321
1071 455
1074 0
1075 491
1077 426
1079 149
1080 426
1086 216
1088 493
1089 150
1093 45
1096 93
1099 277
1102 22
1104 339
1105 448
1107 249
1110 88
1111 67
1120 385
1122 316
1126 130
1129 228
1135 252
1138 287
1142 9
1144 115
1151 274
1154 236
1155 199
1156 417
1157 409
1160 330
1164 126
1166 6
1172 503
1175 170
1180 400
1181 392
1182 221
1186 156
1187 89
1190 174
1191 390
1194 405
1195 260
1197 316
1199 430
1203 358
1205 472
1207 153
1208 36
1212 339
1214 59
1215 2
1217 204
1218 491
1221 390
1222 291
1224 248
1225 107
1228 168
1230 225
1231 452
1237 341
1238 240
1239 455
1240 50
1241 94
1242 274
1243 106
1245 264
1247 306
1250 119
1251 118
1254 491
1256 291
1257 81
1259 487
1261 404
1265 390
1267 497
1268 145
1269 150
1273 474
1275 341
1277 15
1278 456
1284 112
1285 400
1287 276
1289 257
1290 322
1291 400
1298 43
1304 36
1305 440
1308 149
1309 240
1310 472
1312 322
1317 206
1321 497
1325 42
1326 468
1330 341
1331 257
1335 192
1340 164
1342 37
1343 0
1344 469
1346 400
1349 103
1351 414
1357 257
1359 310
1363 76
1364 199
1365 268
1371 289
1372 88
1373 435
1374 341
1376 216
1377 281
1379 503
1384 88
1387 448
1391 352
1392 196
1395 233
1396 424
1399 311
1402 448
1407 367
1409 426
1413 455
1414 76
1415 280
1424 240
1426 135
1427 22
1429 161
1430 358
1432 363
1436 487
1437 47
1439 145
1443 81
1445 47
1447 367
1448 194
1451 25
1459 414
1460 311
1462 130
1463 232
1465 283
1466 94
1467 403
1469 498
1472 101
1473 404
1474 55
1483 404
1486 265
1488 123
1489 206
1490 421
1491 497
1497 280
1500 269
1502 204
1503 119
1505 364
1507 359
1513 292
1515 4
1516 192
1522 149
1524 37
1525 232
1526 72
1528 199
1529 136
1530 354
1531 449
1534 405
1535 142
1536 109
1537 42
1540 274
1544 114
1551 49
1552 56
1553 400
1555 196
1558 457
1559 276
1560 304
1564 336
1568 133
1570 123
1571 338
1573 249
1574 304
1579 111
1581 420
1583 287
1586 333
1589 72
1590 250
1592 414
1593 221
1598 468
1600 134
1604 81
1609 426
1612 116
1614 280
1616 55
1619 183
1622 68
1624 265
1628 341
1630 75
1631 468
1632 130
1635 315
1637 194
1639 427
1640 425
1645 336
1652 97
1656 358
1658 31
1660 228
1666 414
1667 89
1671 15
1674 417
1678 163
1680 289
1681 173
1685 256
1687 10
1688 424
1689 420
1690 450
1691 199
1693 420
1697 268
1699 164
1702 274
1707 268
1709 462
1711 114
1712 311
1714 19
1717 97
1720 481
1722 387
1723 503
1724 221
1727 329
1729 43
1738 240
1740 70
1741 234
1743 400
1750 62
1754 233
1755 298
1758 400
1759 472
1760 432
1761 240
1764 98
1765 292
1767 97
1768 211
1769 392
1770 236
1771 3
1772 42
1775 155
1778 119
1779 119
1785 43
1794 274
1799 3
1802 274
1804 47
1805 473
1809 364
1816 134
1820 134
1823 10
1825 21
1826 240
1827 210
1829 387
1833 448
1834 280
1835 257
1843 276
1844 449
1849 50
1852 432
1855 283
1856 307
1858 316
1863 196
1867 94
1868 42
1870 119
1873 457
1875 403
1878 494
1880 153
1881 62
1884 456
1885 204
1886 22
1887 449
1888 315
1890 112
1892 307
1897 43
1899 469
1900 49
1901 449
1904 401
1906 330
1907 469
1918 283
1919 400
1923 59
1924 502
1925 76
1926 289
1929 256
1931 73
1936 54
1939 244
1942 191
1946 492
1948 495
1952 309
1957 469
1959 491
1972 291
1974 163
1977 401
1979 491
1981 135
1982 130
1985 440
1986 83
1991 222
1994 491
1995 168
1996 336
1997 413
1998 291
1999 226
2000 217
2001 126
2004 414
2005 161
2008 116
2009 440
2010 363
2016 270
2019 72
2021 467
2022 491
2027 432
2028 381
2029 307
2031 298
2032 47
2033 81
2035 346
2040 242
2047 182
2055 114
2057 492
2059 114
2061 274
2062 87
2067 25
2071 1
2073 370
2074 434
2076 449
2077 1
2081 179
2083 456
2084 502
2085 1
2086 276
2087 400
2094 249
2095 494
2097 313
2100 493
2102 211
2105 315
2108 309
2109 341
2110 56
2111 281
2116 492
2119 168
2123 280
2125 182
2127 60
2130 497
2132 457
2141 413
2146 230
2147 387
2152 98
2155 233
2156 319
2158 89
2159 395
2165 494
2167 0
2170 228
2171 311
2173 114
2178 352
2185 187
2186 491
2190 174
2193 265
2197 78
2200 502
2204 173
2206 276
2213 210
2217 289
2220 424
2221 115
2223 230
2224 291
2226 291
2229 115
2231 265
2233 298
2236 135
2237 316
2240 338
2244 22
2251 232
2253 96
2255 204
2259 426
2262 155
2263 126
2266 421
2267 313
2268 338
2270 292
2271 449
2272 339
2277 472
2278 503
2282 338
2284 317
2285 115
2286 469
2287 115
2288 116
2290 112
2294 495
2298 217
2299 192
2302 194
2304 414
2305 236
2308 196
2309 466
2310 435
2312 11
2314 341
2316 409
2317 72
2323 163
2324 422
2325 312
2327 153
2329 280
2334 210
2335 344
2337 168
2338 339
2340 196
2341 0
2342 417
2343 73
2350 209
2353 45
2357 322
2359 310
2361 366
2363 338
2364 217
2365 476
2367 242
2368 0
2369 68
2381 3
2383 146
2385 497
2387 7
2390 70
2395 414
2397 15
2401 414
2402 420
2404 19
2407 221
2408 292
2409 217
2410 1
2411 164
2414 124
2415 111
2420 210
2421 87
2424 322
2429 287
2431 168
2433 240
2434 4
2438 364
2440 265
2441 250
2442 112
2445 0
2448 264
2449 367
2450 375
2451 491
2452 164
2459 456
2460 135
2461 400
2462 19
2467 46
2476 440
2483 420
2485 114
2488 432
2489 385
2490 274
2491 229
2492 204
2494 257
2499 473
2501 72
2502 32
2507 68
2508 426
2512 313
2520 226
2521 291
2528 319
2529 430
2531 233
2536 324
2538 352
2539 136
2542 169
2543 244
2545 230
2551 98
2558 135
2560 304
2565 306
2567 173
2569 298
2576 39
2584 324
2585 427
2586 330
2590 47
2591 221
2595 98
2597 233
2599 367
2602 395
2604 395
2605 170
2607 497
2609 21
2610 36
2612 31
2615 111
2620 430
2623 75
2625 97
2628 32
2638 155
2640 118
2642 168
2643 404
2652 315
2662 68
2666 431
2667 123
2668 149
2681 183
2685 19
2688 142
2689 257
2690 375
2705 37
2711 76
2715 298
2718 283
2719 424
2721 280
2722 126
2724 276
2725 174
2726 420
2728 123
2732 364
2733 324
2737 252
2741 32
2743 107
2744 276
2750 304
2753 401
2755 3
2756 498
2758 96
2759 414
2762 341
2764 96
2765 491
2768 448
2772 333
2773 455
2775 22
2777 47
2783 435
2785 191
2787 39
2788 440
2792 106
2796 250
2799 161
2802 103
2803 6
2812 89
2813 257
2816 179
2821 440
2822 346
2825 336
2831 56
2834 217
2839 311
2844 358
2846 430
2848 316
2849 430
2856 25
2858 246
2859 136
2862 315
2863 494
2870 502
2872 2
2873 109
2874 283
2875 134
2879 455
2880 98
2884 476
2886 87
2887 146
2888 22
2889 21
2890 242
2892 354
2896 400
2899 94
2902 491
2906 39
2908 233
2909 87
2914 233
2916 432
2917 308
2918 291
2921 15
2923 234
2928 112
2934 156
2939 309
2941 196
2942 333
2943 494
2947 382
2948 260
2955 106
2959 392
2961 306
2965 469
2970 502
2971 234
2974 270
2975 114
2979 347
2980 249
2988 387
2989 22
2990 101
2997 118
2999 112
3002 173
3003 182
3004 83
3005 469
3016 472
3017 472
3021 409
3024 167
3025 59
3027 68
3028 481
3031 367
3032 367
3033 62
3036 125
3039 89
3045 385
3046 322
3052 244
3055 502
3056 502
3057 2
3061 211
3062 211
3063 283
3064 283
3066 292
3070 489
3072 492
3076 133
3077 420
3078 420
3091 432
3092 432
3094 118
3096 414
3097 414
3098 414
3101 109
3107 405
3112 145
3114 426
3115 426
3116 426
3121 94
3122 94
3127 4
3128 4
3135 31
3136 312
3139 276
3140 276
3141 276
3144 330
3145 330
3146 321
3147 225
3155 174
3156 174
3158 156
3160 452
3161 503
3162 503
3163 503
3165 291
3168 192
3173 222
3174 87
3175 87
3176 96
3177 96
3185 231
3186 404
3193 45
3194 395
3195 395
3196 341
3197 341
3198 341
3199 72
3200 72
3202 467
3203 153
3205 126
3206 359
3207 440
3210 36
3211 449
3212 449
3216 344
3219 93
3226 329
3229 179
3230 179
3233 170
3237 287
3238 287
3241 233
3242 233
3249 209
3250 182
3251 191
3253 469
3254 469
3257 164
3258 164
3261 119
3262 119
3263 415
3272 400
3275 68
3277 367
3278 367
3279 403
3288 448
3289 457
3290 457
3291 116
3294 98
3295 98
3298 322
3302 379
3304 226
3308 2
3309 2
3316 256
3318 211
3320 292
3321 274
3328 115
3329 115
3330 196
3335 163
3338 46
3345 405
3351 336
3354 435
3357 70
3358 276
3360 276
3363 330
3364 321
3365 189
3367 333
3380 228
3381 228
3387 96
3388 96
3393 455
3394 455
3396 123
3398 401
3399 491
3404 54
3409 81
3410 81
3413 359
3415 449
3416 458
3419 323
3423 344
3428 75
3432 39
3433 42
3434 42
3435 257
3436 257
3441 338
3445 221
3446 221
3453 493
3454 260
3455 260
3459 287
3460 287
3461 161
3462 161
3463 206
3468 191
3469 191
3472 424
3473 424
3482 472
3487 194
3488 194
3490 167
3494 400
3496 382
3501 149
3508 358
3509 358
3510 304
3512 457
3513 457
3514 116
3515 116
3516 98
3517 98
3518 307
3523 298
3526 352
3530 280
3531 280
3532 319
3535 498
3543 232
3553 432
3554 432
3555 432
3556 136
3557 109
3564 426
3572 94
3573 94
3574 381
3575 354
3576 390
3579 363
3580 103
3582 88
3589 276
3592 25
3594 339
3597 225
3598 1
3603 315
3606 497
3607 183
3610 503
3611 503
3612 291
3613 291
3614 291
3620 222
3623 473
3631 69
3636 81
3637 81
3638 494
3639 494
3640 359
3641 117
3645 21
3649 93
3653 308
3655 75
3656 39
3659 42
3660 42
3668 493
3669 179
3670 179
3672 242
3674 0
3680 424
3685 236
3690 194
3691 194
3692 400
3693 400
3694 400
3695 400
3696 59
3697 59
3699 68
3710 98
3712 322
3713 322
3714 56
3717 379
3721 316
3722 316
3727 498
3729 274
3731 274
3735 229
3737 250
3739 106
3743 169
3744 456
3748 387
3750 118
3753 109
3754 73
3761 336
3765 22
3772 249
3773 249
3777 366
3778 306
3779 1
3780 1
3784 315
3785 315
3789 156
3791 228
3796 210
3797 210
3801 87
3803 473
3804 473
3810 204
3812 231
3817 45
3818 395
3819 395
3820 54
3821 422
3824 72
3825 72
3827 440
3828 440
3829 476
3830 117
3837 21
3838 502
3841 344
3842 3
3843 3
3844 425
3845 84
3851 230
3852 230
3857 338
3860 6
3863 493
3870 466
3871 161
3872 161
3875 233
3877 0
3882 191
3884 424
3885 424
3888 164
3889 164
3892 119
3898 415
3910 427
3911 167
3912 50
3913 364
3914 364
3915 32
3920 149
3925 430
3926 430
3932 89
3933 89
3935 116
3938 98
3939 98
3940 98
3941 322
3942 322
3947 298
3948 298
3951 244
3953 502
3960 211
3961 211
3964 106
3966 169
3967 456
3968 456
3972 432
3973 432
3974 432
3977 414
3979 414
3980 414
3981 450
3992 145
3993 145
3998 49
4000 462
4001 22
4003 22
4008 312
4014 321
4019 1
4025 270
4027 19
4032 228
4035 246
4041 87
4042 87
4043 96
4044 96
4047 168
4050 150
4052 473
4053 473
4059 114
4060 114
4061 401
4062 78
4063 231
4072 341
4077 81
4078 81
4079 126
4081 440
4082 440
4090 21
4091 21
4098 93
4102 281
4105 407
4109 230
4116 311
4117 311
4119 493
4120 493
4121 260
4122 260
4123 287
4124 287
4129 0
4130 0
4133 209
4134 469
4138 415
4141 472
4142 472
4143 427
4145 50
4146 364
4147 364
4149 32
4155 358
4156 358
4157 430
4158 430
4162 125
4165 89
4166 89
4168 457
4172 313
4173 289
4174 289
4175 316
4180 319
4181 319
4182 265
4183 265
4189 283
4192 229
4194 310
4195 142
4196 492
4197 250
4198 250
4199 232
4200 133
4201 106
4205 115
4208 268
4209 268
4220 450
4229 49
4230 49
4231 336
4232 336
4245 276
4247 276
4252 330
4253 330
4255 306
4256 37
4258 333
4264 270
4265 174
4266 174
4267 497
4268 497
4269 183
4272 228
4273 264
4281 60
4284 473
4285 473
4288 455
4289 455
4290 455
4292 114
4294 401
4297 431
4298 404
4300 54
4301 413
4302 72
4303 72
4307 126
4308 126
4309 368
4310 440
4312 440
4313 36
4314 36
4315 323
4322 502
4323 344
4324 344
4326 75
4327 75
4329 39
4330 39
4336 257
4337 257
4340 338
4341 6
4343 212
4344 311
4345 311
4346 311
4349 493
4350 493
4352 179
4353 260
4354 260
4362 101
4363 424
4364 424
4365 424
4366 469
4367 469
4368 469
4373 119
4374 415
4380 194
4382 364
4384 68
4385 68
4386 68
4387 382
4388 481
4394 304
4402 107
4403 56
4409 298
4420 211
4421 283
4422 283
4423 292
4428 310
4431 124
4432 133
4436 420
4437 420
4438 420
4440 115
4441 115
4442 187
4447 432
4448 432
4449 432
4450 432
4452 217
4459 145
4463 67
4464 49
4465 49
4468 130
4469 130
4472 462
4475 22
4476 22
4477 22
4478 435
4479 435
4481 103
4482 112
4488 70
4489 70
4491 240
4492 240
4495 189
4496 225
4498 37
4501 503
4502 503
4503 503
4505 252
4508 315
4509 315
4512 264
4519 60
4522 392
4523 392
4524 150
4527 401
4528 401
4531 491
4532 491
4533 491
4534 467
4538 36
4539 36
4541 458
4544 84
4548 75
4549 75
4550 281
4551 39
4552 39
4555 257
4558 221
4559 221
4560 221
4561 212
4563 502
4566 502
4567 260
4568 260
4569 260
4570 287
4571 287
4572 287
4582 191
4583 191
4584 83
4586 469
4587 469
4588 469
4589 119
4590 119
4593 236
4607 32
4608 32
4610 68
4611 68
4612 68
4613 382
4614 149
4615 149
4622 358
4623 358
4624 358
4626 116
4627 116
4628 322
4629 322
4630 322
4631 11
4640 211
4641 498
4644 310
4645 310
4646 277
4647 474
4648 142
4649 492
4652 420
4653 420
4654 420
4657 456
4658 456
4659 268
4660 268
4668 118
4672 109
4673 109
4682 49
4683 49
4684 49
4690 435
4691 435
4692 417
4699 357
4705 88
4709 249
4710 249
4711 276
4712 276
4714 276
4721 216
4728 19
4729 19
4731 315
4732 315
4733 315
4735 497
4736 497
4737 497
4739 183
4740 156
4747 222
4748 96
4749 96
4750 96
4751 168
4752 168
4753 168
4754 392
4755 392
4761 78
4763 395
4764 395
4765 54
4766 413
4767 72
4772 494
4773 494
4774 467
4775 153
4777 359
4780 449
4781 449
4782 449
4783 135
4784 135
4787 117
4794 93
4795 93
4800 407
4802 42
4803 42
4813 269
4818 466
4819 161
4820 161
4821 161
4822 242
4825 233
4826 233
4827 233
4837 173
4838 182
4839 191
4840 191
4843 469
4844 469
4845 469
4846 469
4847 155
4857 236
4858 236
4863 194
4864 194
4865 194
4871 50
4872 400
4873 400
4874 400
4875 400
4877 32
4878 32
4879 32
4880 382
4883 346
4886 403
4887 62
4893 430
4894 430
4895 430
4898 89
4899 89
4901 457
4902 457
4903 457
4905 11
4906 370
4907 352
4908 244
4909 244
4917 274
4918 274
4919 274
4924 142
4930 106
4931 106
4934 456
4935 456
4936 115
4937 115
4938 115
4939 196
4940 196
4941 268
4942 268
4943 46
4945 118
4946 118
4961 462
4966 112
4967 112
4968 112
4970 330
4971 330
4972 339
4973 339
4974 366
4977 321
4981 10
4986 503
4987 503
4988 503
4989 503
4990 252
4991 252
4992 19
4993 19
4996 497
4997 497
4998 497
5001 228
5002 228
5008 60
5009 222
5010 222
5015 150
5016 150
5023 114
5024 114
5025 114
5026 78
5027 231
5032 54
5033 54
5034 422
5035 81
5036 81
5037 81
5038 467
5039 467
5040 126
5041 126
5042 126
5044 323
5047 317
5048 425
5049 434
5051 281
5055 15
5056 15
5057 230
5058 230
5059 42
5060 42
5061 42
5062 257
5063 257
5064 257
5070 6
5073 212
5087 502
5088 502
5089 502
5090 502
5091 260
5092 260
5093 260
5095 170
5096 170
5097 161
5098 161
5099 161
5100 206
5101 233
5102 233
5103 233
