0 244
1 228
2 120
3 145
4 153
5 223
6 185
7 246
8 97
9 10
10 222
11 222
12 221
13 127
14 153
15 137
16 48
17 165
18 188
19 196
20 208
21 204
22 59
23 83
24 175
25 92
26 11
27 246
28 147
29 32
30 156
31 168
32 114
33 106
34 118
35 170
36 180
37 32
38 69
39 148
40 151
41 210
42 189
43 68
44 194
45 209
46 6
47 228
48 189
49 233
50 133
51 46
52 217
53 226
54 97
55 77
56 165
57 6
58 236
59 6
60 217
61 195
62 32
63 221
64 58
65 120
66 230
67 197
68 207
69 112
70 128
71 147
72 83
73 107
74 48
75 176
76 83
77 131
78 246
79 135
80 153
81 221
82 115
83 57
84 83
85 205
86 28
87 3
88 234
89 0
90 148
91 74
92 57
93 147
94 175
95 133
96 34
97 20
98 189
99 223
100 135
101 221
102 184
103 126
104 212
105 193
106 211
107 123
108 227
109 217
110 30
111 113
112 237
113 180
114 108
115 115
116 26
117 242
118 202
119 34
120 50
121 99
122 204
123 30
124 14
125 0
126 198
127 214
128 194
129 111
130 96
131 4
132 244
133 5
134 176
135 155
136 75
137 36
138 211
139 115
140 202
141 130
142 108
143 0
144 148
145 175
146 186
147 20
148 204
149 155
150 53
151 113
152 70
153 113
154 247
155 40
156 226
157 71
158 229
159 112
160 47
161 3
162 74
163 46
164 127
165 172
166 27
167 15
168 108
169 43
170 57
171 155
172 0
173 108
174 184
175 38
176 222
177 230
178 120
179 232
180 185
181 133
182 61
183 109
184 168
185 180
186 198
187 120
188 12
189 220
190 65
191 70
192 74
193 222
194 23
195 211
196 237
197 89
198 71
199 46
200 180
201 241
202 175
203 186
204 181
205 73
206 120
207 222
208 37
209 40
210 112
211 209
212 3
213 123
214 228
215 67
216 147
217 133
218 54
219 157
220 192
221 7
222 155
223 108
224 160
225 45
226 233
227 113
228 212
229 177
230 2
231 95
232 151
233 245
234 246
235 28
236 120
237 76
238 209
239 164
240 65
241 85
242 15
243 121
244 30
245 189
246 78
247 34
248 45
249 173
250 175
251 159
252 16
253 0
254 169
255 18
256 212
257 64
258 244
259 52
260 64
261 64
262 40
263 195
264 38
265 196
266 144
267 14
268 109
269 11
270 132
271 184
272 179
273 243
274 210
275 169
276 155
277 65
278 49
279 85
280 178
281 71
282 186
283 5
284 28
285 0
286 155
287 236
288 118
289 123
290 235
291 19
292 200
293 160
294 137
295 134
296 146
297 205
298 181
299 2
301 169
302 47
303 121
304 59
305 43
306 145
307 15
308 197
309 223
310 179
311 38
312 36
313 70
314 245
315 228
316 189
317 4
318 186
319 71
320 99
321 222
322 105
323 126
324 143
325 109
326 22
327 106
328 79
329 212
330 203
331 166
332 126
333 83
334 119
335 193
336 76
337 28
338 0
339 14
340 114
341 18
342 104
343 175
344 183
345 106
346 53
347 232
348 214
349 112
350 36
351 110
352 134
353 4
354 192
355 232
356 189
357 7
358 104
359 80
360 188
361 76
362 128
363 49
364 187
365 245
366 107
367 77
368 243
369 1
370 195
371 184
372 225
373 199
374 208
375 153
376 76
377 200
378 209
379 12
380 107
381 25
382 79
383 174
384 48
385 155
386 154
387 64
388 7
389 175
390 12
391 237
392 195
393 103
394 156
395 191
396 56
397 212
398 81
399 49
400 123
401 205
402 165
403 159
404 185
405 134
407 201
408 188
409 76
410 42
411 120
412 214
413 112
414 176
415 157
416 26
417 109
418 185
419 64
420 152
421 20
422 203
423 207
424 165
425 225
426 40
427 185
428 40
429 232
430 35
431 49
432 64
433 99
434 102
435 205
436 140
437 209
438 126
439 218
440 154
441 48
442 108
443 138
444 213
445 70
446 190
447 229
448 149
449 187
450 204
451 245
452 99
453 239
454 132
455 234
456 194
457 174
458 25
459 0
460 81
461 81
462 164
463 14
464 194
465 185
466 2
467 36
468 247
469 202
470 89
471 28
472 155
473 247
474 200
475 132
476 143
477 43
478 133
479 62
480 134
481 64
482 126
483 208
484 210
485 52
486 165
487 40
488 70
489 200
490 195
491 80
492 199
493 197
494 159
495 101
496 48
497 112
498 70
499 181
500 201
501 245
502 132
503 202
504 113
505 188
506 114
507 4
508 6
509 155
510 157
511 226
512 177
513 232
514 64
515 6
516 9
517 129
518 4
519 75
520 239
522 215
523 130
524 12
525 148
526 212
527 58
528 208
529 186
530 188
531 20
532 243
533 36
534 146
535 244
536 207
537 40
538 246
539 221
540 49
541 96
542 119
543 210
544 183
545 81
546 218
547 48
548 91
549 48
550 179
551 174
552 66
553 81
554 172
555 169
556 5
557 19
558 120
559 241
560 57
561 71
562 234
563 194
564 113
565 214
566 205
567 153
568 115
569 212
570 26
571 147
572 154
573 109
574 138
575 248
576 203
577 130
578 142
579 166
580 118
581 203
582 195
583 73
584 21
585 126
586 34
587 148
588 83
589 232
590 21
591 6
592 230
593 100
594 108
595 49
596 147
597 172
598 18
599 181
600 196
601 77
602 58
603 28
604 28
605 177
606 79
607 56
608 42
609 8
610 120
611 103
612 214
613 88
614 78
615 191
616 181
617 157
618 11
619 147
620 179
621 133
622 123
623 195
624 184
626 152
627 177
628 21
629 3
630 31
631 116
632 53
633 79
634 21
635 99
636 110
637 181
638 14
639 45
640 173
641 188
642 147
643 101
644 87
645 246
646 82
647 6
648 70
649 191
650 81
651 120
652 6
654 75
655 129
656 212
657 34
658 17
659 247
660 191
661 172
662 30
663 13
664 230
665 156
666 38
667 126
668 39
669 43
670 106
671 7
672 138
673 32
674 166
675 30
676 80
677 101
678 169
679 232
680 205
681 60
682 247
683 40
684 132
685 38
686 232
687 208
688 186
689 170
690 168
691 142
692 158
693 65
694 128
695 189
696 125
697 205
698 113
699 146
700 246
701 246
702 226
703 94
704 67
705 25
706 20
707 186
708 185
709 70
710 221
711 225
712 76
713 228
715 195
716 11
717 211
718 70
719 175
720 94
721 70
722 189
723 232
724 234
725 232
726 11
727 189
728 152
729 34
730 144
731 38
732 7
733 43
734 25
735 166
736 99
737 157
738 83
739 210
740 23
741 12
742 96
743 179
744 182
745 203
746 143
747 195
748 60
749 26
750 45
751 103
752 208
753 236
754 21
755 94
756 113
757 119
758 190
759 80
760 200
761 134
762 18
763 179
764 157
765 145
766 241
767 199
768 49
769 153
770 80
771 65
772 27
773 64
774 32
775 60
776 96
777 208
778 221
779 50
780 243
781 13
782 213
783 128
784 46
785 33
786 2
787 133
788 155
790 38
791 135
792 109
793 198
794 21
795 34
796 32
797 195
798 174
799 27
800 152
801 78
802 79
803 12
804 176
805 199
806 70
807 214
808 193
809 125
810 79
811 52
812 244
813 38
814 220
815 190
816 9
817 53
818 10
819 27
820 181
821 7
822 155
823 181
824 132
825 75
826 128
827 113
828 195
829 175
830 50
831 24
832 214
833 48
834 34
835 112
836 228
837 67
838 60
839 108
840 108
841 100
842 34
843 132
844 238
845 166
846 119
847 150
848 120
849 214
850 79
851 120
852 170
853 175
854 233
855 176
856 42
857 94
858 118
859 209
860 99
861 213
862 2
863 249
864 222
865 204
866 6
867 138
868 135
869 174
870 143
871 177
872 32
873 160
874 180
875 115
876 71
877 108
878 177
879 156
880 79
881 184
882 88
883 79
884 208
885 74
886 117
887 174
888 138
889 114
890 199
891 194
892 21
893 0
894 108
895 179
896 49
897 96
898 135
899 45
900 94
901 138
902 34
903 155
904 156
905 46
906 121
907 246
908 83
909 120
910 155
911 28
912 183
913 212
914 190
915 190
916 107
917 7
918 79
919 66
920 43
921 62
922 65
923 197
924 57
925 69
926 181
927 15
928 24
929 90
930 18
931 12
932 221
933 145
934 73
935 47
936 169
937 4
938 28
939 209
940 96
941 31
942 120
943 175
944 113
945 126
946 89
947 53
948 212
949 7
950 76
951 91
952 79
953 70
954 16
955 182
956 230
957 151
958 49
959 133
960 185
961 74
962 168
963 113
964 33
965 198
966 134
967 7
968 194
969 121
970 113
971 112
972 71
973 229
974 18
975 18
976 114
977 135
978 126
979 28
980 146
981 108
982 21
983 28
984 21
985 75
986 65
987 107
988 12
989 85
990 72
991 148
992 17
993 45
994 165
995 229
996 15
997 9
998 222
999 32
1000 168
1001 189
1002 43
1003 110
1004 138
1005 14
1006 198
1007 138
1008 125
1009 177
1010 94
1011 174
1012 0
1013 138
1014 85
1015 205
1016 176
1017 220
1018 109
1019 132
1020 12
1021 72
1022 50
1023 185
1024 151
1025 243
1026 234
1027 181
1028 26
1029 185
1030 213
1031 165
1032 8
1033 208
1034 109
1035 18
1036 15
1037 184
1038 228
1039 34
1040 205
1041 184
1042 56
1043 6
1044 128
1045 146
1046 187
1047 208
1048 225
1049 25
1050 211
1051 223
1052 53
1053 126
1054 38
1055 69
1056 174
1057 6
1058 82
1059 241
1060 119
1061 87
1062 174
1063 175
1064 194
1065 140
1066 167
1067 112
1068 126
1069 198
1070 232
1071 138
1072 125
1073 138
1074 51
1075 101
1076 180
1077 18
1078 229
1079 208
1080 49
1081 181
1082 113
1083 168
1084 18
1085 195
1086 155
1087 179
1088 7
1089 175
1090 10
1091 23
1092 25
1093 210
1094 160
1095 193
1096 80
1097 195
1098 64
1099 114
1100 70
1101 207
1102 12
1103 74
1104 22
1105 141
1106 87
1107 101
1108 9
1109 138
1110 88
1111 139
1112 79
1113 111
1114 27
1115 1
1116 233
1117 51
1118 145
1119 53
1120 226
1121 99
1122 160
1123 33
1124 27
1125 184
1126 74
1127 50
1128 108
1129 118
1130 88
1131 123
1132 189
1133 75
1134 36
1135 179
1136 181
1137 194
1138 139
1139 177
1140 113
1141 246
1142 38
1143 109
1144 227
1145 179
1146 234
1147 74
1148 120
1149 116
1150 222
1151 2
1152 243
1153 46
1154 183
1155 158
1156 88
1157 166
1158 115
1159 191
1160 175
1161 193
1162 2
1163 182
1164 100
1165 38
1166 223
1167 50
1168 241
1169 81
1170 59
1171 71
1172 44
1173 1
1174 96
1175 51
1176 241
1177 187
1178 7
1179 1
1180 233
1181 109
1182 96
1183 191
1184 95
1185 247
1186 200
1187 105
1188 60
1189 126
1190 43
1191 245
1192 100
1193 94
1194 138
1195 207
1196 13
1197 207
1198 37
1199 91
1200 120
1201 148
1202 23
1203 48
1205 209
1206 128
1207 76
1208 194
1209 246
1210 138
1211 165
1212 64
1213 157
1214 81
1215 38
1216 89
1217 204
1218 206
1219 64
1220 158
1221 7
1222 109
1223 120
1224 223
1225 181
1226 53
1227 205
1228 249
1229 56
1230 205
1231 229
1232 176
1233 79
1234 64
1235 38
1236 157
1237 49
1238 94
1239 30
1240 90
1241 178
1242 247
1243 25
1244 67
1245 157
1246 160
1247 247
1248 120
1249 221
1250 38
1251 67
1252 192
1253 5
1254 227
1255 46
1256 12
1257 25
1258 58
1259 239
1260 212
1261 120
1262 197
1263 57
1264 128
1265 166
1266 226
1267 40
1268 192
1269 183
1270 67
1271 128
1273 85
1274 208
1275 28
1277 108
1278 0
1279 45
1280 96
1281 172
1282 157
1283 184
1284 113
1285 186
1286 220
1287 58
1288 58
1289 119
1290 46
1291 28
1292 208
1293 156
1294 165
1295 193
1296 41
1297 155
1298 151
1299 46
1300 194
1301 60
1302 99
1303 81
1304 27
1305 75
1306 220
1307 100
1308 208
1309 205
1310 137
1311 92
1312 134
1313 223
1314 189
1315 222
1316 170
1317 128
1318 72
1319 87
1320 176
1321 120
1322 174
1323 41
1324 135
1325 132
1326 229
1327 230
1328 126
1329 167
1330 205
1331 45
1332 85
1333 125
1334 121
1335 26
1336 176
1337 28
1338 81
1339 34
1340 9
1341 153
1342 191
1343 128
1344 174
1345 213
1346 67
1347 53
1348 148
1349 229
1350 121
1351 243
1352 40
1353 205
1354 67
1355 50
1356 145
1357 155
1358 56
1359 26
1360 168
1361 40
1362 69
1363 189
1364 179
1365 135
1366 174
1367 195
1368 120
1369 48
1370 45
1371 191
1372 209
1373 99
1374 185
1375 12
1376 15
1377 209
1378 138
1379 109
1380 126
1381 196
1382 241
1383 6
1384 182
1385 211
1386 50
1387 120
1388 140
1389 110
1390 113
1391 176
1392 241
1393 183
1394 13
1396 153
1397 75
1398 2
1399 88
1400 186
1401 163
1402 58
1403 138
1404 134
1405 92
1406 179
1407 138
1408 198
1409 120
1410 126
1411 247
1412 131
1413 100
1414 185
1415 114
1416 50
1417 225
1418 187
1419 108
1420 6
1421 155
1422 97
1423 229
1425 157
1426 23
1427 208
1428 83
1429 14
1430 198
1431 113
1432 1
1433 64
1434 110
1435 230
1436 238
1437 135
1438 113
1439 143
1440 177
1441 0
1442 47
1443 194
1444 37
1445 247
1446 96
1447 72
1448 209
1449 51
1450 6
1451 195
1452 180
1453 194
1454 121
1455 120
1456 115
1457 18
1458 230
1459 232
1460 116
1461 155
1463 52
1464 241
1465 132
1466 208
1467 159
1468 124
1469 43
1470 92
1471 9
1472 5
1473 193
1474 100
1475 22
1476 14
1477 88
1478 168
1479 32
1480 147
1481 96
1482 4
1483 34
1484 36
1485 107
1486 159
1487 34
1488 148
1489 119
1490 57
1491 18
1493 20
1494 233
1495 212
1496 27
1497 176
1498 189
1499 25
1500 61
1501 33
1502 27
1503 81
1504 193
1505 40
1506 19
1507 109
1508 77
1509 110
1510 82
1511 157
1512 66
1513 145
1514 244
1515 156
1516 0
1517 134
1518 17
1519 127
1520 176
1521 61
1522 58
1523 209
1524 51
1525 213
1526 207
1527 205
1528 99
1529 119
1530 164
1531 20
1532 85
1533 222
1534 241
1535 57
1536 2
1537 239
1538 114
1539 164
1540 220
1541 92
1542 2
1543 6
1544 194
1545 145
1546 226
1547 21
1548 120
1549 57
1550 124
1551 140
1552 135
1553 2
1554 38
1555 126
1556 138
1557 145
1558 143
1559 120
1560 67
1561 134
1562 112
1563 12
1564 197
1565 49
1566 73
1567 244
1568 13
1569 72
1570 119
1571 176
1572 125
1573 135
1574 214
1575 137
1576 88
1577 243
1578 69
1579 117
1580 225
1581 246
1582 152
1583 195
1584 139
1585 183
1586 68
1587 208
1588 241
1589 217
1590 186
1591 209
1592 233
1593 225
1594 2
1595 46
1596 147
1597 18
1598 12
1599 187
1600 49
1601 107
1602 232
1603 3
1604 194
1605 156
1606 3
1607 2
1608 118
1609 38
1610 26
1611 70
1612 177
1613 94
1614 75
1615 102
1616 241
1617 95
1618 46
1619 28
1620 27
1621 115
1622 208
1623 176
1624 207
1625 91
1626 207
1627 189
1628 230
1629 246
1630 49
1631 96
1632 53
1633 241
1634 47
1635 106
1636 147
1637 38
1638 195
1639 40
1640 213
1641 157
1642 13
1643 128
1644 47
1645 212
1646 186
1647 114
1648 7
1649 92
1650 177
1651 167
1652 109
1653 42
1654 80
1655 61
1656 205
1657 210
1658 94
1659 81
1660 48
1661 126
1662 72
1663 2
1664 205
1665 192
1666 177
1667 209
1668 25
1669 120
1670 225
1671 72
1672 51
1673 6
1674 168
1675 204
1676 169
1677 89
1678 220
1679 191
1680 103
1681 189
1682 46
1683 147
1684 152
1685 117
1686 173
1688 183
1689 94
1690 53
1691 132
1692 204
1693 209
1694 13
1695 104
1696 102
1697 135
1698 158
1699 241
1700 94
1701 91
1702 100
1703 144
1704 194
1705 163
1706 186
1707 232
1708 60
1709 164
1710 58
1711 132
1712 208
1713 12
1714 12
1715 100
1716 161
1717 67
1718 176
1719 73
1720 192
1721 132
1722 75
1723 175
1725 113
1726 132
1727 88
1728 23
1729 195
1730 189
1731 179
1732 58
1733 85
1734 206
1735 186
1736 45
1737 155
1738 58
1739 194
1740 2
1741 61
1742 50
1743 12
1744 142
1745 46
1746 49
1747 197
1748 247
1749 194
1750 140
1751 183
1752 125
1753 138
1754 211
1755 229
1756 132
1757 166
1758 2
1759 65
1760 87
1761 223
1762 176
1763 241
1764 75
1765 119
1766 69
1767 101
1768 157
1770 57
1771 225
1772 224
1773 140
1774 191
1775 232
1776 249
1777 209
1778 175
1779 100
1780 37
1781 191
1782 185
1783 100
1784 28
1785 177
1786 116
1787 115
1788 174
1789 133
1790 144
1791 167
1792 176
1793 77
1794 51
1795 30
1796 38
1797 148
1798 230
1799 119
1800 124
1801 165
1802 97
1803 182
1804 4
1805 243
1806 155
1807 53
1808 197
1809 180
1810 156
1811 55
1812 205
1813 205
1814 169
1815 34
1816 190
1817 160
1818 64
1819 248
1820 70
1821 156
1822 9
1823 177
1824 109
1825 244
1826 169
1827 222
1828 7
1829 188
1830 189
1831 143
1832 173
1833 6
1834 68
1835 209
1836 182
1837 15
1838 64
1839 13
1840 47
1841 241
1842 233
1843 17
1844 137
1845 169
1846 158
1847 191
1848 28
1849 90
1850 27
1851 170
1852 181
1853 179
1854 194
1855 27
1856 96
1857 160
1858 131
1859 130
1860 28
1861 49
1862 172
1863 177
1864 231
1865 205
1866 179
1867 38
1868 7
1869 126
1870 246
1871 198
1872 2
1873 143
1874 94
1875 135
1876 71
1877 23
1878 175
1879 116
1881 107
1882 208
1883 131
1884 164
1885 212
1886 5
1887 187
1888 196
1889 212
1890 239
1891 228
1892 2
1893 177
1894 116
1895 120
1896 228
1897 155
1898 119
1899 109
1900 140
1901 245
1902 108
1903 38
1904 23
1905 81
1906 41
1907 179
1908 67
1909 151
1910 201
1911 194
1912 160
1913 50
1914 49
1915 207
1916 75
1917 120
1918 165
1919 232
1920 75
1921 134
1922 89
1923 142
1924 191
1925 100
1926 1
1927 152
1928 54
1929 179
1930 185
1931 166
1932 51
1933 103
1934 132
1935 140
1936 70
1937 115
1938 76
1939 42
1940 128
1941 128
1942 54
1943 245
1944 69
1945 120
1946 72
1947 205
1948 186
1949 17
1950 157
1951 50
1952 21
1953 241
1954 167
1955 187
1956 232
1957 232
1958 176
1959 172
1960 61
1961 81
1962 2
1963 116
1964 169
1965 96
1966 109
1967 248
1968 71
1969 227
1970 61
1971 140
1972 0
1973 25
1974 52
1975 105
1976 57
1977 152
1978 18
1979 86
1980 193
1981 96
1982 99
1983 171
1984 30
1985 181
1986 109
1987 72
1988 194
1989 120
1990 155
1991 208
1992 128
1993 6
1994 24
1995 157
1996 32
1997 103
1998 155
1999 48
2000 54
2002 221
2003 200
2004 230
2005 14
2006 53
2007 21
2008 94
2009 140
2010 167
2011 152
2012 186
2013 7
2014 18
2015 76
2016 194
2017 228
2018 176
2019 73
2020 155
2021 113
2022 175
2023 0
2024 134
2025 172
2026 156
2027 94
2028 102
2029 94
2030 154
2031 24
2032 193
2033 56
2034 25
2035 102
2036 51
2037 108
2038 21
2039 234
2040 180
2041 94
2042 191
2043 116
2044 24
2045 193
2046 132
2047 132
2048 205
2049 119
2050 0
2051 18
2052 24
2053 137
2054 81
2055 38
2056 194
2057 21
2058 27
2059 27
2060 24
2061 92
2062 126
2063 138
2064 197
2065 11
2066 112
2067 179
2068 219
2069 89
2070 59
2071 51
2072 19
2073 230
2074 188
2075 189
2076 179
2077 145
2078 181
2079 155
2080 134
2081 38
2082 59
2083 194
2084 182
2085 43
2086 18
2087 80
2088 223
2089 51
2090 225
2091 15
2092 208
2093 239
2094 110
2095 211
2096 156
2097 50
2098 230
2099 12
2100 197
2101 189
2102 198
2103 241
2104 7
2105 182
2106 2
2107 125
2108 85
2109 191
2110 156
2111 229
2112 22
2113 232
2114 12
2115 139
2116 181
2117 230
2118 167
2119 2
2120 18
2121 151
2122 34
2123 2
2124 241
2125 174
2126 80
2127 99
2128 34
2129 135
2130 34
2131 110
2132 151
2133 185
2134 113
2135 82
2136 220
2137 233
2138 128
2139 4
2140 147
2141 106
2142 2
2143 232
2144 189
2145 232
2146 38
2147 54
2148 18
2149 53
2150 62
2151 248
2152 244
2153 225
2154 21
2155 46
2156 66
2157 2
2158 56
2159 28
2160 84
2161 87
2162 227
2163 132
2164 91
2165 197
2166 112
2167 3
2168 159
2169 147
2170 249
2171 213
2172 94
2173 16
2174 2
2175 115
2176 205
2177 105
2178 114
2179 6
2180 182
2181 137
2182 152
2183 201
2184 92
2185 244
2186 73
2187 99
2188 16
2189 162
2190 155
2191 175
2192 181
2193 103
2194 146
2195 68
2196 157
2197 27
2198 100
2199 117
2200 146
2201 40
2202 191
2203 172
2204 169
2205 190
2207 241
2208 128
2209 76
2211 96
2212 62
2213 23
2214 212
2215 185
2216 185
2217 43
2218 130
2219 182
2220 117
2221 189
2222 75
2223 14
2224 45
2225 148
2226 189
2227 11
2228 112
2229 155
2230 201
2231 179
2232 152
2233 24
2234 112
2235 147
2236 76
2237 186
2238 53
2239 244
2240 234
2241 135
2242 49
2243 7
2244 232
2245 103
2246 173
2247 233
2248 226
2249 234
2250 191
2251 200
2252 179
2253 96
2254 37
2255 138
2256 139
2257 223
2258 153
2260 91
2261 96
2262 14
2263 15
2264 201
2265 207
2266 232
2267 156
2268 239
2269 196
2270 119
2271 213
2272 16
2273 17
2274 43
2275 134
2276 199
2277 115
2278 94
2279 111
2280 164
2281 189
2282 83
2283 127
2284 31
2285 101
2286 179
2287 234
2288 100
2289 233
2290 25
2291 70
2292 34
2293 212
2294 43
2295 83
2296 167
2297 13
2298 109
2299 103
2300 156
2301 201
2302 103
2303 23
2304 168
2305 134
2306 6
2307 43
2309 143
2310 80
2311 67
2312 191
2313 120
2314 17
2315 94
2316 175
2317 89
2318 119
2319 15
2320 103
2321 60
2322 179
2323 53
2324 229
2325 197
2327 200
2328 172
2329 58
2330 121
2331 157
2332 89
2333 91
2334 61
2335 159
2336 7
2337 177
2338 125
2339 157
2340 58
2341 72
2342 156
2343 156
2344 209
2345 184
2346 120
2347 197
2348 73
2349 189
2350 115
2351 2
2352 80
2353 239
2354 75
2355 55
2356 79
2357 94
2358 53
2359 168
2360 51
2361 205
2362 230
2363 241
2364 70
2365 190
2366 91
2367 226
2368 60
2369 232
2370 146
2371 198
2372 113
2373 220
2374 14
2375 165
2376 155
2377 88
2378 197
2379 193
2380 189
2382 23
2383 7
2384 112
2385 18
2386 49
2387 146
2388 157
2389 151
2390 134
2391 205
2392 177
2393 45
2394 125
2395 233
2396 66
2398 52
2399 147
2400 146
2401 164
2403 208
2404 48
2405 142
2406 24
2407 117
2408 160
2410 191
2411 241
2412 147
2413 139
2414 6
2415 174
2416 24
2417 83
2418 182
2419 18
2420 30
2421 71
2422 85
2423 209
2424 182
2425 220
2426 88
2427 169
2428 96
2429 239
2430 56
2431 123
2432 182
2433 46
2434 186
2435 51
2436 202
2437 232
2438 176
2439 232
2440 142
2441 146
2442 94
2443 228
2444 6
2445 19
2446 134
2447 153
2448 177
2449 138
2450 0
2451 22
2452 36
2453 164
2454 143
2455 153
2456 197
2457 179
2458 23
2459 46
2460 73
2461 100
2462 181
2463 2
2464 96
2465 136
2466 46
2467 185
2468 66
2469 3
2470 81
2471 51
2472 160
2473 81
2474 18
2475 221
2476 138
2477 148
2478 195
2479 247
2480 87
2481 147
2482 126
2483 27
2484 6
2485 76
2486 232
2487 36
2488 68
2489 57
2490 18
2491 204
2492 27
2493 34
2494 94
2495 12
2496 208
2497 230
2498 76
2499 120
2500 40
2501 159
2503 95
2504 103
2505 3
2506 233
2507 85
2508 68
2509 18
2510 7
2511 205
2512 156
2513 32
2514 36
2515 166
2516 91
2517 54
2518 166
2519 135
2520 49
2521 175
2522 50
2523 230
2524 14
2525 174
2526 249
2527 209
2528 125
2529 205
2530 21
2531 117
2532 192
2533 60
2534 230
2535 118
2536 113
2537 119
2538 61
2539 191
2540 23
2541 151
2542 179
2543 82
2544 127
2545 137
2546 195
2547 239
2548 14
2549 243
2550 177
2551 193
2552 6
2553 140
2554 82
2555 135
2556 238
2557 135
2558 184
2559 105
2560 164
2561 210
2562 88
2563 7
2564 56
2565 247
2566 2
2567 92
2568 89
2569 174
2570 198
2571 208
2572 195
2573 230
2574 157
2575 57
2576 239
2577 123
2578 25
2579 134
2580 220
2581 208
2582 53
2583 195
2584 14
2585 120
2586 94
2587 155
2588 92
2589 244
2590 236
2591 45
2592 145
2593 18
2595 109
2596 45
2597 18
2598 140
2599 55
2600 179
2601 157
2602 118
2603 71
2604 6
2605 147
2606 67
2608 64
2609 94
2610 56
2611 13
2612 67
2613 211
2614 15
2615 3
2616 7
2617 247
2618 174
2619 94
2620 247
2621 27
2622 195
2623 60
2624 173
2625 80
2626 209
2627 148
2628 74
2629 159
2630 185
2631 22
2632 195
2633 7
2634 181
2635 23
2636 96
2637 103
2638 56
2639 2
2640 110
2641 138
2642 193
2643 113
2644 241
2645 49
2646 47
2647 99
2648 81
2649 119
2650 51
2651 212
2652 10
2653 168
2654 18
2655 94
2656 38
2657 194
2658 155
2659 121
2660 34
2661 75
2662 96
2663 211
2665 88
2666 2
2667 42
2668 140
2669 103
2670 140
2671 248
2672 155
2673 128
2674 170
2675 0
2676 23
2677 82
2678 207
2679 59
2680 161
2681 110
2682 221
2683 103
2684 174
2685 151
2686 142
2687 146
2688 205
2689 119
2690 14
2691 184
2692 172
2693 103
2694 110
2695 190
2696 112
2697 120
2698 212
2699 209
2700 232
2701 195
2702 223
2703 30
2704 177
2705 175
2706 42
2707 30
2708 223
2709 127
2710 113
2711 36
2712 20
2713 246
2714 213
2715 229
2717 38
2718 232
2719 181
2720 148
2721 123
2722 71
2723 223
2724 3
2725 107
2727 15
2728 66
2729 179
2730 51
2731 108
2732 6
2733 4
2734 6
2735 131
2736 163
2737 203
2738 92
2739 170
2740 6
2741 7
2742 80
2743 89
2744 177
2745 46
2746 203
2747 210
2748 174
2749 94
2750 50
2751 34
2752 239
2753 146
2754 100
2755 126
2756 204
2757 228
2758 134
2759 175
2760 134
2761 3
2762 191
2763 46
2764 224
2765 179
2766 107
2767 36
2768 193
2769 110
2770 179
2771 89
2773 125
2774 230
2775 109
2776 244
2777 208
2778 183
2779 17
2780 172
2781 53
2782 174
2783 43
2784 59
2785 43
2786 14
2787 17
2788 183
2789 40
2790 89
2791 53
2792 43
2793 51
2794 51
2795 249
2796 113
2797 99
2798 7
2799 71
2800 148
2801 140
2802 67
2803 138
2804 3
2805 50
2806 188
2807 139
2808 12
2809 244
2810 157
2811 23
2812 163
2813 119
2814 46
2815 155
2816 12
2817 220
2818 248
2819 107
2820 167
2821 79
2822 226
2823 94
2824 147
2826 34
2827 179
2828 89
2829 60
2830 15
2831 88
2832 223
2833 96
2834 247
2835 177
2836 247
2837 80
2838 32
2839 7
2840 154
2841 194
2842 140
2843 80
2844 49
2845 127
2846 189
2847 70
2848 107
2849 157
2850 89
2851 103
2852 175
2853 109
2854 7
2855 140
2856 34
2857 232
2858 157
2859 187
2860 217
2861 26
2862 161
2863 138
2864 241
2865 89
2866 85
2867 247
2868 222
2869 118
2870 119
2871 98
2872 50
2873 99
2874 161
2875 181
2876 14
2877 213
2878 99
2879 88
2880 40
2881 69
2882 229
2883 18
2884 212
2885 68
2886 177
2887 7
2888 198
2889 27
2890 113
2891 183
2892 88
2893 186
2894 89
2895 226
2896 17
2897 126
2898 112
2899 131
2900 195
2901 230
2902 179
2903 246
2904 25
2905 230
2906 238
2907 185
2908 27
2909 181
2910 79
2911 241
2912 21
2913 43
2914 193
2915 168
2916 177
2917 156
2918 244
2919 177
2920 194
2921 60
2922 241
2923 12
2924 75
2925 97
2926 185
2927 97
2928 2
2929 151
2930 73
2931 157
2932 94
2933 24
2934 80
2935 186
2936 176
2937 85
2938 45
2939 151
2940 106
2941 114
2942 157
2943 2
2944 168
2945 10
2946 176
2947 247
2948 172
2949 96
2950 69
2951 176
2952 205
2953 82
2954 145
2955 112
2956 241
2957 197
2958 12
2960 94
2961 102
2962 117
2963 184
2964 205
2965 52
2966 70
2967 232
2968 209
2969 143
2970 14
2971 103
2972 229
2973 119
2974 232
2975 94
2976 224
2977 38
2978 100
2979 50
2980 203
2981 27
2982 40
2983 156
2984 0
2985 205
2986 156
2987 67
2988 214
2989 119
2990 161
2991 51
2992 209
2993 205
2994 241
2995 239
2996 24
2997 61
2998 14
2999 94
3000 230
3001 120
3002 241
3003 85
3004 18
3005 112
3006 47
3007 2
3009 191
3010 239
3011 222
3012 7
3013 129
3014 2
3015 1
3016 233
3017 177
3018 80
3019 94
3020 166
3021 78
3022 138
3023 220
3024 80
3025 76
3027 61
3028 238
3029 109
3030 230
3031 125
3032 161
3033 138
3034 27
3035 88
3036 194
3037 232
3038 14
3039 244
3040 43
3041 2
3042 186
3043 27
3044 43
3045 160
3046 77
3047 27
3048 245
3049 144
3050 147
3051 16
3052 99
3053 177
3054 94
3055 118
3056 71
3057 155
3058 241
3059 139
3060 40
3062 225
3063 83
3064 7
3065 241
3066 100
3067 165
3068 157
3069 43
3070 51
3071 135
3072 168
3073 88
3074 0
3075 15
3076 99
3077 184
3078 198
3079 109
3080 125
3081 34
3082 157
3083 109
3084 180
3085 109
3087 34
3088 163
3089 140
3090 6
3091 13
3092 46
3093 2
3094 182
3095 186
3096 228
3097 48
3098 186
3099 60
3100 6
3101 83
3102 53
3103 156
3104 205
3105 94
3106 186
3107 94
3108 147
3109 140
3110 247
3111 220
3112 24
3113 179
3114 43
3115 155
3116 64
3117 27
3118 197
3119 236
3120 110
3121 85
3122 138
3123 220
3124 185
3125 44
3126 212
3127 1
3128 47
3129 7
3130 34
3131 156
3132 34
3133 222
3134 143
3135 82
3136 185
3137 125
3138 172
3139 18
3140 213
3141 156
3142 21
3143 107
3144 186
3145 94
3146 207
3147 172
3148 217
3149 193
3150 59
3151 35
3152 229
3153 43
3154 113
3155 211
3156 27
3157 230
3158 235
3159 128
3160 53
3161 28
3162 7
3163 146
3164 128
3165 179
3166 28
3167 244
3168 209
3169 172
3170 82
3171 105
3172 157
3173 157
3174 229
3175 109
3176 66
3177 35
3178 247
3179 116
3180 28
3181 178
3182 85
3183 230
3184 46
3185 2
3186 81
3187 128
3188 61
3189 88
3190 214
3191 138
3192 241
3194 109
3195 176
3196 109
3197 157
3198 197
3199 138
3200 142
3201 179
3202 94
3203 124
3204 156
3205 164
3206 241
3207 182
3208 96
3209 164
3210 197
3211 67
3212 47
3213 209
3214 14
3215 71
3216 148
3217 156
3218 198
3219 123
3220 12
3222 34
3223 110
3224 189
3225 194
3226 2
3227 14
3228 212
3229 71
3230 196
3231 6
3232 164
3233 130
3234 135
3235 50
3236 140
3237 221
3238 52
3239 154
3240 120
3241 94
3242 222
3243 116
3244 160
3245 173
3246 179
3247 1
3248 14
3249 204
3250 179
3252 135
3253 228
3254 21
3255 100
3256 157
3257 157
3258 48
3259 241
3260 126
3261 90
3262 100
3263 155
3264 100
3265 23
3267 176
3268 183
3269 109
3270 38
3271 85
3272 50
3273 212
3274 117
3276 80
3277 230
3278 205
3279 172
3280 205
3281 119
3282 177
3283 125
3284 80
3285 193
3286 17
3287 157
3288 205
3289 186
3290 7
3291 27
3292 151
3293 153
3294 146
3295 50
3296 113
3297 27
3298 146
3299 125
3300 7
3301 164
3302 155
3303 220
3304 51
3305 17
3306 50
3307 146
3308 52
3309 220
3310 190
3311 31
3312 135
3313 161
3314 95
3315 12
3316 177
3317 138
3318 241
3319 208
3320 172
3321 225
3322 135
3323 175
3324 1
3325 213
3326 177
3327 71
3328 205
3329 81
3330 12
3331 212
3332 235
3333 232
3334 50
3335 36
3336 12
3338 53
3339 223
3340 85
3341 0
3342 27
3343 139
3344 80
3345 135
3346 108
3347 147
3348 145
3349 46
3350 52
3351 2
3352 1
3353 151
3354 209
3356 213
3357 246
3358 211
3359 7
3360 160
3361 110
3362 197
3363 156
3364 157
3365 228
3366 46
3367 208
3368 74
3369 71
3370 82
3371 117
3372 118
3373 189
3374 156
3375 70
3376 34
3377 138
3378 89
3379 137
3380 135
3381 197
3382 192
3383 94
3385 143
3386 157
3387 230
3388 241
3389 146
3390 172
3391 225
3392 230
3393 148
3394 7
3395 191
3396 138
3397 96
3398 168
3399 165
3400 13
3401 177
3402 85
3403 58
3405 74
3406 100
3407 247
3408 179
3409 140
3410 172
3411 175
3412 182
3413 38
3414 161
3415 61
3416 120
3417 226
3418 82
3419 43
3420 112
3421 233
3422 27
3423 66
3424 205
3425 43
3426 6
3427 191
3428 23
3429 220
3430 61
3431 164
3432 142
3433 157
3434 119
3435 175
3436 120
3437 177
3438 7
3439 34
3440 42
3441 123
3442 117
3443 80
3444 114
3445 145
3446 79
3447 38
3448 27
3449 71
3450 205
3451 205
3452 25
3454 109
3455 87
3456 220
3457 188
3458 0
3459 7
3460 218
3461 180
3462 155
3463 195
3464 143
3465 248
3466 94
3467 18
3468 17
3470 146
3471 156
3472 159
3473 8
3474 225
3475 164
3476 75
3477 46
3478 184
3479 158
3480 6
3481 72
3482 163
3483 156
3484 89
3485 27
3486 241
3488 57
3489 7
3490 167
3491 244
3493 92
3494 240
3495 87
3496 175
3497 62
3498 142
3499 205
3500 168
3501 20
3502 27
3503 140
3504 179
3505 227
3506 28
3507 197
3508 249
3509 198
3510 100
3511 182
3512 94
3513 244
3514 58
3515 1
3516 4
3517 241
3519 88
3520 156
3521 213
3522 176
3523 120
3525 16
3526 109
3527 153
3528 121
3529 222
3530 224
3531 179
3532 7
3533 211
3534 6
3535 4
3536 112
3537 172
3538 27
3539 119
3540 135
3541 100
3542 8
3543 209
3545 53
3546 232
3547 119
3548 148
3549 51
3550 139
3551 172
3552 154
3553 12
3554 165
3555 238
3556 60
3557 46
3558 7
3559 77
3560 20
3561 38
3562 163
3563 220
3564 160
3565 33
3566 66
3567 138
3568 158
3569 64
3570 34
3571 89
3572 24
3573 163
3575 2
3576 140
3577 191
3578 0
3579 134
3580 172
3581 113
3582 249
3583 229
3584 156
3585 100
3586 18
3587 56
3588 191
3589 100
3590 125
3591 209
3592 21
3593 221
3594 205
3595 49
3596 0
3597 156
3598 1
3599 21
3600 56
3601 150
3602 112
3603 236
3604 2
3605 2
3606 212
3607 167
3608 241
3609 52
3610 100
3611 94
3612 114
3613 63
3614 94
3615 239
3616 164
3617 24
3618 128
3619 197
3620 157
3621 140
3622 230
3623 46
3624 209
3625 79
3626 174
3627 208
3628 6
3629 143
3630 223
3631 103
3632 245
3633 7
3634 94
3636 5
3637 177
3638 135
3639 81
3640 157
3641 217
3642 80
3644 103
3645 43
3646 96
3647 241
3648 164
3649 7
3650 211
3651 105
3652 179
3653 230
3654 80
3655 241
3656 156
3657 156
3658 100
3659 110
3660 157
3661 58
3662 161
3663 172
3664 6
3665 120
3666 151
3667 94
3668 158
3669 28
3670 67
3671 151
3672 144
3673 135
3674 175
3675 156
3676 117
3677 143
3678 166
3679 94
3680 164
3681 45
3682 220
3683 80
3684 191
3685 60
3686 2
3688 17
3689 143
3690 54
3691 191
3692 94
3693 61
3694 19
3695 220
3696 113
3697 244
3698 244
3699 156
3700 23
3701 115
3702 53
3703 226
3704 106
3705 152
3706 230
3707 191
3708 46
3709 168
3710 28
3711 155
3712 177
3713 20
3714 24
3715 213
3716 67
3717 208
3719 27
3720 193
3721 27
3722 209
3723 241
3724 156
3725 100
3726 112
3727 135
3728 126
3729 13
3730 38
3731 46
3732 163
3733 205
3734 82
3735 24
3736 7
3737 175
3738 28
3739 138
3740 132
3741 52
3742 51
3743 128
3744 211
3745 17
3746 100
3747 53
3748 193
3749 183
3750 50
3751 156
3752 82
3753 101
3754 125
3755 191
3756 230
3757 117
3758 233
3759 96
3760 14
3761 156
3762 157
3763 133
3764 43
3765 179
3766 230
3767 153
3768 241
3769 51
3770 156
3771 3
3772 72
3773 220
3774 125
3775 74
3776 183
3777 213
3778 88
3779 113
3780 156
3781 216
3782 232
3783 243
3784 113
3785 183
3786 32
3787 2
3788 20
3789 19
3790 176
3791 95
3792 75
3793 168
3794 155
3795 177
3796 92
3797 205
3798 177
3799 1
3800 156
3801 88
3802 195
3803 51
3804 90
3805 24
3806 34
3807 98
3808 99
3809 148
3811 176
3812 164
3813 138
3814 180
3815 209
3816 134
3817 180
3818 247
3819 156
3820 118
3821 140
3822 102
3823 18
3824 205
3825 67
3826 138
3827 88
3828 241
3829 249
3830 21
3831 241
3832 127
3833 51
3834 150
3836 25
3837 49
3838 57
3839 134
3840 89
3841 20
3842 172
3843 58
3844 28
3845 242
3846 8
3847 6
3848 157
3849 232
3850 5
3851 143
3852 164
3853 43
3854 118
3855 46
3856 224
3857 241
3858 156
3859 232
3860 88
3861 38
3862 60
3863 18
3864 43
3865 197
3866 186
3867 193
3868 88
3869 138
3870 156
3871 148
3872 191
3873 154
3874 155
3875 3
3876 49
3877 241
3878 59
3879 125
3880 161
3881 135
3882 186
3883 148
3884 119
3885 22
3886 136
3887 241
3888 175
3889 134
3890 183
3891 195
3892 143
3893 194
3894 7
3895 147
3896 28
3897 212
3898 94
3899 137
3901 180
3902 191
3904 175
3905 210
3906 94
3907 153
3908 34
3909 185
3910 75
3911 183
3912 230
3913 245
3914 173
3915 14
3916 88
3917 249
3918 140
3919 156
3920 100
3921 15
3922 53
3923 23
3924 177
3925 14
3926 60
3927 2
3928 157
3929 95
3930 103
3931 163
3932 170
3933 229
3934 117
3935 71
3936 67
3938 220
3939 237
3940 195
3941 108
3943 34
3944 197
3945 112
3946 125
3947 148
3948 197
3949 92
3950 94
3951 132
3952 224
3953 151
3954 12
3955 167
3956 34
3957 246
3958 232
3959 56
3960 160
3961 198
3962 249
3963 68
3964 239
3965 248
3966 220
3967 51
3968 34
3969 68
3970 179
3971 34
3972 100
3973 154
3974 191
3975 193
3976 161
3977 67
3978 156
3979 128
3980 68
3981 15
3982 156
3983 134
3984 227
3985 134
3986 0
3987 100
3988 2
3989 148
3990 82
3991 159
3992 230
3993 22
3994 138
3995 220
3996 74
3997 119
3998 156
3999 110
4000 7
4001 138
4002 119
4003 220
4004 209
4005 218
4006 67
4007 117
4008 232
4009 175
4010 230
4011 98
4012 53
4013 220
4014 53
4015 205
4016 98
4017 157
4018 212
4019 80
4020 61
4021 156
4022 157
4023 3
4024 208
4025 9
4026 157
4027 197
4028 177
4029 61
4030 21
4031 175
4032 86
4033 159
4034 138
4035 81
4036 177
4037 183
4038 239
4039 17
4040 152
4041 235
4042 247
4043 157
4044 19
4045 7
4046 27
4047 94
4048 175
4049 142
4050 6
4051 134
4052 7
4053 61
4054 80
4055 57
4056 194
4057 7
4058 161
4059 77
4060 186
4061 241
4062 131
4063 205
4064 29
4065 119
4066 205
4067 10
4068 42
4069 47
4070 148
4071 35
4072 233
4073 48
4074 100
4075 230
4076 91
4077 51
4078 175
4079 139
4080 246
4081 230
4082 2
4083 71
4084 169
4085 183
4086 180
4087 156
4088 2
4089 220
4090 14
4091 230
4092 7
4093 185
4094 191
4095 238
4096 6
4097 51
4098 23
4100 209
4101 151
4102 156
4104 115
4105 140
4106 25
4107 193
4108 88
4109 119
4110 132
4111 175
4112 175
4113 148
4114 6
4115 2
4116 188
4117 134
4118 176
4119 208
4120 155
4121 80
4122 208
4123 51
4124 46
4125 117
4126 49
4127 189
4128 169
4129 220
4130 177
4131 49
4132 134
4133 27
4134 212
4135 17
4137 7
4138 68
4139 168
4140 139
4141 209
4142 14
4143 94
4144 183
4145 188
4146 174
4147 241
4148 161
4149 105
4150 119
4151 100
4152 214
4153 205
4154 168
4155 111
4156 140
4157 165
4158 241
4159 17
4160 66
4161 61
4162 241
4163 183
4164 20
4165 17
4166 88
4167 143
4168 45
4169 116
4170 61
4171 17
4172 177
4173 232
4174 159
4175 126
4176 211
4177 40
4178 169
4179 17
4180 51
4181 68
4182 197
4183 68
4184 116
4185 193
4186 109
4187 220
4188 245
4189 61
4190 57
4191 36
4192 34
4193 66
4194 109
4195 100
4196 46
4197 34
4198 8
4199 122
4200 195
4201 241
4202 75
4203 168
4204 115
4205 100
4206 188
4207 80
4208 164
4209 28
4210 205
4211 80
4212 70
4213 157
4214 88
4215 226
4216 183
4218 51
4219 53
4220 156
4221 233
4222 107
4223 197
4224 9
4225 108
4226 143
4227 68
4228 96
4229 223
4230 156
4231 157
4232 1
4233 123
4234 217
4235 140
4236 0
4237 156
4238 164
4239 21
4240 164
4241 17
4242 82
4243 27
4244 4
4245 88
4246 209
4247 89
4248 108
4249 89
4250 220
4251 2
4252 198
4253 53
4254 135
4255 88
4256 241
4257 167
4258 7
4259 51
4260 177
4261 177
4263 68
4264 112
4266 160
4267 232
4268 139
4269 236
4270 195
4272 17
4273 88
4274 113
4275 6
4276 94
4277 241
4278 82
4279 2
4280 61
4281 190
4282 156
4283 241
4284 123
4285 20
4286 13
4287 140
4288 164
4289 46
4290 185
4291 85
4292 120
4293 174
4294 156
4295 88
4296 120
4297 222
4298 160
4299 27
4300 220
4301 23
4302 114
4303 201
4304 21
4305 23
4306 14
4307 94
4308 67
4309 118
4310 24
4311 90
4312 51
4313 188
4314 61
4315 79
4316 162
4317 193
4318 239
4319 88
4320 156
4321 217
4322 100
4323 120
4324 38
4325 100
4326 143
4327 53
4328 220
4329 130
4330 14
4331 16
4332 225
4333 169
4334 241
4335 164
4336 51
4337 211
4338 132
4339 220
4340 112
4341 119
4342 238
4343 85
4344 234
4345 113
4346 51
4347 100
4348 117
4349 164
4350 220
4351 49
4352 241
4353 143
4354 103
4355 157
4356 24
4357 100
4358 193
4359 2
4360 9
4361 214
4362 88
4363 71
4364 97
4365 140
4366 22
4367 68
4369 128
4370 218
4371 28
4372 143
4373 167
4374 218
4375 74
4376 230
4377 2
4378 152
4379 183
4380 119
4381 138
4382 137
4383 107
4384 24
4385 138
4386 175
4387 104
4388 7
4390 51
4391 179
4392 193
4393 164
4394 164
4395 27
4396 205
4397 211
4398 117
4399 167
4400 221
4401 205
4402 182
4403 156
4404 156
4405 100
4406 183
4407 221
4408 92
4409 182
4410 75
4411 156
4412 80
4413 164
4415 164
4416 140
4417 46
4418 85
4420 194
4421 53
4422 200
4423 232
4424 145
4425 91
4426 210
4428 200
4429 222
4430 30
4431 161
4432 125
4433 5
4434 175
4435 220
4436 88
4437 189
4439 157
4440 51
4441 111
4442 92
4443 32
4444 244
4445 19
4446 181
4447 114
4448 157
4449 56
4451 200
4452 246
4453 34
4454 102
4455 14
4456 47
4457 100
4458 81
4459 99
4460 14
4461 134
4462 125
4463 236
4464 2
4465 92
4466 51
4467 43
4468 157
4469 157
4470 177
4471 6
4472 50
4473 1
4474 14
4475 140
4476 208
4477 74
4479 209
4480 181
4481 100
4482 34
4483 69
4484 232
4485 137
4486 161
4487 53
4488 100
4489 167
4490 241
4491 46
4492 220
4493 38
4494 157
4495 16
4496 85
4497 155
4498 161
4499 167
4500 18
4501 93
4502 90
4503 17
4504 241
4505 140
4506 128
4507 148
4508 14
4509 90
4510 92
4511 80
4512 87
4513 140
4514 51
4515 194
4516 140
4517 148
4518 177
4519 134
4520 49
4521 135
4522 151
4523 98
4524 225
4525 103
4526 239
4527 74
4528 120
4529 92
4530 37
4531 177
4532 113
4533 138
4534 45
4535 209
4536 7
4537 137
4538 43
4539 230
4540 187
4541 51
4542 61
4543 100
4544 14
4545 157
4546 232
4547 164
4548 79
4550 14
4551 190
4552 156
4553 1
4554 2
4555 220
4556 157
4557 99
4558 243
4559 216
4560 164
4561 168
4562 51
4563 99
4564 71
4565 183
4566 27
4567 205
4568 218
4569 44
4571 100
4572 241
4573 17
4574 194
4575 228
4576 161
4577 14
4578 118
4579 239
4580 181
4581 125
4582 230
4583 23
4584 220
4585 197
4586 156
4587 49
4588 34
4589 51
4590 138
4591 108
4592 7
4593 12
4594 37
4595 134
4596 156
4598 155
4600 232
4601 34
4602 80
4603 17
4604 183
4605 226
4606 13
4607 241
4608 100
4609 179
4610 241
4611 67
4612 7
4613 71
4614 156
4615 156
4616 7
4617 27
4618 164
4619 236
4620 17
4621 50
4622 84
4623 191
4624 179
4625 18
4626 88
4627 132
4628 181
4629 100
4630 233
4631 27
4632 192
4633 157
4634 7
4635 2
4636 139
4637 220
4638 241
4639 157
4640 112
4641 179
4642 158
4643 148
4644 72
4645 17
4646 135
4647 119
4648 156
4649 183
4650 100
4651 161
4652 23
4653 111
4654 2
4655 208
4656 97
4657 210
4658 164
4659 172
4660 43
4661 100
4662 61
4663 118
4664 164
4665 182
4666 7
4667 138
4668 94
4669 27
4670 191
4671 183
4672 80
4673 132
4674 226
4675 140
4676 243
4677 22
4678 156
4679 1
4680 79
4681 94
4682 2
4683 181
4684 241
4685 205
4686 51
4687 197
4688 41
4689 28
4690 241
4691 155
4692 189
4693 14
4694 82
4695 80
4696 44
4697 113
4698 0
4699 94
4700 95
4701 45
4702 112
4703 119
4704 229
4705 103
4706 76
4707 17
4708 7
4709 196
4710 130
4711 94
4712 177
4713 209
4714 91
4715 32
4716 92
4717 15
4718 2
4719 205
4720 34
4721 248
4722 2
4723 6
4724 241
4725 205
4726 164
4727 61
4728 210
4729 113
4730 105
4731 197
4732 67
4733 76
4734 175
4735 140
4737 6
4738 241
4739 176
4740 100
4741 119
4742 34
4744 232
4745 230
4746 197
4748 205
4749 49
4750 94
4751 220
4752 157
4753 183
4754 27
4755 127
4756 192
4757 61
4759 197
4760 148
4761 2
4762 51
4763 241
4764 88
4765 220
4766 27
4767 52
4768 52
4769 157
4770 14
4771 181
4772 18
4773 174
4774 205
4775 176
4776 186
4777 117
4778 150
4779 1
4780 112
4781 2
4782 4
4783 143
4784 56
4785 183
4786 220
4787 249
4788 223
4789 38
4790 6
4791 32
4792 175
4793 109
4794 2
4795 246
4796 1
4797 94
4798 161
4799 83
4800 14
4801 233
4802 68
4803 197
4804 80
4805 2
4806 156
4807 94
4808 94
4809 140
4810 51
4811 77
4812 173
4813 17
4814 38
4815 113
4816 143
4817 68
4818 175
4820 170
4821 156
4822 164
4823 166
4824 193
4825 232
4826 96
4827 18
4828 100
4829 100
4830 119
4831 208
4832 72
4833 43
4834 161
4835 100
4836 90
4837 209
4839 12
4840 186
4841 157
4842 60
4843 46
4844 14
4845 241
4846 77
4847 61
4848 164
4849 230
4850 228
4851 238
4852 139
4853 175
4854 88
4855 140
4856 157
4857 38
4858 75
4859 165
4860 75
4861 195
4862 43
4863 52
4864 52
4865 134
4866 174
4867 183
4868 140
4869 205
4870 61
4871 100
4872 238
4873 119
4875 109
4876 232
4877 113
4878 206
4879 191
4880 8
4881 7
4882 82
4883 7
4884 53
4885 193
4886 47
4887 28
4888 205
4889 143
4890 232
4891 16
4892 92
4893 24
4894 156
4895 228
4896 53
4897 88
4898 226
4899 233
4900 204
4901 161
4903 43
4904 13
4905 7
4906 230
4907 234
4908 179
4909 50
4910 75
4911 146
4913 88
4914 143
4915 155
4916 51
4917 179
4918 241
4919 102
4921 58
4922 79
4923 96
4924 117
4925 204
4926 105
4928 186
4929 197
4931 51
4932 119
4933 43
4934 106
4935 110
4936 79
4937 157
4938 7
4939 88
4940 184
4941 183
4942 94
4944 18
4945 109
4946 140
4947 90
4948 36
4949 161
4950 242
4951 143
4952 134
4953 228
4954 189
4955 7
4956 193
4957 209
4958 100
4959 169
4960 169
4961 1
4962 58
4963 81
4964 43
4965 220
4966 155
4967 30
4968 92
4969 37
4970 77
4971 172
4972 167
4973 128
4974 15
4975 157
4976 16
4977 102
4978 26
4979 19
4980 167
4981 100
4982 94
4983 157
4984 197
4985 137
4986 3
4987 6
4988 14
4989 14
4990 138
4991 157
4992 120
4993 61
4994 156
4995 156
4996 66
4997 140
4998 6
4999 150
5000 117
5001 157
5002 156
5003 186
5004 134
5005 7
5006 175
5007 135
5008 148
5009 119
5010 197
5011 120
5012 47
5013 18
5014 59
5015 125
5016 88
5017 105
5018 179
5019 109
5020 243
5021 212
5022 238
5023 125
5024 4
5025 71
5026 142
5027 14
5028 157
5029 21
5030 167
5031 117
5032 7
5033 2
5034 100
5035 163
5036 193
5037 92
5038 232
5039 232
5040 7
5042 117
5043 137
5044 232
5045 100
5046 51
5047 6
5048 2
5049 140
5050 17
5051 205
5052 17
5053 195
5054 221
5055 96
5056 120
5057 7
5058 7
5059 177
5060 239
5061 7
5062 164
5063 7
5064 233
5065 27
5066 53
5067 232
5068 51
5070 156
5071 164
5072 88
5073 61
5074 232
5075 80
5076 51
5077 7
5078 68
5079 68
5080 68
5081 7
5082 7
5083 155
5084 2
5085 238
5086 109
5087 82
5088 125
5089 183
5090 205
5091 199
5092 67
5093 167
5094 14
5095 14
5096 232
5097 205
5098 155
5099 134
5100 80
5101 205
5102 7
5103 99
5104 7
5105 7
5106 164
5107 12
5108 241
5110 140
5111 47
5112 2
5113 177
5114 3
5115 28
5116 2
5117 99
5118 201
5119 117
5120 135
5121 179
5122 119
5123 82
5124 156
5125 17
5126 53
5127 134
5128 45
5129 197
5130 34
5131 228
5132 61
5133 101
5134 115
5135 83
5136 140
5137 34
5138 7
5139 106
5140 43
5141 172
5142 164
5143 187
5144 140
5145 102
5146 51
5147 232
5148 188
5149 186
5150 51
5151 193
5152 197
5153 146
5154 7
5155 156
5156 7
5157 156
5158 179
5159 56
5160 157
5161 223
5162 61
5163 30
5164 233
5165 134
5166 17
5167 75
5168 68
5169 167
5170 205
5171 71
5172 166
5173 14
5174 100
5175 205
5177 14
5178 46
5179 96
5180 68
5181 190
5182 142
5183 14
5184 94
5185 205
5186 88
5187 157
5188 248
5189 241
5190 100
5191 241
5192 161
5193 179
5194 92
5195 179
5196 164
5197 33
5198 167
5199 60
5201 4
5202 241
5203 14
5204 156
5205 16
5206 205
5207 212
5208 132
5209 161
5210 88
5211 113
5212 230
5213 127
5214 111
5215 46
5216 2
5217 71
5218 139
5219 125
5220 94
5221 46
5222 244
5223 194
5224 165
5225 7
5226 21
5227 138
5228 14
5229 229
5230 168
5231 224
5232 207
5233 17
5234 183
5235 7
5236 197
5237 80
5238 32
5239 193
5240 208
5241 46
5242 209
5243 241
5244 100
5245 241
5246 100
5247 127
5248 167
5249 177
5250 223
5251 205
5252 100
5253 85
5254 17
5255 77
5256 157
5257 181
5258 197
5259 164
5260 161
5261 6
5262 2
5263 175
5264 176
5265 205
5266 200
5267 156
5268 241
5269 241
5270 47
5271 226
5272 68
5273 220
5274 51
5275 68
5276 117
5277 46
5278 119
5279 43
5280 138
5281 17
5282 38
5283 82
5284 13
5285 118
5286 24
5287 27
5288 85
5289 151
5290 183
5291 229
5292 220
5293 18
5294 194
5295 138
5296 24
5297 24
5298 230
5299 100
5300 119
5301 186
5302 43
5303 149
5304 164
5305 230
5306 230
5307 7
5308 109
5309 196
5310 179
5311 225
5312 26
5313 233
5314 2
5315 45
5316 233
5317 53
5318 205
5319 241
5320 100
5321 3
5322 119
5323 220
5324 61
5325 179
5326 125
5327 112
5328 18
5329 138
5330 18
5331 68
5332 140
5333 6
5334 0
5335 88
5336 82
5337 156
5338 198
5339 75
5340 137
5341 68
5342 241
5343 53
5344 186
5345 232
5346 205
5347 155
5348 7
5349 157
5350 94
5351 23
5352 68
5353 138
5354 220
5355 231
5356 218
5357 220
5358 9
5359 118
5360 82
5361 220
5362 191
5363 135
5364 43
5365 53
5366 238
5367 88
5368 68
5369 220
5370 157
5371 110
5372 148
5373 125
5374 220
5375 82
5376 135
5377 125
5378 43
5379 33
5380 110
5381 164
5382 43
5383 220
5384 109
5385 167
5386 110
5387 18
5388 94
5389 174
5390 186
5391 241
5392 220
5393 96
5394 156
5395 20
5396 18
5397 100
5398 100
5399 49
5400 2
5401 68
5402 7
5403 7
5404 205
5405 17
5406 174
5407 188
5408 94
5409 156
5410 14
5411 42
5412 42
5413 140
5414 118
5415 220
5416 232
5417 34
