0 98
1 85
2 41
3 118
4 23
5 216
6 36
7 51
8 212
9 54
10 53
11 153
12 175
13 147
14 219
15 1
16 183
17 232
18 124
19 14
20 149
21 79
22 109
23 46
24 245
25 115
26 91
27 132
28 89
29 59
30 60
31 41
32 79
33 12
34 237
35 79
36 145
37 136
38 53
39 135
40 86
41 7
42 230
43 227
44 33
45 107
46 91
47 59
48 169
49 158
50 21
51 36
52 169
53 209
54 212
55 127
56 9
57 33
58 93
59 149
60 201
61 204
62 205
63 38
64 16
65 41
66 35
67 12
68 15
69 245
70 149
71 154
72 111
73 54
74 92
75 116
76 46
77 196
78 84
79 25
80 55
81 119
82 213
83 41
84 111
85 223
86 54
87 59
88 72
89 106
90 239
91 145
92 19
93 89
94 9
95 21
96 36
97 219
98 138
99 216
100 213
101 38
102 93
103 79
104 165
105 50
106 161
107 81
108 112
109 204
110 185
111 180
112 57
113 145
114 106
115 173
116 113
117 2
118 54
119 166
120 144
121 91
122 218
123 198
124 96
125 109
126 119
127 72
128 149
129 126
130 213
131 160
132 72
133 46
134 45
135 138
136 166
137 23
138 16
139 7
140 44
141 117
142 157
143 154
144 74
145 33
146 29
147 184
148 84
149 43
150 86
151 153
152 210
153 9
154 170
155 34
156 19
157 0
158 80
159 47
160 22
161 36
162 145
163 193
164 114
165 62
166 29
167 123
168 175
169 105
170 106
171 177
172 230
173 175
174 31
175 18
176 129
177 122
178 154
179 239
180 240
181 148
182 159
183 107
184 204
185 161
186 99
187 154
188 110
189 82
190 94
191 183
192 52
193 232
194 240
195 92
196 57
197 108
198 213
199 213
200 31
201 58
202 65
203 174
204 162
205 72
206 55
207 47
208 101
209 55
210 162
211 50
212 114
213 249
214 137
215 184
216 195
217 21
218 133
219 100
220 36
221 96
222 219
223 119
224 151
225 110
226 141
227 9
228 136
229 50
230 3
231 103
232 164
233 118
234 185
235 137
236 4
237 138
238 63
239 171
240 194
241 155
242 88
243 249
244 108
245 106
246 57
247 166
248 192
249 195
250 45
251 33
252 174
253 204
254 183
255 135
256 107
257 109
258 150
259 193
260 138
261 153
262 43
263 138
264 65
265 160
266 14
267 227
268 193
269 219
270 192
271 178
272 239
273 73
274 114
275 46
276 4
277 150
278 106
279 165
280 215
281 59
282 130
283 224
284 40
285 169
286 219
287 6
288 237
289 224
290 54
291 56
292 183
293 114
294 1
295 78
296 221
297 58
298 184
299 100
301 183
302 22
303 46
304 88
305 227
306 19
307 123
308 237
309 59
310 80
311 10
312 157
313 210
314 23
315 114
316 138
317 69
318 86
319 193
320 245
321 120
322 195
323 234
324 236
325 50
326 152
327 74
328 18
329 147
330 71
331 35
332 110
333 183
334 171
335 59
336 195
337 44
338 123
339 223
340 192
341 74
342 131
343 45
344 105
345 208
346 67
347 100
348 192
349 184
350 72
351 221
352 82
353 14
354 7
355 130
356 138
357 95
358 220
359 156
360 124
361 43
362 153
363 219
364 68
365 23
366 240
367 53
368 220
369 168
370 138
371 131
372 106
373 138
374 162
375 90
376 211
377 175
378 63
379 110
380 59
381 38
382 140
383 147
384 46
385 15
386 113
387 43
388 78
389 180
390 110
391 57
392 154
393 174
394 241
395 208
396 164
397 147
398 72
399 154
400 124
401 78
402 184
403 149
404 193
405 58
407 91
408 52
409 98
410 91
411 177
412 98
413 53
414 180
415 29
416 217
417 63
418 147
419 186
420 129
421 219
422 172
423 89
424 45
425 90
426 123
427 36
428 34
429 74
430 28
431 106
432 154
433 153
434 138
435 78
436 30
437 63
438 192
439 21
440 113
441 131
442 198
443 67
444 36
445 145
446 154
447 228
448 151
449 22
450 21
451 87
452 127
453 130
454 110
455 198
456 65
457 213
458 84
459 106
460 27
461 72
462 241
463 96
464 45
465 44
466 74
467 170
468 72
469 40
470 108
471 136
472 138
473 192
474 72
475 23
476 26
477 60
478 51
479 102
480 95
481 55
482 244
483 246
484 48
485 141
486 153
487 154
488 161
489 224
490 106
491 239
492 106
493 3
494 127
495 157
496 16
497 245
498 143
499 8
500 189
501 157
502 150
503 44
504 180
505 11
506 73
507 113
508 65
509 154
510 3
511 37
512 166
513 96
514 41
515 91
516 235
517 70
518 69
519 107
520 67
522 64
523 67
524 118
525 237
526 136
527 46
528 206
529 66
530 249
531 55
532 192
533 157
534 36
535 231
536 201
537 109
538 218
539 132
540 153
541 85
542 58
543 193
544 96
545 88
546 220
547 131
548 196
549 126
550 74
551 193
552 105
553 150
554 85
555 38
556 111
557 56
558 177
559 58
560 15
561 158
562 194
563 33
564 18
565 73
566 229
567 41
568 141
569 213
570 113
571 43
572 17
573 25
574 115
575 59
576 183
577 67
578 100
579 48
580 80
581 178
582 138
583 87
584 18
585 123
586 0
587 190
588 92
589 67
590 45
591 91
592 237
593 171
594 2
595 15
596 4
597 59
598 86
599 153
600 217
601 53
602 249
603 141
604 136
605 213
606 47
607 130
608 129
609 64
610 55
611 239
612 72
613 13
614 181
615 61
616 206
617 117
618 184
619 19
620 66
621 163
622 46
623 34
624 81
626 245
627 104
628 153
629 104
630 162
631 235
632 174
633 245
634 189
635 246
636 63
637 180
638 96
639 73
640 106
641 139
642 169
643 231
644 14
645 198
646 5
647 10
648 111
649 164
650 37
651 177
652 45
654 155
655 57
656 59
657 63
658 105
659 192
660 151
661 147
662 108
663 158
664 115
665 96
666 149
667 79
668 247
669 105
670 208
671 142
672 80
673 136
674 7
675 198
676 146
677 110
678 46
679 12
680 223
681 206
682 231
683 41
684 191
685 45
686 67
687 144
688 86
689 37
690 90
691 67
692 175
693 194
694 18
695 169
696 30
697 95
698 9
699 221
700 195
701 185
702 79
703 146
704 33
705 178
706 186
707 236
708 240
709 46
710 175
711 106
712 138
713 137
715 109
716 91
717 52
718 218
719 91
720 67
721 161
722 154
723 130
724 224
725 77
726 189
727 55
728 18
729 63
730 113
731 120
732 96
733 142
734 198
735 59
736 245
737 80
738 111
739 107
740 166
741 23
742 205
743 208
744 53
745 183
746 168
747 88
748 162
749 217
750 37
751 3
752 62
753 69
754 232
755 130
756 65
757 96
758 89
759 22
760 21
761 159
762 115
763 22
764 237
765 101
766 58
767 106
768 106
769 204
770 3
771 101
772 239
773 169
774 205
775 199
776 50
777 206
778 175
779 10
780 27
781 50
782 107
783 153
784 165
785 94
786 200
787 84
788 138
790 189
791 166
792 166
793 108
794 91
795 50
796 137
797 230
798 107
799 20
800 180
801 83
802 180
803 170
804 45
805 43
806 214
807 209
808 0
809 159
810 127
811 25
812 150
813 91
814 82
815 19
816 233
817 115
818 29
819 29
820 91
821 96
822 55
823 206
824 37
825 104
826 149
827 91
828 34
829 65
830 33
831 20
832 27
833 131
834 0
835 116
836 137
837 180
838 140
839 218
840 218
841 82
842 165
843 79
844 26
845 48
846 30
847 181
848 4
849 191
850 65
851 230
852 177
853 33
854 147
855 10
856 153
857 239
858 67
859 59
860 91
861 7
862 174
863 237
864 9
865 218
866 45
867 100
868 50
869 62
870 188
871 147
872 205
873 29
874 233
875 48
876 63
877 175
878 50
879 5
880 47
881 233
882 42
883 127
884 116
885 179
886 35
887 85
888 100
889 72
890 34
891 206
892 18
893 18
894 175
895 35
896 177
897 166
898 166
899 110
900 115
901 67
902 63
903 106
904 5
905 85
906 218
907 2
908 242
909 123
910 106
911 165
912 236
913 155
914 211
915 134
916 165
917 78
918 162
919 26
920 105
921 61
922 23
923 135
924 19
925 201
926 33
927 106
928 190
929 121
930 86
931 157
932 185
933 72
934 150
935 68
936 143
937 160
938 0
939 85
940 165
941 162
942 55
943 245
944 90
945 73
946 94
947 174
948 44
949 42
950 201
951 91
952 144
953 185
954 228
955 140
956 29
957 151
958 123
959 51
960 155
961 124
962 90
963 10
964 139
965 108
966 229
967 142
968 120
969 178
970 199
971 18
972 167
973 29
974 80
975 115
976 73
977 54
978 27
979 165
980 136
981 175
982 18
983 40
984 120
985 155
986 101
987 59
988 37
989 36
990 4
991 190
992 223
993 234
994 180
995 80
996 123
997 249
998 246
999 44
1000 37
1001 154
1002 96
1003 136
1004 115
1005 171
1006 132
1007 66
1008 78
1009 85
1010 135
1011 147
1012 33
1013 237
1014 167
1015 96
1016 149
1017 223
1018 48
1019 244
1020 73
1021 90
1022 189
1023 136
1024 67
1025 27
1026 110
1027 116
1028 225
1029 205
1030 221
1031 10
1032 64
1033 120
1034 63
1035 80
1036 106
1037 31
1038 137
1039 50
1040 223
1041 93
1042 74
1043 162
1044 10
1045 165
1046 102
1047 180
1048 41
1049 185
1050 46
1051 167
1052 74
1053 157
1054 10
1055 88
1056 166
1057 245
1058 105
1059 171
1060 96
1061 81
1062 167
1063 91
1064 144
1065 30
1066 237
1067 144
1068 73
1069 51
1070 237
1071 115
1072 96
1073 22
1074 229
1075 55
1076 52
1077 80
1078 237
1079 65
1080 15
1081 120
1082 9
1083 204
1084 67
1085 88
1086 201
1087 115
1088 5
1089 245
1090 167
1091 59
1092 185
1093 240
1094 63
1095 0
1096 80
1097 15
1098 219
1099 150
1100 92
1101 201
1102 87
1103 52
1104 14
1105 97
1106 179
1107 37
1108 249
1109 3
1110 227
1111 164
1112 47
1113 243
1114 74
1115 121
1116 240
1117 171
1118 98
1119 22
1120 150
1121 127
1122 114
1123 94
1124 29
1125 52
1126 183
1127 53
1128 84
1129 80
1130 227
1131 31
1132 15
1133 114
1134 244
1135 130
1136 33
1137 184
1138 117
1139 167
1140 206
1141 119
1142 153
1143 63
1144 217
1145 67
1146 71
1147 233
1148 138
1149 235
1150 9
1151 35
1152 37
1153 193
1154 236
1155 99
1156 42
1157 107
1158 136
1159 174
1160 206
1161 155
1162 22
1163 53
1164 229
1165 180
1166 167
1167 199
1168 78
1169 37
1170 109
1171 165
1172 56
1173 236
1174 67
1175 82
1176 171
1177 102
1178 58
1179 121
1180 63
1181 130
1182 85
1183 190
1184 125
1185 244
1186 214
1187 88
1188 116
1189 234
1190 42
1191 157
1192 229
1193 100
1194 237
1195 4
1196 158
1197 201
1198 148
1199 120
1200 123
1201 135
1202 62
1203 16
1205 136
1206 140
1207 230
1208 10
1209 119
1210 3
1211 47
1212 4
1213 77
1214 4
1215 120
1216 185
1217 99
1218 203
1219 219
1220 139
1221 78
1222 25
1223 34
1224 167
1225 18
1226 151
1227 78
1228 7
1229 61
1230 223
1231 74
1232 18
1233 33
1234 169
1235 65
1236 115
1237 195
1238 100
1239 218
1240 121
1241 161
1242 157
1243 94
1244 206
1245 115
1246 36
1247 87
1248 34
1249 108
1250 149
1251 65
1252 48
1253 218
1254 112
1255 136
1256 148
1257 220
1258 46
1259 12
1260 165
1261 177
1262 122
1263 157
1264 153
1265 136
1266 192
1267 123
1268 166
1269 78
1270 184
1271 140
1273 136
1274 45
1275 136
1277 132
1278 204
1279 98
1280 50
1281 166
1282 77
1283 124
1284 180
1285 29
1286 5
1287 46
1288 93
1289 223
1290 213
1291 36
1292 91
1293 95
1294 149
1295 0
1296 89
1297 15
1298 86
1299 85
1300 9
1301 149
1302 127
1303 192
1304 80
1305 213
1306 58
1307 229
1308 245
1309 5
1310 1
1311 67
1312 30
1313 85
1314 88
1315 65
1316 79
1317 162
1318 34
1319 179
1320 18
1321 123
1322 59
1323 43
1324 25
1325 23
1326 208
1327 115
1328 234
1329 80
1330 96
1331 73
1332 136
1333 60
1334 131
1335 92
1336 149
1337 155
1338 234
1339 166
1340 119
1341 15
1342 208
1343 189
1344 25
1345 221
1346 9
1347 80
1348 135
1349 67
1350 225
1351 27
1352 55
1353 78
1354 91
1355 120
1356 150
1357 15
1358 74
1359 113
1360 34
1361 109
1362 88
1363 138
1364 66
1365 158
1366 63
1367 169
1368 230
1369 131
1370 234
1371 86
1372 62
1373 180
1374 136
1375 72
1376 230
1377 193
1378 237
1379 50
1380 110
1381 52
1382 229
1383 91
1384 232
1385 242
1386 144
1387 90
1388 105
1389 62
1390 9
1391 10
1392 58
1393 188
1394 50
1396 138
1397 221
1398 237
1399 58
1400 22
1401 128
1402 46
1403 80
1404 171
1405 80
1406 200
1407 80
1408 194
1409 34
1410 98
1411 170
1412 134
1413 105
1414 54
1415 79
1416 91
1417 4
1418 12
1419 175
1420 153
1421 15
1422 133
1423 200
1425 200
1426 50
1427 166
1428 161
1429 30
1430 119
1431 8
1432 236
1433 201
1434 147
1435 122
1436 32
1437 237
1438 45
1439 105
1440 166
1441 195
1442 151
1443 45
1444 231
1445 157
1446 158
1447 116
1448 165
1449 95
1450 144
1451 34
1452 233
1453 33
1454 183
1455 154
1456 147
1457 135
1458 29
1459 80
1460 132
1461 219
1463 85
1464 95
1465 209
1466 120
1467 162
1468 24
1469 227
1470 208
1471 249
1472 183
1473 0
1474 95
1475 145
1476 227
1477 142
1478 206
1479 147
1480 90
1481 165
1482 14
1483 155
1484 110
1485 137
1486 245
1487 216
1488 174
1489 159
1490 41
1491 3
1493 201
1494 104
1495 141
1496 74
1497 246
1498 88
1499 198
1500 32
1501 84
1502 208
1503 110
1504 167
1505 177
1506 24
1507 104
1508 47
1509 114
1510 223
1511 237
1512 13
1513 230
1514 37
1515 142
1516 88
1517 13
1518 60
1519 137
1520 91
1521 105
1522 249
1523 59
1524 174
1525 166
1526 34
1527 171
1528 245
1529 78
1530 78
1531 191
1532 59
1533 10
1534 229
1535 154
1536 77
1537 151
1538 110
1539 229
1540 95
1541 12
1542 130
1543 120
1544 144
1545 98
1546 79
1547 120
1548 88
1549 180
1550 202
1551 236
1552 166
1553 86
1554 10
1555 244
1556 74
1557 209
1558 26
1559 123
1560 184
1561 78
1562 180
1563 170
1564 130
1565 177
1566 110
1567 87
1568 155
1569 90
1570 171
1571 140
1572 5
1573 107
1574 21
1575 26
1576 58
1577 23
1578 154
1579 122
1580 123
1581 51
1582 189
1583 90
1584 164
1585 78
1586 105
1587 91
1588 96
1589 88
1590 29
1591 165
1592 0
1593 177
1594 174
1595 240
1596 106
1597 100
1598 118
1599 102
1600 4
1601 54
1602 237
1603 155
1604 47
1605 58
1606 107
1607 135
1608 130
1609 91
1610 126
1611 210
1612 85
1613 100
1614 63
1615 90
1616 96
1617 83
1618 137
1619 85
1620 146
1621 147
1622 189
1623 149
1624 55
1625 232
1626 109
1627 169
1628 130
1629 185
1630 4
1631 240
1632 74
1633 229
1634 61
1635 74
1636 90
1637 149
1638 219
1639 90
1640 104
1641 29
1642 50
1643 167
1644 86
1645 213
1646 130
1647 110
1648 58
1649 86
1650 85
1651 174
1652 165
1653 180
1654 208
1655 223
1656 82
1657 141
1658 29
1659 192
1660 218
1661 10
1662 195
1663 237
1664 241
1665 62
1666 136
1667 59
1668 132
1669 177
1670 123
1671 34
1672 82
1673 153
1674 106
1675 2
1676 92
1677 198
1678 95
1679 190
1680 208
1681 219
1682 167
1683 106
1684 153
1685 67
1686 34
1688 171
1689 146
1690 22
1691 37
1692 132
1693 63
1694 85
1695 214
1696 19
1697 158
1698 27
1699 171
1700 130
1701 120
1702 95
1703 225
1704 180
1705 242
1706 146
1707 77
1708 116
1709 227
1710 46
1711 98
1712 144
1713 23
1714 148
1715 95
1716 159
1717 91
1718 184
1719 148
1720 147
1721 192
1722 63
1723 18
1725 120
1726 234
1727 95
1728 85
1729 204
1730 34
1731 237
1732 143
1733 165
1734 92
1735 174
1736 98
1737 106
1738 143
1739 189
1740 200
1741 223
1742 33
1743 118
1744 100
1745 167
1746 106
1747 237
1748 192
1749 180
1750 5
1751 171
1752 42
1753 3
1754 81
1755 115
1756 27
1757 165
1758 86
1759 110
1760 178
1761 166
1762 153
1763 5
1764 165
1765 82
1766 211
1767 192
1768 100
1770 169
1771 195
1772 144
1773 32
1774 74
1775 174
1776 85
1777 213
1778 18
1779 229
1780 98
1781 12
1782 136
1783 229
1784 36
1785 59
1786 51
1787 36
1788 85
1789 51
1790 126
1791 66
1792 45
1793 196
1794 171
1795 198
1796 18
1797 228
1798 130
1799 229
1800 56
1801 116
1802 125
1803 184
1804 31
1805 23
1806 219
1807 174
1808 135
1809 152
1810 26
1811 212
1812 58
1813 78
1814 16
1815 59
1816 90
1817 221
1818 88
1819 36
1820 11
1821 227
1822 16
1823 63
1824 205
1825 98
1826 249
1827 18
1828 58
1829 176
1830 204
1831 105
1832 90
1833 245
1834 95
1835 216
1836 65
1837 4
1838 88
1839 80
1840 151
1841 229
1842 104
1843 171
1844 1
1845 183
1846 218
1847 164
1848 114
1849 121
1850 20
1851 79
1852 116
1853 228
1854 206
1855 86
1856 165
1857 165
1858 19
1859 197
1860 166
1861 154
1862 59
1863 85
1864 173
1865 96
1866 3
1867 144
1868 96
1869 157
1870 119
1871 209
1872 237
1873 26
1874 100
1875 25
1876 193
1877 193
1878 33
1879 132
1881 137
1882 153
1883 15
1884 82
1885 36
1886 46
1887 102
1888 113
1889 147
1890 12
1891 221
1892 237
1893 155
1894 249
1895 4
1896 137
1897 169
1898 58
1899 165
1900 5
1901 148
1902 110
1903 153
1904 74
1905 73
1906 41
1907 29
1908 127
1909 237
1910 149
1911 33
1912 107
1913 162
1914 4
1915 106
1916 59
1917 34
1918 53
1919 239
1920 63
1921 5
1922 198
1923 135
1924 74
1925 159
1926 26
1927 245
1928 14
1929 67
1930 50
1931 114
1932 58
1933 61
1934 138
1935 105
1936 119
1937 166
1938 138
1939 144
1940 10
1941 153
1942 6
1943 192
1944 211
1945 123
1946 154
1947 223
1948 12
1949 30
1950 122
1951 10
1952 189
1953 82
1954 122
1955 130
1956 77
1957 115
1958 8
1959 25
1960 1
1961 79
1962 122
1963 132
1964 143
1965 165
1966 62
1967 147
1968 59
1969 56
1970 159
1971 32
1972 204
1973 242
1974 221
1975 89
1976 19
1977 65
1978 66
1979 217
1980 63
1981 213
1982 245
1983 182
1984 218
1985 120
1986 59
1987 4
1988 127
1989 106
1990 91
1991 120
1992 149
1993 33
1994 156
1995 100
1996 74
1997 22
1998 204
1999 172
2000 39
2001 58
2002 185
2003 111
2004 80
2005 171
2006 164
2007 144
2008 100
2009 223
2010 122
2011 47
2012 3
2013 42
2014 80
2015 138
2016 47
2017 114
2018 45
2019 192
2020 43
2021 53
2022 18
2023 106
2024 5
2025 107
2026 95
2027 200
2028 153
2029 77
2030 126
2031 228
2032 59
2033 12
2034 185
2035 219
2036 95
2037 132
2038 153
2039 84
2040 233
2041 237
2042 86
2043 198
2044 66
2045 213
2046 118
2047 79
2048 96
2049 58
2050 88
2051 74
2052 174
2053 26
2054 209
2055 127
2056 91
2057 45
2058 66
2059 67
2060 228
2061 35
2062 192
2063 80
2064 35
2065 199
2066 245
2067 100
2068 76
2069 218
2070 15
2071 82
2072 56
2073 66
2074 75
2075 55
2076 190
2077 209
2078 45
2079 88
2080 159
2081 10
2082 34
2083 149
2084 199
2085 105
2086 237
2087 67
2088 50
2089 229
2090 230
2091 4
2092 149
2093 68
2094 59
2095 46
2096 58
2097 144
2098 237
2099 79
2100 190
2101 41
2102 185
2103 95
2104 241
2105 180
2106 35
2107 95
2108 165
2109 197
2110 95
2111 102
2112 75
2113 190
2114 79
2115 208
2116 18
2117 135
2118 29
2119 237
2120 135
2121 135
2122 141
2123 77
2124 78
2125 63
2126 200
2127 153
2128 155
2129 213
2130 213
2131 137
2132 67
2133 36
2134 45
2135 159
2136 95
2137 221
2138 18
2139 113
2140 154
2141 61
2142 66
2143 237
2144 204
2145 95
2146 144
2147 103
2148 86
2149 151
2150 102
2151 193
2152 87
2153 138
2154 199
2155 63
2156 1
2157 115
2158 151
2159 216
2160 248
2161 16
2162 112
2163 23
2164 8
2165 67
2166 63
2167 7
2168 180
2169 55
2170 3
2171 85
2172 80
2173 80
2174 237
2175 54
2176 60
2177 9
2178 110
2179 33
2180 65
2181 26
2182 180
2183 149
2184 237
2185 191
2186 148
2187 153
2188 80
2189 57
2190 19
2191 0
2192 18
2193 174
2194 136
2195 171
2196 29
2197 96
2198 82
2199 146
2200 147
2201 34
2202 3
2203 107
2204 81
2205 154
2207 171
2208 149
2209 186
2211 166
2212 102
2213 221
2214 165
2215 213
2216 59
2217 241
2218 22
2219 53
2220 67
2221 204
2222 0
2223 78
2224 110
2225 135
2226 55
2227 40
2228 33
2229 19
2230 140
2231 146
2232 47
2233 237
2234 144
2235 186
2236 230
2237 156
2238 3
2239 37
2240 99
2241 165
2242 55
2243 58
2244 237
2245 61
2246 127
2247 166
2248 150
2249 84
2250 141
2251 92
2252 122
2253 54
2254 150
2255 74
2256 61
2257 59
2258 195
2260 167
2261 166
2262 96
2263 4
2264 149
2265 201
2266 3
2267 229
2268 3
2269 124
2270 30
2271 3
2272 228
2273 223
2274 227
2275 60
2276 211
2277 40
2278 122
2279 83
2280 171
2281 123
2282 214
2283 44
2284 162
2285 21
2286 29
2287 21
2288 142
2289 63
2290 185
2291 11
2292 147
2293 165
2294 105
2295 161
2296 67
2297 155
2298 63
2299 3
2300 241
2301 116
2302 208
2303 50
2304 106
2305 227
2306 144
2307 30
2309 26
2310 190
2311 127
2312 12
2313 4
2314 105
2315 237
2316 10
2317 119
2318 223
2319 123
2320 164
2321 246
2322 122
2323 80
2324 100
2325 74
2327 99
2328 155
2329 249
2330 178
2331 74
2332 218
2333 120
2334 82
2335 53
2336 142
2337 85
2338 95
2339 115
2340 16
2341 154
2342 42
2343 171
2344 147
2345 31
2346 138
2347 135
2348 148
2349 204
2350 59
2351 66
2352 146
2353 130
2354 221
2355 6
2356 162
2357 146
2358 22
2359 88
2360 58
2361 78
2362 100
2363 229
2364 233
2365 211
2366 206
2367 79
2368 180
2369 3
2370 167
2371 84
2372 120
2373 82
2374 42
2375 45
2376 169
2377 142
2378 237
2379 63
2380 43
2382 85
2383 241
2384 127
2385 86
2386 90
2387 205
2388 29
2389 67
2390 229
2391 223
2392 0
2393 192
2394 26
2395 167
2396 26
2398 7
2399 19
2400 147
2401 58
2402 241
2403 120
2404 131
2405 100
2406 115
2407 35
2408 114
2409 5
2410 22
2411 229
2412 138
2413 61
2414 91
2415 59
2416 236
2417 224
2418 153
2419 115
2420 38
2421 0
2422 205
2423 167
2424 144
2425 223
2426 105
2427 16
2428 240
2429 151
2430 135
2431 143
2432 199
2433 155
2434 130
2435 78
2436 44
2437 35
2438 116
2439 67
2440 156
2441 59
2442 66
2443 213
2444 246
2445 24
2446 60
2447 230
2448 166
2449 115
2450 4
2451 203
2452 27
2453 223
2454 188
2455 90
2456 135
2457 29
2458 59
2459 193
2460 79
2461 227
2462 245
2463 200
2464 165
2465 70
2466 7
2467 240
2468 26
2469 59
2470 88
2471 95
2472 166
2473 192
2474 22
2475 235
2476 135
2477 100
2478 138
2479 110
2480 179
2481 55
2482 192
2483 122
2484 45
2485 41
2486 3
2487 157
2488 95
2489 138
2490 100
2491 198
2492 200
2493 166
2494 130
2495 157
2496 18
2497 122
2498 186
2499 34
2500 106
2501 18
2503 6
2504 208
2505 240
2506 213
2507 50
2508 105
2509 86
2510 95
2511 60
2512 227
2513 85
2514 157
2515 221
2516 45
2517 217
2518 25
2519 221
2520 195
2521 91
2522 144
2523 12
2524 223
2525 165
2526 50
2527 147
2528 13
2529 229
2530 162
2531 237
2532 48
2533 162
2534 77
2535 100
2536 180
2537 30
2538 96
2539 86
2540 167
2541 67
2542 130
2543 96
2544 141
2545 121
2546 55
2547 74
2548 105
2549 79
2550 59
2551 59
2552 10
2553 32
2554 26
2555 100
2556 26
2557 166
2558 124
2559 34
2560 223
2561 216
2562 96
2563 95
2564 22
2565 87
2566 115
2567 122
2568 38
2569 136
2570 2
2571 149
2572 201
2573 66
2574 74
2575 89
2576 61
2577 92
2578 185
2579 227
2580 171
2581 116
2582 115
2583 154
2584 96
2585 154
2586 67
2587 204
2588 239
2589 234
2590 6
2591 192
2592 72
2593 67
2595 166
2596 157
2597 237
2598 60
2599 179
2600 35
2601 100
2602 115
2603 107
2604 18
2605 211
2606 127
2608 88
2609 237
2610 130
2611 50
2612 53
2613 214
2614 123
2615 7
2616 223
2617 209
2618 167
2619 100
2620 98
2621 237
2622 169
2623 246
2624 90
2625 35
2626 166
2627 237
2628 145
2629 206
2630 155
2631 75
2632 138
2633 95
2634 33
2635 167
2636 62
2637 12
2638 67
2639 3
2640 114
2641 135
2642 165
2643 116
2644 78
2645 4
2646 67
2647 45
2648 27
2649 171
2650 82
2651 85
2652 166
2653 34
2654 67
2655 3
2656 144
2657 65
2658 89
2659 16
2660 166
2661 165
2662 216
2663 176
2665 241
2666 115
2667 47
2668 32
2669 80
2670 236
2671 147
2672 109
2673 149
2674 235
2675 123
2676 50
2677 13
2678 88
2679 10
2680 30
2681 62
2682 108
2683 80
2684 63
2685 22
2686 100
2687 40
2688 223
2689 223
2690 159
2691 161
2692 166
2693 12
2694 36
2695 219
2696 141
2697 138
2698 44
2699 63
2700 115
2701 4
2702 0
2703 38
2704 44
2705 245
2706 9
2707 198
2708 166
2709 137
2710 153
2711 98
2712 41
2713 2
2714 59
2715 115
2716 229
2717 47
2718 74
2719 144
2720 174
2721 81
2722 155
2723 216
2724 165
2725 48
2727 34
2728 42
2729 3
2730 58
2731 218
2732 206
2733 69
2734 65
2735 134
2736 52
2737 249
2738 208
2739 27
2740 180
2741 58
2742 156
2743 198
2744 213
2745 213
2746 71
2747 62
2748 213
2749 146
2750 189
2751 158
2752 3
2753 166
2754 95
2755 157
2756 84
2757 48
2758 30
2759 206
2760 78
2761 50
2762 197
2763 107
2764 196
2765 58
2766 165
2767 157
2768 63
2769 216
2770 200
2771 192
2773 5
2774 80
2775 158
2776 118
2777 18
2778 30
2779 105
2780 50
2781 115
2782 104
2783 236
2784 106
2785 60
2786 42
2787 236
2788 78
2789 4
2790 108
2791 130
2792 13
2793 95
2794 171
2795 35
2796 65
2797 149
2798 229
2799 213
2800 35
2801 60
2802 18
2803 115
2804 7
2805 45
2806 124
2807 61
2808 118
2809 72
2810 239
2811 25
2812 225
2813 223
2814 166
2815 138
2816 98
2817 30
2818 151
2819 193
2820 229
2821 120
2822 209
2823 80
2824 88
2825 60
2826 166
2827 115
2828 198
2829 45
2830 123
2831 58
2832 216
2833 158
2834 79
2835 166
2836 148
2837 100
2838 36
2839 58
2840 113
2841 47
2842 60
2843 146
2844 90
2845 147
2846 230
2847 46
2848 107
2849 29
2850 185
2851 22
2852 206
2853 59
2854 142
2855 96
2856 166
2857 122
2858 115
2859 61
2860 34
2861 14
2862 60
2863 100
2864 229
2865 108
2866 36
2867 118
2868 199
2869 115
2870 171
2871 234
2872 120
2873 201
2874 227
2875 144
2876 171
2877 240
2878 45
2879 95
2880 90
2881 138
2882 130
2883 237
2884 36
2885 26
2886 166
2887 78
2888 38
2889 66
2890 33
2891 171
2892 95
2893 74
2894 38
2895 110
2896 223
2897 157
2898 162
2899 134
2900 230
2901 115
2902 146
2903 198
2904 108
2905 115
2906 32
2907 50
2908 115
2909 206
2910 129
2911 171
2912 91
2913 227
2914 62
2915 154
2916 0
2917 241
2918 192
2919 167
2920 53
2921 18
2922 5
2923 209
2924 63
2925 225
2926 44
2927 14
2928 3
2929 86
2930 72
2931 74
2932 67
2933 29
2934 239
2935 29
2936 144
2937 50
2938 87
2939 67
2940 174
2941 157
2942 115
2943 130
2944 34
2945 36
2946 189
2947 87
2948 166
2949 165
2950 211
2951 166
2952 96
2953 5
2954 194
2955 18
2956 82
2957 122
2958 170
2960 239
2961 90
2962 80
2963 52
2964 78
2965 63
2966 218
2967 80
2968 85
2969 105
2970 82
2971 22
2972 86
2973 30
2974 115
2975 237
2976 240
2977 144
2978 95
2979 144
2980 71
2981 174
2982 219
2983 105
2984 4
2985 5
2986 78
2987 65
2988 72
2989 96
2990 159
2991 58
2992 193
2993 58
2994 78
2995 22
2996 29
2997 42
2998 60
2999 135
3000 190
3001 41
3002 95
3003 213
3004 105
3005 127
3006 130
3007 200
3008 223
3009 197
3010 22
3011 47
3012 229
3013 202
3014 239
3015 60
3016 167
3017 205
3018 200
3019 239
3020 221
3021 181
3022 237
3023 229
3024 3
3025 55
3027 96
3028 32
3029 213
3030 29
3031 142
3032 32
3033 35
3034 29
3035 171
3036 153
3037 80
3038 171
3039 148
3040 5
3041 122
3042 74
3043 200
3044 30
3045 221
3046 8
3047 74
3048 98
3049 126
3050 109
3051 74
3052 127
3053 136
3054 29
3055 100
3056 59
3057 55
3058 95
3059 197
3060 34
3062 230
3063 124
3064 241
3065 5
3066 241
3067 180
3068 115
3069 32
3070 229
3071 85
3072 88
3073 142
3074 106
3075 123
3076 91
3077 124
3078 132
3079 85
3080 223
3081 165
3082 130
3083 25
3084 52
3085 240
3087 59
3088 46
3089 105
3090 206
3091 85
3092 63
3093 135
3094 199
3095 174
3096 114
3097 38
3098 208
3099 246
3100 10
3101 214
3102 130
3103 82
3104 5
3105 135
3106 208
3107 130
3108 204
3109 236
3110 87
3111 171
3112 208
3113 239
3114 229
3115 219
3116 245
3117 86
3118 200
3119 124
3120 213
3121 166
3122 74
3123 96
3124 158
3125 24
3126 63
3127 32
3128 130
3129 229
3130 141
3131 82
3132 167
3133 120
3134 188
3135 60
3136 141
3137 30
3138 165
3139 74
3140 104
3141 241
3142 140
3143 240
3144 3
3145 74
3146 109
3147 166
3148 55
3149 62
3150 211
3151 28
3152 29
3153 96
3154 33
3155 92
3156 29
3157 115
3158 137
3159 155
3160 115
3161 213
3162 95
3163 205
3164 10
3165 237
3166 147
3167 72
3168 114
3169 165
3170 223
3171 201
3172 66
3173 67
3174 237
3175 107
3176 1
3177 70
3178 118
3179 132
3180 166
3181 160
3182 166
3183 35
3184 114
3185 35
3186 87
3187 10
3188 188
3189 5
3190 72
3191 239
3192 78
3194 147
3195 206
3196 137
3197 115
3198 239
3199 74
3200 122
3201 115
3202 3
3203 112
3204 95
3205 95
3206 58
3207 47
3208 50
3209 227
3210 237
3211 184
3212 151
3213 62
3214 42
3215 59
3216 135
3217 229
3218 51
3219 210
3220 234
3222 63
3223 136
3224 88
3225 47
3226 237
3227 142
3228 165
3229 166
3230 14
3231 162
3232 96
3233 20
3234 85
3235 10
3236 60
3237 108
3238 193
3239 6
3240 34
3241 115
3242 45
3243 132
3244 147
3245 90
3246 29
3247 236
3248 95
3249 99
3250 146
3252 165
3253 114
3254 184
3255 241
3256 77
3257 66
3258 16
3259 229
3260 118
3261 1
3262 229
3263 88
3264 229
3265 50
3267 149
3268 95
3269 213
3270 180
3271 136
3272 144
3273 205
3274 130
3276 67
3277 66
3278 82
3279 213
3280 58
3281 96
3282 114
3283 42
3284 29
3285 213
3286 236
3287 135
3288 96
3289 61
3290 58
3291 130
3292 61
3293 41
3294 36
3295 10
3296 180
3297 146
3298 114
3299 78
3300 241
3301 229
3302 204
3303 60
3304 5
3305 236
3306 189
3307 147
3308 122
3309 223
3310 41
3311 127
3312 50
3313 159
3314 56
3315 132
3316 216
3317 35
3318 229
3319 18
3320 155
3321 123
3322 165
3323 206
3324 60
3325 62
3326 167
3327 85
3328 142
3329 192
3330 98
3331 166
3332 137
3333 115
3334 206
3335 170
3336 79
3338 22
3339 59
3340 167
3341 154
3342 208
3343 61
3344 164
3345 63
3346 38
3347 201
3348 231
3349 63
3350 107
3351 239
3352 32
3353 86
3354 107
3355 229
3356 173
3357 2
3358 176
3359 95
3360 36
3361 165
3362 146
3363 96
3364 66
3365 213
3366 63
3367 180
3368 161
3369 59
3370 159
3371 122
3372 80
3373 138
3374 96
3375 81
3376 59
3377 74
3378 170
3379 1
3380 63
3381 146
3382 136
3383 237
3385 188
3386 80
3387 135
3388 95
3389 114
3390 50
3391 123
3392 115
3393 190
3394 171
3395 74
3396 115
3397 85
3398 90
3399 91
3400 63
3401 141
3402 44
3403 143
3405 52
3406 241
3407 209
3408 146
3409 5
3410 48
3411 18
3412 232
3413 162
3414 96
3415 159
3416 230
3417 23
3418 223
3419 171
3420 245
3421 240
3422 146
3423 159
3424 78
3425 142
3426 206
3427 12
3428 158
3429 58
3430 42
3431 96
3432 100
3433 237
3434 58
3435 144
3436 41
3437 85
3438 223
3439 167
3440 149
3441 16
3442 77
3443 174
3444 244
3445 98
3446 120
3447 180
3448 3
3449 193
3450 229
3451 229
3452 94
3454 240
3455 179
3456 95
3457 233
3458 144
3459 229
3460 132
3461 124
3462 201
3463 116
3464 26
3465 167
3466 135
3467 29
3468 32
3469 42
3470 50
3471 96
3472 206
3473 28
3474 154
3475 241
3476 167
3477 166
3478 31
3479 185
3480 65
3481 204
3482 113
3483 241
3484 218
3485 115
3486 229
3487 223
3488 88
3489 95
3490 74
3491 234
3493 100
3494 200
3495 179
3496 33
3497 68
3498 100
3499 227
3500 89
3501 19
3502 67
3503 105
3504 115
3505 56
3506 7
3507 122
3508 166
3509 108
3510 229
3511 180
3512 66
3513 87
3514 111
3515 168
3516 217
3517 241
3519 223
3520 142
3521 193
3522 153
3523 34
3525 67
3526 221
3527 138
3528 52
3529 196
3530 162
3531 237
3532 42
3533 124
3534 213
3535 14
3536 199
3537 155
3538 208
3539 142
3540 59
3541 96
3542 64
3543 114
3544 78
3545 29
3546 156
3547 78
3548 100
3549 5
3550 12
3551 62
3552 160
3553 110
3554 18
3555 60
3556 33
3557 107
3558 241
3559 8
3560 19
3561 189
3562 128
3563 5
3564 136
3565 94
3566 223
3567 22
3568 198
3569 138
3570 50
3571 51
3572 200
3573 16
3575 29
3576 32
3577 130
3578 4
3579 60
3580 155
3581 180
3582 7
3583 67
3584 78
3585 60
3586 115
3587 74
3588 190
3589 229
3590 96
3591 36
3592 18
3593 38
3594 171
3595 230
3596 41
3597 142
3598 26
3599 50
3600 74
3601 24
3602 9
3603 6
3604 100
3605 190
3606 147
3607 35
3608 58
3609 213
3610 227
3611 74
3612 110
3613 207
3614 237
3615 67
3616 96
3617 239
3618 153
3619 156
3620 86
3621 236
3622 29
3623 107
3624 63
3625 246
3626 63
3627 18
3628 162
3629 26
3630 216
3631 86
3632 37
3633 142
3634 135
3636 92
3637 166
3638 165
3639 231
3640 115
3641 204
3642 237
3644 130
3645 227
3646 165
3647 171
3648 142
3649 82
3650 172
3651 43
3652 239
3653 115
3654 3
3655 82
3656 223
3657 78
3658 82
3659 40
3660 135
3661 185
3662 5
3663 67
3664 162
3665 123
3666 208
3667 115
3668 38
3669 0
3670 120
3671 164
3672 212
3673 158
3674 33
3675 229
3676 156
3677 168
3678 193
3679 237
3680 42
3681 234
3682 5
3683 156
3684 61
3685 85
3686 66
3688 229
3689 30
3690 103
3691 130
3692 237
3693 105
3694 202
3695 58
3696 199
3697 150
3698 150
3699 58
3700 158
3701 63
3702 12
3703 87
3704 12
3705 180
3706 190
3707 174
3708 136
3709 4
3710 147
3711 138
3712 50
3713 201
3714 146
3715 7
3716 33
3717 36
3719 237
3720 155
3721 135
3722 114
3723 229
3724 82
3725 30
3726 245
3727 166
3728 118
3729 155
3730 65
3731 114
3732 93
3733 5
3734 142
3735 190
3736 229
3737 149
3738 59
3739 130
3740 27
3741 193
3742 95
3743 140
3744 249
3745 223
3746 95
3747 3
3748 36
3749 227
3750 189
3751 142
3752 26
3753 148
3754 142
3755 22
3756 35
3757 80
3758 50
3759 166
3760 105
3761 95
3762 3
3763 51
3764 30
3765 29
3766 22
3767 55
3768 78
3769 58
3770 223
3771 193
3772 230
3773 60
3774 223
3775 242
3776 78
3777 135
3778 142
3779 153
3780 229
3781 51
3782 67
3783 220
3784 18
3785 236
3786 36
3787 239
3788 41
3789 6
3790 149
3791 125
3792 107
3793 34
3794 106
3795 107
3796 228
3797 159
3798 50
3799 32
3800 58
3801 42
3802 19
3803 241
3804 1
3805 74
3806 85
3807 231
3808 33
3809 239
3811 18
3812 96
3813 80
3814 52
3815 167
3816 58
3817 124
3818 110
3819 171
3820 77
3821 30
3822 55
3823 135
3824 95
3825 120
3826 80
3827 171
3828 96
3829 137
3830 180
3831 82
3832 167
3833 95
3834 56
3836 132
3837 15
3838 19
3839 78
3840 198
3841 211
3842 213
3843 131
3844 141
3845 98
3846 64
3847 45
3848 3
3849 100
3850 214
3851 236
3852 241
3853 105
3854 130
3855 137
3856 246
3857 229
3858 95
3859 100
3860 95
3861 166
3862 116
3863 67
3864 105
3865 80
3866 135
3867 141
3868 241
3869 67
3870 241
3871 67
3872 117
3873 14
3874 169
3875 114
3876 106
3877 229
3878 27
3879 105
3880 159
3881 62
3882 174
3883 67
3884 159
3885 69
3886 64
3887 241
3888 158
3889 78
3890 236
3891 4
3892 105
3893 245
3894 95
3895 90
3896 36
3897 213
3898 67
3899 26
3901 145
3902 35
3904 91
3905 48
3906 190
3907 41
3908 165
3909 36
3910 165
3911 171
3912 35
3913 192
3914 109
3915 142
3916 42
3917 25
3918 223
3919 13
3920 95
3921 88
3922 174
3923 50
3924 0
3925 171
3926 116
3927 115
3928 115
3929 125
3930 130
3931 17
3932 79
3933 174
3934 29
3935 193
3936 245
3938 78
3939 70
3940 211
3941 235
3943 63
3944 135
3945 246
3946 5
3947 174
3948 122
3949 80
3950 200
3951 150
3952 149
3953 22
3954 192
3955 35
3956 165
3957 99
3958 80
3959 12
3960 107
3961 198
3962 193
3963 82
3964 130
3965 40
3966 223
3967 82
3968 165
3969 26
3970 164
3971 36
3972 60
3973 113
3974 115
3975 7
3976 42
3977 33
3978 13
3979 189
3980 95
3981 123
3982 229
3983 30
3984 24
3985 229
3986 154
3987 171
3988 66
3989 135
3990 223
3991 36
3992 100
3993 152
3994 35
3995 95
3996 176
3997 5
3998 96
3999 136
4000 95
4001 67
4002 30
4003 171
4004 213
4005 84
4006 53
4007 239
4008 3
4009 91
4010 115
4011 244
4012 190
4013 30
4014 22
4015 229
4016 234
4017 115
4018 107
4019 77
4020 60
4021 82
4022 237
4023 221
4024 33
4025 81
4026 29
4027 239
4028 107
4029 236
4030 213
4031 180
4032 75
4033 53
4034 115
4035 110
4036 50
4037 171
4038 74
4039 30
4040 180
4041 137
4042 87
4043 3
4044 112
4045 142
4046 86
4047 80
4048 149
4049 100
4050 33
4051 223
4052 229
4053 82
4054 67
4055 43
4056 8
4057 171
4058 105
4059 127
4060 22
4061 35
4062 33
4063 227
4064 226
4065 96
4066 42
4067 165
4068 45
4069 115
4070 135
4071 28
4072 158
4073 92
4074 229
4075 35
4076 199
4077 58
4078 53
4079 20
4080 84
4081 100
4082 239
4083 213
4084 214
4085 188
4086 176
4087 96
4088 135
4089 236
4090 5
4091 3
4092 227
4093 167
4094 61
4095 32
4096 162
4097 229
4098 158
4100 59
4101 86
4102 241
4104 137
4105 223
4106 220
4107 59
4108 95
4109 223
4110 148
4111 246
4112 33
4113 29
4114 153
4115 3
4116 126
4117 171
4118 180
4119 246
4120 219
4121 3
4122 50
4123 142
4124 117
4125 80
4126 177
4127 204
4128 210
4129 229
4130 50
4131 106
4132 78
4133 74
4134 136
4135 171
4137 78
4138 78
4139 109
4140 61
4141 63
4142 171
4143 3
4144 171
4145 172
4146 63
4147 229
4148 227
4149 109
4150 60
4151 95
4152 27
4153 78
4154 138
4155 83
4156 60
4157 91
4158 5
4159 5
4160 105
4161 227
4162 95
4163 236
4164 9
4165 171
4166 142
4167 188
4168 38
4169 218
4170 236
4171 223
4172 167
4173 35
4174 144
4175 27
4176 152
4177 219
4178 178
4179 82
4180 241
4181 95
4182 135
4183 78
4184 172
4185 0
4186 59
4187 229
4188 157
4189 188
4190 88
4191 87
4192 155
4193 26
4194 137
4195 96
4196 63
4197 193
4198 238
4199 49
4200 109
4201 58
4202 165
4203 201
4204 61
4205 229
4206 145
4207 3
4208 171
4209 59
4210 229
4211 239
4212 249
4213 100
4214 95
4215 27
4216 78
4218 241
4219 164
4220 82
4221 63
4222 137
4223 67
4224 132
4225 198
4226 168
4227 60
4228 166
4229 36
4230 142
4231 74
4232 236
4233 81
4234 19
4235 30
4236 4
4237 229
4238 227
4239 120
4240 142
4241 60
4242 241
4243 20
4244 14
4245 78
4246 59
4247 21
4248 38
4249 108
4250 171
4251 29
4252 198
4253 115
4254 0
4255 142
4256 95
4257 122
4258 241
4259 95
4260 213
4261 54
4263 78
4264 45
4265 32
4266 141
4267 200
4268 61
4269 83
4270 34
4272 5
4273 227
4274 45
4275 18
4276 77
4277 142
4278 223
4279 74
4280 42
4281 55
4282 78
4283 96
4284 111
4285 89
4286 158
4287 60
4288 223
4289 155
4290 40
4291 44
4292 138
4293 213
4294 78
4295 60
4296 4
4297 180
4298 137
4299 67
4300 229
4301 115
4302 73
4303 10
4304 206
4305 165
4306 95
4307 3
4308 144
4309 77
4310 200
4311 1
4312 78
4313 233
4314 26
4315 127
4316 57
4317 165
4318 67
4319 171
4320 142
4321 89
4322 95
4323 106
4324 149
4325 82
4326 236
4327 237
4328 82
4329 29
4330 223
4331 146
4332 154
4333 92
4334 229
4335 96
4336 227
4337 92
4338 110
4339 96
4340 18
4341 227
4342 26
4343 59
4344 38
4345 153
4346 58
4347 96
4348 239
4349 78
4350 171
4351 154
4352 96
4353 168
4354 32
4355 115
4356 156
4357 171
4358 114
4359 115
4360 249
4361 18
4362 171
4363 221
4364 212
4365 236
4366 124
4367 241
4369 206
4370 111
4371 205
4372 105
4373 200
4374 244
4375 178
4376 237
4377 239
4378 246
4379 142
4380 96
4381 80
4382 159
4383 137
4384 35
4385 135
4386 245
4387 224
4388 142
4390 241
4391 239
4392 193
4393 96
4394 96
4395 100
4396 78
4397 81
4398 135
4399 239
4400 38
4401 96
4402 184
4403 229
4404 58
4405 229
4406 78
4407 94
4408 100
4409 33
4410 114
4411 95
4412 29
4413 58
4415 82
4416 32
4417 167
4418 85
4419 66
4420 245
4421 12
4422 21
4423 115
4424 87
4425 196
4426 50
4427 96
4428 118
4429 47
4430 218
4431 227
4432 241
4433 214
4434 149
4435 5
4436 95
4437 201
4439 67
4440 58
4441 83
4442 100
4443 167
4444 150
4445 202
4446 18
4447 244
4448 115
4449 74
4450 78
4451 38
4452 198
4453 221
4454 219
4455 229
4456 22
4457 13
4458 192
4459 53
4460 105
4461 95
4462 142
4463 6
4464 74
4465 130
4466 171
4467 30
4468 115
4469 35
4470 213
4471 162
4472 155
4473 26
4474 30
4475 105
4476 8
4477 183
4479 85
4480 65
4481 82
4482 86
4483 186
4484 237
4485 78
4486 227
4487 12
4488 171
4489 174
4490 96
4491 25
4492 241
4493 144
4494 77
4495 29
4496 158
4497 106
4498 60
4499 200
4500 237
4501 222
4502 1
4503 60
4504 96
4505 60
4506 153
4507 35
4508 105
4509 121
4510 77
4511 66
4512 178
4513 32
4514 229
4515 53
4516 32
4517 237
4518 136
4519 171
4520 19
4521 165
4522 130
4523 23
4524 177
4525 32
4526 151
4527 145
4528 15
4529 67
4530 231
4531 50
4532 180
4533 77
4534 34
4535 166
4536 82
4537 1
4538 142
4539 80
4540 68
4541 229
4542 105
4543 58
4544 60
4545 100
4546 237
4547 223
4548 120
4550 229
4551 219
4552 26
4553 121
4554 122
4555 171
4556 3
4557 245
4558 157
4559 210
4560 241
4561 34
4562 78
4563 245
4564 85
4565 229
4566 74
4567 60
4568 235
4569 56
4571 82
4572 229
4573 60
4574 33
4575 137
4576 96
4577 142
4578 115
4579 74
4580 18
4581 78
4582 29
4583 107
4584 58
4585 77
4586 95
4587 88
4588 0
4589 82
4590 80
4591 38
4592 58
4593 150
4594 154
4595 60
4596 241
4598 204
4600 77
4601 59
4602 200
4603 5
4604 60
4605 72
4606 158
4607 95
4608 95
4609 66
4610 95
4611 127
4612 95
4613 141
4614 241
4615 42
4616 229
4617 239
4618 229
4619 217
4620 96
4621 45
4622 64
4623 164
4624 67
4625 208
4626 13
4627 231
4628 149
4629 95
4630 166
4631 200
4632 136
4633 3
4634 42
4635 3
4636 12
4637 105
4638 241
4639 80
4640 127
4641 3
4642 111
4643 5
4644 4
4645 96
4646 155
4647 30
4648 229
4649 96
4650 82
4651 1
4652 63
4653 39
4654 29
4655 162
4656 212
4657 193
4658 241
4659 0
4660 105
4661 229
4662 105
4663 74
4664 105
4665 184
4666 241
4667 12
4668 115
4669 3
4670 208
4671 60
4672 67
4673 23
4674 170
4675 5
4676 157
4677 128
4678 95
4679 236
4680 45
4681 66
4682 146
4683 63
4684 105
4685 78
4686 82
4687 29
4688 89
4689 36
4690 82
4691 195
4692 169
4693 96
4694 13
4695 3
4696 57
4697 18
4698 154
4699 100
4700 83
4701 98
4702 65
4703 30
4704 86
4705 135
4706 138
4707 78
4708 82
4709 11
4710 20
4711 86
4712 167
4713 107
4714 144
4715 147
4716 122
4717 15
4718 29
4719 78
4720 166
4721 44
4722 237
4723 189
4724 95
4725 78
4726 171
4727 159
4728 239
4729 153
4730 106
4731 122
4732 240
4733 191
4734 144
4735 5
4737 162
4738 58
4739 140
4740 105
4741 105
4742 158
4744 135
4745 100
4746 122
4748 78
4749 34
4750 66
4751 60
4752 122
4753 78
4754 67
4755 205
4756 54
4757 236
4758 171
4759 239
4760 30
4761 74
4762 241
4763 229
4764 142
4765 142
4766 135
4767 141
4768 85
4769 190
4770 58
4771 246
4772 237
4773 63
4774 78
4775 149
4776 86
4777 29
4778 181
4779 26
4780 8
4781 66
4782 69
4783 188
4784 66
4785 60
4786 96
4787 104
4788 167
4789 206
4790 144
4791 136
4792 140
4793 221
4794 3
4795 185
4796 105
4797 115
4798 105
4799 92
4800 227
4801 59
4802 96
4803 3
4804 190
4805 100
4806 82
4807 115
4808 122
4809 105
4810 82
4811 245
4812 19
4813 171
4814 18
4815 44
4816 105
4817 96
4818 33
4819 58
4820 177
4821 30
4822 159
4823 25
4824 158
4825 29
4826 221
4827 74
4828 58
4829 229
4830 96
4831 149
4832 90
4833 229
4834 105
4835 171
4836 121
4837 165
4839 192
4840 29
4841 115
4842 144
4843 193
4844 95
4845 82
4846 245
4847 1
4848 223
4849 29
4850 114
4851 26
4852 117
4853 162
4854 95
4855 60
4856 29
4857 91
4858 50
4859 9
4860 141
4861 109
4862 26
4863 221
4864 221
4865 60
4866 136
4867 229
4868 105
4869 13
4870 32
4871 171
4872 26
4873 227
4875 59
4876 29
4877 180
4878 143
4879 164
4880 70
4881 58
4882 105
4883 171
4884 115
4885 158
4886 12
4887 130
4888 96
4889 236
4890 237
4891 80
4892 67
4893 200
4894 13
4895 104
4896 208
4897 78
4898 23
4899 237
4900 220
4901 159
4903 236
4904 80
4905 58
4906 3
4907 108
4908 86
4909 184
4910 59
4911 114
4913 58
4914 236
4915 169
4916 5
4917 3
4918 82
4919 55
4921 111
4922 33
4923 155
4924 156
4925 84
4926 186
4928 237
4929 122
4931 58
4932 171
4933 30
4934 223
4935 85
4936 33
4937 66
4938 96
4939 95
4940 233
4941 223
4942 135
4944 67
4945 221
4946 159
4947 121
4948 98
4949 236
4950 187
4951 32
4952 95
4953 114
4954 88
4955 223
4956 115
4957 213
4958 58
4959 16
4960 92
4961 236
4962 16
4963 98
4964 171
4965 229
4966 4
4967 185
4968 22
4969 72
4970 149
4971 165
4972 130
4973 45
4974 4
4975 146
4976 239
4977 219
4978 14
4979 56
4980 122
4981 95
4982 115
4983 80
4984 26
4985 96
4986 240
4987 53
4988 223
4989 95
4990 80
4991 29
4992 230
4993 42
4994 229
4995 171
4996 223
4997 30
4998 45
4999 125
5000 77
5001 100
5002 60
5003 174
5004 60
5005 58
5006 155
5007 50
5008 239
5009 82
5010 239
5011 55
5012 35
5013 237
5014 211
5015 30
5016 95
5017 106
5018 100
5019 213
5020 192
5021 74
5022 30
5023 13
5024 69
5025 107
5026 156
5027 142
5028 164
5029 140
5030 164
5031 122
5032 241
5033 67
5034 95
5035 179
5036 193
5037 208
5038 80
5039 80
5040 171
5041 66
5042 156
5043 223
5044 80
5045 96
5046 227
5047 18
5048 74
5049 26
5050 60
5051 78
5052 60
5053 219
5054 218
5055 166
5056 4
5057 241
5058 42
5059 165
5060 22
5061 223
5062 223
5063 227
5064 165
5065 115
5066 130
5067 3
5068 229
5069 58
5070 142
5071 82
5072 223
5073 5
5074 66
5075 86
5076 171
5077 58
5078 78
5079 78
5080 78
5081 223
5082 95
5083 169
5084 228
5085 236
5086 59
5087 105
5088 96
5089 105
5090 223
5091 33
5092 120
5093 122
5094 58
5095 58
5096 130
5097 96
5098 34
5099 60
5100 117
5101 95
5102 58
5103 45
5104 58
5105 58
5106 171
5107 79
5108 96
5110 236
5111 22
5112 135
5113 147
5114 59
5115 137
5116 122
5117 144
5118 18
5119 174
5120 36
5121 135
5122 229
5123 105
5124 105
5125 223
5126 130
5127 78
5128 23
5129 135
5130 193
5131 240
5132 236
5133 154
5134 205
5135 71
5136 105
5137 85
5138 58
5139 22
5140 13
5141 166
5142 96
5143 102
5144 60
5145 219
5146 227
5147 239
5148 217
5149 67
5150 241
5151 193
5152 239
5153 63
5154 58
5155 223
5156 95
5157 241
5158 3
5159 3
5160 74
5161 216
5162 105
5163 111
5164 85
5165 60
5166 60
5167 221
5168 60
5169 100
5170 229
5171 213
5172 205
5173 229
5174 171
5175 229
5177 223
5178 114
5179 63
5180 229
5181 134
5182 66
5183 42
5184 200
5185 82
5186 227
5187 115
5188 155
5189 95
5190 95
5191 96
5192 229
5193 100
5194 35
5195 29
5196 229
5197 99
5198 130
5199 206
5201 14
5202 78
5203 96
5204 26
5205 60
5206 78
5207 114
5208 150
5209 1
5210 227
5211 245
5212 237
5213 213
5214 133
5215 213
5216 122
5217 213
5218 117
5219 95
5220 115
5221 213
5222 234
5223 65
5224 180
5225 13
5226 206
5227 100
5228 58
5229 86
5230 15
5231 245
5232 43
5233 223
5234 105
5235 241
5236 239
5237 122
5238 167
5239 59
5240 45
5241 63
5242 216
5243 58
5244 95
5245 229
5246 229
5247 141
5248 100
5249 85
5250 167
5251 78
5252 223
5253 216
5254 60
5255 45
5256 77
5257 206
5258 146
5259 241
5260 159
5261 144
5262 74
5263 162
5264 245
5265 78
5266 224
5267 42
5268 229
5269 171
5270 12
5271 170
5272 105
5273 78
5274 229
5275 26
5276 151
5277 216
5278 227
5279 171
5280 115
5281 58
5282 33
5283 121
5284 85
5285 35
5286 35
5287 80
5288 59
5289 151
5290 121
5291 29
5292 26
5293 130
5294 45
5295 12
5296 35
5297 35
5298 3
5299 227
5300 30
5301 61
5302 30
5303 164
5304 227
5305 74
5306 74
5307 58
5308 25
5309 128
5310 146
5311 230
5312 113
5313 155
5314 130
5315 73
5316 62
5317 74
5318 223
5319 26
5320 60
5321 165
5322 121
5323 171
5324 121
5325 74
5326 142
5327 53
5328 151
5329 105
5330 67
5331 121
5332 96
5333 65
5334 106
5335 58
5336 105
5337 121
5338 94
5339 59
5340 121
5341 121
5342 95
5343 117
5344 61
5345 174
5346 78
5347 204
