0 0
1 1
2 2
3 0
4 0
5 1
6 1
7 -1
8 -1
9 1
10 3
11 3
12 -1
13 1
14 2
15 4
16 -1
17 -1
18 -1
19 -1
20 3
21 0
22 2
23 -1
24 3
25 5
26 3
27 6
28 2
29 1
30 4
31 2
32 0
33 5
34 5
35 0
36 -1
37 1
38 3
39 5
40 5
41 -1
42 2
43 4
44 3
45 1
46 3
47 1
48 2
49 1
50 -1
51 1
52 2
53 0
54 -1
55 3
56 3
57 3
58 -1
59 3
60 2
61 2
62 1
63 6
64 -1
65 2
66 5
67 5
68 2
69 3
70 3
71 2
72 -1
73 1
74 7
75 3
76 8
77 -1
78 -1
79 1
80 2
81 6
82 1
83 2
84 -1
85 4
86 1
87 1
88 -1
89 2
90 5
91 -1
92 2
93 2
94 3
95 -1
96 1
97 2
98 2
99 -1
100 1
101 6
102 -1
103 0
104 1
105 1
106 -1
107 -1
108 -1
109 2
110 -1
111 3
112 -1
113 -1
114 2
115 -1
116 -1
117 -1
118 -1
119 1
120 3
121 3
122 6
123 6
124 4
125 2
126 6
127 -1
128 3
129 -1
130 1
131 -1
132 -1
133 8
134 3
135 2
136 1
137 0
138 7
139 -1
140 1
141 5
142 0
143 2
144 5
145 3
146 5
147 3
148 -1
149 -1
150 5
151 3
152 8
153 3
154 0
155 2
156 2
157 1
158 5
159 3
160 5
161 1
162 -1
163 1
164 1
165 1
166 5
167 2
168 6
169 4
170 2
171 2
172 2
173 6
174 -1
175 3
176 -1
177 5
178 2
179 5
180 1
181 -1
182 4
183 1
184 2
185 -1
186 -1
187 2
188 0
189 4
190 6
191 8
192 -1
193 3
194 1
195 7
196 -1
197 6
198 1
199 1
200 -1
201 4
202 3
203 5
204 3
205 -1
206 2
207 3
208 -1
209 2
210 3
211 1
212 1
213 7
214 1
215 3
216 2
217 -1
218 -1
219 5
220 1
221 4
222 2
223 -1
224 5
225 0
226 1
227 3
228 1
229 1
230 5
231 -1
232 5
233 0
234 -1
235 1
236 2
237 2
238 1
239 4
240 -1
241 1
242 2
243 -1
244 -1
245 2
246 -1
247 1
248 0
249 -1
250 3
251 3
252 5
253 2
254 -1
255 5
256 1
257 2
258 -1
259 1
260 2
261 -1
262 -1
263 2
264 3
265 -1
266 -1
267 4
268 1
269 -1
270 0
271 -1
272 5
273 0
274 1
275 8
276 2
277 0
278 2
279 1
280 -1
281 1
282 5
283 -1
284 -1
285 2
286 2
287 -1
288 5
289 -1
290 1
291 -1
292 -1
293 1
294 4
295 4
296 1
297 4
298 3
299 5
301 -1
302 5
303 -1
304 2
305 4
306 -1
307 2
308 5
309 1
310 5
311 3
312 0
313 -1
314 0
315 1
316 2
317 -1
318 5
319 1
320 3
321 3
322 2
323 -1
324 4
325 1
326 -1
327 5
328 3
329 1
330 -1
331 5
332 0
333 -1
334 4
335 1
336 2
337 1
338 2
339 4
340 0
341 5
342 7
343 3
344 4
345 -1
346 5
347 5
348 0
349 3
350 -1
351 1
352 4
353 -1
354 1
355 5
356 2
357 4
358 -1
359 5
360 -1
361 -1
362 3
363 2
364 -1
365 0
366 1
367 3
368 -1
369 4
370 2
371 7
372 2
373 -1
374 3
375 2
376 -1
377 -1
378 1
379 0
380 1
381 6
382 3
383 1
384 8
385 2
386 -1
387 -1
388 4
389 3
390 0
391 -1
392 2
393 5
394 4
395 5
396 5
397 1
398 -1
399 2
400 -1
401 4
402 -1
403 3
404 1
405 4
407 3
408 -1
409 0
410 3
411 2
412 0
413 3
414 3
415 5
416 -1
417 1
418 1
419 -1
420 -1
421 2
422 -1
423 -1
424 3
425 2
426 2
427 1
428 2
429 5
430 -1
431 2
432 -1
433 3
434 2
435 4
436 4
437 1
438 0
439 -1
440 -1
441 7
442 6
443 5
444 1
445 -1
446 2
447 -1
448 5
449 5
450 -1
451 0
452 3
453 5
454 0
455 6
456 3
457 1
458 -1
459 2
460 0
461 -1
462 4
463 4
464 3
465 1
466 5
467 -1
468 -1
469 1
470 6
471 1
472 2
473 0
474 -1
475 0
476 4
477 4
478 -1
479 -1
480 4
481 2
482 0
483 3
484 -1
485 1
486 3
487 2
488 -1
489 -1
490 2
491 5
492 2
493 5
494 3
495 0
496 7
497 3
498 7
499 -1
500 3
501 0
502 0
503 1
504 3
505 -1
506 0
507 -1
508 3
509 2
510 5
511 -1
512 1
513 4
514 2
515 3
516 -1
517 -1
518 -1
519 -1
520 5
522 -1
523 5
524 0
525 5
526 1
527 8
528 3
529 5
530 -1
531 2
532 0
533 0
534 1
535 0
536 2
537 2
538 6
539 6
540 3
541 1
542 4
543 1
544 4
545 2
546 -1
547 7
548 -1
549 -1
550 5
551 1
552 4
553 0
554 1
555 6
556 -1
557 -1
558 2
559 4
560 2
561 1
562 -1
563 3
564 3
565 0
566 4
567 2
568 1
569 1
570 -1
571 -1
572 -1
573 1
574 5
575 1
576 -1
577 5
578 5
579 1
580 5
581 -1
582 2
583 0
584 3
585 2
586 1
587 5
588 7
589 5
590 3
591 3
592 5
593 4
594 -1
595 2
596 2
597 1
598 5
599 3
600 -1
601 3
602 7
603 1
604 1
605 1
606 3
607 5
608 3
609 -1
610 2
611 5
612 -1
613 4
614 -1
615 -1
616 3
617 5
618 3
619 2
620 5
621 -1
622 8
623 2
624 -1
626 3
627 1
628 3
629 1
630 3
631 -1
632 5
633 3
634 3
635 3
636 1
637 3
638 4
639 0
640 2
641 -1
642 2
643 -1
644 -1
645 6
646 4
647 3
648 -1
649 5
650 -1
651 2
652 3
654 1
655 -1
656 1
657 1
658 4
659 0
660 5
661 1
662 -1
663 1
664 5
665 4
666 3
667 0
668 -1
669 4
670 5
671 4
672 5
673 1
674 1
675 6
676 5
677 0
678 8
679 5
680 4
681 3
682 -1
683 2
684 -1
685 3
686 5
687 3
688 5
689 -1
690 2
691 5
692 -1
693 -1
694 3
695 2
696 4
697 4
698 3
699 -1
700 2
701 -1
702 0
703 5
704 3
705 -1
706 -1
707 4
708 1
709 8
710 6
711 2
712 2
713 1
715 -1
716 3
717 -1
718 6
719 3
720 5
721 -1
722 2
723 5
724 -1
725 5
726 3
727 2
728 3
729 1
730 -1
731 3
732 4
733 4
734 6
735 1
736 3
737 5
738 -1
739 -1
740 1
741 0
742 1
743 5
744 3
745 -1
746 4
747 2
748 3
749 -1
750 0
751 5
752 1
753 -1
754 3
755 5
756 3
757 4
758 2
759 5
760 -1
761 4
762 5
763 5
764 5
765 -1
766 4
767 2
768 2
769 2
770 5
771 -1
772 5
773 -1
774 1
775 3
776 1
777 3
778 6
779 3
780 0
781 1
782 1
783 3
784 1
785 6
786 5
787 -1
788 2
790 3
791 1
792 1
793 -1
794 -1
795 1
796 -1
797 -1
798 1
799 5
800 3
801 -1
802 3
803 -1
804 3
805 -1
806 -1
807 0
808 1
809 4
810 3
811 1
812 0
813 3
814 4
815 2
816 -1
817 5
818 5
819 5
820 3
821 4
822 2
823 3
824 0
825 1
826 3
827 3
828 2
829 3
830 3
831 -1
832 -1
833 -1
834 1
835 3
836 1
837 3
838 3
839 6
840 6
841 4
842 1
843 0
844 4
845 1
846 4
847 -1
848 2
849 -1
850 3
851 2
852 2
853 3
854 1
855 -1
856 3
857 5
858 5
859 1
860 3
861 1
862 -1
863 5
864 3
865 6
866 3
867 5
868 1
869 1
870 4
871 1
872 1
873 5
874 -1
875 -1
876 1
877 -1
878 1
879 4
880 3
881 -1
882 4
883 3
884 3
885 -1
886 5
887 1
888 5
889 -1
890 2
891 3
892 3
893 3
894 6
895 5
896 2
897 1
898 1
899 0
900 5
901 5
902 1
903 2
904 4
905 1
906 6
907 6
908 -1
909 2
910 2
911 1
912 4
913 1
914 -1
915 -1
916 1
917 4
918 3
919 4
920 4
921 5
922 0
923 5
924 2
925 -1
926 3
927 2
928 5
929 4
930 5
931 0
932 -1
933 -1
934 -1
935 5
936 7
937 -1
938 1
939 1
940 1
941 3
942 2
943 3
944 2
945 0
946 6
947 5
948 1
949 4
950 2
951 3
952 3
953 -1
954 5
955 3
956 -1
957 5
958 2
959 -1
960 1
961 -1
962 -1
963 3
964 -1
965 6
966 4
967 4
968 3
969 -1
970 3
971 3
972 1
973 5
974 5
975 5
976 -1
977 -1
978 -1
979 1
980 1
981 -1
982 3
983 1
984 3
985 1
986 -1
987 1
988 -1
989 1
990 2
991 5
992 4
993 0
994 3
995 5
996 2
997 -1
998 3
999 1
1000 -1
1001 2
1002 4
1003 1
1004 5
1005 4
1006 6
1007 5
1008 4
1009 1
1010 5
1011 1
1012 3
1013 5
1014 1
1015 4
1016 3
1017 4
1018 1
1019 0
1020 0
1021 -1
1022 3
1023 1
1024 5
1025 0
1026 -1
1027 3
1028 -1
1029 1
1030 1
1031 3
1032 -1
1033 3
1034 1
1035 5
1036 2
1037 -1
1038 1
1039 1
1040 4
1041 -1
1042 5
1043 3
1044 3
1045 1
1046 -1
1047 3
1048 2
1049 -1
1050 8
1051 1
1052 5
1053 0
1054 3
1055 2
1056 1
1057 3
1058 4
1059 4
1060 4
1061 -1
1062 1
1063 3
1064 3
1065 4
1066 5
1067 3
1068 0
1069 -1
1070 5
1071 5
1072 4
1073 5
1074 4
1075 -1
1076 -1
1077 5
1078 5
1079 3
1080 2
1081 3
1082 3
1083 2
1084 5
1085 2
1086 2
1087 5
1088 4
1089 3
1090 1
1091 1
1092 -1
1093 1
1094 1
1095 1
1096 5
1097 2
1098 2
1099 -1
1100 7
1101 2
1102 0
1103 -1
1104 -1
1105 -1
1106 -1
1107 0
1108 7
1109 5
1110 4
1111 5
1112 3
1113 -1
1114 5
1115 4
1116 -1
1117 4
1118 0
1119 5
1120 0
1121 3
1122 1
1123 6
1124 5
1125 -1
1126 -1
1127 -1
1128 -1
1129 5
1130 4
1131 -1
1132 2
1133 1
1134 0
1135 5
1136 3
1137 -1
1138 5
1139 1
1140 3
1141 6
1142 3
1143 1
1144 -1
1145 5
1146 -1
1147 -1
1148 2
1149 -1
1150 3
1151 5
1152 -1
1153 1
1154 4
1155 -1
1156 4
1157 1
1158 -1
1159 5
1160 3
1161 1
1162 5
1163 3
1164 4
1165 3
1166 1
1167 3
1168 4
1169 -1
1170 2
1171 1
1172 -1
1173 4
1174 5
1175 4
1176 4
1177 -1
1178 4
1179 4
1180 1
1181 5
1182 1
1183 5
1184 -1
1185 0
1186 -1
1187 2
1188 -1
1189 0
1190 4
1191 0
1192 4
1193 5
1194 5
1195 -1
1196 1
1197 2
1198 -1
1199 3
1200 2
1201 5
1202 1
1203 7
1205 1
1206 3
1207 2
1208 3
1209 6
1210 5
1211 3
1212 2
1213 5
1214 2
1215 3
1216 -1
1217 -1
1218 -1
1219 2
1220 -1
1221 4
1222 1
1223 2
1224 1
1225 3
1226 5
1227 4
1228 1
1229 5
1230 4
1231 5
1232 3
1233 3
1234 2
1235 3
1236 5
1237 -1
1238 5
1239 6
1240 4
1241 -1
1242 0
1243 6
1244 3
1245 5
1246 1
1247 0
1248 2
1249 6
1250 3
1251 3
1252 1
1253 -1
1254 -1
1255 1
1256 0
1257 -1
1258 8
1259 -1
1260 1
1261 2
1262 5
1263 0
1264 3
1265 1
1266 0
1267 2
1268 1
1269 4
1270 3
1271 3
1273 1
1274 3
1275 1
1277 6
1278 2
1279 -1
1280 1
1281 1
1282 5
1283 -1
1284 3
1285 5
1286 4
1287 8
1288 -1
1289 4
1290 1
1291 1
1292 3
1293 4
1294 3
1295 1
1296 -1
1297 2
1298 -1
1299 1
1300 3
1301 3
1302 -1
1303 0
1304 5
1305 1
1306 4
1307 4
1308 3
1309 4
1310 4
1311 5
1312 4
1313 1
1314 2
1315 3
1316 -1
1317 3
1318 2
1319 -1
1320 3
1321 2
1322 1
1323 -1
1324 1
1325 -1
1326 5
1327 5
1328 0
1329 5
1330 4
1331 0
1332 1
1333 4
1334 7
1335 7
1336 3
1337 1
1338 0
1339 1
1340 -1
1341 2
1342 5
1343 3
1344 1
1345 1
1346 3
1347 5
1348 5
1349 5
1350 -1
1351 0
1352 2
1353 4
1354 3
1355 3
1356 -1
1357 2
1358 5
1359 -1
1360 2
1361 2
1362 2
1363 2
1364 5
1365 1
1366 1
1367 2
1368 2
1369 7
1370 0
1371 5
1372 1
1373 3
1374 1
1375 -1
1376 -1
1377 1
1378 5
1379 1
1380 0
1381 -1
1382 4
1383 3
1384 -1
1385 -1
1386 3
1387 2
1388 4
1389 1
1390 3
1391 3
1392 4
1393 4
1394 1
1396 2
1397 1
1398 5
1399 4
1400 5
1401 -1
1402 8
1403 5
1404 4
1405 5
1406 5
1407 5
1408 -1
1409 2
1410 0
1411 0
1412 -1
1413 4
1414 1
1415 -1
1416 3
1417 2
1418 5
1419 -1
1420 3
1421 2
1422 -1
1423 5
1425 5
1426 1
1427 1
1428 -1
1429 4
1430 6
1431 3
1432 4
1433 2
1434 1
1435 5
1436 -1
1437 5
1438 3
1439 4
1440 1
1441 2
1442 5
1443 3
1444 -1
1445 0
1446 1
1447 3
1448 1
1449 4
1450 3
1451 2
1452 -1
1453 3
1454 -1
1455 2
1456 1
1457 5
1458 5
1459 5
1460 6
1461 2
1463 1
1464 4
1465 0
1466 3
1467 -1
1468 -1
1469 4
1470 5
1471 7
1472 8
1473 1
1474 4
1475 -1
1476 4
1477 4
1478 3
1479 -1
1480 2
1481 1
1482 -1
1483 1
1484 0
1485 1
1486 3
1487 1
1488 5
1489 4
1490 2
1491 5
1493 -1
1494 1
1495 1
1496 5
1497 3
1498 2
1499 6
1500 4
1501 -1
1502 5
1503 0
1504 1
1505 -1
1506 -1
1507 1
1508 3
1509 1
1510 4
1511 5
1512 4
1513 -1
1514 0
1515 4
1516 2
1517 4
1518 4
1519 1
1520 3
1521 4
1522 7
1523 1
1524 5
1525 1
1526 2
1527 4
1528 3
1529 4
1530 4
1531 -1
1532 1
1533 3
1534 4
1535 2
1536 5
1537 5
1538 0
1539 4
1540 4
1541 5
1542 5
1543 3
1544 3
1545 -1
1546 0
1547 3
1548 2
1549 3
1550 -1
1551 4
1552 1
1553 5
1554 3
1555 0
1556 5
1557 0
1558 4
1559 2
1560 3
1561 4
1562 3
1563 0
1564 5
1565 2
1566 0
1567 0
1568 1
1569 -1
1570 4
1571 3
1572 4
1573 1
1574 -1
1575 4
1576 4
1577 0
1578 2
1579 5
1580 2
1581 -1
1582 3
1583 2
1584 5
1585 4
1586 4
1587 3
1588 4
1589 2
1590 5
1591 1
1592 1
1593 2
1594 5
1595 1
1596 2
1597 5
1598 0
1599 -1
1600 2
1601 -1
1602 5
1603 1
1604 3
1605 4
1606 1
1607 5
1608 5
1609 3
1610 -1
1611 -1
1612 1
1613 5
1614 1
1615 2
1616 4
1617 -1
1618 1
1619 1
1620 5
1621 1
1622 3
1623 3
1624 2
1625 -1
1626 2
1627 2
1628 5
1629 -1
1630 2
1631 1
1632 5
1633 4
1634 5
1635 5
1636 2
1637 3
1638 2
1639 2
1640 1
1641 5
1642 1
1643 1
1644 5
1645 1
1646 5
1647 0
1648 4
1649 5
1650 1
1651 5
1652 1
1653 3
1654 5
1655 4
1656 4
1657 1
1658 5
1659 0
1660 6
1661 3
1662 -1
1663 5
1664 4
1665 1
1666 1
1667 1
1668 6
1669 2
1670 2
1671 2
1672 4
1673 3
1674 2
1675 -1
1676 7
1677 6
1678 4
1679 5
1680 5
1681 2
1682 1
1683 2
1684 3
1685 5
1686 2
1688 4
1689 5
1690 5
1691 0
1692 6
1693 1
1694 1
1695 -1
1696 -1
1697 1
1698 0
1699 4
1700 5
1701 3
1702 4
1703 -1
1704 3
1705 -1
1706 5
1707 5
1708 3
1709 4
1710 8
1711 0
1712 3
1713 0
1714 -1
1715 4
1716 4
1717 3
1718 3
1719 -1
1720 1
1721 0
1722 1
1723 3
1725 3
1726 0
1727 4
1728 1
1729 2
1730 2
1731 5
1732 7
1733 1
1734 -1
1735 5
1736 0
1737 2
1738 7
1739 -1
1740 5
1741 4
1742 3
1743 0
1744 5
1745 1
1746 2
1747 5
1748 0
1749 3
1750 4
1751 4
1752 4
1753 5
1754 -1
1755 5
1756 -1
1757 1
1758 5
1759 0
1760 -1
1761 1
1762 3
1763 4
1764 1
1765 4
1766 -1
1767 0
1768 5
1770 2
1771 2
1772 3
1773 4
1774 5
1775 5
1776 1
1777 1
1778 3
1779 4
1780 0
1781 5
1782 1
1783 4
1784 1
1785 1
1786 -1
1787 1
1788 1
1789 -1
1790 -1
1791 5
1792 3
1793 -1
1794 4
1795 6
1796 3
1797 -1
1798 5
1799 4
1800 -1
1801 3
1802 -1
1803 3
1804 -1
1805 0
1806 2
1807 5
1808 5
1809 -1
1810 4
1811 -1
1812 4
1813 4
1814 7
1815 1
1816 2
1817 1
1818 2
1819 1
1820 -1
1821 4
1822 -1
1823 1
1824 1
1825 0
1826 7
1827 3
1828 4
1829 -1
1830 2
1831 4
1832 2
1833 3
1834 4
1835 1
1836 3
1837 2
1838 2
1839 5
1840 5
1841 4
1842 -1
1843 4
1844 4
1845 8
1846 6
1847 5
1848 1
1849 4
1850 5
1851 -1
1852 3
1853 -1
1854 3
1855 5
1856 1
1857 1
1858 2
1859 5
1860 1
1861 2
1862 1
1863 1
1864 -1
1865 4
1866 5
1867 3
1868 4
1869 0
1870 6
1871 -1
1872 5
1873 4
1874 5
1875 1
1876 1
1877 1
1878 3
1879 6
1881 -1
1882 3
1883 2
1884 4
1885 1
1886 8
1887 -1
1888 -1
1889 1
1890 5
1891 1
1892 5
1893 1
1894 7
1895 2
1896 1
1897 2
1898 4
1899 1
1900 4
1901 -1
1902 0
1903 3
1904 5
1905 0
1906 2
1907 5
1908 3
1909 5
1910 3
1911 3
1912 1
1913 3
1914 2
1915 2
1916 1
1917 2
1918 3
1919 5
1920 1
1921 4
1922 6
1923 5
1924 5
1925 4
1926 4
1927 -1
1928 -1
1929 5
1930 1
1931 1
1932 4
1933 5
1934 2
1935 4
1936 -1
1937 1
1938 2
1939 3
1940 3
1941 3
1942 -1
1943 0
1944 -1
1945 2
1946 2
1947 4
1948 5
1949 4
1950 5
1951 3
1952 3
1953 4
1954 5
1955 5
1956 5
1957 5
1958 3
1959 1
1960 4
1961 0
1962 5
1963 -1
1964 7
1965 1
1966 1
1967 1
1968 1
1969 -1
1970 4
1971 4
1972 2
1973 -1
1974 1
1975 2
1976 -1
1977 3
1978 5
1979 -1
1980 1
1981 1
1982 3
1983 -1
1984 6
1985 3
1986 1
1987 2
1988 3
1989 2
1990 3
1991 3
1992 3
1993 3
1994 -1
1995 5
1996 5
1997 -1
1998 2
1999 -1
2000 -1
2001 4
2002 -1
2003 -1
2004 5
2005 4
2006 5
2007 3
2008 5
2009 4
2010 5
2011 3
2012 5
2013 4
2014 5
2015 -1
2016 -1
2017 1
2018 3
2019 0
2020 -1
2021 3
2022 3
2023 2
2024 4
2025 1
2026 4
2027 5
2028 3
2029 5
2030 -1
2031 5
2032 1
2033 5
2034 -1
2035 2
2036 4
2037 6
2038 3
2039 -1
2040 -1
2041 5
2042 5
2043 6
2044 5
2045 1
2046 -1
2047 0
2048 4
2049 4
2050 2
2051 5
2052 5
2053 4
2054 0
2055 3
2056 3
2057 3
2058 5
2059 5
2060 5
2061 5
2062 0
2063 5
2064 5
2065 -1
2066 3
2067 5
2068 -1
2069 6
2070 2
2071 4
2072 -1
2073 5
2074 -1
2075 2
2076 5
2077 0
2078 3
2079 2
2080 4
2081 3
2082 2
2083 3
2084 3
2085 4
2086 5
2087 5
2088 1
2089 4
2090 2
2091 2
2092 3
2093 -1
2094 1
2095 8
2096 4
2097 3
2098 5
2099 0
2100 5
2101 -1
2102 -1
2103 4
2104 4
2105 3
2106 5
2107 4
2108 1
2109 -1
2110 4
2111 -1
2112 -1
2113 5
2114 0
2115 5
2116 3
2117 5
2118 5
2119 5
2120 5
2121 5
2122 1
2123 5
2124 4
2125 1
2126 5
2127 3
2128 1
2129 1
2130 1
2131 1
2132 5
2133 1
2134 3
2135 4
2136 4
2137 1
2138 3
2139 -1
2140 2
2141 -1
2142 5
2143 5
2144 2
2145 4
2146 3
2147 -1
2148 5
2149 5
2150 -1
2151 1
2152 0
2153 2
2154 3
2155 1
2156 4
2157 5
2158 5
2159 1
2160 -1
2161 -1
2162 -1
2163 0
2164 3
2165 5
2166 1
2167 1
2168 3
2169 2
2170 5
2171 1
2172 5
2173 5
2174 5
2175 1
2176 4
2177 3
2178 0
2179 3
2180 3
2181 4
2182 3
2183 3
2184 5
2185 -1
2186 -1
2187 3
2188 5
2189 -1
2190 -1
2191 1
2192 3
2193 5
2194 1
2195 4
2196 5
2197 4
2198 4
2199 5
2200 1
2201 2
2202 5
2203 1
2204 -1
2205 -1
2207 4
2208 3
2209 -1
2211 1
2212 -1
2213 1
2214 1
2215 1
2216 1
2217 4
2218 5
2219 3
2220 5
2221 2
2222 1
2223 4
2224 0
2225 5
2226 2
2227 -1
2228 3
2229 2
2230 3
2231 5
2232 3
2233 5
2234 3
2235 -1
2236 2
2237 5
2238 5
2239 -1
2240 -1
2241 1
2242 2
2243 4
2244 5
2245 5
2246 3
2247 1
2248 0
2249 6
2250 1
2251 7
2252 5
2253 -1
2254 0
2255 5
2256 5
2257 1
2258 2
2260 -1
2261 1
2262 4
2263 2
2264 3
2265 2
2266 5
2267 4
2268 5
2269 -1
2270 4
2271 5
2272 5
2273 4
2274 4
2275 4
2276 -1
2277 -1
2278 5
2279 -1
2280 4
2281 2
2282 -1
2283 1
2284 3
2285 -1
2286 5
2287 -1
2288 4
2289 1
2290 -1
2291 -1
2292 1
2293 1
2294 4
2295 -1
2296 5
2297 1
2298 1
2299 5
2300 4
2301 3
2302 5
2303 1
2304 2
2305 4
2306 3
2307 4
2309 4
2310 5
2311 3
2312 5
2313 2
2314 4
2315 5
2316 3
2317 6
2318 4
2319 2
2320 5
2321 3
2322 5
2323 5
2324 5
2325 5
2327 -1
2328 1
2329 7
2330 -1
2331 5
2332 6
2333 3
2334 4
2335 3
2336 4
2337 1
2338 4
2339 5
2340 7
2341 2
2342 4
2343 4
2344 1
2345 -1
2346 2
2347 5
2348 -1
2349 -1
2350 1
2351 5
2352 5
2353 5
2354 1
2355 -1
2356 3
2357 5
2358 5
2359 2
2360 4
2361 4
2362 5
2363 4
2364 -1
2365 -1
2366 3
2367 0
2368 3
2369 5
2370 1
2371 -1
2372 3
2373 4
2374 4
2375 3
2376 2
2377 4
2378 5
2379 1
2380 -1
2382 1
2383 4
2384 3
2385 5
2386 2
2387 1
2388 5
2389 5
2390 4
2391 4
2392 -1
2393 0
2394 4
2395 1
2396 4
2398 1
2399 2
2400 1
2401 4
2402 4
2403 3
2404 7
2405 5
2406 5
2407 5
2408 1
2409 4
2410 5
2411 4
2412 2
2413 5
2414 3
2415 1
2416 4
2417 -1
2418 3
2419 5
2420 6
2421 1
2422 1
2423 1
2424 3
2425 4
2426 4
2427 7
2428 1
2429 5
2430 5
2431 7
2432 3
2433 1
2434 5
2435 4
2436 -1
2437 5
2438 -1
2439 5
2440 5
2441 1
2442 5
2443 1
2444 3
2445 -1
2446 4
2447 2
2448 1
2449 5
2450 2
2451 -1
2452 0
2453 4
2454 4
2455 2
2456 5
2457 5
2458 1
2459 1
2460 0
2461 4
2462 3
2463 5
2464 1
2465 -1
2466 1
2467 1
2468 4
2469 1
2470 2
2471 4
2472 1
2473 -1
2474 5
2475 -1
2476 5
2477 5
2478 2
2479 0
2480 -1
2481 2
2482 0
2483 5
2484 3
2485 2
2486 -1
2487 0
2488 4
2489 2
2490 5
2491 6
2492 5
2493 1
2494 5
2495 0
2496 3
2497 5
2498 -1
2499 2
2500 2
2501 3
2503 -1
2504 5
2505 1
2506 1
2507 1
2508 4
2509 5
2510 4
2511 4
2512 4
2513 1
2514 0
2515 1
2516 3
2517 -1
2518 1
2519 1
2520 2
2521 3
2522 3
2523 5
2524 4
2525 1
2526 1
2527 1
2528 4
2529 4
2530 3
2531 5
2532 1
2533 3
2534 5
2535 5
2536 3
2537 4
2538 4
2539 5
2540 1
2541 5
2542 5
2543 4
2544 1
2545 4
2546 2
2547 5
2548 4
2549 0
2550 1
2551 1
2552 3
2553 4
2554 4
2555 5
2556 4
2557 1
2558 -1
2559 2
2560 4
2561 1
2562 4
2563 4
2564 5
2565 0
2566 5
2567 5
2568 6
2569 1
2570 6
2571 3
2572 2
2573 5
2574 5
2575 -1
2576 5
2577 7
2578 -1
2579 4
2580 4
2581 3
2582 5
2583 2
2584 4
2585 2
2586 5
2587 2
2588 5
2589 0
2590 -1
2591 0
2592 -1
2593 5
2595 1
2596 0
2597 5
2598 4
2599 -1
2600 5
2601 5
2602 5
2603 1
2604 3
2605 -1
2606 3
2608 -1
2609 5
2610 5
2611 1
2612 3
2613 -1
2614 2
2615 1
2616 4
2617 0
2618 1
2619 5
2620 0
2621 5
2622 2
2623 3
2624 2
2625 5
2626 1
2627 5
2628 -1
2629 3
2630 1
2631 -1
2632 2
2633 4
2634 3
2635 1
2636 1
2637 5
2638 5
2639 5
2640 1
2641 5
2642 1
2643 3
2644 4
2645 2
2646 5
2647 3
2648 0
2649 4
2650 4
2651 1
2652 1
2653 2
2654 5
2655 5
2656 3
2657 3
2658 -1
2659 7
2660 1
2661 1
2662 1
2663 -1
2665 4
2666 5
2667 3
2668 4
2669 5
2670 4
2671 1
2672 2
2673 3
2674 -1
2675 2
2676 1
2677 4
2678 2
2679 3
2680 4
2681 1
2682 6
2683 5
2684 1
2685 5
2686 5
2687 1
2688 4
2689 4
2690 4
2691 -1
2692 1
2693 5
2694 1
2695 -1
2696 1
2697 2
2698 1
2699 1
2700 5
2701 2
2702 1
2703 -1
2704 1
2705 3
2706 3
2707 6
2708 1
2709 1
2710 3
2711 0
2712 2
2713 6
2714 1
2715 5
2716 4
2717 -1
2718 5
2719 3
2720 5
2721 -1
2722 1
2723 -1
2724 1
2725 1
2727 2
2728 4
2729 5
2730 4
2731 -1
2732 3
2733 -1
2734 3
2735 -1
2736 -1
2737 -1
2738 5
2739 0
2740 3
2741 4
2742 5
2743 6
2744 1
2745 1
2746 -1
2747 1
2748 1
2749 5
2750 -1
2751 1
2752 5
2753 1
2754 4
2755 0
2756 -1
2757 1
2758 4
2759 3
2760 4
2761 1
2762 -1
2763 1
2764 -1
2765 4
2766 1
2767 0
2768 1
2769 1
2770 5
2771 0
2773 4
2774 5
2775 1
2776 -1
2777 3
2778 4
2779 4
2780 1
2781 5
2782 1
2783 4
2784 2
2785 4
2786 4
2787 4
2788 4
2789 2
2790 -1
2791 5
2792 4
2793 4
2794 4
2795 5
2796 3
2797 3
2798 4
2799 1
2800 5
2801 4
2802 3
2803 5
2804 1
2805 3
2806 -1
2807 5
2808 0
2809 -1
2810 5
2811 1
2812 -1
2813 4
2814 1
2815 2
2816 0
2817 4
2818 5
2819 1
2820 4
2821 3
2822 0
2823 5
2824 2
2825 4
2826 1
2827 5
2828 6
2829 3
2830 2
2831 4
2832 1
2833 1
2834 0
2835 1
2836 0
2837 5
2838 1
2839 4
2840 -1
2841 3
2842 4
2843 5
2844 2
2845 1
2846 2
2847 8
2848 1
2849 5
2850 -1
2851 5
2852 3
2853 1
2854 4
2855 4
2856 1
2857 5
2858 5
2859 5
2860 2
2861 -1
2862 4
2863 5
2864 4
2865 6
2866 1
2867 -1
2868 3
2869 5
2870 4
2871 -1
2872 3
2873 2
2874 4
2875 3
2876 4
2877 1
2878 3
2879 4
2880 2
2881 -1
2882 5
2883 5
2884 1
2885 4
2886 1
2887 4
2888 6
2889 5
2890 3
2891 4
2892 4
2893 5
2894 6
2895 0
2896 4
2897 0
2898 3
2899 -1
2900 2
2901 5
2902 5
2903 6
2904 6
2905 5
2906 4
2907 1
2908 5
2909 3
2910 -1
2911 4
2912 3
2913 4
2914 1
2915 2
2916 1
2917 4
2918 0
2919 1
2920 3
2921 3
2922 4
2923 0
2924 1
2925 -1
2926 -1
2927 -1
2928 5
2929 5
2930 -1
2931 5
2932 5
2933 5
2934 5
2935 5
2936 3
2937 1
2938 0
2939 5
2940 5
2941 0
2942 5
2943 5
2944 2
2945 1
2946 -1
2947 -1
2948 1
2949 1
2950 -1
2951 1
2952 4
2953 4
2954 -1
2955 3
2956 4
2957 5
2958 0
2960 5
2961 2
2962 5
2963 -1
2964 4
2965 1
2966 6
2967 5
2968 1
2969 4
2970 4
2971 5
2972 5
2973 4
2974 5
2975 5
2976 1
2977 3
2978 4
2979 3
2980 -1
2981 5
2982 2
2983 4
2984 2
2985 4
2986 4
2987 3
2988 -1
2989 4
2990 4
2991 4
2992 1
2993 4
2994 4
2995 5
2996 5
2997 4
2998 4
2999 5
3000 5
3001 2
3002 4
3003 1
3004 4
3005 3
3006 5
3007 5
3008 4
3009 -1
3010 5
3011 3
3012 4
3013 -1
3014 5
3015 4
3016 1
3017 1
3018 5
3019 5
3020 1
3021 -1
3022 5
3023 4
3024 5
3025 2
3027 4
3028 4
3029 1
3030 5
3031 4
3032 4
3033 5
3034 5
3035 4
3036 3
3037 5
3038 4
3039 0
3040 4
3041 5
3042 5
3043 5
3044 4
3045 1
3046 3
3047 5
3048 -1
3049 -1
3050 2
3051 5
3052 3
3053 1
3054 5
3055 5
3056 1
3057 2
3058 4
3059 -1
3060 2
3062 2
3063 -1
3064 4
3065 4
3066 4
3067 3
3068 5
3069 4
3070 4
3071 1
3072 2
3073 4
3074 2
3075 2
3076 3
3077 -1
3078 6
3079 1
3080 4
3081 1
3082 5
3083 1
3084 -1
3085 1
3087 1
3088 8
3089 4
3090 3
3091 1
3092 1
3093 5
3094 3
3095 5
3096 1
3097 6
3098 5
3099 3
3100 3
3101 -1
3102 5
3103 4
3104 4
3105 5
3106 5
3107 5
3108 2
3109 4
3110 0
3111 4
3112 5
3113 5
3114 4
3115 2
3116 -1
3117 5
3118 5
3119 -1
3120 1
3121 1
3122 5
3123 4
3124 1
3125 -1
3126 1
3127 4
3128 5
3129 4
3130 1
3131 4
3132 1
3133 3
3134 4
3135 4
3136 1
3137 4
3138 1
3139 5
3140 -1
3141 4
3142 3
3143 1
3144 5
3145 5
3146 2
3147 1
3148 2
3149 1
3150 -1
3151 -1
3152 5
3153 4
3154 3
3155 7
3156 5
3157 5
3158 -1
3159 1
3160 5
3161 1
3162 4
3163 1
3164 3
3165 5
3166 1
3167 -1
3168 1
3169 1
3170 4
3171 2
3172 5
3173 5
3174 -1
3175 1
3176 4
3177 -1
3178 0
3179 -1
3180 1
3181 -1
3182 1
3183 5
3184 1
3185 5
3186 0
3187 3
3188 4
3189 4
3190 -1
3191 5
3192 4
3194 1
3195 3
3196 1
3197 5
3198 5
3199 5
3200 5
3201 5
3202 5
3203 -1
3204 4
3205 4
3206 4
3207 3
3208 1
3209 4
3210 5
3211 3
3212 5
3213 1
3214 4
3215 1
3216 5
3217 4
3218 -1
3219 -1
3220 0
3222 1
3223 1
3224 2
3225 -1
3226 5
3227 4
3228 1
3229 1
3230 -1
3231 3
3232 4
3233 5
3234 1
3235 3
3236 4
3237 -1
3238 1
3239 -1
3240 2
3241 5
3242 3
3243 -1
3244 1
3245 2
3246 5
3247 4
3248 4
3249 -1
3250 5
3252 1
3253 1
3254 3
3255 4
3256 5
3257 5
3258 7
3259 4
3260 0
3261 4
3262 4
3263 2
3264 4
3265 1
3267 3
3268 4
3269 1
3270 3
3271 1
3272 3
3273 1
3274 5
3276 5
3277 5
3278 4
3279 1
3280 4
3281 4
3282 1
3283 4
3284 5
3285 1
3286 4
3287 5
3288 4
3289 5
3290 4
3291 5
3292 5
3293 2
3294 1
3295 3
3296 3
3297 5
3298 1
3299 4
3300 4
3301 4
3302 2
3303 4
3304 4
3305 4
3306 3
3307 1
3308 5
3309 4
3310 2
3311 -1
3312 1
3313 4
3314 -1
3315 6
3316 1
3317 5
3318 4
3319 3
3320 1
3321 2
3322 1
3323 -1
3324 4
3325 1
3326 1
3327 1
3328 4
3329 0
3330 0
3331 1
3332 1
3333 5
3334 3
3335 0
3336 0
3338 5
3339 1
3340 1
3341 2
3342 5
3343 5
3344 5
3345 1
3346 -1
3347 2
3348 -1
3349 1
3350 1
3351 5
3352 4
3353 5
3354 1
3355 4
3356 -1
3357 6
3358 -1
3359 4
3360 1
3361 1
3362 5
3363 4
3364 5
3365 1
3366 1
3367 3
3368 -1
3369 1
3370 4
3371 5
3372 5
3373 2
3374 4
3375 -1
3376 1
3377 5
3378 0
3379 4
3380 1
3381 5
3382 1
3383 5
3385 4
3386 5
3387 5
3388 4
3389 1
3390 1
3391 2
3392 5
3393 5
3394 4
3395 5
3396 5
3397 1
3398 2
3399 3
3400 1
3401 1
3402 1
3403 7
3405 -1
3406 4
3407 0
3408 5
3409 4
3410 -1
3411 3
3412 3
3413 3
3414 4
3415 4
3416 2
3417 0
3418 4
3419 4
3420 3
3421 -1
3422 5
3423 4
3424 4
3425 4
3426 3
3427 5
3428 1
3429 4
3430 4
3431 4
3432 5
3433 5
3434 4
3435 3
3436 2
3437 1
3438 4
3439 1
3440 3
3441 7
3442 -1
3443 5
3444 0
3445 0
3446 3
3447 3
3448 5
3449 1
3450 4
3451 4
3452 6
3454 1
3455 -1
3456 4
3457 -1
3458 3
3459 4
3460 6
3461 -1
3462 -1
3463 3
3464 4
3465 1
3466 5
3467 5
3468 4
3469 4
3470 1
3471 4
3472 3
3473 -1
3474 2
3475 4
3476 1
3477 1
3478 -1
3479 -1
3480 3
3481 -1
3482 -1
3483 4
3484 6
3485 5
3486 4
3487 4
3488 2
3489 4
3490 5
3491 0
3493 5
3494 5
3495 -1
3496 3
3497 -1
3498 5
3499 4
3500 -1
3501 2
3502 5
3503 4
3504 5
3505 -1
3506 1
3507 5
3508 1
3509 6
3510 4
3511 3
3512 5
3513 0
3514 -1
3515 4
3516 -1
3517 4
3519 4
3520 4
3521 1
3522 3
3523 2
3525 5
3526 1
3527 2
3528 -1
3529 -1
3530 3
3531 5
3532 4
3533 -1
3534 1
3535 -1
3536 3
3537 1
3538 5
3539 4
3540 1
3541 4
3542 -1
3543 1
3544 4
3545 5
3546 5
3547 4
3548 5
3549 4
3550 5
3551 1
3552 -1
3553 0
3554 3
3555 4
3556 3
3557 1
3558 4
3559 3
3560 2
3561 3
3562 -1
3563 4
3564 1
3565 6
3566 4
3567 5
3568 6
3569 2
3570 1
3571 -1
3572 5
3573 -1
3575 5
3576 4
3577 5
3578 2
3579 4
3580 1
3581 3
3582 -1
3583 5
3584 4
3585 4
3586 5
3587 5
3588 5
3589 4
3590 4
3591 1
3592 3
3593 6
3594 4
3595 2
3596 2
3597 4
3598 4
3599 1
3600 5
3601 -1
3602 3
3603 -1
3604 5
3605 5
3606 1
3607 5
3608 4
3609 1
3610 4
3611 5
3612 0
3613 -1
3614 5
3615 5
3616 4
3617 5
3618 3
3619 5
3620 5
3621 4
3622 5
3623 1
3624 1
3625 3
3626 1
3627 3
3628 3
3629 4
3630 1
3631 5
3632 0
3633 4
3634 5
3636 7
3637 1
3638 1
3639 -1
3640 5
3641 2
3642 5
3644 5
3645 4
3646 1
3647 4
3648 4
3649 4
3650 -1
3651 -1
3652 5
3653 5
3654 5
3655 4
3656 4
3657 4
3658 4
3659 -1
3660 5
3661 -1
3662 4
3663 5
3664 3
3665 2
3666 5
3667 5
3668 6
3669 1
3670 3
3671 5
3672 -1
3673 1
3674 -1
3675 4
3676 5
3677 4
3678 1
3679 5
3680 4
3681 0
3682 4
3683 5
3684 -1
3685 1
3686 5
3688 4
3689 4
3690 -1
3691 5
3692 5
3693 4
3694 -1
3695 4
3696 3
3697 0
3698 0
3699 4
3700 1
3701 1
3702 5
3703 0
3704 5
3705 3
3706 5
3707 5
3708 1
3709 2
3710 1
3711 2
3712 1
3713 2
3714 5
3715 1
3716 3
3717 1
3719 5
3720 1
3721 5
3722 1
3723 4
3724 4
3725 4
3726 3
3727 1
3728 0
3729 1
3730 3
3731 1
3732 -1
3733 4
3734 4
3735 5
3736 4
3737 3
3738 1
3739 5
3740 0
3741 1
3742 4
3743 3
3744 7
3745 4
3746 4
3747 5
3748 1
3749 4
3750 3
3751 4
3752 4
3753 0
3754 4
3755 5
3756 5
3757 5
3758 1
3759 1
3760 4
3761 4
3762 5
3763 -1
3764 4
3765 5
3766 5
3767 2
3768 4
3769 4
3770 4
3771 1
3772 2
3773 4
3774 4
3775 -1
3776 4
3777 5
3778 4
3779 3
3780 4
3781 -1
3782 5
3783 -1
3784 3
3785 4
3786 1
3787 5
3788 2
3789 -1
3790 3
3791 -1
3792 1
3793 2
3794 2
3795 1
3796 -1
3797 4
3798 1
3799 4
3800 4
3801 4
3802 2
3803 4
3804 4
3805 5
3806 1
3807 -1
3808 3
3809 5
3811 3
3812 4
3813 5
3814 -1
3815 1
3816 4
3817 -1
3818 0
3819 4
3820 5
3821 4
3822 2
3823 5
3824 4
3825 3
3826 5
3827 4
3828 4
3829 1
3830 3
3831 4
3832 1
3833 4
3834 -1
3836 6
3837 2
3838 2
3839 4
3840 6
3841 -1
3842 1
3843 7
3844 1
3845 0
3846 -1
3847 3
3848 5
3849 5
3850 -1
3851 4
3852 4
3853 4
3854 5
3855 1
3856 3
3857 4
3858 4
3859 5
3860 4
3861 1
3862 -1
3863 5
3864 4
3865 5
3866 5
3867 1
3868 4
3869 5
3870 4
3871 5
3872 5
3873 -1
3874 2
3875 1
3876 2
3877 4
3878 -1
3879 4
3880 4
3881 1
3882 5
3883 5
3884 4
3885 -1
3886 -1
3887 4
3888 1
3889 4
3890 4
3891 2
3892 4
3893 3
3894 4
3895 2
3896 1
3897 1
3898 5
3899 4
3901 -1
3902 5
3904 3
3905 1
3906 5
3907 2
3908 1
3909 1
3910 1
3911 4
3912 5
3913 0
3914 2
3915 4
3916 4
3917 1
3918 4
3919 4
3920 4
3921 2
3922 5
3923 1
3924 1
3925 4
3926 3
3927 5
3928 5
3929 -1
3930 5
3931 -1
3932 -1
3933 5
3934 5
3935 1
3936 3
3938 4
3939 -1
3940 -1
3941 -1
3943 1
3944 5
3945 3
3946 4
3947 5
3948 5
3949 5
3950 5
3951 0
3952 3
3953 5
3954 0
3955 5
3956 1
3957 -1
3958 5
3959 5
3960 1
3961 6
3962 1
3963 4
3964 5
3965 -1
3966 4
3967 4
3968 1
3969 4
3970 5
3971 1
3972 4
3973 -1
3974 5
3975 1
3976 4
3977 3
3978 4
3979 -1
3980 4
3981 2
3982 4
3983 4
3984 -1
3985 4
3986 -1
3987 4
3988 5
3989 5
3990 4
3991 1
3992 5
3993 -1
3994 5
3995 4
3996 -1
3997 4
3998 4
3999 1
4000 4
4001 5
4002 4
4003 4
4004 1
4005 6
4006 3
4007 -1
4008 5
4009 3
4010 5
4011 -1
4012 5
4013 4
4014 5
4015 4
4016 -1
4017 5
4018 1
4019 5
4020 4
4021 4
4022 5
4023 1
4024 3
4025 -1
4026 5
4027 5
4028 1
4029 4
4030 1
4031 3
4032 -1
4033 3
4034 5
4035 0
4036 1
4037 4
4038 5
4039 4
4040 3
4041 1
4042 0
4043 5
4044 -1
4045 4
4046 5
4047 5
4048 3
4049 5
4050 3
4051 4
4052 4
4053 4
4054 5
4055 -1
4056 3
4057 4
4058 4
4059 3
4060 5
4061 5
4062 3
4063 4
4064 -1
4065 4
4066 4
4067 1
4068 3
4069 5
4070 5
4071 -1
4072 1
4073 7
4074 4
4075 5
4076 3
4077 4
4078 -1
4079 5
4080 -1
4081 5
4082 5
4083 1
4084 -1
4085 4
4086 -1
4087 4
4088 5
4089 4
4090 4
4091 5
4092 4
4093 1
4094 5
4095 -1
4096 3
4097 4
4098 1
4100 1
4101 5
4102 4
4104 1
4105 4
4106 -1
4107 1
4108 4
4109 4
4110 0
4111 3
4112 3
4113 5
4114 3
4115 5
4116 -1
4117 4
4118 3
4119 3
4120 2
4121 5
4122 1
4123 4
4124 5
4125 5
4126 -1
4127 2
4128 -1
4129 4
4130 1
4131 2
4132 4
4133 5
4134 1
4135 4
4137 4
4138 4
4139 2
4140 5
4141 1
4142 4
4143 5
4144 4
4145 -1
4146 1
4147 4
4148 4
4149 -1
4150 4
4151 4
4152 0
4153 4
4154 2
4155 -1
4156 4
4157 3
4158 4
4159 4
4160 4
4161 4
4162 4
4163 4
4164 3
4165 4
4166 4
4167 4
4168 6
4169 6
4170 4
4171 4
4172 1
4173 5
4174 3
4175 0
4176 -1
4177 2
4178 7
4179 4
4180 4
4181 4
4182 5
4183 4
4184 -1
4185 1
4186 1
4187 4
4188 0
4189 4
4190 2
4191 0
4192 1
4193 4
4194 1
4195 4
4196 1
4197 1
4198 -1
4199 -1
4200 2
4201 4
4202 1
4203 2
4204 5
4205 4
4206 -1
4207 5
4208 4
4209 1
4210 4
4211 5
4212 7
4213 5
4214 4
4215 0
4216 4
4218 4
4219 5
4220 4
4221 1
4222 -1
4223 5
4224 6
4225 -1
4226 4
4227 4
4228 1
4229 1
4230 4
4231 5
4232 4
4233 -1
4234 2
4235 4
4236 2
4237 4
4238 4
4239 3
4240 4
4241 4
4242 4
4243 5
4244 -1
4245 4
4246 1
4247 -1
4248 6
4249 6
4250 4
4251 5
4252 6
4253 5
4254 1
4255 4
4256 4
4257 5
4258 4
4259 4
4260 1
4261 1
4263 4
4264 3
4265 4
4266 1
4267 5
4268 5
4269 -1
4270 2
4272 4
4273 4
4274 3
4275 3
4276 5
4277 4
4278 4
4279 5
4280 4
4281 -1
4282 4
4283 4
4284 -1
4285 -1
4286 1
4287 4
4288 4
4289 1
4290 -1
4291 1
4292 2
4293 1
4294 4
4295 4
4296 2
4297 3
4298 1
4299 5
4300 4
4301 5
4302 0
4303 -1
4304 3
4305 1
4306 4
4307 5
4308 3
4309 5
4310 5
4311 4
4312 4
4313 -1
4314 4
4315 3
4316 -1
4317 1
4318 5
4319 4
4320 4
4321 2
4322 4
4323 2
4324 3
4325 4
4326 4
4327 5
4328 4
4329 5
4330 4
4331 5
4332 2
4333 7
4334 4
4335 4
4336 4
4337 7
4338 0
4339 4
4340 3
4341 4
4342 4
4343 1
4344 6
4345 3
4346 4
4347 4
4348 5
4349 4
4350 4
4351 2
4352 4
4353 4
4354 4
4355 5
4356 5
4357 4
4358 1
4359 5
4360 7
4361 3
4362 4
4363 1
4364 -1
4365 4
4366 -1
4367 4
4369 3
4370 -1
4371 1
4372 4
4373 5
4374 -1
4375 -1
4376 5
4377 5
4378 3
4379 4
4380 4
4381 5
4382 4
4383 -1
4384 5
4385 5
4386 3
4387 -1
4388 4
4390 4
4391 5
4392 1
4393 4
4394 4
4395 5
4396 4
4397 -1
4398 5
4399 5
4400 6
4401 4
4402 3
4403 4
4404 4
4405 4
4406 4
4407 6
4408 5
4409 3
4410 1
4411 4
4412 5
4413 4
4415 4
4416 -1
4417 1
4418 1
4419 5
4420 3
4421 5
4422 -1
4423 5
4424 -1
4425 -1
4426 1
4427 4
4428 -1
4429 3
4430 6
4431 4
4432 4
4433 -1
4434 3
4435 4
4436 4
4437 2
4439 5
4440 4
4441 -1
4442 5
4443 1
4444 0
4445 -1
4446 3
4447 0
4448 5
4449 5
4450 4
4451 6
4452 6
4453 1
4454 2
4455 4
4456 5
4457 4
4458 0
4459 3
4460 4
4461 4
4462 4
4463 -1
4464 5
4465 5
4466 4
4467 4
4468 5
4469 5
4470 1
4471 3
4472 1
4473 4
4474 4
4475 4
4476 3
4477 -1
4479 1
4480 3
4481 4
4482 5
4483 -1
4484 5
4485 4
4486 4
4487 5
4488 4
4489 5
4490 4
4491 1
4492 4
4493 3
4494 5
4495 5
4496 1
4497 2
4498 4
4499 5
4500 5
4501 -1
4502 4
4503 4
4504 4
4505 4
4506 3
4507 5
4508 4
4509 -1
4510 5
4511 5
4512 -1
4513 4
4514 4
4515 3
4516 4
4517 5
4518 1
4519 4
4520 2
4521 1
4522 5
4523 0
4524 2
4525 4
4526 5
4527 -1
4528 2
4529 5
4530 0
4531 1
4532 3
4533 5
4534 2
4535 1
4536 4
4537 4
4538 4
4539 5
4540 -1
4541 4
4542 4
4543 4
4544 4
4545 5
4546 5
4547 4
4548 3
4550 4
4551 2
4552 4
4553 4
4554 5
4555 4
4556 5
4557 3
4558 0
4559 -1
4560 4
4561 2
4562 4
4563 3
4564 1
4565 4
4566 5
4567 4
4568 -1
4569 -1
4571 4
4572 4
4573 4
4574 3
4575 1
4576 4
4577 4
4578 5
4579 5
4580 3
4581 4
4582 5
4583 1
4584 4
4585 5
4586 4
4587 2
4588 1
4589 4
4590 5
4591 6
4592 4
4593 0
4594 2
4595 4
4596 4
4598 2
4600 5
4601 1
4602 5
4603 4
4604 4
4605 -1
4606 1
4607 4
4608 4
4609 5
4610 4
4611 3
4612 4
4613 1
4614 4
4615 4
4616 4
4617 5
4618 4
4619 -1
4620 4
4621 3
4622 -1
4623 5
4624 5
4625 5
4626 4
4627 0
4628 3
4629 4
4630 1
4631 5
4632 1
4633 5
4634 4
4635 5
4636 5
4637 4
4638 4
4639 5
4640 3
4641 5
4642 -1
4643 4
4644 2
4645 4
4646 1
4647 4
4648 4
4649 4
4650 4
4651 4
4652 1
4653 -1
4654 5
4655 3
4656 -1
4657 1
4658 4
4659 1
4660 4
4661 4
4662 4
4663 5
4664 4
4665 3
4666 4
4667 5
4668 5
4669 5
4670 5
4671 4
4672 5
4673 0
4674 0
4675 4
4676 0
4677 -1
4678 4
4679 4
4680 3
4681 5
4682 5
4683 1
4684 4
4685 4
4686 4
4687 5
4688 -1
4689 1
4690 4
4691 2
4692 2
4693 4
4694 4
4695 5
4696 -1
4697 3
4698 2
4699 5
4700 -1
4701 0
4702 3
4703 4
4704 5
4705 5
4706 2
4707 4
4708 4
4709 -1
4710 5
4711 5
4712 1
4713 1
4714 3
4715 1
4716 5
4717 2
4718 5
4719 4
4720 1
4721 1
4722 5
4723 -1
4724 4
4725 4
4726 4
4727 4
4728 5
4729 3
4730 2
4731 5
4732 1
4733 -1
4734 3
4735 4
4737 3
4738 4
4739 3
4740 4
4741 4
4742 1
4744 5
4745 5
4746 5
4748 4
4749 2
4750 5
4751 4
4752 5
4753 4
4754 5
4755 1
4756 -1
4757 4
4758 4
4759 5
4760 4
4761 5
4762 4
4763 4
4764 4
4765 4
4766 5
4767 1
4768 1
4769 5
4770 4
4771 3
4772 5
4773 1
4774 4
4775 3
4776 5
4777 5
4778 -1
4779 4
4780 3
4781 5
4782 -1
4783 4
4784 5
4785 4
4786 4
4787 1
4788 1
4789 3
4790 3
4791 1
4792 3
4793 1
4794 5
4795 -1
4796 4
4797 5
4798 4
4799 7
4800 4
4801 1
4802 4
4803 5
4804 5
4805 5
4806 4
4807 5
4808 5
4809 4
4810 4
4811 -1
4812 -1
4813 4
4814 3
4815 1
4816 4
4817 4
4818 3
4819 4
4820 2
4821 4
4822 4
4823 1
4824 1
4825 5
4826 1
4827 5
4828 4
4829 4
4830 4
4831 3
4832 -1
4833 4
4834 4
4835 4
4836 4
4837 1
4839 0
4840 5
4841 5
4842 3
4843 1
4844 4
4845 4
4846 -1
4847 4
4848 4
4849 5
4850 1
4851 4
4852 5
4853 3
4854 4
4855 4
4856 5
4857 3
4858 1
4859 3
4860 1
4861 2
4862 4
4863 1
4864 1
4865 4
4866 1
4867 4
4868 4
4869 4
4870 4
4871 4
4872 4
4873 4
4875 1
4876 5
4877 3
4878 -1
4879 5
4880 -1
4881 4
4882 4
4883 4
4884 5
4885 1
4886 5
4887 5
4888 4
4889 4
4890 5
4891 5
4892 5
4893 5
4894 4
4895 1
4896 5
4897 4
4898 0
4899 5
4900 -1
4901 4
4903 4
4904 5
4905 4
4906 5
4907 -1
4908 5
4909 3
4910 1
4911 1
4913 4
4914 4
4915 2
4916 4
4917 5
4918 4
4919 2
4921 -1
4922 3
4923 1
4924 5
4925 -1
4926 -1
4928 5
4929 5
4931 4
4932 4
4933 4
4934 4
4935 1
4936 3
4937 5
4938 4
4939 4
4940 -1
4941 4
4942 5
4944 5
4945 1
4946 4
4947 -1
4948 0
4949 4
4950 -1
4951 4
4952 4
4953 1
4954 2
4955 4
4956 5
4957 1
4958 4
4959 7
4960 7
4961 4
4962 7
4963 0
4964 4
4965 4
4966 2
4967 -1
4968 5
4969 -1
4970 3
4971 1
4972 5
4973 3
4974 2
4975 5
4976 5
4977 2
4978 -1
4979 -1
4980 5
4981 4
4982 5
4983 5
4984 4
4985 4
4986 1
4987 3
4988 4
4989 4
4990 5
4991 5
4992 2
4993 4
4994 4
4995 4
4996 4
4997 4
4998 3
4999 -1
5000 5
5001 5
5002 4
5003 5
5004 4
5005 4
5006 1
5007 1
5008 5
5009 4
5010 5
5011 2
5012 5
5013 5
5014 -1
5015 4
5016 4
5017 2
5018 5
5019 1
5020 0
5021 5
5022 4
5023 4
5024 -1
5025 1
5026 5
5027 4
5028 5
5029 3
5030 5
5031 5
5032 4
5033 5
5034 4
5035 -1
5036 1
5037 5
5038 5
5039 5
5040 4
5041 5
5042 5
5043 4
5044 5
5045 4
5046 4
5047 3
5048 5
5049 4
5050 4
5051 4
5052 4
5053 2
5054 6
5055 1
5056 2
5057 4
5058 4
5059 1
5060 5
5061 4
5062 4
5063 4
5064 1
5065 5
5066 5
5067 5
5068 4
5069 4
5070 4
5071 4
5072 4
5073 4
5074 5
5075 5
5076 4
5077 4
5078 4
5079 4
5080 4
5081 4
5082 4
5083 2
5084 5
5085 4
5086 1
5087 4
5088 4
5089 4
5090 4
5091 3
5092 3
5093 5
5094 4
5095 4
5096 5
5097 4
5098 2
5099 4
5100 5
5101 4
5102 4
5103 3
5104 4
5105 4
5106 4
5107 0
5108 4
5110 4
5111 5
5112 5
5113 1
5114 1
5115 1
5116 5
5117 3
5118 3
5119 5
5120 1
5121 5
5122 4
5123 4
5124 4
5125 4
5126 5
5127 4
5128 0
5129 5
5130 1
5131 1
5132 4
5133 2
5134 1
5135 -1
5136 4
5137 1
5138 4
5139 -1
5140 4
5141 1
5142 4
5143 -1
5144 4
5145 2
5146 4
5147 5
5148 -1
5149 5
5150 4
5151 1
5152 5
5153 1
5154 4
5155 4
5156 4
5157 4
5158 5
5159 5
5160 5
5161 1
5162 4
5163 -1
5164 1
5165 4
5166 4
5167 1
5168 4
5169 5
5170 4
5171 1
5172 -1
5173 4
5174 4
5175 4
5177 4
5178 1
5179 1
5180 4
5181 -1
5182 5
5183 4
5184 5
5185 4
5186 4
5187 5
5188 1
5189 4
5190 4
5191 4
5192 4
5193 5
5194 5
5195 5
5196 4
5197 -1
5198 5
5199 3
5201 -1
5202 4
5203 4
5204 4
5205 4
5206 4
5207 1
5208 0
5209 4
5210 4
5211 3
5212 5
5213 1
5214 -1
5215 1
5216 5
5217 1
5218 5
5219 4
5220 5
5221 1
5222 0
5223 3
5224 3
5225 4
5226 3
5227 5
5228 4
5229 5
5230 2
5231 -1
5232 -1
5233 4
5234 4
5235 4
5236 5
5237 5
5238 1
5239 1
5240 3
5241 1
5242 1
5243 4
5244 4
5245 4
5246 4
5247 1
5248 5
5249 1
5250 1
5251 4
5252 4
5253 1
5254 4
5255 3
5256 5
5257 3
5258 -1
5259 4
5260 4
5261 3
5262 5
5263 3
5264 3
5265 4
5266 -1
5267 4
5268 4
5269 4
5270 5
5271 -1
5272 4
5273 4
5274 4
5275 4
5276 5
5277 1
5278 4
5279 4
5280 5
5281 4
5282 3
5283 4
5284 1
5285 5
5286 5
5287 5
5288 1
5289 -1
5290 4
5291 5
5292 4
5293 5
5294 3
5295 5
5296 5
5297 5
5298 5
5299 4
5300 4
5301 5
5302 4
5303 5
5304 4
5305 5
5306 5
5307 4
5308 1
5309 -1
5310 5
5311 2
5312 -1
5313 1
5314 5
5315 0
5316 1
5317 5
5318 4
5319 4
5320 4
5321 1
5322 4
5323 4
5324 4
5325 5
5326 4
5327 3
5328 5
5329 4
5330 5
5331 4
5332 4
5333 -1
5334 2
5335 4
5336 4
5337 4
5338 6
5339 1
5340 4
5341 -1
5342 4
5343 5
5344 5
5345 5
5346 4
5347 2
