0 212
1 50
2 29
3 96
4 220
5 35
6 60
7 172
8 114
9 13
10 43
11 202
12 203
13 13
14 117
15 92
16 122
17 233
18 17
19 114
20 209
21 6
22 18
23 150
24 86
25 56
26 170
27 87
28 241
29 152
30 121
31 162
32 20
33 132
34 24
35 81
36 235
37 83
38 233
39 139
40 226
41 63
42 188
43 168
44 202
45 228
46 43
47 123
48 90
49 156
50 78
51 228
52 11
53 8
54 98
55 207
56 243
57 61
58 122
59 209
60 33
61 184
62 228
63 84
64 211
65 188
66 160
67 210
68 11
69 194
70 47
71 29
72 131
73 215
74 179
75 61
76 85
77 45
78 3
79 198
80 241
81 108
82 147
83 188
84 150
85 119
86 60
87 105
88 22
89 108
90 234
91 157
92 42
93 90
94 176
95 84
96 143
97 115
98 243
99 215
100 136
101 149
102 49
103 84
104 125
105 156
106 235
107 102
108 175
109 29
110 22
111 65
112 51
113 106
114 33
115 244
116 191
117 164
118 63
119 125
120 194
121 195
122 37
123 203
124 52
125 187
126 66
127 20
128 176
129 31
130 91
131 129
132 22
133 157
134 4
135 33
136 222
137 81
138 157
139 153
140 198
141 160
142 212
143 18
144 126
145 1
146 76
147 194
148 55
149 108
150 2
151 118
152 249
153 209
154 197
155 117
156 162
157 103
158 2
159 202
160 238
161 147
162 150
163 169
164 148
165 27
166 76
167 29
168 66
169 201
170 33
171 108
172 29
173 149
174 122
175 90
176 223
177 44
178 18
179 183
180 152
181 154
182 92
183 112
184 197
185 211
186 247
187 18
188 187
189 89
190 109
191 150
192 31
193 45
194 183
195 211
196 28
197 55
198 136
199 2
200 77
201 166
202 222
203 145
204 82
205 115
206 18
207 45
208 97
209 117
210 32
211 156
212 148
213 102
214 50
215 75
216 245
217 109
218 7
219 237
220 83
221 52
222 241
223 140
224 74
225 172
226 2
227 209
228 4
229 206
230 234
231 214
232 25
233 96
234 3
235 112
236 209
237 197
238 156
239 89
240 41
241 156
242 93
243 37
244 66
245 8
246 231
247 210
248 213
249 184
250 75
251 65
252 137
253 11
254 77
255 234
256 148
257 93
258 187
259 147
260 93
261 65
262 219
263 142
264 30
265 49
266 49
267 192
268 125
269 33
270 213
271 122
272 145
273 187
274 123
275 41
276 8
277 104
278 42
279 105
280 7
281 27
282 210
283 102
284 227
285 108
286 117
287 17
288 40
289 116
290 153
291 155
292 129
293 59
294 68
295 89
296 123
297 71
298 118
299 139
301 146
302 199
303 122
304 108
305 121
306 108
307 11
308 199
309 23
310 144
311 118
312 187
313 164
314 96
315 228
316 245
317 31
318 210
319 13
320 205
321 195
322 69
323 109
324 52
325 35
326 106
327 59
328 244
329 4
330 131
331 56
332 87
333 16
334 201
335 222
336 213
337 152
338 33
339 89
340 22
341 2
342 157
343 156
344 89
345 70
346 40
347 133
348 128
349 219
350 154
351 27
352 121
353 114
354 63
355 160
356 29
357 89
358 55
359 145
360 186
361 142
362 61
363 230
364 113
365 8
366 83
367 194
368 6
369 0
370 115
371 186
372 47
373 14
374 32
375 184
376 115
377 109
378 139
379 213
380 57
381 109
382 53
383 244
384 122
385 184
386 88
387 188
388 192
389 228
390 99
391 214
392 18
393 40
394 92
395 74
396 2
397 206
398 84
399 188
400 67
401 192
402 65
403 75
404 94
405 92
406 144
407 45
408 248
409 84
410 202
411 108
412 130
413 11
414 134
415 139
416 101
417 242
418 48
419 232
420 219
421 188
422 211
423 108
424 223
425 18
426 117
427 125
428 42
429 40
430 34
431 117
432 232
433 11
434 117
435 144
436 192
437 222
438 37
439 77
440 175
441 247
442 109
443 24
444 35
445 164
446 33
447 72
448 216
449 59
450 186
451 42
452 90
453 234
454 37
455 149
456 45
457 126
458 149
459 8
460 213
461 84
462 229
463 52
464 90
465 227
466 70
467 37
468 187
469 198
470 203
471 2
472 42
473 172
474 120
475 18
476 218
477 71
478 249
479 70
480 89
481 184
482 37
483 233
484 123
485 198
486 205
487 117
488 31
489 213
490 184
491 2
492 197
493 139
494 170
495 172
496 157
497 65
498 179
499 171
500 43
501 247
502 187
503 48
504 11
505 67
506 236
507 7
508 142
509 69
510 143
511 22
512 23
513 165
514 100
515 30
516 159
517 21
518 88
519 123
520 132
521 196
522 51
523 183
524 22
525 234
526 48
527 179
528 176
529 137
530 211
531 202
532 81
533 29
534 152
535 189
536 176
537 14
538 203
539 66
540 205
541 23
542 144
543 63
544 166
545 18
546 78
547 157
548 219
549 114
550 58
551 50
552 229
553 154
554 91
555 109
556 179
557 101
558 108
559 144
560 117
561 152
562 213
563 170
564 142
565 130
566 121
567 42
568 198
569 91
570 101
571 232
572 98
573 112
574 58
575 27
576 55
577 183
578 24
579 63
580 103
581 204
582 197
583 236
584 118
585 29
586 50
587 185
588 3
589 234
590 32
591 86
592 56
593 192
594 55
595 197
596 197
597 105
598 126
599 195
600 101
601 209
602 150
603 125
604 4
605 13
606 177
607 246
608 53
609 124
610 108
611 72
612 37
613 196
614 135
615 103
616 61
617 70
618 207
619 1
620 183
621 109
622 150
623 158
624 122
625 71
626 48
627 94
628 61
629 13
630 61
631 159
632 246
633 176
634 142
635 207
636 103
637 90
638 52
639 128
640 65
641 164
642 241
643 247
644 106
645 66
646 92
647 61
648 146
649 70
650 161
651 108
652 118
653 92
654 242
655 214
656 60
657 226
658 121
659 81
660 132
661 111
662 3
663 156
664 24
665 196
666 151
667 128
668 239
669 229
670 143
671 19
672 226
673 147
674 4
675 122
676 92
677 97
678 235
679 210
680 119
681 158
682 128
683 18
684 22
685 195
686 226
687 194
688 145
689 128
690 158
691 224
692 3
693 213
694 243
695 176
696 192
697 192
698 151
699 215
700 128
701 102
702 128
703 52
704 222
705 41
706 73
707 138
708 4
709 179
710 108
711 197
712 142
713 60
715 32
716 45
717 186
718 29
719 90
720 143
721 129
722 176
723 40
724 179
725 40
726 207
727 108
728 151
729 181
730 114
731 75
732 52
733 71
734 66
735 91
736 176
737 246
738 102
739 123
740 27
741 149
742 156
743 44
744 151
745 211
746 218
747 8
748 240
749 101
750 161
751 56
752 222
753 17
754 222
755 210
756 243
757 38
758 115
759 210
760 3
761 192
762 237
763 210
764 2
765 84
766 192
767 8
768 18
769 8
770 113
771 22
772 24
773 47
774 60
775 230
776 90
777 190
778 66
779 35
780 37
781 23
782 136
783 61
784 242
785 97
786 0
787 102
788 241
789 119
790 195
791 111
792 105
793 55
794 151
795 91
796 228
797 220
798 111
799 234
800 195
801 98
802 90
803 22
804 65
805 80
806 109
807 172
808 48
809 166
810 83
811 24
812 29
813 118
814 10
815 173
816 49
817 72
818 132
819 216
820 205
821 196
822 151
823 240
824 96
825 152
826 170
827 32
828 8
829 225
830 242
831 2
832 37
833 179
834 198
835 170
836 215
837 176
838 240
839 41
840 102
841 119
842 181
843 87
844 10
845 222
846 71
847 98
848 184
849 6
850 46
851 73
852 173
853 222
854 60
855 230
856 75
857 145
858 24
859 226
860 197
861 169
862 133
863 185
864 11
865 164
866 205
867 143
868 136
869 242
870 165
871 105
872 198
873 58
874 67
875 169
876 24
877 66
878 35
879 38
880 43
881 179
882 144
883 11
884 240
885 248
886 234
887 244
888 226
889 104
890 197
891 86
892 205
893 61
894 66
895 224
896 184
897 136
898 206
899 130
900 183
901 246
902 181
903 69
904 166
905 237
906 120
907 22
908 62
909 47
910 43
911 198
912 196
913 136
914 173
915 219
916 242
917 192
918 30
919 229
920 229
921 210
922 29
923 185
924 18
925 80
926 42
927 42
928 56
929 218
930 237
931 187
932 78
933 117
934 172
935 226
936 150
937 129
938 156
939 152
940 125
941 136
942 176
943 194
944 8
945 81
946 87
947 59
948 4
949 52
950 118
951 11
952 176
953 149
954 2
955 75
956 160
957 132
958 162
959 78
960 153
961 146
962 18
963 233
964 3
965 87
966 192
967 193
968 1
969 62
970 177
971 90
972 48
973 139
974 210
975 237
976 87
977 57
978 37
979 198
980 227
981 131
982 65
983 227
984 222
985 48
986 128
987 57
988 47
989 215
990 184
991 174
992 89
993 33
994 205
995 2
996 8
997 204
998 156
999 181
1000 109
1001 117
1002 229
1003 105
1004 58
1005 92
1006 66
1007 24
1008 68
1009 105
1010 229
1011 105
1012 65
1013 103
1014 91
1015 229
1016 118
1017 192
1018 228
1019 20
1020 102
1021 158
1022 65
1023 4
1024 40
1025 109
1026 245
1027 136
1028 88
1029 136
1030 50
1031 151
1032 167
1033 30
1034 13
1035 58
1036 117
1037 7
1038 242
1039 136
1040 218
1041 204
1042 132
1043 148
1044 118
1045 224
1046 199
1047 118
1048 18
1049 220
1050 179
1051 35
1052 44
1053 184
1054 230
1055 42
1056 48
1057 123
1058 229
1059 201
1060 38
1061 62
1062 111
1063 205
1064 86
1065 192
1066 234
1067 215
1068 247
1069 55
1070 2
1071 126
1072 71
1073 192
1074 144
1075 161
1076 248
1077 44
1078 44
1079 177
1080 158
1081 117
1082 63
1083 151
1084 199
1085 93
1086 134
1087 56
1088 144
1089 240
1090 123
1091 111
1092 104
1093 2
1094 242
1095 112
1096 226
1097 245
1098 107
1099 104
1100 85
1101 18
1102 187
1103 122
1104 114
1105 79
1106 248
1107 108
1108 39
1109 246
1110 92
1111 76
1112 53
1113 88
1114 40
1115 193
1116 221
1117 38
1118 42
1119 103
1120 81
1121 90
1122 23
1123 97
1124 139
1125 88
1126 150
1127 90
1128 109
1129 226
1130 192
1131 106
1132 18
1133 57
1134 128
1135 137
1136 118
1137 65
1138 71
1139 136
1140 243
1141 109
1142 233
1143 152
1144 175
1145 160
1146 41
1147 129
1148 117
1149 140
1150 43
1151 58
1152 22
1153 100
1154 52
1155 41
1156 89
1157 48
1158 123
1159 74
1160 57
1161 136
1162 103
1163 148
1164 19
1165 1
1166 35
1167 118
1168 119
1169 161
1170 73
1171 105
1172 231
1173 119
1174 2
1175 192
1176 144
1177 70
1178 119
1179 193
1180 206
1181 74
1182 125
1183 25
1184 141
1185 236
1186 179
1187 245
1188 32
1189 247
1190 26
1191 120
1192 196
1193 24
1194 237
1195 33
1196 35
1197 184
1198 104
1199 118
1200 73
1201 38
1202 156
1203 131
1204 119
1205 111
1206 136
1207 117
1208 32
1209 102
1210 24
1211 61
1212 197
1213 224
1214 18
1215 233
1216 189
1217 66
1218 146
1219 33
1220 108
1221 89
1222 35
1223 93
1224 237
1225 61
1226 160
1227 192
1228 136
1229 132
1230 119
1231 246
1232 43
1233 118
1234 43
1235 11
1236 58
1237 108
1238 24
1239 3
1240 133
1241 235
1242 187
1243 102
1244 86
1245 40
1246 222
1247 128
1248 80
1249 66
1250 205
1251 202
1252 94
1253 66
1254 191
1255 4
1256 81
1257 104
1258 186
1259 113
1260 206
1261 69
1262 26
1263 172
1264 32
1265 4
1266 81
1267 93
1268 83
1269 192
1270 118
1271 243
1272 89
1273 27
1274 176
1275 246
1277 39
1278 212
1279 8
1280 48
1281 206
1282 226
1283 77
1284 73
1285 216
1286 89
1287 122
1288 7
1289 52
1290 222
1291 152
1292 118
1293 192
1294 65
1295 48
1296 245
1297 73
1298 2
1299 228
1300 194
1301 142
1302 90
1303 247
1304 226
1305 136
1306 52
1307 64
1308 177
1309 89
1310 92
1311 183
1312 196
1313 215
1314 108
1315 219
1316 87
1317 151
1318 93
1319 131
1320 48
1321 212
1322 13
1323 162
1324 27
1325 115
1326 226
1327 183
1328 73
1329 56
1330 199
1331 20
1332 35
1333 165
1334 140
1335 16
1336 90
1337 237
1338 97
1339 125
1340 140
1341 117
1342 168
1343 230
1344 156
1345 244
1346 142
1347 234
1348 2
1349 139
1350 49
1351 18
1352 177
1353 166
1354 205
1355 195
1356 200
1357 47
1358 2
1359 191
1360 32
1361 117
1362 29
1363 14
1364 246
1365 111
1366 222
1367 47
1368 197
1369 122
1370 172
1371 76
1372 83
1373 198
1374 244
1375 154
1376 47
1377 156
1378 24
1379 48
1380 87
1381 31
1382 119
1383 65
1384 142
1385 16
1386 61
1387 107
1388 92
1389 35
1390 11
1391 118
1392 119
1393 121
1394 23
1395 71
1396 42
1397 228
1398 54
1399 71
1400 224
1401 248
1402 17
1403 226
1404 229
1405 26
1406 59
1407 44
1408 188
1409 18
1410 97
1411 128
1412 73
1413 52
1414 57
1415 213
1416 30
1417 47
1418 132
1419 3
1420 90
1421 32
1422 7
1423 137
1424 89
1425 234
1426 105
1427 48
1428 106
1429 71
1430 41
1431 228
1432 165
1433 188
1434 125
1435 58
1436 68
1437 70
1438 43
1439 0
1440 136
1441 184
1442 132
1443 134
1444 212
1445 128
1446 234
1447 194
1448 27
1449 19
1450 194
1451 8
1452 31
1453 194
1454 85
1455 29
1456 222
1457 226
1458 72
1459 40
1460 66
1461 29
1462 165
1463 27
1464 166
1465 117
1466 219
1467 156
1468 214
1469 121
1470 126
1471 39
1472 102
1473 181
1474 201
1475 17
1476 10
1477 38
1478 61
1479 227
1480 158
1481 222
1482 49
1483 242
1484 187
1485 228
1486 243
1487 136
1488 168
1489 92
1490 118
1491 139
1492 10
1493 73
1494 168
1495 234
1496 226
1497 205
1498 212
1499 109
1500 168
1501 213
1502 59
1503 81
1504 246
1505 240
1506 175
1507 50
1508 209
1509 228
1510 52
1511 139
1512 19
1513 120
1514 47
1515 52
1516 29
1517 133
1518 52
1519 206
1520 230
1521 64
1522 49
1523 83
1524 160
1525 136
1526 197
1527 166
1528 61
1529 71
1530 119
1531 115
1532 215
1533 177
1534 19
1535 173
1536 145
1537 143
1538 81
1539 119
1540 19
1541 199
1542 103
1543 75
1544 176
1545 6
1546 213
1547 176
1548 93
1549 75
1550 191
1551 89
1552 148
1553 2
1554 86
1555 47
1556 226
1557 161
1558 218
1559 32
1560 61
1561 196
1562 177
1563 187
1564 103
1565 184
1566 236
1567 128
1568 181
1569 158
1570 71
1571 61
1572 38
1573 222
1574 220
1575 71
1576 144
1577 20
1578 29
1579 25
1580 73
1581 62
1582 43
1583 93
1584 72
1585 10
1586 192
1587 233
1588 10
1589 197
1590 153
1591 27
1592 136
1593 197
1594 24
1595 58
1596 108
1597 226
1598 84
1599 199
1600 162
1601 63
1602 246
1603 54
1604 134
1605 119
1606 136
1607 237
1608 24
1609 30
1610 101
1611 85
1612 242
1613 237
1614 50
1615 184
1616 10
1617 175
1618 222
1619 48
1620 224
1621 225
1622 151
1623 1
1624 93
1625 151
1626 18
1627 194
1628 180
1629 55
1630 33
1631 57
1632 210
1633 119
1634 210
1635 44
1636 197
1637 205
1638 115
1639 243
1640 40
1641 145
1642 23
1643 13
1644 210
1645 156
1646 70
1647 37
1648 192
1649 226
1650 50
1651 237
1652 169
1653 4
1654 234
1655 166
1656 52
1657 50
1658 89
1659 87
1660 20
1661 118
1662 32
1663 76
1664 144
1665 123
1666 48
1667 91
1668 159
1669 184
1670 241
1671 65
1672 144
1673 90
1674 197
1675 66
1676 3
1677 99
1678 192
1679 224
1680 103
1681 117
1682 91
1683 29
1684 205
1685 58
1686 47
1687 139
1688 26
1689 237
1690 40
1691 97
1692 37
1693 136
1694 156
1695 55
1696 73
1697 111
1698 22
1699 192
1700 210
1701 61
1702 19
1703 155
1704 105
1705 122
1706 180
1707 58
1708 195
1709 89
1710 179
1711 84
1712 170
1713 161
1714 104
1715 192
1716 165
1717 65
1718 198
1719 84
1720 125
1721 213
1722 105
1723 30
1724 71
1725 1
1726 213
1727 19
1728 215
1729 108
1730 93
1731 174
1732 157
1733 23
1734 187
1735 2
1736 213
1737 61
1738 31
1739 118
1740 0
1741 168
1742 32
1743 37
1744 226
1745 136
1746 93
1747 226
1748 22
1749 61
1750 38
1751 229
1752 144
1753 119
1754 66
1755 103
1756 37
1757 198
1758 2
1759 247
1760 62
1761 136
1762 118
1763 144
1764 15
1765 89
1766 108
1767 87
1768 40
1769 103
1770 195
1771 184
1772 50
1773 64
1774 25
1775 40
1776 13
1777 13
1778 61
1779 26
1780 200
1781 132
1782 48
1783 192
1784 136
1785 58
1786 66
1787 4
1788 91
1789 107
1790 88
1791 44
1792 61
1793 4
1794 119
1795 78
1796 65
1797 58
1798 143
1799 26
1800 28
1801 134
1802 155
1803 230
1804 179
1805 187
1806 188
1807 180
1808 226
1809 62
1810 68
1811 141
1812 38
1813 38
1814 16
1815 222
1816 241
1817 139
1818 188
1819 111
1820 235
1821 10
1822 131
1823 91
1824 148
1825 84
1826 62
1827 177
1828 119
1829 67
1830 61
1831 0
1832 47
1833 30
1834 192
1835 136
1836 65
1837 47
1838 32
1839 153
1840 103
1841 192
1842 126
1843 89
1844 92
1845 150
1846 102
1847 44
1848 156
1849 133
1850 143
1851 128
1852 240
1853 72
1854 118
1855 56
1856 91
1857 215
1858 241
1859 229
1860 205
1861 184
1862 225
1863 156
1864 169
1865 71
1866 56
1867 61
1868 144
1869 184
1870 41
1871 247
1872 137
1873 218
1874 24
1875 58
1876 137
1877 23
1878 90
1879 159
1881 63
1882 32
1883 197
1884 201
1885 13
1886 186
1887 70
1888 101
1889 125
1890 234
1891 70
1892 2
1893 48
1894 62
1895 73
1896 123
1897 108
1898 144
1899 50
1900 196
1901 213
1902 87
1903 243
1904 246
1905 8
1906 65
1907 139
1908 65
1909 25
1910 32
1911 219
1912 125
1913 27
1914 8
1915 29
1916 13
1917 184
1918 118
1919 139
1920 23
1921 201
1922 3
1923 58
1924 59
1925 92
1926 138
1927 82
1928 114
1929 139
1930 136
1931 123
1932 144
1933 25
1934 197
1935 133
1936 18
1937 222
1938 93
1939 177
1940 118
1941 90
1942 175
1943 84
1944 108
1945 18
1946 69
1947 218
1948 145
1949 64
1950 192
1951 151
1952 118
1953 119
1954 185
1955 199
1956 2
1957 226
1958 75
1959 23
1960 218
1961 162
1962 24
1963 159
1964 67
1965 48
1966 83
1967 222
1968 23
1969 88
1970 229
1971 68
1972 184
1973 131
1974 152
1975 184
1976 11
1977 202
1978 226
1979 239
1980 185
1981 27
1982 61
1983 39
1984 78
1985 61
1986 13
1987 47
1988 123
1989 8
1990 227
1991 243
1992 61
1993 86
1994 137
1995 58
1996 40
1997 132
1998 93
1999 16
2000 175
2001 26
2002 249
2003 85
2004 237
2005 92
2006 210
2007 30
2008 2
2009 229
2010 174
2011 243
2012 44
2013 19
2014 44
2015 107
2016 65
2017 4
2018 125
2019 236
2020 107
2021 209
2022 147
2023 18
2024 68
2025 152
2026 10
2027 153
2028 46
2029 226
2030 31
2031 58
2032 222
2033 137
2034 109
2035 73
2036 19
2037 159
2038 222
2039 41
2040 49
2041 226
2042 59
2043 3
2044 2
2045 165
2046 22
2047 187
2048 19
2049 144
2050 73
2051 234
2052 40
2053 71
2054 22
2055 86
2056 75
2057 30
2058 160
2059 246
2060 58
2061 58
2062 213
2063 166
2064 70
2065 233
2066 225
2067 226
2068 51
2069 81
2070 29
2071 10
2072 214
2073 174
2074 97
2075 29
2076 56
2077 6
2078 142
2079 42
2080 196
2081 60
2082 158
2083 32
2084 202
2085 229
2086 40
2087 52
2088 136
2089 166
2090 32
2091 184
2092 1
2093 238
2094 206
2095 122
2096 144
2097 75
2098 174
2099 22
2100 145
2101 207
2102 22
2103 144
2104 192
2105 75
2106 145
2107 71
2108 105
2109 24
2110 192
2111 193
2112 101
2113 180
2114 81
2115 59
2116 194
2117 56
2118 237
2119 56
2120 183
2121 103
2122 27
2123 234
2124 10
2125 91
2126 224
2127 219
2128 35
2129 206
2130 50
2131 4
2132 59
2133 160
2134 32
2135 166
2136 92
2137 13
2138 32
2139 7
2140 184
2141 132
2142 143
2143 237
2144 11
2145 38
2146 53
2147 155
2148 238
2149 103
2150 113
2151 215
2152 81
2153 73
2154 43
2155 23
2156 138
2157 59
2158 160
2159 126
2160 124
2161 187
2162 175
2163 128
2164 45
2165 246
2166 136
2167 100
2168 90
2169 93
2170 185
2171 91
2172 56
2173 229
2174 145
2175 27
2176 201
2177 75
2178 66
2179 65
2180 1
2181 229
2182 115
2183 32
2184 224
2185 200
2186 161
2187 1
2188 224
2189 28
2190 96
2191 156
2192 240
2193 160
2194 238
2195 19
2196 226
2197 64
2198 201
2199 160
2200 48
2201 158
2202 58
2203 152
2204 150
2205 107
2206 119
2207 71
2208 142
2209 232
2210 201
2211 35
2212 113
2213 56
2214 111
2215 123
2216 244
2217 229
2218 15
2219 233
2220 25
2221 184
2222 148
2223 144
2224 172
2225 139
2226 184
2227 125
2228 208
2229 42
2230 230
2231 126
2232 45
2233 126
2234 75
2235 240
2236 42
2237 216
2238 40
2239 22
2240 77
2241 156
2242 173
2243 119
2244 59
2245 199
2246 234
2247 148
2248 213
2249 149
2250 48
2251 179
2252 44
2253 57
2254 212
2255 44
2256 153
2257 238
2258 117
2260 60
2261 105
2262 19
2263 197
2264 32
2265 108
2266 40
2267 10
2268 160
2269 129
2270 52
2271 40
2272 72
2273 144
2274 38
2275 229
2276 47
2277 244
2278 153
2279 175
2280 119
2281 33
2282 179
2283 13
2284 205
2285 149
2286 139
2287 149
2288 196
2289 91
2290 66
2291 154
2292 105
2293 206
2294 201
2295 150
2296 103
2297 181
2298 242
2299 199
2300 168
2301 240
2302 160
2303 127
2304 18
2305 38
2306 61
2307 38
2308 144
2309 218
2310 143
2311 170
2312 44
2313 93
2314 64
2315 58
2316 61
2317 96
2318 229
2319 184
2320 224
2321 75
2322 224
2323 103
2324 226
2325 2
2326 192
2327 109
2328 105
2329 150
2330 131
2331 226
2332 3
2333 118
2334 52
2335 86
2336 196
2337 206
2338 26
2339 119
2340 179
2341 184
2342 52
2343 71
2344 242
2345 248
2346 42
2347 234
2348 154
2349 47
2350 35
2351 25
2352 185
2353 139
2354 70
2355 155
2356 190
2357 2
2358 199
2359 158
2360 10
2361 192
2362 58
2363 196
2364 67
2365 162
2366 61
2367 128
2368 240
2369 58
2370 35
2371 84
2372 243
2373 26
2374 71
2375 243
2376 33
2377 10
2378 246
2379 100
2380 197
2381 210
2382 152
2383 166
2384 240
2385 237
2386 47
2387 4
2388 226
2389 132
2390 89
2391 218
2392 24
2393 97
2394 138
2395 111
2396 229
2397 26
2398 242
2399 184
2400 125
2401 119
2402 196
2403 32
2404 62
2405 24
2406 59
2407 224
2408 60
2409 19
2410 40
2411 192
2412 212
2413 153
2414 176
2415 228
2416 165
2417 186
2418 75
2419 103
2420 203
2421 4
2422 70
2423 169
2424 205
2425 192
2426 92
2427 62
2428 4
2429 234
2430 224
2431 77
2432 195
2433 136
2434 199
2435 89
2436 227
2437 24
2438 100
2439 24
2440 126
2441 123
2442 226
2443 227
2444 194
2445 51
2446 229
2447 117
2448 27
2449 145
2450 29
2451 146
2452 236
2453 64
2454 165
2455 195
2456 183
2457 76
2458 111
2459 4
2460 96
2461 119
2462 134
2463 76
2464 27
2465 167
2466 23
2467 63
2468 229
2469 100
2470 197
2471 52
2472 152
2473 47
2474 238
2475 81
2476 58
2477 72
2478 8
2479 99
2480 106
2481 75
2482 37
2483 174
2484 243
2485 188
2486 153
2487 81
2488 19
2489 188
2490 58
2491 84
2492 56
2493 50
2494 210
2495 154
2496 240
2497 15
2498 1
2499 93
2500 212
2501 233
2503 141
2504 103
2505 123
2506 27
2507 136
2508 38
2509 72
2510 144
2511 201
2512 71
2513 111
2514 20
2515 156
2516 176
2517 114
2518 215
2519 112
2520 184
2521 43
2522 43
2523 70
2524 89
2525 91
2526 242
2527 83
2528 52
2529 119
2530 177
2531 59
2532 60
2533 61
2534 59
2535 216
2536 243
2537 121
2538 218
2539 25
2540 156
2541 59
2542 210
2543 71
2544 4
2545 121
2546 33
2547 238
2548 89
2549 20
2550 48
2551 219
2552 151
2553 68
2554 218
2555 133
2556 92
2557 56
2558 77
2559 158
2560 52
2561 198
2562 52
2563 144
2564 103
2565 128
2566 44
2567 70
2568 149
2569 125
2570 3
2571 243
2572 108
2573 174
2574 103
2575 8
2576 132
2577 131
2578 149
2579 64
2580 89
2581 30
2582 229
2583 8
2584 71
2585 8
2586 237
2587 47
2588 160
2589 96
2590 98
2591 87
2592 84
2593 246
2594 196
2595 125
2596 187
2597 59
2598 165
2599 85
2600 58
2601 224
2602 143
2603 152
2604 75
2605 69
2606 27
2608 107
2609 139
2610 246
2611 181
2612 111
2613 129
2614 117
2615 63
2616 19
2617 187
2618 152
2619 24
2620 37
2621 234
2622 91
2623 243
2624 47
2625 224
2626 237
2627 44
2628 179
2629 205
2630 152
2631 248
2632 176
2633 144
2634 65
2635 13
2636 147
2637 210
2638 143
2639 185
2640 83
2641 24
2642 91
2643 233
2644 192
2645 73
2646 246
2647 177
2648 37
2649 166
2650 192
2651 111
2652 48
2653 233
2654 2
2655 2
2656 61
2657 242
2658 212
2659 41
2660 242
2661 100
2662 35
2663 129
2665 119
2666 210
2667 228
2668 138
2669 160
2670 89
2671 27
2672 241
2673 61
2674 41
2675 18
2676 136
2677 168
2678 18
2679 151
2680 119
2681 225
2682 203
2683 246
2684 152
2685 210
2686 24
2687 198
2688 168
2689 52
2690 26
2691 77
2692 147
2693 2
2694 242
2695 241
2696 199
2697 108
2698 48
2699 13
2700 226
2701 46
2702 111
2703 42
2704 228
2705 194
2706 223
2707 184
2708 48
2709 174
2710 43
2711 130
2712 107
2713 3
2714 83
2715 103
2716 168
2717 147
2718 183
2719 219
2720 76
2721 41
2722 181
2723 215
2724 111
2725 83
2726 52
2727 93
2728 26
2729 180
2730 119
2731 159
2732 61
2733 101
2734 43
2735 173
2736 31
2737 62
2738 126
2739 187
2740 60
2741 144
2742 210
2743 109
2744 111
2745 13
2746 41
2747 228
2748 13
2749 160
2750 227
2751 57
2752 160
2753 105
2754 38
2755 78
2756 6
2757 123
2758 121
2759 176
2760 89
2761 91
2762 24
2763 242
2764 11
2765 144
2766 13
2767 29
2768 30
2769 4
2770 56
2771 213
2773 10
2774 237
2775 13
2776 120
2777 61
2778 196
2779 89
2780 136
2781 89
2782 35
2783 165
2784 93
2785 71
2786 144
2787 0
2788 38
2789 73
2790 109
2791 210
2792 196
2793 192
2794 10
2795 15
2796 11
2797 206
2798 192
2799 237
2800 2
2801 92
2802 142
2803 237
2804 15
2805 118
2806 204
2807 199
2808 189
2809 6
2810 56
2811 234
2812 31
2813 52
2814 242
2815 184
2816 84
2817 68
2818 132
2819 143
2820 144
2821 205
2822 81
2823 246
2824 151
2825 38
2826 111
2827 2
2828 102
2829 134
2830 108
2831 71
2832 91
2833 246
2834 81
2835 127
2836 29
2837 199
2838 198
2839 119
2840 122
2841 206
2842 52
2843 92
2844 47
2845 222
2846 73
2847 187
2848 228
2849 226
2850 3
2851 143
2852 205
2853 4
2854 144
2855 52
2856 125
2857 143
2858 199
2859 113
2860 107
2861 7
2862 0
2863 24
2864 196
2865 77
2866 23
2867 120
2868 177
2869 143
2870 201
2871 178
2872 90
2873 243
2874 192
2875 125
2876 119
2877 244
2878 177
2879 10
2880 73
2881 209
2882 59
2883 58
2884 125
2885 92
2886 91
2887 192
2888 41
2889 72
2890 215
2891 89
2892 38
2893 103
2894 102
2895 20
2896 64
2897 8
2898 105
2899 47
2900 33
2901 40
2902 72
2903 109
2904 37
2905 72
2906 0
2907 127
2908 76
2909 240
2910 53
2911 19
2912 195
2913 38
2914 105
2915 29
2916 136
2917 10
2918 81
2919 198
2920 65
2921 65
2922 89
2923 130
2924 152
2925 7
2926 227
2927 88
2928 224
2929 70
2930 47
2931 2
2932 226
2933 103
2934 70
2935 132
2936 11
2937 136
2938 22
2939 59
2940 74
2941 247
2942 183
2943 199
2944 142
2945 4
2946 32
2947 47
2948 13
2949 222
2950 42
2951 13
2952 71
2953 92
2954 78
2955 32
2956 119
2957 15
2958 81
2959 165
2960 139
2961 61
2962 210
2963 235
2964 192
2965 111
2966 109
2967 24
2968 136
2969 0
2970 201
2971 25
2972 199
2973 121
2974 24
2975 58
2976 56
2977 243
2978 38
2979 61
2980 122
2981 139
2982 117
2983 196
2984 18
2985 89
2986 38
2987 53
2988 93
2989 201
2990 71
2991 201
2992 215
2993 38
2994 144
2995 246
2996 15
2997 92
2998 196
2999 226
3000 180
3001 232
3002 119
3003 228
3004 121
3005 230
3006 132
3007 76
3008 10
3009 24
3010 210
3011 194
3012 10
3013 141
3014 174
3015 0
3016 111
3017 169
3018 185
3019 174
3020 83
3021 135
3022 246
3023 19
3024 76
3025 202
3027 192
3028 0
3029 228
3030 196
3031 38
3032 71
3033 95
3034 210
3035 144
3036 43
3037 40
3038 144
3039 93
3040 192
3041 76
3042 74
3043 145
3044 38
3045 224
3046 156
3047 139
3048 87
3049 49
3050 33
3051 71
3052 35
3053 105
3054 145
3055 216
3056 23
3057 33
3058 196
3059 72
3060 18
3061 119
3062 18
3063 49
3064 144
3065 144
3066 26
3067 134
3068 174
3069 71
3070 10
3071 125
3072 33
3073 119
3074 108
3075 73
3076 50
3077 235
3078 203
3079 136
3080 92
3081 228
3082 160
3083 27
3084 129
3085 208
3086 144
3087 27
3088 122
3089 92
3090 32
3091 181
3092 226
3093 226
3094 65
3095 76
3096 222
3097 41
3098 192
3099 65
3100 61
3101 186
3102 25
3103 64
3104 192
3105 183
3106 56
3107 216
3108 33
3109 38
3110 236
3111 64
3112 40
3113 145
3114 192
3115 93
3116 147
3117 56
3118 72
3119 179
3120 225
3121 105
3122 44
3123 144
3124 27
3125 51
3126 242
3127 138
3128 246
3129 133
3130 91
3131 196
3132 181
3133 198
3134 68
3135 26
3136 92
3137 192
3138 152
3139 2
3140 123
3141 119
3142 230
3143 242
3144 44
3145 58
3146 188
3147 83
3148 33
3149 183
3150 232
3151 34
3152 139
3153 229
3154 170
3155 186
3156 137
3157 144
3158 143
3159 4
3160 89
3161 127
3162 144
3163 147
3164 243
3165 226
3166 4
3167 87
3168 27
3169 156
3170 71
3171 232
3172 59
3173 224
3174 153
3175 132
3176 138
3177 21
3178 29
3179 159
3180 48
3181 7
3182 198
3183 54
3184 206
3185 103
3186 37
3187 118
3188 19
3189 144
3190 128
3191 160
3192 119
3193 139
3194 4
3195 194
3196 105
3197 126
3198 216
3199 139
3200 246
3201 40
3202 56
3203 34
3204 166
3205 196
3206 144
3207 45
3208 148
3209 10
3210 10
3211 219
3212 40
3213 222
3214 144
3215 27
3216 183
3217 71
3218 55
3219 109
3220 37
3221 144
3222 23
3223 4
3224 117
3225 112
3226 137
3227 196
3228 215
3229 13
3230 88
3231 170
3232 38
3233 185
3234 24
3235 142
3236 92
3237 66
3238 24
3239 155
3240 73
3241 100
3242 90
3243 159
3244 4
3245 47
3246 145
3247 229
3248 201
3249 66
3250 58
3251 26
3252 27
3253 156
3254 205
3255 144
3256 237
3257 183
3258 186
3259 144
3260 37
3261 218
3262 119
3263 107
3264 192
3265 35
3266 237
3267 118
3268 119
3269 206
3270 136
3271 60
3272 86
3273 136
3274 143
3275 38
3276 56
3277 226
3278 19
3279 206
3280 119
3281 38
3282 152
3283 138
3284 58
3285 226
3286 218
3287 234
3288 192
3289 58
3290 144
3291 246
3292 70
3293 184
3294 242
3295 233
3296 111
3297 237
3298 100
3299 89
3300 119
3301 192
3302 73
3303 64
3304 119
3305 229
3306 151
3307 56
3308 70
3309 192
3310 212
3311 205
3312 13
3313 71
3314 214
3315 55
3316 198
3317 160
3318 192
3319 35
3320 181
3321 73
3322 215
3323 147
3324 229
3325 100
3326 4
3327 228
3328 168
3329 128
3330 184
3331 125
3332 72
3333 234
3334 181
3335 37
3336 161
3337 64
3338 40
3339 23
3340 48
3341 73
3342 145
3343 153
3344 72
3345 156
3346 66
3347 118
3348 22
3349 27
3350 91
3351 92
3352 138
3353 2
3354 13
3355 168
3356 100
3357 16
3358 235
3359 52
3360 4
3361 147
3362 246
3363 26
3364 59
3365 148
3366 23
3367 176
3368 150
3369 23
3370 0
3371 210
3372 216
3373 173
3374 121
3375 102
3376 27
3377 143
3378 81
3379 68
3380 60
3381 25
3382 125
3383 59
3384 201
3385 165
3386 19
3387 226
3388 119
3389 13
3390 181
3391 128
3392 10
3393 40
3394 119
3395 153
3396 226
3397 242
3398 18
3399 207
3400 136
3401 136
3402 50
3403 109
3405 31
3406 192
3407 108
3408 15
3409 89
3410 206
3411 46
3412 11
3413 194
3414 26
3415 71
3416 117
3417 213
3418 92
3419 166
3420 202
3421 221
3422 24
3423 64
3424 38
3425 26
3426 181
3427 44
3428 127
3429 144
3430 10
3431 196
3432 24
3433 137
3434 144
3435 242
3436 18
3437 136
3438 19
3439 100
3440 202
3441 179
3442 15
3443 2
3444 187
3445 120
3446 202
3447 32
3448 126
3449 228
3450 201
3451 192
3452 249
3453 144
3454 215
3455 131
3456 89
3457 248
3458 176
3459 144
3460 128
3461 114
3462 14
3463 61
3464 218
3465 152
3466 183
3467 52
3468 68
3469 71
3470 152
3471 196
3472 82
3473 167
3474 184
3475 119
3476 148
3477 156
3478 204
3479 109
3480 177
3481 245
3482 88
3483 119
3484 55
3485 2
3486 10
3487 92
3488 212
3489 144
3490 199
3491 87
3492 2
3493 24
3494 25
3495 131
3496 75
3497 132
3498 24
3499 64
3500 232
3501 47
3502 160
3503 92
3504 2
3505 28
3506 152
3507 2
3508 156
3509 203
3510 64
3511 170
3512 224
3513 128
3514 220
3515 0
3516 28
3517 26
3519 92
3520 144
3521 54
3522 90
3523 184
3525 160
3526 23
3527 184
3528 31
3529 11
3530 46
3531 58
3532 89
3533 49
3534 133
3535 101
3536 43
3537 91
3538 145
3539 89
3540 111
3541 26
3542 51
3543 169
3544 38
3545 40
3546 76
3547 71
3548 44
3549 119
3550 238
3551 27
3552 129
3553 22
3554 142
3555 89
3556 243
3557 228
3558 119
3559 223
3560 42
3561 227
3562 248
3563 89
3564 125
3565 102
3566 26
3567 25
3568 102
3569 151
3570 221
3571 3
3572 44
3573 204
3575 44
3576 68
3577 199
3578 18
3579 138
3580 105
3581 11
3582 169
3583 2
3584 89
3585 229
3586 40
3587 76
3588 224
3589 10
3590 71
3591 125
3592 127
3593 140
3594 10
3595 151
3596 243
3597 168
3598 138
3599 169
3600 70
3601 98
3602 225
3603 155
3604 40
3605 160
3606 210
3607 15
3608 89
3609 222
3610 10
3611 226
3612 172
3613 51
3614 2
3615 59
3616 196
3617 224
3618 75
3619 143
3620 126
3621 89
3622 58
3623 112
3624 156
3625 243
3626 148
3627 142
3628 209
3629 218
3630 136
3631 199
3632 172
3633 168
3634 76
3635 26
3636 179
3637 105
3638 181
3639 84
3640 237
3641 158
3642 139
3643 24
3644 38
3645 10
3646 136
3647 192
3648 166
3649 71
3650 159
3651 232
3652 224
3653 183
3654 119
3655 38
3656 10
3657 89
3658 196
3659 210
3660 103
3661 159
3662 201
3663 246
3664 65
3665 32
3666 174
3667 58
3668 149
3669 156
3670 118
3671 25
3672 101
3673 148
3674 208
3675 89
3676 168
3677 64
3678 50
3679 24
3680 201
3681 236
3682 192
3683 0
3684 103
3685 83
3686 174
3688 52
3689 68
3690 101
3691 182
3692 56
3693 64
3694 98
3695 19
3696 118
3697 151
3698 33
3699 168
3700 148
3701 83
3702 246
3703 81
3704 132
3705 195
3706 76
3707 19
3708 4
3709 162
3710 48
3711 243
3712 152
3713 14
3714 72
3715 242
3716 194
3717 4
3718 168
3719 126
3720 136
3721 234
3722 112
3723 68
3724 196
3725 196
3726 223
3727 105
3728 22
3729 181
3730 30
3731 156
3732 106
3733 71
3734 0
3735 224
3736 92
3737 90
3738 105
3739 103
3740 213
3741 125
3742 71
3743 1
3744 55
3745 144
3746 119
3747 59
3748 136
3749 196
3750 32
3751 201
3752 218
3753 22
3754 229
3755 132
3756 210
3757 40
3758 148
3759 105
3760 64
3761 192
3762 126
3763 3
3764 71
3765 74
3766 76
3767 108
3768 144
3769 144
3770 92
3771 242
3772 47
3773 201
3774 196
3775 67
3776 192
3777 216
3778 38
3779 195
3780 68
3781 189
3782 40
3783 6
3784 230
3785 144
3786 91
3787 126
3788 188
3789 239
3790 86
3791 141
3792 139
3793 47
3794 108
3795 13
3796 224
3797 196
3798 111
3799 138
3800 144
3801 166
3802 188
3803 119
3804 165
3805 216
3806 91
3807 213
3808 1
3809 224
3811 151
3812 201
3813 226
3814 211
3815 48
3816 26
3817 235
3818 149
3819 192
3820 44
3821 201
3822 184
3823 58
3824 192
3825 46
3826 226
3827 26
3828 38
3829 148
3830 176
3831 119
3832 50
3833 144
3834 28
3835 144
3836 159
3837 93
3838 197
3839 144
3840 66
3841 173
3842 111
3843 150
3844 246
3845 6
3846 124
3847 59
3848 143
3849 139
3850 150
3851 52
3852 119
3853 52
3854 40
3855 156
3856 27
3857 144
3858 192
3859 174
3860 166
3861 44
3862 195
3863 2
3864 52
3865 56
3866 126
3867 70
3868 144
3869 40
3870 10
3871 216
3872 15
3873 101
3874 242
3875 83
3876 42
3877 119
3878 128
3879 165
3880 165
3881 13
3882 210
3883 56
3884 92
3885 101
3886 12
3887 52
3888 91
3889 52
3890 38
3891 197
3892 193
3893 227
3894 64
3895 93
3896 63
3897 27
3898 246
3899 229
3901 62
3902 180
3903 144
3904 243
3905 83
3906 234
3907 184
3908 147
3909 152
3910 48
3911 166
3912 54
3913 187
3914 18
3915 144
3916 26
3917 57
3918 229
3919 119
3920 119
3921 47
3922 210
3923 105
3924 136
3925 38
3926 4
3927 199
3928 143
3929 141
3930 40
3931 191
3932 128
3933 210
3934 44
3935 206
3936 209
3937 201
3938 38
3939 214
3940 176
3941 159
3942 196
3943 136
3944 54
3945 240
3946 38
3947 180
3948 70
3949 19
3950 234
3951 154
3952 105
3953 132
3954 22
3955 15
3956 225
3957 41
3958 24
3959 89
3960 242
3961 66
3962 100
3963 38
3964 89
3965 4
3966 38
3967 196
3968 27
3969 144
3970 59
3971 156
3972 38
3973 101
3974 160
3975 100
3976 92
3977 142
3978 119
3979 82
3980 192
3981 73
3982 144
3983 121
3984 28
3985 89
3986 45
3987 10
3988 174
3989 56
3990 52
3991 242
3992 143
3993 106
3994 137
3995 92
3996 67
3997 71
3998 165
3999 125
4000 68
4001 103
4002 38
4003 196
4004 156
4005 164
4006 1
4007 52
4008 226
4009 206
4010 24
4011 189
4012 103
4013 52
4014 139
4015 89
4016 178
4017 183
4018 100
4019 15
4020 26
4021 166
4022 40
4023 57
4024 27
4025 179
4026 25
4027 103
4028 105
4029 229
4030 169
4031 219
4032 239
4033 209
4034 24
4035 172
4036 225
4037 168
4038 160
4039 64
4040 11
4041 72
4042 81
4043 2
4044 34
4045 19
4046 2
4047 226
4048 18
4049 72
4050 61
4051 201
4052 52
4053 52
4054 70
4055 115
4056 118
4057 168
4058 119
4059 207
4060 238
4061 56
4062 11
4063 89
4064 36
4065 89
4066 64
4067 147
4068 156
4069 143
4070 139
4071 231
4072 222
4073 179
4074 144
4075 15
4076 45
4077 10
4078 202
4079 92
4080 203
4081 183
4082 168
4083 91
4084 150
4085 121
4086 235
4087 26
4088 237
4089 26
4090 89
4091 180
4092 71
4093 228
4094 70
4095 68
4096 205
4097 168
4098 23
4099 144
4100 222
4101 199
4102 168
4103 19
4104 136
4105 119
4106 41
4107 24
4108 144
4109 52
4110 87
4111 75
4112 222
4113 226
4114 32
4115 234
4116 248
4117 19
4118 91
4119 205
4120 42
4121 56
4122 156
4123 10
4124 143
4125 40
4126 29
4127 47
4128 150
4129 196
4130 181
4131 184
4132 52
4133 199
4134 4
4135 192
4136 92
4137 192
4138 64
4139 108
4140 132
4141 58
4142 38
4143 174
4144 229
4145 62
4146 58
4147 144
4148 52
4149 241
4150 119
4151 144
4152 128
4153 192
4154 176
4155 141
4156 229
4157 75
4158 119
4159 229
4160 229
4161 165
4162 89
4163 52
4164 134
4165 10
4166 166
4167 165
4168 109
4169 73
4170 192
4171 38
4172 105
4173 72
4174 46
4175 118
4176 114
4177 232
4178 131
4179 168
4180 196
4181 19
4182 54
4183 192
4184 62
4185 152
4186 181
4187 10
4188 84
4189 19
4190 118
4191 81
4192 156
4193 229
4194 50
4195 192
4196 23
4197 244
4198 167
4199 110
4200 47
4201 201
4202 147
4203 93
4204 103
4205 196
4206 235
4207 143
4208 26
4209 227
4210 121
4211 2
4212 159
4213 226
4214 52
4215 187
4216 192
4217 168
4218 168
4219 229
4220 192
4221 105
4222 127
4223 24
4224 39
4225 189
4226 218
4227 64
4228 105
4229 4
4230 119
4231 226
4232 119
4233 179
4234 33
4235 192
4236 108
4237 229
4238 192
4239 243
4240 19
4241 64
4242 92
4243 153
4244 5
4245 166
4246 226
4247 78
4248 149
4249 102
4250 19
4251 139
4252 203
4253 24
4254 91
4255 166
4256 166
4257 226
4258 229
4259 19
4260 111
4261 4
4262 119
4263 192
4264 1
4265 229
4266 215
4267 137
4268 185
4269 191
4270 42
4272 64
4273 38
4274 151
4275 118
4276 145
4277 144
4278 52
4279 2
4280 64
4281 14
4282 166
4283 192
4284 150
4285 173
4286 44
4287 166
4288 64
4289 156
4290 13
4291 57
4292 117
4293 123
4294 89
4295 192
4296 42
4297 11
4298 2
4299 246
4300 192
4301 174
4302 37
4303 82
4304 240
4305 91
4306 144
4307 174
4308 142
4309 23
4310 216
4311 165
4312 19
4313 248
4314 92
4315 118
4316 231
4317 105
4318 40
4319 168
4320 10
4321 33
4322 19
4323 18
4324 205
4325 38
4326 196
4327 143
4328 19
4329 185
4330 10
4331 24
4332 73
4333 179
4334 168
4335 196
4336 71
4337 179
4338 172
4339 92
4340 142
4341 192
4342 218
4343 91
4344 149
4345 11
4346 144
4347 119
4348 58
4349 119
4350 89
4351 69
4352 192
4353 218
4354 71
4355 237
4356 137
4357 218
4358 112
4359 180
4360 39
4361 151
4362 168
4363 147
4364 98
4365 38
4366 235
4367 119
4368 26
4369 142
4370 249
4371 148
4372 26
4373 58
4374 18
4375 16
4376 54
4377 226
4378 147
4379 144
4380 201
4381 237
4382 71
4383 127
4384 72
4385 24
4386 194
4387 67
4388 166
4389 144
4390 119
4391 15
4392 148
4393 196
4394 144
4395 38
4396 192
4397 186
4398 58
4399 160
4400 55
4401 71
4402 118
4403 10
4404 144
4405 119
4406 192
4407 66
4408 24
4409 151
4410 123
4411 10
4412 139
4413 19
4415 119
4416 165
4417 100
4418 91
4419 58
4420 194
4421 139
4422 164
4423 143
4424 154
4425 208
4426 147
4427 144
4428 78
4429 90
4430 102
4431 192
4432 26
4433 102
4434 194
4435 64
4436 144
4437 212
4438 166
4439 143
4440 201
4441 114
4442 216
4443 198
4444 104
4445 21
4446 27
4447 18
4448 126
4449 139
4450 38
4451 172
4452 66
4453 72
4454 53
4455 168
4456 59
4457 68
4458 8
4459 91
4460 168
4461 89
4462 10
4463 31
4464 58
4465 103
4466 144
4467 71
4468 103
4469 226
4470 58
4471 148
4472 24
4473 196
4474 71
4475 192
4476 83
4477 129
4478 166
4479 91
4480 243
4481 168
4482 2
4483 115
4484 234
4485 0
4486 192
4487 74
4488 196
4489 54
4490 119
4491 160
4492 166
4493 60
4494 24
4495 143
4496 111
4497 184
4498 0
4499 70
4500 40
4501 163
4502 229
4503 201
4504 192
4505 92
4506 222
4507 19
4508 64
4509 193
4510 24
4511 234
4512 131
4513 64
4514 10
4515 2
4516 138
4517 174
4518 105
4519 119
4520 209
4521 91
4522 199
4523 236
4524 29
4525 71
4526 210
4527 7
4528 18
4529 40
4530 154
4531 27
4532 205
4533 139
4534 184
4535 156
4536 192
4537 68
4538 166
4539 210
4540 238
4541 168
4542 64
4543 144
4544 192
4545 237
4546 59
4547 89
4548 30
4549 144
4550 168
4551 115
4552 68
4553 193
4554 15
4555 196
4556 58
4557 111
4558 18
4559 249
4560 144
4561 93
4562 121
4563 134
4564 156
4565 192
4566 144
4567 0
4568 37
4569 155
4570 165
4571 19
4572 192
4573 119
4574 147
4575 156
4576 229
4577 166
4578 2
4579 103
4580 205
4581 89
4582 234
4583 27
4584 19
4585 226
4586 196
4587 212
4588 24
4589 144
4590 25
4591 41
4592 196
4593 154
4594 73
4595 229
4596 119
4597 201
4598 212
4599 168
4600 58
4601 13
4602 76
4603 64
4604 92
4605 120
4606 136
4607 201
4608 192
4609 71
4610 119
4611 243
4612 168
4613 103
4614 119
4615 10
4616 192
4617 137
4618 10
4619 155
4620 19
4621 243
4622 12
4623 44
4624 139
4625 58
4626 196
4627 154
4628 176
4629 196
4630 111
4631 224
4632 105
4633 59
4634 52
4635 54
4636 238
4637 229
4638 168
4639 216
4640 176
4641 174
4642 179
4643 201
4644 184
4645 133
4646 136
4647 144
4648 71
4649 168
4650 38
4651 0
4652 58
4653 155
4654 24
4655 27
4656 51
4657 127
4658 10
4659 111
4660 92
4661 64
4662 64
4663 70
4664 89
4665 45
4666 10
4667 103
4668 58
4669 44
4670 183
4671 71
4672 38
4673 96
4674 213
4675 38
4676 37
4677 235
4678 92
4679 165
4680 46
4681 224
4682 139
4683 169
4684 192
4685 144
4686 26
4687 246
4688 29
4689 4
4690 10
4691 184
4692 241
4693 52
4694 89
4695 126
4696 51
4697 91
4698 188
4699 139
4700 248
4701 213
4702 142
4703 121
4704 246
4705 139
4706 194
4707 10
4708 192
4709 146
4710 76
4711 59
4712 156
4713 27
4714 195
4715 4
4716 70
4717 245
4718 145
4719 144
4720 156
4721 152
4722 56
4723 194
4724 119
4725 38
4726 10
4727 0
4728 160
4729 46
4730 69
4731 168
4732 242
4733 104
4734 105
4735 38
4736 144
4737 11
4738 144
4739 243
4740 52
4741 19
4742 242
4744 19
4745 100
4746 139
4748 19
4749 184
4750 226
4751 89
4752 226
4753 38
4754 40
4755 125
4756 210
4757 229
4758 71
4759 126
4760 229
4761 224
4762 144
4763 144
4764 71
4765 201
4766 183
4767 48
4768 156
4769 76
4770 229
4771 32
4772 234
4773 139
4774 38
4775 61
4776 183
4777 44
4778 141
4779 138
4780 30
4781 24
4782 101
4783 165
4784 72
4785 19
4786 26
4787 27
4788 35
4789 117
4790 61
4791 242
4792 243
4793 13
4794 180
4795 164
4796 138
4797 72
4798 138
4799 150
4800 192
4801 225
4802 26
4803 44
4804 145
4805 24
4806 71
4807 58
4808 234
4809 0
4810 144
4811 134
4812 8
4813 192
4814 156
4815 48
4816 0
4817 201
4818 194
4819 119
4820 212
4821 71
4822 38
4823 111
4824 35
4825 76
4826 112
4827 40
4828 119
4829 119
4830 192
4831 61
4832 42
4833 196
4834 119
4835 144
4836 218
4837 83
4839 187
4840 216
4841 226
4842 136
4843 72
4844 26
4845 144
4846 134
4847 218
4848 229
4849 174
4850 215
4851 10
4852 76
4853 243
4854 166
4855 119
4856 139
4857 118
4858 136
4859 65
4860 100
4861 118
4862 26
4863 237
4864 40
4865 166
4866 35
4867 201
4868 133
4869 26
4870 168
4871 26
4872 218
4873 10
4874 166
4875 148
4876 185
4877 198
4878 157
4879 44
4880 167
4881 119
4882 229
4883 144
4884 126
4885 111
4886 74
4887 56
4888 192
4889 52
4890 143
4891 2
4892 10
4893 216
4894 26
4895 123
4896 2
4897 168
4898 37
4899 234
4900 164
4901 71
4902 19
4903 68
4904 44
4905 144
4906 54
4907 130
4908 226
4909 143
4910 152
4911 112
4912 89
4913 71
4914 52
4915 209
4916 119
4917 234
4918 38
4919 80
4920 92
4921 85
4922 82
4923 156
4924 180
4925 102
4926 33
4927 196
4928 238
4929 15
4930 119
4931 119
4932 121
4933 38
4934 52
4935 83
4936 60
4937 229
4938 38
4939 89
4940 235
4941 119
4942 58
4943 192
4944 56
4945 180
4946 38
4947 193
4948 81
4949 19
4950 108
4951 165
4952 89
4953 23
4954 125
4955 38
4956 119
4957 125
4958 19
4959 41
4960 186
4961 119
4962 179
4963 87
4964 201
4965 196
4966 108
4967 247
4968 145
4969 6
4970 147
4971 91
4972 216
4973 11
4974 73
4975 70
4976 218
4977 29
4978 62
4979 191
4980 24
4981 68
4982 56
4983 226
4984 133
4985 68
4986 94
4987 45
4988 71
4989 38
4990 2
4991 185
4992 197
4993 64
4994 229
4995 52
4996 26
4997 192
4998 177
4999 191
5000 224
5001 139
5002 121
5003 224
5004 138
5005 19
5006 136
5007 111
5008 224
5009 64
5010 160
5011 14
5012 95
5013 95
5014 90
5015 64
5016 26
5017 69
5018 143
5019 83
5020 20
5021 132
5022 89
5023 52
5024 88
5025 91
5026 95
5027 196
5028 234
5029 65
5030 126
5031 143
5032 10
5033 160
5034 196
5035 204
5036 50
5037 126
5038 143
5039 40
5040 119
5041 24
5042 19
5043 9
5044 38
5045 192
5046 168
5047 195
5048 24
5049 9
5050 10
5051 192
5052 64
5053 115
5054 3
5055 91
5056 108
5057 196
5058 19
5059 206
5060 226
5061 9
5062 9
5063 196
5064 206
5065 125
5066 238
5067 143
5068 26
5069 26
5070 144
5071 119
5072 201
5073 92
5074 119
5075 10
5076 144
5077 19
5078 217
5079 217
5080 217
