0 249
1 158
2 46
3 122
4 140
5 13
6 231
7 137
8 23
9 64
10 156
11 213
12 172
13 96
14 162
15 15
16 191
17 1
18 3
19 23
20 147
21 127
22 20
23 39
24 124
25 219
26 113
27 192
28 82
29 188
30 55
31 103
32 127
33 49
34 98
35 192
36 226
37 193
38 157
39 214
40 9
41 185
42 133
43 187
44 213
45 16
46 48
47 8
48 183
49 239
50 107
51 96
52 248
53 18
54 66
55 24
56 154
57 48
58 203
59 14
60 182
61 37
62 16
63 140
64 150
65 46
66 159
67 106
68 121
69 157
70 18
71 46
72 86
73 8
74 39
75 56
76 86
77 30
78 134
79 42
80 180
81 18
82 93
83 240
84 39
85 52
86 74
87 161
88 110
89 162
90 100
91 233
92 133
93 18
94 183
95 17
96 190
97 133
98 115
99 158
100 234
101 119
102 203
103 222
104 13
105 234
106 211
107 44
108 66
109 153
110 50
111 183
112 35
113 120
114 46
115 87
116 79
117 126
118 141
119 13
120 156
121 115
122 6
123 6
124 22
125 50
126 6
127 45
128 115
129 102
130 193
131 61
132 110
133 39
134 8
135 82
136 16
137 127
138 39
139 218
140 8
141 195
142 240
143 238
144 230
145 124
146 54
147 30
148 137
149 238
150 221
151 1
152 164
153 113
154 45
155 238
156 82
157 109
158 98
159 47
160 98
161 138
162 62
163 51
164 74
165 7
166 71
167 200
168 112
169 78
170 37
171 240
172 132
173 168
174 135
175 147
176 47
177 218
178 20
179 90
180 188
181 207
182 187
183 193
184 238
185 191
186 172
187 238
188 45
189 0
190 172
191 86
192 61
193 171
194 184
195 86
196 151
197 134
198 51
199 190
200 10
201 118
202 239
203 130
204 81
205 132
206 18
207 48
208 122
209 149
210 75
211 158
212 128
213 114
214 158
215 154
216 163
217 137
218 203
219 159
220 241
221 59
222 103
223 126
224 49
225 84
226 184
227 113
228 108
229 241
230 190
231 247
232 109
233 17
234 164
235 108
236 157
237 20
238 108
239 33
240 168
241 108
242 180
243 95
244 112
245 163
246 151
247 41
248 222
249 242
250 171
251 171
252 69
253 46
254 83
255 98
256 185
257 163
258 122
259 148
260 82
261 176
262 121
263 242
264 68
265 178
266 62
267 155
268 158
269 82
270 207
271 197
272 90
273 207
274 74
275 146
276 162
277 12
278 46
279 161
280 38
281 13
282 109
283 83
284 141
285 105
286 18
287 178
288 26
289 191
290 106
291 199
292 61
293 230
294 55
295 155
296 93
297 155
298 154
299 235
301 83
302 60
303 135
304 169
305 155
306 242
307 124
308 41
309 74
310 32
311 14
312 45
313 89
314 207
315 234
316 162
317 23
318 43
319 174
320 213
321 183
322 249
323 112
324 208
325 74
326 3
327 72
328 75
329 239
330 39
331 98
332 122
333 67
334 198
335 138
336 140
337 158
338 20
339 59
340 50
341 190
342 233
343 138
344 245
345 26
346 98
347 187
348 192
349 14
350 225
351 7
352 165
353 57
354 223
355 195
356 132
357 155
358 77
359 218
360 10
361 1
362 183
363 4
364 49
365 45
366 93
367 227
368 175
369 15
370 132
371 233
372 18
373 21
374 75
375 180
376 20
377 137
378 72
379 45
380 185
381 126
382 121
383 193
384 10
385 238
386 216
387 20
388 59
389 234
390 225
391 101
392 37
393 41
394 165
395 221
396 195
397 138
398 222
399 163
400 23
401 59
402 176
403 157
404 87
405 52
406 52
407 56
408 61
409 17
410 228
411 105
412 110
413 213
414 124
415 190
416 178
417 74
418 8
419 132
420 171
421 20
422 150
423 132
424 121
425 238
426 200
427 65
428 4
429 106
430 123
431 4
432 132
433 1
434 20
435 78
436 155
437 16
438 140
439 83
440 246
441 95
442 164
443 71
444 158
445 172
446 149
447 90
448 60
449 130
450 10
451 127
452 228
453 32
454 45
455 168
456 115
457 218
458 119
459 4
460 12
461 140
462 85
463 99
464 14
465 234
466 190
467 73
468 122
469 174
470 119
471 16
472 25
473 45
474 207
475 45
476 160
477 33
478 233
479 109
480 99
481 46
482 45
483 232
484 185
485 210
486 1
487 238
488 102
489 168
490 180
491 26
492 46
493 9
494 48
495 84
496 39
497 171
498 39
499 227
500 88
501 222
502 122
503 8
504 1
505 120
506 122
507 79
508 1
509 249
510 106
511 50
512 51
513 99
514 25
515 48
516 215
517 5
518 166
519 161
520 130
521 165
522 125
523 190
524 192
525 90
526 13
527 44
528 154
529 2
530 197
531 133
532 110
533 132
534 74
535 192
536 200
537 153
538 119
539 112
540 154
541 51
542 99
543 64
544 165
545 169
546 107
547 86
548 154
549 216
550 214
551 74
552 212
553 127
554 36
555 112
556 86
557 247
558 186
559 76
560 18
561 158
562 50
563 227
564 183
565 84
566 22
567 105
568 96
569 108
570 40
571 82
572 23
573 16
574 106
575 174
576 67
577 190
578 218
579 74
580 60
581 217
582 133
583 50
584 147
585 46
586 193
587 72
588 146
589 98
590 228
591 176
592 100
593 0
594 107
595 105
596 18
597 13
598 214
599 228
600 66
601 121
602 44
603 96
604 8
605 74
606 113
607 190
608 68
609 80
610 132
611 109
612 140
613 187
614 170
615 26
616 171
617 218
618 56
619 115
620 106
621 126
622 233
623 21
624 135
625 198
626 158
627 93
628 232
629 185
630 30
631 34
632 69
633 121
634 176
635 167
636 239
637 213
638 22
639 45
640 157
641 95
642 103
643 140
644 120
645 126
646 206
647 183
648 67
649 69
650 127
651 132
652 228
653 198
654 36
655 63
656 241
657 239
658 52
659 50
660 72
661 193
662 119
663 234
664 71
665 198
666 154
667 45
668 189
669 78
670 60
671 155
672 214
673 231
674 93
675 135
676 76
677 222
678 120
679 143
680 52
681 21
682 73
683 18
684 192
685 1
686 214
687 48
688 69
689 238
690 153
691 32
692 134
693 50
694 154
695 176
696 208
697 33
698 176
699 141
700 4
701 224
702 127
703 33
704 213
705 197
706 82
707 208
708 87
709 83
710 95
711 46
712 242
713 193
715 238
716 113
717 120
718 140
719 213
720 106
721 102
722 200
723 195
724 135
725 221
726 156
727 238
728 48
729 74
730 216
731 171
732 59
733 22
734 89
735 87
736 228
737 195
738 197
739 139
740 65
741 222
742 65
743 230
744 1
745 150
746 55
747 180
748 81
749 178
750 127
751 106
752 87
753 226
754 228
755 143
756 115
757 76
758 186
759 230
760 119
761 52
762 159
763 184
764 100
765 70
766 0
767 163
768 238
769 4
770 130
771 192
772 9
773 169
774 174
775 202
776 14
777 171
778 146
779 232
780 73
781 139
782 239
783 183
784 161
785 137
786 208
787 164
788 82
789 118
790 88
791 8
792 36
793 164
794 176
795 8
796 234
797 205
798 234
799 100
800 48
801 144
802 228
803 50
804 183
805 153
806 107
807 122
808 87
809 22
810 185
811 43
812 132
813 75
814 165
815 25
816 203
817 2
818 130
819 130
820 1
821 78
822 154
823 157
824 192
825 234
826 48
827 81
828 37
829 174
830 74
831 194
832 45
833 83
834 158
835 88
836 210
837 30
838 81
839 119
840 95
841 78
842 185
843 50
844 15
845 161
846 165
847 5
848 82
849 12
850 115
851 46
852 180
853 121
854 241
855 30
856 154
857 32
858 221
859 71
860 213
861 139
862 33
863 71
864 1
865 224
866 88
867 26
868 239
869 108
870 59
871 138
872 8
873 72
874 211
875 93
876 9
877 89
878 74
879 22
880 124
881 10
882 118
883 68
884 232
885 150
886 54
887 231
888 9
889 12
890 133
891 232
892 1
893 75
894 89
895 214
896 186
897 239
898 7
899 12
900 32
901 221
902 36
903 249
904 165
905 32
906 110
907 192
908 44
909 18
910 232
911 87
912 33
913 74
914 249
915 121
916 13
917 59
918 183
919 198
920 78
921 41
922 180
923 100
924 238
925 21
926 133
927 46
928 194
929 55
930 98
931 45
932 164
933 45
934 50
935 72
936 114
937 61
938 74
939 234
940 234
941 8
942 228
943 124
944 163
945 110
946 50
947 184
948 13
949 33
950 228
951 30
952 14
953 172
954 43
955 1
956 54
957 26
958 225
959 137
960 90
961 83
962 37
963 88
964 224
965 94
966 22
967 155
968 157
969 150
970 47
971 14
972 210
973 190
974 9
975 32
976 94
977 16
978 140
979 87
980 74
981 86
982 56
983 234
984 193
985 87
986 140
987 185
988 18
989 93
990 37
991 41
992 33
993 50
994 48
995 9
996 46
997 217
998 16
999 96
1000 107
1001 149
1002 155
1003 234
1004 195
1005 76
1006 146
1007 9
1008 229
1009 161
1010 198
1011 161
1012 48
1013 32
1014 136
1015 212
1016 1
1017 187
1018 16
1019 50
1020 119
1021 153
1022 156
1023 16
1024 26
1025 215
1026 162
1027 234
1028 40
1029 36
1030 74
1031 1
1032 244
1033 68
1034 64
1035 43
1036 238
1037 61
1038 74
1039 74
1040 59
1041 203
1042 60
1043 65
1044 147
1045 51
1046 109
1047 115
1048 18
1049 224
1050 86
1051 13
1052 72
1053 238
1054 147
1055 20
1056 8
1057 93
1058 165
1059 31
1060 76
1061 217
1062 13
1063 1
1064 14
1065 155
1066 190
1067 64
1068 53
1069 137
1070 71
1071 43
1072 33
1073 43
1074 165
1075 12
1076 191
1077 90
1078 237
1079 171
1080 21
1081 154
1082 96
1083 81
1084 60
1085 242
1086 82
1087 230
1088 33
1089 75
1090 138
1091 239
1092 84
1093 51
1094 36
1095 241
1096 221
1097 238
1098 242
1099 181
1100 83
1101 37
1102 122
1103 10
1104 246
1105 97
1106 203
1107 222
1108 236
1109 9
1110 155
1111 41
1112 213
1113 166
1114 184
1115 15
1116 158
1117 0
1118 94
1119 26
1120 222
1121 228
1122 51
1123 107
1124 214
1125 166
1126 120
1127 121
1128 137
1129 9
1130 33
1131 226
1132 18
1133 93
1134 45
1135 143
1136 115
1137 176
1138 206
1139 96
1140 157
1141 95
1142 1
1143 8
1144 66
1145 106
1146 126
1147 61
1148 37
1149 29
1150 183
1151 9
1152 50
1153 128
1154 208
1155 6
1156 165
1157 158
1158 161
1159 98
1160 161
1161 234
1162 109
1163 14
1164 78
1165 213
1166 108
1167 30
1168 78
1169 12
1170 20
1171 93
1172 35
1173 15
1174 41
1175 33
1176 99
1177 26
1178 152
1179 15
1180 148
1181 98
1182 161
1183 69
1184 142
1185 207
1186 114
1187 21
1188 147
1189 222
1190 99
1191 110
1192 198
1193 9
1194 230
1195 186
1196 210
1197 37
1198 181
1199 213
1200 105
1201 33
1202 13
1203 44
1204 99
1205 188
1206 174
1207 46
1208 115
1209 224
1210 90
1211 115
1212 186
1213 90
1214 169
1215 157
1216 107
1217 6
1218 145
1219 186
1220 238
1221 92
1222 158
1223 105
1224 26
1225 115
1226 91
1227 198
1228 185
1229 60
1230 52
1231 69
1232 56
1233 14
1234 115
1235 171
1236 194
1237 132
1238 43
1239 119
1240 55
1241 62
1242 131
1243 224
1244 232
1245 195
1246 188
1247 12
1248 103
1249 215
1250 14
1251 121
1252 148
1253 112
1254 101
1255 64
1256 222
1257 77
1258 83
1259 49
1260 13
1261 180
1262 52
1263 45
1264 228
1265 96
1266 222
1267 149
1268 108
1269 208
1270 228
1271 88
1272 78
1273 65
1274 154
1275 106
1277 164
1278 240
1279 131
1280 36
1281 7
1282 195
1283 233
1284 171
1285 130
1286 76
1287 10
1288 114
1289 245
1290 239
1291 188
1292 115
1293 118
1294 68
1295 36
1296 4
1297 103
1298 26
1299 96
1300 124
1301 88
1302 121
1303 84
1304 219
1305 74
1306 76
1307 22
1308 171
1309 118
1310 15
1311 106
1312 187
1313 231
1314 105
1315 124
1316 192
1317 176
1318 82
1319 116
1320 74
1321 25
1322 64
1323 225
1324 193
1325 47
1326 98
1327 195
1328 82
1329 54
1330 195
1331 84
1332 93
1333 55
1334 44
1335 44
1336 228
1337 230
1338 192
1339 13
1340 126
1341 18
1342 72
1343 176
1344 234
1345 128
1346 88
1347 69
1348 195
1349 184
1350 102
1351 45
1352 186
1353 165
1354 14
1355 176
1356 122
1357 82
1358 218
1359 79
1360 18
1361 238
1362 18
1363 82
1364 98
1365 241
1366 93
1367 169
1368 149
1369 197
1370 45
1371 196
1372 7
1373 228
1374 65
1375 192
1376 18
1377 234
1378 9
1379 234
1380 50
1381 102
1382 78
1383 183
1384 228
1385 135
1386 228
1387 249
1388 76
1389 13
1390 47
1391 14
1392 118
1393 55
1394 51
1396 180
1397 234
1398 71
1399 0
1400 69
1401 191
1402 67
1403 106
1404 198
1405 221
1406 214
1407 235
1408 132
1409 238
1410 140
1411 131
1412 249
1413 198
1414 223
1415 53
1416 48
1417 169
1418 69
1419 134
1420 176
1421 228
1422 40
1423 2
1424 118
1425 190
1426 8
1427 74
1428 120
1429 78
1430 172
1431 174
1432 152
1433 4
1434 96
1435 91
1436 160
1437 91
1438 156
1439 99
1440 193
1441 4
1442 130
1443 47
1444 20
1445 192
1446 32
1447 115
1448 96
1449 76
1450 113
1451 149
1452 3
1453 1
1454 83
1455 20
1456 51
1457 219
1458 43
1459 9
1460 146
1461 25
1463 193
1464 187
1465 133
1466 47
1467 121
1468 151
1469 155
1470 2
1471 236
1472 114
1473 234
1474 22
1475 120
1476 165
1477 78
1478 147
1479 193
1480 163
1481 241
1482 62
1483 74
1484 50
1485 141
1486 48
1487 36
1488 214
1489 198
1490 213
1491 184
1493 132
1494 118
1495 54
1496 214
1497 14
1498 25
1499 126
1500 208
1501 164
1502 184
1503 45
1504 74
1505 81
1506 101
1507 193
1508 124
1509 234
1510 59
1511 98
1512 212
1513 45
1514 18
1515 198
1516 18
1517 33
1518 99
1519 65
1520 81
1521 245
1522 57
1523 239
1524 130
1525 87
1526 242
1527 206
1528 213
1529 165
1530 129
1531 205
1532 239
1533 154
1534 245
1535 149
1536 190
1537 106
1538 50
1539 129
1540 0
1541 221
1542 195
1543 115
1544 213
1545 131
1546 192
1547 228
1548 105
1549 183
1550 151
1551 15
1552 239
1553 130
1554 1
1555 73
1556 106
1557 110
1558 160
1559 228
1560 14
1561 206
1562 68
1563 70
1564 9
1565 169
1566 122
1567 131
1568 51
1569 153
1570 165
1571 115
1572 118
1573 239
1574 112
1575 78
1576 78
1577 177
1578 132
1579 235
1580 25
1581 67
1582 113
1583 46
1584 109
1585 22
1586 187
1587 88
1588 22
1589 180
1590 72
1591 241
1592 87
1593 238
1594 235
1595 161
1596 18
1597 9
1598 70
1599 109
1600 103
1601 223
1602 69
1603 196
1604 167
1605 78
1606 210
1607 159
1608 230
1609 68
1610 166
1611 233
1612 108
1613 159
1614 42
1615 153
1616 22
1617 199
1618 239
1619 158
1620 218
1621 8
1622 30
1623 232
1624 249
1625 56
1626 149
1627 25
1628 196
1629 107
1630 25
1631 239
1632 195
1633 208
1634 49
1635 26
1636 37
1637 171
1638 133
1639 115
1640 13
1641 100
1642 139
1643 161
1644 190
1645 87
1646 72
1647 70
1648 76
1649 195
1650 148
1651 2
1652 96
1653 96
1654 106
1655 118
1656 187
1657 128
1658 195
1659 122
1660 110
1661 228
1662 238
1663 100
1664 76
1665 174
1666 96
1667 108
1668 207
1669 180
1670 180
1671 48
1672 118
1673 147
1674 46
1675 146
1676 134
1677 181
1678 0
1679 109
1680 195
1681 133
1682 36
1683 18
1684 228
1685 221
1686 153
1687 184
1688 229
1689 143
1690 26
1691 222
1692 146
1693 234
1694 241
1695 236
1696 225
1697 87
1698 50
1699 187
1700 143
1701 88
1702 0
1703 66
1704 124
1705 150
1706 130
1707 91
1708 147
1709 129
1710 86
1711 17
1712 227
1713 84
1714 12
1715 76
1716 85
1717 156
1718 108
1719 248
1720 64
1721 222
1722 13
1723 124
1725 154
1726 12
1727 52
1728 42
1729 37
1730 249
1731 196
1732 86
1733 64
1734 70
1735 130
1736 122
1737 1
1738 203
1739 14
1740 208
1741 52
1742 75
1743 140
1744 43
1745 13
1746 163
1747 98
1748 110
1749 121
1750 198
1751 99
1752 78
1753 206
1754 146
1755 237
1756 207
1757 96
1758 130
1759 45
1760 112
1761 161
1762 88
1763 78
1764 214
1765 52
1766 20
1767 84
1768 159
1769 237
1770 88
1771 163
1772 87
1773 55
1774 143
1775 26
1776 185
1777 64
1778 228
1779 198
1780 17
1781 130
1782 8
1783 198
1784 141
1785 13
1786 215
1787 108
1788 13
1789 180
1790 166
1791 106
1792 14
1793 239
1794 0
1795 134
1796 124
1797 106
1798 194
1799 52
1800 101
1801 157
1802 66
1803 176
1804 10
1805 45
1806 186
1807 100
1808 195
1809 146
1810 212
1811 117
1812 33
1813 33
1814 197
1815 65
1816 103
1817 60
1818 105
1819 141
1820 211
1821 118
1822 116
1823 13
1824 239
1825 70
1826 146
1827 113
1828 78
1829 120
1830 30
1831 99
1832 169
1833 68
1834 208
1835 141
1836 183
1837 162
1838 75
1839 2
1840 98
1841 155
1842 195
1843 76
1844 15
1845 114
1846 224
1847 190
1848 141
1849 55
1850 69
1851 45
1852 147
1853 230
1854 81
1855 194
1856 13
1857 158
1858 249
1859 118
1860 88
1861 105
1862 93
1863 239
1864 51
1865 78
1866 106
1867 213
1868 52
1869 180
1870 112
1871 53
1872 235
1873 160
1874 43
1875 138
1876 36
1877 51
1878 147
1879 29
1881 234
1882 81
1883 149
1884 22
1885 16
1886 86
1887 219
1888 79
1889 141
1890 26
1891 98
1892 26
1893 138
1894 83
1895 25
1896 161
1897 37
1898 99
1899 87
1900 206
1901 110
1902 94
1903 228
1904 98
1905 46
1906 183
1907 130
1908 24
1909 2
1910 228
1911 171
1912 16
1913 241
1914 18
1915 200
1916 185
1917 37
1918 115
1919 43
1920 185
1921 208
1922 168
1923 91
1924 184
1925 160
1926 15
1927 202
1928 216
1929 26
1930 108
1931 96
1932 229
1933 109
1934 105
1935 187
1936 45
1937 193
1938 162
1939 88
1940 154
1941 228
1942 66
1943 17
1944 20
1945 18
1946 103
1947 59
1948 184
1949 208
1950 155
1951 30
1952 30
1953 52
1954 214
1955 195
1956 2
1957 195
1958 115
1959 51
1960 59
1961 181
1962 91
1963 164
1964 233
1965 13
1966 108
1967 231
1968 51
1969 5
1970 208
1971 212
1972 37
1973 83
1974 210
1975 163
1976 1
1977 88
1978 60
1979 38
1980 190
1981 161
1982 228
1983 83
1984 146
1985 115
1986 51
1987 169
1988 174
1989 105
1990 74
1991 171
1992 213
1993 124
1994 28
1995 218
1996 41
1997 49
1998 37
1999 112
2000 66
2001 0
2002 146
2003 86
2004 218
2005 76
2006 49
2007 156
2008 98
2009 208
2010 194
2011 183
2012 72
2013 187
2014 90
2015 242
2016 68
2017 108
2018 174
2019 131
2020 225
2021 1
2022 138
2023 20
2024 245
2025 74
2026 78
2027 90
2028 115
2029 72
2030 120
2031 32
2032 241
2033 109
2034 215
2035 82
2036 76
2037 34
2038 239
2039 95
2040 62
2041 184
2042 72
2043 168
2044 43
2045 72
2046 94
2047 122
2048 22
2049 99
2050 25
2051 184
2052 2
2053 78
2054 12
2055 167
2056 115
2057 113
2058 54
2059 41
2060 32
2061 184
2062 50
2063 129
2064 43
2065 30
2066 64
2067 159
2068 63
2069 207
2070 18
2071 208
2072 5
2073 194
2074 172
2075 225
2076 54
2077 222
2078 171
2079 105
2080 160
2081 188
2082 25
2083 228
2084 115
2085 152
2086 26
2087 99
2088 210
2089 165
2090 18
2091 240
2092 81
2093 109
2094 65
2095 61
2096 0
2097 1
2098 194
2099 50
2100 190
2101 156
2102 94
2103 129
2104 118
2105 1
2106 190
2107 198
2108 93
2109 195
2110 198
2111 49
2112 216
2113 100
2114 181
2115 98
2116 115
2117 195
2118 2
2119 196
2120 214
2121 98
2122 8
2123 54
2124 118
2125 108
2126 130
2127 121
2128 158
2129 241
2130 239
2131 8
2132 98
2133 128
2134 228
2135 78
2136 208
2137 185
2138 228
2139 178
2140 149
2141 49
2142 195
2143 2
2144 88
2145 152
2146 147
2147 199
2148 69
2149 72
2150 104
2151 158
2152 50
2153 20
2154 1
2155 139
2156 15
2157 230
2158 109
2159 194
2160 27
2161 248
2162 5
2163 192
2164 113
2165 41
2166 36
2167 185
2168 183
2169 149
2170 71
2171 74
2172 106
2173 155
2174 100
2175 223
2176 229
2177 124
2178 89
2179 48
2180 176
2181 212
2182 18
2183 228
2184 218
2185 45
2186 12
2187 1
2188 98
2189 63
2190 46
2191 138
2192 81
2193 221
2194 72
2195 15
2196 214
2197 129
2198 92
2199 43
2200 13
2201 82
2202 72
2203 158
2204 114
2205 149
2206 129
2207 165
2208 1
2209 132
2211 138
2212 104
2213 214
2214 223
2215 161
2216 141
2217 155
2218 9
2219 176
2220 130
2221 37
2222 193
2223 0
2224 122
2225 214
2226 37
2227 65
2228 232
2229 105
2230 88
2231 90
2232 156
2233 90
2234 171
2235 81
2236 46
2237 159
2238 106
2239 192
2240 10
2241 234
2242 82
2243 152
2244 159
2245 72
2246 138
2247 148
2248 248
2249 34
2250 128
2251 135
2252 9
2253 174
2254 94
2255 90
2256 49
2257 26
2258 20
2260 223
2261 16
2262 129
2263 46
2264 228
2265 149
2266 159
2267 33
2268 109
2269 203
2270 22
2271 194
2272 159
2273 198
2274 85
2275 165
2276 73
2277 231
2278 218
2279 199
2280 165
2281 153
2282 39
2283 108
2284 183
2285 111
2286 130
2287 111
2288 92
2289 74
2290 126
2291 34
2292 161
2293 138
2294 78
2295 111
2296 26
2297 51
2298 74
2299 69
2300 212
2301 75
2302 49
2303 64
2304 169
2305 76
2306 156
2307 155
2308 76
2309 160
2310 221
2311 81
2312 218
2313 249
2314 78
2315 219
2316 113
2317 70
2318 187
2319 105
2320 195
2321 171
2322 43
2323 72
2324 230
2325 230
2327 172
2328 234
2329 197
2330 217
2331 214
2332 168
2333 213
2334 152
2335 167
2336 99
2337 241
2338 152
2339 78
2340 10
2341 240
2342 33
2343 33
2344 108
2345 102
2346 25
2347 184
2348 248
2349 73
2350 87
2351 235
2352 43
2353 130
2354 100
2355 209
2356 124
2357 54
2358 60
2359 153
2360 22
2361 59
2362 9
2363 59
2364 211
2365 103
2366 56
2367 50
2368 183
2369 184
2370 87
2371 122
2372 157
2373 187
2374 229
2375 48
2376 153
2377 0
2378 60
2379 128
2380 133
2381 72
2382 8
2383 165
2384 228
2385 98
2386 169
2387 239
2388 195
2389 26
2390 85
2391 59
2392 159
2393 122
2394 208
2395 42
2396 198
2397 0
2398 16
2399 105
2400 13
2401 52
2402 92
2403 30
2404 83
2405 28
2406 159
2407 90
2408 138
2409 78
2410 26
2411 52
2412 25
2413 49
2414 213
2415 51
2416 160
2417 39
2418 171
2419 109
2420 119
2421 210
2422 49
2423 96
2424 213
2425 118
2426 155
2427 217
2428 161
2429 195
2430 143
2431 86
2432 88
2433 158
2434 109
2435 0
2436 231
2437 221
2438 210
2439 41
2440 237
2441 96
2442 26
2443 8
2444 183
2445 142
2446 165
2447 200
2448 239
2449 218
2450 149
2451 145
2452 45
2453 245
2454 59
2455 115
2456 184
2457 100
2458 65
2459 87
2460 122
2461 76
2462 124
2463 90
2464 128
2465 173
2466 210
2467 158
2468 198
2469 138
2470 133
2471 78
2472 96
2473 169
2474 69
2475 207
2476 184
2477 218
2478 163
2479 225
2480 236
2481 157
2482 140
2483 100
2484 213
2485 149
2486 143
2487 110
2488 52
2489 133
2490 32
2491 222
2492 219
2493 13
2494 143
2495 181
2496 228
2497 218
2498 115
2499 163
2500 153
2501 157
2503 38
2504 195
2505 161
2506 161
2507 108
2508 208
2509 2
2510 76
2511 229
2512 165
2513 193
2514 207
2515 108
2516 56
2517 23
2518 158
2519 138
2520 20
2521 115
2522 24
2523 104
2524 59
2525 74
2526 138
2527 93
2528 59
2529 78
2530 124
2531 195
2532 8
2533 232
2534 43
2535 28
2536 154
2537 59
2538 212
2539 69
2540 185
2541 184
2542 214
2543 208
2544 108
2545 15
2546 37
2547 26
2548 208
2549 140
2550 13
2551 171
2552 232
2553 212
2554 212
2555 187
2556 76
2557 241
2558 233
2559 242
2560 76
2561 188
2562 31
2563 76
2564 190
2565 12
2566 218
2567 98
2568 119
2569 108
2570 224
2571 213
2572 200
2573 214
2574 69
2575 162
2576 98
2577 233
2578 168
2579 22
2580 78
2581 156
2582 208
2583 238
2584 78
2585 133
2586 32
2587 169
2588 235
2589 140
2590 66
2591 122
2592 122
2593 221
2594 165
2595 234
2596 122
2597 43
2598 165
2599 211
2600 235
2601 235
2602 195
2603 234
2604 1
2605 82
2606 93
2608 103
2609 106
2610 190
2611 51
2612 228
2613 102
2614 186
2615 96
2616 52
2617 122
2618 16
2619 43
2620 45
2621 106
2622 138
2623 124
2624 169
2625 237
2626 8
2627 72
2628 44
2629 121
2630 234
2631 61
2632 115
2633 187
2634 157
2635 185
2636 161
2637 106
2638 106
2639 190
2640 138
2641 190
2642 239
2643 24
2644 33
2645 180
2646 2
2647 124
2648 248
2649 165
2650 92
2651 193
2652 8
2653 183
2654 72
2655 100
2656 213
2657 234
2658 25
2659 119
2660 161
2661 93
2662 8
2663 61
2665 76
2666 41
2667 171
2668 208
2669 98
2670 15
2671 8
2672 103
2673 1
2674 29
2675 149
2676 185
2677 59
2678 238
2679 30
2680 118
2681 138
2682 119
2683 9
2684 8
2685 184
2686 90
2687 96
2688 99
2689 245
2690 198
2691 102
2692 234
2693 219
2694 16
2695 25
2696 130
2697 20
2698 96
2699 64
2700 195
2701 115
2702 241
2703 46
2704 16
2705 171
2706 171
2707 45
2708 74
2709 106
2710 24
2711 181
2712 169
2713 34
2714 234
2715 237
2716 59
2717 147
2718 71
2719 121
2720 196
2721 44
2722 234
2723 158
2724 241
2725 161
2726 206
2727 180
2728 165
2729 72
2730 155
2731 215
2732 1
2733 23
2734 1
2735 249
2736 3
2737 236
2738 2
2739 248
2740 161
2741 22
2742 221
2743 111
2744 65
2745 64
2746 112
2747 64
2748 36
2749 9
2750 158
2751 51
2752 2
2753 36
2754 165
2755 119
2756 94
2757 185
2758 165
2759 147
2760 155
2761 136
2762 195
2763 13
2764 183
2765 0
2766 13
2767 18
2768 68
2769 74
2770 71
2771 207
2773 76
2774 218
2775 51
2776 45
2777 171
2778 160
2779 206
2780 51
2781 155
2782 74
2783 160
2784 37
2785 33
2786 33
2787 198
2788 31
2789 132
2790 6
2791 109
2792 212
2793 99
2794 118
2795 98
2796 48
2797 121
2798 165
2799 90
2800 195
2801 187
2802 88
2803 218
2804 60
2805 121
2806 102
2807 26
2808 181
2809 70
2810 194
2811 138
2812 86
2813 245
2814 36
2815 162
2816 222
2817 245
2818 98
2819 136
2820 155
2821 30
2822 110
2823 32
2824 228
2825 76
2826 13
2827 98
2828 89
2829 171
2830 20
2831 152
2832 108
2833 108
2834 50
2835 64
2836 249
2837 143
2838 231
2839 187
2840 102
2841 48
2842 152
2843 76
2844 4
2845 65
2846 186
2847 86
2848 96
2849 214
2850 168
2851 106
2852 157
2853 239
2854 198
2855 155
2856 13
2857 54
2858 26
2859 49
2860 153
2861 40
2862 198
2863 71
2864 59
2865 39
2866 64
2867 177
2868 213
2869 194
2870 198
2871 248
2872 154
2873 81
2874 76
2875 115
2876 0
2877 93
2878 124
2879 118
2880 133
2881 147
2882 72
2883 32
2884 231
2885 208
2886 239
2887 59
2888 111
2889 230
2890 210
2891 52
2892 78
2893 26
2894 134
2895 53
2896 152
2897 149
2898 96
2899 162
2900 25
2901 91
2902 237
2903 95
2904 126
2905 28
2906 198
2907 64
2908 196
2909 157
2910 113
2911 52
2912 68
2913 118
2914 93
2915 200
2916 42
2917 187
2918 122
2919 13
2920 176
2921 48
2922 22
2923 110
2924 96
2925 216
2926 87
2927 246
2928 69
2929 195
2930 169
2931 72
2932 26
2933 43
2934 98
2935 230
2936 115
2937 8
2938 110
2939 43
2940 49
2941 140
2942 214
2943 26
2944 183
2945 161
2946 202
2947 242
2948 185
2949 241
2950 105
2951 93
2952 78
2953 206
2954 111
2955 47
2956 92
2957 43
2958 248
2960 190
2961 124
2962 60
2963 61
2964 198
2965 74
2966 126
2967 195
2968 210
2969 99
2970 206
2971 109
2972 60
2973 59
2974 9
2975 194
2976 138
2977 88
2978 165
2979 228
2980 10
2981 214
2982 37
2983 33
2984 162
2985 118
2986 118
2987 68
2988 149
2989 59
2990 33
2991 52
2992 210
2993 33
2994 165
2995 230
2996 91
2997 78
2998 92
2999 106
3000 106
3001 149
3002 76
3003 141
3004 52
3005 81
3006 69
3007 90
3008 198
3009 195
3010 98
3011 156
3012 165
3013 209
3014 194
3015 152
3016 8
3017 51
3018 2
3019 235
3020 36
3021 170
3022 60
3023 33
3024 190
3025 25
3027 76
3028 198
3029 234
3030 196
3031 155
3032 187
3033 2
3034 106
3035 187
3036 88
3037 9
3038 118
3039 163
3040 198
3041 43
3042 109
3043 100
3044 155
3045 159
3046 210
3047 184
3048 122
3049 178
3050 25
3051 69
3052 8
3053 13
3054 196
3055 28
3056 51
3057 186
3058 208
3059 109
3060 162
3062 18
3063 57
3064 165
3065 78
3066 155
3067 171
3068 194
3069 78
3070 187
3071 13
3072 25
3073 129
3074 37
3075 82
3076 14
3077 3
3078 111
3079 108
3080 76
3081 7
3082 106
3083 193
3084 61
3085 128
3086 245
3087 64
3088 197
3089 76
3090 75
3091 51
3092 138
3093 194
3094 176
3095 214
3096 13
3097 112
3098 221
3099 124
3100 81
3101 39
3102 49
3103 76
3104 22
3105 214
3106 91
3107 230
3108 25
3109 212
3110 50
3111 212
3112 26
3113 195
3114 155
3115 169
3116 138
3117 219
3118 190
3119 10
3120 51
3121 74
3122 90
3123 229
3124 174
3125 63
3126 87
3127 208
3128 98
3129 187
3130 74
3131 212
3132 234
3133 176
3134 55
3135 78
3136 91
3137 208
3138 36
3139 69
3140 161
3141 76
3142 113
3143 36
3144 72
3145 32
3146 18
3147 148
3148 153
3149 214
3150 132
3151 123
3152 72
3153 155
3154 156
3155 39
3156 2
3157 206
3158 100
3159 87
3160 155
3161 96
3162 187
3163 138
3164 115
3165 195
3166 188
3167 207
3168 7
3169 16
3170 78
3171 18
3172 159
3173 194
3174 69
3175 26
3176 15
3177 201
3178 18
3179 29
3180 210
3181 246
3182 239
3183 195
3184 65
3185 91
3186 222
3187 14
3188 76
3189 0
3190 45
3191 41
3192 78
3193 184
3194 93
3195 171
3196 93
3197 214
3198 98
3199 106
3200 60
3201 71
3202 100
3203 11
3204 0
3205 92
3206 208
3207 156
3208 148
3209 22
3210 100
3211 121
3212 221
3213 138
3214 118
3215 108
3216 218
3217 33
3218 107
3219 172
3220 140
3221 0
3222 139
3223 158
3224 149
3225 148
3226 235
3227 152
3228 74
3229 16
3230 117
3231 1
3232 206
3233 214
3234 136
3235 176
3236 187
3237 6
3238 28
3239 199
3240 25
3241 16
3242 48
3243 29
3244 87
3245 169
3246 100
3247 15
3248 52
3249 126
3250 184
3251 229
3252 16
3253 234
3254 156
3255 118
3256 218
3257 32
3258 150
3259 22
3260 53
3261 160
3262 78
3263 179
3264 198
3265 8
3266 28
3267 75
3268 78
3269 36
3270 213
3271 87
3272 157
3273 8
3274 41
3275 165
3276 196
3277 106
3278 0
3279 138
3280 78
3281 129
3282 174
3283 208
3284 60
3285 71
3286 229
3287 190
3288 59
3289 41
3290 78
3291 143
3292 104
3293 238
3294 174
3295 1
3296 213
3297 230
3298 42
3299 212
3300 22
3301 33
3302 103
3303 187
3304 78
3305 85
3306 154
3307 13
3308 9
3309 118
3310 20
3311 157
3312 93
3313 33
3314 5
3315 34
3316 239
3317 41
3318 52
3319 88
3320 13
3321 82
3322 74
3323 93
3324 99
3325 87
3326 13
3327 51
3328 118
3329 45
3330 149
3331 239
3332 109
3333 195
3334 185
3335 45
3336 21
3337 33
3338 106
3339 36
3340 13
3341 25
3342 71
3343 49
3344 72
3345 13
3346 112
3347 132
3348 110
3349 51
3350 87
3351 229
3352 208
3353 26
3354 185
3355 59
3356 193
3357 112
3358 102
3359 208
3360 193
3361 234
3362 43
3363 59
3364 32
3365 138
3366 139
3367 228
3368 39
3369 139
3370 85
3371 221
3372 28
3373 240
3374 33
3375 44
3376 16
3377 184
3378 177
3379 55
3380 74
3381 235
3382 174
3383 43
3384 22
3385 59
3386 219
3387 184
3388 129
3389 64
3390 161
3391 222
3392 194
3393 43
3394 118
3395 2
3396 214
3397 108
3398 238
3399 113
3400 210
3401 36
3402 87
3403 172
3405 102
3406 198
3407 50
3408 143
3409 198
3410 65
3411 124
3412 30
3413 48
3414 99
3415 118
3416 37
3417 53
3418 33
3419 22
3420 47
3421 158
3422 43
3423 208
3424 33
3425 118
3426 234
3427 218
3428 174
3429 229
3430 22
3431 187
3432 237
3433 235
3434 99
3435 232
3436 18
3437 87
3438 52
3439 87
3440 14
3441 135
3442 9
3443 230
3444 70
3445 122
3446 47
3447 14
3448 43
3449 36
3450 59
3451 129
3452 137
3453 78
3454 87
3455 116
3456 0
3457 150
3458 228
3459 33
3460 45
3461 62
3462 182
3463 157
3464 160
3465 141
3466 214
3467 59
3468 160
3469 229
3470 234
3471 198
3472 14
3473 173
3474 149
3475 208
3476 7
3477 65
3478 62
3479 126
3480 47
3481 169
3482 178
3483 76
3484 137
3485 72
3486 52
3487 52
3488 46
3489 76
3490 43
3491 192
3493 159
3494 49
3495 116
3496 115
3497 221
3498 28
3499 52
3500 238
3501 73
3502 41
3503 76
3504 98
3505 101
3506 36
3507 159
3508 93
3509 146
3510 22
3511 176
3512 221
3513 207
3514 10
3515 15
3516 5
3517 187
3519 187
3520 52
3521 234
3522 121
3523 186
3525 143
3526 139
3527 149
3528 102
3529 1
3530 14
3531 219
3532 78
3533 57
3534 219
3535 216
3536 113
3537 239
3538 100
3539 206
3540 161
3541 208
3542 27
3543 51
3544 187
3545 195
3546 194
3547 165
3548 32
3549 78
3550 104
3551 239
3552 246
3553 207
3554 115
3555 76
3556 183
3557 16
3558 129
3559 121
3560 186
3561 188
3562 61
3563 76
3564 108
3565 164
3566 198
3567 69
3568 137
3569 163
3570 174
3571 111
3572 218
3573 217
3575 230
3576 212
3577 60
3578 162
3579 212
3580 161
3581 1
3582 185
3583 26
3584 22
3585 165
3586 194
3587 9
3588 109
3589 208
3590 33
3591 13
3592 64
3593 6
3594 187
3595 154
3596 105
3597 229
3598 15
3599 185
3600 230
3601 142
3602 141
3603 38
3604 60
3605 91
3606 219
3607 32
3608 92
3609 161
3610 229
3611 195
3612 222
3613 204
3614 43
3615 41
3616 187
3617 98
3618 115
3619 9
3620 106
3621 55
3622 214
3623 16
3624 239
3625 81
3626 141
3627 48
3628 147
3629 160
3630 74
3631 221
3632 50
3633 92
3634 90
3636 86
3637 93
3638 74
3639 70
3640 90
3641 25
3642 184
3643 159
3644 26
3645 129
3646 239
3647 187
3648 129
3649 118
3650 207
3651 186
3652 2
3653 214
3654 129
3655 33
3656 92
3657 129
3658 0
3659 106
3660 32
3661 164
3662 92
3663 98
3664 68
3665 121
3666 219
3667 194
3668 164
3669 108
3670 88
3671 109
3672 79
3673 148
3674 75
3675 52
3676 43
3677 55
3678 136
3679 43
3680 22
3681 70
3682 76
3683 152
3684 26
3685 161
3686 196
3688 118
3689 165
3690 246
3691 91
3692 71
3693 160
3694 23
3695 0
3696 154
3697 183
3698 240
3699 92
3700 7
3701 239
3702 214
3703 192
3704 221
3705 30
3706 71
3707 91
3708 108
3709 182
3710 108
3711 121
3712 16
3713 182
3714 98
3715 108
3716 124
3717 161
3719 32
3720 7
3721 214
3722 16
3723 212
3724 212
3725 118
3726 171
3727 161
3728 50
3729 51
3730 68
3731 239
3732 57
3733 78
3734 76
3735 130
3736 208
3737 232
3738 239
3739 130
3740 110
3741 210
3742 92
3743 232
3744 137
3745 198
3746 78
3747 195
3748 65
3749 22
3750 30
3751 22
3752 212
3753 192
3754 59
3755 130
3756 54
3757 54
3758 193
3759 161
3760 15
3761 198
3762 159
3763 168
3764 59
3765 130
3766 71
3767 20
3768 0
3769 129
3770 208
3771 139
3772 18
3773 33
3774 92
3775 211
3776 208
3777 72
3778 198
3779 228
3780 129
3781 119
3782 9
3783 175
3784 30
3785 208
3786 8
3787 43
3788 238
3789 142
3790 47
3791 144
3792 218
3793 132
3794 132
3795 210
3796 32
3797 165
3798 8
3799 208
3800 0
3801 78
3802 105
3803 33
3804 85
3805 195
3806 13
3807 181
3808 47
3809 235
3811 232
3812 92
3813 91
3814 191
3815 74
3816 59
3817 61
3818 146
3819 118
3820 28
3821 206
3822 105
3823 195
3824 208
3825 115
3826 26
3827 76
3828 59
3829 7
3830 75
3831 187
3832 241
3833 92
3834 101
3835 0
3836 45
3837 240
3838 37
3839 187
3840 89
3841 82
3842 234
3843 44
3844 237
3845 122
3846 204
3847 218
3848 106
3849 100
3850 83
3851 118
3852 76
3853 78
3854 9
3855 65
3856 138
3857 165
3858 198
3859 41
3860 0
3861 218
3862 75
3863 98
3864 78
3865 71
3866 43
3867 210
3868 118
3869 43
3870 118
3871 90
3872 60
3873 166
3874 1
3875 93
3876 149
3877 208
3878 12
3879 76
3880 85
3881 64
3882 219
3883 60
3884 198
3885 216
3886 220
3887 59
3888 193
3889 160
3890 206
3891 132
3892 187
3893 158
3894 52
3895 132
3896 64
3897 193
3898 184
3899 212
3901 135
3902 69
3903 118
3904 1
3905 93
3906 195
3907 103
3908 13
3909 96
3910 239
3911 187
3912 43
3913 122
3914 200
3915 187
3916 33
3917 16
3918 208
3919 208
3920 198
3921 200
3922 109
3923 174
3924 161
3925 92
3926 42
3927 98
3928 106
3929 209
3930 190
3931 38
3932 45
3933 72
3934 190
3935 241
3936 68
3938 85
3939 170
3940 18
3941 215
3942 198
3943 87
3944 43
3945 48
3946 118
3947 196
3948 159
3949 76
3950 32
3951 222
3952 13
3953 60
3954 192
3955 106
3956 234
3957 95
3958 43
3959 118
3960 158
3961 6
3962 210
3963 99
3964 155
3965 65
3966 52
3967 118
3968 239
3969 229
3970 72
3971 65
3972 198
3973 246
3974 60
3975 139
3976 76
3977 213
3978 208
3979 14
3980 76
3981 105
3982 78
3983 165
3984 5
3985 85
3986 24
3987 187
3988 190
3989 219
3990 59
3991 161
3992 72
3993 3
3994 130
3995 208
3996 114
3997 78
3998 99
3999 8
4000 229
4001 98
4002 78
4003 155
4004 239
4005 95
4006 157
4007 187
4008 72
4009 30
4010 32
4011 172
4012 184
4013 33
4014 72
4015 78
4016 248
4017 214
4018 174
4019 43
4020 92
4021 78
4022 106
4023 93
4024 74
4025 236
4026 230
4027 60
4028 239
4029 55
4030 174
4031 47
4032 38
4033 81
4034 159
4035 122
4036 93
4037 59
4038 54
4039 208
4040 124
4041 109
4042 192
4043 72
4044 189
4045 187
4046 195
4047 194
4048 18
4049 32
4050 154
4051 229
4052 208
4053 152
4054 214
4055 132
4056 1
4057 92
4058 129
4059 24
4060 184
4061 49
4062 232
4063 78
4064 58
4065 22
4066 187
4067 7
4068 8
4069 184
4070 214
4071 11
4072 239
4073 197
4074 155
4075 9
4076 113
4077 92
4078 81
4079 165
4080 119
4081 218
4082 0
4083 36
4084 44
4085 55
4086 102
4087 59
4088 43
4089 212
4090 92
4091 214
4092 33
4093 210
4094 130
4095 160
4096 213
4097 22
4098 138
4099 165
4100 241
4101 26
4102 212
4103 206
4104 87
4105 76
4106 172
4107 241
4108 165
4109 245
4110 192
4111 115
4112 47
4113 106
4114 228
4115 214
4116 166
4117 212
4118 13
4119 213
4120 133
4121 98
4122 138
4123 155
4124 54
4125 60
4126 238
4127 18
4128 95
4129 206
4130 51
4131 105
4132 160
4133 69
4134 74
4135 118
4137 59
4138 208
4139 238
4140 54
4141 98
4142 245
4143 106
4144 99
4145 150
4146 193
4147 165
4148 15
4149 153
4150 78
4151 78
4152 73
4153 198
4154 200
4155 117
4156 33
4157 176
4158 99
4159 208
4160 212
4161 152
4162 92
4163 208
4164 171
4165 187
4166 78
4167 76
4168 77
4169 131
4170 78
4171 212
4172 13
4173 235
4174 154
4175 18
4176 211
4177 133
4178 44
4179 165
4180 165
4181 52
4182 32
4183 155
4184 150
4185 74
4186 174
4187 59
4188 17
4189 76
4190 238
4191 192
4192 234
4193 78
4194 65
4195 187
4196 148
4197 42
4198 244
4199 243
4200 18
4201 92
4202 161
4203 21
4204 195
4205 165
4206 120
4207 91
4208 99
4209 234
4210 22
4211 159
4212 150
4213 194
4214 198
4215 45
4216 118
4217 212
4218 229
4219 118
4220 198
4221 161
4222 185
4223 9
4224 107
4225 164
4226 55
4227 22
4228 13
4229 8
4230 22
4231 106
4232 15
4233 114
4234 182
4235 155
4236 18
4237 22
4238 118
4239 202
4240 165
4241 208
4242 76
4243 90
4244 146
4245 165
4246 71
4247 224
4248 168
4249 172
4250 208
4251 230
4252 34
4253 41
4254 193
4255 118
4256 78
4257 9
4258 59
4259 129
4260 65
4261 138
4262 129
4263 155
4264 48
4265 55
4266 210
4267 235
4268 130
4269 142
4270 149
4272 76
4273 155
4274 56
4275 154
4276 100
4277 0
4278 59
4279 32
4280 76
4281 182
4282 129
4283 118
4284 211
4285 240
4286 28
4287 78
4288 245
4289 161
4290 16
4291 108
4292 133
4293 93
4294 92
4295 33
4296 46
4297 113
4298 194
4299 43
4300 0
4301 71
4302 53
4303 88
4304 232
4305 193
4306 78
4307 218
4308 30
4309 139
4310 43
4311 85
4312 129
4313 203
4314 59
4315 81
4316 35
4317 161
4318 60
4319 92
4320 187
4321 182
4322 92
4323 132
4324 81
4325 212
4326 206
4327 9
4328 52
4329 90
4330 129
4331 98
4332 240
4333 86
4334 33
4335 187
4336 165
4337 86
4338 207
4339 33
4340 88
4341 155
4342 245
4343 8
4344 168
4345 121
4346 0
4347 206
4348 90
4349 165
4350 78
4351 103
4352 78
4353 55
4354 78
4355 9
4356 237
4357 212
4358 7
4359 196
4360 236
4361 88
4362 31
4363 161
4364 38
4365 212
4366 57
4367 15
4369 202
4370 77
4371 128
4372 22
4373 32
4374 73
4375 112
4376 190
4377 9
4378 36
4379 129
4380 59
4381 90
4382 206
4383 185
4384 230
4385 237
4386 124
4387 62
4388 129
4389 187
4390 0
4391 218
4392 138
4393 187
4394 76
4395 92
4396 198
4397 44
4398 100
4399 41
4400 164
4401 78
4402 228
4403 33
4404 0
4405 52
4406 118
4407 168
4408 159
4409 81
4410 93
4411 129
4412 130
4413 187
4415 76
4416 160
4417 36
4418 87
4419 195
4420 183
4421 219
4422 224
4423 106
4424 45
4425 81
4426 234
4427 92
4428 134
4429 14
4430 95
4431 76
4432 0
4433 134
4434 171
4435 212
4436 0
4437 153
4439 106
4440 165
4441 216
4442 60
4443 188
4444 225
4445 5
4446 157
4447 18
4448 100
4449 72
4450 187
4451 53
4452 215
4453 90
4454 115
4455 59
4456 26
4457 245
4458 163
4459 108
4460 31
4461 99
4462 129
4463 40
4464 71
4465 98
4466 0
4467 59
4468 106
4469 43
4470 13
4471 148
4472 136
4473 59
4474 78
4475 206
4476 93
4477 102
4478 22
4479 241
4480 115
4481 165
4482 26
4483 20
4484 2
4485 22
4486 208
4487 98
4488 206
4489 196
4490 206
4491 98
4492 22
4493 8
4494 91
4495 195
4496 8
4497 163
4498 245
4499 49
4500 98
4501 19
4502 55
4503 31
4504 118
4505 187
4506 239
4507 0
4508 245
4509 55
4510 43
4511 195
4512 116
4513 55
4514 22
4515 231
4516 208
4517 194
4518 93
4519 78
4520 113
4521 234
4522 184
4523 50
4524 200
4525 78
4526 184
4527 120
4528 4
4529 91
4530 94
4531 193
4532 121
4533 214
4534 238
4535 93
4536 118
4537 55
4538 22
4539 9
4540 26
4541 22
4542 245
4543 198
4544 187
4545 72
4546 159
4547 208
4548 68
4549 78
4550 59
4551 103
4552 212
4553 15
4554 43
4555 155
4556 106
4557 239
4558 73
4559 34
4560 155
4561 180
4562 22
4563 124
4564 174
4565 52
4566 184
4567 155
4568 215
4569 199
4570 160
4571 78
4572 155
4573 76
4574 108
4575 13
4576 245
4577 118
4578 98
4579 218
4580 1
4581 212
4582 218
4583 138
4584 0
4585 194
4586 78
4587 240
4588 218
4589 0
4590 2
4591 89
4592 78
4593 70
4594 133
4595 165
4596 76
4598 103
4599 59
4600 9
4601 51
4602 235
4603 85
4604 208
4605 110
4606 36
4607 165
4608 0
4609 118
4610 208
4611 157
4612 165
4613 42
4614 78
4615 118
4616 33
4617 190
4618 118
4619 79
4620 52
4621 115
4622 80
4623 60
4624 26
4625 194
4626 187
4627 222
4628 228
4629 0
4630 87
4631 72
4632 74
4633 9
4634 0
4635 184
4636 104
4637 0
4638 92
4639 43
4640 213
4641 194
4642 44
4643 92
4644 169
4645 212
4646 193
4647 155
4648 33
4649 31
4650 212
4651 85
4652 7
4653 199
4654 195
4655 239
4656 63
4657 185
4658 187
4659 239
4660 15
4661 22
4662 160
4663 90
4664 52
4665 176
4666 76
4667 109
4668 218
4669 230
4670 98
4671 208
4672 60
4673 248
4674 70
4675 198
4676 73
4677 61
4678 99
4679 152
4680 115
4681 221
4682 195
4683 51
4684 208
4685 78
4686 155
4687 98
4688 46
4689 13
4690 129
4691 103
4692 179
4693 229
4694 33
4695 194
4696 66
4697 93
4698 186
4699 190
4700 203
4701 70
4702 157
4703 59
4704 109
4705 72
4706 25
4707 78
4708 118
4709 226
4710 190
4711 72
4712 93
4713 241
4714 88
4715 65
4716 98
4717 162
4718 194
4719 187
4720 234
4721 74
4722 71
4723 115
4724 76
4725 33
4726 165
4727 15
4728 91
4729 213
4730 105
4731 90
4732 13
4733 127
4734 138
4735 198
4736 155
4737 213
4738 0
4739 228
4740 198
4741 208
4742 210
4744 198
4745 138
4746 2
4748 52
4749 25
4750 106
4751 76
4752 195
4753 31
4754 26
4755 128
4756 234
4757 55
4758 165
4759 190
4760 208
4761 69
4762 165
4763 165
4764 22
4765 31
4766 190
4767 138
4768 65
4769 196
4770 155
4771 147
4772 196
4773 239
4774 33
4775 183
4776 190
4777 218
4778 101
4779 15
4780 68
4781 194
4782 40
4783 59
4784 2
4785 229
4786 118
4787 7
4788 8
4789 18
4790 183
4791 108
4792 115
4793 93
4794 32
4795 224
4796 55
4797 235
4798 33
4799 44
4800 155
4801 161
4802 31
4803 32
4804 72
4805 43
4806 92
4807 106
4808 9
4809 208
4810 0
4811 167
4812 46
4813 118
4814 174
4815 234
4816 99
4817 229
4818 183
4819 78
4820 105
4821 118
4822 187
4823 158
4824 234
4825 194
4826 138
4827 184
4828 52
4829 78
4830 78
4831 14
4832 25
4833 0
4834 129
4835 92
4836 55
4837 239
4839 222
4840 130
4841 26
4842 115
4843 28
4844 31
4845 155
4846 167
4847 59
4848 31
4849 194
4850 210
4851 15
4852 194
4853 113
4854 0
4855 187
4856 190
4857 154
4858 158
4859 183
4860 36
4861 115
4862 206
4863 43
4864 214
4865 78
4866 161
4867 165
4868 187
4869 99
4870 208
4871 0
4872 245
4873 129
4874 208
4875 174
4876 100
4877 154
4878 86
4879 60
4880 201
4881 152
4882 165
4883 78
4884 214
4885 87
4886 60
4887 26
4888 59
4889 208
4890 69
4891 159
4892 78
4893 43
4894 0
4895 161
4896 41
4897 99
4898 45
4899 184
4900 168
4901 33
4902 206
4903 55
4904 2
4905 52
4906 71
4907 77
4908 195
4909 184
4910 188
4911 13
4912 78
4913 165
4914 208
4915 228
4916 78
4917 230
4918 33
4919 225
4920 15
4921 83
4922 68
4923 36
4924 196
4925 89
4926 238
4927 92
4928 214
4929 41
4930 78
4931 0
4932 59
4933 155
4934 165
4935 148
4936 210
4937 187
4938 229
4939 187
4940 211
4941 129
4942 100
4943 76
4944 41
4945 241
4946 78
4947 55
4948 94
4949 78
4950 110
4951 99
4952 99
4953 51
4954 228
4955 155
4956 195
4957 158
4958 22
4959 44
4960 10
4961 15
4962 86
4963 70
4964 99
4965 118
4966 238
4967 111
4968 219
4969 222
4970 161
4971 13
4972 98
4973 124
4974 200
4975 91
4976 152
4977 162
4978 217
4979 101
4980 43
4981 229
4982 196
4983 194
4984 76
4985 55
4986 93
4987 115
4988 33
4989 152
4990 41
4991 90
4992 37
4993 76
4994 22
4995 15
4996 198
4997 155
4998 227
4999 38
5000 159
5001 90
5002 55
5003 69
5004 212
5005 198
5006 87
5007 239
5008 159
5009 208
5010 9
5011 82
5012 91
5013 91
5014 147
5015 76
5016 187
5017 105
5018 98
5019 161
5020 140
5021 218
5022 187
5023 59
5024 246
5025 13
5026 91
5027 152
5028 214
5029 176
5030 91
5031 54
5032 76
5033 194
5034 0
5035 203
5036 241
5037 2
5038 9
5039 221
5040 187
5041 219
5042 198
5043 206
5044 187
5045 187
5046 165
5047 81
5048 194
5049 85
5050 78
5051 52
5052 208
5053 240
5054 134
5055 36
5056 20
5057 76
5058 155
5059 193
5060 26
5061 152
5062 155
5063 78
5064 241
5065 221
5066 221
5067 214
5068 92
5069 92
5070 52
5071 78
5072 31
5073 99
5074 100
5075 106
5076 33
5077 78
5078 187
5079 22
5080 22
5081 198
5082 85
5083 171
5084 196
5085 85
5086 16
5087 85
5088 85
5089 85
5090 198
5091 81
5092 154
5093 9
5094 165
5095 0
5096 98
5097 187
5098 18
5099 187
5100 109
5101 206
5102 245
5103 157
5104 206
5105 206
5106 52
5107 222
5108 22
5109 165
5110 15
5111 54
5112 214
5113 13
5114 7
5115 128
5116 194
5117 14
5118 193
5119 60
5120 210
5121 219
5122 78
5123 85
5124 15
5125 198
5126 41
5127 118
5128 207
5129 195
5130 9
5131 13
5132 59
5133 20
5134 161
5135 135
5136 212
5137 128
5138 152
5139 49
5140 85
5141 136
5142 76
5143 26
5144 85
5145 46
5146 118
5147 32
5148 10
5149 98
5150 187
5151 210
5152 194
5153 158
5154 187
5155 0
5156 187
5157 165
5158 230
5159 218
5160 194
5161 87
5162 85
5163 175
