0 116
1 5
2 10
3 171
4 150
5 179
6 99
7 244
8 155
9 167
10 127
11 56
12 4
13 243
14 10
15 223
16 149
17 64
18 12
19 12
20 131
21 142
22 84
23 210
24 33
25 227
26 61
27 88
28 108
29 246
30 240
31 154
32 52
33 145
34 227
35 27
36 115
37 47
38 89
39 233
40 95
41 103
42 40
43 132
44 61
45 63
46 230
47 105
48 89
49 152
50 70
51 7
52 242
53 109
54 12
55 166
56 1
57 154
58 115
59 144
60 40
61 146
62 5
63 186
64 65
65 89
66 140
67 211
68 84
69 1
70 169
71 203
72 75
73 105
74 210
75 154
76 209
77 181
78 11
79 99
80 225
81 119
82 235
83 225
84 210
85 129
86 17
87 45
88 170
89 245
90 48
91 157
92 148
93 89
94 203
95 116
96 206
97 181
98 72
99 57
100 63
101 193
102 37
103 163
104 160
105 47
106 118
107 49
108 92
109 217
110 4
111 180
112 38
113 25
114 244
115 138
116 221
117 124
118 103
119 81
120 144
121 93
122 165
123 193
124 0
125 245
126 70
127 134
128 33
129 51
130 63
131 14
132 124
133 210
134 33
135 217
136 57
137 93
138 70
139 224
140 212
141 19
142 165
143 55
144 238
145 33
146 182
147 80
148 11
149 20
150 178
151 64
152 54
153 177
154 199
155 10
156 134
157 179
158 178
159 61
160 178
161 206
162 85
163 235
164 126
165 173
166 233
167 84
168 119
169 15
170 27
171 245
172 84
173 165
174 147
175 16
176 219
177 227
178 10
179 8
180 17
181 111
182 83
183 7
184 10
185 215
186 11
187 55
188 109
189 125
190 11
191 209
192 209
193 224
194 152
195 39
196 236
197 165
198 179
199 153
200 49
201 125
202 1
203 8
204 230
205 98
206 84
207 56
208 109
209 101
210 242
211 91
212 29
213 210
214 246
215 126
216 108
217 137
218 50
219 59
220 105
221 125
222 108
223 88
224 206
225 31
226 47
227 61
228 249
229 63
230 238
231 122
232 8
233 222
234 170
235 206
236 172
237 68
238 133
239 129
240 112
241 216
242 32
243 149
244 119
245 40
246 69
247 47
248 109
249 148
250 144
251 33
252 66
253 245
254 39
255 238
256 173
257 217
258 68
259 133
260 20
261 191
262 72
263 101
264 128
265 12
266 85
267 15
268 179
269 181
270 134
271 118
272 190
273 52
274 66
275 210
276 217
277 112
278 148
279 81
280 39
281 66
282 211
283 75
284 246
285 245
286 10
287 87
288 77
289 215
290 167
291 122
292 39
293 206
294 44
295 129
296 206
297 151
298 64
301 65
302 178
303 73
304 55
305 151
306 98
307 148
308 76
309 66
310 238
311 64
312 100
313 209
314 90
315 5
316 108
317 85
318 95
319 81
320 64
321 224
322 55
323 52
324 188
325 162
326 204
327 86
328 79
329 249
330 209
331 97
332 134
333 210
334 48
335 179
336 108
337 126
338 134
339 125
340 135
341 227
342 70
343 180
344 237
345 131
346 2
347 2
348 199
349 144
350 171
351 173
352 104
353 115
354 57
355 74
356 40
357 15
358 30
359 106
360 175
361 23
362 128
363 10
364 167
365 199
366 97
367 219
368 194
369 95
370 225
371 25
372 84
373 203
374 16
375 119
376 181
377 137
378 173
379 232
380 29
381 165
382 138
383 81
384 65
385 148
386 85
387 109
388 78
389 131
390 90
391 38
392 40
393 95
394 132
395 178
396 238
397 249
398 109
399 245
400 215
401 125
402 16
403 47
404 167
405 125
407 127
408 25
409 124
410 177
411 40
412 109
413 61
414 56
415 53
416 12
417 91
418 173
419 72
420 13
421 191
422 174
423 245
424 131
425 10
426 40
427 249
428 10
429 2
430 24
431 89
432 225
433 169
434 108
435 82
436 82
437 153
438 100
439 157
440 248
441 11
442 30
443 238
444 173
445 25
446 62
447 19
448 211
449 120
450 39
451 150
452 245
453 34
454 170
455 186
456 1
457 162
458 112
459 245
460 199
461 109
462 188
463 36
464 1
465 45
466 239
467 88
468 150
469 103
470 165
471 133
472 245
473 90
474 186
475 90
476 44
477 188
478 186
479 120
480 0
481 191
482 52
483 154
484 103
485 91
486 131
487 10
488 215
489 70
490 191
491 178
492 101
493 106
494 1
495 163
496 73
497 245
498 94
499 177
500 28
501 111
502 109
503 167
504 80
505 49
506 134
507 221
508 154
509 89
510 2
511 135
512 235
513 2
514 55
515 128
516 88
517 50
518 69
519 5
520 86
522 22
523 8
524 27
525 77
526 63
527 174
528 148
529 182
530 49
531 203
532 52
533 100
534 56
535 11
536 52
537 23
538 4
539 88
540 101
541 47
542 78
543 93
544 125
545 222
546 4
547 65
548 126
549 149
550 161
551 63
552 26
553 135
554 160
555 31
556 137
557 69
558 101
559 125
560 163
561 91
562 186
563 177
564 64
565 52
566 78
567 111
568 16
569 173
570 115
571 108
572 67
573 243
574 76
575 133
576 73
577 8
578 190
579 133
580 145
581 174
582 40
583 109
584 224
585 134
586 47
587 76
588 149
589 2
590 128
591 144
592 239
593 15
594 88
595 172
596 68
597 7
598 136
599 64
600 6
601 28
602 193
603 207
604 17
605 249
606 131
607 95
608 13
609 22
610 225
611 227
612 52
613 0
614 24
615 2
616 138
617 136
618 126
619 84
620 161
621 213
622 137
623 242
624 157
626 224
627 162
628 225
629 114
630 217
631 88
632 140
633 33
634 93
635 180
636 152
637 131
638 86
639 68
640 55
641 174
642 245
643 31
644 37
645 4
646 82
647 93
648 75
649 195
650 134
651 84
652 144
654 5
655 38
656 206
657 63
658 21
659 222
660 238
661 17
662 4
663 45
664 77
665 36
666 169
667 52
668 43
669 35
670 140
671 125
672 136
673 17
674 114
675 4
676 48
677 124
678 209
679 86
680 129
681 230
682 90
683 84
684 109
685 33
686 145
687 128
688 195
689 199
690 172
691 208
692 119
693 241
694 144
695 108
696 125
697 129
698 33
699 212
700 119
701 116
702 88
703 161
704 1
705 111
706 101
707 8
708 133
709 94
710 11
711 84
712 9
713 103
715 135
716 64
717 205
718 209
719 33
720 238
721 12
722 203
723 136
724 70
725 145
726 64
727 80
728 224
729 47
730 37
731 154
732 125
733 129
734 194
735 206
736 154
737 136
738 137
739 234
740 152
741 135
742 57
743 2
744 28
745 54
746 220
747 108
748 79
749 117
750 52
751 86
752 131
753 87
754 126
755 178
756 138
757 78
758 101
759 238
760 70
761 240
762 106
763 77
764 2
765 41
766 15
767 181
768 89
769 10
770 220
771 150
772 239
773 9
774 57
775 64
776 154
777 138
778 193
779 1
780 199
781 243
782 235
783 128
784 63
785 170
786 233
787 4
788 9
790 16
791 47
792 173
793 142
794 126
795 173
796 45
797 203
798 162
799 239
800 224
801 46
802 93
803 232
804 154
805 101
806 149
807 31
808 93
809 240
810 28
811 235
812 109
813 230
814 125
815 98
816 54
817 182
818 172
819 182
820 128
821 78
822 40
823 219
824 31
825 124
826 64
827 1
828 40
829 224
830 93
831 59
832 3
833 193
834 81
835 230
836 91
837 28
838 93
839 119
840 119
841 15
842 153
843 134
844 130
845 179
846 21
847 6
848 199
849 27
850 166
851 84
852 199
853 138
854 63
855 128
856 180
857 233
858 208
859 47
860 154
861 97
862 178
863 128
864 56
865 142
866 128
867 77
868 63
869 234
870 139
871 173
872 235
873 5
874 175
875 249
876 243
877 244
878 133
879 237
880 61
881 157
882 15
883 13
884 154
885 204
886 133
887 207
888 208
889 171
890 101
891 224
892 61
893 10
894 186
895 53
896 183
897 64
898 7
899 68
900 190
901 161
902 173
903 108
904 132
905 249
906 119
907 244
908 39
909 10
910 80
911 246
912 21
913 5
914 62
915 225
916 97
917 78
918 16
919 26
920 35
921 71
922 232
923 19
924 9
925 185
926 144
927 84
928 19
929 44
930 208
931 111
932 210
933 27
934 90
935 8
936 94
937 155
938 218
939 45
940 47
941 217
942 111
943 131
944 177
945 109
946 4
947 77
948 105
949 188
950 40
951 33
952 128
953 209
954 59
955 138
956 182
957 71
958 20
959 171
960 64
961 25
962 148
963 93
964 116
965 165
966 125
967 125
968 61
969 174
970 33
971 128
972 91
973 59
974 107
975 48
976 52
977 91
978 148
979 246
980 249
981 119
982 123
983 57
984 177
985 173
986 171
987 29
988 134
989 216
990 199
991 190
992 125
993 244
994 169
995 178
996 148
997 204
998 224
999 17
1000 84
1001 203
1002 240
1003 63
1004 239
1005 82
1006 25
1007 34
1008 15
1009 173
1010 178
1011 162
1012 134
1013 190
1014 99
1015 42
1016 154
1017 36
1018 162
1019 52
1020 27
1021 32
1022 154
1023 153
1024 182
1025 199
1026 193
1027 16
1028 115
1029 212
1030 153
1031 169
1032 43
1033 128
1034 5
1035 77
1036 9
1037 157
1038 206
1039 216
1040 78
1041 204
1042 145
1043 177
1044 169
1045 212
1046 195
1047 33
1048 10
1049 116
1050 65
1051 107
1052 182
1053 52
1054 154
1055 9
1056 91
1057 128
1058 82
1059 78
1060 78
1061 54
1062 45
1063 180
1064 180
1065 82
1066 227
1067 126
1068 68
1069 170
1070 2
1071 208
1072 78
1073 77
1074 78
1075 100
1076 115
1077 190
1078 19
1079 61
1080 55
1081 64
1082 33
1083 55
1084 227
1085 101
1086 225
1087 53
1088 0
1089 224
1090 212
1091 173
1092 4
1093 162
1094 179
1095 91
1096 227
1097 172
1098 62
1099 232
1100 73
1101 109
1102 185
1103 248
1104 121
1105 141
1106 115
1107 52
1108 54
1109 208
1110 59
1111 120
1112 1
1113 122
1114 161
1115 113
1116 218
1117 151
1118 232
1119 104
1120 185
1121 64
1122 235
1123 209
1124 59
1125 157
1126 25
1127 93
1128 119
1129 243
1130 151
1131 25
1132 108
1133 107
1134 68
1135 208
1136 219
1137 144
1138 220
1139 114
1140 177
1141 170
1142 128
1143 180
1144 122
1145 77
1146 4
1147 215
1148 245
1149 88
1150 56
1151 233
1152 31
1153 107
1154 240
1155 4
1156 0
1157 179
1158 57
1159 95
1160 93
1161 173
1162 47
1163 128
1164 36
1165 33
1166 107
1167 180
1168 132
1169 134
1170 88
1171 249
1172 38
1173 168
1174 29
1175 78
1176 125
1177 198
1178 125
1179 113
1180 63
1181 64
1182 160
1183 195
1184 200
1185 134
1186 110
1187 32
1188 180
1189 52
1190 26
1191 163
1192 15
1193 2
1194 136
1195 217
1196 243
1197 40
1198 163
1199 128
1200 108
1201 161
1202 63
1203 149
1205 17
1206 169
1207 9
1208 93
1209 193
1210 74
1211 33
1212 68
1213 161
1214 98
1215 64
1216 70
1217 193
1218 176
1219 245
1220 90
1221 238
1222 97
1223 10
1224 107
1225 177
1226 140
1227 78
1228 114
1229 77
1230 227
1231 178
1232 131
1233 230
1234 55
1235 1
1236 2
1237 84
1238 233
1239 119
1240 164
1241 117
1242 27
1243 11
1244 138
1245 2
1246 207
1247 222
1248 40
1249 4
1250 64
1251 131
1252 234
1253 158
1254 58
1255 173
1256 41
1257 30
1258 65
1259 145
1260 45
1261 23
1262 190
1263 108
1264 93
1265 163
1266 163
1267 55
1268 167
1269 188
1270 126
1271 16
1273 63
1274 224
1275 152
1277 88
1278 134
1279 163
1280 63
1281 152
1282 173
1283 205
1284 224
1285 107
1286 36
1287 65
1288 156
1289 240
1290 7
1291 224
1292 148
1293 129
1294 64
1295 81
1296 20
1297 23
1298 178
1299 173
1300 144
1301 64
1302 93
1303 134
1304 76
1305 218
1306 125
1307 36
1308 61
1309 0
1310 223
1311 125
1312 195
1313 207
1314 89
1315 13
1316 3
1317 166
1318 146
1319 204
1320 154
1321 84
1322 107
1323 9
1324 152
1325 90
1326 178
1327 59
1328 134
1329 239
1330 15
1331 31
1332 63
1333 21
1334 73
1335 12
1336 169
1337 93
1338 90
1339 81
1340 88
1341 9
1342 48
1343 93
1344 91
1345 45
1346 224
1347 59
1348 161
1349 19
1350 156
1351 199
1352 80
1353 78
1354 166
1355 202
1356 201
1357 89
1358 178
1359 221
1360 10
1361 10
1362 9
1363 40
1364 173
1365 216
1366 144
1367 55
1368 191
1369 94
1370 90
1371 238
1372 97
1373 169
1374 152
1375 222
1376 225
1377 114
1378 227
1379 173
1380 52
1381 12
1382 15
1383 128
1384 56
1385 94
1386 93
1387 55
1388 130
1389 63
1390 138
1391 169
1392 15
1393 42
1394 99
1396 62
1397 56
1398 238
1399 129
1400 211
1401 157
1402 149
1403 136
1404 240
1405 140
1406 238
1407 190
1408 11
1409 89
1410 84
1411 100
1412 191
1413 125
1414 173
1415 135
1416 128
1417 217
1418 140
1419 165
1420 154
1421 89
1422 87
1423 19
1425 59
1426 152
1427 219
1428 205
1429 42
1430 165
1431 28
1432 42
1433 245
1434 160
1435 190
1436 188
1437 131
1438 128
1439 139
1440 63
1441 172
1442 145
1443 177
1444 27
1445 98
1446 63
1447 55
1448 173
1449 78
1450 10
1451 80
1452 25
1453 230
1454 73
1455 225
1456 153
1457 53
1458 53
1459 208
1460 119
1461 101
1463 128
1464 15
1465 134
1466 144
1467 128
1468 38
1469 151
1470 140
1471 54
1472 137
1473 218
1474 0
1475 175
1476 129
1477 125
1478 10
1479 212
1480 89
1481 152
1482 85
1483 249
1484 27
1485 66
1486 230
1487 133
1488 8
1489 35
1490 80
1491 74
1493 23
1494 7
1495 212
1496 53
1497 16
1498 80
1499 165
1500 42
1501 170
1502 2
1503 135
1504 249
1505 55
1506 69
1507 153
1508 56
1509 47
1510 36
1511 233
1512 78
1513 232
1514 41
1515 82
1516 148
1517 240
1518 78
1519 212
1520 202
1521 188
1522 75
1523 160
1524 0
1525 108
1526 40
1527 129
1528 131
1529 130
1530 129
1531 41
1532 5
1533 80
1534 208
1535 124
1536 48
1537 74
1538 134
1539 129
1540 0
1541 34
1542 161
1543 64
1544 1
1545 111
1546 109
1547 224
1548 108
1549 72
1550 92
1551 35
1552 179
1553 182
1554 180
1555 119
1556 77
1557 98
1558 42
1559 108
1560 154
1561 130
1562 40
1563 98
1564 233
1565 32
1566 100
1567 185
1568 243
1569 32
1570 132
1571 169
1572 83
1573 63
1574 170
1575 188
1576 78
1577 109
1578 150
1579 48
1580 84
1581 4
1582 127
1583 80
1584 8
1585 15
1586 223
1587 64
1588 168
1589 40
1590 8
1591 45
1592 63
1593 55
1594 2
1595 47
1596 89
1597 208
1598 109
1599 195
1600 108
1601 246
1602 136
1603 47
1604 56
1605 78
1606 234
1607 8
1608 161
1609 93
1610 51
1611 137
1612 179
1613 190
1614 91
1615 181
1616 168
1617 87
1618 7
1619 207
1620 190
1621 5
1622 16
1623 154
1624 217
1625 127
1626 40
1627 55
1628 34
1629 94
1630 108
1631 160
1632 227
1633 129
1634 104
1635 140
1636 89
1637 64
1638 203
1639 55
1640 29
1641 238
1642 99
1643 128
1644 161
1645 47
1646 120
1647 52
1648 129
1649 81
1650 91
1651 140
1652 131
1653 163
1654 95
1655 151
1656 125
1657 180
1658 238
1659 52
1660 119
1661 52
1662 23
1663 233
1664 125
1665 206
1666 17
1667 57
1668 116
1669 40
1670 32
1671 217
1672 129
1673 128
1674 148
1675 158
1676 204
1677 165
1678 188
1679 195
1680 211
1681 181
1682 160
1683 108
1684 166
1685 136
1686 217
1688 132
1689 2
1690 178
1691 134
1692 165
1693 63
1694 63
1695 75
1696 89
1697 216
1698 199
1699 125
1700 178
1701 138
1702 0
1703 196
1704 144
1705 73
1706 140
1707 208
1708 64
1709 125
1710 110
1711 124
1712 101
1713 111
1714 41
1716 223
1717 64
1718 64
1719 135
1720 206
1721 109
1722 249
1723 128
1725 1
1726 185
1727 0
1728 243
1729 146
1730 72
1731 53
1732 209
1733 81
1734 94
1735 211
1736 27
1737 89
1738 137
1739 128
1740 233
1741 240
1742 79
1743 134
1744 208
1745 133
1746 108
1747 235
1748 90
1749 72
1750 240
1751 78
1752 237
1753 136
1754 94
1755 182
1756 3
1757 17
1758 179
1759 90
1760 174
1761 173
1762 224
1764 162
1765 0
1766 150
1767 109
1768 161
1770 172
1771 148
1772 154
1773 35
1774 211
1775 76
1776 99
1777 153
1778 64
1779 125
1780 201
1781 95
1782 5
1783 125
1784 249
1785 235
1786 119
1787 57
1788 153
1789 112
1790 248
1791 48
1792 154
1793 61
1794 151
1795 193
1796 93
1797 2
1798 74
1799 83
1800 236
1801 131
1802 184
1803 33
1804 157
1805 3
1806 80
1807 53
1808 227
1809 248
1810 36
1811 200
1812 125
1813 125
1814 65
1815 153
1816 225
1817 66
1818 172
1819 167
1820 49
1821 15
1822 204
1823 218
1824 153
1825 100
1826 116
1827 126
1828 129
1829 175
1830 181
1831 139
1832 32
1833 154
1834 42
1835 249
1836 28
1837 135
1838 108
1839 173
1840 195
1841 168
1842 114
1843 35
1844 223
1845 94
1846 194
1847 86
1848 103
1849 164
1850 19
1851 199
1852 154
1853 53
1854 64
1855 77
1856 63
1857 218
1858 191
1859 19
1860 57
1861 245
1862 7
1863 160
1864 179
1865 125
1866 161
1867 177
1868 36
1869 134
1870 244
1871 170
1872 161
1873 42
1874 233
1875 133
1876 153
1877 91
1878 16
1879 88
1881 66
1882 16
1883 9
1884 77
1885 107
1886 137
1887 195
1888 87
1889 33
1890 120
1891 114
1892 104
1893 249
1894 54
1895 40
1896 29
1897 146
1898 78
1899 249
1900 78
1901 111
1902 165
1903 131
1904 160
1905 31
1906 62
1907 211
1908 1
1909 145
1910 169
1911 144
1912 66
1913 217
1914 10
1915 84
1916 81
1917 55
1918 131
1919 107
1920 131
1921 240
1922 244
1923 19
1924 120
1925 129
1926 223
1927 56
1928 12
1929 77
1930 16
1931 114
1932 83
1933 220
1934 98
1935 168
1936 210
1937 249
1938 245
1939 56
1940 173
1941 154
1942 87
1943 41
1944 23
1945 89
1946 108
1947 78
1948 178
1949 125
1950 2
1951 16
1952 128
1953 15
1954 178
1955 104
1956 76
1957 238
1958 154
1959 7
1960 188
1961 222
1962 238
1963 88
1964 149
1965 63
1966 7
1967 81
1968 249
1969 236
1970 76
1971 139
1972 146
1973 187
1974 5
1975 72
1976 89
1977 61
1978 2
1979 58
1980 206
1981 216
1982 33
1983 14
1984 244
1985 138
1986 234
1987 217
1988 61
1989 126
1990 245
1991 33
1992 169
1993 230
1994 233
1995 19
1996 81
1997 167
1998 146
1999 174
2000 121
2002 112
2003 39
2004 106
2006 220
2007 128
2008 106
2009 151
2010 238
2011 13
2012 161
2013 129
2014 190
2015 225
2016 33
2017 97
2018 203
2019 185
2020 101
2021 28
2022 33
2023 245
2024 237
2025 57
2026 53
2027 76
2028 225
2029 77
2030 51
2031 76
2032 7
2033 145
2034 11
2035 80
2037 4
2038 224
2039 193
2040 49
2041 77
2042 104
2043 4
2044 182
2045 81
2046 116
2047 142
2049 78
2050 84
2051 238
2052 246
2053 188
2054 109
2055 33
2056 64
2057 128
2058 59
2059 104
2060 76
2061 76
2062 119
2063 239
2064 34
2065 128
2066 177
2067 77
2068 96
2069 142
2070 84
2071 36
2072 69
2073 77
2074 196
2075 90
2076 59
2077 41
2078 57
2079 62
2080 151
2081 16
2082 84
2083 33
2084 61
2085 35
2086 161
2087 145
2088 243
2089 15
2090 55
2091 52
2092 154
2093 104
2094 152
2095 110
2096 78
2097 154
2098 77
2099 31
2100 104
2101 80
2102 119
2103 78
2104 129
2105 138
2106 48
2107 168
2108 249
2109 140
2110 129
2111 71
2112 248
2113 233
2114 135
2115 95
2116 1
2117 239
2118 140
2119 76
2120 77
2121 140
2122 173
2123 190
2125 180
2126 8
2127 131
2128 57
2129 47
2130 91
2131 249
2132 120
2133 123
2134 245
2135 188
2136 42
2137 218
2138 93
2139 221
2140 84
2141 105
2142 76
2143 233
2144 108
2145 239
2146 10
2147 51
2148 2
2149 238
2150 198
2151 17
2152 109
2153 89
2154 128
2155 63
2156 26
2157 238
2158 74
2159 64
2160 43
2161 149
2162 92
2163 88
2164 64
2165 227
2166 144
2167 190
2168 131
2169 203
2170 81
2171 173
2172 211
2173 120
2174 198
2175 167
2176 188
2177 183
2178 52
2179 154
2180 1
2181 44
2182 61
2183 169
2184 161
2185 116
2186 109
2187 93
2188 190
2189 46
2190 80
2191 64
2192 64
2193 140
2194 57
2195 188
2196 81
2197 161
2198 125
2199 190
2200 212
2201 181
2202 211
2203 57
2204 137
2205 23
2207 36
2208 202
2209 23
2211 212
2212 198
2213 153
2214 167
2215 5
2216 207
2217 168
2218 211
2219 180
2220 104
2221 101
2222 7
2223 15
2224 68
2225 233
2226 23
2227 64
2228 166
2229 40
2230 126
2231 162
2232 56
2233 76
2234 144
2235 172
2236 23
2237 106
2238 238
2239 116
2240 4
2241 152
2242 84
2243 125
2244 233
2245 140
2246 108
2247 249
2248 90
2249 30
2250 120
2251 65
2252 190
2253 133
2254 27
2255 59
2256 71
2257 173
2258 10
2260 214
2261 152
2262 15
2263 84
2264 169
2265 245
2266 76
2267 129
2268 145
2269 67
2270 237
2271 243
2272 106
2273 125
2274 129
2275 168
2276 23
2277 79
2278 76
2279 184
2280 0
2281 62
2282 65
2283 28
2284 128
2285 68
2286 211
2287 68
2288 129
2289 63
2290 11
2291 149
2292 7
2293 162
2294 15
2295 156
2296 95
2297 243
2298 91
2299 211
2300 132
2301 202
2302 8
2303 81
2304 32
2305 132
2306 16
2307 130
2309 44
2310 74
2311 180
2312 120
2313 199
2314 15
2315 233
2316 138
2317 241
2318 188
2319 9
2320 8
2321 79
2322 190
2323 173
2324 227
2325 227
2327 241
2328 249
2329 149
2330 37
2331 76
2332 11
2333 108
2334 188
2335 1
2336 132
2337 107
2338 78
2339 76
2340 73
2341 172
2342 78
2343 240
2344 173
2345 157
2346 108
2347 19
2348 135
2349 217
2350 5
2351 233
2352 106
2353 104
2354 133
2355 87
2356 16
2357 53
2358 136
2359 172
2361 125
2362 227
2363 36
2364 147
2365 101
2366 33
2367 31
2368 93
2369 77
2370 246
2371 4
2372 93
2373 125
2374 132
2375 148
2376 72
2377 125
2378 136
2379 33
2380 134
2382 243
2383 19
2384 166
2385 208
2386 172
2387 57
2388 81
2389 178
2390 82
2391 78
2392 160
2393 134
2394 42
2395 160
2396 26
2398 57
2399 80
2400 57
2401 125
2403 33
2404 65
2405 190
2406 238
2407 34
2408 105
2410 195
2411 129
2412 9
2413 71
2414 154
2415 33
2416 95
2417 75
2418 13
2419 74
2420 119
2421 243
2422 17
2423 81
2424 33
2425 125
2426 36
2427 54
2428 160
2429 198
2430 239
2431 210
2432 126
2433 162
2434 136
2435 151
2436 214
2437 2
2438 16
2439 2
2440 48
2441 5
2442 76
2443 173
2444 93
2445 121
2446 168
2447 101
2448 45
2449 190
2450 217
2451 176
2452 88
2453 125
2454 139
2455 40
2456 86
2457 233
2458 160
2459 47
2460 134
2461 36
2462 177
2463 86
2464 152
2465 231
2466 114
2467 57
2468 26
2469 97
2470 134
2471 15
2472 128
2473 199
2474 238
2475 11
2476 182
2477 208
2478 108
2479 163
2480 54
2481 23
2482 31
2483 76
2484 230
2485 225
2486 76
2487 134
2488 125
2489 9
2490 76
2491 112
2492 233
2493 47
2494 95
2495 111
2496 230
2497 140
2498 9
2499 40
2500 55
2501 33
2503 200
2504 211
2505 66
2506 7
2507 63
2508 125
2509 86
2511 188
2512 15
2513 17
2514 191
2515 206
2516 127
2517 92
2518 66
2519 162
2520 10
2521 128
2522 93
2523 145
2524 125
2525 63
2526 107
2527 7
2528 132
2529 168
2530 33
2531 227
2532 234
2533 230
2534 2
2535 34
2536 33
2537 59
2538 35
2539 104
2540 162
2541 238
2542 233
2543 125
2544 133
2545 164
2546 80
2547 95
2548 35
2549 134
2550 173
2551 162
2552 128
2553 139
2554 42
2555 47
2556 240
2557 160
2558 157
2559 217
2560 36
2561 81
2562 36
2563 0
2564 95
2565 222
2566 76
2567 227
2568 165
2569 93
2570 11
2571 154
2572 40
2573 76
2574 77
2575 203
2576 95
2577 39
2578 100
2579 237
2581 91
2582 59
2583 40
2584 36
2585 245
2587 101
2588 136
2589 68
2590 155
2591 52
2592 232
2593 76
2595 81
2596 134
2597 190
2598 168
2599 200
2600 238
2601 227
2602 77
2603 246
2604 230
2605 72
2606 33
2608 217
2609 233
2610 95
2611 99
2612 128
2613 137
2614 84
2615 114
2616 129
2617 41
2618 91
2619 233
2620 163
2621 76
2622 40
2623 1
2624 32
2625 2
2626 249
2627 233
2628 204
2629 64
2630 235
2631 25
2632 72
2633 129
2634 64
2635 99
2636 7
2637 104
2638 53
2639 76
2640 152
2641 2
2642 45
2643 180
2644 129
2645 108
2646 45
2647 131
2648 3
2649 151
2650 78
2651 207
2652 167
2653 55
2654 2
2655 182
2656 154
2657 224
2658 101
2659 187
2660 249
2661 7
2662 63
2663 155
2665 15
2666 190
2667 138
2668 188
2669 136
2670 35
2671 63
2672 40
2673 64
2674 88
2675 148
2676 47
2677 240
2678 40
2679 148
2680 83
2681 47
2682 4
2683 227
2684 246
2685 95
2686 190
2687 249
2688 168
2689 240
2690 240
2691 175
2692 7
2693 104
2694 45
2695 191
2696 1
2697 89
2698 81
2699 153
2700 238
2701 40
2702 153
2703 4
2704 160
2705 64
2706 138
2707 244
2708 153
2709 212
2710 135
2711 111
2712 80
2713 165
2714 235
2715 182
2717 33
2718 77
2719 219
2720 161
2721 175
2722 179
2723 57
2724 45
2725 218
2727 245
2728 226
2729 7
2730 78
2731 165
2732 33
2733 248
2734 180
2735 62
2736 157
2737 54
2738 140
2739 199
2740 126
2741 129
2742 106
2743 30
2744 81
2745 153
2746 119
2747 29
2748 56
2749 59
2750 230
2751 47
2752 145
2753 234
2754 151
2755 52
2756 186
2757 179
2758 42
2759 93
2760 129
2761 63
2762 140
2763 173
2764 230
2765 161
2766 97
2767 100
2768 63
2769 216
2770 106
2771 75
2773 130
2774 182
2775 7
2776 228
2777 219
2778 151
2779 36
2780 79
2781 2
2782 153
2783 82
2784 55
2785 188
2786 129
2787 82
2788 129
2789 84
2790 30
2791 120
2792 168
2793 132
2794 125
2795 114
2796 64
2797 131
2798 0
2799 173
2800 227
2801 188
2802 93
2803 59
2804 29
2805 90
2806 156
2807 195
2808 41
2809 27
2810 2
2811 133
2812 12
2813 240
2814 47
2815 228
2816 134
2817 237
2818 173
2819 173
2820 190
2821 123
2822 68
2823 211
2824 225
2826 249
2827 7
2828 193
2829 108
2830 148
2831 129
2832 207
2833 16
2834 27
2835 249
2836 98
2837 136
2838 249
2839 36
2840 85
2841 177
2842 0
2843 48
2844 172
2845 212
2846 72
2847 137
2848 179
2849 238
2850 11
2851 104
2852 230
2853 152
2854 34
2855 82
2856 81
2857 2
2858 2
2859 120
2860 217
2861 115
2862 21
2863 2
2864 36
2865 4
2866 81
2867 213
2868 177
2869 136
2870 48
2871 41
2872 217
2873 33
2874 15
2875 180
2876 129
2877 218
2878 131
2879 83
2880 72
2881 23
2882 2
2883 161
2884 81
2886 63
2887 78
2888 142
2889 53
2890 93
2891 129
2892 129
2893 136
2894 11
2895 90
2896 36
2897 109
2898 13
2899 228
2900 80
2901 178
2902 239
2903 119
2904 165
2905 227
2906 82
2907 105
2908 59
2909 33
2910 13
2911 188
2912 166
2913 151
2914 81
2915 10
2916 216
2917 129
2918 68
2919 153
2920 166
2921 79
2922 125
2923 170
2924 17
2925 155
2926 246
2927 87
2928 59
2929 211
2930 27
2931 2
2932 161
2933 182
2934 211
2935 182
2936 154
2937 81
2938 68
2939 106
2940 220
2941 52
2942 86
2943 238
2944 217
2945 105
2946 242
2947 98
2948 63
2949 63
2950 23
2951 93
2952 125
2953 82
2954 30
2955 1
2956 15
2957 8
2958 111
2960 233
2961 101
2962 249
2963 156
2964 78
2965 91
2966 149
2967 77
2968 249
2969 139
2970 129
2971 211
2972 238
2973 151
2974 190
2975 238
2976 138
2977 128
2978 151
2979 33
2980 73
2981 59
2982 40
2983 36
2984 32
2985 0
2986 78
2987 13
2988 109
2989 151
2990 82
2991 129
2992 179
2993 125
2994 36
2995 59
2996 239
2997 36
2998 0
2999 76
3000 233
3001 203
3002 129
3003 105
3004 211
3005 79
3006 136
3007 86
3009 140
3010 95
3011 180
3012 15
3013 236
3014 76
3015 26
3016 17
3017 235
3018 59
3019 2
3020 246
3021 24
3022 34
3023 159
3024 59
3025 191
3027 130
3028 82
3029 154
3030 182
3031 190
3032 113
3033 227
3034 8
3035 78
3036 230
3037 208
3038 78
3039 163
3040 168
3041 19
3042 104
3043 59
3044 130
3045 107
3046 33
3047 233
3048 52
3049 115
3050 89
3051 195
3052 33
3053 29
3054 239
3055 34
3056 81
3057 89
3058 136
3059 8
3060 10
3062 148
3063 156
3064 15
3065 129
3066 129
3067 131
3068 238
3069 168
3070 36
3071 63
3072 55
3073 15
3074 89
3075 84
3076 169
3077 156
3078 241
3079 249
3080 21
3081 162
3082 161
3083 107
3084 51
3085 133
3087 81
3088 73
3089 130
3090 32
3091 99
3092 107
3093 76
3094 13
3095 19
3096 97
3097 75
3098 178
3099 202
3100 93
3101 39
3102 120
3103 26
3104 15
3105 239
3106 238
3107 136
3108 80
3109 21
3110 135
3111 159
3112 86
3113 53
3114 78
3115 108
3116 242
3117 95
3118 2
3119 87
3120 152
3121 216
3122 59
3123 168
3124 249
3125 247
3126 249
3127 229
3128 195
3129 129
3130 17
3131 125
3132 249
3133 28
3134 113
3135 168
3136 133
3137 125
3138 153
3139 160
3140 107
3141 36
3142 202
3143 212
3144 161
3145 161
3146 84
3147 152
3148 55
3149 216
3150 163
3151 24
3152 182
3153 240
3154 180
3155 75
3156 76
3157 249
3158 57
3159 16
3160 2
3161 128
3162 129
3163 218
3164 138
3165 233
3166 249
3167 187
3168 218
3169 152
3170 106
3171 203
3172 2
3173 2
3174 59
3175 57
3176 26
3177 192
3178 232
3179 88
3180 33
3181 117
3182 7
3183 19
3184 17
3185 227
3186 134
3187 169
3188 113
3189 15
3190 135
3191 145
3192 15
3194 45
3195 180
3196 152
3197 161
3198 106
3199 2
3200 136
3201 190
3202 48
3203 6
3204 78
3205 226
3206 36
3207 56
3208 152
3209 129
3210 239
3211 219
3212 34
3213 153
3214 78
3215 29
3216 8
3217 15
3218 194
3219 175
3220 185
3222 133
3223 169
3224 108
3225 138
3226 161
3227 125
3228 91
3229 249
3230 14
3231 16
3232 15
3233 59
3234 243
3235 64
3236 188
3237 170
3238 133
3239 85
3240 181
3241 239
3242 224
3243 88
3244 212
3245 32
3246 114
3247 240
3248 188
3249 70
3250 2
3252 47
3253 107
3254 56
3255 36
3256 136
3257 2
3258 174
3259 15
3260 52
3261 44
3262 36
3263 100
3264 125
3265 63
3267 154
3268 151
3269 91
3270 93
3271 63
3272 154
3273 246
3274 161
3276 161
3277 161
3278 211
3279 45
3280 15
3281 233
3282 162
3283 129
3284 161
3285 7
3286 240
3287 2
3288 129
3289 2
3290 15
3291 178
3292 178
3293 126
3294 212
3295 230
3296 93
3297 77
3298 91
3299 178
3300 0
3301 78
3302 84
3303 130
3304 15
3305 168
3306 16
3307 179
3308 91
3309 125
3310 23
3311 144
3312 99
3313 82
3314 38
3315 98
3316 63
3317 8
3318 125
3319 93
3320 160
3321 84
3322 47
3323 144
3324 240
3325 79
3326 218
3327 47
3328 129
3329 135
3330 90
3331 63
3332 66
3333 77
3334 230
3335 244
3336 135
3338 19
3339 235
3340 160
3341 10
3342 182
3343 195
3344 238
3345 64
3346 165
3347 72
3348 124
3349 47
3350 45
3351 19
3352 229
3353 81
3354 173
3356 81
3357 4
3358 196
3359 15
3360 45
3361 7
3362 190
3363 125
3364 2
3365 57
3366 63
3367 1
3368 110
3369 249
3370 159
3371 190
3372 34
3373 80
3374 0
3375 49
3376 212
3377 74
3378 134
3379 164
3380 173
3381 190
3382 5
3383 238
3386 77
3387 161
3388 125
3389 45
3390 160
3391 148
3392 53
3393 227
3394 36
3395 120
3396 136
3397 235
3398 55
3399 169
3400 91
3401 45
3402 207
3403 94
3405 157
3406 129
3407 171
3408 227
3409 125
3410 173
3411 64
3412 61
3413 64
3414 226
3415 159
3416 23
3417 100
3418 139
3419 151
3420 128
3421 218
3422 59
3423 26
3424 125
3425 129
3426 217
3427 120
3428 218
3429 78
3430 53
3431 125
3432 34
3433 161
3434 78
3435 224
3436 10
3437 160
3438 159
3439 57
3440 61
3441 94
3442 91
3443 178
3444 52
3445 124
3446 144
3447 64
3448 233
3449 97
3450 15
3451 129
3452 241
3454 153
3455 204
3457 37
3458 101
3459 226
3460 88
3461 49
3462 62
3463 109
3464 42
3465 206
3467 19
3468 74
3470 45
3471 36
3472 79
3473 231
3474 148
3475 159
3476 114
3477 63
3478 157
3479 54
3480 224
3481 217
3482 87
3483 36
3484 11
3485 59
3486 15
3488 194
3489 129
3490 227
3491 163
3493 239
3494 106
3495 204
3496 219
3497 198
3498 91
3499 168
3500 72
3501 62
3502 104
3503 130
3504 238
3505 122
3506 235
3507 238
3508 153
3509 4
3510 36
3511 123
3512 161
3513 185
3514 210
3515 229
3516 176
3517 129
3519 188
3520 36
3521 235
3522 154
3523 72
3525 77
3526 179
3527 3
3528 187
3529 28
3530 131
3531 77
3532 36
3533 205
3534 64
3535 14
3536 180
3537 216
3538 182
3539 15
3540 45
3541 168
3542 247
3543 152
3545 238
3546 53
3547 130
3548 208
3549 15
3550 198
3551 47
3552 51
3553 134
3554 64
3555 240
3556 144
3557 235
3558 0
3559 123
3560 62
3561 148
3562 175
3563 36
3564 5
3565 119
3566 35
3567 77
3568 186
3569 191
3570 45
3571 4
3572 59
3573 174
3575 8
3576 139
3577 120
3578 32
3579 35
3580 162
3581 64
3582 66
3583 59
3584 15
3585 78
3586 53
3587 145
3588 195
3589 188
3590 78
3591 249
3592 93
3593 112
3594 15
3595 10
3596 89
3597 151
3598 223
3599 249
3600 74
3601 92
3602 56
3603 184
3604 233
3605 48
3606 133
3607 140
3609 45
3610 125
3611 238
3612 90
3613 102
3614 53
3615 145
3616 125
3617 106
3618 84
3619 76
3620 136
3621 139
3622 76
3623 45
3624 81
3625 180
3626 81
3627 93
3628 217
3629 42
3630 160
3631 145
3632 68
3633 15
3634 182
3636 110
3637 47
3638 249
3639 109
3640 190
3641 72
3642 34
3644 211
3645 0
3646 63
3647 125
3648 129
3649 15
3650 75
3651 55
3652 161
3653 8
3654 19
3655 36
3656 188
3657 15
3658 83
3659 160
3660 233
3661 194
3662 188
3663 216
3664 154
3665 108
3666 104
3667 53
3668 119
3669 179
3670 219
3671 8
3672 155
3673 179
3674 230
3675 35
3676 190
3677 139
3678 81
3679 233
3680 188
3681 80
3682 240
3683 19
3684 2
3685 230
3686 238
3688 188
3689 130
3690 69
3691 140
3692 53
3693 188
3694 69
3696 80
3697 68
3698 11
3699 78
3700 179
3701 66
3702 195
3703 222
3704 95
3705 93
3706 76
3707 120
3708 173
3709 80
3710 249
3711 10
3712 173
3713 62
3714 106
3715 29
3716 1
3717 16
3719 239
3720 161
3721 233
3722 45
3723 226
3724 125
3725 36
3726 224
3727 230
3728 134
3729 243
3730 128
3731 57
3732 147
3733 240
3734 26
3735 59
3736 168
3737 16
3738 249
3739 74
3740 199
3741 91
3742 168
3743 154
3744 65
3745 125
3746 15
3747 74
3748 123
3749 129
3750 180
3751 240
3752 42
3753 185
3754 237
3755 178
3756 238
3757 208
3758 212
3759 152
3760 83
3761 161
3762 161
3763 170
3764 130
3765 59
3766 104
3767 203
3768 15
3769 0
3770 78
3771 29
3772 148
3773 168
3774 129
3775 25
3776 188
3777 45
3778 36
3779 219
3780 151
3781 142
3782 208
3783 194
3784 93
3785 168
3786 5
3787 86
3788 40
3789 122
3790 219
3791 200
3792 249
3793 245
3794 108
3795 114
3796 8
3797 15
3798 160
3799 229
3800 78
3801 35
3802 9
3803 237
3804 44
3805 211
3806 162
3807 163
3808 144
3809 190
3811 16
3812 188
3813 77
3814 49
3815 5
3816 78
3817 49
3818 150
3819 78
3820 208
3821 159
3822 9
3823 238
3824 129
3825 33
3826 238
3827 125
3828 36
3829 105
3830 1
3831 15
3832 173
3833 168
3834 122
3836 116
3837 172
3838 108
3839 83
3840 186
3841 181
3842 152
3843 210
3844 91
3845 171
3846 247
3847 202
3848 2
3849 2
3850 65
3851 21
3852 15
3853 35
3854 74
3855 47
3856 154
3858 168
3859 238
3860 151
3861 33
3862 230
3863 182
3864 35
3865 211
3866 182
3867 173
3868 0
3869 106
3870 132
3871 77
3872 178
3873 248
3874 245
3875 29
3876 172
3877 129
3878 3
3879 82
3880 223
3881 218
3882 211
3883 34
3884 35
3885 155
3886 60
3887 168
3888 101
3889 240
3890 168
3891 245
3892 240
3893 128
3894 78
3895 242
3896 91
3897 153
3898 81
3899 44
3901 87
3902 182
3904 1
3905 203
3906 48
3907 80
3908 162
3909 246
3910 173
3911 229
3912 48
3913 124
3914 84
3915 0
3917 133
3918 151
3919 15
3921 10
3922 178
3923 173
3924 107
3925 83
3926 230
3927 95
3928 2
3929 50
3930 95
3931 49
3932 199
3933 106
3934 182
3935 243
3936 93
3938 159
3939 24
3940 89
3941 119
3943 249
3944 76
3945 93
3946 83
3947 238
3948 48
3949 211
3950 182
3951 111
3952 131
3953 120
3954 52
3955 182
3956 218
3957 165
3958 227
3959 53
3960 107
3961 4
3962 179
3963 125
3964 140
3965 246
3966 36
3967 36
3968 153
3969 140
3970 2
3971 63
3973 115
3974 95
3975 17
3976 188
3977 56
3978 15
3979 128
3980 151
3981 84
3982 129
3983 42
3984 122
3985 82
3986 72
3987 125
3988 238
3989 19
3990 36
3991 128
3992 2
3993 174
3994 76
3995 42
3996 85
3997 130
3998 129
3999 173
4000 188
4001 8
4002 129
4003 125
4004 153
4005 170
4006 1
4007 48
4008 238
4009 128
4010 8
4011 70
4012 59
4013 78
4014 86
4016 41
4017 53
4018 107
4019 8
4020 82
4021 78
4022 77
4023 114
4024 180
4025 137
4026 53
4027 145
4028 47
4029 130
4030 128
4031 33
4032 58
4033 33
4034 239
4035 111
4036 173
4037 130
4038 211
4039 125
4040 23
4041 66
4042 98
4043 161
4044 6
4045 129
4046 178
4047 227
4048 93
4049 136
4050 180
4051 151
4052 15
4053 188
4054 104
4055 203
4056 1
4057 129
4058 188
4059 166
4060 182
4061 188
4062 62
4063 168
4064 197
4065 130
4066 83
4067 97
4068 56
4069 77
4070 233
4071 192
4072 63
4073 137
4074 125
4075 48
4076 154
4077 0
4078 33
4079 19
4080 165
4081 233
4082 17
4083 173
4084 39
4085 42
4086 175
4087 125
4088 238
4089 229
4090 159
4091 233
4092 0
4093 57
4094 246
4095 188
4096 131
4097 78
4098 99
4100 249
4101 95
4102 132
4104 138
4105 188
4106 187
4107 47
4108 0
4109 136
4110 163
4111 162
4112 219
4113 77
4114 131
4115 239
4116 25
4117 188
4118 202
4119 64
4120 62
4121 106
4122 154
4123 15
4124 173
4125 145
4126 80
4127 9
4128 110
4129 15
4130 243
4131 181
4132 240
4133 161
4134 206
4135 159
4137 78
4138 159
4139 55
4140 195
4141 249
4142 0
4143 238
4144 78
4145 174
4146 63
4147 15
4148 21
4149 40
4150 26
4151 36
4152 3
4153 78
4154 84
4155 184
4156 168
4157 154
4158 132
4159 35
4160 26
4161 82
4162 125
4163 240
4164 80
4165 159
4166 15
4167 139
4168 171
4169 119
4170 78
4171 125
4172 152
4174 131
4175 135
4176 205
4177 72
4178 65
4179 125
4180 151
4181 125
4182 239
4183 188
4184 54
4185 47
4186 249
4188 135
4189 113
4190 245
4191 98
4192 7
4193 78
4194 45
4195 125
4196 179
4197 243
4198 189
4199 18
4200 119
4201 168
4202 235
4203 217
4204 167
4205 15
4206 49
4207 19
4208 240
4209 81
4210 78
4211 227
4212 54
4213 77
4214 78
4215 163
4216 36
4219 19
4220 35
4221 152
4222 212
4223 227
4224 244
4225 187
4226 21
4227 188
4228 152
4229 216
4230 15
4231 53
4232 168
4233 49
4234 40
4235 82
4236 32
4237 129
4238 125
4239 79
4240 159
4241 35
4242 159
4243 59
4244 12
4245 15
4246 47
4247 70
4248 165
4249 149
4250 188
4251 76
4252 11
4253 95
4254 63
4255 36
4256 151
4257 19
4258 188
4259 78
4260 133
4261 81
4263 188
4264 224
4266 180
4267 53
4268 120
4269 184
4270 80
4272 188
4273 125
4274 127
4275 93
4276 238
4277 129
4278 36
4279 106
4280 82
4281 108
4282 129
4284 39
4285 191
4286 99
4287 168
4288 125
4289 57
4290 81
4291 167
4292 101
4293 179
4294 36
4296 245
4297 61
4298 218
4299 76
4300 15
4301 179
4302 52
4303 61
4304 219
4305 63
4306 78
4307 2
4308 126
4309 136
4310 86
4311 44
4312 0
4313 37
4314 42
4315 80
4316 46
4317 47
4318 145
4319 15
4320 151
4321 89
4322 168
4323 40
4324 33
4325 238
4326 21
4327 95
4328 168
4329 59
4330 125
4331 79
4332 148
4333 65
4334 36
4335 36
4336 15
4337 39
4338 68
4339 188
4340 64
4341 83
4342 140
4343 64
4344 186
4345 126
4346 151
4347 15
4348 48
4349 0
4350 15
4351 108
4352 151
4353 21
4354 182
4355 239
4356 239
4357 168
4358 7
4359 59
4360 54
4361 52
4362 211
4363 218
4364 50
4365 21
4366 157
4367 36
4369 202
4370 137
4371 114
4372 130
4373 8
4374 158
4375 174
4376 86
4377 59
4378 177
4379 188
4380 151
4381 2
4382 21
4383 212
4384 2
4385 190
4386 131
4387 110
4388 15
4390 151
4391 99
4392 235
4393 36
4394 188
4395 76
4396 78
4397 94
4398 233
4399 227
4400 244
4401 125
4402 225
4403 129
4404 78
4405 125
4406 36
4407 4
4408 239
4409 64
4410 29
4411 78
4412 76
4413 129
4415 125
4416 139
4417 160
4418 173
4420 33
4421 120
4422 186
4423 74
4424 98
4425 64
4426 238
4428 30
4429 138
4430 170
4431 15
4432 26
4433 187
4434 180
4435 159
4436 132
4437 109
4439 2
4440 125
4441 50
4442 34
4443 81
4444 111
4445 92
4446 219
4447 135
4448 2
4449 238
4451 194
4452 193
4453 47
4454 89
4455 125
4456 136
4457 15
4458 135
4459 154
4460 15
4461 0
4462 132
4463 248
4464 77
4465 59
4466 0
4467 130
4468 239
4469 161
4470 45
4471 219
4472 79
4473 139
4474 42
4475 240
4476 1
4477 147
4479 45
4480 177
4481 125
4482 152
4483 181
4484 233
4485 223
4486 188
4487 178
4488 36
4489 233
4490 15
4491 235
4492 36
4493 93
4494 77
4495 48
4496 63
4497 108
4498 188
4499 220
4500 238
4501 18
4502 120
4503 188
4504 15
4505 188
4506 224
4507 77
4508 159
4509 44
4510 190
4511 211
4512 204
4513 35
4514 15
4515 1
4516 188
4517 238
4518 249
4519 168
4520 89
4521 7
4522 95
4523 109
4524 32
4525 182
4526 195
4527 157
4528 23
4529 34
4530 187
4531 160
4532 162
4533 208
4534 135
4535 218
4536 151
4537 164
4538 0
4539 161
4540 198
4541 78
4542 188
4543 151
4545 161
4546 161
4547 36
4548 1
4550 125
4551 228
4553 113
4554 190
4555 125
4556 77
4557 33
4558 199
4559 39
4560 125
4561 55
4562 78
4563 93
4564 64
4565 168
4566 227
4567 125
4568 244
4569 236
4571 132
4572 168
4573 132
4574 61
4575 235
4576 188
4577 159
4578 208
4579 76
4580 219
4581 78
4582 239
4583 47
4585 190
4586 36
4587 89
4588 63
4589 168
4590 190
4591 193
4592 36
4593 27
4594 111
4595 35
4596 36
4598 10
4600 208
4601 63
4602 59
4603 42
4604 42
4605 109
4606 91
4607 129
4608 129
4609 161
4610 36
4611 56
4612 125
4613 91
4614 15
4615 36
4616 15
4617 239
4618 0
4619 12
4620 159
4621 33
4622 60
4623 59
4624 77
4625 19
4626 0
4627 124
4628 154
4629 132
4630 173
4631 182
4632 29
4633 2
4634 78
4635 76
4636 198
4637 78
4638 36
4639 161
4640 181
4641 19
4642 94
4643 76
4644 217
4645 139
4646 63
4647 35
4648 15
4649 129
4650 129
4651 223
4652 81
4653 67
4654 86
4655 219
4656 87
4657 173
4658 0
4659 173
4660 35
4661 36
4662 188
4663 74
4664 159
4665 126
4666 36
4667 59
4668 161
4669 2
4670 211
4671 159
4672 211
4673 109
4674 135
4675 240
4676 88
4677 49
4678 159
4679 42
4680 80
4681 161
4682 239
4683 128
4684 78
4685 82
4686 151
4687 91
4688 23
4689 16
4690 15
4691 228
4692 181
4693 151
4694 82
4695 106
4696 122
4697 224
4698 10
4699 238
4700 87
4701 135
4702 9
4703 151
4704 140
4705 182
4706 9
4707 168
4708 151
4709 87
4710 106
4711 74
4712 5
4713 107
4714 224
4715 212
4716 133
4717 55
4718 239
4719 125
4720 63
4721 207
4722 76
4723 202
4724 129
4725 168
4726 151
4727 53
4728 91
4729 1
4730 55
4731 182
4732 33
4733 150
4734 219
4735 240
4737 131
4738 237
4739 154
4740 125
4741 129
4742 93
4744 239
4745 86
4746 227
4748 82
4749 62
4750 239
4752 190
4753 34
4754 238
4755 57
4756 140
4757 130
4759 161
4760 208
4761 59
4762 15
4763 129
4764 132
4765 188
4766 239
4767 243
4768 243
4769 19
4770 83
4771 154
4772 77
4773 153
4774 125
4775 16
4776 120
4777 239
4778 6
4779 223
4780 177
4781 63
4782 115
4783 139
4784 161
4786 83
4787 66
4788 107
4789 93
4790 16
4791 246
4792 131
4793 235
4794 182
4795 119
4796 223
4797 161
4798 139
4799 65
4800 15
4801 235
4802 188
4803 161
4804 106
4805 233
4806 125
4807 2
4808 190
4809 42
4810 168
4811 56
4812 203
4813 159
4814 128
4815 128
4816 139
4817 125
4818 154
4820 135
4821 35
4822 188
4823 91
4824 91
4825 76
4826 162
4827 136
4828 125
4829 36
4830 78
4831 169
4832 32
4833 21
4834 188
4835 0
4836 44
4837 57
4839 4
4840 107
4841 2
4842 177
4843 91
4844 15
4845 78
4846 56
4847 188
4848 36
4849 76
4850 17
4851 130
4852 120
4853 33
4854 227
4855 240
4856 59
4857 33
4858 133
4859 131
4860 160
4861 40
4862 159
4863 91
4864 81
4865 26
4866 91
4867 159
4868 168
4869 129
4870 42
4871 125
4872 35
4873 188
4875 173
4876 161
4877 128
4878 65
4879 182
4880 22
4881 125
4882 82
4883 15
4884 238
4885 173
4886 104
4887 29
4888 129
4889 188
4890 136
4891 190
4892 74
4893 86
4894 129
4895 218
4896 136
4897 15
4898 31
4899 7
4900 112
4901 82
4903 168
4904 243
4905 125
4906 77
4907 142
4908 77
4909 33
4910 224
4911 114
4913 15
4914 188
4915 181
4916 15
4917 53
4918 36
4919 108
4921 209
4922 190
4923 160
4924 239
4925 165
4926 27
4928 161
4929 227
4931 0
4932 19
4933 130
4934 178
4935 63
4936 13
4937 53
4938 226
4939 36
4940 25
4941 83
4942 233
4944 2
4945 47
4946 82
4947 44
4948 90
4949 240
4950 213
4951 139
4952 0
4953 235
4954 23
4955 34
4956 45
4957 7
4958 151
4959 65
4960 94
4961 168
4962 75
4963 109
4964 132
4965 83
4966 245
4967 194
4968 227
4969 90
4970 154
4971 160
4972 178
4973 169
4974 84
4975 76
4976 178
4977 191
4978 115
4979 38
4980 106
4981 78
4982 161
4983 2
4984 106
4985 35
4986 235
4987 61
4988 125
4989 125
4990 211
4991 76
4992 62
4993 82
4994 129
4995 151
4996 35
4997 82
4998 126
4999 147
5000 190
5001 2
5002 240
5003 195
5004 35
5005 125
5006 64
5007 63
5008 211
5009 168
5010 48
5011 108
5012 145
5013 34
5014 172
5015 129
5016 125
5017 217
5018 216
5019 17
5020 124
5021 249
5022 143
5023 132
5024 248
5025 47
5026 34
5027 125
5028 86
5029 56
5030 74
5031 34
5032 36
5033 211
5035 37
5036 45
5037 140
5038 208
5039 208
5040 36
5042 190
5043 113
5044 77
5045 125
5046 15
5047 64
5048 182
5049 130
5050 168
5051 132
5052 35
5053 181
5054 119
5055 63
5056 40
5057 168
5058 237
5059 153
5060 178
5061 36
5062 159
5063 82
5064 7
5065 2
5066 238
5067 2
5068 151
5070 36
5071 15
5072 237
5073 113
5074 239
5075 34
5076 129
5077 129
5082 78
5083 245
5084 104
5085 83
5086 81
5087 42
5088 188
5089 129
5090 151
5091 23
5092 108
5093 161
5096 238
5097 78
5098 89
5099 130
5100 140
5101 240
5102 240
5103 180
5104 36
5105 15
5106 125
5107 193
5108 168
5110 35
5111 120
5112 2
5113 81
5114 153
5115 79
5116 8
5117 169
5118 230
5119 227
5120 63
5121 2
5122 15
5123 229
5124 129
5125 125
5126 238
5127 15
5128 241
5129 227
5130 133
5131 5
5133 134
5134 97
5135 65
5136 26
5137 202
5138 125
5139 120
5140 0
5141 243
5142 188
5143 198
5144 188
5145 62
5146 132
5147 190
5148 196
5149 104
5150 78
5151 91
5152 53
5153 212
5154 78
5155 240
5156 129
5157 78
5158 53
5159 74
5160 182
5161 249
5162 223
5163 194
5164 47
5165 168
5166 151
5167 47
5168 188
5169 34
5170 36
5171 173
5172 61
5173 129
5174 161
5175 161
5177 125
5178 5
5179 63
5180 159
5181 225
5182 230
5183 34
5184 152
5185 15
5186 15
5187 190
5188 153
5189 151
5190 151
5191 78
5192 136
5193 8
5194 211
5195 53
5196 42
5197 165
5198 227
5199 16
5201 176
5202 132
5203 36
5204 159
5205 182
5206 129
5207 7
5208 124
5209 223
5210 237
5211 131
5212 238
5213 133
5214 155
5215 47
5216 8
5217 179
5218 8
5219 15
5220 53
5221 47
5222 124
5223 56
5224 131
5225 15
5226 219
5227 2
5228 15
5229 59
5230 84
5231 131
5232 203
5233 15
5234 36
5235 0
5236 76
5237 238
5238 95
5239 206
5240 1
5241 97
5242 249
5243 15
5244 36
5245 15
5246 36
5247 114
5248 2
5249 107
5250 107
5251 83
5252 125
5253 249
5254 78
5255 1
5256 190
5257 64
5258 211
5259 0
5260 82
5261 1
5262 161
5263 64
5264 131
5265 125
5266 75
5267 151
5268 125
5269 125
5270 178
5271 134
5272 36
5273 159
5274 125
5275 83
5276 95
5277 249
5278 83
5279 151
5280 74
5281 159
5282 16
5283 35
5284 173
5285 136
5286 59
5287 239
5288 66
5289 145
5290 143
5291 59
5292 159
5293 2
5294 177
5295 59
5296 238
5297 238
5298 2
5299 125
5300 35
5301 140
5302 130
5303 59
5304 78
5305 140
5306 195
5307 151
5308 179
5309 51
5310 227
5311 55
5312 115
5313 162
5314 178
5315 163
5316 63
5317 145
5318 129
5319 129
5320 78
5321 7
5322 15
5323 36
5324 229
5325 182
5327 64
5328 74
5329 136
5330 53
5331 159
5332 182
5333 1
5334 32
5335 125
5336 82
5338 4
5339 99
5340 164
5341 168
5342 237
5343 140
5344 34
5345 2
5346 82
5347 181
5348 15
5349 2
5350 136
5351 63
5352 226
5353 106
5354 78
5355 243
5356 158
5357 78
5358 94
5359 190
5360 82
5361 36
5362 195
5363 79
5364 78
5365 74
5366 143
5367 125
5370 59
5371 218
5372 53
5373 78
5374 188
5375 26
5376 131
5377 125
5378 240
5379 119
5380 152
5381 168
5382 132
5383 78
5384 47
5385 190
5386 162
5387 2
5388 104
5389 153
5390 8
5391 125
5392 36
5393 207
5394 240
5395 225
5396 239
5397 151
5398 129
5399 89
5400 208
5401 42
5402 36
5403 36
5404 125
5405 159
5406 179
5407 157
5408 77
5409 0
5410 0
5411 28
5412 64
5413 125
5414 208
5415 125
5416 77
5417 166
5418 5
5419 77
5420 232
5421 0
5422 2
5423 15
5424 74
5425 188
5426 130
5427 178
5428 249
5429 78
5430 168
5431 229
5432 161
5433 122
5434 104
5435 130
5436 208
5437 15
5438 63
5439 63
5440 36
5441 216
5442 140
5443 90
5444 231
5445 91
5446 203
5447 132
5448 178
5449 76
5450 78
5451 168
5452 129
5453 106
5454 36
5455 170
5456 77
5457 207
5458 159
5459 88
5460 53
5461 82
5462 211
5463 104
5464 129
5465 238
5466 74
5467 211
5468 34
5469 125
5470 162
5471 208
5472 35
5473 76
5474 151
5475 144
5476 132
5477 45
5478 136
5479 233
5480 138
5481 160
5482 36
5483 233
5484 91
5485 131
5486 77
5487 36
5488 78
5489 77
5490 64
5491 227
5492 8
5493 125
5494 125
5495 125
5496 45
5497 85
5498 132
5499 211
5500 125
5501 78
5502 125
5503 240
5504 2
5505 45
5506 160
5507 208
5508 143
5509 143
5510 36
5511 216
5512 42
5513 36
5514 159
5515 159
5516 16
5517 57
5518 95
5519 93
5520 74
5521 227
5522 159
5523 53
5524 36
5525 36
5526 93
5527 149
5528 182
5529 178
5530 104
5531 229
5532 89
5533 120
5534 153
5535 83
5536 108
5537 151
5538 159
5539 36
5540 130
5541 143
5542 74
5543 74
5544 36
5545 125
5546 74
5547 216
5548 230
5549 36
5550 42
5551 237
5552 104
5553 42
5554 168
5555 188
5556 164
5557 62
5558 130
5559 240
5560 152
5561 159
5562 130
5563 153
5564 79
5565 159
5566 143
5567 82
5568 238
5569 21
