0 2
1 0
2 1
3 -1
4 -1
5 0
6 -1
7 2
8 -1
9 -1
10 -1
11 5
12 2
13 0
14 1
15 3
16 4
17 -1
18 -1
19 -1
20 5
21 -1
22 1
23 6
24 5
25 7
26 5
27 -1
28 1
29 0
30 3
31 5
32 8
33 7
34 7
35 8
36 -1
37 0
38 1
39 7
40 7
41 -1
42 1
43 3
44 5
45 0
46 5
47 0
48 1
49 0
50 -1
51 0
52 -1
53 8
54 -1
55 -1
56 5
57 5
58 -1
59 5
60 1
61 -1
62 0
63 -1
64 4
65 1
66 7
67 7
68 1
69 5
70 5
71 1
72 -1
73 0
74 -1
75 5
76 4
77 1
78 2
79 0
80 -1
81 2
82 0
83 1
84 6
85 3
86 0
87 0
88 2
89 1
90 7
91 9
92 1
93 1
94 1
95 -1
96 -1
97 1
98 1
99 0
100 0
101 2
102 -1
103 8
104 0
105 0
106 -1
107 9
108 -1
109 1
110 2
111 5
112 -1
113 10
114 2
115 -1
116 -1
117 -1
118 -1
119 0
120 5
121 5
122 2
123 2
124 3
125 1
126 -1
127 8
128 5
129 -1
130 0
131 -1
132 -1
133 6
134 5
135 1
136 0
137 5
138 -1
139 5
140 -1
141 7
142 2
143 1
144 7
145 5
146 7
147 1
148 2
149 -1
150 7
151 5
152 4
153 5
154 8
155 1
156 8
157 0
158 7
159 5
160 7
161 0
162 -1
163 0
164 5
165 0
166 7
167 1
168 2
169 3
170 8
171 1
172 1
173 2
174 -1
175 5
176 -1
177 7
178 1
179 7
180 0
181 -1
182 3
183 0
184 1
185 -1
186 -1
187 1
188 8
189 3
190 -1
191 4
192 -1
193 5
194 0
195 -1
196 -1
197 2
198 0
199 0
200 9
201 3
202 5
203 7
204 5
205 -1
206 1
207 -1
208 8
209 1
210 -1
211 0
212 0
213 6
214 0
215 -1
216 1
217 -1
218 -1
219 7
220 0
221 3
222 1
223 2
224 0
225 8
226 0
227 5
228 0
229 0
230 7
231 -1
232 7
233 -1
234 2
235 -1
236 1
237 8
238 0
239 3
240 -1
241 0
242 1
243 4
244 2
245 1
246 -1
247 0
248 8
249 -1
250 5
251 5
252 0
253 1
254 12
255 7
256 0
257 1
258 8
259 0
260 -1
261 1
262 1
263 1
264 5
265 -1
266 -1
267 3
268 0
269 -1
270 8
271 -1
272 7
273 8
274 0
275 4
276 1
277 -1
278 1
279 0
280 -1
281 0
282 7
283 -1
284 0
285 1
286 1
287 -1
288 7
289 -1
290 -1
291 -1
292 -1
293 0
294 3
295 3
296 0
297 3
298 5
301 4
302 7
303 4
304 1
305 3
306 -1
307 1
308 7
309 0
310 7
311 5
312 8
313 4
314 8
315 0
316 1
317 -1
318 7
319 0
320 5
321 5
322 1
323 8
324 3
325 0
326 -1
327 7
328 -1
329 0
330 4
331 0
332 8
333 6
334 7
335 0
336 1
337 5
338 8
339 3
340 8
341 7
342 -1
343 5
344 3
345 5
346 7
347 7
348 8
349 5
350 -1
351 0
352 7
353 -1
354 0
355 7
356 1
357 3
358 -1
359 7
360 9
361 11
362 5
363 1
364 -1
365 8
366 0
367 5
368 -1
369 7
370 1
371 10
372 1
373 1
374 5
375 2
376 1
377 4
378 0
379 -1
380 0
381 2
382 5
383 0
384 4
385 1
386 -1
387 8
388 3
389 5
390 8
391 -1
392 1
393 7
394 3
395 7
396 7
397 0
398 8
399 1
400 -1
401 3
402 5
403 0
404 0
405 3
407 -1
408 10
409 -1
410 5
411 1
412 8
413 5
414 5
415 7
416 -1
417 0
418 0
419 1
420 -1
421 1
422 -1
423 1
424 5
425 1
426 1
427 0
428 1
429 7
430 -1
431 1
432 -1
433 5
434 1
435 3
436 3
437 0
438 8
439 -1
440 -1
441 2
442 -1
443 7
444 0
445 10
446 1
447 7
448 7
449 7
450 -1
451 -1
452 1
453 7
454 2
455 -1
456 5
457 0
458 -1
459 1
460 -1
461 8
462 3
463 3
464 5
465 0
466 7
467 2
468 -1
469 -1
470 2
471 0
472 1
473 8
474 2
475 8
476 3
477 3
478 -1
479 7
480 3
481 -1
482 8
483 5
484 -1
485 0
486 5
487 1
488 -1
489 -1
490 1
491 7
492 1
493 7
494 5
495 8
496 4
497 1
498 4
499 -1
500 5
501 -1
502 8
503 -1
504 1
505 9
506 8
507 -1
508 5
509 1
510 7
511 8
512 0
513 7
514 -1
515 5
516 2
517 -1
518 -1
519 0
520 7
522 -1
523 7
524 8
525 7
526 0
527 4
528 1
529 7
530 9
531 1
532 8
533 8
534 5
535 2
536 8
537 11
538 2
539 2
540 1
541 0
542 3
543 5
544 3
545 -1
546 2
547 4
548 -1
549 4
550 7
551 0
552 3
553 8
554 0
555 8
556 4
557 -1
558 1
559 3
560 8
561 0
562 -1
563 5
564 5
565 8
566 3
567 -1
568 5
569 0
570 -1
571 1
572 -1
573 0
574 7
575 0
576 -1
577 7
578 7
579 0
580 7
581 -1
582 1
583 8
584 5
585 8
586 0
587 7
588 4
589 7
590 5
591 5
592 7
593 3
594 2
595 1
596 8
597 0
598 7
599 5
600 -1
601 5
602 2
603 0
604 0
605 0
606 5
607 7
608 -1
609 -1
610 1
611 7
612 -1
613 3
614 -1
615 7
616 -1
617 7
618 5
619 1
620 7
621 -1
622 4
623 1
624 9
626 5
627 -1
628 1
629 0
630 1
631 2
632 7
633 5
634 5
635 5
636 0
637 5
638 7
639 8
640 1
641 -1
642 1
643 8
644 -1
645 2
646 3
647 5
648 -1
649 7
650 8
651 1
652 5
654 0
655 -1
656 0
657 0
658 3
659 8
660 7
661 0
662 2
663 0
664 7
665 3
666 5
667 8
668 -1
669 3
670 7
671 3
672 7
673 0
674 0
675 2
676 7
677 -1
678 4
679 7
680 3
681 5
682 8
683 1
684 8
685 5
686 7
687 5
688 7
689 8
690 1
691 7
692 2
693 -1
694 5
695 1
696 3
697 3
698 5
699 -1
700 2
701 2
702 2
703 7
704 5
705 8
706 1
707 7
708 -1
709 4
710 2
711 1
712 1
713 -1
715 8
716 5
717 -1
718 4
719 5
720 7
721 -1
722 1
723 7
724 -1
725 7
726 5
727 1
728 5
729 0
730 -1
731 5
732 3
733 3
734 2
735 0
736 5
737 7
738 4
739 -1
740 0
741 8
742 0
743 7
744 5
745 -1
746 7
747 1
748 5
749 -1
750 8
751 7
752 5
753 -1
754 -1
755 7
756 5
757 3
758 1
759 7
760 -1
761 3
762 7
763 7
764 7
765 -1
766 3
767 1
768 1
769 1
770 7
771 -1
772 7
773 1
774 0
775 5
776 5
777 5
778 2
779 5
780 8
781 0
782 0
783 5
784 0
785 2
786 7
787 2
788 1
790 5
791 0
792 0
793 -1
794 5
795 0
796 0
797 1
798 0
799 7
800 5
801 -1
802 5
803 -1
804 5
805 -1
806 4
807 8
808 5
809 3
810 5
811 0
812 8
813 5
814 3
815 -1
816 -1
817 7
818 -1
819 7
820 5
821 3
822 1
823 5
824 8
825 -1
826 5
827 5
828 1
829 5
830 5
831 7
832 -1
833 2
834 0
835 5
836 0
837 5
838 5
839 2
840 2
841 3
842 0
843 8
844 3
845 -1
846 3
847 -1
848 8
849 8
850 5
851 1
852 8
853 5
854 0
855 5
856 5
857 7
858 7
859 0
860 5
861 0
862 7
863 5
864 5
865 -1
866 5
867 7
868 0
869 -1
870 3
871 0
872 0
873 0
874 -1
875 0
876 0
877 2
878 0
879 3
880 5
881 -1
882 3
883 -1
884 5
885 -1
886 0
887 0
888 7
889 -1
890 1
891 5
892 5
893 1
894 -1
895 7
896 -1
897 5
898 0
899 8
900 7
901 7
902 0
903 1
904 3
905 0
906 2
907 2
908 12
909 1
910 1
911 0
912 3
913 0
914 1
915 1
916 0
917 3
918 5
919 3
920 3
921 -1
922 -1
923 7
924 1
925 -1
926 5
927 1
928 7
929 3
930 7
931 8
932 -1
933 8
934 -1
935 7
936 4
937 -1
938 0
939 0
940 0
941 1
942 8
943 5
944 5
945 8
946 2
947 7
948 0
949 3
950 1
951 5
952 5
953 4
954 7
955 5
956 7
957 -1
958 -1
959 -1
960 5
961 10
962 1
963 5
964 2
965 2
966 3
967 3
968 5
969 -1
970 5
971 5
972 0
973 7
974 0
975 7
976 8
977 -1
978 1
979 0
980 0
981 2
982 5
983 0
984 5
985 0
986 -1
987 0
988 8
989 0
990 8
991 7
992 3
993 2
994 5
995 7
996 1
997 -1
998 5
999 0
1000 1
1001 1
1002 3
1003 0
1004 7
1005 3
1006 -1
1007 7
1008 3
1009 0
1010 7
1011 0
1012 8
1013 7
1014 0
1015 3
1016 5
1017 3
1018 0
1019 8
1020 8
1021 1
1022 5
1023 0
1024 7
1025 8
1026 2
1027 5
1028 -1
1029 0
1030 0
1031 5
1032 -1
1033 5
1034 0
1035 7
1036 1
1037 -1
1038 0
1039 0
1040 3
1041 -1
1042 -1
1043 5
1044 5
1045 0
1046 -1
1047 5
1048 1
1049 -1
1050 4
1051 0
1052 7
1053 8
1054 5
1055 1
1056 0
1057 5
1058 3
1059 3
1060 3
1061 4
1062 0
1063 5
1064 5
1065 3
1066 7
1067 5
1068 8
1069 2
1070 7
1071 7
1072 3
1073 7
1074 3
1075 8
1076 -1
1077 7
1078 7
1079 5
1080 1
1081 5
1082 5
1083 1
1084 7
1085 1
1086 1
1087 7
1088 3
1089 5
1090 -1
1091 0
1092 2
1093 0
1094 0
1095 0
1096 7
1097 1
1098 1
1099 -1
1100 -1
1101 8
1102 8
1103 -1
1104 -1
1105 -1
1106 -1
1107 8
1108 4
1109 7
1110 7
1111 7
1112 5
1113 -1
1114 7
1115 3
1116 0
1117 3
1118 -1
1119 7
1120 8
1121 5
1122 0
1123 4
1124 7
1125 9
1126 10
1127 5
1128 2
1129 0
1130 3
1131 10
1132 1
1133 0
1134 8
1135 7
1136 5
1137 5
1138 -1
1139 0
1140 5
1141 2
1142 5
1143 5
1144 -1
1145 7
1146 2
1147 -1
1148 1
1149 2
1150 5
1151 7
1152 8
1153 0
1154 3
1155 2
1156 3
1157 0
1158 0
1159 7
1160 5
1161 0
1162 0
1163 5
1164 3
1165 5
1166 0
1167 5
1168 3
1169 8
1170 -1
1171 0
1172 -1
1173 3
1174 0
1175 3
1176 3
1177 -1
1178 3
1179 3
1180 0
1181 5
1182 0
1183 7
1184 -1
1185 8
1186 -1
1187 -1
1188 5
1189 8
1190 3
1191 8
1192 3
1193 7
1194 7
1195 1
1196 0
1197 1
1198 -1
1199 5
1200 1
1201 7
1202 0
1203 4
1205 0
1206 5
1207 1
1208 5
1209 2
1210 7
1211 5
1212 8
1213 7
1214 -1
1215 5
1216 -1
1217 2
1218 -1
1219 1
1220 8
1221 7
1222 0
1223 1
1224 0
1225 5
1226 7
1227 3
1228 0
1229 7
1230 7
1231 7
1232 5
1233 5
1234 1
1235 5
1236 7
1237 1
1238 7
1239 2
1240 -1
1241 -1
1242 8
1243 2
1244 5
1245 7
1246 0
1247 -1
1248 1
1249 2
1250 5
1251 5
1252 -1
1253 -1
1254 -1
1255 0
1256 -1
1257 -1
1258 4
1259 7
1260 0
1261 -1
1262 7
1263 1
1264 5
1265 8
1266 8
1267 1
1268 0
1269 3
1270 5
1271 5
1273 0
1274 5
1275 0
1277 2
1278 8
1279 8
1280 0
1281 0
1282 0
1283 -1
1284 5
1285 0
1286 3
1287 4
1288 -1
1289 3
1290 0
1291 5
1292 1
1293 3
1294 5
1295 0
1296 -1
1297 11
1298 7
1299 0
1300 5
1301 5
1302 5
1303 8
1304 7
1305 0
1306 3
1307 3
1308 5
1309 3
1310 3
1311 3
1312 7
1313 0
1314 1
1315 -1
1316 -1
1317 5
1318 -1
1319 -1
1320 5
1321 1
1322 0
1323 1
1324 0
1325 -1
1326 7
1327 7
1328 8
1329 7
1330 3
1331 8
1332 0
1333 3
1334 4
1335 -1
1336 5
1337 5
1338 8
1339 0
1340 2
1341 -1
1342 7
1343 5
1344 0
1345 0
1346 5
1347 7
1348 7
1349 7
1350 -1
1351 8
1352 1
1353 3
1354 5
1355 -1
1356 -1
1357 1
1358 7
1359 -1
1360 1
1361 1
1362 1
1363 1
1364 0
1365 0
1366 5
1367 1
1368 1
1369 4
1370 8
1371 7
1372 0
1373 5
1374 0
1375 -1
1376 1
1377 0
1378 7
1379 0
1380 8
1381 -1
1382 3
1383 5
1384 5
1385 4
1386 5
1387 1
1388 3
1389 0
1390 5
1391 5
1392 3
1393 3
1394 0
1396 1
1397 -1
1398 7
1399 3
1400 7
1401 -1
1402 4
1403 7
1404 3
1405 7
1406 7
1407 7
1408 -1
1409 1
1410 1
1411 8
1412 -1
1413 3
1414 0
1415 8
1416 5
1417 1
1418 7
1419 2
1420 5
1421 1
1422 -1
1423 7
1425 7
1426 0
1427 5
1428 -1
1429 3
1430 2
1431 5
1432 3
1433 1
1434 0
1435 7
1436 3
1437 5
1438 5
1439 3
1440 0
1441 1
1442 7
1443 5
1444 8
1445 -1
1446 0
1447 1
1448 0
1449 3
1450 1
1451 1
1452 -1
1453 5
1454 4
1455 1
1456 0
1457 7
1458 7
1459 7
1460 2
1461 1
1463 5
1464 3
1465 8
1466 5
1467 5
1468 -1
1469 3
1470 7
1471 4
1472 4
1473 0
1474 3
1475 9
1476 3
1477 3
1478 1
1479 0
1480 1
1481 0
1482 -1
1483 0
1484 8
1485 0
1486 5
1487 0
1488 7
1489 3
1490 1
1491 7
1493 -1
1494 0
1495 0
1496 7
1497 5
1498 1
1499 2
1500 3
1501 2
1502 7
1503 8
1504 0
1505 1
1506 -1
1507 0
1508 5
1509 0
1510 3
1511 7
1512 3
1513 -1
1514 -1
1515 3
1516 1
1517 3
1518 3
1519 0
1520 5
1521 3
1522 -1
1523 0
1524 3
1525 1
1526 1
1527 3
1528 5
1529 3
1530 3
1531 -1
1532 0
1533 1
1534 7
1535 -1
1536 7
1537 7
1538 8
1539 3
1540 3
1541 7
1542 7
1543 5
1544 5
1545 -1
1546 8
1547 5
1548 1
1549 1
1550 -1
1551 3
1552 0
1553 7
1554 5
1555 2
1556 7
1557 -1
1558 3
1559 1
1560 5
1561 3
1562 1
1563 -1
1564 7
1565 1
1566 8
1567 -1
1568 0
1569 1
1570 3
1571 5
1572 3
1573 0
1574 2
1575 3
1576 3
1577 8
1578 -1
1579 7
1580 1
1581 2
1582 -1
1583 1
1584 7
1585 3
1586 3
1587 5
1588 3
1589 1
1590 7
1591 0
1592 0
1593 1
1594 7
1595 0
1596 1
1597 7
1598 8
1599 -1
1600 -1
1601 0
1602 7
1603 0
1604 5
1605 3
1606 0
1607 7
1608 7
1609 5
1610 -1
1611 -1
1612 0
1613 7
1614 0
1615 1
1616 3
1617 -1
1618 0
1619 0
1620 7
1621 0
1622 5
1623 5
1624 1
1625 -1
1626 1
1627 1
1628 7
1629 4
1630 1
1631 0
1632 7
1633 3
1634 7
1635 7
1636 1
1637 5
1638 1
1639 1
1640 0
1641 7
1642 0
1643 5
1644 7
1645 0
1646 7
1647 8
1648 3
1649 0
1650 0
1651 7
1652 5
1653 8
1654 7
1655 3
1656 3
1657 5
1658 7
1659 8
1660 2
1661 8
1662 -1
1663 7
1664 3
1665 0
1666 0
1667 0
1668 -1
1669 1
1670 1
1671 1
1672 3
1673 5
1674 1
1675 -1
1676 -1
1677 2
1678 3
1679 7
1680 7
1681 1
1682 0
1683 1
1684 5
1685 7
1686 1
1688 3
1689 7
1690 7
1691 8
1692 2
1693 0
1694 0
1695 -1
1696 1
1697 0
1698 8
1699 3
1700 7
1701 5
1702 3
1703 -1
1704 5
1705 -1
1706 7
1707 7
1708 5
1709 3
1710 4
1711 8
1712 1
1713 8
1714 -1
1716 3
1717 5
1718 5
1719 8
1720 0
1721 8
1722 0
1723 5
1725 5
1726 8
1727 3
1728 0
1729 -1
1730 1
1731 7
1732 4
1733 0
1734 4
1735 7
1736 8
1737 1
1738 4
1739 5
1740 7
1741 3
1742 5
1743 8
1744 7
1745 0
1746 1
1747 0
1748 8
1749 1
1750 3
1751 3
1752 3
1753 7
1754 4
1755 7
1756 8
1757 0
1758 0
1759 8
1760 -1
1761 0
1762 5
1764 0
1765 3
1766 -1
1767 8
1768 7
1770 -1
1771 1
1772 5
1773 3
1774 7
1775 7
1776 0
1777 0
1778 5
1779 3
1780 -1
1781 7
1782 0
1783 3
1784 0
1785 0
1786 2
1787 0
1788 0
1789 -1
1790 -1
1791 7
1792 5
1793 5
1794 3
1795 2
1796 5
1797 7
1798 7
1799 3
1800 -1
1801 5
1802 -1
1803 5
1804 9
1805 8
1806 1
1807 7
1808 7
1809 -1
1810 3
1811 -1
1812 3
1813 3
1814 4
1815 0
1816 -1
1817 0
1818 1
1819 -1
1820 9
1821 3
1822 -1
1823 0
1824 0
1825 8
1826 -1
1827 5
1828 3
1829 9
1830 1
1831 3
1832 -1
1833 5
1834 3
1835 0
1836 5
1837 8
1838 1
1839 0
1840 7
1841 3
1842 0
1843 3
1844 3
1845 4
1846 2
1847 7
1848 -1
1849 -1
1850 7
1851 8
1852 5
1853 7
1854 5
1855 7
1856 0
1857 0
1858 1
1859 7
1860 0
1861 1
1862 0
1863 0
1864 0
1865 3
1866 7
1867 -1
1868 3
1869 8
1870 2
1871 2
1872 7
1873 3
1874 7
1875 0
1876 0
1877 0
1878 5
1879 -1
1881 0
1882 5
1883 -1
1884 7
1885 0
1886 4
1887 7
1888 -1
1889 5
1890 7
1891 0
1892 7
1893 0
1894 4
1895 1
1896 0
1897 -1
1898 3
1899 0
1900 3
1901 8
1902 2
1903 5
1904 0
1905 8
1906 -1
1907 7
1908 5
1909 -1
1910 5
1911 5
1912 0
1913 1
1914 1
1915 1
1916 0
1917 1
1918 5
1919 0
1920 5
1921 3
1922 2
1923 7
1924 7
1925 3
1926 3
1927 -1
1928 -1
1929 7
1930 5
1931 0
1932 3
1933 7
1934 -1
1935 3
1936 -1
1937 0
1938 1
1939 5
1940 0
1941 5
1942 -1
1943 -1
1944 11
1945 1
1946 1
1947 3
1948 7
1949 3
1950 7
1951 5
1952 5
1953 3
1954 7
1955 7
1956 7
1957 7
1958 5
1959 0
1960 3
1961 -1
1962 7
1963 2
1964 4
1965 0
1966 0
1967 0
1968 0
1969 -1
1970 7
1971 3
1972 -1
1973 -1
1974 0
1975 1
1976 1
1977 5
1978 7
1979 -1
1980 -1
1981 0
1982 5
1983 -1
1984 2
1985 5
1986 0
1987 1
1988 5
1989 5
1990 1
1991 5
1992 5
1993 5
1994 7
1995 7
1996 0
1997 -1
1998 -1
1999 4
2000 -1
2002 -1
2003 -1
2004 7
2006 7
2007 5
2008 7
2009 3
2010 7
2011 -1
2012 7
2013 3
2014 7
2015 -1
2016 5
2017 0
2018 1
2019 8
2020 1
2021 5
2022 5
2023 1
2024 3
2025 0
2026 7
2027 7
2028 1
2029 7
2030 -1
2031 7
2032 0
2033 7
2034 2
2035 1
2037 2
2038 5
2039 -1
2040 9
2041 7
2042 7
2043 2
2044 7
2045 0
2046 -1
2047 2
2049 3
2050 1
2051 7
2052 0
2053 3
2054 8
2055 5
2056 5
2057 5
2058 7
2059 7
2060 7
2061 7
2062 2
2063 7
2064 7
2065 5
2066 5
2067 7
2068 -1
2069 -1
2070 1
2071 3
2072 -1
2073 7
2074 -1
2075 8
2076 7
2077 -1
2078 0
2079 1
2080 3
2081 5
2082 1
2083 5
2084 5
2085 3
2086 7
2087 7
2088 0
2089 3
2090 1
2091 8
2092 5
2093 7
2094 0
2095 4
2096 3
2097 5
2098 7
2099 8
2100 7
2101 1
2102 2
2103 3
2104 3
2105 5
2106 7
2107 3
2108 0
2109 7
2110 3
2111 -1
2112 -1
2113 7
2114 8
2115 7
2116 5
2117 7
2118 7
2119 7
2120 7
2121 7
2122 0
2123 7
2125 5
2126 7
2127 5
2128 0
2129 0
2130 0
2131 0
2132 7
2133 5
2134 1
2135 3
2136 3
2137 0
2138 5
2139 -1
2140 1
2141 0
2142 7
2143 7
2144 1
2145 7
2146 1
2147 -1
2148 7
2149 7
2150 -1
2151 0
2152 8
2153 1
2154 5
2155 0
2156 3
2157 7
2158 7
2159 5
2160 -1
2161 -1
2162 -1
2163 2
2164 5
2165 7
2166 5
2167 7
2168 5
2169 1
2170 0
2171 0
2172 7
2173 7
2174 -1
2175 0
2176 3
2177 -1
2178 8
2179 5
2180 5
2181 3
2182 5
2183 5
2184 7
2185 -1
2186 8
2187 5
2188 7
2189 -1
2190 1
2191 5
2192 5
2193 7
2194 0
2195 3
2196 0
2197 7
2198 3
2199 7
2200 0
2201 1
2202 7
2203 0
2204 4
2205 11
2207 3
2208 5
2209 -1
2211 0
2212 -1
2213 0
2214 -1
2215 0
2216 0
2217 3
2218 7
2219 5
2220 7
2221 1
2222 0
2223 3
2224 8
2225 7
2226 11
2227 5
2228 5
2229 1
2230 5
2231 0
2232 -1
2233 7
2234 5
2235 1
2236 -1
2237 7
2238 7
2239 -1
2240 2
2241 0
2242 1
2243 3
2244 7
2245 7
2246 1
2247 0
2248 8
2249 -1
2250 7
2251 4
2252 7
2253 -1
2254 8
2255 7
2256 -1
2257 0
2258 1
2260 -1
2261 0
2262 3
2263 1
2264 5
2265 1
2266 7
2267 3
2268 7
2269 -1
2270 3
2271 0
2272 7
2273 3
2274 3
2275 3
2276 11
2277 -1
2278 7
2279 -1
2280 3
2281 1
2282 4
2283 -1
2284 5
2285 8
2286 7
2287 8
2288 3
2289 0
2290 2
2291 4
2292 0
2293 0
2294 3
2295 -1
2296 7
2297 0
2298 0
2299 7
2300 3
2301 5
2302 7
2303 0
2304 1
2305 3
2306 5
2307 3
2309 3
2310 7
2311 5
2312 7
2313 8
2314 3
2315 7
2316 -1
2317 -1
2318 3
2319 1
2320 7
2321 5
2322 7
2323 0
2324 7
2325 7
2327 -1
2328 0
2329 4
2330 -1
2331 7
2332 2
2333 1
2334 3
2335 5
2336 3
2337 0
2338 3
2339 7
2340 4
2341 1
2342 3
2343 3
2344 0
2345 9
2346 1
2347 7
2348 8
2349 1
2350 0
2351 7
2352 7
2353 7
2354 0
2355 -1
2356 5
2357 7
2358 7
2359 1
2361 3
2362 7
2363 3
2364 -1
2365 -1
2366 5
2367 8
2368 5
2369 7
2370 0
2371 2
2372 5
2373 3
2374 3
2375 1
2376 1
2377 3
2378 7
2379 5
2380 8
2382 0
2383 7
2384 5
2385 7
2386 1
2387 0
2388 0
2389 7
2390 3
2391 3
2392 0
2393 8
2394 3
2395 0
2396 3
2398 0
2399 1
2400 0
2401 3
2403 5
2404 4
2405 7
2406 7
2407 7
2408 0
2410 7
2411 3
2412 1
2413 -1
2414 5
2415 5
2416 7
2417 -1
2418 -1
2419 7
2420 2
2421 0
2422 0
2423 0
2424 5
2425 3
2426 3
2427 4
2428 0
2429 -1
2430 7
2431 6
2432 5
2433 0
2434 7
2435 3
2436 -1
2437 7
2438 5
2439 7
2440 7
2441 0
2442 7
2443 0
2444 5
2445 -1
2446 3
2447 1
2448 0
2449 7
2450 1
2451 -1
2452 2
2453 3
2454 3
2455 1
2456 7
2457 7
2458 0
2459 0
2460 8
2461 3
2462 5
2463 7
2464 0
2465 -1
2466 -1
2467 0
2468 3
2469 0
2470 8
2471 3
2472 5
2473 8
2474 7
2475 2
2476 7
2477 7
2478 1
2479 8
2480 -1
2481 11
2482 8
2483 7
2484 5
2485 1
2486 7
2487 8
2488 3
2489 1
2490 7
2491 -1
2492 7
2493 0
2494 7
2495 8
2496 5
2497 7
2498 1
2499 1
2500 1
2501 5
2503 -1
2504 7
2505 0
2506 0
2507 0
2508 3
2509 7
2511 3
2512 3
2513 0
2514 1
2515 0
2516 -1
2517 -1
2518 0
2519 0
2520 1
2521 5
2522 5
2523 -1
2524 3
2525 0
2526 0
2527 0
2528 3
2529 3
2530 5
2531 7
2532 -1
2533 5
2534 7
2535 7
2536 5
2537 7
2538 3
2539 7
2540 0
2541 7
2542 7
2543 3
2544 -1
2545 -1
2546 1
2547 7
2548 3
2549 8
2550 0
2551 0
2552 5
2553 3
2554 3
2555 0
2556 3
2557 0
2558 9
2559 1
2560 3
2561 0
2562 3
2563 3
2564 7
2565 -1
2566 7
2567 7
2568 2
2569 5
2570 2
2571 5
2572 1
2573 7
2574 7
2575 1
2576 7
2577 12
2578 8
2579 3
2581 -1
2582 7
2583 1
2584 3
2585 1
2587 1
2588 7
2589 -1
2590 -1
2591 8
2592 -1
2593 7
2595 0
2596 8
2597 7
2598 3
2599 -1
2600 7
2601 7
2602 7
2603 0
2604 5
2605 -1
2606 5
2608 1
2609 7
2610 7
2611 0
2612 5
2613 4
2614 1
2615 0
2616 3
2617 -1
2618 -1
2619 7
2620 8
2621 7
2622 1
2623 5
2624 1
2625 7
2626 0
2627 7
2628 9
2629 5
2630 0
2631 10
2632 1
2633 3
2634 5
2635 0
2636 0
2637 7
2638 7
2639 7
2640 0
2641 7
2642 0
2643 5
2644 3
2645 1
2646 0
2647 5
2648 8
2649 3
2650 3
2651 0
2652 0
2653 1
2654 7
2655 7
2656 5
2657 5
2658 1
2659 -1
2660 0
2661 0
2662 0
2663 -1
2665 3
2666 7
2667 5
2668 3
2669 7
2670 3
2671 0
2672 1
2673 5
2674 2
2675 1
2676 0
2677 3
2678 1
2679 1
2680 3
2681 0
2682 2
2683 7
2684 0
2685 7
2686 7
2687 0
2688 3
2689 3
2690 3
2691 -1
2692 0
2693 7
2694 0
2695 -1
2696 5
2697 1
2698 0
2699 0
2700 7
2701 1
2702 0
2703 2
2704 0
2705 5
2706 5
2707 2
2708 0
2709 0
2710 8
2711 8
2712 1
2713 2
2714 0
2715 7
2717 5
2718 7
2719 5
2720 7
2721 9
2722 0
2723 0
2724 0
2725 0
2727 1
2728 3
2729 0
2730 3
2731 2
2732 5
2733 -1
2734 5
2735 1
2736 9
2737 4
2738 7
2739 -1
2740 5
2741 3
2742 7
2743 -1
2744 0
2745 0
2746 2
2747 0
2748 5
2749 7
2750 5
2751 0
2752 7
2753 0
2754 3
2755 8
2756 -1
2757 0
2758 3
2759 5
2760 3
2761 0
2762 7
2763 0
2764 5
2765 7
2766 0
2767 8
2768 0
2769 0
2770 7
2771 12
2773 3
2774 7
2775 0
2776 -1
2777 5
2778 3
2779 3
2780 5
2781 7
2782 0
2783 3
2784 1
2785 3
2786 3
2787 3
2788 3
2789 1
2790 -1
2791 7
2792 3
2793 3
2794 3
2795 -1
2796 5
2797 5
2798 3
2799 0
2800 7
2801 3
2802 5
2803 7
2804 0
2805 8
2806 -1
2807 7
2808 -1
2809 8
2810 7
2811 0
2812 -1
2813 3
2814 0
2815 -1
2816 8
2817 3
2818 0
2819 0
2820 7
2821 5
2822 8
2823 7
2824 1
2826 0
2827 0
2828 2
2829 1
2830 1
2831 3
2832 0
2833 5
2834 8
2835 0
2836 -1
2837 7
2838 0
2839 3
2840 -1
2841 5
2842 3
2843 7
2844 1
2845 0
2846 1
2847 4
2848 0
2849 7
2850 2
2851 7
2852 5
2853 0
2854 7
2855 3
2856 0
2857 7
2858 7
2859 7
2860 1
2861 -1
2862 3
2863 7
2864 3
2865 2
2866 0
2867 -1
2868 5
2869 7
2870 7
2871 -1
2872 1
2873 5
2874 3
2875 5
2876 3
2877 0
2878 5
2879 3
2880 1
2881 -1
2882 7
2883 7
2884 0
2886 0
2887 3
2888 -1
2889 7
2890 5
2891 3
2892 3
2893 7
2894 2
2895 8
2896 3
2897 8
2898 -1
2899 -1
2900 1
2901 7
2902 7
2903 2
2904 2
2905 7
2906 3
2907 0
2908 7
2909 5
2910 -1
2911 3
2912 5
2913 3
2914 0
2915 1
2916 0
2917 3
2918 8
2919 0
2920 5
2921 5
2922 3
2923 2
2924 0
2925 -1
2926 0
2927 -1
2928 7
2929 7
2930 -1
2931 7
2932 7
2933 7
2934 7
2935 7
2936 5
2937 0
2938 8
2939 7
2940 -1
2941 8
2942 -1
2943 7
2944 1
2945 0
2946 1
2947 -1
2948 0
2949 0
2950 11
2951 5
2952 3
2953 3
2954 -1
2955 5
2956 3
2957 7
2958 -1
2960 7
2961 1
2962 0
2963 -1
2964 3
2965 0
2966 4
2967 7
2968 0
2969 3
2970 3
2971 7
2972 7
2973 3
2974 7
2975 7
2976 -1
2977 5
2978 3
2979 5
2980 4
2981 7
2982 1
2983 3
2984 1
2985 3
2986 3
2987 -1
2988 8
2989 3
2990 3
2991 3
2992 0
2993 3
2994 3
2995 7
2996 7
2997 3
2998 3
2999 7
3000 7
3001 1
3002 3
3003 0
3004 7
3005 5
3006 7
3007 7
3009 7
3010 7
3011 5
3012 3
3013 -1
3014 7
3015 3
3016 0
3017 0
3018 7
3019 7
3020 0
3021 -1
3022 7
3023 3
3024 7
3025 1
3027 3
3028 3
3029 5
3030 7
3031 7
3032 3
3033 7
3034 7
3035 3
3036 5
3037 7
3038 3
3039 8
3040 3
3041 7
3042 7
3043 7
3044 3
3045 0
3046 5
3047 7
3048 8
3049 -1
3050 1
3051 7
3052 5
3053 0
3054 7
3055 7
3056 0
3057 1
3058 7
3059 7
3060 1
3062 1
3063 -1
3064 3
3065 3
3066 3
3067 5
3068 7
3069 3
3070 3
3071 0
3072 1
3073 3
3074 1
3075 1
3076 5
3077 -1
3078 -1
3079 0
3080 3
3081 0
3082 7
3083 0
3084 -1
3085 0
3087 0
3088 4
3089 3
3090 1
3091 0
3092 0
3093 7
3094 -1
3095 7
3096 0
3097 -1
3098 7
3099 5
3100 5
3101 12
3102 7
3103 3
3104 3
3105 7
3106 7
3107 7
3108 1
3109 3
3110 8
3111 3
3112 7
3113 7
3114 3
3115 1
3116 -1
3117 7
3118 -1
3119 -1
3120 0
3121 0
3122 7
3123 3
3124 0
3125 -1
3126 0
3127 3
3128 7
3129 3
3130 0
3131 3
3132 0
3133 5
3134 3
3135 3
3136 0
3137 3
3138 0
3139 0
3140 0
3141 3
3142 5
3143 0
3144 7
3145 7
3146 1
3147 0
3148 1
3149 0
3150 8
3151 -1
3152 7
3153 3
3154 5
3155 12
3156 7
3157 0
3158 0
3159 5
3160 7
3161 5
3162 3
3163 0
3164 5
3165 7
3166 0
3167 -1
3168 0
3169 0
3170 7
3171 1
3172 7
3173 7
3174 7
3175 0
3176 3
3177 -1
3178 -1
3179 -1
3180 5
3181 -1
3182 0
3183 7
3184 0
3185 7
3186 8
3187 5
3188 3
3189 3
3190 8
3191 7
3192 3
3194 0
3195 5
3196 0
3197 7
3198 7
3199 7
3200 7
3201 7
3202 7
3203 -1
3204 3
3205 3
3206 3
3207 -1
3208 0
3209 3
3210 7
3211 5
3212 7
3213 0
3214 3
3215 0
3216 7
3217 3
3218 2
3219 9
3220 8
3222 0
3223 5
3224 1
3225 -1
3226 7
3227 3
3228 0
3229 0
3230 -1
3231 5
3232 3
3233 7
3234 0
3235 5
3236 3
3237 2
3238 0
3239 -1
3240 1
3241 7
3242 5
3243 -1
3244 0
3245 -1
3246 0
3247 3
3248 3
3249 -1
3250 7
3252 0
3253 0
3254 5
3255 3
3256 7
3257 7
3258 4
3259 3
3260 8
3261 3
3262 3
3263 8
3264 3
3265 0
3267 5
3268 3
3269 0
3270 5
3271 0
3272 5
3273 0
3274 7
3276 7
3277 7
3278 7
3279 0
3280 3
3281 7
3282 0
3283 3
3284 7
3285 0
3286 3
3287 7
3288 3
3289 7
3290 3
3291 7
3292 7
3293 5
3294 0
3295 5
3296 5
3297 7
3298 0
3299 7
3300 3
3301 3
3302 1
3303 3
3304 3
3305 3
3306 5
3307 0
3308 0
3309 3
3310 11
3311 5
3312 0
3313 3
3314 -1
3315 -1
3316 0
3317 7
3318 3
3319 5
3320 0
3321 1
3322 0
3323 -1
3324 3
3325 5
3326 0
3327 0
3328 3
3329 8
3330 8
3331 0
3332 0
3333 7
3334 5
3335 2
3336 8
3338 7
3339 0
3340 0
3341 1
3342 7
3343 7
3344 7
3345 5
3346 -1
3347 1
3348 8
3349 0
3350 0
3351 7
3352 3
3353 0
3354 0
3356 0
3357 2
3358 -1
3359 3
3360 0
3361 0
3362 7
3363 3
3364 7
3365 0
3366 0
3367 5
3368 -1
3369 0
3370 3
3371 7
3372 7
3373 1
3374 3
3375 9
3376 0
3377 7
3378 8
3379 -1
3380 0
3381 7
3382 0
3383 7
3386 7
3387 7
3388 3
3389 0
3390 0
3391 1
3392 7
3393 7
3394 3
3395 7
3396 7
3397 0
3398 1
3399 5
3400 0
3401 0
3402 0
3403 -1
3405 9
3406 3
3407 -1
3408 7
3409 3
3410 0
3411 5
3412 5
3413 5
3414 3
3415 3
3416 11
3417 8
3418 3
3419 3
3420 5
3421 0
3422 7
3423 3
3424 3
3425 3
3426 1
3427 7
3428 0
3429 3
3430 7
3431 3
3432 7
3433 7
3434 3
3435 5
3436 1
3437 0
3438 3
3439 0
3440 5
3441 4
3442 0
3443 7
3444 8
3445 -1
3446 5
3447 5
3448 7
3449 0
3450 3
3451 3
3452 -1
3454 0
3455 -1
3457 -1
3458 1
3459 -1
3460 2
3461 9
3462 1
3463 8
3464 3
3465 0
3467 7
3468 7
3470 0
3471 3
3472 5
3473 -1
3474 1
3475 3
3476 0
3477 0
3478 9
3479 4
3480 5
3481 1
3482 -1
3483 3
3484 2
3485 7
3486 3
3488 -1
3489 3
3490 7
3491 8
3493 7
3494 7
3495 -1
3496 5
3497 -1
3498 0
3499 3
3500 1
3501 1
3502 7
3503 3
3504 7
3505 -1
3506 0
3507 7
3508 0
3509 2
3510 3
3511 5
3512 7
3513 8
3514 6
3515 3
3516 -1
3517 3
3519 3
3520 3
3521 0
3522 5
3523 1
3525 7
3526 0
3527 8
3528 -1
3529 5
3530 5
3531 7
3532 3
3533 -1
3534 5
3535 -1
3536 5
3537 0
3538 7
3539 3
3540 0
3541 3
3542 -1
3543 0
3545 7
3546 7
3547 3
3548 7
3549 3
3550 -1
3551 0
3552 -1
3553 8
3554 5
3555 3
3556 5
3557 0
3558 3
3559 -1
3560 1
3561 1
3562 9
3563 3
3564 0
3565 2
3566 3
3567 7
3568 -1
3569 1
3570 0
3571 2
3572 7
3573 -1
3575 7
3576 3
3577 7
3578 1
3579 3
3580 0
3581 5
3582 -1
3583 7
3584 3
3585 3
3586 7
3587 7
3588 7
3589 3
3590 3
3591 0
3592 5
3593 -1
3594 3
3595 1
3596 1
3597 3
3598 3
3599 0
3600 7
3601 -1
3602 5
3603 -1
3604 7
3605 7
3606 0
3607 7
3609 0
3610 3
3611 7
3612 8
3613 -1
3614 7
3615 7
3616 3
3617 7
3618 1
3619 7
3620 7
3621 3
3622 7
3623 0
3624 0
3625 5
3626 0
3627 5
3628 1
3629 3
3630 0
3631 7
3632 8
3633 3
3634 7
3636 6
3637 0
3638 0
3639 8
3640 7
3641 1
3642 7
3644 7
3645 3
3646 0
3647 3
3648 3
3649 3
3650 -1
3651 1
3652 7
3653 7
3654 7
3655 3
3656 3
3657 3
3658 3
3659 0
3660 7
3661 -1
3662 3
3663 0
3664 5
3665 1
3666 7
3667 7
3668 2
3669 0
3670 5
3671 7
3672 -1
3673 0
3674 5
3675 3
3676 7
3677 3
3678 0
3679 7
3680 3
3681 1
3682 3
3683 7
3684 7
3685 5
3686 7
3688 3
3689 3
3690 -1
3691 7
3692 7
3693 3
3694 -1
3696 1
3697 8
3698 -1
3699 3
3700 0
3701 0
3702 7
3703 8
3704 7
3705 -1
3706 7
3707 7
3708 0
3709 1
3710 0
3711 1
3712 0
3713 1
3714 7
3715 0
3716 5
3717 5
3719 7
3720 7
3721 7
3722 0
3723 3
3724 3
3725 3
3726 5
3727 5
3728 8
3729 0
3730 5
3731 0
3732 -1
3733 3
3734 3
3735 7
3736 3
3737 5
3738 0
3739 7
3740 8
3741 0
3742 3
3743 5
3744 4
3745 3
3746 3
3747 7
3748 5
3749 3
3750 5
3751 3
3752 3
3753 8
3754 3
3755 7
3756 7
3757 7
3758 0
3759 0
3760 3
3761 7
3762 7
3763 -1
3764 3
3765 7
3766 7
3767 1
3768 3
3769 3
3770 3
3771 0
3772 1
3773 3
3774 3
3775 10
3776 3
3777 0
3778 3
3779 5
3780 3
3781 -1
3782 7
3783 -1
3784 5
3785 3
3786 0
3787 7
3788 1
3789 -1
3790 5
3791 -1
3792 0
3793 1
3794 1
3795 0
3796 7
3797 3
3798 0
3799 3
3800 3
3801 3
3802 1
3803 3
3804 3
3805 7
3806 0
3807 -1
3808 5
3809 7
3811 5
3812 3
3813 7
3814 9
3815 0
3816 3
3817 9
3818 -1
3819 3
3820 7
3821 3
3822 1
3823 7
3824 3
3825 5
3826 7
3827 3
3828 3
3829 0
3830 5
3831 3
3832 0
3833 3
3834 -1
3836 -1
3837 1
3838 1
3839 3
3840 -1
3841 1
3842 0
3843 -1
3844 0
3845 -1
3846 -1
3847 5
3848 7
3849 7
3850 4
3851 3
3852 3
3853 3
3854 7
3855 0
3856 5
3858 3
3859 7
3860 3
3861 5
3862 5
3863 7
3864 3
3865 7
3866 7
3867 0
3868 3
3869 7
3870 3
3871 7
3872 7
3873 -1
3874 1
3875 0
3876 1
3877 3
3878 -1
3879 3
3880 3
3881 0
3882 7
3883 7
3884 3
3885 -1
3886 -1
3887 3
3888 -1
3889 3
3890 3
3891 1
3892 3
3893 5
3894 3
3895 1
3896 0
3897 0
3898 0
3899 3
3901 -1
3902 7
3904 5
3905 1
3906 7
3907 1
3908 0
3909 0
3910 0
3911 3
3912 7
3913 8
3914 1
3915 3
3917 0
3918 3
3919 3
3921 1
3922 7
3923 0
3924 0
3925 3
3926 5
3927 7
3928 7
3929 -1
3930 7
3931 -1
3932 8
3933 7
3934 7
3935 0
3936 5
3938 3
3939 -1
3940 1
3941 2
3943 0
3944 7
3945 -1
3946 3
3947 7
3948 7
3949 7
3950 7
3951 8
3952 5
3953 7
3954 8
3955 7
3956 0
3957 2
3958 7
3959 7
3960 0
3961 2
3962 0
3963 3
3964 7
3965 0
3966 3
3967 3
3968 0
3969 7
3970 7
3971 0
3973 -1
3974 7
3975 0
3976 3
3977 5
3978 3
3979 5
3980 3
3981 1
3982 3
3983 3
3984 -1
3985 3
3986 1
3987 3
3988 7
3989 7
3990 3
3991 5
3992 7
3993 4
3994 7
3995 3
3996 -1
3997 3
3998 3
3999 0
4000 3
4001 7
4002 3
4003 3
4004 0
4005 2
4006 5
4007 7
4008 7
4009 5
4010 7
4011 -1
4012 7
4013 3
4014 7
4016 -1
4017 7
4018 0
4019 7
4020 3
4021 3
4022 7
4023 0
4024 5
4025 -1
4026 7
4027 7
4028 0
4029 3
4030 5
4031 5
4032 -1
4033 5
4034 7
4035 8
4036 0
4037 3
4038 7
4039 3
4040 -1
4041 0
4042 -1
4043 7
4044 -1
4045 3
4046 7
4047 7
4048 5
4049 7
4050 5
4051 3
4052 3
4053 3
4054 7
4055 1
4056 5
4057 3
4058 3
4059 -1
4060 7
4061 3
4062 -1
4063 3
4064 -1
4065 3
4066 3
4067 0
4068 5
4069 7
4070 7
4071 -1
4072 0
4073 4
4074 3
4075 7
4076 5
4077 3
4078 5
4079 7
4080 2
4081 7
4082 0
4083 0
4084 12
4085 3
4086 -1
4087 3
4088 7
4089 3
4090 3
4091 7
4092 3
4093 0
4094 0
4095 3
4096 5
4097 3
4098 0
4100 0
4101 7
4102 3
4104 5
4105 3
4106 -1
4107 0
4108 3
4109 7
4110 8
4111 0
4112 5
4113 7
4114 5
4115 7
4116 10
4117 3
4118 5
4119 5
4120 1
4121 7
4122 5
4123 3
4124 0
4125 7
4126 1
4127 1
4128 -1
4129 3
4130 0
4131 1
4132 3
4133 7
4134 0
4135 3
4137 3
4138 3
4139 1
4140 7
4141 0
4142 3
4143 7
4144 3
4145 -1
4146 0
4147 3
4148 3
4149 1
4150 3
4151 3
4152 -1
4153 3
4154 1
4155 -1
4156 3
4157 5
4158 3
4159 3
4160 3
4161 3
4162 3
4163 3
4164 1
4165 3
4166 3
4167 3
4168 -1
4169 2
4170 3
4171 3
4172 0
4174 5
4175 8
4176 -1
4177 1
4178 4
4179 3
4180 3
4181 3
4182 7
4183 3
4184 -1
4185 0
4186 0
4188 8
4189 3
4190 1
4191 -1
4192 0
4193 3
4194 0
4195 3
4196 0
4197 0
4198 -1
4199 -1
4200 2
4201 3
4202 0
4203 1
4204 0
4205 3
4206 9
4207 7
4208 3
4209 0
4210 3
4211 7
4212 4
4213 7
4214 3
4215 8
4216 3
4219 7
4220 3
4221 0
4222 -1
4223 7
4224 2
4225 -1
4226 3
4227 3
4228 0
4229 0
4230 3
4231 7
4232 3
4233 9
4234 1
4235 3
4236 1
4237 3
4238 3
4239 -1
4240 3
4241 3
4242 3
4243 7
4244 -1
4245 3
4246 0
4247 -1
4248 2
4249 4
4250 3
4251 7
4252 2
4253 7
4254 0
4255 3
4256 3
4257 7
4258 3
4259 3
4260 0
4261 0
4263 3
4264 5
4266 5
4267 7
4268 7
4269 -1
4270 1
4272 3
4273 3
4274 -1
4275 5
4276 7
4277 3
4278 3
4279 7
4280 3
4281 -1
4282 3
4284 12
4285 1
4286 0
4287 3
4288 3
4289 0
4290 0
4291 0
4292 1
4293 0
4294 3
4296 1
4297 5
4298 0
4299 7
4300 3
4301 0
4302 8
4303 5
4304 5
4305 0
4306 3
4307 7
4308 5
4309 7
4310 7
4311 3
4312 3
4313 -1
4314 3
4315 1
4316 -1
4317 0
4318 7
4319 3
4320 3
4321 1
4322 3
4323 1
4324 5
4325 7
4326 3
4327 7
4328 3
4329 7
4330 3
4331 5
4332 1
4333 4
4334 3
4335 3
4336 3
4337 12
4338 8
4339 3
4340 5
4341 3
4342 -1
4343 5
4344 -1
4345 5
4346 3
4347 3
4348 7
4349 3
4350 3
4351 1
4352 3
4353 3
4354 7
4355 7
4356 7
4357 3
4358 0
4359 7
4360 4
4361 8
4362 7
4363 0
4364 -1
4365 3
4366 9
4367 3
4369 5
4370 -1
4371 0
4372 3
4373 7
4374 -1
4375 4
4376 7
4377 7
4378 5
4379 3
4380 3
4381 7
4382 3
4383 -1
4384 7
4385 7
4386 5
4387 -1
4388 3
4390 3
4391 0
4392 0
4393 3
4394 3
4395 7
4396 3
4397 4
4398 7
4399 7
4400 2
4401 3
4402 1
4403 3
4404 3
4405 3
4406 3
4407 2
4408 7
4409 5
4410 0
4411 3
4412 7
4413 3
4415 3
4416 3
4417 0
4418 0
4420 5
4421 -1
4422 -1
4423 7
4424 -1
4425 5
4426 7
4428 -1
4429 -1
4430 2
4431 3
4432 3
4433 -1
4434 5
4435 3
4436 3
4437 8
4439 7
4440 3
4441 -1
4442 7
4443 0
4444 8
4445 -1
4446 5
4447 8
4448 7
4449 7
4451 -1
4452 2
4453 0
4454 1
4455 3
4456 7
4457 3
4458 8
4459 5
4460 3
4461 3
4462 3
4463 -1
4464 7
4465 7
4466 3
4467 3
4468 7
4469 7
4470 0
4471 5
4472 -1
4473 3
4474 3
4475 3
4476 5
4477 -1
4479 0
4480 5
4481 3
4482 0
4483 1
4484 7
4485 3
4486 3
4487 7
4488 3
4489 7
4490 3
4491 0
4492 3
4493 5
4494 7
4495 7
4496 0
4497 1
4498 3
4499 7
4500 7
4501 -1
4502 7
4503 3
4504 3
4505 3
4506 5
4507 7
4508 3
4509 3
4510 7
4511 7
4512 -1
4513 3
4514 3
4515 5
4516 3
4517 7
4518 0
4519 3
4520 1
4521 0
4522 7
4523 8
4524 1
4525 7
4526 7
4527 9
4528 11
4529 7
4530 -1
4531 0
4532 0
4533 7
4534 8
4535 0
4536 3
4537 -1
4538 3
4539 7
4540 -1
4541 3
4542 3
4543 3
4545 7
4546 7
4547 3
4548 5
4550 3
4551 -1
4553 3
4554 7
4555 3
4556 7
4557 5
4558 8
4559 12
4560 3
4561 1
4562 3
4563 5
4564 5
4565 3
4566 7
4567 3
4568 2
4569 -1
4571 3
4572 3
4573 3
4574 5
4575 0
4576 3
4577 3
4578 7
4579 7
4580 5
4581 3
4582 7
4583 0
4585 7
4586 3
4587 1
4588 0
4589 3
4590 7
4591 2
4592 3
4593 8
4594 -1
4595 3
4596 3
4598 1
4600 7
4601 0
4602 7
4603 3
4604 3
4605 8
4606 0
4607 3
4608 3
4609 7
4610 3
4611 5
4612 3
4613 0
4614 3
4615 3
4616 3
4617 7
4618 3
4619 -1
4620 3
4621 5
4622 -1
4623 7
4624 7
4625 7
4626 3
4627 8
4628 5
4629 3
4630 0
4631 7
4632 0
4633 7
4634 3
4635 7
4636 -1
4637 3
4638 3
4639 7
4640 1
4641 7
4642 4
4643 7
4644 1
4645 3
4646 0
4647 3
4648 3
4649 3
4650 3
4651 3
4652 0
4653 -1
4654 -1
4655 5
4656 -1
4657 0
4658 3
4659 0
4660 3
4661 3
4662 3
4663 7
4664 3
4665 5
4666 3
4667 7
4668 7
4669 7
4670 7
4671 3
4672 7
4673 8
4674 8
4675 3
4676 2
4677 9
4678 3
4679 3
4680 1
4681 7
4682 7
4683 5
4684 3
4685 3
4686 3
4687 0
4688 -1
4689 5
4690 3
4691 -1
4692 1
4693 3
4694 3
4695 7
4696 -1
4697 5
4698 1
4699 7
4700 -1
4701 8
4702 1
4703 3
4704 7
4705 7
4706 1
4707 3
4708 3
4709 -1
4710 7
4711 7
4712 0
4713 0
4714 5
4715 0
4716 0
4717 1
4718 7
4719 3
4720 0
4721 0
4722 7
4723 -1
4724 3
4725 3
4726 3
4727 7
4728 0
4729 5
4730 1
4731 7
4732 5
4733 -1
4734 5
4735 3
4737 5
4738 3
4739 5
4740 3
4741 3
4742 5
4744 7
4745 7
4746 7
4748 3
4749 1
4750 7
4752 7
4753 7
4754 7
4755 0
4756 7
4757 3
4759 7
4760 7
4761 7
4762 3
4763 3
4764 3
4765 3
4766 7
4767 0
4768 0
4769 7
4770 3
4771 5
4772 7
4773 0
4774 3
4775 5
4776 7
4777 7
4778 -1
4779 3
4780 5
4781 0
4782 -1
4783 3
4784 7
4786 3
4787 0
4788 0
4789 5
4790 5
4791 0
4792 5
4793 0
4794 7
4795 2
4796 3
4797 7
4798 3
4799 4
4800 3
4801 0
4802 3
4803 7
4804 7
4805 7
4806 3
4807 7
4808 7
4809 3
4810 3
4811 5
4812 -1
4813 3
4814 5
4815 5
4816 3
4817 3
4818 5
4820 8
4821 3
4822 3
4823 0
4824 0
4825 7
4826 0
4827 7
4828 3
4829 3
4830 3
4831 5
4832 -1
4833 3
4834 3
4835 3
4836 3
4837 0
4839 2
4840 0
4841 7
4842 5
4843 0
4844 3
4845 3
4846 5
4847 3
4848 3
4849 7
4850 0
4851 3
4852 7
4853 5
4854 7
4855 3
4856 7
4857 5
4858 0
4859 5
4860 0
4861 1
4862 3
4863 0
4864 0
4865 3
4866 0
4867 3
4868 3
4869 3
4870 3
4871 3
4872 3
4873 3
4875 0
4876 7
4877 5
4878 4
4879 7
4880 -1
4881 3
4882 3
4883 3
4884 7
4885 0
4886 7
4887 0
4888 3
4889 3
4890 7
4891 7
4892 7
4893 7
4894 3
4895 0
4896 7
4897 3
4898 8
4899 0
4900 -1
4901 3
4903 3
4904 0
4905 3
4906 7
4907 -1
4908 7
4909 5
4910 5
4911 0
4913 3
4914 3
4915 1
4916 3
4917 7
4918 3
4919 1
4921 4
4922 7
4923 0
4924 7
4925 2
4926 8
4928 7
4929 7
4931 3
4932 7
4933 3
4934 7
4935 0
4936 -1
4937 7
4938 3
4939 3
4940 10
4941 3
4942 7
4944 7
4945 0
4946 3
4947 3
4948 8
4949 3
4950 -1
4951 3
4952 3
4953 0
4954 11
4955 7
4956 0
4957 0
4958 3
4959 4
4960 4
4961 3
4962 -1
4963 8
4964 3
4965 3
4966 1
4967 -1
4968 7
4969 8
4970 5
4971 0
4972 7
4973 5
4974 1
4975 7
4976 7
4977 1
4978 -1
4979 -1
4980 7
4981 3
4982 7
4983 7
4984 7
4985 3
4986 0
4987 5
4988 3
4989 3
4990 7
4991 7
4992 1
4993 3
4994 3
4995 3
4996 3
4997 3
4998 5
4999 -1
5000 7
5001 7
5002 3
5003 7
5004 3
5005 3
5006 5
5007 0
5008 7
5009 3
5010 7
5011 1
5012 7
5013 7
5014 1
5015 3
5016 3
5017 1
5018 0
5019 0
5020 8
5021 0
5022 -1
5023 3
5024 -1
5025 0
5026 7
5027 3
5028 7
5029 5
5030 7
5031 7
5032 3
5033 7
5035 -1
5036 0
5037 7
5038 7
5039 7
5040 3
5042 7
5043 3
5044 7
5045 3
5046 3
5047 5
5048 7
5049 3
5050 3
5051 3
5052 3
5053 1
5054 2
5055 0
5056 1
5057 3
5058 3
5059 0
5060 7
5061 3
5062 3
5063 3
5064 0
5065 7
5066 7
5067 7
5068 3
5070 3
5071 3
5072 3
5073 3
5074 7
5075 7
5076 3
5077 3
5082 3
5083 1
5084 7
5085 3
5086 0
5087 3
5088 3
5089 3
5090 3
5091 -1
5092 1
5093 7
5096 7
5097 3
5098 1
5099 3
5100 7
5101 3
5102 3
5103 5
5104 3
5105 3
5106 3
5107 2
5108 3
5110 3
5111 7
5112 7
5113 0
5114 0
5115 -1
5116 7
5117 5
5118 5
5119 7
5120 0
5121 7
5122 3
5123 3
5124 3
5125 3
5126 7
5127 3
5128 -1
5129 7
5130 0
5131 0
5133 8
5134 0
5135 4
5136 3
5137 5
5138 3
5139 7
5140 3
5141 0
5142 3
5143 -1
5144 3
5145 1
5146 3
5147 7
5148 -1
5149 7
5150 3
5151 0
5152 7
5153 0
5154 3
5155 3
5156 3
5157 3
5158 7
5159 7
5160 7
5161 0
5162 3
5163 -1
5164 0
5165 3
5166 3
5167 0
5168 3
5169 7
5170 3
5171 0
5172 5
5173 3
5174 7
5175 7
5177 3
5178 0
5179 0
5180 3
5181 1
5182 5
5183 7
5184 0
5185 3
5186 3
5187 7
5188 0
5189 3
5190 3
5191 3
5192 7
5193 7
5194 7
5195 7
5196 3
5197 2
5198 7
5199 5
5201 -1
5202 3
5203 3
5204 3
5205 7
5206 3
5207 0
5208 -1
5209 3
5210 3
5211 5
5212 7
5213 0
5214 -1
5215 0
5216 7
5217 0
5218 7
5219 3
5220 7
5221 0
5222 8
5223 5
5224 5
5225 3
5226 5
5227 7
5228 3
5229 7
5230 1
5231 5
5232 1
5233 3
5234 3
5235 3
5236 7
5237 7
5238 7
5239 -1
5240 5
5241 0
5242 0
5243 3
5244 3
5245 3
5246 3
5247 0
5248 7
5249 0
5250 0
5251 3
5252 3
5253 0
5254 3
5255 -1
5256 7
5257 5
5258 7
5259 3
5260 3
5261 5
5262 7
5263 5
5264 5
5265 3
5266 -1
5267 3
5268 3
5269 3
5270 7
5271 8
5272 3
5273 3
5274 3
5275 3
5276 7
5277 0
5278 3
5279 3
5280 7
5281 3
5282 5
5283 3
5284 0
5285 7
5286 7
5287 7
5288 0
5289 -1
5290 3
5291 7
5292 3
5293 7
5294 5
5295 7
5296 7
5297 7
5298 7
5299 3
5300 3
5301 7
5302 3
5303 7
5304 3
5305 7
5306 7
5307 3
5308 0
5309 -1
5310 7
5311 1
5312 -1
5313 0
5314 7
5315 8
5316 0
5317 -1
5318 3
5319 3
5320 3
5321 0
5322 3
5323 3
5324 3
5325 7
5327 5
5328 7
5329 7
5330 7
5331 3
5332 7
5333 5
5334 1
5335 3
5336 3
5338 2
5339 0
5340 -1
5341 3
5342 3
5343 7
5344 7
5345 7
5346 3
5347 1
5348 3
5349 7
5350 7
5351 0
5352 3
5353 7
5354 3
5355 0
5356 -1
5357 3
5358 4
5359 7
5360 3
5361 3
5362 7
5363 5
5364 3
5365 7
5366 -1
5367 3
5370 7
5371 0
5372 7
5373 3
5374 3
5375 3
5376 -1
5377 3
5378 3
5379 2
5380 0
5381 3
5382 3
5383 3
5384 0
5385 7
5386 0
5387 7
5388 7
5389 0
5390 7
5391 3
5392 3
5393 0
5394 3
5395 -1
5396 7
5397 3
5398 3
5399 1
5400 7
5401 3
5402 3
5403 3
5404 3
5405 3
5406 0
5407 -1
5408 7
5409 3
5410 3
5411 5
5412 5
5413 3
5414 7
5415 3
5416 7
5417 5
5418 0
5419 7
5420 -1
5421 3
5422 7
5423 3
5424 7
5425 3
5426 3
5427 7
5428 0
5429 3
5430 3
5431 3
5432 7
5433 -1
5434 7
5435 3
5436 7
5437 3
5438 0
5439 0
5440 3
5441 0
5442 7
5443 8
5444 -1
5445 0
5446 1
5447 3
5448 7
5449 7
5450 3
5451 3
5452 3
5453 7
5454 3
5455 2
5456 7
5457 0
5458 3
5459 2
5460 -1
5461 3
5462 7
5463 7
5464 3
5465 7
5466 7
5467 7
5468 7
5469 3
5470 0
5471 7
5472 3
5473 7
5474 3
5475 -1
5476 3
5477 0
5478 7
5479 7
5480 5
5481 0
5482 3
5483 7
5484 0
5485 5
5486 7
5487 3
5488 3
5489 7
5490 5
5491 7
5492 7
5493 3
5494 3
5495 3
5496 0
5497 -1
5498 3
5499 7
5500 3
5501 3
5502 3
5503 3
5504 7
5505 0
5506 0
5507 7
5508 -1
5509 -1
5510 3
5511 0
5512 3
5513 3
5514 3
5515 3
5516 5
5517 0
5518 7
5519 5
5520 7
5521 7
5522 3
5523 7
5524 3
5525 3
5526 5
5527 4
5528 7
5529 7
5530 7
5531 3
5532 1
5533 7
5534 0
5535 3
5536 1
5537 3
5538 3
5539 3
5540 3
5541 -1
5542 7
5543 7
5544 3
5545 3
5546 7
5547 -1
5548 5
5549 3
5550 3
5551 3
5552 7
5553 3
5554 3
5555 3
5556 -1
5557 1
5558 3
5559 3
5560 0
5561 3
5562 3
5563 0
5564 5
5565 3
5566 3
5567 3
5568 7
5569 3
