0 148
1 176
2 99
3 208
4 126
5 80
6 176
7 197
8 11
9 72
10 92
11 32
12 58
13 54
14 137
15 53
16 168
17 131
18 161
19 144
20 178
21 177
22 99
23 17
24 228
25 60
26 132
27 146
28 64
29 38
30 48
31 241
32 234
33 24
34 89
35 182
36 108
37 98
38 120
39 105
40 243
41 175
42 15
43 206
44 178
45 209
46 37
47 187
48 228
49 248
50 34
51 30
52 46
53 33
54 84
55 120
56 74
57 102
58 180
59 200
60 190
61 28
62 35
63 193
64 135
65 140
66 230
67 60
68 153
69 204
70 31
71 99
72 78
73 176
74 165
75 120
76 78
77 132
78 22
79 155
80 99
81 0
82 47
83 99
84 81
85 1
86 117
87 225
88 184
89 46
90 105
91 161
92 99
93 142
94 104
95 156
96 225
97 33
98 169
99 80
100 225
101 12
102 141
103 52
104 16
105 123
106 210
107 17
108 84
109 64
110 83
111 7
112 100
113 108
114 233
115 72
116 57
117 93
118 187
119 123
120 204
121 102
122 93
123 229
124 246
125 142
126 8
127 115
128 226
129 161
130 16
131 165
132 181
133 141
134 32
135 233
136 47
137 151
138 63
139 183
140 145
141 14
142 0
143 233
144 29
145 85
146 122
147 104
148 93
149 137
150 198
151 218
152 58
153 9
154 148
155 99
156 0
157 66
158 24
159 45
160 2
161 98
162 26
163 10
164 98
165 21
166 105
167 33
168 203
169 119
170 214
171 177
172 99
173 70
174 63
175 125
176 178
177 220
178 99
179 219
180 16
181 96
182 240
183 56
184 64
185 81
186 70
187 46
188 162
189 1
190 181
191 17
192 161
193 212
194 225
195 135
196 76
197 8
198 110
199 123
200 81
201 195
202 225
203 2
204 85
205 151
206 190
207 226
208 181
209 25
210 194
211 155
212 175
213 165
214 80
215 169
216 222
217 193
218 50
219 220
220 30
221 240
222 118
223 229
224 106
225 162
226 122
227 226
228 30
229 209
230 159
231 90
232 29
233 52
234 156
235 47
236 49
237 190
238 54
239 195
240 115
241 209
242 118
243 12
244 22
245 214
246 114
247 97
248 184
249 142
250 218
251 238
252 220
253 28
254 133
255 243
256 155
257 137
258 146
259 145
260 137
261 40
262 228
263 143
264 85
265 111
266 57
267 240
268 80
269 33
270 152
271 165
272 14
273 115
274 66
275 165
276 64
277 52
278 25
279 98
280 91
281 209
282 24
283 135
284 72
285 142
286 140
287 144
288 24
289 224
290 2
291 244
292 3
293 16
294 48
295 53
296 158
297 79
298 7
299 43
301 81
302 230
303 17
304 142
305 119
306 75
307 31
308 106
309 155
310 29
311 194
312 157
313 156
314 59
315 30
316 143
317 144
318 149
319 158
320 85
321 74
322 18
323 27
324 240
325 201
326 188
327 217
328 194
329 160
330 135
331 149
332 61
333 133
334 211
335 199
336 181
337 38
338 233
339 240
340 184
341 243
342 63
343 47
344 246
345 23
346 217
347 150
348 182
349 49
350 118
351 21
352 246
353 57
354 187
355 149
356 99
357 174
358 58
359 89
360 26
361 99
362 200
363 75
364 129
365 59
366 225
367 204
368 55
369 48
370 15
371 67
372 15
373 190
374 37
375 222
376 137
377 156
378 220
379 58
380 225
381 12
382 131
383 35
384 161
385 233
386 111
387 65
388 119
389 32
390 96
391 90
392 233
393 149
394 107
395 23
396 122
397 160
398 208
399 143
400 221
401 174
402 40
403 102
404 199
405 240
406 107
407 92
408 108
409 157
410 226
411 28
412 52
413 31
414 9
415 106
416 91
417 80
418 16
419 64
420 228
421 140
422 55
423 69
424 32
425 28
426 215
427 187
428 130
429 2
430 13
431 15
432 177
433 104
434 142
435 51
436 113
437 10
438 101
439 135
440 144
441 67
442 58
443 97
444 176
445 26
446 25
447 105
448 24
449 186
450 70
451 184
452 102
453 106
454 58
455 12
456 178
457 10
458 115
459 143
460 152
461 6
462 211
463 109
464 40
465 38
466 60
467 130
468 208
469 66
470 203
471 225
472 140
473 148
474 184
475 148
476 20
477 53
478 193
479 97
480 235
481 177
482 182
483 7
484 175
485 38
486 32
487 75
488 161
489 168
490 143
491 2
492 214
493 2
494 85
495 146
496 78
497 218
498 63
499 226
500 147
501 146
502 234
503 38
504 32
505 108
506 115
507 57
508 31
509 64
510 106
511 148
512 209
513 109
514 99
515 238
516 83
517 44
518 242
519 199
520 112
522 138
523 60
524 115
525 62
526 117
527 81
528 31
529 106
530 210
531 153
532 96
533 96
534 66
535 208
536 215
537 33
538 12
539 83
540 32
541 56
542 109
543 56
544 41
545 142
546 34
547 63
548 40
549 91
550 112
551 155
552 240
553 27
554 139
555 192
556 185
557 5
558 142
559 1
560 214
561 176
562 152
563 238
564 120
565 146
566 119
567 99
568 30
569 117
570 124
571 212
572 167
573 155
574 62
575 110
576 81
577 60
578 220
579 35
580 154
581 203
582 99
583 6
584 125
585 99
586 35
587 14
588 78
589 106
590 7
591 132
592 105
593 235
594 22
595 99
596 190
597 56
598 62
599 120
600 39
601 116
602 63
603 121
604 139
605 117
606 226
607 86
608 178
609 71
610 64
611 106
612 101
613 53
614 44
615 86
616 200
617 97
618 132
619 99
620 29
621 115
622 81
623 118
624 78
625 246
626 80
627 98
628 37
629 98
630 102
631 197
632 105
633 45
634 94
635 200
636 98
637 31
638 246
639 148
640 46
641 151
642 64
643 115
644 216
645 12
646 240
647 32
648 224
649 86
650 237
651 142
652 7
654 155
655 100
656 176
657 4
658 150
659 126
660 97
661 139
662 229
663 155
664 105
665 53
666 31
667 234
668 172
669 51
670 29
671 195
672 105
673 38
674 145
675 127
676 154
677 181
678 173
679 220
680 1
681 69
682 18
683 190
684 208
685 31
686 60
687 45
688 60
689 202
690 190
691 220
692 58
693 152
694 32
695 169
696 150
697 246
698 104
699 30
700 143
701 8
702 151
703 41
704 45
705 133
706 214
707 113
708 35
709 168
710 156
711 75
712 143
713 187
715 28
716 132
717 108
718 8
719 32
720 62
721 161
722 137
723 14
724 185
725 243
726 132
727 46
728 92
729 80
730 216
731 74
732 240
733 41
734 156
735 160
736 104
737 106
738 136
739 35
740 123
741 28
742 98
743 105
744 147
745 136
746 211
747 0
748 49
749 111
750 27
751 149
752 16
753 57
754 132
755 106
756 31
757 246
758 64
759 122
760 83
761 240
762 29
763 2
764 227
765 101
766 1
767 18
768 190
769 18
770 183
771 181
772 159
773 130
774 35
775 94
776 4
777 120
778 70
779 94
780 202
781 248
782 139
783 200
784 123
785 8
786 227
787 181
788 233
789 41
790 147
791 30
792 30
793 58
794 169
795 155
796 160
797 157
798 30
799 105
800 9
801 167
802 116
803 162
804 9
805 212
806 168
807 152
808 38
809 119
810 49
811 159
812 52
813 49
814 195
815 153
816 141
817 106
818 2
819 230
820 200
821 107
822 28
823 204
824 52
825 35
826 102
827 120
828 142
829 9
830 80
831 62
832 59
833 67
834 121
835 94
836 176
837 92
838 178
839 22
840 22
841 41
842 30
843 181
844 51
845 175
846 195
847 213
848 190
849 27
850 169
851 215
852 241
853 102
854 209
855 49
856 147
857 227
858 154
859 54
860 200
861 209
862 198
863 186
864 226
865 156
866 7
867 105
868 225
869 139
870 211
871 199
872 38
873 105
874 180
875 98
876 155
877 70
878 170
879 235
880 228
881 232
882 41
883 178
884 120
885 141
886 149
887 176
888 220
889 152
890 214
891 238
892 125
893 200
894 12
895 186
896 18
897 123
898 98
899 96
900 122
901 217
902 38
903 233
904 107
905 149
906 202
907 146
908 17
909 143
910 147
911 176
912 195
913 170
914 212
915 64
916 16
917 119
918 45
919 51
920 51
921 149
922 64
923 105
924 215
925 190
926 142
927 99
928 105
929 20
930 86
931 184
932 93
933 148
934 130
935 86
936 136
937 144
938 170
939 54
940 110
941 204
942 233
943 116
944 143
945 157
946 156
947 2
948 16
949 195
950 46
951 169
952 40
953 156
954 154
955 102
956 97
957 86
958 64
959 8
960 112
961 3
962 18
963 194
964 156
965 229
966 195
967 51
968 74
969 203
970 228
971 125
972 72
973 112
974 106
975 106
976 181
977 35
978 101
979 72
980 38
981 12
982 7
983 117
984 121
985 4
986 115
987 98
988 151
989 10
990 142
991 149
992 195
993 146
994 116
995 2
996 142
997 185
998 123
999 16
1000 22
1001 233
1002 113
1003 35
1004 62
1005 240
1006 93
1007 122
1008 41
1009 225
1010 198
1011 225
1012 204
1013 89
1014 35
1015 113
1016 74
1017 240
1018 47
1019 59
1020 156
1021 27
1022 132
1023 47
1024 220
1025 8
1026 148
1027 54
1028 111
1029 35
1030 30
1031 74
1032 42
1033 85
1034 155
1035 60
1036 214
1037 124
1038 155
1039 16
1040 20
1041 185
1042 24
1043 158
1044 125
1045 56
1046 86
1047 169
1048 25
1049 8
1050 141
1051 16
1052 106
1053 61
1054 32
1055 64
1056 139
1057 37
1058 53
1059 79
1060 246
1061 203
1062 66
1063 200
1064 45
1065 113
1066 62
1067 117
1068 126
1069 208
1070 227
1071 86
1072 53
1073 149
1074 223
1075 52
1076 108
1077 166
1078 14
1079 31
1080 118
1081 85
1082 158
1083 233
1084 2
1085 46
1086 140
1087 105
1088 51
1089 49
1090 72
1091 170
1092 146
1093 47
1094 110
1095 145
1096 24
1097 130
1098 222
1099 202
1100 135
1101 46
1102 202
1103 135
1104 77
1105 128
1106 163
1107 115
1108 88
1109 154
1110 19
1111 149
1112 226
1113 91
1114 14
1115 109
1116 10
1117 53
1118 184
1119 60
1120 146
1121 120
1122 209
1123 8
1124 62
1125 91
1126 26
1127 104
1128 192
1129 220
1130 41
1131 3
1132 142
1133 199
1134 151
1135 198
1136 74
1137 40
1138 211
1139 66
1140 94
1141 156
1142 228
1143 38
1144 244
1145 217
1146 229
1147 26
1148 190
1149 189
1150 226
1151 198
1152 28
1153 134
1154 53
1155 83
1156 195
1157 80
1158 175
1159 220
1160 98
1161 30
1162 86
1163 74
1164 1
1165 74
1166 66
1167 104
1168 41
1169 237
1170 82
1171 225
1172 172
1173 211
1174 243
1175 19
1176 107
1177 217
1178 174
1179 109
1180 21
1181 220
1182 54
1183 2
1184 39
1185 6
1186 83
1187 118
1188 226
1189 27
1190 41
1191 157
1192 41
1193 29
1194 231
1195 46
1196 170
1197 142
1198 126
1199 74
1200 25
1201 113
1202 16
1203 78
1204 41
1205 139
1206 9
1207 15
1208 7
1209 156
1210 2
1211 125
1212 190
1213 159
1214 142
1215 147
1216 93
1217 22
1218 173
1219 0
1220 28
1221 107
1222 80
1223 190
1224 66
1225 32
1226 149
1227 119
1228 155
1229 149
1230 1
1231 106
1232 37
1233 45
1234 82
1235 228
1236 159
1237 214
1238 29
1239 12
1240 48
1241 108
1242 222
1243 156
1244 238
1245 217
1246 38
1247 151
1248 118
1249 34
1250 45
1251 228
1252 175
1253 83
1254 213
1255 66
1256 28
1257 126
1258 205
1259 183
1260 30
1261 118
1262 198
1263 184
1264 200
1265 225
1266 126
1267 0
1268 66
1269 51
1270 169
1271 9
1272 246
1273 30
1274 200
1275 225
1277 93
1278 69
1279 28
1280 117
1281 123
1282 217
1283 3
1284 228
1285 220
1286 1
1287 168
1288 136
1289 53
1290 110
1291 139
1292 228
1293 235
1294 45
1295 35
1296 222
1297 118
1298 23
1299 30
1300 9
1301 85
1302 104
1303 208
1304 159
1305 209
1306 53
1307 41
1308 31
1309 246
1310 53
1311 60
1312 240
1313 155
1314 142
1315 32
1316 6
1317 74
1318 137
1319 247
1320 139
1321 33
1322 155
1323 212
1324 160
1325 6
1326 243
1327 112
1328 142
1329 60
1330 107
1331 146
1332 54
1333 113
1334 63
1335 63
1336 9
1337 245
1338 234
1339 123
1340 229
1341 214
1342 2
1343 37
1344 155
1345 145
1346 74
1347 112
1348 217
1349 24
1350 141
1351 202
1352 233
1353 235
1354 32
1355 194
1356 52
1357 15
1358 86
1359 77
1360 64
1361 82
1362 64
1363 118
1364 220
1365 248
1366 47
1367 69
1368 212
1369 165
1370 148
1371 186
1372 209
1373 40
1374 98
1375 58
1376 214
1377 117
1378 89
1379 54
1380 6
1381 108
1382 195
1383 32
1384 92
1385 224
1386 85
1387 233
1388 53
1389 16
1390 32
1391 125
1392 195
1393 48
1394 248
1396 75
1397 199
1398 159
1399 174
1400 24
1401 188
1402 205
1403 60
1404 41
1405 149
1406 217
1407 243
1408 215
1409 15
1410 115
1411 182
1412 215
1413 119
1414 187
1415 27
1416 238
1417 25
1418 112
1419 101
1420 32
1421 125
1422 239
1423 166
1424 246
1425 62
1426 30
1427 4
1428 185
1429 150
1430 203
1431 226
1432 150
1433 143
1434 123
1435 43
1436 48
1437 149
1438 132
1439 150
1440 30
1441 241
1442 198
1443 9
1444 182
1445 162
1446 159
1447 102
1448 110
1449 1
1450 102
1451 137
1452 188
1453 102
1454 81
1455 137
1456 47
1457 122
1458 122
1459 154
1460 12
1461 99
1463 16
1464 240
1465 101
1466 228
1467 102
1468 44
1469 119
1470 29
1471 88
1472 81
1473 4
1474 246
1475 188
1476 246
1477 235
1478 9
1479 98
1480 190
1481 160
1482 57
1483 54
1484 61
1485 158
1486 238
1487 176
1488 198
1489 41
1490 104
1491 217
1493 212
1494 98
1495 80
1496 217
1497 85
1498 64
1499 70
1500 240
1501 8
1502 217
1503 234
1504 54
1505 120
1506 90
1507 155
1508 9
1509 16
1510 53
1511 105
1512 51
1513 130
1514 64
1515 174
1516 25
1517 41
1518 206
1519 158
1520 120
1521 150
1522 205
1523 123
1524 230
1525 38
1526 241
1527 246
1528 7
1529 119
1530 107
1531 101
1532 158
1533 200
1534 79
1535 75
1536 106
1537 14
1538 126
1539 195
1540 174
1541 24
1542 14
1543 85
1544 74
1545 130
1546 6
1547 120
1548 222
1549 32
1550 103
1551 211
1552 54
1553 230
1554 104
1555 148
1556 122
1557 193
1558 20
1559 196
1560 40
1561 20
1562 131
1563 115
1564 154
1565 28
1566 115
1567 162
1568 134
1569 27
1570 195
1571 238
1572 51
1573 117
1574 189
1575 95
1576 246
1577 126
1578 137
1579 230
1580 33
1581 224
1582 132
1583 64
1584 62
1585 51
1586 53
1587 94
1588 246
1589 25
1590 14
1591 35
1592 170
1593 196
1594 62
1595 225
1596 214
1597 220
1598 181
1599 86
1600 64
1601 187
1602 14
1603 175
1604 9
1605 195
1606 56
1607 198
1608 106
1609 45
1610 221
1611 210
1612 30
1613 43
1614 56
1615 190
1616 246
1617 11
1618 30
1619 16
1620 230
1621 117
1622 49
1623 7
1624 233
1625 132
1626 143
1627 233
1628 149
1629 237
1630 190
1631 16
1632 243
1633 53
1634 23
1635 14
1636 190
1637 116
1638 153
1639 64
1640 4
1641 60
1642 248
1643 66
1644 60
1645 38
1646 112
1647 181
1648 53
1649 106
1650 123
1651 220
1652 209
1653 218
1654 2
1655 51
1656 1
1657 72
1658 217
1659 184
1660 193
1661 104
1662 64
1663 60
1664 223
1665 158
1666 54
1667 139
1668 197
1669 46
1670 118
1671 82
1672 19
1673 218
1674 214
1675 93
1676 208
1677 96
1678 150
1679 106
1680 86
1681 140
1682 72
1683 0
1684 132
1685 24
1686 143
1687 217
1688 53
1689 243
1690 2
1691 6
1692 83
1693 110
1694 160
1695 133
1696 190
1697 248
1698 152
1699 246
1700 106
1701 238
1702 174
1703 11
1704 218
1705 135
1706 60
1707 231
1708 102
1709 119
1710 63
1711 181
1712 204
1713 162
1714 52
1715 240
1716 20
1717 31
1718 117
1719 148
1720 66
1721 58
1722 38
1723 200
1725 120
1726 151
1727 51
1728 66
1729 28
1730 64
1731 227
1732 63
1733 66
1734 115
1735 227
1736 6
1737 131
1738 108
1739 194
1740 227
1741 95
1742 102
1743 234
1744 149
1745 4
1746 214
1747 154
1748 146
1749 131
1750 246
1751 41
1752 1
1753 246
1754 83
1755 166
1756 59
1757 30
1758 230
1759 184
1760 83
1761 110
1762 238
1763 195
1764 60
1765 240
1766 196
1767 157
1768 154
1770 241
1771 214
1772 125
1773 20
1774 24
1775 198
1776 4
1777 155
1778 238
1779 223
1780 157
1781 149
1782 72
1783 41
1784 199
1785 160
1786 189
1787 98
1788 139
1789 18
1790 57
1791 159
1792 125
1793 31
1794 41
1795 58
1796 200
1797 243
1798 122
1799 174
1800 90
1801 249
1802 11
1803 147
1804 232
1805 182
1806 233
1807 60
1808 14
1809 133
1810 20
1811 164
1812 53
1813 51
1814 133
1815 98
1816 142
1817 230
1818 46
1819 121
1820 163
1821 195
1822 247
1823 4
1824 98
1825 181
1826 210
1827 92
1828 235
1829 26
1830 9
1831 150
1832 143
1833 85
1834 174
1835 139
1836 9
1837 82
1838 40
1839 2
1840 154
1841 79
1842 112
1843 53
1844 53
1845 136
1846 70
1847 105
1848 201
1849 48
1850 14
1851 202
1852 49
1853 60
1854 147
1855 217
1856 30
1857 54
1858 64
1859 217
1860 7
1861 64
1862 47
1863 4
1864 245
1865 246
1866 105
1867 49
1868 41
1869 233
1870 58
1871 181
1872 166
1873 20
1874 29
1875 54
1876 54
1877 10
1878 37
1879 202
1881 121
1882 49
1883 215
1884 41
1885 209
1886 127
1887 86
1888 221
1889 145
1890 2
1891 54
1892 105
1893 160
1894 136
1895 118
1896 225
1897 143
1898 109
1899 139
1900 211
1901 6
1902 126
1903 104
1904 106
1905 28
1906 169
1907 166
1908 120
1909 29
1910 49
1911 32
1912 45
1913 102
1914 102
1915 15
1916 10
1917 130
1918 194
1919 230
1920 209
1921 95
1922 58
1923 154
1924 217
1925 95
1926 240
1927 94
1928 221
1929 24
1930 139
1931 98
1932 1
1933 23
1934 212
1935 1
1936 59
1937 66
1938 214
1939 171
1940 200
1941 74
1942 11
1943 126
1944 196
1945 196
1946 15
1947 20
1948 122
1949 174
1950 154
1951 120
1952 40
1953 240
1954 62
1955 86
1956 166
1957 217
1958 74
1959 245
1960 51
1961 126
1962 149
1963 197
1964 205
1965 16
1966 209
1967 170
1968 245
1969 207
1970 53
1971 174
1972 28
1973 67
1974 72
1975 130
1976 131
1977 226
1978 43
1979 84
1980 225
1981 123
1982 74
1983 168
1984 229
1985 178
1986 123
1987 28
1988 238
1989 142
1990 102
1991 238
1992 9
1993 238
1994 89
1995 43
1996 2
1997 24
1998 28
1999 83
2000 164
2001 1
2002 70
2003 63
2004 106
2005 240
2006 86
2007 116
2008 230
2009 51
2010 198
2011 74
2012 106
2013 174
2014 166
2015 222
2016 7
2017 139
2018 125
2019 18
2020 212
2021 169
2022 98
2023 214
2024 41
2025 121
2026 107
2027 159
2028 228
2029 231
2030 77
2031 112
2032 35
2033 23
2034 22
2035 190
2036 1
2037 192
2038 45
2039 83
2040 108
2041 14
2042 154
2043 165
2044 220
2045 160
2046 101
2047 6
2048 107
2049 109
2050 140
2051 105
2052 105
2053 95
2054 234
2055 85
2056 200
2057 116
2058 198
2059 2
2060 112
2061 154
2062 6
2063 166
2064 198
2065 104
2066 9
2067 43
2068 114
2069 96
2070 99
2071 41
2072 90
2073 231
2074 26
2075 137
2076 97
2077 96
2078 74
2079 212
2080 95
2081 102
2082 33
2083 74
2084 32
2085 211
2086 2
2087 220
2088 170
2089 41
2090 25
2091 233
2092 7
2093 24
2094 225
2095 26
2096 19
2097 169
2098 159
2099 152
2100 105
2101 233
2102 156
2103 195
2104 195
2105 238
2106 106
2107 246
2108 225
2109 106
2110 235
2111 23
2112 144
2113 105
2114 126
2115 220
2116 32
2117 243
2118 220
2119 60
2120 14
2121 230
2122 16
2123 166
2124 195
2125 117
2126 227
2127 218
2128 80
2129 160
2130 158
2131 139
2132 166
2133 187
2134 120
2135 107
2136 1
2137 56
2138 45
2139 221
2140 15
2141 23
2142 198
2143 29
2144 40
2145 41
2146 31
2147 11
2148 60
2149 220
2150 129
2151 155
2152 182
2153 46
2154 40
2155 248
2156 211
2157 231
2158 220
2159 60
2160 71
2161 152
2162 213
2163 152
2164 226
2165 14
2166 139
2167 155
2168 32
2169 142
2170 186
2171 54
2172 62
2173 174
2174 227
2175 187
2176 1
2177 228
2178 12
2179 85
2180 102
2181 211
2182 15
2183 49
2184 159
2185 241
2186 234
2187 74
2188 154
2189 76
2190 140
2191 54
2192 147
2193 24
2194 66
2195 206
2196 217
2197 235
2198 41
2199 43
2200 66
2201 118
2202 106
2203 121
2204 88
2205 25
2206 235
2207 107
2208 37
2209 215
2211 54
2212 129
2213 56
2214 121
2215 47
2216 80
2217 240
2218 198
2219 238
2220 149
2221 82
2222 199
2223 246
2224 61
2225 105
2226 28
2227 35
2228 94
2229 130
2230 7
2231 43
2232 92
2233 62
2234 32
2235 28
2236 142
2237 43
2238 217
2239 61
2240 205
2241 209
2242 33
2243 174
2244 106
2245 217
2246 102
2247 47
2248 157
2249 193
2250 201
2251 63
2252 106
2253 145
2254 126
2255 159
2256 2
2257 86
2258 142
2260 145
2261 225
2262 119
2263 99
2264 49
2265 190
2266 220
2267 235
2268 230
2269 3
2270 107
2271 198
2272 106
2273 53
2274 211
2275 41
2276 130
2277 176
2278 97
2279 244
2280 41
2281 15
2282 205
2283 187
2284 37
2285 229
2286 166
2287 229
2288 19
2289 199
2290 229
2291 192
2292 66
2293 225
2294 119
2295 55
2296 24
2297 134
2298 80
2299 23
2300 211
2301 171
2302 86
2303 54
2304 222
2305 240
2306 31
2307 174
2309 20
2310 149
2311 171
2312 60
2313 190
2314 119
2315 227
2316 238
2317 193
2318 53
2319 214
2320 106
2321 85
2322 106
2323 122
2324 14
2325 106
2327 12
2328 121
2329 22
2330 136
2331 122
2332 192
2333 74
2334 53
2335 116
2336 211
2337 160
2338 113
2339 89
2340 63
2341 140
2342 1
2343 235
2344 30
2345 232
2346 214
2347 122
2348 115
2349 18
2350 38
2351 112
2352 149
2353 24
2354 30
2355 216
2356 200
2357 62
2358 24
2359 137
2360 119
2361 174
2362 154
2363 246
2364 180
2365 212
2366 37
2367 234
2368 92
2369 122
2370 4
2371 101
2372 238
2373 206
2374 53
2375 45
2376 15
2377 174
2378 220
2379 72
2380 215
2382 72
2383 107
2384 74
2385 86
2386 33
2387 98
2388 122
2389 2
2390 1
2391 20
2392 106
2393 61
2394 53
2395 170
2396 51
2397 41
2398 123
2399 233
2400 47
2401 246
2402 119
2403 37
2404 133
2405 43
2406 220
2407 154
2408 199
2409 41
2410 86
2411 1
2412 15
2413 86
2414 104
2415 134
2416 113
2417 81
2418 228
2419 2
2420 12
2421 72
2422 187
2423 155
2424 116
2425 246
2426 240
2427 133
2428 47
2429 2
2430 166
2431 165
2432 120
2433 201
2434 2
2435 1
2436 72
2437 29
2438 80
2439 29
2440 219
2441 30
2442 217
2443 139
2444 200
2445 239
2446 41
2447 214
2448 123
2449 14
2450 46
2451 173
2452 6
2453 246
2454 211
2455 31
2456 105
2457 105
2458 16
2459 139
2460 126
2461 19
2462 178
2463 159
2464 160
2465 68
2466 121
2467 121
2468 51
2469 175
2470 214
2471 19
2472 54
2473 15
2474 86
2475 93
2476 159
2477 106
2478 196
2479 96
2480 88
2481 118
2482 126
2483 227
2484 125
2485 99
2486 159
2487 157
2488 1
2489 99
2490 106
2491 101
2492 62
2493 139
2494 106
2495 146
2496 116
2497 112
2498 125
2499 190
2500 64
2501 147
2503 39
2504 86
2505 66
2506 10
2507 110
2508 53
2509 2
2510 1
2511 1
2512 107
2513 117
2514 115
2515 225
2516 120
2517 144
2518 134
2519 209
2520 214
2521 74
2522 238
2523 129
2524 240
2525 139
2526 110
2527 123
2528 53
2529 113
2530 178
2531 243
2532 72
2533 49
2534 217
2535 231
2536 120
2537 119
2538 211
2539 86
2540 30
2541 2
2542 2
2543 240
2544 72
2545 48
2546 233
2547 2
2548 150
2549 126
2550 245
2551 47
2552 147
2553 174
2554 211
2555 150
2556 240
2557 123
2558 3
2559 18
2560 240
2561 176
2562 79
2563 1
2564 24
2565 96
2566 14
2567 166
2568 12
2569 4
2570 156
2571 104
2572 142
2573 97
2574 217
2575 241
2576 86
2577 63
2578 203
2579 246
2580 246
2581 37
2582 122
2583 233
2584 246
2585 46
2586 149
2587 69
2588 231
2589 157
2590 84
2591 126
2592 181
2593 24
2595 30
2596 184
2597 29
2598 107
2599 180
2600 14
2601 43
2602 122
2603 199
2604 125
2605 153
2606 218
2608 222
2609 105
2610 86
2611 248
2612 74
2613 26
2614 196
2615 80
2616 240
2617 208
2618 54
2619 220
2620 59
2621 105
2622 222
2623 238
2624 28
2625 243
2626 54
2627 60
2628 81
2629 125
2630 121
2631 144
2632 228
2633 174
2634 171
2635 4
2636 47
2637 86
2638 97
2639 227
2640 225
2641 159
2642 16
2643 37
2644 41
2645 82
2646 29
2647 116
2648 202
2649 195
2650 79
2651 66
2652 30
2653 9
2654 14
2655 60
2656 116
2657 155
2658 140
2659 203
2660 209
2661 123
2662 176
2663 26
2665 1
2666 227
2667 169
2668 240
2669 149
2670 211
2671 139
2672 0
2673 116
2674 229
2675 233
2676 201
2677 41
2678 64
2679 132
2680 119
2681 209
2682 70
2683 154
2684 38
2685 106
2686 43
2687 80
2688 211
2689 53
2690 51
2691 188
2692 47
2693 86
2694 16
2695 99
2696 24
2697 137
2698 54
2699 134
2700 2
2701 64
2702 30
2703 214
2704 209
2705 204
2706 116
2707 126
2708 4
2709 121
2710 147
2711 157
2712 64
2713 22
2714 123
2715 166
2716 211
2717 45
2718 217
2719 228
2720 60
2721 17
2722 201
2723 80
2724 35
2725 209
2727 118
2728 41
2729 60
2730 79
2731 193
2732 32
2733 242
2734 102
2735 64
2736 161
2737 210
2738 29
2739 152
2740 104
2741 246
2742 24
2743 8
2744 117
2745 110
2746 189
2747 98
2748 123
2749 243
2750 147
2751 245
2752 106
2753 117
2754 53
2755 181
2756 96
2757 30
2758 235
2759 125
2760 53
2761 199
2762 106
2763 54
2764 228
2765 240
2766 16
2767 96
2768 85
2769 16
2770 60
2771 162
2773 174
2774 29
2775 123
2776 146
2777 200
2778 235
2779 211
2780 121
2781 106
2782 139
2783 113
2784 143
2785 53
2786 19
2787 20
2788 1
2789 140
2790 193
2791 149
2792 119
2793 79
2794 235
2795 198
2796 45
2797 45
2798 107
2799 110
2800 217
2801 240
2802 147
2803 29
2804 38
2805 228
2806 188
2807 2
2808 52
2809 101
2810 14
2811 54
2812 108
2813 53
2814 72
2815 0
2816 208
2817 79
2818 149
2819 145
2820 195
2821 31
2822 234
2823 106
2824 40
2825 1
2826 117
2827 29
2828 192
2829 116
2830 69
2831 174
2832 117
2833 4
2834 65
2835 201
2836 65
2837 243
2838 170
2839 240
2840 111
2841 249
2842 206
2843 154
2844 69
2845 66
2846 15
2847 17
2848 56
2849 217
2850 12
2851 86
2852 104
2853 123
2854 19
2855 246
2856 123
2857 198
2858 122
2859 23
2860 143
2861 77
2862 113
2863 122
2864 246
2865 8
2866 66
2867 215
2868 218
2869 122
2870 211
2871 157
2872 102
2873 28
2874 235
2875 218
2876 174
2877 98
2878 116
2879 107
2880 15
2881 85
2882 139
2883 122
2884 187
2885 240
2886 225
2887 119
2888 203
2889 198
2890 10
2891 240
2892 53
2893 217
2894 8
2895 58
2896 109
2897 61
2898 45
2899 212
2900 233
2901 106
2902 219
2903 8
2904 83
2905 166
2906 95
2907 66
2908 186
2909 147
2910 226
2911 1
2912 147
2913 235
2914 160
2915 33
2916 170
2917 246
2918 61
2919 170
2920 37
2921 204
2922 246
2923 52
2924 134
2925 111
2926 72
2927 91
2928 149
2929 24
2930 222
2931 243
2932 14
2933 105
2934 220
2935 217
2936 31
2937 139
2938 182
2939 149
2940 230
2941 61
2942 112
2943 14
2944 102
2945 225
2946 147
2947 120
2948 56
2949 123
2950 46
2951 47
2952 246
2953 240
2954 156
2955 32
2956 235
2957 230
2958 162
2960 159
2961 190
2962 24
2963 108
2964 119
2965 80
2966 192
2967 122
2968 54
2969 150
2970 240
2971 23
2972 24
2973 119
2974 62
2975 122
2976 35
2977 7
2978 53
2979 74
2980 63
2981 105
2982 85
2983 246
2984 82
2985 246
2986 195
2987 178
2988 61
2989 113
2990 119
2991 79
2992 54
2993 53
2994 235
2995 14
2996 198
2997 235
2998 240
2999 217
3000 97
3001 99
3002 41
3003 123
3004 150
3005 49
3006 198
3007 159
3008 174
3009 106
3010 2
3011 200
3012 19
3013 164
3014 159
3015 113
3016 139
3017 245
3018 159
3019 243
3020 56
3021 44
3022 43
3023 51
3024 227
3025 25
3027 240
3028 95
3029 56
3030 122
3031 53
3032 95
3033 220
3034 62
3035 1
3036 147
3037 154
3038 1
3039 118
3040 1
3041 112
3042 220
3043 62
3044 174
3045 29
3046 171
3047 105
3048 181
3049 111
3050 233
3051 23
3052 104
3053 16
3054 105
3055 231
3056 245
3057 64
3058 240
3059 23
3060 142
3062 99
3063 3
3064 107
3065 195
3066 223
3067 116
3068 122
3069 95
3070 235
3071 170
3072 69
3073 119
3074 75
3075 190
3076 116
3077 3
3078 59
3079 30
3080 174
3081 225
3082 97
3083 134
3084 26
3085 187
3086 41
3087 158
3088 135
3089 53
3090 37
3091 155
3092 30
3093 112
3094 102
3095 227
3096 117
3097 156
3098 198
3099 85
3100 120
3101 168
3102 24
3103 150
3104 107
3105 122
3106 86
3107 220
3108 15
3109 246
3110 27
3111 150
3112 230
3113 14
3114 246
3115 212
3116 131
3117 106
3118 149
3119 161
3120 10
3121 160
3122 159
3123 150
3124 30
3125 90
3126 121
3127 53
3128 24
3129 150
3130 155
3131 235
3132 110
3133 40
3134 48
3135 119
3136 24
3137 150
3138 66
3139 220
3140 117
3141 51
3142 132
3143 66
3144 106
3145 14
3146 99
3147 209
3148 33
3149 225
3150 25
3151 13
3152 14
3153 113
3154 204
3155 17
3156 159
3157 227
3158 30
3159 139
3160 106
3161 201
3162 174
3163 98
3164 104
3165 14
3166 38
3167 146
3168 225
3169 10
3170 246
3171 25
3172 154
3173 97
3174 183
3175 66
3176 211
3177 44
3178 241
3179 55
3180 139
3181 77
3182 4
3183 122
3184 117
3185 24
3186 115
3187 125
3188 95
3189 235
3190 115
3191 231
3192 235
3193 2
3194 160
3195 120
3196 98
3197 62
3198 29
3199 14
3200 154
3201 122
3202 105
3203 172
3204 107
3205 206
3206 240
3207 132
3208 160
3209 107
3210 122
3211 169
3212 24
3213 117
3214 235
3215 209
3216 166
3217 235
3218 34
3219 67
3220 6
3221 246
3222 245
3223 66
3224 233
3225 92
3226 166
3227 53
3228 4
3229 30
3230 57
3231 102
3232 235
3233 60
3234 10
3235 120
3236 240
3237 192
3238 121
3239 11
3240 137
3241 98
3242 32
3243 55
3244 66
3245 143
3246 105
3247 246
3248 240
3249 229
3250 159
3251 235
3252 155
3253 160
3254 238
3255 19
3256 231
3257 219
3258 63
3259 19
3260 27
3261 95
3262 235
3263 69
3264 41
3265 139
3267 85
3268 79
3269 4
3270 116
3271 16
3272 204
3273 54
3274 198
3275 53
3276 105
3277 198
3278 174
3279 225
3280 41
3281 235
3282 199
3283 1
3284 166
3285 54
3286 150
3287 89
3288 53
3289 97
3290 195
3291 198
3292 23
3293 214
3294 117
3295 125
3296 74
3297 243
3298 72
3299 119
3300 174
3301 107
3302 233
3303 51
3304 240
3305 150
3306 74
3307 98
3308 154
3309 246
3310 214
3311 7
3312 4
3313 119
3314 90
3315 93
3316 16
3317 24
3318 1
3319 171
3320 139
3321 190
3322 123
3323 194
3324 109
3325 134
3326 35
3327 209
3328 107
3329 162
3330 137
3331 66
3332 187
3333 122
3334 30
3335 152
3336 190
3337 119
3338 122
3339 121
3340 139
3341 190
3342 2
3343 243
3344 105
3345 134
3346 58
3347 153
3348 184
3349 110
3350 110
3351 220
3352 53
3353 23
3354 16
3355 211
3356 4
3357 83
3358 173
3359 1
3360 66
3361 199
3362 243
3363 211
3364 220
3365 35
3366 248
3367 40
3368 63
3369 245
3370 150
3371 154
3372 43
3373 99
3374 246
3375 17
3376 209
3377 217
3378 162
3379 48
3380 139
3381 62
3382 66
3383 198
3384 246
3385 211
3386 60
3387 105
3388 119
3389 66
3390 117
3391 69
3392 106
3393 154
3394 195
3395 2
3396 105
3397 30
3398 142
3399 132
3400 4
3401 80
3402 160
3403 8
3405 188
3406 79
3407 181
3408 243
3409 41
3410 117
3411 9
3412 104
3413 9
3414 113
3415 195
3416 212
3417 115
3418 174
3419 107
3420 120
3421 10
3422 219
3423 240
3424 51
3425 53
3426 30
3427 60
3428 123
3429 1
3430 119
3431 174
3432 43
3433 166
3434 109
3435 171
3436 25
3437 16
3438 240
3439 176
3440 92
3441 127
3442 149
3443 29
3444 22
3445 101
3446 116
3447 74
3448 62
3449 199
3450 51
3451 113
3452 8
3454 72
3455 163
3456 41
3457 124
3458 74
3459 195
3460 126
3461 185
3462 64
3463 194
3464 20
3465 38
3466 122
3467 2
3468 113
3469 79
3470 199
3471 53
3472 171
3473 191
3474 140
3475 150
3476 35
3477 4
3478 185
3479 27
3480 116
3481 28
3482 242
3483 51
3484 192
3485 106
3486 1
3487 150
3488 75
3489 41
3490 230
3491 184
3493 43
3494 106
3495 247
3496 104
3497 23
3498 43
3499 1
3500 75
3501 130
3502 112
3503 53
3504 29
3505 90
3506 30
3507 154
3508 123
3509 192
3510 41
3511 92
3512 159
3513 182
3514 161
3515 48
3516 90
3517 113
3519 240
3520 240
3521 66
3522 104
3523 142
3525 198
3526 245
3527 25
3528 188
3529 131
3530 9
3531 227
3532 235
3533 57
3534 97
3535 57
3536 132
3537 176
3538 2
3539 41
3540 170
3541 150
3542 42
3543 209
3544 41
3545 105
3546 112
3547 119
3548 106
3549 240
3550 129
3551 209
3552 173
3553 184
3554 32
3555 246
3556 204
3557 209
3558 1
3559 116
3560 75
3561 120
3562 144
3563 1
3564 66
3565 8
3566 109
3567 149
3568 8
3569 75
3570 10
3571 229
3572 89
3573 203
3575 227
3576 174
3577 24
3578 82
3579 150
3580 117
3581 169
3582 30
3583 230
3584 107
3585 235
3586 122
3587 243
3588 106
3589 195
3590 53
3591 117
3592 204
3593 59
3594 174
3595 102
3596 99
3597 79
3598 240
3599 10
3600 62
3601 103
3602 92
3603 244
3604 220
3605 198
3606 38
3607 29
3608 79
3609 110
3610 41
3611 105
3612 152
3613 71
3614 230
3615 149
3616 174
3617 43
3618 169
3619 230
3620 62
3621 95
3622 105
3623 245
3624 30
3625 218
3626 66
3627 204
3628 204
3629 20
3630 117
3631 230
3632 182
3633 223
3634 62
3636 17
3637 47
3638 199
3639 181
3640 14
3641 143
3642 2
3644 230
3645 195
3646 10
3647 246
3648 119
3649 195
3650 88
3651 214
3652 43
3653 112
3654 246
3655 53
3656 53
3657 107
3658 41
3659 98
3660 243
3661 156
3662 79
3663 29
3664 85
3665 196
3666 220
3667 112
3668 156
3669 199
3670 238
3671 29
3672 39
3673 123
3674 120
3675 1
3676 14
3677 48
3678 72
3679 43
3680 79
3681 202
3682 150
3683 243
3684 86
3685 10
3686 62
3688 41
3689 95
3690 164
3691 23
3692 105
3693 20
3694 244
3695 235
3696 74
3697 104
3698 126
3699 79
3700 10
3701 56
3702 105
3703 162
3704 24
3705 132
3706 60
3707 122
3708 117
3709 233
3710 139
3711 25
3712 110
3713 33
3714 43
3715 4
3716 74
3717 123
3719 159
3720 98
3721 105
3722 10
3723 119
3724 235
3725 195
3726 9
3727 35
3728 130
3729 134
3730 85
3731 30
3732 108
3733 119
3734 174
3735 122
3736 240
3737 125
3738 155
3739 198
3740 152
3741 176
3742 79
3743 7
3744 210
3745 53
3746 246
3747 86
3748 54
3749 235
3750 200
3751 41
3752 211
3753 52
3754 195
3755 86
3756 198
3757 230
3758 199
3759 98
3760 246
3761 53
3762 220
3763 156
3764 53
3765 2
3766 186
3767 99
3768 235
3769 79
3770 1
3771 245
3772 233
3773 41
3774 107
3775 180
3776 51
3777 217
3778 41
3779 218
3780 119
3781 197
3782 24
3783 55
3784 147
3785 246
3786 139
3787 154
3788 64
3789 100
3790 32
3791 164
3792 56
3793 15
3794 15
3795 170
3796 60
3797 195
3798 121
3799 53
3800 240
3801 107
3802 233
3803 195
3804 150
3805 106
3806 160
3807 234
3808 218
3809 29
3811 194
3812 41
3813 24
3814 3
3815 121
3816 109
3817 108
3818 184
3819 1
3820 219
3821 1
3822 75
3823 159
3824 240
3825 31
3826 166
3827 240
3828 1
3829 66
3830 147
3831 240
3832 35
3833 41
3834 5
3835 19
3836 197
3837 142
3838 15
3839 240
3840 156
3841 137
3842 66
3843 133
3844 106
3845 157
3846 42
3847 14
3848 106
3849 227
3850 192
3851 195
3852 195
3853 51
3854 154
3855 160
3856 147
3857 19
3858 53
3859 230
3860 235
3861 227
3862 94
3863 14
3864 51
3865 227
3866 149
3867 176
3868 41
3869 149
3870 107
3871 14
3872 24
3873 77
3874 238
3875 158
3876 142
3877 53
3878 182
3879 20
3880 20
3881 158
3882 97
3883 106
3884 41
3885 77
3886 236
3887 246
3888 160
3889 95
3890 51
3891 46
3892 240
3893 117
3894 53
3895 25
3896 38
3897 139
3898 243
3899 211
3901 224
3902 112
3903 195
3904 125
3905 175
3906 112
3907 15
3908 225
3909 170
3910 160
3911 240
3912 149
3913 181
3914 25
3915 240
3916 1
3917 199
3918 51
3919 51
3920 41
3921 69
3922 227
3923 30
3924 4
3925 79
3926 139
3927 154
3928 122
3929 164
3930 154
3931 11
3932 202
3933 97
3934 122
3935 98
3936 85
3938 150
3939 179
3940 143
3941 203
3943 123
3944 198
3945 171
3946 51
3947 186
3948 29
3949 230
3950 105
3951 152
3952 218
3953 106
3954 181
3955 60
3956 16
3957 70
3958 198
3959 186
3960 121
3961 55
3962 121
3963 41
3964 79
3965 35
3966 240
3967 246
3968 110
3969 174
3970 62
3971 35
3972 235
3973 221
3974 154
3975 56
3976 113
3977 7
3978 51
3979 125
3980 41
3981 233
3982 79
3983 235
3984 90
3985 1
3986 31
3987 1
3988 62
3989 112
3990 53
3991 117
3992 105
3993 188
3994 198
3995 1
3996 185
3997 195
3998 109
3999 16
4000 240
4001 166
4002 119
4003 119
4004 4
4005 193
4006 7
4007 240
4008 14
4009 200
4010 29
4011 70
4012 217
4013 235
4014 217
4015 195
4016 157
4017 60
4018 158
4019 14
4020 235
4021 107
4022 122
4023 98
4024 121
4025 136
4026 112
4027 2
4028 21
4029 51
4030 10
4031 32
4032 167
4033 7
4034 43
4035 61
4036 160
4037 240
4038 183
4039 174
4040 116
4041 158
4042 162
4043 62
4044 172
4045 53
4046 217
4047 60
4048 18
4049 198
4050 32
4051 109
4052 51
4053 53
4054 122
4055 212
4056 104
4057 79
4058 223
4059 120
4060 105
4061 230
4062 40
4063 235
4064 87
4065 235
4066 174
4067 98
4068 38
4069 97
4070 105
4071 179
4072 4
4073 133
4074 195
4075 149
4076 131
4077 79
4078 238
4079 217
4080 55
4081 14
4082 107
4083 4
4084 168
4085 48
4086 161
4087 211
4088 231
4089 113
4090 195
4091 97
4092 41
4093 72
4094 97
4095 48
4096 9
4097 246
4098 4
4100 98
4101 149
4102 211
4103 119
4104 38
4105 240
4106 229
4107 10
4108 41
4109 53
4110 58
4111 74
4112 31
4113 105
4114 40
4115 149
4116 77
4117 51
4118 160
4119 238
4120 140
4121 106
4122 47
4123 41
4124 149
4125 24
4126 140
4127 69
4128 165
4129 235
4130 56
4131 64
4132 95
4133 106
4134 170
4135 235
4137 119
4138 240
4139 233
4140 86
4141 60
4142 195
4143 122
4144 41
4145 203
4146 16
4147 107
4148 51
4149 215
4150 235
4151 206
4152 28
4153 119
4154 99
4155 39
4156 51
4157 104
4158 79
4159 51
4160 240
4161 53
4162 79
4163 53
4164 40
4165 53
4166 195
4167 174
4168 93
4169 93
4170 1
4171 109
4172 225
4173 43
4174 9
4175 214
4176 210
4177 215
4178 17
4179 119
4180 195
4181 1
4182 198
4183 53
4184 203
4185 117
4186 139
4187 53
4188 181
4189 95
4190 64
4191 96
4192 66
4193 107
4194 158
4195 53
4196 209
4197 72
4198 191
4199 36
4200 85
4201 223
4202 98
4203 190
4204 105
4205 107
4206 242
4207 198
4208 113
4209 139
4210 119
4211 154
4212 133
4213 217
4214 41
4215 96
4216 51
4217 95
4218 19
4219 119
4220 195
4221 160
4222 209
4223 166
4224 93
4225 193
4226 211
4227 109
4228 16
4229 117
4230 195
4231 122
4232 211
4233 168
4234 33
4235 113
4236 82
4237 95
4238 235
4239 132
4240 107
4241 113
4242 107
4243 14
4244 77
4245 107
4246 54
4247 8
4248 156
4249 229
4250 150
4251 105
4252 12
4253 198
4254 170
4255 195
4256 79
4257 14
4258 113
4259 119
4260 117
4261 98
4262 235
4263 53
4264 120
4265 48
4266 176
4267 62
4268 186
4269 167
4270 137
4272 113
4273 174
4274 37
4275 74
4276 62
4277 235
4278 53
4279 122
4280 206
4281 140
4282 195
4283 41
4284 168
4285 212
4286 248
4287 51
4288 246
4289 4
4290 160
4291 98
4292 99
4293 209
4294 195
4295 240
4296 143
4297 226
4298 158
4299 198
4300 1
4301 60
4302 115
4303 171
4304 204
4305 4
4306 235
4307 62
4308 7
4309 248
4310 198
4311 150
4312 107
4313 124
4314 1
4315 49
4316 103
4317 225
4318 230
4319 41
4320 53
4321 190
4322 41
4323 214
4324 200
4325 235
4326 51
4327 2
4328 174
4329 62
4330 41
4331 231
4332 69
4333 17
4334 235
4335 246
4336 19
4337 165
4338 61
4339 240
4340 194
4341 1
4342 109
4343 121
4344 12
4345 228
4346 246
4347 240
4348 14
4349 107
4350 246
4351 15
4352 41
4353 211
4354 95
4355 14
4356 219
4357 119
4358 160
4359 186
4360 88
4361 120
4362 79
4363 199
4364 239
4365 246
4366 3
4367 174
4369 204
4370 81
4371 66
4372 119
4373 217
4374 59
4375 203
4376 62
4377 217
4378 199
4379 107
4380 113
4381 106
4382 211
4383 209
4384 43
4385 219
4386 116
4387 180
4388 41
4389 246
4390 246
4391 14
4392 98
4393 246
4394 240
4395 166
4396 119
4397 224
4398 217
4399 243
4400 193
4401 246
4402 169
4403 235
4404 41
4405 1
4406 51
4407 156
4408 43
4409 37
4410 209
4411 107
4412 166
4413 1
4415 41
4416 48
4417 16
4418 10
4419 122
4420 45
4421 2
4422 8
4423 217
4424 162
4425 37
4426 199
4427 246
4428 193
4429 7
4430 127
4431 235
4432 240
4433 67
4434 9
4435 150
4436 240
4437 15
4439 217
4440 79
4441 221
4442 29
4443 117
4444 118
4445 207
4446 116
4447 115
4448 105
4449 217
4450 41
4451 148
4452 83
4453 112
4454 190
4455 211
4456 23
4457 19
4458 184
4459 228
4460 235
4461 235
4462 107
4463 244
4464 60
4465 106
4466 79
4467 53
4468 154
4469 122
4470 225
4471 155
4472 66
4473 240
4474 150
4475 211
4476 228
4477 161
4479 10
4480 31
4481 195
4482 2
4483 212
4484 62
4485 95
4486 51
4487 230
4488 150
4489 186
4490 51
4491 86
4492 41
4493 98
4494 106
4495 217
4496 170
4497 25
4498 53
4499 86
4500 112
4501 73
4502 211
4503 150
4504 41
4505 240
4506 238
4507 97
4508 150
4509 20
4510 154
4511 230
4512 247
4513 20
4514 195
4515 158
4516 240
4517 122
4518 199
4519 95
4520 190
4521 4
4522 2
4523 184
4524 214
4525 95
4526 86
4527 173
4528 64
4529 198
4530 52
4531 245
4532 125
4533 14
4534 64
4535 35
4536 41
4537 48
4538 107
4539 198
4540 129
4541 246
4542 150
4543 235
4544 174
4545 217
4546 198
4547 240
4548 45
4550 211
4551 75
4552 20
4553 109
4554 198
4555 119
4556 105
4557 104
4558 202
4559 136
4560 119
4561 118
4562 113
4563 218
4564 110
4565 240
4566 106
4567 150
4568 83
4569 5
4570 51
4571 41
4572 79
4573 246
4574 98
4575 30
4576 240
4577 235
4578 231
4579 159
4580 74
4581 119
4582 159
4583 123
4584 235
4585 186
4586 41
4587 137
4588 62
4589 240
4590 198
4591 156
4592 41
4593 126
4594 215
4595 19
4596 51
4598 82
4599 95
4600 43
4601 110
4602 29
4603 109
4604 240
4605 184
4606 170
4607 41
4608 41
4609 29
4610 1
4611 169
4612 235
4613 176
4614 246
4615 195
4616 235
4617 14
4618 79
4619 221
4620 240
4621 31
4622 71
4623 243
4624 24
4625 60
4626 53
4627 6
4628 31
4629 53
4630 4
4631 62
4632 98
4633 198
4634 235
4635 105
4636 129
4637 113
4638 19
4639 149
4640 169
4641 112
4642 17
4643 235
4644 28
4645 223
4646 56
4647 1
4648 235
4649 41
4650 235
4651 20
4652 123
4653 164
4654 14
4655 85
4656 76
4657 35
4658 1
4659 66
4660 51
4661 41
4662 20
4663 14
4664 150
4665 120
4666 53
4667 29
4668 14
4669 62
4670 243
4671 246
4672 230
4673 157
4674 162
4675 246
4676 18
4677 173
4678 246
4679 150
4680 131
4681 159
4682 106
4683 10
4684 240
4685 51
4686 246
4687 14
4688 215
4689 160
4690 19
4691 143
4692 64
4693 240
4694 240
4695 62
4696 90
4697 32
4698 142
4699 217
4700 188
4701 6
4702 120
4703 119
4704 86
4705 217
4706 15
4707 195
4708 41
4709 124
4710 186
4711 2
4712 54
4713 225
4714 171
4715 98
4716 166
4717 64
4718 62
4719 235
4720 123
4721 117
4722 105
4723 147
4724 41
4725 79
4726 195
4727 51
4728 154
4729 169
4730 241
4731 60
4732 98
4733 177
4734 218
4735 246
4736 107
4737 102
4738 79
4739 125
4740 119
4741 53
4742 56
4744 195
4745 145
4746 112
4748 240
4749 118
4750 217
4751 53
4752 154
4753 1
4754 230
4755 16
4756 35
4757 51
4758 195
4759 14
4760 95
4761 112
4762 19
4763 19
4764 174
4765 119
4766 154
4767 199
4768 16
4769 227
4770 174
4771 37
4772 97
4773 56
4774 51
4775 7
4776 105
4777 60
4778 213
4779 240
4780 226
4781 159
4782 57
4783 211
4784 198
4785 150
4786 119
4787 47
4788 10
4789 18
4790 31
4791 38
4792 218
4793 123
4794 60
4795 156
4796 20
4797 166
4798 53
4799 133
4800 240
4801 47
4802 174
4803 14
4804 62
4805 29
4806 79
4807 105
4808 149
4809 109
4810 235
4811 116
4812 177
4813 235
4814 32
4815 139
4816 150
4817 1
4818 31
4819 195
4820 233
4821 95
4822 41
4823 80
4824 170
4825 227
4826 35
4827 217
4828 174
4829 235
4830 235
4831 125
4832 182
4833 1
4834 223
4835 19
4836 20
4837 10
4839 208
4840 220
4841 217
4842 169
4843 159
4844 174
4845 195
4846 116
4847 51
4848 109
4849 122
4850 4
4851 51
4852 60
4853 9
4854 174
4855 240
4856 62
4857 74
4858 80
4859 40
4860 72
4861 130
4862 51
4863 220
4864 170
4865 119
4866 80
4867 246
4868 1
4869 1
4870 240
4871 1
4872 109
4873 235
4874 53
4875 123
4876 62
4877 74
4878 78
4879 243
4880 191
4881 174
4882 53
4883 41
4884 97
4885 139
4886 86
4887 217
4888 53
4889 240
4890 217
4891 198
4892 246
4893 154
4894 235
4895 209
4896 166
4897 79
4898 148
4899 105
4900 193
4901 119
4902 51
4903 150
4904 198
4905 240
4906 227
4907 192
4908 230
4909 200
4910 38
4911 66
4912 246
4913 79
4914 240
4915 92
4916 240
4917 62
4918 53
4919 137
4920 51
4921 81
4922 85
4923 35
4924 186
4925 156
4926 25
4927 119
4928 97
4929 112
4930 235
4931 235
4932 235
4933 174
4934 41
4935 123
4936 94
4937 240
4938 174
4939 240
4940 180
4941 119
4942 62
4943 1
4944 217
4945 4
4946 235
4947 20
4948 52
4949 235
4950 177
4951 53
4952 235
4953 209
4954 196
4955 174
4956 97
4957 54
4958 53
4959 17
4960 63
4961 211
4962 78
4963 52
4964 79
4965 41
4966 143
4967 12
4968 60
4969 151
4970 225
4971 4
4972 24
4973 31
4974 69
4975 220
4976 198
4977 241
4978 67
4979 5
4980 198
4981 174
4982 227
4983 14
4984 150
4985 95
4986 98
4987 204
4988 51
4989 41
4990 198
4991 89
4992 75
4993 206
4994 95
4995 41
4996 109
4997 113
4998 40
4999 39
5000 220
5001 231
5002 48
5003 2
5004 150
5005 174
5006 155
5007 123
5008 29
5009 174
5010 106
5011 137
5012 154
5013 29
5014 25
5015 53
5016 174
5017 241
5018 231
5019 123
5020 96
5021 62
5022 1
5023 53
5024 50
5025 21
5026 154
5027 53
5028 62
5029 238
5030 29
5031 166
5032 53
5033 122
5034 53
5035 141
5036 66
5037 29
5038 154
5039 154
5040 1
5041 105
5042 220
5043 246
5044 41
5045 53
5046 19
5047 94
5048 122
5049 240
5050 53
5051 1
5052 113
5053 33
5054 156
5055 160
5056 137
5057 223
5058 174
5059 121
5060 23
5061 206
5062 174
5063 19
5064 158
5065 220
5066 154
5067 62
5068 79
5069 79
5070 240
5071 119
5072 113
5073 113
5074 14
5075 86
5076 79
5077 235
5078 53
5079 235
5080 235
5081 174
5082 53
5083 238
5084 62
5085 51
5086 47
5087 240
5088 53
5089 109
5090 246
5091 147
5092 45
5093 29
5094 113
5095 53
5096 43
5097 113
5098 64
5099 174
5100 149
5101 1
5102 223
5103 37
5104 240
5105 41
5106 240
5107 6
5108 246
5109 195
5110 211
5111 23
5112 62
5113 209
5114 47
5115 199
5116 154
5117 104
5118 16
5119 154
5120 38
5121 112
5122 107
5123 109
5124 174
5125 53
5126 14
5127 1
5128 152
5129 43
5130 154
5131 175
5132 41
5133 233
5134 123
5135 17
5136 150
5137 54
5138 174
5139 23
5140 95
5141 66
5142 240
5143 217
5144 246
5145 99
5146 195
5147 154
5148 242
5149 106
5150 79
5151 176
5152 227
5153 139
5154 174
5155 53
5156 174
5157 195
5158 62
5159 105
5160 105
5161 4
5162 20
5163 136
5164 30
5165 41
5166 174
5167 155
5168 109
5169 220
5170 174
5171 10
5172 121
5173 206
5174 206
5175 113
5176 206
5177 206
5178 56
5179 134
5180 19
5181 64
5182 231
5183 19
5184 105
5185 206
5186 174
5187 14
5188 121
5189 174
5190 53
5191 206
5192 53
5193 166
5194 154
5195 105
5196 206
5197 156
5198 217
5199 238
5200 41
5201 57
5202 79
5203 109
5204 109
5205 240
5206 95
5207 158
5208 52
5209 20
5210 19
5211 45
5212 217
5213 121
5214 84
5215 155
5216 198
5217 245
5218 86
5219 79
5220 227
5221 54
5222 126
5223 92
5224 98
5225 195
5226 204
5227 14
5228 195
5229 217
5230 99
5231 121
5232 102
5233 223
5234 174
5235 174
5236 154
5237 220
5238 220
5239 225
5240 7
5241 30
5242 139
5243 206
5244 206
5245 19
5246 223
5247 121
5248 14
5249 121
5250 66
5251 246
5252 174
5253 30
5254 206
5255 171
5256 220
5257 37
5258 43
5259 53
