0 103
1 162
2 122
3 24
4 166
5 45
6 77
7 54
8 244
9 167
10 248
11 4
12 57
13 176
14 76
15 123
16 204
17 78
18 81
19 93
20 90
21 61
22 18
23 118
24 124
25 143
26 124
27 92
28 97
29 157
30 169
31 4
32 112
33 27
34 214
35 196
36 47
37 202
38 126
39 108
40 130
41 157
42 103
43 52
44 22
45 228
46 248
47 227
48 183
49 88
50 30
51 16
52 159
53 4
54 147
55 127
56 198
57 78
58 119
59 15
60 226
61 18
62 157
63 163
64 215
65 103
66 115
67 214
68 60
69 248
70 18
71 124
72 197
73 162
74 197
75 248
76 41
77 155
78 152
79 227
80 4
81 76
82 245
83 67
84 171
85 11
86 202
87 150
88 166
89 18
90 3
91 139
92 103
93 106
94 233
95 24
96 12
97 90
98 124
99 15
100 202
101 142
102 96
103 89
104 45
105 15
106 75
107 71
108 147
109 50
110 18
111 198
112 44
113 129
114 89
115 239
116 26
117 240
118 167
119 15
120 248
121 88
122 21
123 71
124 1
125 141
126 20
127 54
128 78
129 47
130 245
131 95
132 94
133 8
134 88
135 18
136 227
137 154
138 242
139 135
140 157
141 115
142 76
143 18
144 63
145 126
146 246
147 124
148 152
149 122
150 38
151 145
152 142
153 233
154 132
155 224
156 238
157 38
158 38
159 183
160 214
161 245
162 215
163 227
164 68
165 78
166 74
167 225
168 142
169 136
170 101
171 199
172 122
173 43
174 118
175 159
176 109
177 247
178 89
179 36
180 99
181 111
182 102
183 99
184 223
185 209
186 61
187 161
188 222
189 1
190 43
191 75
192 200
193 22
194 245
195 142
196 69
197 83
198 88
199 247
200 75
201 59
202 53
203 187
204 161
205 238
206 89
207 33
208 111
209 97
210 78
211 15
212 150
213 43
214 150
215 106
216 101
217 64
218 6
219 218
220 202
221 11
222 206
223 13
224 107
225 217
226 98
227 233
228 15
229 168
230 164
231 121
232 140
233 24
234 156
235 162
236 78
237 132
238 15
239 11
240 64
241 114
242 101
243 141
244 171
245 97
246 66
247 107
248 61
249 101
250 183
251 158
252 187
253 183
254 51
255 38
256 88
257 219
258 154
259 114
260 18
261 178
262 79
263 109
264 158
265 151
266 207
267 144
268 182
269 192
270 54
271 125
272 179
273 222
274 99
275 57
276 32
277 92
278 101
279 5
280 26
281 202
282 73
283 171
284 45
285 89
286 32
287 6
288 38
289 194
290 214
291 137
292 81
293 36
294 173
295 144
296 3
297 117
298 0
299 160
300 3
301 197
302 107
303 75
304 17
305 52
306 50
307 22
308 130
309 15
310 186
311 248
312 217
313 236
314 92
315 175
316 219
317 47
318 130
319 84
320 78
321 33
322 32
323 20
324 136
325 208
326 170
327 130
328 77
329 167
330 201
331 107
332 24
333 51
334 52
335 99
336 141
337 68
338 50
339 136
340 196
341 115
342 171
343 245
344 11
345 12
346 130
347 34
348 154
349 33
350 76
351 150
352 11
353 55
354 174
355 12
356 50
357 146
358 131
359 140
360 110
361 248
362 198
363 198
364 220
365 50
366 72
367 126
368 217
369 34
370 211
371 8
372 224
373 49
374 233
375 219
376 211
377 142
378 115
379 21
380 72
381 30
382 109
383 53
384 197
385 101
386 6
387 89
388 11
389 99
390 86
391 69
392 122
393 12
394 235
395 130
396 12
397 167
398 94
399 18
400 119
401 59
402 178
403 161
404 182
405 1
406 11
407 174
408 194
409 154
410 0
411 122
412 203
413 109
414 230
415 108
416 242
417 15
418 150
419 192
420 248
421 4
422 51
423 54
424 90
425 18
426 192
427 5
428 67
429 115
430 231
431 89
432 238
433 60
434 225
435 11
436 144
437 72
438 21
439 41
440 93
441 46
442 30
443 3
444 88
445 240
446 219
447 160
448 107
449 102
450 204
451 17
452 78
453 38
454 166
455 171
456 126
457 82
458 30
459 103
460 94
461 46
462 1
463 144
464 109
465 45
466 108
467 217
468 61
469 15
470 71
471 38
472 122
473 54
474 112
475 225
476 138
477 229
478 149
479 135
480 144
481 18
482 111
483 79
484 157
485 88
486 124
487 225
488 232
489 154
490 18
491 130
492 192
493 12
494 126
495 111
496 171
497 248
498 75
499 230
500 7
501 141
502 163
503 77
504 22
505 119
506 141
507 55
508 126
509 76
510 218
511 113
512 243
513 123
514 114
515 78
516 71
517 153
518 93
519 99
520 12
521 235
522 44
523 74
524 163
525 247
526 202
527 215
528 78
529 237
530 81
531 62
532 61
533 76
534 15
535 205
536 124
537 35
538 212
539 212
540 180
541 208
542 1
543 176
544 229
545 103
546 240
547 118
548 178
549 95
550 73
551 176
552 1
553 54
554 53
555 71
556 197
557 93
558 219
559 11
560 224
561 130
562 54
563 248
564 248
565 163
566 11
567 122
568 99
569 5
570 151
571 122
572 151
573 114
574 218
575 99
576 201
577 74
578 108
579 202
580 130
581 171
582 103
583 163
584 0
585 122
586 5
587 247
588 204
589 38
590 180
591 7
592 73
593 235
594 71
595 225
596 223
597 88
598 237
599 7
600 193
601 78
602 215
603 120
604 167
605 202
606 155
607 214
608 233
609 249
610 103
611 135
612 111
613 52
614 66
615 12
616 124
617 160
618 124
619 67
620 214
621 71
622 209
623 85
624 75
625 229
626 202
627 80
628 124
629 243
630 7
631 240
632 214
633 124
634 62
635 58
636 246
637 67
638 1
639 222
640 84
641 64
642 223
643 89
644 165
645 204
646 105
647 124
648 170
649 130
650 56
651 18
652 60
653 105
654 80
655 234
656 77
657 82
658 169
659 112
660 135
661 202
662 240
663 120
664 218
665 1
666 124
667 54
668 153
669 105
670 135
671 52
672 98
673 245
674 157
675 118
676 123
677 184
678 119
679 38
680 11
681 85
682 217
683 224
684 94
685 159
686 38
687 58
688 237
689 113
690 35
691 213
692 83
693 54
694 159
695 67
696 1
697 186
698 78
699 162
700 163
701 43
702 222
703 186
704 70
705 204
706 50
707 123
708 68
709 20
710 76
711 223
712 145
713 167
714 52
715 161
716 62
717 197
718 32
719 78
720 237
721 194
722 175
723 107
724 209
725 214
726 161
727 89
728 7
729 80
730 244
731 79
732 11
733 229
734 43
735 239
736 7
737 38
738 152
739 99
740 202
741 212
742 88
743 3
744 198
745 8
746 102
747 18
748 158
749 96
750 149
751 130
752 162
753 189
754 182
755 214
756 124
757 52
758 97
759 38
760 57
761 169
762 218
763 214
764 3
765 184
766 190
767 50
768 97
769 219
770 135
771 21
772 38
773 122
774 68
775 191
776 161
777 7
778 43
779 45
780 222
781 120
782 150
783 124
784 150
785 111
786 52
787 43
788 50
789 52
790 67
791 208
792 162
793 232
794 106
795 150
796 88
797 184
798 208
799 241
800 161
801 151
802 7
803 205
804 22
805 49
806 20
807 71
808 114
809 186
810 162
811 108
812 18
813 161
814 52
815 17
816 165
817 108
818 1
819 108
820 248
821 52
822 161
823 60
824 181
825 37
826 248
827 67
828 224
829 68
830 15
831 241
832 192
833 197
834 162
835 183
836 15
837 198
838 161
839 156
840 156
841 235
842 202
843 141
844 229
845 182
846 11
847 87
848 18
849 94
850 33
851 18
852 211
853 245
854 37
855 198
856 161
857 3
858 214
859 3
860 76
861 16
862 11
863 164
864 109
865 64
866 161
867 237
868 214
869 99
870 1
871 80
872 68
873 82
874 119
875 157
876 73
877 204
878 15
879 186
880 90
881 42
882 11
883 22
884 158
885 207
886 73
887 202
888 3
889 154
890 192
891 158
892 248
893 88
894 43
895 143
896 101
897 245
898 37
899 54
900 38
901 12
902 175
903 76
904 117
905 214
906 222
907 92
908 212
909 199
910 150
911 77
912 169
913 150
914 97
915 109
916 88
917 11
918 230
919 123
920 105
921 130
922 199
923 73
924 101
925 49
926 192
927 97
928 247
929 173
930 246
931 46
932 240
933 238
934 20
935 12
936 64
937 42
938 162
939 37
940 88
941 150
942 168
943 58
944 103
945 222
946 61
947 48
948 167
949 169
950 78
951 109
952 106
953 212
954 38
955 7
956 130
957 107
958 185
959 212
960 48
961 47
962 0
963 145
964 21
965 181
966 1
967 144
968 126
969 51
970 145
971 7
972 120
973 73
974 38
975 108
976 21
977 72
978 21
979 77
980 167
981 197
982 155
983 167
984 227
985 176
986 46
987 37
988 76
989 15
990 49
991 130
992 144
993 103
994 233
995 130
996 50
997 125
998 15
999 68
1000 240
1001 103
1002 1
1003 15
1004 218
1005 169
1006 240
1007 115
1008 11
1009 70
1010 136
1011 208
1012 230
1013 73
1014 99
1015 136
1016 161
1017 59
1018 37
1019 46
1020 71
1021 199
1022 78
1023 5
1024 12
1025 71
1026 62
1027 208
1028 47
1029 202
1030 167
1031 124
1032 133
1033 158
1034 243
1035 38
1036 225
1037 207
1038 114
1039 45
1040 105
1041 96
1042 107
1043 120
1044 67
1045 140
1046 135
1047 0
1048 50
1049 64
1050 197
1051 45
1052 108
1053 18
1054 248
1055 4
1056 227
1057 72
1058 169
1059 11
1060 52
1061 125
1062 208
1063 7
1064 198
1065 144
1066 115
1067 202
1068 46
1069 201
1070 108
1071 214
1072 11
1073 59
1074 235
1075 113
1076 207
1077 38
1078 213
1079 124
1080 76
1081 233
1082 80
1083 62
1084 115
1085 219
1086 230
1087 241
1088 144
1089 124
1090 99
1091 5
1092 154
1093 3
1094 70
1095 88
1096 179
1097 199
1098 76
1099 181
1100 125
1101 199
1102 94
1103 201
1104 242
1105 39
1106 81
1107 101
1108 170
1109 107
1110 52
1111 187
1112 199
1113 55
1114 38
1115 34
1116 40
1117 11
1118 76
1119 214
1120 61
1121 161
1122 175
1123 24
1124 160
1125 31
1126 209
1127 5
1128 20
1129 246
1130 146
1131 96
1132 50
1133 148
1134 222
1135 214
1136 183
1137 233
1138 123
1139 15
1140 124
1141 212
1142 67
1143 70
1144 193
1145 214
1146 71
1147 200
1148 89
1149 92
1150 22
1151 38
1152 13
1153 15
1154 136
1155 71
1156 146
1157 15
1158 68
1159 48
1160 88
1161 88
1162 214
1163 182
1164 144
1165 106
1166 15
1167 60
1168 221
1169 205
1170 76
1171 70
1172 69
1173 105
1174 214
1175 11
1176 146
1177 107
1178 52
1179 34
1180 168
1181 107
1182 15
1183 3
1184 121
1185 166
1186 51
1187 101
1188 7
1189 112
1190 52
1191 61
1192 1
1193 38
1194 214
1195 85
1196 120
1197 238
1198 56
1199 67
1200 76
1201 146
1202 88
1203 197
1204 59
1205 208
1206 15
1207 76
1208 7
1209 30
1210 143
1211 233
1212 50
1213 82
1214 50
1215 78
1216 56
1217 152
1218 165
1219 219
1220 18
1221 235
1222 120
1223 4
1224 38
1225 180
1226 143
1227 52
1228 15
1229 214
1230 11
1231 12
1232 248
1233 124
1234 78
1235 248
1236 38
1237 103
1238 214
1239 30
1240 34
1241 207
1242 181
1243 212
1244 158
1245 38
1246 239
1247 154
1248 206
1249 43
1250 233
1251 67
1252 148
1253 2
1254 153
1255 15
1256 13
1257 86
1258 51
1259 107
1260 68
1261 17
1262 105
1263 196
1264 0
1265 15
1266 54
1267 89
1268 15
1269 52
1270 106
1271 124
1272 144
1273 168
1274 0
1275 115
1276 59
1277 83
1278 192
1279 132
1280 70
1281 36
1282 82
1283 75
1284 238
1285 108
1286 105
1287 197
1288 244
1289 1
1290 5
1291 120
1292 7
1293 11
1294 58
1295 227
1296 161
1297 219
1298 107
1299 150
1300 33
1301 248
1302 233
1303 163
1304 63
1305 208
1306 1
1307 11
1308 124
1309 144
1310 123
1311 82
1312 105
1313 77
1314 122
1315 230
1316 113
1317 60
1318 76
1319 201
1320 168
1321 22
1322 5
1323 206
1324 15
1325 238
1326 107
1327 74
1328 18
1329 179
1330 130
1331 163
1332 120
1333 123
1334 156
1335 51
1336 109
1337 214
1338 94
1339 15
1340 13
1341 89
1342 1
1343 161
1344 37
1345 143
1346 159
1347 38
1348 143
1349 246
1350 207
1351 199
1352 109
1353 221
1354 7
1355 191
1356 181
1357 76
1358 108
1359 26
1360 78
1361 225
1362 76
1363 238
1364 214
1365 208
1366 114
1367 122
1368 18
1369 42
1370 217
1371 115
1372 72
1373 167
1374 120
1375 163
1376 22
1377 120
1378 214
1379 15
1380 163
1381 244
1382 221
1383 161
1384 78
1385 152
1386 7
1387 219
1388 105
1389 88
1390 22
1391 67
1392 11
1393 102
1394 120
1395 52
1396 4
1397 114
1398 38
1399 221
1400 115
1401 119
1402 81
1403 98
1404 136
1405 1
1406 36
1407 213
1408 89
1409 89
1410 112
1411 54
1412 97
1413 136
1414 68
1415 21
1416 7
1417 132
1418 27
1419 13
1420 78
1421 159
1422 55
1423 247
1424 144
1425 3
1426 80
1427 72
1428 244
1429 1
1430 30
1431 227
1432 136
1433 192
1434 5
1435 38
1436 123
1437 246
1438 7
1439 123
1440 202
1441 101
1442 27
1443 28
1444 32
1445 30
1446 108
1447 126
1448 88
1449 144
1450 233
1451 76
1452 96
1453 126
1454 75
1455 97
1456 45
1457 74
1458 218
1459 115
1460 142
1461 104
1462 169
1463 15
1464 59
1465 18
1466 183
1467 80
1468 9
1469 52
1470 218
1471 170
1472 2
1473 243
1474 52
1475 119
1476 235
1477 144
1478 15
1479 68
1480 50
1481 53
1482 47
1483 37
1484 217
1485 227
1486 161
1487 120
1488 52
1489 105
1490 60
1491 38
1492 144
1493 97
1494 144
1495 130
1496 12
1497 79
1498 192
1499 212
1500 173
1501 24
1502 12
1503 76
1504 48
1505 145
1506 177
1507 80
1508 22
1509 99
1510 169
1511 164
1512 144
1513 61
1514 122
1515 144
1516 49
1517 218
1518 144
1519 182
1520 78
1521 136
1522 119
1523 167
1524 214
1525 150
1526 199
1527 1
1528 161
1529 1
1530 59
1531 238
1532 80
1533 67
1534 144
1535 17
1536 36
1537 107
1538 112
1539 235
1540 146
1541 130
1542 115
1543 68
1544 109
1545 4
1546 163
1547 0
1548 18
1549 126
1550 234
1551 169
1552 12
1553 108
1554 233
1555 199
1556 74
1557 203
1558 34
1559 180
1560 7
1561 52
1562 233
1563 222
1564 214
1565 122
1566 92
1567 222
1568 84
1569 199
1570 144
1571 124
1572 59
1573 150
1574 142
1575 1
1576 11
1577 94
1578 76
1579 179
1580 238
1581 75
1582 124
1583 76
1584 246
1585 52
1586 169
1587 67
1588 144
1589 76
1590 241
1591 15
1592 120
1593 132
1594 237
1595 108
1596 76
1597 218
1598 61
1599 135
1600 206
1601 157
1602 214
1603 115
1604 58
1605 221
1606 45
1607 3
1608 38
1609 7
1610 6
1611 232
1612 72
1613 116
1614 99
1615 103
1616 144
1617 189
1618 168
1619 239
1620 3
1621 245
1622 161
1623 79
1624 199
1625 198
1626 199
1627 248
1628 247
1629 2
1630 223
1631 5
1632 115
1633 59
1634 48
1635 241
1636 132
1637 22
1638 103
1639 22
1640 12
1641 143
1642 120
1643 80
1644 108
1645 88
1646 218
1647 184
1648 146
1649 74
1650 53
1651 38
1652 228
1653 15
1654 214
1655 59
1656 1
1657 45
1658 146
1659 54
1660 54
1661 183
1662 161
1663 143
1664 52
1665 114
1666 45
1667 5
1668 71
1669 199
1670 199
1671 58
1672 11
1673 7
1674 18
1675 240
1676 43
1677 131
1678 59
1679 246
1680 108
1681 50
1682 227
1683 76
1684 7
1685 130
1686 219
1687 247
1688 52
1689 38
1690 12
1691 54
1692 184
1693 15
1694 37
1695 215
1696 97
1697 208
1698 104
1699 11
1700 214
1701 161
1702 11
1703 151
1704 168
1705 118
1706 241
1707 73
1708 90
1709 186
1710 8
1711 111
1712 183
1713 185
1714 92
1715 29
1716 136
1717 178
1718 182
1719 92
1720 5
1721 166
1722 114
1723 161
1724 52
1725 0
1726 94
1727 11
1728 15
1729 18
1730 89
1731 38
1732 139
1733 99
1734 94
1735 237
1736 24
1737 7
1738 31
1739 78
1740 52
1741 102
1742 15
1743 24
1744 213
1745 15
1746 18
1747 115
1748 54
1749 114
1750 1
1751 11
1752 235
1753 59
1754 212
1755 214
1756 97
1757 5
1758 108
1759 61
1760 51
1761 15
1762 78
1763 186
1764 143
1765 235
1766 76
1767 166
1768 179
1769 214
1770 78
1771 101
1772 120
1773 136
1774 115
1775 115
1776 239
1777 5
1778 7
1779 29
1780 128
1781 107
1782 162
1783 235
1784 15
1785 108
1786 142
1787 208
1788 15
1789 103
1790 93
1791 98
1792 180
1793 167
1794 235
1795 30
1796 7
1797 38
1798 241
1799 146
1800 69
1801 155
1802 137
1803 78
1804 118
1805 46
1806 219
1807 108
1808 98
1809 125
1810 1
1811 87
1812 11
1813 169
1814 118
1815 148
1816 185
1817 82
1818 238
1819 239
1820 244
1821 59
1822 215
1823 148
1824 99
1825 24
1826 125
1827 109
1828 11
1829 242
1830 7
1831 123
1832 132
1833 58
1834 229
1835 45
1836 33
1837 199
1838 62
1839 187
1840 82
1841 29
1842 164
1843 123
1844 123
1845 232
1846 142
1847 36
1848 150
1849 34
1850 36
1851 113
1852 7
1853 213
1854 183
1855 143
1856 80
1857 120
1858 104
1859 136
1860 7
1861 18
1862 70
1863 202
1864 40
1865 136
1866 160
1867 180
1868 169
1869 199
1870 18
1871 46
1872 213
1873 34
1874 214
1875 218
1876 195
1877 40
1878 106
1879 57
1880 11
1881 157
1882 15
1883 224
1884 117
1885 5
1886 42
1887 12
1888 216
1889 202
1890 82
1891 214
1892 115
1893 37
1894 118
1895 18
1896 72
1897 180
1898 1
1899 227
1900 169
1901 94
1902 163
1903 124
1904 73
1905 101
1906 191
1907 247
1908 230
1909 107
1910 78
1911 90
1912 157
1913 150
1914 50
1915 76
1916 116
1917 18
1918 7
1919 116
1920 72
1921 136
1922 51
1923 143
1924 73
1925 102
1926 123
1927 124
1928 216
1929 179
1930 162
1931 227
1932 235
1933 12
1934 223
1935 1
1936 76
1937 168
1938 199
1939 178
1940 0
1941 106
1942 177
1943 154
1944 76
1945 18
1946 35
1947 105
1948 115
1949 105
1950 11
1951 62
1952 124
1953 221
1954 164
1955 12
1956 3
1957 36
1958 230
1959 120
1960 52
1961 206
1962 218
1963 240
1964 244
1965 72
1966 157
1967 68
1968 120
1969 55
1970 136
1971 102
1972 122
1973 41
1974 175
1975 18
1976 178
1977 155
1978 241
1979 87
1980 98
1981 88
1982 7
1983 170
1984 30
1985 161
1986 162
1987 49
1988 99
1989 76
1990 239
1991 22
1992 124
1993 145
1994 115
1995 38
1996 130
1997 48
1998 132
1999 75
2000 147
2001 190
2002 43
2003 139
2004 218
2005 169
2006 237
2007 127
2008 74
2009 136
2010 73
2011 33
2012 98
2013 144
2014 38
2015 50
2016 58
2017 15
2018 88
2019 163
2020 17
2021 106
2022 208
2023 18
2024 235
2025 176
2026 11
2027 63
2028 67
2029 179
2030 165
2031 218
2032 5
2033 107
2034 71
2035 32
2036 144
2037 30
2038 15
2039 57
2040 244
2041 115
2042 241
2043 2
2044 38
2045 169
2046 128
2047 222
2048 186
2049 1
2050 18
2051 237
2052 214
2053 1
2054 205
2055 134
2056 158
2057 134
2058 246
2059 143
2060 218
2061 218
2062 112
2063 11
2064 130
2065 106
2066 230
2067 115
2068 44
2069 54
2070 76
2071 144
2072 9
2073 38
2074 111
2075 18
2076 3
2077 61
2078 161
2079 50
2080 52
2081 245
2082 85
2083 183
2084 22
2085 1
2086 214
2087 144
2088 45
2089 117
2090 145
2091 76
2092 183
2093 48
2094 150
2095 207
2096 11
2097 145
2098 214
2099 196
2100 164
2101 178
2102 166
2103 235
2104 235
2105 67
2106 143
2107 229
2108 72
2109 38
2110 59
2111 138
2112 93
2113 213
2114 163
2115 38
2116 79
2117 241
2118 38
2119 63
2120 25
2121 12
2122 162
2123 247
2124 117
2125 53
2126 36
2127 60
2128 162
2129 175
2130 227
2131 68
2132 82
2133 130
2134 109
2135 123
2136 229
2137 243
2138 109
2139 55
2140 76
2141 48
2142 3
2143 116
2144 67
2145 235
2146 230
2147 147
2148 38
2149 214
2150 135
2151 15
2152 222
2153 122
2154 124
2155 99
2156 34
2157 108
2158 48
2159 218
2160 188
2161 94
2162 93
2163 181
2164 180
2165 115
2166 202
2167 214
2168 22
2169 112
2170 164
2171 53
2172 74
2173 186
2174 164
2175 150
2176 52
2177 79
2178 142
2179 230
2180 161
2181 136
2182 225
2183 78
2184 115
2185 132
2186 113
2187 33
2188 237
2189 234
2190 24
2191 162
2192 161
2193 130
2194 214
2195 52
2196 74
2197 136
2198 146
2199 218
2200 208
2201 211
2202 214
2203 176
2204 215
2205 17
2206 11
2207 11
2208 78
2209 225
2210 146
2211 80
2212 135
2213 63
2214 182
2215 157
2216 239
2217 11
2218 115
2219 60
2220 179
2221 18
2222 88
2223 144
2224 154
2225 108
2226 122
2227 77
2228 58
2229 17
2230 60
2231 143
2232 127
2233 38
2234 183
2235 62
2236 224
2237 140
2238 214
2239 149
2240 75
2241 150
2242 32
2243 52
2244 164
2245 48
2246 218
2247 5
2248 94
2249 156
2250 227
2251 209
2252 179
2253 99
2254 17
2255 116
2256 107
2257 48
2258 89
2259 11
2260 77
2261 148
2262 169
2263 203
2264 78
2265 76
2266 108
2267 11
2268 107
2269 119
2270 235
2271 38
2272 74
2273 59
2274 144
2275 186
2276 219
2277 77
2278 108
2279 193
2280 221
2281 50
2282 197
2283 167
2284 233
2285 2
2286 247
2287 2
2288 146
2289 160
2290 64
2291 154
2292 168
2293 245
2294 136
2295 209
2296 48
2297 40
2298 15
2299 214
2300 229
2301 161
2302 107
2303 84
2304 199
2305 11
2306 180
2307 144
2308 52
2309 138
2310 12
2311 158
2312 12
2313 18
2314 169
2315 38
2316 124
2317 154
2318 169
2319 103
2320 237
2321 158
2322 179
2323 3
2324 12
2325 108
2326 146
2327 30
2328 239
2329 139
2330 51
2331 98
2332 21
2333 67
2334 136
2335 127
2336 186
2337 168
2338 169
2339 235
2340 197
2341 76
2342 186
2343 229
2344 150
2345 242
2346 18
2347 187
2348 149
2349 239
2350 120
2351 164
2352 12
2353 38
2354 246
2355 137
2356 161
2357 241
2358 48
2359 85
2360 235
2361 59
2362 108
2363 52
2364 96
2365 14
2366 248
2367 54
2368 7
2369 38
2370 162
2371 24
2372 109
2373 1
2374 11
2375 79
2376 85
2377 11
2378 214
2379 202
2380 192
2381 214
2382 45
2383 11
2384 15
2385 246
2386 199
2387 167
2388 74
2389 135
2390 235
2391 105
2392 108
2393 163
2394 136
2395 120
2396 123
2397 190
2398 72
2399 124
2400 53
2401 144
2402 11
2403 109
2404 209
2405 143
2406 214
2407 130
2408 99
2409 169
2410 214
2411 186
2412 219
2413 27
2414 60
2415 162
2416 136
2417 110
2418 0
2419 115
2420 30
2421 120
2422 135
2423 202
2424 109
2425 59
2426 1
2427 197
2428 15
2429 48
2430 246
2431 197
2432 161
2433 45
2434 214
2435 235
2436 77
2437 38
2438 176
2439 38
2440 73
2441 157
2442 98
2443 45
2444 79
2445 69
2446 186
2447 225
2448 150
2449 160
2450 49
2451 165
2452 113
2453 1
2454 1
2455 161
2456 108
2457 74
2458 82
2459 5
2460 94
2461 221
2462 58
2463 218
2464 53
2465 133
2466 176
2467 157
2468 123
2469 48
2470 89
2471 117
2472 99
2473 76
2474 48
2475 54
2476 38
2477 63
2478 50
2479 56
2480 19
2481 183
2482 184
2483 246
2484 248
2485 103
2486 195
2487 112
2488 144
2489 4
2490 3
2491 141
2492 241
2493 88
2494 38
2495 24
2496 7
2497 214
2498 183
2499 103
2500 76
2501 78
2502 146
2503 147
2504 108
2505 175
2506 202
2507 45
2508 229
2509 187
2510 52
2511 52
2512 59
2513 239
2514 61
2515 88
2516 106
2517 26
2518 45
2519 148
2520 101
2521 78
2522 62
2523 130
2524 136
2525 245
2526 80
2527 208
2528 146
2529 221
2530 248
2531 143
2532 162
2533 145
2534 25
2535 195
2536 7
2537 102
2538 169
2539 179
2540 88
2541 12
2542 214
2543 229
2544 167
2545 173
2546 4
2547 246
2548 1
2549 61
2550 108
2551 7
2552 161
2553 102
2554 173
2555 34
2556 144
2557 115
2558 209
2559 185
2560 136
2561 77
2562 11
2563 52
2564 214
2565 154
2566 108
2567 108
2568 64
2569 82
2570 64
2571 198
2572 7
2573 38
2574 82
2575 132
2576 135
2577 42
2578 240
2579 1
2580 52
2581 58
2582 136
2583 18
2584 11
2585 223
2586 214
2587 18
2588 48
2589 166
2590 147
2591 163
2592 61
2593 107
2594 52
2595 167
2596 46
2597 108
2598 169
2599 129
2600 3
2601 160
2602 38
2603 150
2604 78
2605 238
2606 37
2607 52
2608 49
2609 160
2610 214
2611 120
2612 182
2613 194
2614 192
2615 157
2616 1
2617 163
2618 148
2619 214
2620 141
2621 63
2622 202
2623 158
2624 132
2625 187
2626 48
2627 247
2628 42
2629 233
2630 227
2631 209
2632 7
2633 52
2634 62
2635 175
2636 5
2637 48
2638 107
2639 241
2640 53
2641 108
2642 148
2643 248
2644 144
2645 132
2646 108
2647 233
2648 97
2649 117
2650 11
2651 5
2652 68
2653 79
2654 143
2655 38
2656 233
2657 15
2658 192
2659 71
2660 245
2661 37
2662 45
2663 95
2664 11
2665 144
2666 218
2667 202
2668 102
2669 130
2670 169
2671 167
2672 217
2673 78
2674 152
2675 132
2676 80
2677 144
2678 103
2679 7
2680 229
2681 148
2682 71
2683 246
2684 70
2685 214
2686 246
2687 239
2688 146
2689 1
2690 1
2691 129
2692 227
2693 12
2694 37
2695 97
2696 107
2697 109
2698 45
2699 37
2700 74
2701 90
2702 202
2703 224
2704 182
2705 159
2706 79
2707 76
2708 227
2709 12
2710 248
2711 86
2712 219
2713 171
2714 5
2715 214
2716 11
2717 37
2718 218
2719 183
2720 237
2721 30
2722 72
2723 15
2724 80
2725 227
2726 136
2727 122
2728 52
2729 241
2730 221
2731 71
2732 7
2733 6
2734 78
2735 97
2736 31
2737 8
2738 218
2739 94
2740 162
2741 52
2742 12
2743 71
2744 202
2745 5
2746 111
2747 237
2748 114
2749 12
2750 45
2751 243
2752 48
2753 237
2754 52
2755 20
2756 61
2757 228
2758 146
2759 109
2760 144
2761 72
2762 38
2763 88
2764 230
2765 52
2766 243
2767 18
2768 58
2769 208
2770 74
2771 163
2772 59
2773 11
2774 38
2775 243
2776 112
2777 78
2778 144
2779 235
2780 114
2781 144
2782 150
2783 136
2784 122
2785 229
2786 235
2787 105
2788 52
2789 89
2790 71
2791 38
2792 1
2793 235
2794 11
2795 130
2796 233
2797 36
2798 11
2799 38
2800 218
2801 123
2802 78
2803 38
2804 130
2805 124
2806 194
2807 12
2808 32
2809 149
2810 98
2811 218
2812 47
2813 1
2814 37
2815 4
2816 225
2817 29
2818 27
2819 143
2820 235
2821 7
2822 154
2823 214
2824 145
2825 169
2826 5
2827 98
2828 71
2829 134
2830 219
2831 221
2832 5
2833 214
2834 54
2835 228
2836 219
2837 130
2838 15
2839 59
2840 244
2841 182
2842 1
2843 123
2844 101
2845 167
2846 4
2847 154
2848 228
2849 74
2850 30
2851 214
2852 124
2853 202
2854 11
2855 186
2856 15
2857 186
2858 38
2859 214
2860 97
2861 55
2862 105
2863 218
2864 52
2865 197
2866 99
2867 222
2868 79
2869 74
2870 52
2871 172
2872 7
2873 161
2874 1
2875 5
2876 221
2877 88
2878 79
2879 11
2880 18
2881 161
2882 247
2883 38
2884 239
2885 229
2886 88
2887 11
2888 240
2889 179
2890 202
2891 169
2892 144
2893 237
2894 43
2895 222
2896 59
2897 219
2898 168
2899 101
2900 89
2901 108
2902 115
2903 71
2904 184
2905 38
2906 102
2907 114
2908 98
2909 62
2910 79
2911 1
2912 159
2913 59
2914 245
2915 76
2916 15
2917 235
2918 154
2919 202
2920 158
2921 58
2922 144
2923 104
2924 175
2925 151
2926 167
2927 6
2928 3
2929 187
2930 219
2931 82
2932 74
2933 237
2934 115
2935 246
2936 109
2937 45
2938 94
2939 12
2940 107
2941 222
2942 143
2943 12
2944 79
2945 167
2946 62
2947 122
2948 84
2949 53
2950 18
2951 80
2952 136
2953 105
2954 2
2955 124
2956 52
2957 115
2958 163
2959 123
2960 115
2961 124
2962 130
2963 119
2964 52
2965 37
2966 30
2967 82
2968 239
2969 123
2970 52
2971 135
2972 38
2973 102
2974 38
2975 143
2976 164
2977 124
2978 52
2979 161
2980 209
2981 3
2982 22
2983 169
2984 122
2985 144
2986 144
2987 124
2988 76
2989 229
2990 1
2991 146
2992 45
2993 11
2994 52
2995 48
2996 246
2997 229
2998 144
2999 98
3000 246
3001 32
3002 221
3003 187
3004 169
3005 162
3006 82
3007 218
3008 190
3009 38
3010 115
3011 127
3012 144
3013 9
3014 38
3015 229
3016 214
3017 148
3018 241
3019 38
3020 140
3021 66
3022 48
3023 1
3024 164
3025 109
3026 136
3027 144
3028 102
3029 157
3030 136
3031 52
3032 138
3033 246
3034 3
3035 11
3036 161
3037 115
3038 11
3039 219
3040 235
3041 63
3042 48
3043 190
3044 144
3045 108
3046 120
3047 98
3048 46
3049 55
3050 219
3051 138
3052 208
3053 245
3054 247
3055 25
3056 120
3057 219
3058 144
3059 12
3060 18
3061 52
3062 224
3063 55
3064 52
3065 186
3066 146
3067 22
3068 108
3069 173
3070 11
3071 202
3072 122
3073 59
3074 76
3075 76
3076 99
3077 47
3078 212
3079 208
3080 59
3081 120
3082 235
3083 15
3084 96
3085 155
3086 144
3087 150
3088 118
3089 105
3090 161
3091 84
3092 143
3093 218
3094 198
3095 237
3096 114
3097 240
3098 169
3099 158
3100 161
3101 42
3102 187
3103 136
3104 59
3105 3
3106 187
3107 48
3108 97
3109 1
3110 122
3111 107
3112 38
3113 3
3114 235
3115 18
3116 88
3117 12
3118 213
3119 75
3120 148
3121 214
3122 116
3123 1
3124 150
3125 100
3126 245
3127 123
3128 38
3129 34
3130 176
3131 1
3132 15
3133 99
3134 136
3135 52
3136 169
3137 1
3138 72
3139 237
3140 70
3141 229
3142 161
3143 88
3144 98
3145 214
3146 18
3147 150
3148 103
3149 25
3150 97
3151 231
3152 73
3153 1
3154 230
3155 118
3156 247
3157 59
3158 179
3159 202
3160 144
3161 228
3162 52
3163 168
3164 161
3165 3
3166 167
3167 205
3168 150
3169 37
3170 59
3171 4
3172 218
3173 213
3174 135
3175 214
3176 34
3177 121
3178 225
3179 57
3180 227
3181 207
3182 202
3183 187
3184 82
3185 179
3186 204
3187 106
3188 52
3189 235
3190 217
3191 48
3192 221
3193 98
3194 150
3195 145
3196 5
3197 108
3198 179
3199 214
3200 214
3201 3
3202 3
3203 121
3204 186
3205 11
3206 144
3207 127
3208 53
3209 146
3210 144
3211 90
3212 130
3213 37
3214 12
3215 202
3216 73
3217 59
3218 57
3219 154
3220 141
3221 11
3222 120
3223 202
3224 122
3225 88
3226 213
3227 235
3228 239
3229 80
3230 242
3231 78
3232 144
3233 82
3234 38
3235 109
3236 123
3237 64
3238 143
3239 93
3240 76
3241 88
3242 161
3243 57
3244 202
3245 223
3246 74
3247 105
3248 29
3249 43
3250 218
3251 235
3252 167
3253 16
3254 78
3255 235
3256 38
3257 146
3258 215
3259 235
3260 111
3261 173
3262 59
3263 97
3264 235
3265 45
3266 108
3267 79
3268 144
3269 72
3270 15
3271 167
3272 176
3273 162
3274 73
3275 52
3276 143
3277 63
3278 235
3279 208
3280 144
3281 1
3282 243
3283 105
3284 73
3285 3
3286 136
3287 218
3288 59
3289 108
3290 144
3291 48
3292 130
3293 18
3294 208
3295 161
3296 15
3297 38
3298 116
3299 11
3300 235
3301 235
3302 219
3303 1
3304 52
3305 169
3306 62
3307 214
3308 116
3309 59
3310 17
3311 180
3312 175
3313 1
3314 9
3315 205
3316 208
3317 107
3318 11
3319 37
3320 72
3321 4
3322 150
3323 120
3324 136
3325 15
3326 202
3327 80
3328 144
3329 54
3330 248
3331 150
3332 246
3333 38
3334 148
3335 217
3336 205
3337 52
3338 12
3339 15
3340 70
3341 219
3342 179
3343 34
3344 218
3345 150
3346 71
3347 90
3348 92
3349 88
3350 72
3351 52
3352 123
3353 107
3354 150
3355 11
3356 15
3357 111
3358 207
3359 169
3360 99
3361 99
3362 218
3363 52
3364 108
3365 88
3366 99
3367 145
3368 201
3369 120
3370 105
3371 38
3372 25
3373 32
3374 136
3375 30
3376 15
3377 52
3378 94
3379 34
3380 114
3381 73
3382 5
3383 108
3384 52
3385 1
3386 169
3387 143
3388 235
3389 243
3390 148
3391 112
3392 11
3393 218
3394 144
3395 115
3396 98
3397 72
3398 122
3399 78
3400 120
3401 162
3402 53
3403 71
3404 36
3405 200
3406 59
3407 76
3408 214
3409 1
3410 247
3411 124
3412 106
3413 150
3414 1
3415 1
3416 18
3417 205
3418 123
3419 117
3420 7
3421 40
3422 108
3423 1
3424 169
3425 117
3426 70
3427 12
3428 16
3429 144
3430 59
3431 144
3432 3
3433 140
3434 1
3435 114
3436 103
3437 202
3438 1
3439 202
3440 67
3441 197
3442 179
3443 247
3444 61
3445 163
3446 109
3447 78
3448 143
3449 16
3450 52
3451 235
3452 205
3453 11
3454 150
3455 81
3456 11
3457 51
3458 60
3459 52
3460 54
3461 110
3462 35
3463 159
3464 34
3465 15
3466 218
3467 59
3468 136
3469 190
3470 162
3471 1
3472 158
3473 133
3474 76
3475 144
3476 99
3477 202
3478 194
3479 30
3480 90
3481 49
3482 96
3483 229
3484 203
3485 38
3486 146
3487 105
3488 17
3489 144
3490 12
3491 196
3492 59
3493 73
3494 187
3495 201
3496 159
3497 27
3498 143
3499 1
3500 32
3501 219
3502 214
3503 105
3504 98
3505 69
3506 175
3507 179
3508 88
3509 152
3510 11
3511 109
3512 108
3513 222
3514 64
3515 34
3516 65
3517 144
3518 169
3519 169
3520 235
3521 12
3522 78
3523 219
3524 144
3525 107
3526 16
3527 122
3528 209
3529 124
3530 159
3531 108
3532 52
3533 119
3534 34
3535 151
3536 7
3537 228
3538 143
3539 11
3540 245
3541 1
3542 44
3543 228
3544 59
3545 12
3546 237
3547 1
3548 63
3549 52
3550 135
3551 150
3552 119
3553 166
3554 230
3555 1
3556 158
3557 16
3558 59
3559 230
3560 76
3561 77
3562 51
3563 105
3564 208
3565 43
3566 136
3567 214
3568 43
3569 106
3570 195
3571 240
3572 63
3573 2
3574 136
3575 36
3576 102
3577 214
3578 122
3579 169
3580 70
3581 124
3582 40
3583 143
3584 144
3585 235
3586 74
3587 38
3588 246
3589 144
3590 11
3591 167
3592 175
3593 196
3594 11
3595 62
3596 7
3597 186
3598 123
3599 84
3600 98
3601 147
3602 157
3603 147
3604 214
3605 218
3606 12
3607 115
3608 52
3609 150
3610 52
3611 82
3612 154
3613 133
3614 3
3615 36
3616 144
3617 179
3618 78
3619 246
3620 237
3621 186
3622 98
3623 16
3624 150
3625 22
3626 167
3627 243
3628 7
3629 34
3630 45
3631 48
3632 94
3633 190
3634 38
3635 221
3636 51
3637 88
3638 150
3639 166
3640 3
3641 49
3642 115
3643 73
3644 144
3645 11
3646 15
3647 11
3648 221
3649 235
3650 30
3651 50
3652 160
3653 74
3654 186
3655 186
3656 235
3657 59
3658 117
3659 130
3660 218
3661 142
3662 144
3663 38
3664 230
3665 180
3666 12
3667 214
3668 64
3669 15
3670 7
3671 140
3672 87
3673 246
3674 178
3675 144
3676 146
3677 136
3678 176
3679 214
3680 11
3681 154
3682 229
3683 123
3684 12
3685 245
3686 3
3687 115
3688 1
3689 144
3690 55
3691 130
3692 74
3693 136
3694 87
3695 144
3696 67
3697 67
3698 76
3699 52
3700 246
3701 37
3702 130
3703 54
3704 187
3705 106
3706 164
3707 144
3708 239
3709 206
3710 53
3711 78
3712 15
3713 35
3714 179
3715 70
3716 79
3717 5
3718 105
3719 98
3720 5
3721 164
3722 99
3723 105
3724 1
3725 52
3726 28
3727 150
3728 13
3729 84
3730 158
3731 208
3732 170
3733 186
3734 229
3735 116
3736 144
3737 124
3738 227
3739 179
3740 181
3741 99
3742 190
3743 183
3744 41
3745 59
3746 59
3747 179
3748 150
3749 52
3750 183
3751 190
3752 173
3753 113
3754 235
3755 214
3756 246
3757 169
3758 108
3759 168
3760 1
3761 144
3762 3
3763 142
3764 229
3765 130
3766 164
3767 122
3768 11
3769 11
3770 136
3771 88
3772 101
3773 52
3774 186
3775 96
3776 52
3777 12
3778 52
3779 191
3780 169
3781 156
3782 214
3783 217
3784 62
3785 229
3786 53
3787 218
3788 89
3789 10
3790 124
3791 87
3792 38
3793 76
3794 76
3795 80
3796 48
3797 52
3798 15
3799 123
3800 52
3801 59
3802 76
3803 11
3804 123
3805 179
3806 168
3807 172
3808 248
3809 214
3810 1
3811 78
3812 235
3813 214
3814 81
3815 120
3816 136
3817 47
3818 156
3819 146
3820 115
3821 59
3822 122
3823 3
3824 186
3825 33
3826 74
3827 146
3828 11
3829 202
3830 183
3831 11
3832 72
3833 235
3834 69
3835 146
3836 71
3837 4
3838 223
3839 144
3840 171
3841 104
3842 227
3843 197
3844 108
3845 24
3846 188
3847 247
3848 218
3849 160
3850 42
3851 136
3852 11
3853 136
3854 143
3855 5
3856 72
3857 144
3858 144
3859 38
3860 190
3861 98
3862 145
3863 218
3864 136
3865 63
3866 246
3867 143
3868 235
3869 38
3870 186
3871 247
3872 38
3873 6
3874 88
3875 214
3876 18
3877 59
3878 181
3879 169
3880 136
3881 175
3882 12
3883 98
3884 105
3885 151
3886 91
3887 59
3888 168
3889 1
3890 169
3891 103
3892 105
3893 182
3894 136
3895 224
3896 45
3897 15
3898 214
3899 136
3900 3
3901 197
3902 115
3903 11
3904 233
3905 99
3906 3
3907 4
3908 5
3909 208
3910 120
3911 136
3912 246
3913 141
3914 109
3915 11
3916 190
3917 243
3918 136
3919 229
3920 59
3921 4
3922 38
3923 243
3924 88
3925 144
3926 88
3927 214
3928 48
3929 153
3930 130
3931 66
3932 113
3933 241
3934 108
3935 99
3936 124
3937 146
3938 105
3939 121
3940 126
3941 71
3942 1
3943 167
3944 38
3945 67
3946 59
3947 179
3948 3
3949 144
3950 213
3951 163
3952 114
3953 246
3954 163
3955 130
3956 99
3957 118
3958 73
3959 169
3960 208
3961 156
3962 120
3963 11
3964 11
3965 202
3966 11
3967 52
3968 243
3969 144
3970 3
3971 45
3972 144
3973 189
3974 169
3975 162
3976 229
3977 124
3978 229
3979 22
3980 1
3981 18
3982 235
3983 146
3984 177
3985 235
3986 233
3987 52
3988 108
3989 143
3990 169
3991 88
3992 82
3993 83
3994 140
3995 229
3996 242
3997 117
3998 123
3999 208
4000 11
4001 38
4002 186
4003 52
4004 15
4005 152
4006 126
4007 144
4008 38
4009 37
4010 218
4011 92
4012 108
4013 11
4014 12
4015 52
4016 172
4017 74
4018 202
4019 38
4020 235
4021 144
4022 38
4023 227
4024 162
4025 165
4026 218
4027 130
4028 164
4029 102
4030 40
4031 233
4032 87
4033 198
4034 73
4035 154
4036 120
4037 235
4038 38
4039 105
4040 22
4041 237
4042 163
4043 38
4044 153
4045 11
4046 12
4047 218
4048 183
4049 29
4050 7
4051 52
4052 11
4053 136
4054 98
4055 225
4056 109
4057 11
4058 34
4059 127
4060 82
4061 135
4062 126
4063 11
4064 23
4065 235
4066 144
4067 143
4068 202
4069 38
4070 108
4071 10
4072 208
4073 75
4074 11
4075 130
4076 45
4077 11
4078 145
4079 235
4080 240
4081 108
4082 11
4083 208
4084 42
4085 102
4086 119
4087 52
4088 38
4089 1
4090 186
4091 241
4092 117
4093 53
4094 12
4095 123
4096 248
4097 229
4098 228
4099 52
4100 208
4101 136
4102 229
4103 169
4104 150
4105 169
4106 30
4107 38
4108 186
4109 1
4110 205
4111 230
4112 114
4113 38
4114 124
4115 3
4116 189
4117 1
4118 15
4119 248
4120 89
4121 130
4122 150
4123 235
4124 130
4125 130
4126 18
4127 18
4128 209
4129 169
4130 84
4131 18
4132 1
4133 214
4134 15
4135 186
4136 146
4137 11
4138 136
4139 18
4140 48
4141 82
4142 221
4143 214
4144 11
4145 125
4146 214
4147 144
4148 136
4149 17
4150 186
4151 52
4152 113
4153 52
4154 248
4155 87
4156 169
4157 78
4158 11
4159 136
4160 1
4161 136
4162 11
4163 136
4164 230
4165 1
4166 144
4167 1
4168 64
4169 18
4170 59
4171 186
4172 53
4173 25
4174 159
4175 60
4176 216
4177 17
4178 125
4179 1
4180 235
4181 144
4182 246
4183 229
4184 125
4185 37
4186 175
4187 52
4188 163
4189 52
4190 67
4191 163
4192 202
4193 186
4194 182
4195 190
4196 72
4197 208
4198 133
4199 210
4200 199
4201 235
4202 53
4203 199
4204 48
4205 146
4206 244
4207 246
4208 235
4209 202
4210 11
4211 115
4212 71
4213 74
4214 235
4215 112
4216 123
4217 105
4218 11
4219 1
4220 11
4221 70
4222 40
4223 38
4224 83
4225 2
4226 102
4227 136
4228 72
4229 45
4230 11
4231 143
4232 105
4233 209
4234 206
4235 144
4236 122
4237 52
4238 146
4239 161
4240 136
4241 11
4242 105
4243 140
4244 240
4245 235
4246 3
4247 212
4248 43
4249 71
4250 1
4251 160
4252 30
4253 38
4254 5
4255 117
4256 11
4257 73
4258 52
4259 235
4260 202
4261 72
4262 59
4263 229
4264 230
4265 123
4266 239
4267 218
4268 12
4269 193
4270 124
4271 146
4272 1
4273 52
4274 191
4275 32
4276 143
4277 235
4278 169
4279 38
4280 136
4281 206
4282 144
4283 52
4284 75
4285 225
4286 115
4287 136
4288 1
4289 88
4290 15
4291 5
4292 192
4293 114
4294 52
4295 190
4296 18
4297 109
4298 241
4299 108
4300 29
4301 246
4302 141
4303 161
4304 7
4305 245
4306 186
4307 108
4308 67
4309 120
4310 214
4311 123
4312 186
4313 96
4314 136
4315 67
4316 69
4317 168
4318 12
4319 29
4320 146
4321 226
4322 52
4323 97
4324 159
4325 11
4326 169
4327 38
4328 186
4329 160
4330 11
4331 218
4332 76
4333 8
4334 52
4335 52
4336 52
4337 197
4338 154
4339 105
4340 109
4341 221
4342 102
4343 227
4344 171
4345 124
4346 11
4347 59
4348 108
4349 235
4350 52
4351 35
4352 117
4353 102
4354 173
4355 3
4356 115
4357 29
4358 72
4359 98
4360 170
4361 7
4362 235
4363 114
4364 147
4365 1
4366 129
4367 221
4368 146
4369 33
4370 170
4371 245
4372 102
4373 143
4374 89
4375 125
4376 3
4377 143
4378 5
4379 186
4380 229
4381 38
4382 123
4383 40
4384 115
4385 108
4386 58
4387 96
4388 221
4389 11
4390 235
4391 116
4392 72
4393 52
4394 11
4395 144
4396 52
4397 94
4398 108
4399 38
4400 71
4401 136
4402 106
4403 11
4404 11
4405 59
4406 123
4407 43
4408 73
4409 158
4410 72
4411 186
4412 25
4413 144
4414 52
4415 235
4416 123
4417 239
4418 168
4419 82
4420 230
4421 115
4422 43
4423 115
4424 196
4425 120
4426 167
4427 235
4428 152
4429 124
4430 204
4431 1
4432 105
4433 171
4434 109
4435 136
4436 221
4437 85
4438 186
4439 73
4440 11
4441 26
4442 38
4443 162
4444 56
4445 231
4446 202
4447 224
4448 247
4449 11
4450 59
4451 196
4452 64
4453 38
4454 79
4455 11
4456 12
4457 29
4458 154
4459 167
4460 11
4461 144
4462 235
4463 200
4464 73
4465 38
4466 144
4467 229
4468 143
4469 246
4470 38
4471 114
4472 38
4473 136
4474 1
4475 169
4476 88
4477 93
4478 117
4479 148
4480 124
4481 221
4482 82
4483 211
4484 116
4485 102
4486 105
4487 48
4488 1
4489 73
4490 59
4491 130
4492 144
4493 5
4494 218
4495 164
4496 15
4497 76
4498 102
4499 12
4500 73
4501 249
4502 173
4503 123
4504 52
4505 123
4506 150
4507 52
4508 136
4509 138
4510 115
4511 108
4512 201
4513 136
4514 235
4515 12
4516 102
4517 108
4518 245
4519 144
4520 233
4521 15
4522 115
4523 163
4524 97
4525 173
4526 48
4527 119
4528 18
4529 115
4530 112
4531 150
4532 22
4533 115
4534 76
4535 5
4536 59
4537 34
4538 235
4539 3
4540 27
4541 229
4542 136
4543 11
4544 1
4545 108
4546 218
4547 136
4548 58
4549 11
4550 11
4551 50
4552 1
4553 34
4554 115
4555 52
4556 74
4557 208
4558 199
4559 8
4560 11
4561 97
4562 144
4563 79
4564 202
4565 229
4566 1
4567 144
4568 222
4569 153
4570 169
4571 52
4572 29
4573 59
4574 148
4575 5
4576 52
4577 1
4578 98
4579 82
4580 159
4581 11
4582 218
4583 72
4584 144
4585 3
4586 1
4587 85
4588 38
4589 11
4590 187
4591 240
4592 1
4593 94
4594 4
4595 169
4596 229
4597 146
4598 89
4599 169
4600 115
4601 88
4602 3
4603 136
4604 102
4605 212
4606 120
4607 52
4608 117
4609 1
4610 1
4611 230
4612 169
4613 130
4614 146
4615 235
4616 146
4617 115
4618 11
4619 216
4620 169
4621 248
4622 23
4623 187
4624 179
4625 218
4626 52
4627 61
4628 109
4629 146
4630 150
4631 108
4632 53
4633 117
4634 186
4635 82
4636 48
4637 144
4638 186
4639 3
4640 145
4641 82
4642 71
4643 235
4644 49
4645 169
4646 150
4647 11
4648 59
4649 229
4650 11
4651 136
4652 3
4653 147
4654 214
4655 120
4656 44
4657 114
4658 11
4659 245
4660 102
4661 11
4662 136
4663 73
4664 136
4665 155
4666 59
4667 214
4668 38
4669 140
4670 107
4671 229
4672 144
4673 196
4674 54
4675 1
4676 199
4677 244
4678 229
4679 136
4680 67
4681 108
4682 247
4683 213
4684 235
4685 11
4686 221
4687 108
4688 4
4689 15
4690 11
4691 76
4692 97
4693 11
4694 136
4695 143
4696 9
4697 15
4698 76
4699 247
4700 129
4701 181
4702 5
4703 102
4704 214
4705 108
4706 7
4707 229
4708 59
4709 129
4710 98
4711 73
4712 15
4713 150
4714 161
4715 45
4716 108
4717 103
4718 160
4719 52
4720 15
4721 239
4722 143
4723 33
4724 221
4725 186
4726 11
4727 105
4728 1
4729 90
4730 104
4731 52
4732 5
4733 172
4734 72
4735 1
4736 11
4737 159
4738 235
4739 62
4740 136
4741 52
4742 88
4743 102
4744 52
4745 239
4746 98
4747 190
4748 52
4749 76
4750 98
4751 146
4752 218
4753 52
4754 108
4755 53
4756 12
4757 102
4758 144
4759 3
4760 102
4761 3
4762 235
4763 144
4764 11
4765 144
4766 108
4767 245
4768 208
4769 247
4770 186
4771 158
4772 164
4773 213
4774 169
4775 233
4776 115
4777 38
4778 9
4779 123
4780 106
4781 108
4782 151
4783 1
4784 213
4785 1
4786 235
4787 243
4788 80
4789 192
4790 161
4791 45
4792 159
4793 245
4794 164
4795 142
4796 1
4797 38
4798 169
4799 8
4800 144
4801 37
4802 144
4803 115
4804 241
4805 214
4806 190
4807 115
4808 3
4809 102
4810 11
4811 134
4812 238
4813 186
4814 5
4815 114
4816 123
4817 52
4818 78
4819 221
4820 17
4821 186
4822 186
4823 120
4824 15
4825 164
4826 16
4827 38
4828 235
4829 59
4830 52
4831 180
4832 49
4833 11
4834 34
4835 235
4836 173
4837 37
4838 1
4839 111
4840 108
4841 82
4842 15
4843 195
4844 59
4845 11
4846 134
4847 52
4848 1
4849 3
4850 202
4851 229
4852 237
4853 22
4854 144
4855 105
4856 29
4857 106
4858 239
4859 33
4860 239
4861 78
4862 136
4863 3
4864 143
4865 229
4866 202
4867 52
4868 1
4869 186
4870 173
4871 190
4872 102
4873 144
4874 29
4875 202
4876 247
4877 245
4878 197
4879 187
4880 44
4881 52
4882 169
4883 144
4884 115
4885 5
4886 107
4887 38
4888 59
4889 136
4890 38
4891 98
4892 235
4893 38
4894 235
4895 72
4896 143
4897 11
4898 111
4899 98
4900 83
4901 1
4902 1
4903 173
4904 36
4905 186
4906 108
4907 83
4908 38
4909 108
4910 162
4911 227
4912 144
4913 190
4914 136
4915 106
4916 52
4917 247
4918 186
4919 28
4920 102
4921 139
4922 38
4923 150
4924 160
4925 236
4926 122
4927 11
4928 38
4929 246
4930 221
4931 146
4932 11
4933 144
4934 146
4935 150
4936 77
4937 186
4938 11
4939 29
4940 96
4941 235
4942 160
4943 229
4944 74
4945 74
4946 169
4947 138
4948 46
4949 52
4950 50
4951 136
4952 144
4953 70
4954 120
4955 59
4956 52
4957 15
4958 52
4959 71
4960 110
4961 105
4962 201
4963 184
4964 11
4965 186
4966 18
4967 113
4968 143
4969 92
4970 88
4971 245
4972 179
4973 183
4974 76
4975 237
4976 173
4977 192
4978 197
4979 69
4980 3
4981 29
4982 98
4983 143
4984 136
4985 173
4986 168
4987 126
4988 146
4989 186
4990 48
4991 3
4992 225
4993 136
4994 52
4995 11
4996 136
4997 144
4998 126
4999 26
