0 2
1 0
2 1
3 7
4 7
5 0
6 0
7 2
8 -1
9 0
10 3
11 3
12 -1
13 0
14 1
15 4
16 5
17 1
18 -1
19 -1
20 3
21 2
22 1
23 -1
24 3
25 6
26 3
27 2
28 1
29 0
30 4
31 3
32 7
33 6
34 6
35 7
36 -1
37 0
38 1
39 6
40 6
41 -1
42 7
43 4
44 3
45 0
46 3
47 0
48 1
49 0
50 8
51 0
52 1
53 7
54 -1
55 3
56 -1
57 3
58 -1
59 3
60 1
61 1
62 0
63 2
64 -1
65 1
66 6
67 6
68 -1
69 3
70 3
71 7
72 10
73 0
74 12
75 3
76 -1
77 -1
78 2
79 0
80 1
81 8
82 0
83 1
84 -1
85 4
86 -1
87 0
88 2
89 1
90 6
91 -1
92 1
93 1
94 1
95 -1
96 0
97 1
98 7
99 0
100 0
101 2
102 -1
103 7
104 0
105 3
106 -1
107 -1
108 -1
109 1
110 2
111 3
112 -1
113 -1
114 2
115 3
116 -1
117 2
118 0
119 0
120 3
121 3
122 2
123 2
124 4
125 1
126 8
127 7
128 3
129 -1
130 0
131 -1
132 7
133 10
134 3
135 1
136 3
137 3
138 -1
139 -1
140 3
141 6
142 2
143 1
144 6
145 3
146 6
147 1
148 2
149 1
150 6
151 3
152 5
153 3
154 7
155 1
156 7
157 0
158 6
159 3
160 6
161 0
162 -1
163 0
164 3
165 0
166 6
167 1
168 2
169 4
170 7
171 1
172 1
173 2
174 -1
175 3
176 3
177 6
178 1
179 0
180 0
181 7
182 4
183 0
184 1
185 -1
186 2
187 1
188 7
189 4
190 2
191 -1
192 -1
193 3
194 3
195 -1
196 -1
197 2
198 0
199 0
200 -1
201 4
202 3
203 6
204 3
205 7
206 1
207 3
208 7
209 1
210 1
211 0
212 0
213 12
214 0
215 3
216 1
217 5
218 -1
219 6
220 0
221 4
222 1
223 -1
224 0
225 7
226 0
227 3
228 0
229 0
230 6
231 -1
232 6
233 -1
234 -1
235 0
236 1
237 7
238 0
239 4
240 -1
241 0
242 1
243 -1
244 2
245 1
246 -1
247 0
248 7
249 1
250 3
251 3
252 0
253 1
254 -1
255 0
256 0
257 1
258 -1
259 0
260 1
261 1
262 1
263 1
264 1
265 -1
266 -1
267 4
268 0
269 1
270 7
271 -1
272 6
273 7
274 0
275 -1
276 1
277 2
278 1
279 0
280 -1
281 0
282 6
283 -1
284 0
285 1
286 1
287 -1
288 6
289 -1
290 0
291 -1
292 -1
293 0
294 4
295 4
296 0
297 4
298 3
301 5
302 6
303 10
304 1
305 4
306 7
307 1
308 6
309 0
310 6
311 3
312 7
313 -1
314 7
315 0
316 1
317 -1
318 6
319 0
320 3
321 3
322 -1
323 7
324 4
325 0
326 -1
327 6
328 3
329 0
330 12
331 -1
332 7
333 10
334 6
335 0
336 1
337 3
338 7
339 4
340 7
341 6
342 -1
343 3
344 4
345 3
346 6
347 6
348 -1
349 3
350 -1
351 0
352 6
353 -1
354 0
355 6
356 1
357 4
358 8
359 6
360 -1
361 1
362 3
363 1
364 -1
365 7
366 0
367 -1
368 8
369 6
370 1
371 5
372 1
373 1
374 3
375 9
376 1
377 5
378 0
379 7
380 0
381 2
382 0
383 0
384 5
385 1
386 -1
387 -1
388 4
389 3
390 -1
391 -1
392 1
393 6
394 4
395 6
396 6
397 0
398 7
399 1
400 -1
401 4
402 3
403 0
404 0
405 4
407 3
408 -1
409 7
410 3
411 1
412 7
413 3
414 3
415 6
416 -1
417 0
418 0
419 1
420 3
421 1
422 -1
423 1
424 3
425 1
426 1
427 0
428 1
429 6
430 -1
431 1
432 1
433 3
434 1
435 4
436 4
437 0
438 7
439 -1
440 -1
441 2
442 -1
443 0
444 0
445 -1
446 1
447 6
448 6
449 6
450 5
451 7
452 1
453 6
454 8
455 2
456 3
457 0
458 2
459 -1
460 7
461 7
462 4
463 4
464 3
465 0
466 6
467 -1
468 7
469 -1
470 2
471 0
472 7
473 7
474 2
475 7
476 4
477 4
478 2
479 6
480 4
481 1
482 7
483 3
484 -1
485 0
486 3
487 1
488 -1
489 -1
490 7
491 6
492 1
493 6
494 -1
495 7
496 2
497 1
498 5
499 3
500 3
501 7
502 7
503 0
504 1
505 -1
506 7
507 -1
508 3
509 1
510 6
511 7
512 0
513 6
514 1
515 3
516 2
517 -1
518 -1
519 -1
520 6
522 -1
523 6
524 7
525 6
526 0
527 5
528 1
529 6
530 -1
531 1
532 7
533 7
534 3
535 -1
536 7
537 1
538 -1
539 -1
540 1
541 0
542 4
543 3
544 4
545 7
546 2
547 5
548 3
549 5
550 6
551 0
552 4
553 7
554 0
555 7
556 -1
557 -1
558 1
559 4
560 7
561 0
562 2
563 3
564 3
565 7
566 4
567 7
568 3
569 0
570 -1
571 1
572 -1
573 0
574 6
575 0
576 -1
577 6
578 6
579 3
580 6
581 -1
582 1
583 -1
584 3
585 7
586 0
587 6
588 2
589 6
590 3
591 3
592 6
593 4
594 -1
595 1
596 7
597 0
598 6
599 3
600 -1
601 3
602 2
603 0
604 0
605 0
606 3
607 6
608 3
609 -1
610 1
611 6
612 7
613 4
614 -1
615 6
616 3
617 6
618 1
619 1
620 6
621 -1
622 5
623 1
624 -1
626 3
627 0
628 1
629 3
630 1
631 8
632 6
633 3
634 1
635 3
636 0
637 3
638 6
639 7
640 1
641 -1
642 7
643 7
644 -1
645 2
646 4
647 3
648 5
649 6
650 7
651 1
652 3
654 0
655 -1
656 0
657 0
658 4
659 7
660 6
661 0
662 2
663 0
664 6
665 4
666 3
667 7
668 -1
669 4
670 6
671 4
672 6
673 0
674 3
675 2
676 6
677 7
678 10
679 6
680 4
681 3
682 2
683 1
684 7
685 3
686 6
687 3
688 6
689 -1
690 1
691 6
692 2
693 2
694 3
695 1
696 4
697 4
698 3
699 0
700 -1
701 2
702 9
703 6
704 3
705 7
706 1
707 6
708 0
709 5
710 2
711 1
712 1
713 0
715 7
716 3
717 -1
718 -1
719 3
720 6
721 -1
722 1
723 0
724 -1
725 6
726 -1
727 1
728 3
729 0
730 -1
731 3
732 4
733 4
734 9
735 0
736 3
737 6
738 5
739 0
740 0
741 7
742 0
743 6
744 3
745 -1
746 6
747 1
748 3
749 -1
750 7
751 6
752 3
753 -1
754 1
755 6
756 3
757 4
758 1
759 6
760 8
761 4
762 6
763 6
764 6
765 7
766 4
767 1
768 1
769 1
770 6
771 7
772 6
773 1
774 3
775 3
776 3
777 3
778 2
779 3
780 7
781 0
782 0
783 3
784 0
785 2
786 6
787 2
788 1
790 3
791 0
792 0
793 -1
794 3
795 0
796 0
797 1
798 0
799 6
800 3
801 -1
802 3
803 7
804 3
805 1
806 5
807 7
808 1
809 4
810 3
811 0
812 7
813 3
814 4
815 7
816 -1
817 6
818 -1
819 6
820 3
821 4
822 1
823 3
824 7
825 7
826 3
827 3
828 1
829 3
830 3
831 6
832 -1
833 2
834 0
835 3
836 0
837 3
838 3
839 2
840 2
841 4
842 0
843 7
844 4
845 3
846 4
847 -1
848 9
849 7
850 3
851 -1
852 7
853 3
854 0
855 1
856 3
857 6
858 6
859 0
860 3
861 3
862 6
863 3
864 3
865 2
866 3
867 6
868 0
869 0
870 4
871 0
872 0
873 0
874 -1
875 0
876 0
877 2
878 0
879 4
880 3
881 -1
882 4
883 3
884 1
885 -1
886 3
887 0
888 6
889 7
890 1
891 3
892 3
893 1
894 2
895 -1
896 1
897 3
898 0
899 7
900 6
901 6
902 0
903 1
904 4
905 0
906 2
907 2
908 -1
909 1
910 1
911 0
912 4
913 0
914 1
915 1
916 0
917 4
918 3
919 4
920 4
921 6
922 7
923 6
924 1
925 7
926 3
927 7
928 6
929 4
930 6
931 7
932 5
933 7
934 7
935 6
936 10
937 -1
938 0
939 0
940 0
941 1
942 7
943 3
944 3
945 7
946 2
947 6
948 0
949 4
950 -1
951 3
952 3
953 -1
954 6
955 3
956 6
957 6
958 -1
959 -1
960 3
961 -1
962 1
963 0
964 2
965 -1
966 4
967 4
968 3
969 10
970 3
971 3
972 0
973 6
974 0
975 6
976 2
977 0
978 1
979 0
980 0
981 -1
982 3
983 0
984 3
985 0
986 7
987 0
988 7
989 0
990 7
991 6
992 4
993 2
994 3
995 6
996 1
997 -1
998 3
999 0
1000 1
1001 1
1002 4
1003 0
1004 6
1005 4
1006 -1
1007 6
1008 4
1009 0
1010 6
1011 0
1012 7
1013 6
1014 0
1015 4
1016 3
1018 0
1019 7
1020 7
1021 -1
1022 3
1023 0
1024 6
1025 7
1026 -1
1027 1
1028 -1
1029 0
1030 0
1031 3
1032 -1
1033 3
1034 0
1035 6
1036 1
1037 -1
1038 0
1039 0
1040 4
1041 -1
1042 6
1043 3
1044 3
1045 0
1046 6
1047 1
1048 1
1049 2
1050 5
1051 0
1052 6
1053 7
1054 3
1055 1
1056 0
1057 -1
1058 4
1059 4
1060 4
1061 -1
1062 0
1063 3
1064 3
1065 4
1066 6
1067 3
1068 7
1069 -1
1070 6
1071 6
1072 4
1073 6
1074 4
1075 7
1076 -1
1077 6
1078 6
1079 3
1080 1
1081 3
1082 3
1083 1
1084 6
1085 1
1086 1
1087 6
1088 4
1089 3
1090 0
1091 0
1092 -1
1093 0
1094 0
1095 0
1096 6
1097 1
1098 1
1099 7
1100 -1
1101 7
1102 7
1103 -1
1104 -1
1105 -1
1106 -1
1107 7
1108 -1
1109 6
1110 6
1111 6
1112 3
1113 -1
1114 6
1115 4
1116 0
1117 4
1118 7
1119 6
1120 7
1121 3
1122 0
1123 5
1124 6
1125 -1
1126 -1
1127 3
1128 2
1129 0
1130 4
1131 -1
1132 1
1133 0
1134 7
1135 6
1136 3
1137 3
1138 6
1139 0
1140 3
1141 2
1142 3
1143 3
1144 -1
1145 6
1146 2
1147 -1
1148 1
1149 -1
1150 3
1151 6
1152 7
1153 0
1154 4
1155 2
1156 4
1157 0
1158 3
1159 6
1160 3
1161 3
1162 0
1163 3
1164 4
1165 3
1166 0
1167 3
1168 4
1169 7
1170 9
1171 0
1172 -1
1173 4
1174 0
1175 4
1176 4
1177 6
1178 4
1179 4
1180 0
1181 3
1182 0
1183 6
1184 -1
1185 7
1186 -1
1187 1
1188 -1
1189 7
1190 4
1191 7
1192 4
1193 6
1194 6
1195 1
1196 0
1197 1
1198 7
1199 3
1200 1
1201 6
1202 0
1203 5
1205 0
1206 3
1207 1
1208 3
1209 2
1210 6
1211 3
1212 7
1213 6
1214 7
1215 3
1216 8
1217 -1
1218 -1
1219 1
1220 7
1221 6
1222 0
1223 1
1224 0
1225 3
1226 6
1227 4
1228 0
1229 0
1230 6
1231 6
1232 3
1233 3
1234 1
1235 3
1236 6
1237 1
1238 6
1239 2
1240 4
1241 -1
1242 7
1243 2
1244 3
1245 6
1246 0
1247 7
1248 7
1249 9
1250 3
1251 3
1252 0
1253 -1
1254 -1
1255 0
1256 7
1257 8
1258 5
1259 6
1260 0
1261 1
1262 6
1263 1
1264 3
1265 7
1266 7
1267 1
1268 0
1269 4
1270 3
1271 3
1273 0
1274 3
1275 0
1277 -1
1278 7
1279 7
1280 0
1281 0
1282 0
1283 -1
1284 3
1285 0
1286 4
1287 5
1288 -1
1289 4
1290 0
1291 3
1292 1
1293 4
1294 3
1295 0
1296 1
1297 7
1298 6
1299 0
1300 3
1301 3
1302 3
1303 7
1304 6
1305 3
1306 4
1307 4
1308 3
1309 4
1310 4
1311 4
1312 6
1313 0
1314 1
1315 3
1316 -1
1317 3
1318 7
1319 -1
1320 3
1321 1
1322 0
1323 1
1324 3
1325 -1
1326 6
1327 6
1328 7
1329 6
1330 4
1331 7
1332 0
1333 4
1334 5
1335 -1
1336 3
1337 3
1338 7
1339 0
1340 -1
1341 1
1342 6
1343 3
1344 0
1345 0
1346 3
1347 6
1348 6
1349 6
1350 -1
1351 7
1352 1
1353 4
1354 3
1355 3
1356 7
1357 7
1358 6
1359 -1
1360 1
1361 1
1362 1
1363 1
1364 0
1365 0
1366 3
1367 1
1368 1
1369 5
1370 7
1371 6
1372 0
1373 3
1374 0
1375 7
1376 -1
1377 0
1378 6
1379 0
1380 7
1381 -1
1382 4
1383 3
1384 3
1385 5
1386 3
1387 1
1388 4
1389 0
1390 3
1391 3
1392 4
1393 4
1394 0
1396 1
1397 3
1398 6
1400 6
1401 -1
1402 5
1403 6
1404 4
1405 6
1406 6
1407 6
1408 -1
1409 1
1410 1
1411 7
1412 3
1413 4
1414 0
1415 7
1416 3
1417 1
1418 6
1419 2
1420 3
1421 1
1422 -1
1423 6
1425 6
1426 0
1427 3
1428 -1
1429 4
1430 2
1431 3
1432 4
1433 1
1434 0
1435 6
1436 4
1437 3
1438 3
1439 4
1440 0
1441 1
1442 6
1443 3
1444 -1
1445 7
1446 0
1447 1
1448 0
1449 4
1450 1
1451 1
1452 -1
1453 3
1454 5
1455 1
1456 0
1457 6
1458 6
1459 6
1460 -1
1461 1
1463 3
1464 4
1465 7
1466 3
1467 3
1468 -1
1469 4
1470 6
1471 -1
1472 5
1473 0
1474 4
1475 -1
1476 4
1477 4
1478 1
1479 0
1480 1
1481 0
1482 -1
1483 0
1484 7
1485 0
1486 3
1487 0
1488 6
1489 4
1490 1
1491 6
1493 1
1494 0
1495 0
1496 6
1497 3
1498 1
1499 2
1500 4
1501 2
1502 6
1503 7
1504 0
1505 7
1506 -1
1507 0
1508 3
1509 0
1510 4
1511 6
1512 4
1513 7
1514 7
1515 4
1516 1
1517 4
1518 4
1519 0
1520 3
1521 4
1522 -1
1523 0
1524 4
1525 1
1526 1
1527 4
1528 3
1529 4
1530 4
1531 7
1532 0
1533 1
1534 6
1535 -1
1536 6
1537 0
1538 7
1539 4
1540 4
1541 6
1542 6
1543 3
1544 3
1545 -1
1546 7
1547 3
1548 1
1549 1
1550 -1
1551 4
1552 0
1553 6
1554 3
1555 2
1556 6
1557 7
1558 4
1559 1
1560 3
1561 4
1562 1
1563 7
1564 6
1565 1
1566 7
1567 7
1568 0
1569 -1
1570 4
1571 3
1572 4
1573 3
1574 -1
1575 4
1576 4
1577 -1
1578 7
1579 6
1580 1
1581 2
1582 3
1583 1
1584 6
1585 4
1586 4
1587 3
1588 4
1589 1
1590 6
1591 0
1592 0
1593 -1
1594 6
1595 3
1596 1
1597 6
1598 7
1599 6
1600 1
1601 0
1602 6
1603 0
1604 3
1605 4
1606 0
1607 6
1608 6
1609 3
1610 -1
1611 -1
1612 0
1613 6
1614 0
1615 1
1616 4
1617 -1
1618 0
1619 0
1620 6
1621 0
1622 3
1623 3
1624 1
1625 -1
1626 1
1627 1
1628 6
1629 10
1630 1
1631 0
1632 6
1633 4
1634 6
1635 6
1636 1
1637 3
1638 1
1639 1
1640 0
1641 6
1642 0
1643 3
1644 6
1645 0
1646 6
1647 7
1648 4
1649 0
1650 0
1651 6
1652 3
1653 7
1654 6
1655 4
1656 4
1657 0
1658 6
1659 7
1660 2
1661 7
1662 1
1663 6
1664 4
1665 0
1666 0
1667 0
1668 2
1669 1
1670 1
1671 1
1672 4
1673 3
1674 1
1675 2
1676 -1
1677 -1
1678 4
1679 6
1680 6
1681 1
1682 0
1683 1
1684 3
1685 6
1686 1
1688 4
1689 6
1690 6
1691 7
1692 -1
1693 0
1694 0
1695 12
1696 1
1697 0
1698 7
1699 4
1700 6
1701 3
1702 4
1703 -1
1704 3
1705 12
1706 6
1707 6
1708 3
1709 4
1710 5
1711 7
1712 1
1713 7
1714 7
1716 4
1717 3
1718 3
1719 7
1720 0
1721 7
1722 0
1723 3
1725 3
1726 7
1727 4
1728 0
1729 1
1730 1
1731 6
1732 -1
1733 0
1734 5
1735 6
1736 7
1737 1
1738 10
1739 3
1740 6
1741 4
1742 3
1743 7
1744 6
1745 3
1746 1
1747 0
1748 9
1749 1
1750 4
1751 4
1752 4
1753 6
1754 12
1755 6
1756 -1
1757 0
1758 0
1759 7
1760 -1
1761 0
1762 3
1764 0
1765 4
1766 -1
1767 7
1768 6
1770 1
1771 7
1772 1
1773 4
1774 6
1775 6
1776 0
1777 0
1778 3
1779 4
1780 7
1781 6
1782 0
1783 4
1784 0
1785 0
1786 2
1787 0
1788 0
1789 2
1790 -1
1791 6
1792 3
1793 3
1794 4
1795 2
1796 3
1797 6
1798 6
1799 4
1800 -1
1801 -1
1802 -1
1803 3
1804 -1
1805 7
1806 1
1807 6
1808 6
1809 -1
1810 4
1811 -1
1812 4
1813 4
1814 5
1815 0
1816 1
1817 0
1818 1
1819 0
1820 -1
1821 4
1822 -1
1823 0
1824 0
1825 7
1826 -1
1827 3
1828 4
1829 -1
1830 1
1831 6
1832 1
1833 3
1834 4
1835 0
1836 3
1837 7
1838 1
1839 0
1840 6
1841 4
1842 0
1843 4
1844 4
1845 -1
1846 2
1847 6
1848 -1
1849 4
1850 6
1851 -1
1852 3
1853 6
1854 3
1855 6
1856 0
1857 0
1858 1
1859 6
1860 0
1861 1
1862 0
1863 0
1864 0
1865 4
1866 6
1867 3
1868 6
1869 7
1870 -1
1871 2
1872 6
1873 4
1874 6
1875 0
1876 0
1877 0
1878 3
1879 -1
1881 0
1882 3
1883 -1
1884 6
1885 0
1886 12
1887 6
1888 -1
1889 3
1890 6
1891 3
1892 6
1893 0
1894 -1
1895 1
1896 0
1897 1
1898 4
1899 0
1900 4
1901 7
1902 7
1903 3
1904 0
1905 7
1906 1
1907 6
1908 3
1909 6
1910 3
1911 3
1912 0
1913 1
1914 1
1915 7
1916 0
1917 1
1918 3
1919 0
1920 3
1921 4
1922 8
1923 6
1924 6
1925 4
1926 4
1927 3
1928 -1
1929 6
1930 3
1931 0
1932 4
1933 6
1934 7
1935 4
1936 -1
1937 0
1938 1
1939 3
1940 0
1941 3
1942 -1
1943 7
1944 1
1945 1
1946 1
1947 4
1948 6
1949 4
1950 6
1951 3
1952 3
1953 4
1954 0
1955 6
1956 -1
1957 6
1958 3
1959 0
1960 6
1961 7
1962 6
1963 8
1964 11
1965 0
1966 0
1967 0
1968 3
1969 -1
1970 6
1971 4
1972 1
1973 -1
1974 0
1975 1
1976 1
1977 3
1978 6
1979 -1
1980 0
1981 0
1982 3
1983 -1
1984 2
1985 3
1986 0
1987 1
1988 3
1989 3
1990 1
1991 3
1992 3
1993 3
1994 6
1995 6
1996 0
1997 0
1998 1
1999 -1
2000 -1
2002 2
2003 -1
2004 6
2006 6
2007 3
2008 6
2009 4
2010 6
2011 3
2012 6
2013 4
2014 6
2015 1
2016 3
2017 0
2018 1
2019 7
2020 7
2021 3
2022 3
2023 1
2024 4
2025 0
2026 6
2027 6
2028 1
2029 6
2030 -1
2031 6
2032 3
2033 6
2034 2
2035 1
2037 9
2038 3
2039 2
2040 -1
2041 6
2042 6
2043 2
2044 6
2045 3
2046 8
2047 2
2049 4
2050 1
2051 6
2052 0
2053 4
2054 7
2055 3
2056 3
2057 3
2058 6
2059 6
2060 6
2061 6
2062 2
2063 6
2064 6
2065 3
2066 3
2067 6
2068 -1
2069 -1
2070 1
2071 4
2072 -1
2073 6
2074 -1
2075 7
2076 6
2077 2
2078 0
2079 1
2080 4
2081 3
2082 1
2083 3
2084 3
2085 4
2086 6
2087 6
2088 0
2089 4
2090 -1
2091 7
2092 3
2093 6
2094 0
2095 5
2096 4
2097 3
2098 6
2099 7
2100 6
2101 1
2102 2
2103 4
2104 4
2105 3
2106 6
2107 4
2108 0
2109 6
2110 4
2111 6
2112 -1
2113 6
2114 7
2115 6
2116 3
2117 6
2118 6
2119 6
2120 6
2121 6
2122 0
2123 6
2125 3
2126 6
2127 3
2128 0
2129 0
2130 0
2131 0
2132 6
2133 3
2134 1
2135 4
2136 4
2137 0
2138 3
2139 -1
2140 1
2141 0
2142 6
2143 6
2144 1
2145 6
2146 1
2147 -1
2148 6
2149 6
2150 6
2151 0
2152 7
2153 1
2154 3
2155 0
2156 4
2157 6
2158 6
2159 3
2160 -1
2161 -1
2162 -1
2163 8
2164 3
2165 6
2166 3
2167 6
2168 3
2169 1
2170 0
2171 0
2172 6
2173 6
2174 6
2175 0
2176 4
2177 1
2178 7
2179 3
2180 1
2181 4
2182 3
2183 3
2184 6
2185 -1
2186 7
2187 3
2188 6
2189 -1
2190 1
2191 3
2192 3
2193 4
2194 -1
2195 4
2196 0
2197 6
2198 4
2199 6
2200 0
2201 1
2202 6
2203 0
2204 -1
2205 1
2207 4
2208 3
2209 1
2211 0
2212 6
2213 0
2214 0
2215 0
2216 0
2217 4
2218 6
2219 3
2220 6
2221 1
2222 0
2223 4
2224 7
2225 6
2226 1
2227 3
2228 3
2229 1
2230 3
2231 0
2232 3
2233 6
2234 3
2235 1
2236 1
2237 6
2238 6
2239 8
2240 2
2241 0
2242 1
2243 4
2244 6
2245 6
2246 1
2247 0
2248 7
2249 -1
2250 6
2251 5
2252 6
2253 0
2254 7
2255 6
2256 6
2257 0
2258 1
2260 -1
2261 0
2262 4
2263 1
2264 3
2265 1
2266 6
2267 4
2268 6
2269 -1
2270 4
2271 0
2272 6
2273 4
2274 4
2275 6
2276 1
2277 0
2278 6
2279 -1
2280 4
2281 1
2282 10
2283 -1
2284 3
2285 7
2286 6
2287 7
2288 4
2289 0
2290 2
2291 -1
2292 0
2293 0
2294 4
2295 -1
2296 6
2297 0
2298 0
2299 6
2300 6
2301 3
2302 6
2303 0
2304 1
2305 4
2306 3
2307 4
2309 4
2310 6
2311 3
2312 6
2313 7
2314 4
2315 6
2316 3
2317 11
2318 4
2319 1
2320 6
2321 3
2322 6
2323 0
2324 6
2325 -1
2327 -1
2328 0
2329 -1
2330 -1
2331 6
2332 -1
2333 1
2334 4
2335 3
2336 4
2337 0
2338 4
2339 6
2340 10
2341 1
2342 4
2343 4
2344 0
2345 -1
2346 1
2347 6
2348 7
2349 1
2350 0
2351 6
2352 6
2353 6
2354 0
2355 -1
2356 3
2357 6
2358 6
2359 1
2361 4
2362 6
2363 4
2364 -1
2365 -1
2366 3
2367 7
2368 3
2369 6
2370 0
2371 2
2372 3
2373 4
2374 4
2375 1
2376 1
2377 4
2378 6
2379 -1
2380 7
2382 0
2383 6
2384 3
2385 6
2386 1
2387 0
2388 0
2389 6
2390 4
2391 4
2392 3
2393 7
2394 4
2395 0
2396 4
2398 0
2399 1
2400 0
2401 4
2403 3
2404 -1
2405 6
2406 6
2407 6
2408 0
2410 6
2411 4
2412 1
2413 6
2414 3
2415 3
2416 6
2417 12
2418 3
2419 6
2420 7
2421 0
2422 0
2423 0
2424 3
2425 4
2426 4
2427 -1
2428 0
2429 6
2430 6
2431 -1
2432 3
2433 0
2434 6
2435 4
2436 -1
2437 6
2438 1
2439 0
2440 6
2441 0
2442 6
2443 0
2444 3
2445 -1
2446 4
2447 1
2448 0
2449 6
2450 1
2451 -1
2452 -1
2453 4
2454 4
2455 1
2456 6
2457 6
2458 0
2459 0
2460 7
2461 4
2462 3
2463 6
2464 0
2465 -1
2466 0
2467 0
2468 4
2469 0
2470 7
2471 4
2472 1
2473 7
2474 6
2475 2
2476 6
2477 6
2478 1
2479 7
2480 -1
2481 1
2482 7
2483 6
2484 3
2485 1
2486 6
2487 7
2488 4
2489 1
2490 6
2491 -1
2492 6
2493 0
2494 6
2495 7
2496 3
2497 6
2498 1
2499 1
2500 1
2501 3
2503 -1
2504 6
2505 0
2506 0
2507 0
2508 4
2509 6
2511 4
2512 4
2513 0
2514 1
2515 0
2516 3
2517 -1
2518 0
2519 0
2520 1
2521 3
2522 3
2523 6
2524 4
2525 0
2526 0
2527 -1
2528 4
2529 4
2530 3
2531 6
2532 0
2533 3
2534 6
2535 6
2536 3
2537 6
2538 4
2539 6
2540 0
2541 6
2542 6
2543 4
2544 0
2545 4
2546 1
2547 6
2548 4
2549 7
2550 0
2551 0
2552 3
2553 4
2554 4
2555 0
2556 4
2557 0
2558 -1
2559 1
2560 4
2561 0
2562 4
2563 4
2564 6
2565 -1
2566 6
2567 6
2568 2
2569 3
2570 2
2571 3
2572 -1
2573 6
2574 6
2575 1
2576 6
2577 12
2578 7
2579 4
2581 0
2582 6
2583 7
2584 4
2585 1
2587 1
2588 6
2589 7
2590 -1
2591 7
2592 7
2593 6
2595 0
2596 7
2597 6
2598 4
2599 -1
2600 6
2601 6
2602 6
2603 0
2604 3
2605 1
2606 3
2608 -1
2609 6
2610 6
2611 0
2612 1
2613 10
2614 1
2615 0
2616 4
2617 7
2618 0
2619 6
2620 7
2621 6
2622 1
2623 3
2624 1
2625 6
2626 0
2627 6
2628 -1
2629 3
2630 0
2631 -1
2632 1
2633 4
2634 3
2635 0
2636 0
2637 6
2638 6
2639 0
2640 0
2641 6
2642 0
2643 3
2644 4
2645 1
2646 0
2647 3
2648 -1
2649 4
2650 4
2651 0
2652 0
2653 1
2654 6
2655 6
2656 3
2657 3
2658 7
2659 -1
2660 0
2661 0
2662 0
2663 -1
2665 4
2666 6
2667 3
2668 4
2669 6
2670 4
2671 0
2672 1
2673 3
2674 -1
2675 7
2676 0
2677 4
2678 1
2679 1
2681 0
2682 -1
2683 6
2684 0
2685 6
2686 6
2687 0
2688 4
2689 4
2690 4
2691 -1
2692 0
2693 6
2694 0
2695 -1
2696 3
2697 1
2698 0
2699 0
2700 6
2701 1
2702 0
2703 2
2704 0
2705 3
2706 3
2707 8
2708 0
2709 0
2710 7
2711 7
2712 1
2713 2
2714 0
2715 6
2717 3
2718 6
2719 3
2720 6
2721 -1
2722 0
2723 0
2724 0
2725 0
2727 1
2728 4
2729 0
2730 4
2731 2
2732 1
2733 -1
2734 3
2735 1
2736 -1
2737 -1
2738 6
2739 7
2740 3
2741 4
2742 6
2743 -1
2744 0
2745 0
2746 -1
2747 3
2748 3
2749 6
2750 3
2751 0
2752 6
2753 0
2754 4
2755 2
2756 -1
2757 0
2758 4
2759 3
2760 4
2761 0
2762 6
2763 0
2764 -1
2765 6
2766 0
2767 7
2768 0
2769 0
2770 6
2771 11
2773 4
2774 6
2775 0
2776 7
2777 3
2778 4
2779 4
2780 3
2781 6
2782 0
2783 4
2784 1
2785 4
2786 4
2787 4
2788 4
2789 7
2790 8
2791 0
2792 4
2793 4
2794 4
2795 0
2796 3
2797 3
2798 4
2799 0
2800 3
2801 4
2802 3
2803 6
2804 0
2805 1
2806 -1
2807 6
2808 7
2809 7
2810 6
2811 0
2812 -1
2813 4
2814 0
2815 1
2816 7
2817 4
2818 0
2819 0
2820 6
2821 3
2822 7
2823 6
2824 1
2826 0
2827 0
2828 2
2829 1
2830 1
2831 4
2832 0
2833 3
2834 7
2835 0
2836 7
2837 6
2838 0
2839 4
2840 -1
2841 3
2842 4
2843 6
2844 1
2845 0
2846 1
2847 5
2848 0
2849 6
2850 2
2851 6
2852 3
2853 0
2854 6
2855 4
2856 0
2857 6
2858 6
2859 6
2860 1
2861 -1
2862 4
2863 6
2864 4
2865 2
2866 0
2867 -1
2868 3
2869 6
2870 6
2871 7
2872 1
2873 3
2874 4
2875 3
2877 0
2878 3
2879 6
2880 1
2881 1
2882 6
2883 6
2884 0
2886 0
2887 4
2888 2
2889 0
2890 1
2891 4
2892 4
2893 6
2894 2
2895 -1
2896 4
2897 7
2898 3
2899 1
2900 1
2901 6
2902 6
2903 2
2904 2
2905 0
2906 4
2907 0
2909 3
2910 3
2911 4
2912 3
2913 4
2914 0
2915 1
2916 0
2917 4
2918 7
2919 0
2920 3
2921 3
2922 6
2923 7
2924 0
2925 -1
2926 0
2927 -1
2928 6
2929 6
2930 7
2931 6
2932 6
2933 6
2934 6
2935 6
2936 3
2937 0
2938 7
2939 6
2940 6
2941 7
2942 6
2943 6
2944 1
2945 0
2946 1
2947 -1
2948 0
2949 0
2950 1
2951 3
2952 4
2953 4
2954 -1
2955 3
2956 4
2957 6
2958 -1
2960 6
2961 7
2962 0
2963 -1
2964 4
2965 0
2966 5
2967 6
2968 0
2969 4
2970 4
2971 6
2972 6
2973 4
2974 6
2975 6
2976 3
2977 3
2978 4
2979 3
2980 5
2981 6
2982 1
2983 4
2984 1
2985 4
2986 4
2987 3
2988 7
2989 4
2990 4
2991 4
2992 0
2993 4
2994 6
2995 6
2996 6
2997 4
2998 4
2999 6
3000 6
3001 1
3002 4
3003 0
3004 0
3005 3
3006 6
3007 6
3009 6
3010 6
3011 3
3012 4
3013 -1
3014 6
3015 4
3016 0
3017 0
3018 6
3019 6
3020 0
3021 -1
3022 6
3023 4
3024 6
3025 1
3027 4
3028 4
3029 3
3030 6
3031 6
3032 4
3033 6
3034 6
3035 4
3036 3
3037 6
3038 4
3039 7
3040 4
3041 6
3042 6
3043 6
3044 4
3045 0
3046 3
3047 6
3048 7
3049 -1
3050 1
3051 6
3052 3
3053 0
3054 6
3055 6
3056 3
3057 1
3058 6
3059 6
3060 1
3062 1
3063 -1
3064 4
3065 4
3066 4
3067 3
3068 6
3069 4
3070 4
3071 0
3072 1
3073 4
3074 1
3075 1
3076 3
3077 -1
3078 2
3079 0
3080 6
3081 0
3082 6
3083 0
3084 -1
3085 0
3087 0
3088 12
3089 4
3090 1
3091 0
3092 0
3093 6
3094 3
3095 6
3096 0
3097 10
3098 6
3099 3
3100 3
3101 -1
3102 6
3103 4
3104 4
3105 6
3106 6
3107 6
3108 1
3109 4
3110 7
3111 4
3112 6
3113 6
3114 4
3115 1
3116 1
3117 6
3118 -1
3119 -1
3120 -1
3121 0
3122 6
3123 4
3124 0
3125 -1
3126 0
3127 4
3128 6
3129 4
3130 0
3131 4
3132 0
3133 3
3134 4
3135 4
3136 0
3137 4
3138 0
3139 0
3140 0
3141 4
3142 3
3143 0
3144 6
3145 6
3146 1
3147 0
3148 1
3149 0
3150 7
3151 -1
3152 -1
3153 4
3154 3
3155 12
3156 6
3157 0
3158 0
3159 3
3160 6
3161 7
3162 4
3163 0
3164 3
3165 6
3166 0
3167 -1
3168 0
3169 0
3170 6
3171 1
3172 6
3173 6
3174 6
3175 3
3176 4
3177 -1
3178 7
3179 -1
3180 3
3181 -1
3182 0
3183 6
3184 0
3185 6
3186 7
3187 3
3188 4
3189 4
3190 7
3191 6
3192 4
3194 0
3195 3
3196 0
3197 6
3198 6
3199 6
3200 6
3201 6
3202 6
3203 -1
3204 4
3205 4
3206 4
3207 3
3208 0
3209 4
3210 6
3211 3
3212 6
3213 0
3214 4
3215 3
3216 6
3217 4
3218 2
3219 -1
3220 7
3222 0
3223 3
3224 7
3225 3
3226 6
3227 4
3228 0
3229 0
3230 -1
3231 3
3232 4
3233 6
3234 0
3235 3
3236 4
3237 2
3238 0
3239 -1
3240 1
3241 6
3242 3
3243 -1
3244 0
3245 1
3246 0
3247 4
3248 4
3249 8
3250 6
3252 0
3253 0
3254 3
3255 4
3256 6
3257 6
3258 -1
3259 4
3260 7
3261 4
3262 4
3263 7
3264 4
3265 0
3267 3
3268 4
3269 0
3270 3
3271 0
3272 3
3273 0
3274 6
3276 6
3277 6
3278 6
3279 0
3280 4
3281 6
3282 0
3283 4
3284 6
3285 0
3286 4
3287 6
3288 4
3289 6
3290 4
3291 6
3292 6
3293 3
3294 0
3295 3
3296 3
3297 6
3298 0
3299 6
3300 4
3301 4
3302 1
3303 4
3304 4
3305 4
3306 3
3307 0
3308 0
3310 1
3311 3
3312 0
3313 4
3314 -1
3315 7
3316 0
3317 6
3318 4
3319 3
3320 0
3321 1
3322 0
3323 3
3324 4
3325 3
3326 0
3327 0
3328 4
3329 7
3330 7
3331 0
3332 0
3333 6
3334 3
3335 2
3336 7
3338 6
3339 0
3340 0
3341 1
3342 6
3343 6
3344 6
3345 3
3346 -1
3347 1
3348 7
3349 0
3350 0
3351 6
3352 4
3353 0
3354 0
3356 -1
3357 2
3358 -1
3359 4
3360 0
3361 0
3362 6
3363 4
3364 6
3365 0
3366 0
3367 3
3368 -1
3369 0
3370 4
3371 6
3372 6
3373 1
3374 -1
3375 -1
3376 0
3377 0
3378 7
3379 4
3380 0
3381 6
3382 0
3383 6
3386 6
3387 6
3388 4
3389 0
3390 0
3391 1
3392 6
3393 6
3394 4
3395 6
3396 6
3397 0
3398 1
3399 3
3400 0
3401 0
3402 0
3403 5
3405 -1
3406 4
3407 7
3408 6
3409 6
3410 0
3411 3
3412 3
3413 3
3414 4
3415 4
3416 1
3417 7
3418 4
3419 4
3420 3
3421 0
3422 6
3423 4
3424 4
3425 4
3426 1
3427 6
3428 0
3429 4
3430 6
3431 4
3432 6
3433 6
3434 4
3435 3
3436 1
3437 0
3438 4
3439 3
3440 3
3441 5
3442 0
3443 6
3444 8
3445 7
3446 3
3447 3
3448 6
3449 0
3450 4
3451 4
3452 2
3454 0
3455 -1
3457 -1
3458 1
3459 4
3460 8
3461 -1
3462 1
3463 7
3464 4
3465 0
3467 6
3468 6
3470 0
3471 4
3472 3
3473 -1
3474 1
3475 4
3476 0
3477 0
3478 -1
3479 -1
3480 3
3481 1
3482 -1
3483 4
3484 2
3485 6
3486 4
3488 2
3489 4
3490 6
3491 7
3493 6
3494 4
3495 -1
3496 3
3497 -1
3498 0
3499 4
3500 1
3501 1
3502 6
3503 4
3504 6
3505 -1
3506 0
3507 6
3508 0
3509 2
3510 4
3511 3
3512 6
3513 7
3514 -1
3515 4
3516 -1
3517 4
3519 4
3520 4
3521 0
3522 3
3523 1
3525 6
3526 0
3527 7
3528 -1
3529 3
3530 3
3531 6
3532 4
3533 -1
3534 3
3535 -1
3536 3
3537 0
3538 6
3539 4
3540 0
3541 4
3542 -1
3543 0
3545 6
3546 6
3547 4
3548 6
3549 4
3550 6
3551 0
3552 -1
3553 2
3554 3
3555 4
3556 3
3557 0
3558 4
3559 3
3560 1
3561 1
3562 -1
3563 4
3564 0
3565 -1
3566 4
3567 6
3568 2
3569 1
3570 0
3571 2
3572 6
3573 -1
3575 6
3576 4
3577 6
3578 1
3579 4
3580 0
3581 3
3582 0
3583 6
3584 4
3585 6
3586 6
3587 6
3588 6
3589 4
3590 4
3591 0
3592 3
3593 -1
3594 4
3595 1
3596 1
3597 4
3598 4
3599 0
3600 6
3601 -1
3602 3
3603 -1
3604 6
3605 6
3606 0
3607 6
3609 0
3610 4
3611 6
3612 7
3613 -1
3614 6
3615 6
3617 6
3618 1
3619 6
3620 6
3621 4
3622 6
3623 -1
3624 0
3625 3
3626 0
3627 3
3628 1
3629 4
3630 1
3631 6
3632 7
3633 4
3634 6
3636 5
3637 0
3638 0
3639 7
3640 6
3641 1
3642 6
3644 6
3645 4
3646 0
3647 4
3648 4
3649 4
3650 10
3651 1
3652 6
3653 6
3654 6
3655 4
3656 4
3657 4
3658 4
3659 -1
3660 6
3661 -1
3662 4
3663 0
3664 3
3665 1
3666 0
3667 6
3668 2
3669 0
3670 3
3671 6
3672 -1
3673 0
3674 3
3675 4
3676 6
3677 4
3678 0
3679 6
3680 4
3681 1
3682 4
3683 0
3684 6
3685 3
3686 6
3688 4
3689 4
3690 -1
3691 6
3692 6
3693 4
3694 -1
3696 1
3697 7
3698 2
3699 4
3700 0
3701 0
3702 6
3703 7
3704 6
3705 3
3706 6
3707 6
3708 0
3709 1
3710 0
3711 1
3712 0
3713 1
3714 6
3715 0
3716 3
3717 3
3719 6
3720 6
3721 6
3722 0
3723 4
3724 4
3725 4
3726 3
3727 3
3728 7
3729 0
3730 3
3731 0
3732 -1
3733 4
3734 4
3735 6
3736 4
3737 3
3738 0
3739 6
3740 -1
3741 0
3742 4
3743 3
3744 -1
3746 4
3747 6
3748 3
3749 4
3750 3
3751 4
3752 6
3753 7
3754 4
3755 6
3756 6
3757 6
3758 0
3759 -1
3760 4
3761 6
3762 6
3763 2
3764 4
3765 6
3766 6
3767 1
3768 4
3769 4
3771 0
3772 1
3773 4
3774 4
3775 -1
3776 4
3777 0
3778 4
3779 3
3780 4
3781 2
3782 6
3783 8
3784 3
3785 4
3786 0
3787 6
3788 1
3789 -1
3790 3
3791 -1
3792 0
3793 1
3794 1
3795 0
3796 6
3797 4
3798 0
3799 4
3800 4
3801 4
3802 1
3803 4
3804 4
3805 6
3806 0
3807 7
3808 3
3809 6
3811 3
3812 4
3813 6
3814 -1
3815 0
3816 4
3817 -1
3818 7
3819 4
3820 6
3821 4
3822 1
3823 6
3824 4
3825 3
3826 0
3827 4
3828 4
3829 0
3830 3
3831 4
3832 0
3833 4
3834 -1
3836 -1
3837 1
3838 1
3839 4
3840 2
3841 -1
3842 0
3843 11
3844 0
3845 7
3846 -1
3847 3
3848 6
3849 6
3850 -1
3851 4
3852 4
3853 4
3854 6
3855 0
3856 3
3859 6
3860 4
3861 3
3862 3
3863 6
3864 4
3865 6
3866 6
3867 0
3868 4
3869 6
3870 4
3871 6
3872 6
3873 -1
3874 1
3875 0
3876 1
3877 4
3878 7
3879 4
3880 4
3881 -1
3882 6
3883 6
3884 4
3885 -1
3886 -1
3887 4
3888 1
3889 4
3890 4
3891 1
3892 4
3893 3
3894 4
3895 1
3896 0
3897 0
3898 0
3899 4
3901 -1
3902 6
3904 3
3905 1
3906 6
3907 1
3908 0
3909 0
3910 0
3911 4
3912 6
3913 7
3914 1
3915 4
3917 0
3918 4
3919 4
3921 1
3922 6
3923 0
3924 0
3925 4
3926 3
3927 6
3928 6
3929 -1
3930 6
3931 -1
3932 -1
3933 6
3934 6
3935 0
3936 3
3938 4
3939 -1
3940 -1
3941 2
3943 0
3944 6
3945 3
3946 4
3947 6
3948 6
3949 6
3950 6
3951 7
3952 1
3953 6
3954 7
3955 6
3956 0
3957 2
3958 6
3959 6
3960 0
3961 -1
3962 0
3963 4
3964 6
3965 0
3966 4
3967 4
3968 0
3969 6
3970 6
3971 0
3973 -1
3974 6
3975 0
3976 4
3977 3
3978 4
3979 3
3980 4
3981 1
3982 4
3983 4
3984 -1
3985 4
3986 1
3987 4
3988 6
3989 6
3990 4
3991 3
3992 6
3993 5
3994 -1
3995 4
3996 -1
3997 4
3998 4
3999 0
4000 4
4001 6
4002 4
4003 4
4004 0
4005 8
4006 3
4007 6
4008 6
4009 3
4010 -1
4011 8
4012 6
4013 4
4014 6
4016 7
4017 6
4018 0
4019 6
4020 4
4021 4
4022 6
4023 0
4024 3
4025 -1
4026 6
4027 6
4028 0
4029 4
4030 3
4031 3
4032 -1
4033 3
4034 6
4035 7
4036 0
4037 4
4038 6
4039 4
4040 1
4041 0
4042 7
4043 6
4044 -1
4045 4
4046 6
4047 6
4048 3
4049 6
4050 3
4051 4
4052 4
4053 4
4054 6
4055 1
4056 3
4057 4
4058 6
4059 3
4060 6
4061 4
4062 1
4063 4
4064 -1
4065 4
4066 4
4067 0
4068 3
4069 6
4070 6
4071 -1
4072 0
4073 10
4074 4
4075 6
4076 3
4077 4
4078 3
4079 6
4080 2
4081 6
4082 0
4083 0
4084 12
4085 4
4086 -1
4087 4
4088 0
4089 4
4090 4
4091 0
4092 4
4093 0
4094 0
4095 4
4096 3
4097 4
4098 0
4100 0
4101 6
4102 4
4104 3
4105 4
4106 -1
4107 0
4108 4
4109 6
4110 7
4111 0
4112 3
4113 6
4114 3
4115 6
4116 -1
4117 4
4118 3
4119 3
4120 1
4121 6
4122 3
4123 4
4124 0
4125 6
4126 1
4127 1
4128 11
4129 4
4130 0
4131 1
4132 4
4133 6
4134 0
4135 4
4137 4
4138 4
4139 1
4140 6
4141 0
4142 4
4143 6
4144 4
4145 -1
4146 0
4147 4
4148 4
4149 1
4150 4
4151 4
4152 7
4153 4
4154 1
4155 -1
4156 4
4157 3
4158 4
4159 4
4160 4
4161 4
4162 4
4163 4
4164 -1
4165 4
4166 4
4168 7
4169 2
4170 4
4171 6
4172 0
4174 3
4175 2
4176 -1
4177 1
4178 -1
4179 4
4180 4
4181 4
4182 6
4183 4
4184 -1
4185 0
4186 0
4188 2
4189 4
4190 1
4191 7
4192 0
4193 4
4194 0
4195 4
4196 0
4197 0
4198 -1
4199 -1
4200 2
4201 4
4202 0
4203 1
4204 0
4205 4
4206 -1
4207 6
4208 4
4209 0
4210 4
4211 6
4212 -1
4213 6
4214 4
4215 7
4216 4
4219 6
4220 4
4221 0
4222 0
4223 6
4224 -1
4225 -1
4226 4
4227 4
4228 0
4229 0
4230 4
4231 6
4232 4
4233 -1
4234 1
4235 4
4236 1
4237 4
4238 4
4239 3
4240 4
4241 4
4242 4
4243 6
4244 -1
4245 4
4246 0
4247 8
4248 2
4249 -1
4250 4
4251 6
4252 2
4253 0
4254 0
4255 4
4256 4
4257 6
4258 4
4259 4
4260 0
4261 0
4263 4
4264 3
4266 3
4267 6
4268 6
4269 -1
4270 1
4272 4
4273 4
4274 -1
4275 3
4276 6
4278 4
4279 6
4280 4
4281 1
4282 4
4284 11
4285 1
4286 0
4287 4
4288 4
4289 0
4290 0
4291 0
4292 1
4293 0
4294 4
4296 1
4297 3
4298 0
4299 6
4300 4
4301 0
4302 7
4303 3
4304 3
4305 0
4306 4
4307 6
4308 3
4309 6
4310 6
4311 4
4312 4
4313 -1
4314 4
4315 1
4316 -1
4317 0
4318 6
4319 4
4320 4
4321 1
4322 4
4323 1
4324 3
4325 6
4326 4
4327 6
4328 4
4329 6
4330 4
4331 3
4332 1
4333 5
4334 4
4335 4
4336 4
4337 -1
4338 7
4339 4
4340 3
4341 4
4342 6
4343 3
4344 2
4345 3
4346 4
4347 4
4348 6
4349 4
4350 4
4351 1
4352 4
4353 4
4354 6
4355 6
4356 6
4357 4
4358 0
4359 6
4360 -1
4361 7
4362 6
4363 0
4364 -1
4365 4
4366 -1
4367 4
4369 3
4370 -1
4371 0
4372 4
4373 6
4374 2
4375 -1
4376 6
4377 6
4378 3
4379 6
4380 4
4381 6
4382 4
4383 3
4384 6
4385 6
4386 3
4387 -1
4388 4
4390 4
4391 0
4392 0
4393 4
4394 4
4395 6
4396 4
4397 5
4398 6
4399 6
4400 8
4401 4
4402 1
4403 4
4404 4
4405 4
4406 4
4407 2
4408 6
4409 3
4410 0
4411 4
4412 6
4413 4
4415 4
4416 4
4417 0
4418 0
4420 3
4421 6
4422 -1
4423 6
4424 7
4425 3
4426 6
4428 -1
4429 -1
4430 2
4431 4
4432 4
4433 -1
4434 3
4435 4
4436 4
4437 -1
4439 6
4440 4
4441 -1
4442 6
4443 0
4444 7
4445 -1
4446 -1
4447 2
4448 6
4449 6
4451 2
4452 2
4453 0
4454 1
4455 4
4456 6
4457 4
4458 -1
4459 3
4460 4
4461 4
4462 4
4463 -1
4464 6
4465 6
4466 4
4467 4
4468 6
4469 6
4470 0
4471 3
4472 3
4473 4
4474 4
4475 4
4476 3
4477 -1
4479 0
4480 3
4481 4
4482 0
4483 1
4484 6
4485 4
4486 4
4487 6
4488 4
4489 6
4490 4
4491 0
4492 4
4493 3
4494 6
4495 6
4496 0
4497 1
4498 4
4499 6
4500 6
4501 -1
4502 6
4503 4
4504 4
4505 4
4506 3
4507 6
4508 4
4509 4
4510 6
4511 6
4512 -1
4513 4
4514 4
4515 3
4516 4
4517 6
4518 0
4519 4
4520 1
4521 0
4522 6
4523 7
4524 1
4525 6
4526 6
4527 -1
4528 1
4529 6
4530 -1
4531 0
4532 0
4533 6
4534 7
4535 0
4536 4
4537 4
4538 4
4539 6
4540 -1
4541 4
4542 4
4543 4
4545 6
4546 6
4547 4
4548 3
4550 4
4551 -1
4553 4
4554 6
4555 4
4556 6
4557 3
4558 7
4559 12
4560 4
4561 1
4562 4
4563 3
4564 3
4565 4
4566 6
4567 4
4568 9
4569 -1
4571 4
4572 4
4573 4
4574 3
4575 0
4576 4
4577 4
4578 6
4579 6
4580 3
4581 4
4582 6
4583 0
4585 6
4586 4
4587 1
4588 3
4589 4
4590 6
4591 2
4592 4
4593 7
4594 7
4595 4
4596 4
4598 1
4600 6
4601 0
4602 6
4603 4
4604 4
4605 7
4606 0
4608 4
4609 0
4610 4
4611 3
4612 4
4613 0
4614 4
4615 6
4616 4
4617 6
4618 4
4619 -1
4620 4
4621 3
4622 -1
4623 6
4624 6
4625 6
4626 4
4627 7
4628 3
4629 4
4630 0
4631 6
4632 0
4633 6
4634 4
4635 6
4636 6
4637 4
4638 4
4639 6
4640 1
4641 6
4642 -1
4643 6
4644 1
4645 -1
4646 0
4647 4
4648 4
4649 4
4650 4
4651 4
4652 0
4653 -1
4654 6
4655 3
4656 -1
4657 0
4658 4
4659 0
4660 4
4661 4
4662 4
4663 6
4664 4
4665 3
4666 4
4667 6
4668 6
4669 6
4670 6
4671 4
4672 6
4673 7
4674 7
4675 4
4676 9
4677 -1
4678 6
4679 4
4680 1
4681 6
4682 6
4683 3
4684 6
4685 4
4686 4
4687 0
4688 7
4689 3
4690 4
4691 7
4692 1
4693 4
4694 4
4695 6
4696 -1
4697 3
4698 1
4699 6
4700 -1
4701 7
4702 1
4703 4
4704 6
4705 6
4706 1
4707 4
4708 4
4709 -1
4710 6
4711 6
4712 0
4713 1
4714 3
4715 0
4716 0
4717 1
4718 6
4719 4
4720 0
4721 -1
4722 6
4723 3
4724 4
4725 4
4726 4
4727 6
4728 -1
4729 3
4730 1
4731 6
4732 3
4733 7
4734 3
4735 4
4737 3
4738 4
4739 3
4740 4
4741 4
4742 3
4744 6
4745 6
4746 6
4748 4
4749 1
4750 6
4752 6
4753 6
4754 6
4755 0
4756 6
4757 4
4759 6
4760 6
4761 6
4762 4
4763 4
4764 4
4765 4
4766 6
4767 0
4768 0
4769 6
4770 4
4771 -1
4772 6
4773 0
4774 4
4775 3
4776 6
4777 6
4778 -1
4779 4
4780 3
4781 0
4782 -1
4783 4
4784 6
4786 4
4787 0
4788 0
4789 3
4790 3
4791 0
4792 3
4793 0
4794 6
4795 2
4796 4
4797 6
4798 4
4799 -1
4800 4
4801 0
4802 4
4803 6
4804 6
4805 6
4806 4
4807 6
4808 6
4809 4
4810 4
4811 3
4812 7
4813 4
4814 3
4815 3
4816 4
4817 4
4818 3
4820 7
4821 4
4822 4
4823 0
4824 0
4825 6
4826 0
4827 6
4828 4
4829 4
4831 3
4832 -1
4833 4
4834 6
4835 4
4836 4
4837 0
4839 2
4840 0
4841 6
4842 3
4843 0
4844 4
4845 4
4846 3
4847 6
4848 4
4849 6
4850 0
4851 4
4852 6
4853 3
4854 6
4855 4
4856 6
4857 3
4858 0
4859 3
4860 0
4861 1
4862 4
4863 0
4864 0
4865 4
4866 3
4867 4
4868 4
4869 4
4870 4
4871 4
4872 4
4873 4
4875 0
4876 6
4877 3
4878 -1
4879 6
4880 -1
4881 4
4882 4
4883 4
4884 0
4885 0
4886 6
4887 0
4888 4
4889 4
4890 6
4891 6
4892 4
4893 6
4894 6
4895 0
4896 6
4897 4
4898 7
4899 0
4900 2
4901 4
4904 0
4905 4
4906 6
4907 -1
4908 6
4909 3
4910 3
4911 0
4913 4
4914 4
4915 1
4916 4
4917 6
4918 4
4919 7
4921 -1
4922 6
4923 0
4924 6
4925 -1
4926 2
4928 6
4929 6
4931 4
4932 6
4933 4
4934 6
4935 0
4936 3
4937 6
4938 4
4939 4
4940 -1
4941 4
4942 6
4944 6
4945 0
4946 4
4947 4
4948 7
4949 4
4950 7
4951 4
4952 4
4953 0
4954 -1
4955 6
4956 0
4957 0
4958 4
4959 -1
4960 5
4961 4
4962 10
4963 7
4964 4
4965 4
4966 1
4967 2
4968 6
4969 7
4970 3
4971 0
4972 6
4973 3
4974 1
4975 6
4976 6
4977 1
4978 -1
4979 -1
4980 6
4981 4
4982 6
4983 6
4984 6
4985 4
4986 0
4987 3
4988 4
4989 4
4990 6
4991 6
4992 1
4993 4
4994 4
4995 4
4996 4
4997 4
4998 3
4999 -1
5000 6
5001 6
5002 4
5003 6
5004 6
5005 4
5006 3
5007 0
5008 6
5009 4
5010 0
5011 1
5012 6
5013 6
5014 1
5015 4
5016 4
5017 1
5018 0
5019 0
5020 7
5021 0
5022 4
5023 4
5024 -1
5025 0
5026 6
5027 4
5028 6
5029 3
5030 6
5031 6
5032 4
5033 6
5035 -1
5036 -1
5037 6
5038 6
5039 6
5040 4
5042 6
5043 6
5044 6
5045 4
5047 3
5048 6
5049 4
5050 4
5051 4
5052 4
5053 1
5054 2
5055 0
5056 1
5057 4
5058 4
5059 0
5060 6
5061 4
5062 4
5063 4
5064 0
5065 6
5066 6
5067 6
5068 4
5070 4
5071 4
5072 4
5073 4
5074 6
5075 6
5076 4
5077 4
5082 4
5083 1
5084 6
5085 4
5086 0
5087 4
5088 4
5089 4
5090 4
5091 1
5092 1
5093 6
5096 6
5097 4
5098 1
5099 4
5100 6
5101 4
5102 4
5103 3
5104 4
5105 4
5106 4
5107 2
5108 4
5110 4
5111 6
5112 6
5113 0
5114 0
5115 3
5116 6
5117 3
5118 3
5119 6
5120 0
5121 6
5122 4
5123 4
5124 4
5125 4
5126 6
5127 4
5128 2
5129 6
5130 0
5131 0
5133 7
5134 0
5135 5
5136 4
5137 3
5138 4
5139 6
5140 4
5141 0
5142 4
5143 6
5144 4
5145 1
5146 4
5147 6
5148 -1
5149 6
5150 4
5151 0
5152 6
5153 0
5154 4
5155 4
5156 4
5157 4
5158 6
5159 6
5160 6
5161 0
5162 4
5163 -1
5164 0
5165 4
5166 4
5167 0
5168 4
5169 0
5170 4
5171 0
5172 3
5173 4
5174 6
5175 6
5177 4
5178 0
5179 0
5180 4
5181 1
5182 3
5183 6
5184 0
5185 4
5186 4
5187 6
5188 0
5189 4
5190 4
5191 4
5192 6
5193 6
5194 6
5195 6
5196 4
5197 2
5198 6
5199 3
5201 -1
5202 4
5203 4
5204 4
5205 6
5206 4
5207 -1
5208 -1
5209 4
5210 4
5211 3
5212 6
5213 0
5214 -1
5215 0
5216 6
5217 3
5218 6
5219 4
5220 6
5221 0
5222 7
5223 3
5224 3
5225 4
5226 3
5227 6
5228 4
5229 6
5230 7
5231 3
5232 1
5233 4
5234 4
5235 4
5236 6
5237 6
5238 6
5239 0
5240 3
5241 3
5242 0
5243 4
5244 4
5245 4
5246 4
5247 0
5248 6
5249 0
5250 0
5251 4
5252 4
5253 0
5254 4
5255 3
5256 6
5257 3
5258 6
5259 4
5260 4
5261 3
5262 6
5263 3
5264 3
5265 4
5266 10
5267 4
5268 4
5269 4
5270 6
5271 2
5272 6
5273 4
5274 4
5275 4
5276 6
5277 0
5278 4
5279 4
5280 6
5281 4
5282 3
5283 4
5284 0
5285 6
5286 6
5287 6
5288 0
5289 6
5290 4
5291 6
5292 4
5293 6
5294 3
5295 6
5296 6
5297 6
5298 6
5299 4
5300 4
5301 6
5302 4
5303 6
5304 4
5305 6
5306 6
5307 4
5308 0
5309 -1
5310 6
5311 -1
5312 -1
5313 0
5314 6
5315 7
5316 0
5317 6
5318 4
5319 4
5320 4
5321 0
5322 4
5323 4
5324 4
5325 6
5327 3
5328 0
5329 6
5330 0
5332 6
5333 3
5334 1
5335 4
5336 4
5338 2
5339 0
5340 4
5341 4
5342 4
5343 6
5344 6
5345 6
5346 4
5347 1
5348 4
5349 6
5350 6
5351 0
5352 4
5353 6
5354 4
5355 0
5356 -1
5357 4
5358 10
5359 6
5360 4
5361 4
5362 6
5363 3
5364 4
5365 6
5366 4
5367 4
5370 6
5371 0
5372 6
5373 4
5374 4
5375 4
5376 3
5377 4
5378 4
5379 2
5380 0
5381 4
5382 4
5383 4
5384 0
5385 6
5386 0
5387 6
5388 6
5389 0
5390 6
5391 4
5392 4
5393 0
5394 4
5395 1
5396 6
5397 4
5399 1
5400 6
5401 4
5402 4
5403 4
5404 4
5405 4
5406 0
5407 -1
5408 6
5409 4
5410 4
5411 3
5412 3
5413 4
5414 6
5415 4
5416 6
5417 3
5418 0
5419 6
5420 7
5421 4
5422 6
5423 4
5424 -1
5425 4
5426 4
5427 6
5428 0
5429 4
5430 4
5431 4
5432 6
5433 -1
5434 6
5435 4
5436 6
5437 4
5438 0
5439 0
5440 4
5441 0
5442 6
5443 7
5444 -1
5445 0
5446 1
5447 4
5448 6
5449 6
5450 4
5451 4
5452 4
5453 6
5454 4
5455 2
5456 6
5457 0
5458 4
5459 9
5460 6
5461 4
5462 6
5463 6
5464 4
5465 6
5466 6
5467 6
5468 6
5469 4
5470 0
5471 6
5472 4
5473 6
5474 4
5475 3
5476 4
5477 0
5478 6
5479 6
5480 3
5481 0
5482 4
5483 6
5484 0
5485 3
5486 6
5487 4
5488 4
5489 6
5490 3
5491 6
5492 6
5493 4
5494 4
5495 4
5496 0
5497 -1
5498 4
5499 6
5500 4
5501 4
5502 4
5503 4
5504 6
5505 0
5506 0
5507 6
5508 4
5509 4
5510 4
5511 0
5512 4
5513 4
5514 4
5515 4
5516 3
5517 0
5518 6
5519 3
5520 6
5521 6
5522 4
5523 6
5524 4
5525 4
5526 3
5527 5
5528 6
5529 6
5530 6
5531 4
5532 1
5533 6
5534 0
5535 4
5536 1
5537 4
5538 4
5539 4
5540 4
5541 4
5542 6
5543 6
5544 4
5545 4
5546 6
5547 0
5548 3
5549 4
5550 4
5551 4
5552 6
5553 4
5554 4
5555 4
5556 4
5557 1
5558 4
5559 4
5560 0
5561 4
5563 0
5564 3
5565 4
5566 4
5567 4
5568 6
5569 4
5570 4
5571 -1
5572 6
5573 4
5574 4
5575 4
5576 6
5577 4
5578 4
5579 3
5580 3
5581 0
5582 4
5583 6
5584 -1
5585 4
5586 6
5587 4
5588 3
5589 5
5590 6
5591 6
5592 4
5593 0
5594 4
5595 7
5596 1
5597 6
5598 4
5599 4
5600 4
5601 4
5602 -1
5603 4
5604 4
5605 0
5606 0
5607 4
5608 0
5609 1
5610 4
5611 6
5612 4
5613 1
5614 4
5615 4
5616 3
5617 0
5618 6
5619 -1
5620 6
5621 1
5622 0
5623 4
5624 3
5625 4
5626 4
5627 6
5628 4
5629 0
5630 6
5631 6
5632 6
5633 6
5634 -1
5635 4
5636 3
5637 4
5638 0
5639 6
5640 0
5641 6
5642 6
5643 4
5644 -1
5645 -1
5646 4
5647 4
5648 6
5649 -1
5650 6
5651 2
5652 6
5653 0
5654 6
5655 4
5656 6
5657 6
