164985 0
225214 0
232761 0
105089 1
167906 2
288975 2
421279 2
442612 2
451312 2
160294 4
304770 4
112814 5
112823 5
179001 8
55727 11
78359 11
335007 11
12147 16
73388 16
269070 16
439998 16
82995 17
156987 17
280502 17
42888 18
217362 18
4092 19
104191 19
341575 19
389644 19
413419 19
301834 21
353399 21
497007 21
213603 22
213604 22
213613 22
213615 22
213617 22
249025 22
219649 24
233695 24
337976 24
337981 24
444709 24
499056 24
169543 33
219957 33
284749 33
346229 33
100579 34
137990 34
373778 34
428792 34
483698 34
335486 3934
338843 3934
359673 3934
363073 3934
483701 3934
486195 3934
508622 3934
32428 38
118086 38
323498 38
367483 38
411766 38
296324 1142
332135 1142
373569 1142
395227 1142
20182 51
20183 51
20185 51
20186 51
74012 2816
163140 2816
329735 2816
359073 2816
395421 2816
159503 544
246476 544
248173 544
394804 544
38504 69
65004 69
163914 69
189007 69
269696 69
345010 69
436194 69
23338 70
53654 70
74163 70
424802 70
450237 70
535531 70
32514 3494
107918 3494
131925 3494
178224 3494
326818 3494
392394 3494
415761 3494
93003 77
163816 77
212108 77
347287 77
387941 77
422973 77
536483 77
221215 78
230413 78
246114 78
270592 78
47947 80
162804 80
538948 80
280181 1527
345827 1527
393849 1527
417695 1527
441552 1527
490177 1527
516170 1527
20193 86
22379 86
28496 86
52859 86
93556 86
212817 86
231533 86
429802 86
129187 444
195341 444
214813 444
432745 444
9762 4780
16457 4780
126438 4780
196682 4780
214555 4780
542319 4780
542780 4780
17348 94
47156 94
63867 94
303329 94
312849 94
351508 94
353748 94
361150 94
120942 95
146227 95
213167 95
267988 95
278186 95
394142 95
452083 95
508006 95
57001 98
121673 98
165419 98
387878 98
433912 98
458054 98
534457 98
88567 100
208899 100
317988 100
510762 100
34869 3720
177542 3720
247967 3720
438089 3720
525731 3720
11426 104
31915 104
31935 104
56368 104
79164 104
132000 104
476278 104
538265 104
100394 111
173813 111
186430 111
396870 111
536290 111
36169 3492
48825 3492
188821 3492
213609 3492
260559 3492
402729 3492
424292 3492
493529 3492
13083 125
50229 125
74914 125
138186 125
161631 125
301328 125
384358 125
438144 125
511464 125
190422 126
542889 126
542891 126
542893 126
543618 126
543619 126
543620 126
94085 130
98742 130
152903 130
226158 130
274813 130
544421 130
545678 130
545919 130
546598 130
51162 132
294043 132
362026 132
470113 132
482419 132
507403 132
528331 132
117609 133
173667 133
305042 133
306504 133
327667 133
423171 133
438183 133
490100 133
42284 139
52236 139
140949 139
165131 139
197609 139
353245 139
400218 139
500904 139
14254 141
17479 141
19463 141
40144 141
64777 141
73725 141
217657 141
363008 141
487180 141
157587 142
286107 142
479118 142
113905 145
188421 145
205459 145
210414 145
258181 145
338280 145
339151 145
411938 145
432420 145
456517 145
499824 145
528406 145
128999 3492
221577 3492
345163 3492
456085 3492
522815 3492
523198 3492
5582 150
193375 150
213676 150
329508 150
339289 150
350684 150
374744 150
495203 150
36240 152
93547 152
108203 152
344212 152
375470 152
419212 152
501901 152
35284 153
59771 153
109204 153
124094 153
149985 153
153287 153
222178 153
308746 153
329470 153
504430 153
42687 4441
161938 4441
201570 4441
201574 4441
215112 4441
216724 4441
252984 4441
277248 4441
15708 158
44578 158
60897 158
85733 158
110288 158
114293 158
114561 158
182337 158
184866 158
346617 158
372891 158
508820 158
86967 159
107110 159
264650 159
289094 159
486317 159
521391 159
8720 3989
22915 3989
47521 3989
49211 3989
78517 3989
118030 3989
286824 3989
339296 3989
480628 3989
488277 3989
496847 3989
518489 3989
13867 165
21789 165
43967 165
108325 165
219714 165
367717 165
410401 165
448789 165
456740 165
492018 165
496038 165
526750 165
533680 165
20761 166
37316 166
47014 166
76302 166
123563 166
234014 166
337603 166
463377 166
494258 166
512373 166
532301 166
10904 170
91931 170
436218 170
522544 170
4465 900
124908 900
202570 900
229395 900
230023 900
434832 900
452470 900
497934 900
503387 900
523812 900
599 177
24701 177
78205 177
198913 177
243898 177
344715 177
527561 177
239451 179
26661 181
50066 181
86257 181
264346 181
375204 181
398286 181
494807 181
527642 181
94879 183
105993 183
201582 183
223642 183
239954 183
272973 183
355461 183
377006 183
395464 183
406110 183
536260 183
29036 189
77589 189
108247 189
266452 189
311349 189
336378 189
392981 189
472012 189
487744 189
51175 4780
136210 4780
159972 4780
189286 4780
204831 4780
221801 4780
301886 4780
301889 4780
313801 4780
379184 4780
542026 4780
61337 191
129710 191
154384 191
253676 191
261266 191
285631 191
370763 191
402042 191
519227 191
80308 194
112477 194
121302 194
139178 194
189107 194
190820 194
418406 194
227683 197
32026 3944
101413 3944
170001 3944
185169 3944
231450 3944
265216 3944
386984 3944
441937 3944
523179 3944
41783 3491
66432 3491
115952 3491
217106 3491
279875 3491
296850 3491
354293 3491
404506 3491
503711 3491
541044 3491
183356 214
250924 214
275371 214
299770 214
372953 214
389000 214
425475 214
440811 214
462792 214
487020 214
522161 214
525784 214
164133 215
173160 215
530421 215
90577 221
126741 221
153081 221
348218 221
359435 221
372359 221
471941 221
60937 227
101631 227
103133 227
153491 227
181126 227
284423 227
287808 227
303562 227
326990 227
334991 227
346114 227
462464 227
493507 227
538396 227
10149 1150
30877 1150
56711 1150
112428 1150
123304 1150
171678 1150
271402 1150
286245 1150
313181 1150
385197 1150
481100 1150
483774 1150
535197 1150
121006 234
168431 234
175809 234
193599 234
263169 234
271753 234
301093 234
350839 234
357226 234
376665 234
422678 234
449137 234
473120 234
12608 237
33227 237
107111 237
157724 237
252074 237
252075 237
276515 237
437875 237
437879 237
437883 237
437936 237
486359 237
40389 238
44825 238
49681 238
118929 238
127273 238
197822 238
220482 238
326525 238
401298 238
465054 238
489348 238
513780 238
522984 238
43061 240
109415 240
174771 240
221760 240
290912 240
324000 240
348115 240
356140 240
448537 240
455432 240
470325 240
4390 250
30922 250
38325 250
38893 250
117542 250
199234 250
218763 250
318580 250
331095 250
342640 250
507166 250
526214 250
531176 250
89139 252
105230 252
129923 252
145106 252
200053 252
213860 252
266813 252
299825 252
300708 252
340706 252
461995 252
475011 252
521116 252
534520 252
539128 252
22967 257
63725 257
260630 257
290530 257
331860 257
426567 257
454171 257
470571 257
491828 257
531263 257
175657 258
467601 258
128 259
26513 259
374193 259
441002 259
448673 259
465275 259
530340 259
530910 259
46382 263
130396 263
132836 263
162294 263
202288 263
242229 263
256928 263
396952 263
423180 263
433045 263
436957 263
480264 263
505209 263
529090 263
237977 265
435552 265
481973 265
2348 268
14698 268
32781 268
189174 268
227652 268
252559 268
263372 268
314412 268
372301 268
445171 268
533394 268
536415 268
26015 275
238365 275
286350 275
343737 275
344307 275
348522 275
441053 275
535666 275
100920 1838
170945 1838
266632 1838
311601 1838
361337 1838
367186 1838
389896 1838
405823 1838
413692 1838
461863 1838
509960 1838
7651 279
34204 279
35242 279
62164 279
112685 279
179116 279
179914 279
235463 279
235864 279
238654 279
361420 279
388591 279
395097 279
404319 279
502010 279
34594 285
82034 285
95834 285
246655 285
254624 285
305721 285
306515 285
309474 285
313113 285
381894 285
388342 285
397777 285
399259 285
406858 285
412129 285
423031 285
434737 285
482990 285
42714 286
100259 286
198172 286
216202 286
230862 286
242628 286
345528 286
356182 286
359466 286
399876 286
511516 286
515102 286
531753 286
5457 3993
15489 3993
27651 3993
31953 3993
60667 3993
203359 3993
270273 3993
310937 3993
316207 3993
344438 3993
354742 3993
369475 3993
373680 3993
444683 3993
496329 3993
176 290
131232 290
201855 290
321841 290
347858 290
533157 290
67554 294
67555 294
130970 294
162263 294
171940 294
199941 294
204174 294
204177 294
215668 294
540481 294
542439 294
542860 294
542948 294
543633 294
543634 294
18946 296
21193 296
74639 296
133887 296
151531 296
241574 296
297110 296
382408 296
426827 296
428152 296
445944 296
450706 296
505600 296
180712 341
288126 341
304564 341
331974 341
356196 341
364176 341
380137 341
43606 307
50157 307
103921 307
134935 307
368947 307
447988 307
452260 307
517606 307
73 2301
42018 2301
142583 2301
261014 2301
261046 2301
279516 2301
345111 2301
369214 2301
386868 2301
417573 2301
451459 2301
483855 2301
511743 2301
516766 2301
24373 4341
179036 4341
200385 4341
321887 4341
331333 4341
362479 4341
402718 4341
509637 4341
527614 4341
535503 4341
41073 312
112127 312
154604 312
155103 312
257317 312
260946 312
424559 312
424569 312
468139 312
477281 312
539078 312
30582 317
47276 317
61182 317
98764 317
137182 317
163495 317
228881 317
342258 317
364790 317
376494 317
421426 317
502459 317
38942 323
74213 323
99188 323
108584 323
167797 323
215664 323
234546 323
242551 323
266425 323
267735 323
287319 323
289921 323
337561 323
538964 323
15661 327
42039 327
100918 327
136589 327
138913 327
269429 327
280767 327
287249 327
295524 327
329653 327
338217 327
349247 327
392498 327
393554 327
434865 327
438083 327
443522 327
502147 327
531783 327
19006 329
20353 329
36212 329
130580 329
147273 329
164738 329
184854 329
266542 329
267803 329
309698 329
357847 329
375611 329
414330 329
446541 329
462268 329
463325 329
465393 329
495135 329
517602 329
544044 329
544964 329
33895 330
42977 330
54168 330
73243 330
83623 330
150058 330
216431 330
218769 330
269236 330
334061 330
516184 330
516831 330
532003 330
544399 330
22753 333
47498 333
84217 333
136208 333
179179 333
214023 333
255722 333
262922 333
359500 333
378414 333
408658 333
512234 333
74023 335
140392 335
144252 335
144255 335
183871 335
206643 335
230601 335
255355 335
260920 335
322563 335
342042 335
364779 335
366253 335
442379 335
466634 335
247514 337
290865 337
319325 337
404306 337
531490 337
302489 2061
363427 2061
363428 2061
56946 341
133099 341
75600 347
101909 347
109197 347
128781 347
153991 347
235216 347
261771 347
278740 347
299942 347
300327 347
312433 347
329881 347
348662 347
487512 347
494261 347
531782 347
535205 347
535798 347
545002 347
51511 349
75966 349
152623 349
156415 349
172515 349
224878 349
246707 349
251888 349
261897 349
336439 349
371052 349
436219 349
508151 349
510977 349
518809 349
520180 349
526119 349
531909 349
46196 352
64131 352
196726 352
241848 352
272582 352
358285 352
368269 352
391238 352
457335 352
3120 4756
9869 4756
14992 4756
101939 4756
149432 4756
150038 4756
189398 4756
203600 4756
226912 4756
236382 4756
246768 4756
276086 4756
276847 4756
300171 4756
341761 4756
362551 4756
377304 4756
436450 4756
447700 4756
460256 4756
471688 4756
504831 4756
528926 4756
263151 363
263163 363
263165 363
263166 363
527914 363
527915 363
414 367
31823 367
265606 367
410079 367
6633 369
11593 369
27451 369
49271 369
102198 369
103808 369
124244 369
175208 369
222832 369
247631 369
247703 369
265673 369
346493 369
372073 369
401800 369
404226 369
444299 369
479041 369
482092 369
493075 369
504729 369
523382 369
122814 3701
170619 3701
249819 3701
426274 3701
515081 3701
41256 375
361696 375
361698 375
232842 381
259903 381
319367 381
344561 381
366254 381
67883 382
105792 382
149197 382
193926 382
205875 382
317160 382
320580 382
367309 382
504121 382
527109 382
8481 386
21046 386
77024 386
91252 386
95685 386
103400 386
216381 386
242686 386
246761 386
274946 386
281478 386
292120 386
423896 386
441658 386
450625 386
474757 386
480790 386
481279 386
498400 386
500282 386
506249 386
528442 386
109595 4773
114378 4773
126430 4773
126433 4773
126441 4773
132756 4773
132763 4773
246060 4773
270524 4773
545994 4773
545995 4773
546890 4773
90205 394
262847 394
289685 394
355280 394
385347 394
529587 394
32015 395
37761 395
75175 395
87318 395
96760 395
105873 395
192743 395
246879 395
256722 395
310207 395
339441 395
340390 395
363712 395
393304 395
413141 395
413751 395
435303 395
489224 395
512110 395
512599 395
54269 399
129913 399
252501 399
503168 399
504163 399
512878 399
73719 421
114536 421
128824 421
136590 421
138828 421
160179 421
170291 421
212243 421
236022 421
266172 421
299023 421
355594 421
355906 421
376623 421
388080 421
412785 421
435329 421
466444 421
488471 421
507142 421
532963 421
22085 1976
64287 1976
67454 1976
120388 1976
155770 1976
170756 1976
189109 1976
195156 1976
203633 1976
222584 1976
253870 1976
271928 1976
277405 1976
291669 1976
301867 1976
312146 1976
363363 1976
389962 1976
419009 1976
437660 1976
442876 1976
483882 1976
485105 1976
491554 1976
512147 1976
528715 1976
49061 406
360239 406
7563 407
52199 407
55481 407
106336 407
107678 407
132409 407
168662 407
172464 407
182338 407
235945 407
242550 407
251731 407
261287 407
289265 407
301505 407
325454 407
330626 407
332684 407
332863 407
375365 407
378831 407
454625 407
507431 407
61601 414
61938 414
64808 414
102931 414
111008 414
132915 414
134831 414
143714 414
144919 414
145293 414
180095 414
185527 414
211652 414
231184 414
297268 414
299089 414
313355 414
321860 414
325491 414
334990 414
341978 414
353132 414
494077 414
513774 414
520346 414
524353 414
78497 415
84342 415
127711 415
207962 415
259116 415
277892 415
282665 415
327251 415
328525 415
352696 415
451489 415
84055 417
176891 417
201263 417
336715 417
366590 417
408596 417
455003 417
65060 419
125994 419
133562 419
144713 419
159868 419
162977 419
164250 419
168743 419
182116 419
189339 419
207402 419
231714 419
260596 419
293562 419
308944 419
313823 419
339172 419
343646 419
406785 419
422696 419
455986 419
472600 419
475084 419
515316 419
532383 419
81482 421
31455 426
171028 426
467252 426
5456 427
17284 427
61148 427
68431 427
93086 427
143159 427
179106 427
278920 427
324084 427
325596 427
352091 427
402327 427
452766 427
500420 427
535668 427
535920 427
11153 428
49254 428
69843 428
97257 428
130418 428
134358 428
183837 428
188744 428
190224 428
242112 428
259203 428
369065 428
369190 428
428012 428
437448 428
462789 428
510314 428
515064 428
8619 429
64259 429
89532 429
100452 429
107976 429
108073 429
182478 429
190065 429
224978 429
239320 429
327059 429
360260 429
363769 429
375710 429
382607 429
404936 429
411334 429
415818 429
417210 429
435207 429
450533 429
453454 429
454437 429
459849 429
484008 429
503238 429
18761 3486
55464 3486
68576 3486
70820 3486
72560 3486
93483 3486
142708 3486
177643 3486
188145 3486
218956 3486
243937 3486
326811 3486
396350 3486
398611 3486
409245 3486
413997 3486
420131 3486
422366 3486
462174 3486
483799 3486
488493 3486
512409 3486
9179 2410
18596 2410
36535 2410
91722 2410
109368 2410
139914 2410
143589 2410
144982 2410
166267 2410
182215 2410
222047 2410
258968 2410
286297 2410
293032 2410
328351 2410
350251 2410
352994 2410
434252 2410
435044 2410
435050 2410
435438 2410
440776 2410
445963 2410
483624 2410
489117 2410
530243 2410
49098 432
82214 432
91232 432
127277 432
172194 432
194256 432
222011 432
233864 432
258976 432
283373 432
356956 432
439814 432
515581 432
521118 432
41377 435
53293 435
70108 435
80392 435
135867 435
153075 435
155151 435
161949 435
181064 435
185580 435
214046 435
225457 435
311490 435
342317 435
347739 435
380326 435
392651 435
426115 435
432920 435
462465 435
544323 435
4262 438
12500 438
44277 438
128645 438
162679 438
178961 438
213301 438
226870 438
227311 438
228180 438
302969 438
307372 438
319198 438
329351 438
329392 438
406413 438
462094 438
470788 438
509798 438
513208 438
522539 438
526954 438
528904 438
531790 438
4365 439
59908 439
109351 439
124819 439
148039 439
157047 439
211726 439
213292 439
231545 439
289611 439
317169 439
324952 439
335295 439
349450 439
356399 439
409903 439
410732 439
448053 439
474908 439
493950 439
516340 439
19002 444
1872 530
2683 530
6690 530
30562 530
52005 530
53841 530
111123 530
132503 530
157258 530
169076 530
240480 530
254184 530
300768 530
306709 530
314403 530
316507 530
331412 530
357452 530
359145 530
374435 530
413433 530
449838 530
469791 530
30750 449
34871 449
84256 449
95613 449
110514 449
111861 449
128494 449
136771 449
144738 449
153115 449
169867 449
194926 449
202702 449
227251 449
241853 449
260745 449
269403 449
273321 449
273547 449
298033 449
302756 449
326539 449
335113 449
339242 449
343976 449
364433 449
383249 449
431169 449
474655 449
513119 449
74550 554
74552 554
83155 554
96158 554
127568 554
172367 554
172369 554
179921 554
247059 554
252788 554
538287 554
542184 554
542683 554
543161 554
543173 554
543899 554
92465 458
145537 458
146955 458
161336 458
176985 458
230462 458
284155 458
284970 458
295130 458
321070 458
341967 458
345173 458
396551 458
401686 458
422027 458
430353 458
459353 458
467394 458
484357 458
529577 458
31195 459
36793 459
51142 459
64999 459
67111 459
90295 459
90734 459
92800 459
109808 459
166561 459
177538 459
198063 459
211751 459
212805 459
236925 459
248191 459
276010 459
285067 459
353233 459
378214 459
394175 459
432128 459
463724 459
488909 459
501909 459
520004 459
93020 3944
156266 3944
180908 3944
387160 3944
390045 3944
395309 3944
425633 3944
437619 3944
445783 3944
460244 3944
484370 3944
491208 3944
526859 3944
533815 3944
539236 3944
11516 1372
61571 1372
68613 1372
101983 1372
110252 1372
134328 1372
135378 1372
151094 1372
172939 1372
195987 1372
201405 1372
209611 1372
223755 1372
234598 1372
257265 1372
275487 1372
291129 1372
379682 1372
384715 1372
390845 1372
396655 1372
429260 1372
429722 1372
434828 1372
435174 1372
489520 1372
508419 1372
529268 1372
537268 1372
38970 485
152778 485
462944 485
477570 485
533323 485
32818 4436
32819 4436
32821 4436
32873 4436
32875 4436
32877 4436
32879 4436
32880 4436
53520 4436
62523 4436
140298 4436
168637 4436
173935 4436
183395 4436
189279 4436
200549 4436
216445 4436
216449 4436
278141 4436
295252 4436
320928 4436
345620 4436
359912 4436
379180 4436
465069 4436
470095 4436
470598 4436
488157 4436
525406 4436
3210 498
51116 498
69404 498
70500 498
120294 498
149495 498
151410 498
167246 498
187198 498
189904 498
192313 498
217748 498
239249 498
252800 498
254100 498
266891 498
283003 498
289126 498
300968 498
303345 498
310366 498
339968 498
340855 498
376771 498
383250 498
408158 498
416793 498
451947 498
453446 498
455248 498
455869 498
491365 498
542493 498
26762 503
56155 503
184730 503
260549 503
323358 503
328054 503
399966 503
513863 503
527759 503
117539 510
309574 510
341777 510
372557 510
144629 3934
5208 1095
50077 1095
76957 1095
99684 1095
117261 1095
126278 1095
162503 1095
180614 1095
187418 1095
201745 1095
219094 1095
222799 1095
252836 1095
310403 1095
324951 1095
328880 1095
334802 1095
343412 1095
386468 1095
396443 1095
399903 1095
410172 1095
420903 1095
434233 1095
436556 1095
446004 1095
454321 1095
458374 1095
462544 1095
464994 1095
469968 1095
489414 1095
6790 521
21716 521
28723 521
31306 521
67055 521
75824 521
87466 521
107068 521
112067 521
127043 521
152440 521
158592 521
162427 521
237078 521
239125 521
239637 521
280601 521
281386 521
291115 521
338580 521
340504 521
379874 521
388654 521
391883 521
393559 521
412103 521
431347 521
434739 521
441859 521
458333 521
477155 521
480282 521
509640 521
520151 521
528852 521
530606 521
534007 521
172006 3944
473103 3944
24076 3747
38185 3747
69456 3747
89973 3747
91601 3747
95977 3747
105027 3747
108628 3747
116177 3747
120959 3747
154244 3747
168624 3747
193691 3747
208626 3747
233933 3747
297278 3747
336083 3747
454029 3747
514297 3747
528522 3747
535600 3747
543534 3747
24221 529
31001 529
31598 529
71445 529
75184 529
84961 529
85979 529
128871 529
186391 529
213239 529
214485 529
231148 529
240723 529
259495 529
270262 529
283892 529
287345 529
305604 529
317951 529
320777 529
328691 529
344078 529
348225 529
351766 529
373549 529
385201 529
385257 529
420599 529
456448 529
467717 529
480390 529
492179 529
519355 529
523265 529
530309 529
534859 529
171078 530
293872 530
311154 530
348197 530
431150 530
15127 531
32602 531
57062 531
316486 531
341838 531
399038 531
436314 531
509639 531
33775 533
34344 533
55884 533
68039 533
93187 533
98625 533
109736 533
111770 533
134429 533
145091 533
150045 533
176450 533
181537 533
185741 533
192523 533
208913 533
227118 533
228947 533
233940 533
239847 533
261341 533
271300 533
274085 533
300749 533
319133 533
333494 533
350452 533
377920 533
401870 533
403157 533
425786 533
430938 533
449042 533
466662 533
469062 533
477450 533
487125 533
5197 3988
22780 3988
35814 3988
37101 3988
56342 3988
57060 3988
75588 3988
100623 3988
129143 3988
142229 3988
176500 3988
176695 3988
181785 3988
196910 3988
245851 3988
246767 3988
284216 3988
290968 3988
308167 3988
352799 3988
352885 3988
393110 3988
398631 3988
407895 3988
415981 3988
418918 3988
455942 3988
485935 3988
486884 3988
490231 3988
509535 3988
515422 3988
541552 3988
167382 1095
390464 1095
28416 539
150515 539
303431 539
521792 539
529784 539
533788 539
12898 544
44502 544
358002 544
358004 544
358006 544
101861 547
106173 547
114322 547
148907 547
153636 547
161757 547
201671 547
207228 547
221661 547
275045 547
280108 547
283055 547
311040 547
313296 547
364875 547
388652 547
393295 547
397377 547
466428 547
476504 547
526555 547
539909 547
9650 554
90380 554
108194 554
134224 554
134225 554
144191 554
144193 554
157624 554
199097 554
199099 554
203703 554
270306 554
541418 554
542321 554
542446 554
542902 554
543056 554
543343 554
543720 554
543789 554
543860 554
543872 554
543873 554
543874 554
543875 554
6688 3629
18059 3629
36712 3629
73833 3629
80778 3629
104911 3629
112494 3629
132794 3629
133831 3629
145503 3629
158753 3629
174472 3629
201407 3629
219575 3629
255586 3629
259625 3629
276958 3629
281468 3629
285560 3629
292405 3629
331825 3629
336749 3629
376852 3629
411592 3629
416431 3629
424508 3629
425287 3629
430888 3629
432003 3629
452257 3629
466842 3629
467133 3629
511848 3629
538944 3629
128209 561
146619 561
80447 562
500105 562
520891 562
176255 3280
532724 3280
22044 3090
51893 3090
76847 3090
77458 3090
79412 3090
110946 3090
126072 3090
134417 3090
175837 3090
202849 3090
211862 3090
329352 3090
349908 3090
362180 3090
449531 3090
473521 3090
31173 569
278864 569
342984 569
389547 569
413257 569
432850 569
515761 569
11442 574
79797 574
238939 574
250678 574
448 3980
2117 3980
28123 3980
52713 3980
56684 3980
75848 3980
80796 3980
114138 3980
121361 3980
130042 3980
131874 3980
154321 3980
158327 3980
170021 3980
203546 3980
260305 3980
271148 3980
333085 3980
334420 3980
338709 3980
362528 3980
366149 3980
389968 3980
392186 3980
396362 3980
410087 3980
449691 3980
455467 3980
467401 3980
471848 3980
485055 3980
491851 3980
519832 3980
520877 3980
525658 3980
529820 3980
544416 3980
547506 3980
132 592
2753 592
10492 592
26999 592
67768 592
91930 592
107687 592
123451 592
136947 592
143715 592
150450 592
178427 592
187128 592
206097 592
224509 592
283685 592
287924 592
298937 592
308657 592
317267 592
317693 592
325902 592
331669 592
332167 592
333849 592
335782 592
340592 592
341742 592
344923 592
355913 592
356166 592
358800 592
380726 592
407613 592
426678 592
450384 592
452522 592
489563 592
494670 592
505753 592
536330 592
540235 592
218050 3090
429715 580
147571 584
151976 584
190064 584
191928 584
237311 584
311629 584
311631 584
522287 584
63247 587
158073 587
248473 587
351520 587
442759 587
487395 587
4146 588
21483 588
25701 588
33803 588
35571 588
42149 588
49035 588
51773 588
51935 588
53222 588
63874 588
66787 588
102775 588
108580 588
133152 588
178686 588
195538 588
201227 588
214149 588
220904 588
248037 588
251959 588
271813 588
272524 588
276246 588
301600 588
304321 588
306793 588
331207 588
337486 588
403381 588
407774 588
421033 588
451183 588
462832 588
468261 588
468948 588
478839 588
483679 588
493743 588
497701 588
499925 588
503771 588
504740 588
519747 588
520679 588
525716 588
537153 588
17208 592
246912 592
83556 599
225562 599
288778 599
376757 599
448444 599
452315 599
520327 599
9526 4773
16832 4773
72915 4773
72916 4773
85375 4773
85382 4773
85383 4773
95730 4773
97140 4773
105481 4773
123183 4773
185312 4773
317458 4773
321818 4773
379869 4773
446932 4773
458383 4773
461898 4773
480478 4773
480479 4773
500861 4773
500862 4773
500865 4773
500866 4773
500867 4773
532649 4773
38085 627
42565 627
93814 627
110650 627
141343 627
147152 627
165406 627
189829 627
208621 627
211894 627
216826 627
221436 627
264569 627
296207 627
313446 627
350413 627
411459 627
454723 627
488813 627
42904 634
74490 634
94531 634
390335 634
390340 634
413048 634
509348 634
183955 638
238496 638
204468 654
412241 654
53535 673
154372 673
257881 673
301541 673
347443 673
427063 673
501488 673
434 677
7100 677
15700 677
22475 677
32499 677
40152 677
41520 677
61879 677
86724 677
143401 677
148912 677
149899 677
150252 677
170956 677
191182 677
192770 677
198344 677
214614 677
214723 677
216117 677
219206 677
239063 677
239486 677
246371 677
247814 677
263674 677
282086 677
289413 677
334036 677
340967 677
349469 677
358286 677
360544 677
369105 677
386341 677
390209 677
392306 677
402463 677
406077 677
406340 677
409978 677
422178 677
423097 677
424320 677
427829 677
437613 677
450768 677
452412 677
460214 677
461666 677
475716 677
486011 677
514188 677
11915 3980
15922 3980
36802 3980
40326 3980
66017 3980
70230 3980
79419 3980
79705 3980
81790 3980
89918 3980
95258 3980
98343 3980
104350 3980
106397 3980
110425 3980
111550 3980
131043 3980
135409 3980
146401 3980
149579 3980
154146 3980
155663 3980
162974 3980
175213 3980
183231 3980
189882 3980
209915 3980
216697 3980
228082 3980
254963 3980
259788 3980
286536 3980
301483 3980
310488 3980
325745 3980
327922 3980
344483 3980
349627 3980
354715 3980
389791 3980
397448 3980
397575 3980
403346 3980
403540 3980
413490 3980
416018 3980
416364 3980
421373 3980
433792 3980
463529 3980
477664 3980
485524 3980
498651 3980
499716 3980
524779 3980
535908 3980
7933 2247
15292 2247
16714 2247
20070 2247
73991 2247
77749 2247
102398 2247
127074 2247
165039 2247
190124 2247
196165 2247
205831 2247
257703 2247
341768 2247
366000 2247
382206 2247
433499 2247
472771 2247
481690 2247
516440 2247
68139 689
128205 689
307436 689
334903 689
426857 689
450061 689
517043 689
535832 689
12303 691
27620 691
53701 691
86141 691
208422 691
351254 691
355291 691
383645 691
25624 3984
33379 3984
37456 3984
46990 3984
54882 3984
82064 3984
125538 3984
146859 3984
156950 3984
173435 3984
192900 3984
211804 3984
214059 3984
225455 3984
242803 3984
245507 3984
260701 3984
262116 3984
274940 3984
280651 3984
287026 3984
290875 3984
291402 3984
326323 3984
353596 3984
361346 3984
385932 3984
413665 3984
431195 3984
441045 3984
478532 3984
479518 3984
481729 3984
482033 3984
483021 3984
508757 3984
49682 698
72215 698
93385 698
93948 698
133599 698
190467 698
281726 698
289681 698
329143 698
356159 698
380217 698
407037 698
463063 698
480482 698
526575 698
531405 698
202056 700
273441 700
339154 700
144320 1150
161645 1150
168016 1150
208800 1150
216460 1150
233811 1150
258579 1150
324386 1150
409816 1150
462355 1150
486553 1150
1820 2763
10687 2763
26443 2763
61891 2763
70027 2763
79895 2763
85518 2763
94903 2763
96907 2763
102507 2763
102971 2763
115002 2763
118233 2763
118378 2763
119092 2763
160700 2763
163082 2763
164600 2763
167642 2763
171437 2763
183511 2763
185834 2763
187854 2763
190337 2763
206265 2763
207329 2763
228086 2763
233088 2763
237249 2763
238138 2763
261977 2763
268581 2763
269505 2763
286373 2763
287049 2763
293591 2763
297126 2763
303589 2763
310096 2763
327126 2763
333429 2763
354429 2763
363933 2763
384350 2763
387578 2763
394137 2763
411367 2763
423187 2763
425681 2763
426033 2763
429147 2763
434725 2763
436429 2763
472084 2763
489399 2763
491494 2763
498596 2763
508581 2763
508904 2763
512048 2763
514212 2763
516947 2763
520280 2763
527136 2763
530406 2763
533808 2763
537745 2763
131606 708
194419 708
267520 708
345790 708
237774 716
363864 716
531441 716
543408 716
126799 722
155064 722
506531 722
533255 722
12217 732
46365 732
282787 732
361395 732
422700 732
448660 732
40110 733
89049 733
111754 733
218900 733
239826 733
373969 733
446572 733
461015 733
5465 736
317640 736
21262 738
53638 738
57369 738
66395 738
76927 738
77064 738
81327 738
112595 738
140717 738
171830 738
175149 738
177452 738
195822 738
216818 738
293214 738
297837 738
316428 738
334722 738
369567 738
391404 738
439992 738
452553 738
467578 738
500843 738
514134 738
30600 750
279287 750
339180 750
342724 750
415141 750
425574 750
481907 750
515124 750
1500 761
12177 761
19625 761
21516 761
31980 761
50856 761
54519 761
72700 761
76261 761
81303 761
90431 761
100464 761
121344 761
121441 761
121768 761
124220 761
125000 761
138211 761
144800 761
145300 761
152770 761
168056 761
180569 761
182085 761
186400 761
193153 761
196827 761
200566 761
205402 761
227121 761
229039 761
251964 761
282212 761
302509 761
303834 761
304553 761
305601 761
319406 761
331200 761
356893 761
368669 761
395622 761
398443 761
407436 761
410747 761
412282 761
424386 761
442010 761
442541 761
452941 761
458185 761
463477 761
467195 761
468085 761
471456 761
488943 761
490490 761
490861 761
493324 761
498708 761
500747 761
515331 761
520608 761
526560 761
529227 761
539662 761
55637 770
58670 770
73810 770
185383 770
212225 770
242680 770
289741 770
368252 770
404060 770
415676 770
437455 770
463509 770
488077 770
488851 770
519580 770
531535 770
542645 770
63572 772
249599 772
270238 772
436830 772
94213 856
110062 856
178554 856
220205 856
250261 856
269199 856
322607 856
353310 856
370860 856
448868 856
472803 856
110413 787
2625 4263
5338 4263
6971 4263
10997 4263
14567 4263
15554 4263
27137 4263
29201 4263
38476 4263
40318 4263
47559 4263
48359 4263
52895 4263
60779 4263
63483 4263
71292 4263
73966 4263
79227 4263
85570 4263
92920 4263
98354 4263
99335 4263
105394 4263
121262 4263
123533 4263
126713 4263
129562 4263
130619 4263
147977 4263
150430 4263
153173 4263
157915 4263
162584 4263
168608 4263
173221 4263
180642 4263
184010 4263
184707 4263
188991 4263
191745 4263
217000 4263
220148 4263
245970 4263
246810 4263
248193 4263
248492 4263
254441 4263
271345 4263
272733 4263
281663 4263
315743 4263
316031 4263
319052 4263
324898 4263
327740 4263
332123 4263
351358 4263
362223 4263
371893 4263
376352 4263
377393 4263
385756 4263
392256 4263
394033 4263
395771 4263
405648 4263
412972 4263
419830 4263
423124 4263
425261 4263
433665 4263
439553 4263
444736 4263
454538 4263
467711 4263
471591 4263
476031 4263
491586 4263
492176 4263
492399 4263
493039 4263
493381 4263
497880 4263
497950 4263
504364 4263
505559 4263
522223 4263
526588 4263
531007 4263
533484 4263
533970 4263
535723 4263
82245 809
256513 809
256515 809
33371 1370
69413 1370
290786 1370
433897 1370
444567 1370
8815 2283
13087 2283
13095 2283
13097 2283
13121 2283
13123 2283
75826 2283
93611 2283
93615 2283
93617 2283
93618 2283
97870 2283
97871 2283
122473 2283
167799 2283
167800 2283
167802 2283
167804 2283
167806 2283
167811 2283
221805 2283
222128 2283
250530 2283
250543 2283
253918 2283
439922 2283
468336 2283
500224 2283
500233 2283
502776 2283
502780 2283
502809 2283
502821 2283
502824 2283
502829 2283
521767 2283
521769 2283
3980 2428
27394 2428
56590 2428
111167 2428
111170 2428
203993 2428
514527 2428
62554 3127
144469 3127
445322 3127
507060 3127
507063 3127
39840 833
45922 833
395427 833
118203 834
206513 834
212121 834
365285 834
381652 834
241707 838
351881 838
357744 838
386269 838
480500 838
490791 838
487582 843
513582 843
383361 856
30398 4832
33251 4832
52500 4832
59285 4832
64879 4832
67572 4832
70522 4832
75780 4832
77701 4832
84839 4832
92472 4832
93356 4832
95427 4832
104553 4832
120615 4832
127199 4832
141618 4832
149809 4832
151849 4832
152407 4832
182201 4832
182923 4832
186022 4832
202986 4832
204966 4832
205838 4832
208714 4832
217871 4832
221281 4832
225233 4832
229209 4832
230262 4832
246180 4832
252719 4832
261562 4832
263093 4832
272957 4832
273775 4832
275237 4832
276567 4832
277617 4832
287582 4832
289953 4832
298254 4832
301761 4832
309411 4832
313307 4832
314250 4832
314719 4832
318212 4832
318538 4832
329078 4832
330328 4832
335183 4832
345901 4832
377247 4832
383087 4832
390680 4832
401268 4832
401798 4832
409356 4832
416162 4832
419862 4832
423864 4832
433190 4832
434830 4832
443332 4832
458993 4832
496201 4832
502212 4832
504199 4832
512729 4832
522378 4832
527792 4832
535477 4832
541122 4832
541690 4832
543516 4832
24556 871
72977 871
160597 871
342426 871
343259 871
524098 871
210439 1838
313239 1838
361444 1838
521270 1838
12062 876
265611 876
951 878
200511 878
414227 878
414228 878
111722 882
122613 882
122622 882
138325 882
147105 882
181666 882
223046 882
249702 882
362176 882
72949 885
146317 885
338396 885
415656 885
462883 885
34895 890
38265 890
80756 4832
116969 890
343306 890
347716 890
355378 890
366824 890
443731 890
1164 3142
7775 3142
10872 3142
12275 3142
18396 3142
21859 3142
22108 3142
22750 3142
33972 3142
40150 3142
40368 3142
41947 3142
44417 3142
46734 3142
49011 3142
49251 3142
49404 3142
52705 3142
53201 3142
58209 3142
62816 3142
75422 3142
76174 3142
78548 3142
83365 3142
84360 3142
95124 3142
96246 3142
98598 3142
100800 3142
102786 3142
103920 3142
107337 3142
116893 3142
118972 3142
123137 3142
126263 3142
126867 3142
128604 3142
135305 3142
143180 3142
147613 3142
151478 3142
153222 3142
154922 3142
154972 3142
167320 3142
169941 3142
176655 3142
181589 3142
188168 3142
193701 3142
193968 3142
199136 3142
210491 3142
210965 3142
212190 3142
215982 3142
221015 3142
232111 3142
240177 3142
240649 3142
241902 3142
245981 3142
250555 3142
251857 3142
269278 3142
286552 3142
288210 3142
290254 3142
298981 3142
312191 3142
318316 3142
337899 3142
344787 3142
355126 3142
362412 3142
364079 3142
364368 3142
386317 3142
389994 3142
395337 3142
403712 3142
407916 3142
407983 3142
408514 3142
415696 3142
415813 3142
426901 3142
432507 3142
432520 3142
439603 3142
443438 3142
462564 3142
464824 3142
466954 3142
475193 3142
480112 3142
480777 3142
489123 3142
493163 3142
493231 3142
493702 3142
493977 3142
501189 3142
505072 3142
507622 3142
511805 3142
513605 3142
515541 3142
517097 3142
522764 3142
524164 3142
531157 3142
531766 3142
531905 3142
537583 3142
538291 3142
544328 3142
544343 3142
547472 3142
51246 895
161307 895
476208 895
478089 900
16905 901
297677 901
196132 905
196135 905
491949 905
28914 906
435234 906
442226 906
463375 906
37960 2815
50803 2815
245498 2815
257303 2815
73912 4918
73929 4918
73933 4918
73934 4918
73938 4918
152543 4918
153391 4918
220460 4918
274305 4918
283470 4918
394046 4918
428193 4918
428498 4918
445204 4918
469094 4918
469095 4918
469135 4918
469140 4918
478116 4918
489415 4918
489424 4918
493980 4918
536410 4918
73937 923
98804 923
98855 923
99173 923
235901 923
301581 923
320317 923
445195 923
543522 923
242097 998
270387 998
276682 998
382792 998
461654 998
461669 998
485750 998
293039 930
293044 930
434190 930
436949 930
461185 930
525180 930
540024 930
308767 942
308768 942
308769 942
380019 942
43424 2992
130445 2992
199656 2992
354269 2992
8469 964
16793 964
83901 964
97023 964
150274 964
264024 964
287686 964
339985 964
373941 964
445520 964
450013 964
468775 964
529047 964
533897 964
218279 966
426952 966
19323 985
86563 985
292001 985
517847 985
517859 985
5346 987
189670 987
278338 987
364114 987
364115 987
403121 987
497155 987
499045 987
518044 987
20297 1028
23130 1028
24614 1028
26617 1028
27657 1028
41404 1028
42131 1028
61016 1028
69255 1028
73088 1028
81150 1028
98011 1028
101561 1028
112788 1028
135071 1028
135956 1028
136696 1028
137370 1028
140470 1028
140620 1028
162935 1028
174384 1028
182254 1028
191740 1028
203088 1028
204147 1028
204274 1028
220860 1028
223593 1028
244374 1028
249943 1028
251415 1028
263822 1028
264454 1028
279196 1028
281767 1028
288913 1028
294082 1028
297017 1028
301693 1028
308995 1028
314034 1028
314189 1028
320915 1028
321449 1028
324586 1028
328079 1028
337678 1028
337991 1028
338223 1028
342319 1028
345602 1028
347320 1028
357724 1028
369646 1028
369677 1028
377046 1028
380885 1028
405524 1028
412826 1028
414226 1028
415843 1028
430553 1028
435149 1028
436557 1028
448131 1028
458021 1028
490680 1028
496424 1028
511245 1028
516611 1028
517663 1028
523930 1028
526828 1028
16710 991
20571 991
90704 991
116757 991
191382 991
238369 991
407908 991
13905 4918
439554 4918
60866 998
102864 1018
224684 1018
300185 1018
312794 1018
462180 1018
2849 1028
3460 1028
4825 1028
56436 1028
58350 1028
70287 1028
71772 1028
124082 1028
147607 1028
149819 1028
186065 1028
215184 1028
238836 1028
294495 1028
305967 1028
313182 1028
318012 1028
325027 1028
341087 1028
352323 1028
362720 1028
372872 1028
457476 1028
464888 1028
474959 1028
527901 1028
6988 1036
11264 1036
78474 1036
209331 1036
354506 1036
396743 1036
476077 1036
476092 1036
500905 1036
500917 1036
102760 1043
152006 1043
19370 1072
50246 1072
192052 1072
305365 1072
492792 1072
210605 1074
210607 1074
268119 1074
486979 1074
80905 4756
123297 4756
434120 4756
406965 1076
537922 1076
1105 1079
2511 1079
48716 1079
48720 1079
48721 1079
87932 1079
88789 1079
111172 1079
132270 1079
132274 1079
136209 1079
136211 1079
165101 1079
165389 1079
168752 1079
213186 1079
239736 1079
270233 1079
274159 1079
304562 1079
342327 1079
359267 1079
452077 1079
467217 1079
502037 1079
502827 1079
512492 1079
532594 1079
533977 1079
539584 1079
543788 1079
3841 3126
353325 3126
377372 3126
377380 3126
18129 1085
32753 1085
53014 1085
59093 1085
93642 1085
102545 1085
114137 1085
127218 1085
133133 1085
158005 1085
158869 1085
183057 1085
196192 1085
235570 1085
270219 1085
292178 1085
318094 1085
330924 1085
409083 1085
431773 1085
476415 1085
510869 1085
543434 1085
317591 1838
433118 1838
487032 1838
492193 1838
25930 1095
26767 3047
26769 3047
32688 3047
63369 3047
63371 3047
77328 3047
77339 3047
112824 3047
112825 3047
112827 3047
122005 3047
122007 3047
152199 3047
187294 3047
187297 3047
195054 3047
287916 3047
346709 3047
444048 3047
444051 3047
458949 3047
458950 3047
483106 3047
483126 3047
504543 3047
522078 3047
1547 3288
45292 3288
45295 3288
60658 3288
103118 3288
104712 3288
141007 3288
263181 3288
326464 3288
334974 3288
351390 3288
484333 3288
504033 3288
528285 3288
536934 3288
489209 3934
48413 1142
73083 1142
353526 1142
440074 1142
504887 1142
534469 1142
85046 1143
119819 1143
172824 1143
201863 1143
248716 1143
263268 1143
345974 1143
538606 1143
538610 1143
413498 1150
28328 1151
52693 1151
151422 1151
22153 1162
22154 1162
243593 1162
544099 1162
544101 1162
546671 1162
547406 1162
249827 1181
251872 1181
436129 1181
24662 1676
43435 1676
43439 1676
65780 1676
75851 1676
98042 1676
109195 1676
122538 1676
130635 1676
214433 1676
214441 1676
254723 1676
267623 1676
280853 1676
282965 1676
282967 1676
283195 1676
350170 1676
361086 1676
365599 1676
366969 1676
373230 1676
403170 1676
443596 1676
494728 1676
528029 1676
99360 1184
253776 1184
272131 1184
365606 1184
393022 1184
393326 1184
438945 1184
459852 1184
487879 1184
515854 1184
519117 1184
537610 1184
138407 1187
316720 1187
441613 1187
6092 1192
109233 1192
109234 1192
171972 1192
207285 1192
5912 1211
10634 1211
154396 1211
171724 1211
184624 1211
187693 1211
192194 1211
256469 1211
316824 1211
341397 1211
346359 1211
375557 1211
432330 1211
474939 1211
474942 1211
474945 1211
474946 1211
31838 1212
83592 1212
100652 1212
109663 1212
166158 1212
166162 1212
166225 1212
321740 1212
352955 1212
400798 1212
424637 1212
532258 1212
4216 1213
91450 1213
108411 1213
226228 1213
245639 1213
400169 1213
473302 1213
478692 1213
526764 1213
35237 1218
51400 1218
67936 1218
92834 1218
349561 1218
496149 1218
8285 1224
80361 1224
336577 1224
346464 1224
430590 1224
520037 1224
191369 1226
314745 1226
337585 1226
337592 1226
73891 1238
110743 1238
128583 1238
188720 1238
300598 1238
324597 1238
335299 1238
370973 1238
442446 1238
444336 1238
95958 1280
98883 1280
215058 1280
368586 1280
376450 1280
376451 1280
376453 1280
386424 1280
443484 1280
513460 1280
518553 1280
518554 1280
518555 1280
518556 1280
133087 1305
296346 1305
4624 1313
214232 1313
516499 1313
77823 1327
232310 1327
334840 1327
334845 1327
334846 1327
340946 1327
381994 1327
393657 1327
394247 1327
394281 1327
394286 1327
394287 1327
394851 1327
406835 1327
34532 1332
57289 1332
83996 1332
124086 1332
157352 1332
223296 1332
239501 1332
239502 1332
239504 1332
269138 1332
277283 1332
294717 1332
311956 1332
353763 1332
353767 1332
353768 1332
358579 1332
368291 1332
393680 1332
429215 1332
434163 1332
448930 1332
467710 1332
209225 1333
256705 1333
322648 1333
348165 1333
538888 1333
48448 4354
112055 4354
143671 4354
161659 4354
171979 4354
277912 4354
302342 4354
302350 4354
319569 4354
351716 4354
418605 4354
503245 4354
519124 4354
340825 4328
117069 1344
223212 1344
67537 1345
352253 1345
392495 1345
394236 1345
394241 1345
532448 1345
454021 1346
393076 1370
52589 1371
134194 1371
137503 1371
303171 1371
124476 1374
511862 1374
230731 1379
255527 1379
278776 1379
303218 1379
405971 1379
7557 1383
33603 1383
75311 1383
85219 1383
92811 1383
96207 1383
117368 1383
142827 1383
162776 1383
206674 1383
280523 1383
290394 1383
308901 1383
343097 1383
366745 1383
414409 1383
422934 1383
426267 1383
515051 1383
518671 1383
139413 1384
146125 1384
155108 1384
177753 1384
298861 1384
503551 1384
21403 3212
89742 3212
270559 3212
397210 3212
415121 3212
450338 3212
515427 3212
325045 1386
325048 1386
328245 1386
369720 1386
373310 1386
421283 1386
502726 1386
53560 3334
64572 3334
65000 3334
68257 3334
71640 3334
81499 3334
84239 3334
102941 3334
137824 3334
145911 3334
145932 3334
150243 3334
166867 3334
194836 3334
200952 3334
233632 3334
237442 3334
276649 3334
310305 3334
319620 3334
324456 3334
325553 3334
326762 3334
357095 3334
372675 3334
384360 3334
390782 3334
421764 3334
423381 3334
427308 3334
459129 3334
487636 3334
491070 3334
509448 3334
519807 3334
533527 3334
541584 3334
272098 1419
329071 1419
381137 1419
434278 1419
482499 1419
487438 1419
512302 1419
513830 1419
116984 1422
472121 1422
484566 1422
302567 3720
423664 1432
427876 1432
19756 2371
20550 2371
94878 2371
139102 2371
244824 2371
379152 2371
435000 2371
441305 2371
502108 2371
80429 1464
86199 1464
87073 1464
138399 1464
191707 1464
262286 1464
364200 1464
387987 1464
404725 1464
489673 1464
214558 1473
280574 1473
370607 1473
428574 1473
496793 1473
496834 1473
22190 4961
55057 4961
62762 4961
100606 4961
101145 4961
104766 4961
104768 4961
104770 4961
104778 4961
119023 4961
119025 4961
175382 4961
202441 4961
289740 4961
289742 4961
289743 4961
289746 4961
289751 4961
289753 4961
289754 4961
289755 4961
289756 4961
289760 4961
411902 4961
441676 4961
485327 4961
524040 4961
60593 1486
209590 1486
503639 1486
87769 1502
118077 1502
122815 1502
167100 1502
210348 1502
214773 1502
274196 1502
340409 1502
412316 1502
445673 1502
478705 1502
162879 1505
356980 1505
417575 1505
514967 1505
540054 1505
168501 1511
175869 1511
537116 1511
21513 3746
100892 3746
101480 3746
112124 3746
115260 3746
158820 3746
170067 3746
183831 3746
189612 3746
251493 3746
254994 3746
288575 3746
300208 3746
316849 3746
350318 3746
351378 3746
361649 3746
389115 3746
407247 3746
423524 3746
426088 3746
432613 3746
511534 3746
536075 3746
33175 1527
57659 1527
72183 1527
268866 1527
487659 1527
113217 1543
351760 1543
272379 1545
524965 1545
530490 1545
97106 1548
195027 1555
233306 1555
246031 1555
362905 1555
322297 4918
446022 4918
60316 4025
62937 4025
246646 4025
544163 4025
545245 4025
547205 4025
547944 4025
548137 4025
24235 4741
139534 4741
159226 4741
258819 4741
326541 4741
351110 4741
367827 4741
396156 4741
415544 4741
488459 4741
512763 4741
7834 1571
29820 1571
119727 1571
163070 1571
300747 1571
532451 1571
283859 1606
404474 1606
424093 1606
457110 1606
463706 1606
1994 2370
61102 2370
73660 2370
87268 2370
107992 2370
147842 2370
169284 2370
176914 2370
186228 2370
219888 2370
246575 2370
285201 2370
296948 2370
335091 2370
389945 2370
396216 2370
432716 2370
504371 2370
520958 2370
521909 2370
537167 2370
23785 2371
68823 1641
75157 1641
88617 1641
99183 1641
172446 1641
249808 1641
348925 1641
426724 1641
508485 1641
116407 1644
438364 1644
66653 4036
82400 4036
113380 4036
223285 4036
321616 4036
331718 4036
370317 4036
28959 1668
60856 1668
274952 1668
379960 1668
486260 1668
14445 1733
18504 1733
86503 1733
127075 1733
127341 1733
127388 1733
129787 1733
231715 1733
278417 1733
291894 1733
309263 1733
309414 1733
328428 1733
343680 1733
364895 1733
367850 1733
369811 1733
392363 1733
411761 1733
452947 1733
458122 1733
470372 1733
486582 1733
498224 1733
501516 1733
526689 1733
533905 1733
537097 1733
356426 1672
356431 1672
356447 1672
382035 1672
405911 1672
39366 1674
168827 1674
209002 1674
505531 1674
62113 1676
251941 1676
56270 1705
110150 1705
110152 1705
110166 1705
150023 1705
270055 1705
361613 1705
361619 1705
361626 1705
385426 1705
385436 1705
385494 1705
385496 1705
471071 1733
162739 1736
179026 1736
424078 1736
429428 1736
510004 1736
510005 1736
510016 1736
34120 3954
184680 3954
219207 3954
293154 3954
300584 3954
300590 3954
451794 3954
519084 3954
46192 1748
49529 1748
188916 1748
222974 1748
300959 1748
316610 1748
359357 1748
372164 1748
506982 1748
67330 1751
357761 1751
493703 1751
497490 1751
259399 1752
349244 1752
421963 1752
298731 1760
546176 4025
546178 4025
547107 4025
548142 4025
187025 2995
214465 2995
427532 2995
267555 1766
283197 1766
338508 1766
357811 1766
381653 1766
381657 1766
445251 1766
471740 1766
506446 1766
75155 1767
87113 1767
87126 1767
87127 1767
87129 1767
243105 1767
276395 1767
330371 1767
362229 1767
139762 1774
141471 1789
269532 1789
224970 1797
304629 1797
469721 1797
14038 1801
82894 1801
124281 1801
124283 1801
130050 1801
245958 1801
245961 1801
245966 1801
325421 1801
336426 1801
364774 1801
429855 1801
73661 1806
85308 1806
204652 1806
349757 1806
451174 1806
26564 1810
78311 1810
216368 1810
267768 1810
151862 1816
242226 1816
399318 1816
435179 1816
279582 1825
358797 1825
470929 1825
77445 1842
190019 1842
300785 1842
142773 1853
186966 1853
378063 1853
169423 1856
528417 1856
35213 1858
42560 1858
8466 1859
180100 1859
336130 1859
34813 1863
132051 1863
241624 1863
292183 1863
329439 1863
330260 1863
388653 1863
198496 1865
339508 1865
422982 1865
62352 1867
111230 1867
421254 1867
54182 1885
112408 1885
135747 1885
265240 1885
340335 1885
372431 1885
446676 1885
507743 1885
530864 1885
14948 2764
32065 2764
42826 2764
63151 2764
68116 2764
73128 2764
87891 2764
93317 2764
129997 2764
134663 2764
156457 2764
159988 2764
193110 2764
194944 2764
197841 2764
199507 2764
206283 2764
233996 2764
247651 2764
260469 2764
276007 2764
284796 2764
299112 2764
321831 2764
326225 2764
353013 2764
371067 2764
380776 2764
399039 2764
410759 2764
416423 2764
422155 2764
446503 2764
452082 2764
465402 2764
495357 2764
497384 2764
501277 2764
510562 2764
512468 2764
518125 2764
518984 2764
540659 2764
540861 2764
45548 1916
215266 1916
249771 1916
360314 1916
468231 1916
532208 1916
45393 1918
59578 1918
288004 1918
290031 1918
476189 1918
55107 1940
168754 1940
380082 1940
46515 1944
47075 1944
116731 1944
299453 1944
332834 1944
457735 1944
478539 1944
529871 1944
31150 1986
31152 1986
203415 1986
241701 1986
354193 1986
364760 1986
378207 1986
402117 1986
464252 1986
126223 1987
131652 1987
163166 1987
234758 1987
309704 1987
417203 1987
468065 1987
492552 1987
24123 1990
88684 1990
89676 1990
89678 1990
451013 1990
522748 1990
532481 1990
55591 1992
121097 1992
169552 1992
395215 1992
428101 1992
1965 2001
1978 2001
4704 2001
8934 2001
37874 2001
68131 2001
158734 2001
158906 2001
167220 2001
229030 2001
239165 2001
247783 2001
353741 2001
362545 2001
384540 2001
534698 2001
68954 2020
280691 2020
365863 2020
365867 2020
375612 2020
400343 2020
407103 2020
424491 2020
449703 2020
69001 2025
146269 2025
292617 2025
358440 2025
468203 2025
539633 2025
539640 2025
118252 2026
346420 2026
355427 2026
537376 2026
155316 2030
441286 2030
128316 2031
337448 2031
445147 2031
13590 2039
36516 2039
91330 2039
159178 2039
304965 2039
316081 2039
346343 2039
394010 2039
398934 2039
405832 2039
422567 2039
430891 2039
445445 2039
69314 2043
94208 2043
107729 2043
463487 2043
62861 2060
475234 2060
48445 3647
62000 3647
90315 3647
139540 3647
158287 3647
168553 3647
168555 3647
174935 3647
186990 3647
203274 3647
214187 3647
232163 3647
283031 3647
290071 3647
297405 3647
302333 3647
306688 3647
312934 3647
328685 3647
351686 3647
364541 3647
384433 3647
408237 3647
463162 3647
470264 3647
496096 3647
499025 3647
515701 3647
518975 3647
521507 3647
526889 3647
531261 3647
531276 3647
58989 2076
219743 2076
219746 2076
219748 2076
219755 2076
398509 2076
529963 2076
543367 2076
27766 2647
42371 2647
183393 2647
195636 2647
219654 2647
440526 2647
14859 2084
27964 2084
159043 2084
223851 2084
358132 2084
45157 2085
304504 2085
8157 2086
404155 2086
23175 2088
379748 2088
431927 2088
10861 2117
500504 2117
28346 2125
382295 2125
493122 2125
54 2129
135014 2129
159866 2129
178505 2129
202793 2129
242523 2129
334058 2129
370632 2129
394570 2129
442252 2129
522777 2129
26093 2130
291832 2130
383968 2130
39024 2142
340358 2142
346686 2142
348122 2142
382265 2142
406622 2142
461663 2142
231176 2144
357878 2144
372935 2144
74497 2154
243985 2154
456156 2154
494652 2154
509251 2154
535871 2154
100897 2157
268935 2157
276495 2157
341825 2157
448472 2157
448478 2157
448479 2157
127346 4382
545427 4382
545429 4382
547254 4382
547256 4382
12742 2182
242504 2182
352232 2182
372442 2182
425543 2182
428381 2182
470671 2182
485488 2182
53833 2201
88999 2201
112315 2201
136935 2201
287017 2201
352856 2201
387637 2201
415698 2201
248483 2202
324474 2202
230959 2204
282607 2204
363928 2204
493355 2204
94157 2208
228971 2208
387856 2208
473690 2208
59813 2217
104569 2217
164456 2217
245585 2217
311064 2217
430982 2217
78535 2232
165352 2232
546303 2232
547111 2232
547342 2232
547343 2232
251441 2247
334107 2250
378674 2250
25301 2252
174471 2252
344202 2252
344204 2252
440423 2252
440425 2252
42155 2257
258784 2257
354458 2257
396741 2257
486636 2257
13794 2283
13799 2283
49521 2283
58469 2283
90018 2283
116158 2283
165680 2283
190772 2283
237897 2283
262528 2283
262529 2283
262530 2283
262535 2283
262540 2283
268569 2283
324170 2283
429065 2283
444995 2283
452619 2283
66845 2285
78137 2285
87081 2285
117839 2285
126668 2285
143384 2285
212946 2285
217171 2285
220921 2285
262565 2285
325480 2285
356109 2285
378276 2285
388855 2285
423092 2285
146898 2287
221788 2287
247776 2287
325697 2287
325701 2287
476489 2287
514817 2287
529612 2287
541928 2287
78909 2288
215320 2288
224554 2288
369575 2288
530108 2288
539677 2288
252628 2292
463961 2292
485383 2292
174172 2293
296511 2293
23912 2301
282562 2301
324103 2301
299842 2346
434493 2346
434495 2346
438850 2346
535349 2346
535350 2346
4085 2347
10486 2347
60002 2347
415440 2347
508129 2347
207803 2350
411292 2350
30515 2359
109310 2359
177056 2359
315518 2359
338994 2359
364271 2359
393490 2359
417413 2359
441237 2359
460624 2359
366131 2370
26233 2374
87261 2374
251237 2374
360195 2374
433145 4263
434007 4263
11141 2384
79941 2384
104574 2384
129272 2384
153920 2384
173927 2384
289804 2384
336133 2384
353501 2384
410519 2384
424655 2384
427212 2384
462012 2384
512038 2384
541814 2384
125289 2410
225019 2410
258142 2410
315631 2418
544663 2421
132457 2425
191796 2425
195043 2425
200224 2425
204353 2425
204354 2425
282391 2425
300953 2425
401574 2425
415565 2425
416429 2425
446733 2425
504361 2425
538078 2425
42216 2428
49638 2428
49701 2428
49712 2428
74289 2428
74300 2428
116418 2428
126979 2428
194691 2428
213232 2428
220897 2428
427050 2428
462565 2428
262790 2430
353463 2430
428005 2430
496686 2430
113748 2431
138273 2431
163163 2431
210212 2431
456487 2431
466352 2431
12746 2433
122537 2433
303521 2433
303549 2433
320702 2433
495392 2435
6936 2440
24169 2440
104066 2440
218474 2440
246022 2440
265339 2440
344497 2440
437263 2440
466104 2440
523617 2440
526436 2440
292085 2443
368988 2443
368990 2443
369000 2443
369002 2443
476488 2443
542678 2443
81071 2445
81128 2445
118113 2445
189653 2445
189654 2445
292331 2445
480841 2445
48244 2450
55907 2450
89052 2450
98986 2450
371227 2450
492981 2450
335314 2459
366593 2459
436141 2459
522668 2459
391269 2460
526636 2460
217261 2471
221400 2471
158129 2472
33551 3954
7354 3987
14088 3987
34701 3987
48881 3987
67485 3987
95456 3987
116168 3987
117507 3987
123033 3987
158156 3987
165937 3987
171152 3987
198470 3987
244847 3987
269951 3987
274645 3987
284716 3987
335564 3987
342933 3987
352223 3987
359712 3987
396939 3987
420729 3987
421169 3987
424495 3987
442249 3987
476202 3987
486744 3987
497038 3987
509718 3987
544993 3987
20839 4603
81900 4603
97607 4603
123315 4603
156093 4603
182454 4603
194704 4603
233263 4603
258046 4603
290926 4603
328302 4603
347983 4603
369001 4603
389655 4603
495549 4603
506623 4603
518711 4603
521336 4603
52665 4756
64539 4756
70232 4756
71521 4756
77320 4756
78849 4756
81392 4756
82128 4756
82823 4756
91983 4756
104504 4756
104997 4756
107230 4756
112768 4756
120326 4756
137392 4756
146209 4756
153172 4756
161157 4756
178391 4756
190266 4756
218429 4756
219484 4756
219936 4756
242549 4756
253751 4756
254204 4756
266147 4756
269579 4756
281118 4756
281961 4756
284788 4756
319065 4756
321216 4756
330541 4756
335032 4756
343112 4756
343933 4756
354348 4756
375181 4756
376939 4756
399137 4756
412242 4756
450608 4756
455158 4756
457320 4756
481242 4756
483042 4756
504277 4756
518606 4756
527391 4756
538992 4756
35651 2494
60708 2494
70392 2494
107783 2494
517993 2494
70432 2495
149458 2495
272922 2495
324533 2495
351983 2495
411467 2495
293336 2503
413584 2503
51882 4441
143104 4441
257863 4441
260603 4441
463234 4441
148918 2540
287142 2540
503858 2540
425504 2560
448700 2560
87699 2566
112327 2566
229193 2566
318193 2566
348642 2566
398148 2566
521054 2566
531309 2566
41190 2567
201569 2567
267466 2567
475905 2567
89730 2982
122147 2982
282768 2982
415037 2982
152001 2571
197818 2571
126397 2587
268312 2587
336038 2587
376244 2587
461964 2587
771 2634
78191 2634
280717 2634
491073 2634
520122 2634
520135 2634
530571 2634
117068 2635
524110 2635
248053 2650
252184 2650
264966 2650
15018 2665
126362 2665
193802 2665
397693 2665
413041 2665
413062 2665
190062 2666
274521 2666
328123 2666
405565 2666
51601 2670
51603 2670
51607 2670
51609 2670
51611 2670
51613 2670
51617 2670
64252 2670
89061 2670
121756 2670
176391 2670
196124 2670
210259 2670
322613 2670
322660 2670
333585 2670
372836 2670
393071 2670
394297 2670
410156 2670
426139 2670
518347 2670
32115 2706
193098 2706
380604 2706
428448 2706
285731 2707
474377 2707
14012 2710
164042 2710
190637 2710
221367 2710
323614 2710
134811 2713
143095 2713
154832 2713
224007 2713
2959 2722
90731 2722
145910 2722
208358 2722
225665 2722
175831 2724
270174 2724
270293 2724
471355 2724
471370 2724
471375 2724
471377 2724
471380 2724
221362 2749
336486 2749
10597 2756
240442 2756
327664 2756
399829 2756
496047 2756
531694 2756
517019 3747
390225 2763
7219 2764
204899 2764
95353 2768
140199 2768
194007 2768
201631 2768
210570 2768
276645 2768
306456 2768
351661 2768
351673 2768
351676 2768
97561 2770
114732 2770
150327 2770
185709 2770
332264 2770
446008 2770
446010 2770
446011 2770
62919 2772
111580 2772
212352 2772
248013 2772
335458 2772
396966 2772
68136 2810
168437 2810
274280 2810
350351 2810
388282 2810
471342 2810
9477 3701
17400 3701
49986 3701
61025 3701
66324 3701
74491 3701
82276 3701
91487 3701
97983 3701
106873 3701
120511 3701
120721 3701
143750 3701
165323 3701
166089 3701
169637 3701
177767 3701
182173 3701
185964 3701
195109 3701
209840 3701
216658 3701
232429 3701
242337 3701
243136 3701
249536 3701
257304 3701
257520 3701
257906 3701
262051 3701
264490 3701
266865 3701
270721 3701
275325 3701
276496 3701
278127 3701
280033 3701
298491 3701
313625 3701
315789 3701
322361 3701
340503 3701
342923 3701
347869 3701
352727 3701
356114 3701
367135 3701
367905 3701
376753 3701
383714 3701
387589 3701
395015 3701
398530 3701
414963 3701
415603 3701
438812 3701
443480 3701
446885 3701
450302 3701
481362 3701
485236 3701
511033 3701
511383 3701
520757 3701
522605 3701
529014 3701
533768 3701
542594 3701
487957 2815
87659 2816
208154 2864
208741 2864
210255 2864
524274 2864
22116 2898
269590 2898
343987 2898
11074 2900
105139 2900
201095 2900
221647 2900
347908 2900
381506 2900
388324 2900
72994 2903
173411 2903
288816 2903
140510 2907
295308 2907
374862 2907
8365 3865
42999 3865
47207 3865
51254 3865
56713 3865
77936 3865
86000 3865
88312 3865
108788 3865
159455 3865
162365 3865
188898 3865
200810 3865
216507 3865
240914 3865
241228 3865
261544 3865
265730 3865
271540 3865
286224 3865
307482 3865
377099 3865
381983 3865
391315 3865
391924 3865
425149 3865
431123 3865
434532 3865
442929 3865
443611 3865
457527 3865
458250 3865
471993 3865
536082 3865
540508 3865
93813 2913
217054 2913
226679 2913
239069 2913
263728 2913
273303 2913
471341 2913
488806 2913
513604 2913
517124 2913
18673 4747
218537 4747
296685 4747
300448 4747
362960 4747
387071 4747
474169 4747
516348 4747
56222 3629
111606 3629
307520 3629
539854 3629
521 2920
70004 2920
127332 2920
148870 2920
169697 2920
173687 2920
174097 2920
210373 2920
233313 2920
235362 2920
292843 2920
330506 2920
356349 2920
401127 2920
404185 2920
513756 2920
125167 2937
202927 2937
64051 2938
317337 2938
329327 2938
75731 2939
262777 2939
490580 2939
13933 3274
30971 3274
34580 3274
41775 3274
58875 3274
105780 3274
139315 3274
231618 3274
329970 3274
335883 3274
422134 3274
507204 3274
508883 3274
516740 3274
521453 3274
530613 3274
539201 3274
2517 2946
13948 2946
58522 2946
118905 2946
143603 2946
149744 2946
224211 2946
226965 2946
279708 2946
282410 2946
301181 2946
328021 2946
328447 2946
419721 2946
430559 2946
78953 2948
106273 2948
281753 2948
307781 2948
336059 2948
352153 2948
404955 2948
439778 2948
511367 2948
540587 2948
166202 2949
382445 2949
386562 2949
406338 2949
457915 2949
467177 2949
50774 2955
62962 2955
102093 2955
112326 2955
293362 2955
391145 2955
396595 2955
414633 2955
521099 2955
247239 2982
1200 2992
51113 2992
80433 2992
87071 2992
89970 2992
142400 2992
152589 2992
164387 2992
167882 2992
189124 2992
226140 2992
256580 2992
279755 2992
317090 2992
330293 2992
342871 2992
354088 2992
354565 2992
423673 2992
463745 2992
474381 2992
531792 2992
6394 2995
37672 2995
133679 2995
297412 2995
430427 2995
434433 2995
442152 2995
443776 2995
451022 2995
523676 2995
50739 2997
82953 2997
148423 2997
369409 2997
369455 2997
451280 2997
453071 2997
477597 2997
502452 2997
514143 2997
534712 2997
36521 2998
325123 2998
342902 2998
405679 2998
405684 2998
495822 2998
495823 2998
495829 2998
22545 3000
49608 3000
117583 3000
141177 3000
311003 3000
436233 3000
68103 3003
156330 3003
386218 3003
504608 3003
45287 3005
192266 3005
252021 3005
337084 3005
84836 3008
519897 3008
50957 4922
253794 4922
286274 4922
376122 4922
496093 4922
6351 3032
168646 3032
228092 3032
390836 3032
477206 3032
227369 3034
286151 3034
27959 3035
137763 4436
137766 4436
183412 4436
224420 3070
320163 3070
338515 3070
54222 3096
106194 3096
136774 3096
155598 3096
225247 3096
229584 3096
254345 3096
356240 3096
408029 3096
72226 3101
175144 3101
185626 3101
233084 3101
246160 3101
268827 3101
295134 3101
337917 3101
411027 3101
440817 3101
14157 3105
37883 3105
54265 3105
58422 3105
74745 3105
84106 3105
101663 3105
148741 3105
173996 3105
220470 3105
259515 3105
260876 3105
284697 3105
285123 3105
285246 3105
330397 3105
366775 3105
401654 3105
411066 3105
422447 3105
425578 3105
432649 3105
450282 3105
454152 3105
473398 3105
490984 3105
514902 3105
520119 3105
520455 3105
11880 3107
56773 3107
295064 3107
344141 3107
484610 3107
497899 3107
501518 3107
509570 3107
520413 3107
140937 3109
288030 3109
329387 3109
364737 3109
486322 3109
97893 3126
148445 3126
55017 4923
158534 4923
339500 4923
469396 4923
505586 3142
323165 3993
253947 3999
469529 3999
512330 3999
515626 3999
51369 3178
56285 3178
85822 3178
112416 3178
119568 3178
151659 3178
177145 3178
178246 3178
260312 3178
274440 3178
290612 3178
290613 3178
302808 3178
310160 3178
401230 3178
450130 3178
50647 3198
338877 3198
357762 3198
416394 3208
193320 4961
193323 4961
354662 4961
286624 3216
331605 3216
55312 3218
132823 3218
237209 3218
343491 3218
526816 3218
436832 3219
436873 3219
509314 3219
541172 3222
289084 3226
21532 4263
147760 4263
186253 4263
244947 4263
258433 4263
293867 4263
355265 4263
534192 4263
135954 3263
160749 3263
289020 3263
317290 3263
522414 3263
530719 3263
62960 3272
120296 3272
122211 3272
163023 3272
404494 3272
22157 3274
251787 3274
67976 3280
299422 3280
484708 3280
6224 3281
6664 3281
22968 3281
54773 3281
63856 3281
100755 3281
102969 3281
120984 3281
154218 3281
155754 3281
160996 3281
244526 3281
287618 3281
316855 3281
339744 3281
339755 3281
349850 3281
350200 3281
353156 3281
382934 3281
402866 3281
483719 3281
489148 3281
495858 3281
508515 3281
519067 3281
521609 3281
526783 3281
174485 3288
195684 3288
199616 3288
448031 3288
494565 3288
27890 3313
48131 3313
52064 3313
55386 3313
55388 3313
57383 3313
165463 3313
219781 3313
238491 3313
389895 3313
405178 3313
483076 3313
538129 3313
62211 3314
99302 3314
123836 3314
154277 3314
154282 3314
209163 3314
236304 3314
344610 3314
359862 3314
372706 3314
407647 3314
431741 3314
522205 3314
198903 3329
204686 3329
445938 3329
526129 3329
39576 3984
147000 3984
170690 3984
188807 3984
265910 3984
316854 3984
334559 3984
461532 3984
520878 3984
33094 4006
52657 4006
74972 4006
244920 4006
261409 4006
327959 4006
344354 4006
367949 4006
406869 4006
471115 4006
483451 4006
503043 4006
15147 4008
61160 4008
62574 4008
114369 4008
213775 4008
263425 4008
334441 4008
335860 4008
430087 4008
433898 4008
436388 4008
444595 4008
460609 4008
472790 4008
482336 4008
484081 4008
398328 3342
422104 3342
426714 3342
430272 3342
454223 3342
536575 3342
22388 4436
31673 4436
69451 4436
102350 4436
126868 4436
152486 4436
228695 4436
240517 4436
285376 4436
436108 4436
525422 4436
541545 4436
26714 3355
36062 3355
103651 3355
465335 3355
478810 3355
507789 3355
315316 3359
29866 3363
192608 3363
232195 3363
468680 3363
478760 3363
241647 3746
433300 3746
509910 3746
393535 3450
411330 3451
419262 3451
112786 3476
112792 3476
235293 3476
347667 3476
42023 3486
80532 3486
19679 3489
35455 3489
112758 3489
162648 3489
206800 3489
212546 3489
289400 3489
303846 3489
304830 3489
360825 3489
369143 3489
379571 3489
380999 3489
425198 3489
442046 3489
464920 3489
499196 3489
131344 3491
520360 3491
187112 3501
267237 3501
344635 3501
77453 3523
205276 3523
461279 3524
68582 3525
337833 3525
92185 4804
111312 4804
185837 4804
188895 4804
200591 4804
208936 4804
247407 4804
265543 4804
271882 4804
331338 4804
379522 4804
517885 4804
531049 4804
344237 4263
49082 3629
292797 3629
316846 3629
517285 3629
249936 3647
122823 3677
132408 3677
156043 3677
181326 3677
476911 3677
500110 3677
516511 3677
226605 3692
468003 3692
529460 3692
18696 3697
31264 3697
119100 3697
181783 3697
211881 3697
234948 3697
375352 3697
534454 3697
82113 3701
133754 3701
265293 3701
852 3702
2556 3702
2613 3702
2917 3702
49336 3702
70350 3702
90820 3702
103626 3702
150211 3702
160859 3702
170622 3702
196298 3702
218600 3702
222789 3702
224305 3702
292251 3702
329483 3702
330153 3702
358490 3702
367698 3702
407147 3702
409740 3702
420580 3702
424145 3702
444965 3702
448512 3702
513011 3702
517958 3702
524313 3702
123128 3709
447338 3709
21160 3989
24168 3989
45559 3989
87059 3989
150755 3989
177644 3989
180594 3989
256695 3989
260944 3989
407999 3989
414652 3989
429148 3989
447363 3989
482118 3989
486548 3989
503978 3989
508458 3989
508576 3989
515797 3989
9668 3999
38967 3999
68765 3999
69644 3999
95845 3999
162406 3999
175766 3999
179813 3999
184412 3999
222692 3999
238822 3999
288516 3999
352628 3999
368443 3999
380516 3999
395540 3999
397776 3999
438576 3999
442479 3999
89452 3719
187217 3719
247072 3719
290671 3719
353824 3719
378983 3719
386403 3719
470382 3719
472716 3719
545044 4025
113034 4382
262492 3736
311323 3987
331778 3987
381847 3987
49820 3749
111022 3749
124602 3749
128633 3749
165511 3749
186703 3749
203827 3749
217231 3749
236861 3749
361112 3749
371295 3749
376053 3749
415235 3749
427438 3749
486082 3749
518426 3749
528254 3749
18103 3751
34108 3751
51103 3751
93112 3751
154817 3751
183514 3751
202852 3751
240693 3751
274819 3751
289263 3751
382571 3751
418808 3751
438438 3751
457208 3751
481287 3751
506211 3751
514958 3751
47347 3764
53681 3764
230120 3764
282318 3764
108179 3768
204315 3770
394557 3770
7531 3779
37268 3779
60979 3779
88632 3779
106415 3779
146668 3779
241954 3779
246032 3779
253204 3779
303306 3779
320470 3779
332256 3779
333279 3779
344512 3779
398287 3779
464143 3779
477136 3779
506006 3779
519914 3779
149474 3782
436264 3782
467909 3782
487083 3782
506541 3782
80680 3786
422374 3786
450180 3786
30322 3796
161427 3796
8826 3815
47863 3815
113270 3815
214715 3815
235278 3815
250423 3815
269766 3815
333303 3815
340053 3815
350004 3815
397977 3815
436165 3815
436170 3815
436171 3815
475168 3815
540486 3815
144025 3824
260220 3824
290798 3824
290869 3824
335744 3824
7667 3830
199697 3830
226854 3830
341839 3830
323531 3831
323532 3831
323534 3831
460955 3831
229556 3858
342774 3858
407638 3858
44770 3863
65878 3863
108941 3863
475035 3863
20904 3865
115966 3865
158208 3988
38200 4737
98484 4737
112070 4737
116596 4737
120989 4737
159037 4737
224453 4737
227376 4737
242997 4737
286336 4737
287610 4737
362406 4737
433658 4737
441901 4737
447429 4737
470445 4737
515812 4737
516817 4737
517161 4737
519642 4737
527598 4737
531957 4737
535727 4737
137968 3908
320166 3908
346970 4354
76087 3944
268517 3944
425999 3944
89208 3953
113863 3953
138405 3953
138406 3953
148515 3953
206475 3953
209238 3953
229807 3953
284437 3953
311830 3953
420387 3953
142680 4922
325101 4922
351669 4922
459635 4922
465905 4922
476197 4922
505195 4922
8323 3967
198204 3967
61195 3968
81858 3968
150077 3968
183631 3968
226183 3968
306986 3968
352756 3968
366700 3968
419305 3968
508809 3968
53049 3969
96237 3969
185560 3969
209375 3969
374105 3969
468184 3969
52092 3979
94727 3979
130724 3979
196150 3979
320332 3979
41015 3980
152512 3980
375133 3980
394515 3980
482169 3980
504629 3980
28152 3987
450417 3987
308545 3989
24669 3993
26602 3993
69077 3993
75123 3993
224389 3993
309081 3993
311683 3993
335655 3993
377116 3993
389413 3993
450091 3993
320612 3999
35815 4008
35446 4011
37555 4011
109756 4011
165812 4011
290573 4011
328028 4011
331903 4011
518053 4011
519887 4011
537844 4011
542138 4011
21106 4017
49504 4017
225450 4017
228363 4017
320295 4017
355676 4017
512502 4017
513547 4017
529251 4017
535681 4036
22700 4066
175581 4066
198253 4066
488040 4066
7606 4067
17667 4067
32290 4067
113434 4067
132461 4067
135104 4067
286421 4067
466969 4067
467080 4067
530618 4067
11392 4068
47706 4068
459582 4068
525488 4068
96239 4122
351364 4122
473115 4122
12695 4155
18212 4155
30775 4155
41151 4155
77284 4155
175318 4155
272501 4155
283732 4155
292732 4155
356320 4155
356330 4155
357741 4155
387065 4155
395079 4155
399629 4155
418333 4155
453457 4155
531440 4155
535087 4155
543005 4155
10481 4187
274969 4187
331646 4187
437618 4187
514322 4187
132950 4203
176263 4203
176270 4203
202686 4203
222274 4203
274441 4203
305768 4203
415354 4203
482125 4203
202340 4249
349477 4249
412310 4249
453575 4249
477575 4249
19877 4263
42921 4263
45769 4263
525304 4263
537524 4263
17994 4272
27468 4272
67232 4272
133986 4272
162036 4272
182146 4272
279061 4272
288871 4272
381698 4272
435800 4272
436924 4272
479941 4272
519796 4272
19614 4280
215706 4280
267299 4280
483438 4280
77973 4328
104619 4328
138098 4328
157451 4328
200073 4328
215235 4328
272992 4328
341906 4328
396912 4328
451406 4328
475476 4328
520641 4328
540456 4328
217508 4330
496276 4330
526306 4330
61894 4341
261360 4341
501882 4341
193333 4354
198707 4360
244909 4360
299522 4360
310196 4360
318042 4360
454182 4360
144403 4429
491995 4429
68969 4499
169028 4499
218076 4499
298135 4499
429236 4499
431350 4499
482589 4499
24022 4519
24025 4519
150988 4519
335852 4519
547755 4519
216758 4563
301613 4563
457714 4563
492112 4563
33528 4564
35633 4564
392206 4564
409773 4564
462036 4564
189841 4603
448106 4606
491470 4606
535228 4662
55712 4670
55719 4670
108373 4670
186838 4670
325058 4670
346881 4670
470876 4670
470886 4670
12860 4711
259691 4711
273419 4711
445499 4711
196562 4737
302796 4737
452842 4737
63368 4744
157272 4744
256198 4744
373528 4744
427654 4744
466283 4744
482155 4744
497000 4744
517875 4744
366943 4747
198684 4752
386738 4752
392437 4752
470404 4752
135519 4756
19835 4757
41045 4757
104898 4757
110488 4757
116452 4757
159145 4757
186229 4757
219498 4757
278766 4757
296598 4757
324908 4757
347653 4757
353224 4757
407840 4757
425169 4757
439845 4757
472922 4757
507160 4757
520774 4757
117287 4773
123181 4773
27423 4774
47053 4774
71686 4774
71689 4774
140141 4774
157669 4774
192596 4774
215022 4774
253721 4774
276474 4774
278502 4774
285273 4774
338869 4774
346469 4774
387683 4774
387928 4774
392657 4774
405849 4774
445736 4774
469656 4774
469658 4774
483307 4774
522171 4774
542307 4774
542308 4774
542408 4774
543045 4774
543253 4774
543652 4774
543679 4774
543680 4774
543839 4774
544939 4780
17651 4789
27941 4789
223909 4789
223912 4789
338888 4789
395199 4789
24458 4793
24462 4793
261193 4793
336745 4793
166893 4804
222530 4804
70878 4810
169175 4810
194234 4810
206785 4810
221525 4810
239740 4810
241200 4810
433880 4810
464218 4810
476921 4810
501773 4810
526687 4810
136446 4814
288831 4814
346486 4814
397143 4814
444825 4814
474594 4814
498843 4814
527558 4814
166768 4815
179327 4815
193507 4815
412931 4815
533900 4815
56618 4821
166948 4821
273463 4821
456543 4821
498058 4821
398645 4824
409979 4824
437578 4824
4328 4832
12959 4832
18041 4832
21786 4832
29354 4832
30093 4832
30688 4832
30962 4832
35067 4832
35308 4832
38671 4832
42473 4832
45561 4832
46508 4832
49424 4832
51902 4832
52511 4832
52785 4832
59532 4832
59613 4832
59912 4832
60211 4832
71187 4832
74895 4832
79870 4832
83510 4832
83906 4832
84285 4832
84693 4832
85871 4832
98199 4832
99026 4832
104481 4832
108259 4832
108892 4832
109222 4832
115533 4832
116096 4832
119359 4832
122517 4832
123159 4832
123953 4832
137050 4832
138024 4832
141635 4832
145797 4832
153979 4832
154202 4832
166566 4832
172218 4832
176184 4832
179698 4832
181025 4832
181492 4832
182435 4832
185822 4832
186386 4832
186575 4832
190765 4832
193240 4832
196008 4832
197919 4832
198973 4832
199759 4832
203272 4832
204126 4832
205676 4832
209480 4832
211967 4832
217346 4832
219603 4832
222414 4832
226541 4832
230788 4832
231620 4832
236947 4832
244578 4832
250046 4832
252125 4832
258382 4832
265066 4832
268123 4832
272735 4832
273209 4832
279830 4832
280255 4832
293587 4832
294393 4832
295177 4832
296111 4832
310851 4832
313006 4832
317146 4832
317367 4832
321619 4832
325052 4832
326211 4832
326849 4832
326874 4832
340331 4832
361524 4832
365309 4832
365354 4832
366654 4832
370416 4832
370979 4832
371029 4832
373756 4832
373799 4832
374874 4832
379102 4832
384330 4832
385399 4832
392463 4832
393031 4832
394703 4832
394886 4832
396502 4832
399572 4832
401449 4832
402379 4832
403034 4832
404948 4832
414657 4832
423306 4832
426835 4832
427507 4832
428993 4832
430314 4832
432229 4832
435398 4832
440989 4832
446298 4832
447224 4832
448214 4832
449985 4832
451488 4832
451931 4832
460073 4832
462210 4832
470004 4832
475666 4832
476448 4832
478676 4832
482986 4832
484561 4832
489905 4832
491667 4832
495476 4832
497867 4832
500473 4832
503684 4832
504412 4832
504784 4832
511278 4832
511689 4832
518306 4832
519686 4832
521655 4832
523046 4832
530647 4832
536482 4832
539292 4832
32446 4918
73927 4918
74795 4918
162362 4918
376511 4918
453478 4918
485510 4918
66413 4923
155096 4923
300910 4923
318079 4923
318090 4923
407868 4923
425656 4923
518217 4923
66078 4933
131037 4933
240998 4933
241019 4933
299583 4933
110393 4961
29564 4969
152299 4969
205580 4969
229792 4969
244404 4969
254505 4969
254507 4969
254551 4969
324623 4969
441667 4969
479346 4969
135499 4
348574 166
154417 166
207193 234
324488 234
502143 238
123091 238
530943 258
132725 290
451372 296
345863 296
540627 312
227789 382
439277 395
46300 395
278358 407
2641 415
391377 415
319626 444
186613 627
194776 627
356740 654
496284 750
379559 966
415737 1079
316307 1079
48718 1079
303322 1079
243595 1162
147931 1916
299546 2026
459043 2084
144502 2425
200365 2425
266274 2430
87698 2566
51615 2670
251189 2670
51614 2670
213264 2763
135942 2763
178061 2763
50313 2763
279570 2763
60965 2763
341392 2763
453018 2770
427997 2810
33310 2939
434436 2995
260897 3127
410027 3486
171252 3486
459666 3486
385591 4036
269571 4354
343601 4354
81166 4441
384181 4606
304846 4752
542899 4780
28513 4780
461219 33
246920 126
240113 130
233388 141
374164 285
209646 285
264806 407
193742 407
285256 521
240218 521
13965 521
379695 521
174998 533
385730 533
18426 533
174631 544
475732 547
103300 587
211466 722
29584 876
107722 895
227137 901
47403 905
198055 930
491421 1084
362616 1095
223919 1095
338450 1095
440723 1095
527653 1333
511816 1374
385427 1705
29849 1705
485348 1774
382799 2088
330244 2257
161270 2359
422490 2430
109934 2650
101668 2666
450405 2707
171345 2938
479546 3000
50167 3008
294926 3216
509537 3219
239582 3363
20716 3486
508717 3486
246045 3486
13169 3492
221585 3492
446826 3747
272795 3747
104372 3747
475986 3786
144876 3830
160397 3953
504901 4603
14311 4603
407872 4923
58675 18
2770 51
428880 111
129804 194
99573 238
225654 307
362149 367
409415 414
288488 414
86455 414
106810 444
49695 587
49948 592
9645 592
114810 592
467165 592
516221 592
203209 673
201878 834
482057 1150
408416 1150
305279 1150
416357 1181
336579 1224
103425 1419
521750 1858
54178 2182
292038 2472
309625 2560
197814 2571
495824 2998
70071 3047
252738 3208
41336 3313
99182 3313
47164 3989
6335 3989
239132 3989
110669 3989
165935 4328
47768 4328
434288 4499
180578 4744
29384 4756
525219 4756
65985 4756
424159 4756
95698 4756
289784 4756
196453 4756
498016 4756
47006 4821
350365 2155
170327 11
236045 17
300388 95
234939 98
408215 125
164015 194
100084 333
530227 333
56536 347
523664 347
404701 369
420400 369
27841 369
284295 386
201586 386
344474 386
219831 584
170809 964
283610 964
465934 1072
131663 1162
471280 1218
137498 1371
278308 1432
373727 1766
304631 1797
325416 1801
196422 1801
537553 1838
79592 1838
414719 1863
372489 1885
253914 2283
527894 2283
13103 2283
50197 2283
74782 2283
167801 2283
403263 2384
265351 2384
407102 2567
51621 2670
423522 2768
125175 2937
409881 2992
224252 2992
197137 2992
260938 3288
149319 3288
435347 3451
360107 3525
230512 3751
503250 3751
276167 3768
506952 3815
44514 4382
85720 4804
135953 4804
413492 4933
282815 1
344634 78
257956 126
408058 153
121475 234
185150 333
226654 347
297896 347
525313 347
60683 458
121926 458
272669 544
353015 736
443073 856
24239 885
517791 1084
62992 1422
540608 1502
148649 1502
73676 1806
506413 2154
213201 2425
399968 2440
464340 2472
207963 2571
425584 2707
408908 2749
113332 2946
2801 2946
92955 3000
324231 3178
370011 3178
106407 3280
355542 3334
200801 3334
271422 3334
526060 3334
198400 3486
370166 3486
513275 3486
167731 3815
4965 3815
62963 3989
328678 3989
18622 3989
380734 4066
475951 4155
542979 4155
374113 4328
224059 4328
160129 4737
296457 4737
282933 4737
254939 4815
