164985 0
225214 0
232761 0
231953 3
523128 3
112814 5
112823 5
118948 10
209822 10
455700 10
482725 10
55727 11
78359 11
335007 11
42888 18
217362 18
4092 19
104191 19
341575 19
389644 19
413419 19
213603 22
213604 22
213613 22
213615 22
213617 22
249025 22
12526 32
33054 32
346440 32
501788 32
538991 32
169543 33
219957 33
284749 33
346229 33
100579 34
137990 34
373778 34
428792 34
483698 34
32428 38
118086 38
323498 38
367483 38
411766 38
135652 40
152314 40
172487 40
220229 40
249463 40
340532 40
389009 40
296324 1142
332135 1142
373569 1142
395227 1142
65390 47
180936 47
214026 47
319423 47
367843 47
29159 57
188735 57
292677 57
411328 57
464161 57
476644 57
74012 2816
163140 2816
329735 2816
359073 2816
395421 2816
8558 66
315381 66
449093 66
281058 2742
447090 2742
461414 2742
38504 69
65004 69
163914 69
189007 69
269696 69
345010 69
436194 69
23338 70
53654 70
74163 70
424802 70
450237 70
535531 70
32514 3494
107918 3494
131925 3494
178224 3494
326818 3494
392394 3494
415761 3494
21232 73
66620 73
506788 73
93003 77
163816 77
212108 77
347287 77
387941 77
422973 77
536483 77
90508 79
136916 79
241677 79
68164 82
90017 82
164035 82
209103 82
221076 82
234757 82
344437 82
386267 82
395500 82
280181 1527
345827 1527
393849 1527
417695 1527
441552 1527
490177 1527
516170 1527
129187 444
195341 444
214813 444
432745 444
41233 93
46638 93
93866 93
149190 93
154979 93
120942 95
146227 95
213167 95
267988 95
278186 95
394142 95
452083 95
508006 95
138094 99
164230 99
290174 99
88567 100
208899 100
317988 100
510762 100
11426 104
31915 104
31935 104
56368 104
79164 104
132000 104
476278 104
538265 104
42761 107
58894 107
102756 107
108405 107
172687 107
173342 107
329503 107
387236 107
426707 107
455994 107
144045 109
156667 109
194080 109
365781 109
367283 109
386697 109
445264 109
100394 111
173813 111
186430 111
320672 111
396870 111
536290 111
193203 112
228571 112
253308 112
460939 112
189330 115
199812 115
220034 115
382482 115
526388 115
36169 3492
48825 3492
188821 3492
213609 3492
260559 3492
402729 3492
424292 3492
493529 3492
55047 119
109596 119
311842 119
313452 119
315852 119
335798 119
359987 119
407773 119
431823 119
42828 120
329732 120
440992 120
459589 120
493912 120
499772 120
117609 133
173667 133
305042 133
306504 133
327667 133
423171 133
438183 133
490100 133
12681 138
112668 138
120631 138
280772 138
280779 138
157587 142
256350 142
286107 142
479118 142
499264 142
32531 143
434086 143
458489 143
523392 143
535215 143
535702 143
113905 145
188421 145
205459 145
210414 145
258181 145
338280 145
339151 145
411938 145
432420 145
456517 145
499824 145
528406 145
33116 147
95736 147
200577 147
220425 147
237846 147
252872 147
338819 147
518003 147
128999 3492
221577 3492
345163 3492
456085 3492
522815 3492
523198 3492
59509 151
68430 151
84384 151
93341 151
172036 151
294094 151
310314 151
504212 151
537726 151
35284 153
59771 153
109204 153
124094 153
149985 153
153287 153
222178 153
308746 153
329470 153
504430 153
20676 155
60967 155
70797 155
114872 155
222386 155
228567 155
269750 155
350356 155
388751 155
509194 155
21742 156
46750 156
134247 156
171553 156
223767 156
258658 156
306262 156
442607 156
458567 156
518137 156
15708 158
44578 158
60897 158
85733 158
110288 158
114293 158
114561 158
182337 158
184866 158
346617 158
372891 158
508820 158
8720 3989
22915 3989
47521 3989
49211 3989
78517 3989
118030 3989
286824 3989
339296 3989
480628 3989
488277 3989
496847 3989
518489 3989
21584 164
43288 164
113369 164
293968 164
318953 164
341763 164
343017 164
368792 164
392187 164
464182 164
524986 164
13867 165
21789 165
43967 165
108325 165
219714 165
367717 165
410401 165
448789 165
456740 165
492018 165
496038 165
526750 165
533680 165
10894 168
223802 168
266177 168
269398 168
359725 168
367675 168
486535 168
487448 168
515271 168
4406 1500
19471 1500
157089 1500
178108 1500
220801 1500
226561 1500
234224 1500
277277 1500
386376 1500
430041 1500
453999 1500
455469 1500
535391 1500
4465 900
124908 900
202570 900
229395 900
230023 900
434832 900
452470 900
497934 900
503387 900
523812 900
40257 178
149459 178
302298 178
323354 178
391957 178
468596 178
532365 178
239451 179
1806 1239
4389 1239
49243 1239
49268 1239
164686 1239
376498 1239
393054 1239
405956 1239
528993 1239
203826 247
365198 247
365199 247
503396 247
517526 247
517527 247
91927 195
215767 195
285310 195
289765 195
346397 195
398891 195
398893 195
410927 195
410930 195
227683 197
2223 204
68284 204
114393 204
139407 204
244679 204
289508 204
328671 204
424392 204
479184 204
497568 204
527734 204
530164 204
68757 205
74320 205
104500 205
160383 205
316504 205
331116 205
340590 205
364773 205
388560 205
509547 205
513310 205
19767 2732
31348 2732
51187 2732
137338 2732
216885 2732
217970 2732
225811 2732
273670 2732
430544 2732
530090 2732
540372 2732
14245 209
54528 209
144069 209
259746 209
418053 209
436121 209
446311 209
523611 209
527637 209
85960 210
100001 210
185031 210
334881 210
34069 212
93746 212
118346 212
164375 212
268565 212
293070 212
332827 212
334329 212
358591 212
406380 212
420513 212
423318 212
430354 212
520700 212
90577 221
126741 221
153081 221
348218 221
359435 221
372359 221
471941 221
42868 223
167695 223
206343 223
273513 223
284791 223
298005 223
434044 223
453405 223
454097 223
488842 223
501075 223
501384 223
538160 223
11773 226
48550 226
73233 226
133069 226
213093 226
238783 226
253868 226
281946 226
332097 226
368011 226
391925 226
501400 226
505764 226
519200 226
525564 226
60937 227
101631 227
103133 227
153491 227
181126 227
284423 227
287808 227
303562 227
326990 227
334991 227
346114 227
462464 227
493507 227
538396 227
10149 1150
30877 1150
56711 1150
112428 1150
123304 1150
171678 1150
271402 1150
286245 1150
313181 1150
385197 1150
481100 1150
483774 1150
535197 1150
121006 234
168431 234
175809 234
193599 234
263169 234
271753 234
301093 234
350839 234
357226 234
376665 234
422678 234
449137 234
473120 234
136950 241
207857 241
217115 241
222994 241
252416 241
288252 241
298476 241
302152 241
311205 241
343957 241
403212 241
452729 241
478422 241
502099 241
15615 243
60709 243
77776 243
117427 243
161472 243
191527 243
201338 243
216044 243
253298 243
275950 243
287774 243
368505 243
146593 245
542865 245
543666 245
365196 247
516830 247
4390 250
30922 250
38325 250
38893 250
117542 250
146298 250
199234 250
218763 250
318580 250
331095 250
342640 250
507166 250
526214 250
531176 250
89139 252
105230 252
129923 252
145106 252
200053 252
213860 252
266813 252
299825 252
300708 252
340706 252
461995 252
475011 252
521116 252
534520 252
539128 252
95647 254
164236 254
199674 254
264636 254
297091 254
319430 254
342614 254
358037 254
375289 254
440086 254
451990 254
467636 254
485361 254
520733 254
194407 1500
408420 1500
409317 1500
494662 1500
22967 257
63725 257
260630 257
290530 257
331860 257
426567 257
454171 257
470571 257
491828 257
531263 257
175657 258
467601 258
128 259
26513 259
374193 259
441002 259
448673 259
465275 259
530340 259
530910 259
16750 260
37384 260
60074 260
504753 260
530151 260
32451 261
46703 261
76467 261
239461 261
286893 261
312811 261
412102 261
464086 261
509145 261
513654 261
525025 261
535408 261
541970 261
9169 264
110248 264
172923 264
235924 264
287140 264
420467 264
475607 264
488004 264
497146 264
502040 264
510389 264
530238 264
2246 2381
40924 2381
68704 2381
74720 2381
147766 2381
199476 2381
243994 2381
260488 2381
268943 2381
338095 2381
349653 2381
408445 2381
462002 2381
464495 2381
488231 2381
517892 2381
26015 275
238365 275
286350 275
343737 275
344307 275
348522 275
441053 275
535666 275
544135 276
100920 1838
170945 1838
266632 1838
311601 1838
361337 1838
367186 1838
389896 1838
405823 1838
413692 1838
461863 1838
509960 1838
7651 279
34204 279
35242 279
62164 279
112685 279
179116 279
179914 279
235463 279
235864 279
238654 279
361420 279
388591 279
395097 279
404319 279
502010 279
42714 286
100259 286
198172 286
216202 286
230862 286
242628 286
345528 286
356182 286
359466 286
399876 286
511516 286
515102 286
531753 286
176 290
131232 290
201855 290
321841 290
347858 290
533157 290
33492 3276
65243 3276
65513 3276
141157 3276
258162 3276
292574 3276
346811 3276
406477 3276
430451 3276
495620 3276
521772 3276
67554 294
67555 294
130970 294
162263 294
171940 294
199941 294
204174 294
204177 294
215668 294
540481 294
542439 294
542860 294
542948 294
543633 294
543634 294
180712 341
288126 341
304564 341
331974 341
356196 341
364176 341
380137 341
67412 300
87694 300
116840 300
199841 300
213022 300
235471 300
255529 300
261886 300
327390 300
338053 300
377548 300
522428 300
530854 300
540364 300
72095 303
84026 303
143438 303
151254 303
166536 303
183883 303
235822 303
239656 303
371709 303
384060 303
395085 303
418134 303
43606 307
50157 307
103921 307
134935 307
368947 307
447988 307
452260 307
517606 307
73 2301
42018 2301
142583 2301
261014 2301
261046 2301
279516 2301
345111 2301
369214 2301
386868 2301
417573 2301
451459 2301
483855 2301
511743 2301
516766 2301
24373 4341
179036 4341
200385 4341
321887 4341
331333 4341
362479 4341
402718 4341
509637 4341
527614 4341
535503 4341
14981 2732
69831 2732
74852 2732
113192 2732
171689 2732
199263 2732
233859 2732
362572 2732
367645 2732
389494 2732
391528 2732
504792 2732
41073 312
112127 312
154604 312
155103 312
257317 312
260946 312
424559 312
424569 312
468139 312
477281 312
539078 312
10596 313
10598 313
10599 313
10609 313
10613 313
10627 313
59821 313
118088 313
70863 314
83615 314
91645 314
95788 314
102898 314
108191 314
134064 314
158928 314
192759 314
230977 314
255781 314
292712 314
301086 314
317602 314
341644 314
377255 314
386664 314
437385 314
442207 314
4804 315
26284 315
49697 315
66802 315
84512 315
91726 315
123900 315
170107 315
266583 315
320914 315
354669 315
376458 315
417848 315
424287 315
486252 315
503239 315
518091 315
526735 315
532709 315
84915 3425
143456 3425
184555 3425
223247 3425
248775 3425
279503 3425
281920 3425
321284 3425
344146 3425
360020 3425
371631 3425
379022 3425
437822 3425
444728 3425
15661 327
42039 327
100918 327
136589 327
138913 327
246362 327
269429 327
280767 327
287249 327
295524 327
329653 327
338217 327
349247 327
392498 327
393554 327
434865 327
438083 327
443522 327
502147 327
531783 327
4998 328
6165 328
29915 328
49151 328
83619 328
116597 328
173377 328
211010 328
268035 328
336727 328
338919 328
350246 328
371949 328
421174 328
426850 328
475281 328
503036 328
528451 328
33895 330
42977 330
54168 330
73243 330
83623 330
150058 330
216431 330
218769 330
269236 330
334061 330
516184 330
516831 330
532003 330
544399 330
54074 331
184017 331
214684 331
316403 331
316430 331
337623 331
340511 331
344206 331
419377 331
433704 331
436828 331
498325 331
505254 331
518807 331
529617 331
530205 331
535124 331
539013 331
74023 335
140392 335
144252 335
144255 335
183871 335
206643 335
230601 335
255355 335
260920 335
322563 335
342042 335
364779 335
366253 335
442379 335
466634 335
247514 337
290865 337
319325 337
404306 337
531490 337
302489 2061
363427 2061
363428 2061
29195 339
53482 339
78412 339
90872 339
127731 339
177514 339
277890 339
302328 339
315424 339
339438 339
407628 339
523802 339
56946 341
133099 341
14599 3348
32239 3348
73054 3348
101295 3348
113773 3348
171491 3348
200196 3348
227747 3348
243469 3348
337503 3348
387972 3348
404752 3348
443897 3348
459971 3348
492349 3348
497338 3348
8324 1905
9244 1905
9246 1905
9247 1905
9252 1905
9253 1905
9254 1905
9277 1905
9282 1905
9284 1905
10034 1905
10035 1905
38972 1905
38974 1905
38977 1905
38978 1905
38981 1905
38982 1905
49756 1905
51393 1905
84392 1905
106093 1905
106103 1905
544170 1905
5238 2731
25749 2731
121270 2731
168715 2731
168720 2731
182430 2731
193790 2731
205319 2731
228831 2731
229510 2731
254263 2731
261558 2731
317603 2731
320128 2731
406305 2731
406909 2731
412670 2731
445716 2731
471009 2731
494860 2731
539125 2731
75600 347
101909 347
109197 347
128781 347
153991 347
235216 347
261771 347
278740 347
299942 347
300327 347
312433 347
329881 347
348662 347
487512 347
494261 347
531782 347
535205 347
535798 347
545002 347
12904 3997
18493 3997
49830 3997
67416 3997
68152 3997
161796 3997
182190 3997
221490 3997
233927 3997
246279 3997
248522 3997
260643 3997
265479 3997
400566 3997
401575 3997
418739 3997
422194 3997
450464 3997
457079 3997
540769 3997
46196 352
64131 352
187354 352
196726 352
241848 352
272582 352
358285 352
368269 352
391238 352
457335 352
29759 4778
39537 4778
39538 4778
39539 4778
39540 4778
39542 4778
151456 4778
151748 4778
151751 4778
176604 4778
257397 4778
536741 4778
536742 4778
542826 4778
543731 4778
543762 4778
34883 3425
92489 3425
137114 3425
175887 3425
179969 3425
262611 3425
285265 3425
294613 3425
337785 3425
344252 3425
348401 3425
360478 3425
439377 3425
447303 3425
462377 3425
466951 3425
473834 3425
513880 3425
519390 3425
263151 363
263163 363
263165 363
263166 363
527914 363
527915 363
414 367
31823 367
265606 367
410079 367
1637 1905
1640 1905
261662 1905
544403 1905
546316 1905
546317 1905
546961 1905
546964 1905
6633 369
11593 369
27451 369
49271 369
102198 369
103808 369
124244 369
175208 369
222832 369
247631 369
247703 369
265673 369
346493 369
372073 369
401800 369
404226 369
444299 369
479041 369
482092 369
493075 369
504729 369
523382 369
41256 375
361696 375
361698 375
232842 381
259903 381
319367 381
344561 381
366254 381
109595 4773
114378 4773
126430 4773
126433 4773
126441 4773
132756 4773
132763 4773
246060 4773
270524 4773
545994 4773
545995 4773
546890 4773
90205 394
262847 394
289685 394
355280 394
385347 394
529587 394
19043 405
59514 405
73765 405
143573 405
169293 405
192709 405
205568 405
229736 405
237027 405
255918 405
280211 405
359417 405
383743 405
390104 405
418481 405
450023 405
468033 405
490635 405
61601 414
61938 414
64808 414
102931 414
111008 414
132915 414
134831 414
143714 414
144919 414
145293 414
180095 414
185527 414
211652 414
231184 414
297268 414
299089 414
313355 414
321860 414
325491 414
334990 414
341978 414
353132 414
494077 414
513774 414
520346 414
524353 414
84055 417
176891 417
201263 417
336715 417
366590 417
408596 417
455003 417
31455 426
171028 426
467252 426
5456 427
17284 427
61148 427
68431 427
93086 427
143159 427
179106 427
278920 427
324084 427
325596 427
352091 427
402327 427
452766 427
500420 427
535668 427
535920 427
49098 432
82214 432
91232 432
127277 432
172194 432
194256 432
222011 432
233864 432
258976 432
283373 432
356956 432
439814 432
515581 432
521118 432
55674 433
109648 433
120923 433
120977 433
132830 433
137880 433
140689 433
143495 433
155868 433
157659 433
173171 433
176204 433
181154 433
201249 433
202731 433
211279 433
283022 433
411093 433
419011 433
423566 433
431231 433
453635 433
471834 433
485258 433
501192 433
41377 435
53293 435
70108 435
80392 435
135867 435
153075 435
155151 435
161949 435
181064 435
185580 435
214046 435
225457 435
311490 435
342317 435
347739 435
380326 435
392651 435
426115 435
432920 435
462465 435
544323 435
367144 436
410601 436
429007 436
448166 436
4262 438
12500 438
44277 438
128645 438
162679 438
178961 438
213301 438
226870 438
227311 438
228180 438
302969 438
307372 438
319198 438
329351 438
329392 438
406413 438
462094 438
470788 438
509798 438
513208 438
522539 438
526954 438
528904 438
531790 438
19002 444
1872 530
2683 530
6690 530
30562 530
52005 530
53841 530
111123 530
132503 530
157258 530
169076 530
240480 530
254184 530
300768 530
306709 530
314403 530
316507 530
331412 530
357452 530
359145 530
374435 530
413433 530
449838 530
469791 530
7916 2094
86421 2094
88597 2094
126382 2094
153577 2094
188170 2094
200838 2094
214804 2094
226320 2094
251763 2094
264382 2094
266291 2094
288764 2094
370403 2094
430441 2094
476094 2094
476822 2094
535698 2094
31195 459
36793 459
51142 459
64999 459
67111 459
90295 459
90734 459
92800 459
109808 459
166561 459
177538 459
198063 459
211751 459
212805 459
236925 459
248191 459
276010 459
285067 459
353233 459
378214 459
394175 459
432128 459
463724 459
488909 459
501909 459
520004 459
29307 2826
114686 2826
114687 2826
114690 2826
121125 2826
168111 2826
200054 2826
264496 2826
309062 2826
313734 2826
349470 2826
412804 2826
499423 2826
531122 2826
537219 2826
32702 1500
54892 1500
186535 1500
202203 1500
230643 1500
249831 1500
317331 1500
335112 1500
403188 1500
464736 1500
484963 1500
522622 1500
181730 476
409204 476
32818 4436
32819 4436
32821 4436
32873 4436
32875 4436
32877 4436
32879 4436
32880 4436
53520 4436
62523 4436
140298 4436
168637 4436
173935 4436
183395 4436
189279 4436
200549 4436
216445 4436
216449 4436
278141 4436
295252 4436
320928 4436
345620 4436
351527 4436
359912 4436
379180 4436
465069 4436
470095 4436
470598 4436
488157 4436
525406 4436
4068 499
11498 499
61167 499
73615 499
85992 499
94324 499
118909 499
139410 499
160049 499
168526 499
168572 499
185056 499
193615 499
211337 499
232136 499
240860 499
255103 499
261066 499
285438 499
384553 499
393087 499
514553 499
526511 499
446665 501
447929 501
5208 1095
50077 1095
76957 1095
99684 1095
117261 1095
126278 1095
162503 1095
180614 1095
187418 1095
201745 1095
219094 1095
222799 1095
252836 1095
310403 1095
324951 1095
328880 1095
334802 1095
343412 1095
386468 1095
396443 1095
399903 1095
410172 1095
420903 1095
434233 1095
436556 1095
446004 1095
454321 1095
458374 1095
462544 1095
464994 1095
469968 1095
489414 1095
6790 521
21716 521
28723 521
31306 521
67055 521
75824 521
87466 521
107068 521
112067 521
127043 521
152440 521
158592 521
162427 521
237078 521
239125 521
239637 521
280601 521
281386 521
291115 521
338580 521
340504 521
379874 521
388654 521
391883 521
393559 521
412103 521
431347 521
434739 521
441859 521
458333 521
477155 521
480282 521
509640 521
520151 521
528852 521
530606 521
534007 521
24076 3747
38185 3747
44867 3747
69456 3747
89973 3747
91601 3747
95977 3747
105027 3747
108628 3747
116177 3747
120959 3747
151259 3747
154244 3747
168624 3747
193691 3747
203972 3747
208626 3747
233933 3747
297278 3747
336083 3747
454029 3747
514297 3747
528522 3747
535600 3747
543534 3747
14896 3931
21659 3931
21695 3931
24397 3931
42346 3931
62867 3931
67051 3931
71036 3931
87626 3931
132671 3931
145089 3931
158674 3931
162709 3931
163015 3931
166077 3931
182587 3931
205505 3931
210462 3931
233838 3931
240678 3931
254423 3931
258501 3931
278725 3931
282906 3931
303160 3931
305716 3931
350288 3931
370812 3931
408836 3931
411795 3931
422063 3931
436124 3931
438354 3931
445259 3931
486888 3931
534790 3931
538222 3931
24221 529
31001 529
31598 529
47988 529
71445 529
75184 529
84961 529
85979 529
128871 529
186391 529
213239 529
214485 529
231148 529
240723 529
259495 529
270262 529
283892 529
287345 529
305604 529
317951 529
320777 529
325282 529
328691 529
344078 529
348225 529
351766 529
373549 529
385201 529
385257 529
410779 529
420599 529
456448 529
467717 529
480390 529
492179 529
519355 529
523265 529
530309 529
534859 529
171078 530
293872 530
311154 530
348197 530
431150 530
33775 533
34344 533
55884 533
68039 533
93187 533
98625 533
109736 533
111770 533
134429 533
145091 533
150045 533
176450 533
181537 533
185741 533
192523 533
208913 533
227118 533
228947 533
233940 533
239847 533
261341 533
271300 533
274085 533
300749 533
319133 533
333494 533
350452 533
377920 533
401870 533
403157 533
425786 533
430938 533
449042 533
466662 533
469062 533
477450 533
487125 533
5197 3988
22780 3988
35814 3988
37101 3988
56342 3988
57060 3988
75588 3988
100623 3988
129143 3988
142229 3988
176500 3988
176695 3988
181785 3988
196910 3988
245851 3988
246767 3988
284216 3988
290968 3988
308167 3988
352799 3988
352885 3988
393110 3988
398631 3988
407895 3988
415981 3988
418918 3988
455942 3988
485935 3988
486884 3988
490231 3988
509535 3988
515422 3988
541552 3988
167382 1095
390464 1095
28416 539
150515 539
303431 539
521792 539
529784 539
533788 539
33373 541
102751 541
226599 541
365061 541
76908 548
97659 548
146773 548
170304 548
172383 548
224705 548
249269 548
262393 548
276506 548
544141 548
544719 548
544726 548
544727 548
544729 548
544730 548
544731 548
544732 548
544734 548
545209 548
545210 548
545730 548
545972 548
546017 548
546322 548
547009 548
547392 548
547393 548
547394 548
547411 548
547574 548
547600 548
547836 548
548188 548
548418 548
548445 548
17611 555
21518 555
26459 555
27966 555
30510 555
67500 555
70124 555
73723 555
80512 555
104658 555
105707 555
123975 555
147416 555
183542 555
209188 555
218045 555
222499 555
223527 555
285633 555
298784 555
299108 555
315995 555
326014 555
327094 555
354094 555
368934 555
373465 555
382755 555
396422 555
405980 555
416314 555
474564 555
476367 555
508858 555
521365 555
6688 3629
18059 3629
36712 3629
73833 3629
80778 3629
104911 3629
112494 3629
132794 3629
133831 3629
145503 3629
158753 3629
174472 3629
201407 3629
219575 3629
255586 3629
259625 3629
276958 3629
281468 3629
285560 3629
292405 3629
331825 3629
336749 3629
376852 3629
411592 3629
416431 3629
424508 3629
425287 3629
430888 3629
432003 3629
452257 3629
466842 3629
467133 3629
511848 3629
538944 3629
176255 3280
468259 3280
532724 3280
22044 3090
51893 3090
76847 3090
77458 3090
79412 3090
110946 3090
126072 3090
134417 3090
175837 3090
202849 3090
211862 3090
329352 3090
349908 3090
362180 3090
449531 3090
473521 3090
31173 569
278864 569
342984 569
389547 569
413257 569
432850 569
492137 569
515761 569
448 3980
2117 3980
28123 3980
52713 3980
56684 3980
75848 3980
80796 3980
114138 3980
121361 3980
130042 3980
131874 3980
154321 3980
158327 3980
170021 3980
203546 3980
260305 3980
271148 3980
333085 3980
334420 3980
338709 3980
362528 3980
366149 3980
389968 3980
392186 3980
396362 3980
410087 3980
449691 3980
455467 3980
467401 3980
471848 3980
485055 3980
491851 3980
519832 3980
520877 3980
525658 3980
529820 3980
544416 3980
547506 3980
218050 3090
147571 584
151976 584
190064 584
191928 584
237311 584
311629 584
311631 584
522287 584
3833 2731
6579 2731
23465 2731
26373 2731
28053 2731
33812 2731
49761 2731
56052 2731
71736 2731
73400 2731
74439 2731
76881 2731
98269 2731
99373 2731
101019 2731
105619 2731
107972 2731
122915 2731
127345 2731
131182 2731
131211 2731
188073 2731
189959 2731
195210 2731
215955 2731
217230 2731
223061 2731
311872 2731
333916 2731
335763 2731
343242 2731
349055 2731
396649 2731
403255 2731
420427 2731
432937 2731
434966 2731
452884 2731
472722 2731
494481 2731
504305 2731
519013 2731
536830 2731
4146 588
21483 588
25701 588
33803 588
35571 588
42149 588
49035 588
51773 588
51935 588
53222 588
63874 588
66787 588
102775 588
108580 588
133152 588
178686 588
195538 588
201227 588
214149 588
220904 588
248037 588
251959 588
271813 588
272524 588
276246 588
301600 588
304321 588
306793 588
331207 588
337486 588
403381 588
407774 588
421033 588
451183 588
462832 588
468261 588
468948 588
478839 588
483679 588
493743 588
497701 588
499925 588
503771 588
504740 588
519747 588
520679 588
525716 588
537153 588
13679 3983
14299 3983
30348 3983
31488 3983
34250 3983
34937 3983
47550 3983
65296 3983
72727 3983
78028 3983
83362 3983
96479 3983
97661 3983
119495 3983
122267 3983
139317 3983
141005 3983
163486 3983
164157 3983
170387 3983
177466 3983
187476 3983
199961 3983
209080 3983
213786 3983
241304 3983
290337 3983
292080 3983
297644 3983
321742 3983
360322 3983
362275 3983
371991 3983
378689 3983
396135 3983
413248 3983
435810 3983
443747 3983
475188 3983
478514 3983
503446 3983
510530 3983
521184 3983
521217 3983
530270 3983
539784 3983
544322 3983
83556 599
225562 599
288778 599
376757 599
448444 599
452315 599
520327 599
132031 603
164604 603
189237 603
248036 603
298879 603
317366 603
326713 603
399040 603
433881 603
540293 603
22010 2969
36737 2969
49003 2969
84346 2969
128696 2969
131492 2969
133735 2969
170339 2969
200204 2969
216324 2969
236756 2969
249476 2969
258182 2969
269999 2969
322841 2969
352591 2969
362704 2969
371095 2969
395017 2969
396491 2969
433538 2969
442618 2969
448603 2969
476581 2969
9526 4773
16832 4773
72915 4773
72916 4773
85375 4773
85382 4773
85383 4773
95730 4773
97140 4773
105481 4773
123183 4773
185312 4773
317458 4773
321818 4773
379869 4773
446932 4773
458383 4773
461898 4773
480478 4773
480479 4773
500861 4773
500862 4773
500865 4773
500866 4773
500867 4773
532649 4773
138889 624
138890 624
163775 624
499031 624
1841 625
11532 625
46370 625
49255 625
63495 625
109491 625
123228 625
125127 625
149492 625
152436 625
163778 625
171065 625
182875 625
186518 625
203981 625
211472 625
212191 625
215844 625
219482 625
245138 625
254741 625
260615 625
287062 625
304646 625
318724 625
321245 625
322560 625
335121 625
335452 625
337625 625
339339 625
365870 625
376846 625
380765 625
405904 625
409945 625
420862 625
443740 625
448439 625
457111 625
463472 625
467018 625
472959 625
484094 625
487028 625
489658 625
492742 625
507509 625
513947 625
517291 625
518284 625
520107 625
544796 625
177204 626
237989 626
304250 626
437722 626
462984 626
3375 633
19319 633
40008 633
98725 633
105719 633
161231 633
185464 633
186328 633
208349 633
218069 633
348448 633
349314 633
373450 633
419909 633
468369 633
475012 633
183955 638
238496 638
204468 654
412241 654
174308 656
229525 656
312428 656
312429 656
323657 656
472380 656
42420 657
256011 657
408401 657
462256 657
331731 660
336391 660
395217 660
91765 667
131554 667
210783 667
226898 667
234650 667
242071 667
463803 667
488316 667
524331 667
524962 667
278731 1438
317254 1438
341322 1438
341344 1438
341352 1438
434 677
7100 677
15700 677
22475 677
32499 677
40152 677
41520 677
61879 677
86724 677
143401 677
148912 677
149899 677
150252 677
170956 677
191182 677
192770 677
198344 677
214614 677
214723 677
216117 677
219206 677
239063 677
239486 677
246371 677
247814 677
263674 677
282086 677
289413 677
334036 677
340967 677
349469 677
358286 677
360544 677
369105 677
386341 677
390209 677
392306 677
402463 677
406077 677
406340 677
409978 677
422178 677
423097 677
424320 677
427829 677
437613 677
450768 677
452412 677
460214 677
461666 677
475716 677
486011 677
514188 677
11915 3980
15922 3980
36802 3980
40326 3980
66017 3980
70230 3980
79419 3980
79705 3980
81790 3980
89918 3980
95258 3980
98343 3980
104350 3980
106397 3980
110425 3980
111550 3980
131043 3980
135409 3980
146401 3980
149579 3980
154146 3980
155663 3980
162974 3980
175213 3980
183231 3980
189882 3980
209915 3980
216697 3980
228082 3980
254963 3980
259788 3980
286536 3980
301483 3980
310488 3980
325745 3980
327922 3980
344483 3980
349627 3980
354715 3980
389791 3980
397448 3980
397575 3980
403346 3980
403540 3980
413490 3980
416018 3980
416364 3980
421373 3980
433792 3980
463529 3980
477664 3980
485524 3980
498651 3980
499716 3980
524779 3980
535908 3980
359086 685
401165 685
401170 685
68139 689
128205 689
307436 689
334903 689
426857 689
450061 689
517043 689
535832 689
12303 691
27620 691
53701 691
86141 691
208422 691
351254 691
355291 691
383645 691
25624 3984
33379 3984
37456 3984
46990 3984
54882 3984
82064 3984
125538 3984
146859 3984
156950 3984
173435 3984
192900 3984
211804 3984
214059 3984
225455 3984
242803 3984
245507 3984
260701 3984
262116 3984
274940 3984
280651 3984
287026 3984
290875 3984
291402 3984
326323 3984
353596 3984
361346 3984
385932 3984
413665 3984
431195 3984
441045 3984
478532 3984
479518 3984
481729 3984
482033 3984
483021 3984
508757 3984
924 696
2154 696
7717 696
10821 696
28941 696
30018 696
35504 696
46696 696
48189 696
54375 696
58441 696
66628 696
67982 696
99219 696
102502 696
117907 696
156784 696
158013 696
198477 696
201146 696
219381 696
223290 696
272414 696
277374 696
278958 696
286679 696
298089 696
309230 696
310994 696
311140 696
330712 696
331516 696
344648 696
355273 696
369723 696
369741 696
376306 696
379961 696
397001 696
398638 696
414973 696
473965 696
474764 696
489111 696
496449 696
498378 696
509500 696
144320 1150
161645 1150
168016 1150
208800 1150
216460 1150
233811 1150
258579 1150
324386 1150
409816 1150
462355 1150
486553 1150
131606 708
194419 708
267520 708
345790 708
13343 709
350390 709
4109 715
70601 715
216089 715
338212 715
350856 715
426263 715
64498 723
342953 723
5465 736
317640 736
21262 738
53638 738
57369 738
66395 738
76927 738
77064 738
81327 738
112595 738
140717 738
171830 738
175149 738
177452 738
195822 738
216818 738
293214 738
297837 738
316428 738
334722 738
369567 738
391404 738
439992 738
452553 738
467578 738
500843 738
514134 738
61530 743
83599 743
148944 743
174182 743
210875 743
439731 743
444804 743
464000 743
314443 756
353272 756
479970 756
1500 761
12177 761
19625 761
21516 761
31980 761
50856 761
54519 761
72700 761
76261 761
81303 761
90431 761
100464 761
121344 761
121441 761
121768 761
124220 761
125000 761
138211 761
144800 761
145300 761
152770 761
168056 761
180569 761
182085 761
186400 761
193153 761
196827 761
200566 761
205402 761
227121 761
229039 761
251964 761
282212 761
302509 761
303834 761
304553 761
305601 761
319406 761
331200 761
356893 761
368669 761
395622 761
398443 761
407436 761
410747 761
412282 761
424386 761
442010 761
442541 761
452941 761
458185 761
463477 761
467195 761
468085 761
471456 761
488943 761
490490 761
490861 761
493324 761
498708 761
500747 761
515331 761
520608 761
526560 761
529227 761
539662 761
294612 763
314239 763
403288 763
403291 763
477527 763
540506 763
34448 1707
50982 1707
420620 1707
476959 1707
476975 1707
55637 770
58670 770
73810 770
185383 770
212225 770
242680 770
289741 770
368252 770
404060 770
415676 770
437455 770
463509 770
488077 770
488851 770
519580 770
531535 770
542645 770
63572 772
249599 772
270238 772
436830 772
88809 780
182037 780
2625 4263
5338 4263
6971 4263
10997 4263
14567 4263
15554 4263
27137 4263
29201 4263
38476 4263
40318 4263
47559 4263
48359 4263
52895 4263
60779 4263
63483 4263
71292 4263
73966 4263
79227 4263
85570 4263
92920 4263
98354 4263
99335 4263
105394 4263
121262 4263
123533 4263
126713 4263
129562 4263
130619 4263
147977 4263
150430 4263
153173 4263
157915 4263
162584 4263
168608 4263
173221 4263
180642 4263
184010 4263
184707 4263
188991 4263
191745 4263
217000 4263
220148 4263
245970 4263
246810 4263
248193 4263
248492 4263
254441 4263
271345 4263
272733 4263
281663 4263
315743 4263
316031 4263
319052 4263
324898 4263
327740 4263
332123 4263
351358 4263
362223 4263
371893 4263
376352 4263
377393 4263
385756 4263
392256 4263
394033 4263
395771 4263
405648 4263
412972 4263
419830 4263
423124 4263
425261 4263
433665 4263
439553 4263
444736 4263
454538 4263
467711 4263
471591 4263
476031 4263
491586 4263
492176 4263
492399 4263
493039 4263
493381 4263
497880 4263
497950 4263
504364 4263
505559 4263
522223 4263
526588 4263
531007 4263
533484 4263
533970 4263
535723 4263
2797 3931
31200 3931
47626 3931
72238 3931
129002 3931
129819 3931
140476 3931
165128 3931
196566 3931
198304 3931
202609 3931
203397 3931
216625 3931
264309 3931
266187 3931
270593 3931
278146 3931
283440 3931
315577 3931
320858 3931
323371 3931
323378 3931
348877 3931
384795 3931
389473 3931
412353 3931
417383 3931
429082 3931
438003 3931
439622 3931
463702 3931
472962 3931
480884 3931
497828 3931
499649 3931
501124 3931
514909 3931
516992 3931
33371 1370
69413 1370
290786 1370
433897 1370
444567 1370
8815 2283
13087 2283
13095 2283
13097 2283
13121 2283
13123 2283
75826 2283
93611 2283
93615 2283
93617 2283
93618 2283
97870 2283
97871 2283
122473 2283
167799 2283
167800 2283
167802 2283
167804 2283
167806 2283
167811 2283
221805 2283
222128 2283
250530 2283
250543 2283
253918 2283
439922 2283
468336 2283
500224 2283
500233 2283
502776 2283
502780 2283
502809 2283
502821 2283
502824 2283
502829 2283
521767 2283
521769 2283
3980 2428
27394 2428
56590 2428
111167 2428
111170 2428
203993 2428
514527 2428
211006 832
452195 832
39840 833
45922 833
395427 833
118203 834
206513 834
212121 834
365285 834
381652 834
8817 2808
18452 2808
32976 2808
58799 2808
80142 2808
85349 2808
88269 2808
94813 2808
129068 2808
137008 2808
137236 2808
142514 2808
156498 2808
160681 2808
163919 2808
190308 2808
229488 2808
232600 2808
242690 2808
253239 2808
262148 2808
264005 2808
265353 2808
283767 2808
288374 2808
294006 2808
296571 2808
316764 2808
326089 2808
371997 2808
376997 2808
379324 2808
383362 2808
385015 2808
395891 2808
400011 2808
407273 2808
414629 2808
427216 2808
427791 2808
439202 2808
459331 2808
482859 2808
518227 2808
518648 2808
518695 2808
523737 2808
531205 2808
531641 2808
268964 839
520163 839
487582 843
513582 843
112925 857
137052 857
255701 857
342541 857
437244 857
210439 1838
313239 1838
361444 1838
521270 1838
60085 874
73898 874
100724 874
124498 874
138799 874
139160 874
184310 874
191337 874
191817 874
210828 874
213761 874
238807 874
244836 874
261169 874
270535 874
313616 874
326840 874
339854 874
377346 874
408250 874
416373 874
456402 874
471242 874
484992 874
507158 874
525995 874
528449 874
532279 874
543268 874
951 878
200511 878
414227 878
414228 878
445494 878
72949 885
146317 885
338396 885
415656 885
462883 885
34895 890
38265 890
116969 890
343306 890
347716 890
355378 890
366824 890
443731 890
1164 3142
7775 3142
10872 3142
12275 3142
18396 3142
21859 3142
22108 3142
22750 3142
33972 3142
40150 3142
40368 3142
41947 3142
44417 3142
46734 3142
49011 3142
49251 3142
49404 3142
52705 3142
53201 3142
58209 3142
62816 3142
75422 3142
76174 3142
78548 3142
83365 3142
84360 3142
95124 3142
96246 3142
98598 3142
100800 3142
102786 3142
103920 3142
107337 3142
116893 3142
118972 3142
123137 3142
126263 3142
126867 3142
128604 3142
135305 3142
143180 3142
147613 3142
151478 3142
153222 3142
154922 3142
154972 3142
167320 3142
169941 3142
176655 3142
181589 3142
188168 3142
193701 3142
193968 3142
199136 3142
210491 3142
210965 3142
212190 3142
215982 3142
221015 3142
232111 3142
240177 3142
240649 3142
241902 3142
245981 3142
250555 3142
251857 3142
269278 3142
286552 3142
288210 3142
290254 3142
298981 3142
312191 3142
318316 3142
337899 3142
344787 3142
355126 3142
362412 3142
364079 3142
364368 3142
386317 3142
389994 3142
395337 3142
403712 3142
407916 3142
407983 3142
408514 3142
415696 3142
415813 3142
426901 3142
432507 3142
432520 3142
439603 3142
443438 3142
462564 3142
464824 3142
466954 3142
475193 3142
480112 3142
480777 3142
489123 3142
493163 3142
493231 3142
493702 3142
493977 3142
501189 3142
505072 3142
507622 3142
511805 3142
513605 3142
515541 3142
517097 3142
522764 3142
524164 3142
531157 3142
531766 3142
531905 3142
537583 3142
538291 3142
544328 3142
544343 3142
547472 3142
478089 900
16905 901
297677 901
196132 905
196135 905
491949 905
36956 907
354618 907
377661 907
37960 2815
50803 2815
245498 2815
257303 2815
426205 2815
73912 4918
73929 4918
73933 4918
73934 4918
73938 4918
152543 4918
153391 4918
220460 4918
274305 4918
283470 4918
394046 4918
428193 4918
428498 4918
445204 4918
469094 4918
469095 4918
469135 4918
469140 4918
478116 4918
489415 4918
489424 4918
493980 4918
536410 4918
44613 923
73937 923
98804 923
98855 923
99173 923
235901 923
301581 923
320317 923
445195 923
543522 923
242097 998
270387 998
276682 998
382792 998
461654 998
461669 998
485750 998
293039 930
293044 930
434190 930
436949 930
461185 930
525180 930
540024 930
308767 942
308768 942
308769 942
380019 942
253126 955
286521 955
218279 966
426952 966
105664 969
199086 969
199088 969
281568 969
394449 969
18479 974
52787 974
102292 974
126974 974
298838 974
387411 974
389114 974
68641 977
140683 977
350932 977
19323 985
86563 985
292001 985
517847 985
517859 985
5346 987
189670 987
278338 987
364114 987
364115 987
403121 987
497155 987
499045 987
518044 987
16710 991
20571 991
90704 991
116757 991
191382 991
238369 991
407908 991
13905 4918
439554 4918
60866 998
100695 1008
109591 1008
110816 1008
402779 1008
402784 1008
490295 1008
385314 1013
410603 1013
117816 1019
296327 1019
457642 1019
6988 1036
11264 1036
78474 1036
209331 1036
354506 1036
396743 1036
476077 1036
476092 1036
500905 1036
500917 1036
162905 1037
182183 1037
253596 1037
268719 1037
449139 1037
487654 1037
487656 1037
18871 1038
156783 1038
96812 3931
96824 3931
121482 3931
243863 3931
102760 1043
152006 1043
117614 1054
139711 1054
161457 1054
368364 1054
368371 1054
442550 1054
462227 1054
465116 1054
480472 1054
509896 1054
16595 1057
207304 1057
2894 1066
3679 1066
8026 1066
24580 1066
89055 1066
94083 1066
97717 1066
107131 1066
108363 1066
110775 1066
110777 1066
122664 1066
122666 1066
137527 1066
137545 1066
148848 1066
195564 1066
208201 1066
212045 1066
230357 1066
237858 1066
241235 1066
282393 1066
328417 1066
328419 1066
328430 1066
330850 1066
348754 1066
364623 1066
364634 1066
381719 1066
395197 1066
404010 1066
432293 1066
450297 1066
454413 1066
478362 1066
523811 1066
526185 1066
541417 1066
541419 1066
541801 1066
210605 1074
210607 1074
268119 1074
486979 1074
406965 1076
537922 1076
93256 1077
93274 1077
93403 1077
155211 1077
356429 1077
356430 1077
356435 1077
366722 1077
380434 1077
384210 1077
428268 1077
529126 1077
3841 3126
353325 3126
377372 3126
377380 3126
517791 1084
18129 1085
32753 1085
53014 1085
59093 1085
93642 1085
102545 1085
114137 1085
127218 1085
133133 1085
147857 1085
158005 1085
158869 1085
183057 1085
196192 1085
218136 1085
235570 1085
251516 1085
270219 1085
292178 1085
318094 1085
330924 1085
409083 1085
431773 1085
476415 1085
510869 1085
543434 1085
317591 1838
433118 1838
487032 1838
492193 1838
172062 1087
227921 1087
285524 1087
330175 1087
468293 1087
25930 1095
169845 4787
189478 4787
212992 4787
322928 4787
369074 4787
1547 3288
45292 3288
45295 3288
60658 3288
103118 3288
104712 3288
141007 3288
263181 3288
326464 3288
334974 3288
351390 3288
484333 3288
504033 3288
528285 3288
536934 3288
10180 2018
103534 2018
121764 2018
150312 2018
241811 2018
323254 2018
343878 2018
382935 2018
456320 2018
469585 2018
519455 2018
496855 1136
496857 1136
48413 1142
73083 1142
106060 1142
353526 1142
440074 1142
504887 1142
534469 1142
2721 1145
172871 1145
189129 1145
211198 1145
211918 1145
236093 1145
260883 1145
387809 1145
452472 1145
413498 1150
28328 1151
52693 1151
151422 1151
58392 1152
387080 1152
408944 1152
22153 1162
22154 1162
243593 1162
544099 1162
544101 1162
546671 1162
547406 1162
9372 1164
9382 1164
29929 1164
29932 1164
29933 1164
164480 1164
249827 1181
251872 1181
436129 1181
24662 1676
43435 1676
43439 1676
65780 1676
75851 1676
98042 1676
109195 1676
122538 1676
130635 1676
214433 1676
214441 1676
254723 1676
267623 1676
280853 1676
282965 1676
282967 1676
283195 1676
350170 1676
361086 1676
365599 1676
366969 1676
373230 1676
403170 1676
443596 1676
494728 1676
528029 1676
99360 1184
253776 1184
272131 1184
365606 1184
393022 1184
393326 1184
438945 1184
459852 1184
487879 1184
515854 1184
519117 1184
537610 1184
133283 1185
221229 1185
284087 1185
294372 1185
437004 1185
437009 1185
437010 1185
138407 1187
316720 1187
441613 1187
490377 1203
535855 1203
245030 1208
334490 1208
5912 1211
10634 1211
154396 1211
171724 1211
184624 1211
187693 1211
192194 1211
256469 1211
316824 1211
341397 1211
346359 1211
375557 1211
432330 1211
474939 1211
474942 1211
474945 1211
474946 1211
4216 1213
91450 1213
108411 1213
226228 1213
245639 1213
400169 1213
473302 1213
478692 1213
526764 1213
5223 1220
133273 1220
322051 1220
440411 1220
440416 1220
518049 1220
191369 1226
314745 1226
337585 1226
337592 1226
121188 1239
160502 1239
216817 1239
17239 1271
101389 1271
276154 1271
387833 1271
417412 1271
424750 1271
501768 1271
279387 1275
303927 1275
4624 1313
214232 1313
516499 1313
24554 1333
209225 1333
256705 1333
322648 1333
348165 1333
538888 1333
48448 4354
112055 4354
143671 4354
161659 4354
171979 4354
277912 4354
302342 4354
302350 4354
319569 4354
351716 4354
418605 4354
503245 4354
519124 4354
224059 4328
340825 4328
117069 1344
223212 1344
422 1368
170849 1368
451122 1368
535138 1368
393076 1370
124476 1374
511862 1374
28531 1382
28556 1382
28570 1382
28591 1382
179193 1382
179195 1382
179197 1382
179200 1382
179201 1382
179202 1382
179207 1382
179209 1382
222647 1382
233248 1382
298950 1382
299705 1382
299709 1382
426432 1382
440259 1382
7557 1383
33603 1383
75311 1383
85219 1383
92811 1383
96207 1383
117368 1383
142827 1383
162776 1383
206674 1383
280523 1383
290394 1383
308901 1383
343097 1383
366745 1383
414409 1383
422934 1383
426267 1383
515051 1383
518671 1383
139413 1384
146125 1384
155108 1384
177753 1384
298861 1384
407389 1384
503551 1384
325045 1386
325048 1386
328245 1386
369720 1386
373310 1386
421283 1386
502726 1386
8334 1402
12983 1402
12985 1402
45252 1402
78005 1402
90567 1402
120449 1402
149759 1402
168585 1402
185541 1402
197411 1402
207306 1402
213313 1402
264630 1402
293343 1402
388934 1402
462233 1402
535978 1402
544121 1402
298877 1411
476153 1411
476156 1411
50387 1414
152370 1414
178467 1414
250185 1414
74447 1421
134809 1421
220435 1421
255330 1421
278871 1421
305037 1421
352208 1421
410632 1421
416374 1421
260781 1428
364650 1428
478744 1428
505924 1428
423664 1432
427876 1432
84016 1434
164427 1434
244635 1434
258534 1434
296540 1434
418557 1434
174240 1435
275479 1435
410489 1435
510102 1435
128544 1438
18588 1458
302362 1458
325088 1458
367797 1458
411305 1458
415466 1458
424871 1458
80429 1464
86199 1464
87073 1464
138399 1464
191707 1464
262286 1464
364200 1464
387987 1464
404725 1464
489673 1464
214558 1473
280574 1473
370607 1473
428574 1473
496793 1473
496834 1473
14011 2953
19088 2953
65997 2953
107706 2953
107709 2953
107716 2953
107776 2953
122553 2953
135151 2953
135539 2953
196367 2953
211235 2953
226384 2953
234872 2953
243825 2953
285418 2953
311950 2953
312017 2953
324629 2953
342254 2953
456222 2953
521994 2953
62812 1509
124033 1509
134231 1509
156993 1509
159159 1509
160934 1509
184126 1509
184173 1509
245826 1509
292384 1509
294762 1509
334969 1509
370049 1509
378854 1509
412901 1509
488583 1509
543459 1509
21513 3746
100892 3746
101480 3746
112124 3746
115260 3746
158820 3746
170067 3746
183831 3746
189612 3746
251493 3746
254994 3746
288575 3746
300208 3746
316849 3746
350318 3746
351378 3746
361649 3746
389115 3746
407247 3746
423524 3746
426088 3746
432613 3746
511534 3746
536075 3746
33175 1527
57659 1527
72183 1527
268866 1527
487659 1527
20888 1542
20903 1542
123508 1542
298519 1542
113217 1543
351760 1543
12886 1544
250240 1544
362762 1544
367182 1544
373837 1544
418510 1544
418514 1544
272379 1545
524965 1545
530490 1545
97106 1548
491342 1548
322297 4918
446022 4918
73067 1566
77947 1566
236319 1576
287450 1576
324553 1576
326801 1576
355078 1576
488055 1576
496357 1576
532242 1576
141160 1593
166105 1593
213112 1593
484517 1593
141379 1598
160702 1598
166344 1598
236473 1598
327998 1598
332673 1598
2183 1604
49996 1604
128994 1604
160063 1604
187482 1604
196867 1604
294552 1604
361358 1604
422433 1604
464378 1604
473674 1607
68823 1641
75157 1641
88617 1641
99183 1641
172446 1641
249808 1641
348925 1641
426724 1641
508485 1641
26567 1642
138036 1642
162823 1642
169502 1642
209923 1642
530596 1642
66653 4036
82400 4036
113380 4036
223285 4036
321616 4036
331718 4036
370317 4036
54336 1666
86735 1666
95225 1666
352183 1666
513572 1666
28959 1668
60856 1668
274952 1668
379960 1668
486260 1668
14445 1733
18504 1733
86503 1733
127075 1733
127341 1733
127388 1733
129787 1733
231715 1733
278417 1733
291894 1733
309263 1733
309414 1733
328428 1733
343680 1733
364895 1733
367850 1733
369811 1733
392363 1733
411761 1733
452947 1733
458122 1733
470372 1733
486582 1733
498224 1733
501516 1733
526689 1733
533905 1733
537097 1733
39366 1674
160441 1674
168827 1674
209002 1674
505531 1674
62113 1676
251941 1676
65047 1703
546586 1703
44778 1707
60606 4938
60607 4938
60643 4938
101201 4938
205643 4938
480375 4938
517741 4938
471071 1733
124469 1735
522664 1735
162739 1736
179026 1736
424078 1736
429428 1736
510004 1736
510005 1736
510016 1736
38545 1741
39526 1741
101573 1741
116460 1741
131416 1741
157852 1741
161271 1741
165194 1741
169330 1741
247343 1741
247358 1741
259168 1741
260602 1741
288273 1741
290420 1741
301152 1741
368865 1741
384854 1741
420916 1741
432610 1741
480822 1741
481044 1741
495935 1741
501622 1741
502939 1741
522641 1741
523585 1741
523792 1741
540957 1741
34120 3954
184680 3954
219207 3954
293154 3954
300584 3954
300590 3954
451794 3954
519084 3954
46192 1748
49529 1748
188916 1748
222974 1748
300959 1748
316610 1748
359357 1748
372164 1748
506982 1748
207523 3188
383169 3188
399151 3188
399156 3188
399158 3188
509512 3188
67330 1751
357761 1751
493703 1751
497490 1751
298731 1760
267555 1766
283197 1766
338508 1766
351601 1766
357811 1766
381653 1766
381657 1766
445251 1766
446990 1766
471740 1766
506446 1766
75155 1767
87113 1767
87126 1767
87127 1767
87129 1767
243105 1767
276395 1767
330371 1767
362229 1767
139762 1774
139757 1787
188198 1787
432213 1787
510439 1787
510441 1787
513188 1787
188202 1788
208523 1788
456247 1788
522092 1788
162229 1794
275061 1794
338137 1794
371279 1794
47669 1795
249126 1795
505654 1795
8624 2199
167296 2199
201470 2199
208857 2199
278798 2199
314560 2199
314562 2199
321722 2199
371764 2199
480955 2199
503374 2199
503379 2199
507101 2199
528245 2199
144151 1804
208740 1804
239067 1804
243438 1804
276109 1804
328728 1804
367291 1804
486875 1804
96688 1805
96689 1805
169896 1805
201408 1805
284699 1805
299640 1805
379719 1805
73661 1806
85308 1806
204652 1806
349757 1806
451174 1806
151862 1816
242226 1816
399318 1816
435179 1816
279582 1825
358797 1825
470929 1825
42128 1831
134868 1831
158917 1831
190509 1831
212517 1831
364015 1831
380892 1831
435607 1831
471818 1831
31054 1833
277519 1833
482225 1833
527073 1833
538805 1833
66334 1836
66338 1836
136733 1836
287486 1836
423025 1836
8466 1859
180100 1859
336130 1859
198496 1865
339508 1865
422982 1865
62352 1867
111230 1867
421254 1867
54182 1885
112408 1885
135747 1885
265240 1885
340335 1885
372431 1885
446676 1885
507743 1885
530864 1885
124945 1892
124948 1892
537905 1892
542915 1892
542955 1892
284931 1893
364317 1893
364353 1893
388131 1893
388132 1893
388133 1893
388134 1893
397878 1893
1282 1905
30679 1905
45548 1916
215266 1916
249771 1916
360314 1916
468231 1916
532208 1916
46515 1944
47075 1944
116731 1944
299453 1944
332834 1944
375255 1944
457735 1944
478539 1944
529871 1944
16383 1945
201221 1945
403163 1945
27892 1950
54044 1950
423281 1950
514837 1950
97682 1954
168784 1954
180137 1954
262713 1954
431971 1954
31150 1986
31152 1986
203415 1986
241701 1986
354193 1986
364760 1986
378207 1986
402117 1986
464252 1986
24123 1990
88684 1990
89676 1990
89678 1990
451013 1990
522748 1990
532481 1990
55591 1992
121097 1992
169552 1992
395215 1992
428101 1992
101649 1995
102034 1995
102035 1995
413287 1995
141498 1997
162722 1997
287495 1997
406805 2018
461234 2018
118252 2026
346420 2026
355427 2026
537376 2026
155316 2030
441286 2030
128316 2031
337448 2031
445147 2031
13590 2039
36516 2039
91330 2039
159178 2039
304965 2039
316081 2039
346343 2039
394010 2039
398934 2039
405832 2039
422567 2039
430891 2039
445445 2039
109138 2826
212232 2826
294323 2826
312685 2826
417416 2826
464198 2826
464199 2826
464205 2826
464207 2826
536006 2826
47797 2070
58633 2070
340186 2070
266568 2072
340791 2072
412272 2072
453272 2072
526727 2072
242898 2079
273685 2079
343188 2079
365944 2079
405248 2079
485768 2079
76799 2081
228369 2081
228371 2081
406903 2081
526356 2081
10054 2082
26713 2082
58514 2082
70100 2082
75004 2082
96488 2082
163865 2082
172242 2082
172243 2082
219976 2082
219977 2082
219978 2082
219980 2082
228233 2082
228236 2082
228239 2082
236243 2082
247838 2082
248267 2082
292202 2082
312163 2082
336176 2082
336180 2082
336198 2082
360344 2082
397072 2082
415652 2082
430126 2082
435244 2082
435249 2082
446646 2082
448629 2082
502394 2082
535490 2082
23175 2088
379748 2088
431927 2088
138475 2089
149247 2089
149250 2089
425892 2094
226933 2097
288773 2097
354406 2097
395260 2097
433116 2097
66912 2098
261575 2098
10861 2117
500504 2117
28346 2125
122368 2125
382295 2125
493122 2125
26093 2130
291832 2130
383968 2130
19752 3675
36397 3675
103633 3675
113052 3675
237888 3675
516643 3675
39024 2142
340358 2142
346686 2142
348122 2142
382265 2142
406622 2142
461663 2142
13507 2166
52414 2166
73606 2166
77307 2166
101960 2166
114258 2166
136805 2166
162278 2166
182520 2166
326114 2166
350260 2166
362817 2166
363913 2166
365166 2166
392538 2166
411500 2166
445249 2166
472275 2166
5453 2552
78987 2552
96792 2552
132284 2552
242538 2552
55243 2181
78826 2181
103520 2181
188784 2181
274519 2181
286707 2181
293921 2181
405928 2181
440458 2181
136296 2183
222855 2183
226168 2183
54237 2192
139208 2192
161829 2192
215794 2192
253322 2192
269821 2192
291619 2192
387913 2192
446679 2192
507731 2192
507736 2192
507737 2192
507750 2192
80144 2193
205236 2193
212864 2193
212867 2193
212869 2193
223206 2193
434083 2193
495397 2193
79489 2633
87493 2633
178228 2633
178231 2633
345470 2633
461202 2633
490051 2633
490063 2633
536783 2633
71107 2199
191306 2199
233613 2199
245602 2199
307426 2199
394812 2199
449979 2199
515033 2199
53833 2201
88999 2201
112315 2201
136935 2201
287017 2201
352856 2201
387637 2201
415698 2201
59813 2217
104569 2217
164456 2217
245585 2217
311064 2217
430982 2217
38581 2270
63176 2270
74862 2270
400813 2270
461680 2270
537346 2270
1015 3931
231400 3931
466135 3931
13794 2283
13799 2283
49521 2283
58469 2283
90018 2283
116158 2283
165680 2283
190772 2283
237897 2283
262528 2283
262529 2283
262530 2283
262535 2283
262540 2283
268569 2283
324170 2283
429065 2283
444995 2283
452619 2283
66845 2285
78137 2285
87081 2285
117839 2285
126668 2285
143384 2285
212946 2285
217171 2285
220921 2285
262565 2285
325480 2285
356109 2285
378276 2285
388855 2285
423092 2285
146898 2287
221788 2287
247776 2287
325697 2287
325701 2287
476489 2287
514817 2287
529612 2287
541928 2287
78909 2288
215320 2288
224554 2288
369575 2288
405822 2288
530108 2288
539677 2288
12629 2300
41702 2300
67693 2300
89528 2300
90297 2300
92608 2300
96938 2300
114916 2300
132917 2300
133918 2300
157752 2300
189521 2300
211515 2300
236396 2300
315562 2300
342020 2300
368609 2300
389835 2300
466850 2300
486160 2300
520870 2300
23912 2301
282562 2301
324103 2301
49230 2303
360803 2303
420228 2303
241612 2332
507575 2332
299842 2346
434493 2346
434495 2346
438850 2346
535349 2346
535350 2346
207803 2350
217024 2350
411292 2350
38822 3983
30515 2359
109310 2359
177056 2359
315518 2359
338994 2359
364271 2359
393490 2359
417413 2359
441237 2359
460624 2359
1758 2368
9323 2368
24694 2368
57014 2368
59710 2368
77102 2368
81958 2368
86168 2368
101776 2368
111955 2368
131181 2368
137178 2368
154620 2368
155142 2368
161382 2368
177501 2368
190275 2368
196335 2368
201881 2368
209023 2368
212260 2368
213422 2368
214328 2368
236079 2368
244865 2368
282389 2368
292279 2368
335149 2368
342299 2368
348300 2368
352674 2368
401485 2368
426918 2368
432714 2368
474443 2368
481587 2368
502756 2368
530182 2368
532864 2368
533262 2368
538656 2368
433145 4263
434007 4263
22826 2381
126841 2381
263014 2381
287458 2381
44628 3239
84532 3239
96511 3239
169922 3239
181142 3239
224444 3239
236237 3239
273391 3239
285348 3239
339497 3239
363723 3239
394650 3239
408706 3239
439165 3239
467157 3239
483628 3239
491454 3239
11141 2384
79941 2384
104574 2384
129272 2384
153920 2384
173927 2384
289804 2384
336133 2384
353501 2384
410519 2384
424655 2384
427212 2384
462012 2384
512038 2384
541814 2384
149259 2417
192466 2417
276799 2417
363813 2417
386371 2417
430475 2417
437545 2417
490395 2417
17999 2424
60502 2424
82648 2424
139614 2424
186839 2424
273870 2424
288281 2424
331220 2424
331221 2424
331222 2424
476590 2424
530974 2424
543502 2424
132457 2425
191796 2425
195043 2425
200224 2425
204353 2425
204354 2425
282391 2425
300953 2425
401574 2425
415565 2425
416429 2425
446733 2425
504361 2425
538078 2425
42216 2428
49638 2428
49701 2428
49712 2428
74289 2428
74300 2428
116418 2428
126979 2428
194691 2428
213232 2428
220897 2428
427050 2428
462565 2428
148017 2429
148080 2429
173303 2429
239036 2429
247263 2429
262790 2430
353463 2430
428005 2430
496686 2430
113748 2431
138273 2431
163163 2431
210212 2431
456487 2431
466352 2431
6936 2440
24169 2440
104066 2440
218474 2440
246022 2440
265339 2440
344497 2440
437263 2440
466104 2440
523617 2440
526436 2440
335314 2459
366593 2459
436141 2459
522668 2459
244648 2460
391269 2460
526636 2460
33551 3954
129718 2477
172754 2477
295873 2477
506571 2477
7354 3987
14088 3987
34701 3987
48881 3987
67485 3987
95456 3987
116168 3987
117507 3987
123033 3987
158156 3987
165937 3987
171152 3987
198470 3987
244847 3987
269951 3987
274645 3987
284716 3987
335564 3987
342933 3987
352223 3987
359712 3987
396939 3987
420729 3987
421169 3987
424495 3987
442249 3987
476202 3987
486744 3987
497038 3987
509718 3987
544993 3987
35651 2494
60708 2494
70392 2494
107783 2494
187563 2494
517993 2494
70432 2495
149458 2495
272922 2495
324533 2495
351983 2495
411467 2495
12902 3668
25476 3668
25478 3668
81346 3668
103249 3668
221601 3668
221609 3668
223808 3668
247642 3668
258835 3668
261988 3668
319151 3668
335964 3668
344218 3668
383707 3668
408412 3668
441718 3668
458212 3668
468887 3668
496832 3668
526824 3668
536622 3668
538751 3668
538752 3668
501529 2552
76857 2559
192190 2559
224555 2559
418493 2559
425504 2560
448700 2560
87699 2566
112327 2566
229193 2566
318193 2566
348642 2566
398148 2566
521054 2566
531309 2566
41190 2567
201569 2567
267466 2567
475905 2567
89730 2982
122147 2982
282768 2982
415037 2982
126397 2587
268312 2587
336038 2587
376244 2587
461964 2587
310063 2594
360181 2594
394975 2594
26950 4266
53522 4266
70364 4266
80737 4266
102770 4266
118665 4266
123802 4266
127411 4266
173699 4266
256539 4266
258931 4266
270490 4266
280839 4266
435495 4266
447308 4266
463627 4266
479547 4266
513436 4266
522331 4266
523504 4266
524343 4266
524821 4266
530112 4266
531334 4266
341051 2633
117068 2635
524110 2635
15018 2665
126362 2665
193802 2665
397693 2665
413041 2665
413062 2665
51601 2670
51603 2670
51607 2670
51609 2670
51611 2670
51613 2670
51617 2670
64252 2670
89061 2670
121756 2670
176391 2670
196124 2670
210259 2670
322613 2670
322660 2670
333585 2670
372836 2670
393071 2670
394297 2670
410156 2670
426139 2670
518347 2670
285731 2707
474377 2707
14012 2710
164042 2710
190637 2710
221367 2710
323614 2710
477532 2711
515304 2711
88030 2712
395816 2712
420502 2712
134811 2713
143095 2713
154832 2713
224007 2713
413965 2714
437905 2714
462145 2714
19341 2731
23890 2731
23916 2731
47744 2731
55043 2731
61178 2731
65008 2731
66096 2731
67395 2731
91592 2731
103544 2731
114473 2731
120380 2731
131093 2731
135702 2731
139089 2731
141711 2731
142427 2731
156691 2731
162652 2731
163920 2731
181953 2731
189013 2731
200271 2731
210992 2731
212553 2731
215914 2731
220330 2731
234271 2731
235970 2731
250182 2731
279216 2731
327890 2731
358034 2731
363926 2731
367285 2731
368176 2731
373188 2731
389871 2731
397590 2731
421557 2731
423859 2731
426269 2731
433843 2731
444750 2731
445441 2731
475581 2731
515659 2731
522750 2731
544898 2731
8533 2732
11683 2732
13850 2732
22036 2732
34011 2732
42769 2732
50574 2732
56822 2732
66284 2732
73601 2732
92249 2732
98536 2732
118315 2732
140265 2732
165124 2732
170461 2732
171214 2732
172228 2732
184612 2732
208216 2732
213303 2732
224371 2732
225637 2732
237646 2732
262995 2732
268848 2732
279185 2732
303673 2732
313078 2732
316345 2732
357203 2732
360161 2732
373473 2732
380727 2732
382881 2732
392875 2732
403958 2732
414636 2732
439593 2732
440566 2732
440606 2732
453411 2732
464863 2732
501634 2732
502786 2732
503628 2732
520005 2732
541185 2732
516345 2742
517019 3747
97561 2770
114732 2770
150327 2770
185709 2770
332264 2770
446008 2770
446010 2770
446011 2770
62919 2772
111580 2772
212352 2772
248013 2772
335458 2772
396966 2772
37848 2774
107400 2774
215330 2774
323988 2774
539229 2774
51718 2776
71714 2776
471616 2776
496530 2776
505616 2776
487135 2808
99000 2812
205050 2812
251359 2812
343813 2812
360916 2812
487957 2815
87659 2816
13922 2835
48340 2835
405403 2835
430146 2835
452788 2835
493034 2835
66081 2869
79786 2869
89597 2869
107736 2869
198484 2869
205739 2869
273096 2869
282498 2869
353324 2869
353333 2869
355197 2869
406398 2869
444215 2869
520291 2869
22116 2898
269590 2898
343987 2898
140510 2907
295308 2907
374862 2907
8365 3865
42999 3865
47207 3865
51254 3865
56713 3865
77936 3865
86000 3865
88312 3865
108788 3865
159455 3865
162365 3865
188898 3865
200810 3865
216507 3865
240914 3865
241228 3865
261544 3865
265730 3865
271540 3865
286224 3865
307482 3865
339081 3865
377099 3865
381983 3865
391315 3865
391924 3865
425149 3865
431123 3865
434532 3865
442929 3865
443611 3865
457527 3865
458250 3865
471993 3865
536082 3865
540508 3865
18673 4747
218537 4747
296685 4747
300448 4747
362960 4747
387071 4747
474169 4747
516348 4747
56222 3629
111606 3629
307520 3629
539854 3629
47117 2919
71691 2919
94320 2919
96612 2919
99883 2919
145706 2919
187493 2919
199701 2919
209501 2919
234500 2919
312334 2919
360517 2919
362851 2919
373067 2919
400235 2919
438664 2919
521 2920
70004 2920
127332 2920
148870 2920
169697 2920
173687 2920
174097 2920
210373 2920
233313 2920
235362 2920
292843 2920
330506 2920
356349 2920
401127 2920
404185 2920
513756 2920
315279 2925
339336 2925
363574 2925
90938 2935
214452 2935
244240 2935
246173 2935
336770 2935
391524 2935
537816 2935
73952 3809
147969 3809
147982 3809
272558 3809
317005 3809
325609 3809
504965 3809
125167 2937
202927 2937
64051 2938
317337 2938
329327 2938
2517 2946
13948 2946
58522 2946
118905 2946
143603 2946
149744 2946
224211 2946
226965 2946
279708 2946
282410 2946
301181 2946
328021 2946
328447 2946
419721 2946
430559 2946
33345 3276
316409 3276
166202 2949
382445 2949
386562 2949
406338 2949
457915 2949
467177 2949
374480 2969
492500 2969
247239 2982
50739 2997
82953 2997
148423 2997
369409 2997
369455 2997
451280 2997
453071 2997
477597 2997
502452 2997
514143 2997
534712 2997
22545 3000
49608 3000
117583 3000
141177 3000
311003 3000
436233 3000
68103 3003
156330 3003
386218 3003
504608 3003
55714 3007
457372 3007
6351 3032
168646 3032
228092 3032
390836 3032
477206 3032
227369 3034
286151 3034
137763 4436
137766 4436
183412 4436
224420 3070
320163 3070
338515 3070
6231 3095
112285 3095
182145 3095
301684 3095
463938 3095
221789 3097
433711 3097
437733 3097
52939 3121
279190 3121
426017 3121
498679 3121
97893 3126
148445 3126
156820 3139
327382 3139
381820 3139
424741 3139
429668 3139
453462 3139
482450 3139
531036 3139
542246 3139
505586 3142
253947 3999
469529 3999
512330 3999
515626 3999
51369 3178
56285 3178
85822 3178
112416 3178
119568 3178
151659 3178
177145 3178
178246 3178
260312 3178
274433 3178
274440 3178
290612 3178
290613 3178
302808 3178
310160 3178
377022 3178
401230 3178
450130 3178
28873 3188
332530 3188
365064 3188
451370 3188
50647 3198
338877 3198
357762 3198
29335 3211
29345 3211
29348 3211
250725 3211
312657 3211
312658 3211
312660 3211
312722 3211
371821 3211
395795 3211
396983 3211
409386 3211
423649 3211
487499 3211
542733 3211
31020 3213
49744 3213
133331 3213
533555 3213
436832 3219
436873 3219
509314 3219
289084 3226
21532 4263
147760 4263
186253 4263
244947 4263
258433 4263
293867 4263
355265 4263
534192 4263
230093 3239
135954 3263
160749 3263
289020 3263
317290 3263
522414 3263
530719 3263
62960 3272
120296 3272
122211 3272
163023 3272
404494 3272
79070 3277
121919 3277
142230 3277
165141 3277
286636 3277
294783 3277
316850 3277
340933 3277
448617 3277
516510 3277
532925 3277
537035 3277
67976 3280
299422 3280
484708 3280
6224 3281
6664 3281
22968 3281
54773 3281
63856 3281
100755 3281
102969 3281
120984 3281
154218 3281
155754 3281
160996 3281
244526 3281
287618 3281
316855 3281
339744 3281
339755 3281
349850 3281
350200 3281
353156 3281
382934 3281
402866 3281
483719 3281
489148 3281
495858 3281
508515 3281
519067 3281
521609 3281
526783 3281
174485 3288
195684 3288
199616 3288
448031 3288
494565 3288
9453 3291
51371 3291
51382 3291
213650 3291
322048 3291
432282 3291
482370 3291
526469 3294
34799 3302
34802 3302
58848 3302
345624 3302
516523 3302
520546 3302
62211 3314
99302 3314
123836 3314
154277 3314
154282 3314
209163 3314
236304 3314
287800 3314
344610 3314
359862 3314
372706 3314
407647 3314
431741 3314
522205 3314
198903 3329
204686 3329
445938 3329
511792 3329
526129 3329
3542 3982
14092 3982
37532 3982
38132 3982
44688 3982
45762 3982
49333 3982
54865 3982
57325 3982
59197 3982
131921 3982
154864 3982
182834 3982
186396 3982
201209 3982
202791 3982
211693 3982
224973 3982
237080 3982
241253 3982
243277 3982
256540 3982
265901 3982
267766 3982
294696 3982
301633 3982
327394 3982
339120 3982
343092 3982
382101 3982
390087 3982
394014 3982
396290 3982
413449 3982
417568 3982
421503 3982
441494 3982
442103 3982
443954 3982
448951 3982
471555 3982
489692 3982
496695 3982
504502 3982
509123 3982
509476 3982
519862 3982
520946 3982
523360 3982
533175 3982
534674 3982
547579 3982
39576 3984
147000 3984
170690 3984
188807 3984
265910 3984
316854 3984
334559 3984
461532 3984
520878 3984
33094 4006
52657 4006
74972 4006
244920 4006
261409 4006
327959 4006
344354 4006
367949 4006
406869 4006
430869 4006
471115 4006
483451 4006
503043 4006
116101 3986
178800 3986
257678 3986
294220 3986
313315 3986
377735 3986
450376 3986
488765 3986
524390 3986
22388 4436
31673 4436
69451 4436
102350 4436
126868 4436
152486 4436
228695 4436
240517 4436
285376 4436
436108 4436
525422 4436
541545 4436
361091 3348
315316 3359
29866 3363
192608 3363
232195 3363
468680 3363
478760 3363
241647 3746
433300 3746
509910 3746
19300 3717
75929 3717
124481 3717
147122 3717
170064 3717
184512 3717
241333 3717
255452 3717
329073 3717
358512 3717
358873 3717
478696 3717
506181 3717
518522 3425
393535 3450
411330 3451
419262 3451
435347 3451
26060 3454
50406 3454
138750 3454
198685 3454
223945 3454
228712 3454
271485 3454
381732 3454
471563 3454
475333 3454
496411 3454
512678 3454
522910 3454
524028 3454
528972 3454
531578 3454
112786 3476
112792 3476
235293 3476
347667 3476
19679 3489
35455 3489
112758 3489
162648 3489
206800 3489
212546 3489
289400 3489
303846 3489
304830 3489
360825 3489
369143 3489
379571 3489
380999 3489
425198 3489
442046 3489
464920 3489
499196 3489
187112 3501
267237 3501
344635 3501
77453 3523
205276 3523
461279 3524
530666 3524
531223 3524
48712 3557
472423 3557
500803 3557
344237 4263
49082 3629
292797 3629
316846 3629
517285 3629
12086 3652
112046 3652
138993 3668
172808 3668
442764 3668
57444 3669
67586 3669
68955 3669
269644 3669
296579 3669
303297 3669
303361 3669
321472 3669
336267 3669
337201 3669
348167 3669
398838 3669
409526 3669
409527 3669
409529 3669
409534 3669
409535 3669
409540 3669
466141 3669
477860 3669
481062 3669
494459 3669
509802 3669
520403 3669
524067 3669
539656 3669
458085 3675
538880 3675
122823 3677
132408 3677
156043 3677
181326 3677
476911 3677
500110 3677
516511 3677
540214 3677
68127 4167
70872 4167
224925 4167
350881 4167
353761 4167
18696 3697
31264 3697
119100 3697
181783 3697
211881 3697
234948 3697
375352 3697
534454 3697
155697 3698
199787 3698
493941 3698
1822 3700
4645 3700
7001 3700
17716 3700
29516 3700
46774 3700
47682 3700
47750 3700
51619 3700
52944 3700
73543 3700
75510 3700
83064 3700
87508 3700
90166 3700
90546 3700
93372 3700
94201 3700
103529 3700
107221 3700
110031 3700
111430 3700
116789 3700
121895 3700
125772 3700
141236 3700
143470 3700
143980 3700
150139 3700
151205 3700
157048 3700
159553 3700
164421 3700
173327 3700
178341 3700
183478 3700
184995 3700
185045 3700
186598 3700
190384 3700
192540 3700
193112 3700
197286 3700
199857 3700
202049 3700
214048 3700
214971 3700
218002 3700
218826 3700
220496 3700
232138 3700
235790 3700
243709 3700
250774 3700
254853 3700
257338 3700
269544 3700
283617 3700
285611 3700
285967 3700
291289 3700
297914 3700
300365 3700
303420 3700
311029 3700
315058 3700
316269 3700
317370 3700
321713 3700
326307 3700
333346 3700
334633 3700
336115 3700
348376 3700
350190 3700
351105 3700
354879 3700
356552 3700
357034 3700
357757 3700
360852 3700
363412 3700
366509 3700
366691 3700
367642 3700
371490 3700
372898 3700
375374 3700
376886 3700
381792 3700
384707 3700
386841 3700
400446 3700
401615 3700
407566 3700
409840 3700
410605 3700
418859 3700
425538 3700
437872 3700
439577 3700
446414 3700
456757 3700
463662 3700
469419 3700
472011 3700
472190 3700
490624 3700
490853 3700
494409 3700
501167 3700
501544 3700
516259 3700
526811 3700
527570 3700
528346 3700
531024 3700
541918 3700
543550 3700
544242 3700
9210 3703
49314 3703
54316 3703
62738 3703
67777 3703
85948 3703
101383 3703
116877 3703
137265 3703
147649 3703
209209 3703
221671 3703
230077 3703
245109 3703
300093 3703
330655 3703
367155 3703
379579 3703
419374 3703
438432 3703
459223 3703
467413 3703
479594 3703
507327 3703
507451 3703
535943 3703
52159 3704
63198 3704
91552 3704
104469 3704
105844 3704
188510 3704
221011 3704
232218 3704
241413 3704
248243 3704
254714 3704
298405 3704
378932 3704
395878 3704
412947 3704
417079 3704
440889 3704
462537 3704
123128 3709
447338 3709
21160 3989
24168 3989
45559 3989
87059 3989
150755 3989
177644 3989
180594 3989
256695 3989
260944 3989
407999 3989
414652 3989
429148 3989
447363 3989
482118 3989
486548 3989
503978 3989
508458 3989
508576 3989
515797 3989
9668 3999
38967 3999
68765 3999
69644 3999
95845 3999
162406 3999
175766 3999
179813 3999
184412 3999
222692 3999
238822 3999
288516 3999
352628 3999
368443 3999
380516 3999
395540 3999
397776 3999
438576 3999
442479 3999
355396 3717
182679 3722
215409 3722
311323 3987
331778 3987
381847 3987
287304 3997
47347 3764
53681 3764
230120 3764
282318 3764
108179 3768
515083 3768
7531 3779
37268 3779
60979 3779
88632 3779
106415 3779
146668 3779
241954 3779
246032 3779
253204 3779
303306 3779
320470 3779
332256 3779
333279 3779
344512 3779
398287 3779
464143 3779
477136 3779
506006 3779
519914 3779
194702 3784
445930 3784
517962 3784
80680 3786
422374 3786
450180 3786
107781 3812
529629 3812
10732 3814
14315 3814
50147 3814
67649 3814
142383 3814
147778 3814
165469 3814
199231 3814
230958 3814
262023 3814
280689 3814
288316 3814
394334 3814
405948 3814
429163 3814
529054 3814
22295 3819
183949 3819
322370 3819
450136 3819
460518 3819
481511 3819
529748 3819
541480 3819
111650 3821
224387 3821
264562 3821
290301 3821
331618 3821
355806 3821
380405 3821
444646 3821
531144 3821
264317 3822
335958 3822
424654 3822
505880 3822
529947 3822
538821 3822
144025 3824
260220 3824
290798 3824
290869 3824
335744 3824
36734 3827
59130 3827
293701 3827
325434 3827
530707 3827
7667 3830
199697 3830
226854 3830
341839 3830
229556 3858
342774 3858
407638 3858
159867 3859
416387 3859
20904 3865
115966 3865
158208 3988
38200 4737
98484 4737
112070 4737
116596 4737
120989 4737
159037 4737
224453 4737
227376 4737
242997 4737
286336 4737
287610 4737
362406 4737
433658 4737
441901 4737
447429 4737
470445 4737
515812 4737
516817 4737
517161 4737
519642 4737
527598 4737
531957 4737
535727 4737
13739 4739
40029 4739
133761 4739
168584 4739
299008 4739
342622 4739
421579 4739
455425 4739
478924 4739
535534 4739
541585 4739
137968 3908
320166 3908
346970 4354
96828 3931
260329 3931
11030 4083
19506 4083
85288 4083
87391 4083
168776 4083
198051 4083
224018 4083
227783 4083
271354 4083
317630 4083
443486 4083
490961 4083
494959 4083
524973 4083
89208 3953
113863 3953
138405 3953
138406 3953
148515 3953
206475 3953
209238 3953
229807 3953
284437 3953
311830 3953
420387 3953
268686 3954
8323 3967
149680 3967
198204 3967
52092 3979
94727 3979
130724 3979
196150 3979
320332 3979
41015 3980
152512 3980
375133 3980
394515 3980
482169 3980
504629 3980
44312 3982
8692 3986
23486 3986
47961 3986
85096 3986
103262 3986
103444 3986
128002 3986
145288 3986
148592 3986
150787 3986
151088 3986
154776 3986
163339 3986
164111 3986
165032 3986
174682 3986
190629 3986
194740 3986
203458 3986
213196 3986
222987 3986
236168 3986
251371 3986
260179 3986
266243 3986
277846 3986
306761 3986
318984 3986
362442 3986
365635 3986
367031 3986
410900 3986
413457 3986
518817 3986
519367 3986
520715 3986
523261 3986
536093 3986
540171 3986
544840 3986
28152 3987
56570 3987
433810 3987
450417 3987
308545 3989
320612 3999
35446 4011
37555 4011
109756 4011
165812 4011
290573 4011
328028 4011
331903 4011
518053 4011
519887 4011
537844 4011
542138 4011
535681 4036
306740 4041
330314 4041
22700 4066
175581 4066
198253 4066
488040 4066
11392 4068
47706 4068
459582 4068
525488 4068
29702 4082
46220 4082
54207 4082
79265 4082
79273 4082
79274 4082
81591 4082
155786 4082
197391 4082
202367 4082
249355 4082
251263 4082
251991 4082
259996 4082
279902 4082
348631 4082
353346 4082
379495 4082
395041 4082
485641 4082
523107 4082
369072 4787
40932 4121
60426 4121
69992 4121
121380 4121
135271 4121
144956 4121
178173 4121
196826 4121
222160 4121
289417 4121
302416 4121
388977 4121
425745 4121
453129 4121
467926 4121
96239 4122
351364 4122
473115 4122
12695 4155
18212 4155
30775 4155
41151 4155
77284 4155
175318 4155
272501 4155
283732 4155
292732 4155
356320 4155
356330 4155
357741 4155
387065 4155
395079 4155
399629 4155
418333 4155
453457 4155
531440 4155
535087 4155
543005 4155
10980 4179
68852 4179
384492 4179
520171 4179
331090 4194
241113 4212
246708 4212
330294 4212
354519 4212
512703 4212
531771 4212
3069 4235
81664 4235
203243 4235
333710 4235
468467 4235
492665 4235
540757 4235
202340 4249
349477 4249
412310 4249
453575 4249
477575 4249
19877 4263
42921 4263
45769 4263
525304 4263
537524 4263
13316 4807
43038 4807
48207 4807
63557 4807
72771 4807
83887 4807
140434 4807
265608 4807
304374 4807
329339 4807
346289 4807
358439 4807
370367 4807
418122 4807
454959 4807
477225 4807
529494 4807
44426 4296
47494 4296
75576 4296
204016 4296
248069 4296
279223 4296
310859 4296
433392 4296
532459 4296
536535 4296
77973 4328
104619 4328
138098 4328
157451 4328
200073 4328
215235 4328
272992 4328
341906 4328
374113 4328
396912 4328
451406 4328
475476 4328
520641 4328
540456 4328
217508 4330
496276 4330
526306 4330
61894 4341
261360 4341
501882 4341
193333 4354
198707 4360
244909 4360
299522 4360
310196 4360
318042 4360
454182 4360
489774 4360
56685 4410
165139 4410
309941 4410
484369 4410
322302 4411
405631 4411
463403 4411
25950 4432
87423 4432
128646 4432
357272 4432
88172 4435
283516 4435
390746 4435
214959 4436
534744 4436
49148 4450
145180 4450
376640 4450
411004 4450
462064 4450
531521 4450
3464 4457
105174 4457
126775 4457
205091 4457
355231 4457
107991 4492
264452 4492
313628 4492
334579 4492
361837 4492
91773 4493
237173 4493
346293 4493
462501 4493
131442 4496
233222 4496
441855 4496
26369 4617
260532 4617
341836 4617
411791 4617
469669 4617
509074 4617
216758 4563
301613 4563
457714 4563
492112 4563
448106 4606
491470 4606
461804 4617
55712 4670
55719 4670
108373 4670
186838 4670
325058 4670
346881 4670
470876 4670
470886 4670
12860 4711
259691 4711
273419 4711
445499 4711
196562 4737
302796 4737
386453 4737
452842 4737
108184 4739
226291 4739
409148 4739
493142 4739
40935 4740
89837 4740
99659 4740
108268 4740
135360 4740
147214 4740
197439 4740
198351 4740
282863 4740
293297 4740
310645 4740
334574 4740
377165 4740
413084 4740
417223 4740
538642 4740
63368 4744
157272 4744
256198 4744
373528 4744
427654 4744
466283 4744
482155 4744
497000 4744
517875 4744
366943 4747
114319 4752
198684 4752
386738 4752
392437 4752
470404 4752
29205 4761
82225 4761
84104 4761
130124 4761
256587 4761
320826 4761
344925 4761
517445 4761
38037 4768
409524 4768
458245 4768
507317 4768
117287 4773
123181 4773
27423 4774
47053 4774
47098 4774
71686 4774
71689 4774
140141 4774
157669 4774
192596 4774
214161 4774
215022 4774
247845 4774
253721 4774
276474 4774
278502 4774
285273 4774
338869 4774
346469 4774
387683 4774
387928 4774
392657 4774
405849 4774
445736 4774
469656 4774
469658 4774
483307 4774
495189 4774
522171 4774
542307 4774
542308 4774
542408 4774
543045 4774
543253 4774
543652 4774
543679 4774
543680 4774
543839 4774
12645 4777
12646 4777
12647 4777
12648 4777
15449 4777
83324 4777
83334 4777
107093 4777
108776 4777
151266 4777
151269 4777
194845 4777
231917 4777
265276 4777
321908 4777
326932 4777
371827 4777
372232 4777
424839 4777
520666 4777
534920 4777
538450 4777
133617 4778
1639 4783
94267 4783
96981 4783
142820 4783
199217 4783
224937 4783
260638 4783
512204 4783
544934 4783
547527 4783
548255 4783
12969 4786
17440 4786
17442 4786
177782 4786
193609 4786
210707 4786
210944 4786
360223 4786
414010 4786
429334 4786
477237 4786
17651 4789
27941 4789
223909 4789
223912 4789
338888 4789
395199 4789
354442 4807
70878 4810
169175 4810
194234 4810
206785 4810
221525 4810
239740 4810
241200 4810
433880 4810
464218 4810
476921 4810
501773 4810
526687 4810
6899 4822
37829 4822
70409 4822
244754 4822
336593 4822
398645 4824
409979 4824
437578 4824
482249 4824
25678 4829
57217 4829
121740 4829
123267 4829
205744 4829
300085 4829
371495 4829
483016 4829
32446 4918
73927 4918
74795 4918
162362 4918
376511 4918
453478 4918
485510 4918
328528 4938
136748 4945
178971 4945
370178 4945
386623 4945
495490 4945
381352 4949
456223 4949
191846 10
295115 47
310133 209
207193 234
324488 234
530943 258
132725 290
540627 312
319626 444
356740 654
238220 696
331020 696
181932 696
320334 696
185616 696
456555 780
379559 966
517201 1066
332872 1066
403965 1066
46711 1066
524208 1066
243595 1162
318229 1208
444566 1370
147931 1916
76293 1992
299546 2026
67152 2079
64882 2181
144502 2425
200365 2425
266274 2430
282602 2559
87698 2566
51615 2670
251189 2670
51614 2670
528646 2710
370840 2742
453018 2770
383716 3668
134195 3668
310323 3668
409536 3669
271979 3669
218003 3669
109175 3722
385591 4036
269571 4354
343601 4354
384181 4606
304846 4752
182274 4807
228620 4807
461219 33
186907 115
343464 168
87944 178
114513 264
230005 264
420629 433
3123 433
273113 433
285256 521
240218 521
13965 521
379695 521
174998 533
385730 533
18426 533
41270 533
361541 657
82959 743
227137 901
47403 905
198055 930
181409 1013
491421 1084
362616 1095
223919 1095
338450 1095
440723 1095
60508 1185
288072 1203
98075 1275
527653 1333
511816 1374
179181 1382
341070 1382
172861 1435
301487 1542
486164 1735
485348 1774
507385 1805
68779 2082
312177 2082
284405 2082
488132 2082
382799 2088
161270 2359
422490 2430
450405 2707
38444 2731
306781 2731
382724 2731
517224 2731
184458 2731
228537 2731
381003 2731
511237 2731
451671 2731
53117 2731
203903 2731
328468 2731
171345 2938
1797 2969
26829 2969
311817 2969
479546 3000
126810 3007
358590 3090
53596 3090
509537 3219
521506 3294
239582 3363
13169 3492
221585 3492
446826 3747
272795 3747
104372 3747
475986 3786
337195 3812
144876 3830
160397 3953
444342 3954
262022 4179
230333 4740
411120 4740
