164985 0
225214 0
232761 0
105089 1
167906 2
288975 2
421279 2
442612 2
451312 2
231953 3
523128 3
160294 4
304770 4
112814 5
112823 5
118948 10
209822 10
455700 10
482725 10
55727 11
78359 11
335007 11
82995 17
156987 17
280502 17
42888 18
217362 18
4092 19
104191 19
341575 19
389644 19
413419 19
213603 22
213604 22
213613 22
213615 22
213617 22
249025 22
219649 24
233695 24
337976 24
337981 24
444709 24
499056 24
75000 27
156489 27
207684 27
278335 27
321867 27
388736 27
348108 2400
372238 2400
396166 2400
415253 2400
443821 2400
492595 2400
124 2408
243477 2408
302516 2408
318491 2408
320027 2408
366784 2408
12526 32
33054 32
346440 32
501788 32
538991 32
169543 33
219957 33
284749 33
346229 33
11799 36
11804 36
147132 36
449388 36
452567 36
533929 36
335486 3934
338843 3934
359673 3934
363073 3934
483701 3934
486195 3934
508622 3934
135652 40
152314 40
172487 40
220229 40
249463 40
340532 40
389009 40
296324 1142
332135 1142
373569 1142
395227 1142
65390 47
180936 47
214026 47
319423 47
367843 47
119540 50
273430 50
538298 50
202170 4004
270508 4004
287742 4004
541707 4004
281058 2742
447090 2742
461414 2742
38504 69
65004 69
163914 69
189007 69
269696 69
345010 69
436194 69
160798 2400
233468 2400
257621 2400
281988 2400
353931 2400
522415 2400
93003 77
163816 77
212108 77
347287 77
387941 77
422973 77
536483 77
90508 79
241677 79
47947 80
162804 80
538948 80
129187 444
195341 444
214813 444
432745 444
57824 88
82730 88
90608 88
107186 88
109422 88
328644 88
377039 88
391732 88
17348 94
47156 94
63867 94
303329 94
312849 94
351508 94
353748 94
361150 94
57001 98
121673 98
165419 98
387878 98
433912 98
458054 98
534457 98
13837 101
293389 101
382801 101
392824 101
430704 101
56630 102
142980 102
205060 102
287196 102
356294 102
380243 102
448373 102
454314 102
500534 102
34869 3720
177542 3720
247967 3720
438089 3720
525731 3720
11426 104
31915 104
31935 104
56368 104
79164 104
132000 104
476278 104
538265 104
21397 108
147833 108
193216 108
202424 108
285022 108
416667 108
421706 108
533455 108
144045 109
156667 109
194080 109
365781 109
367283 109
386697 109
445264 109
100394 111
173813 111
186430 111
396870 111
536290 111
30623 117
76457 117
104494 117
136452 117
173156 117
308223 117
407878 117
431590 117
535009 117
55047 119
109596 119
311842 119
313452 119
315852 119
335798 119
359987 119
407773 119
431823 119
69474 121
378519 121
426387 121
16111 122
97128 122
97129 122
97202 122
216065 122
268915 122
280334 122
13083 125
50229 125
74914 125
138186 125
161631 125
301328 125
384358 125
438144 125
511464 125
190422 126
542889 126
542891 126
542893 126
543618 126
543619 126
543620 126
93424 128
473657 128
117609 133
173667 133
305042 133
306504 133
327667 133
423171 133
438183 133
490100 133
64751 136
214829 136
250005 136
253000 136
308617 136
331600 136
392902 136
33116 147
95736 147
200577 147
220425 147
237846 147
252872 147
338819 147
518003 147
5582 150
193375 150
213676 150
329508 150
339289 150
350684 150
374744 150
495203 150
59509 151
68430 151
84384 151
93341 151
172036 151
294094 151
310314 151
504212 151
537726 151
35284 153
59771 153
109204 153
124094 153
149985 153
153287 153
222178 153
308746 153
329470 153
504430 153
63076 154
67221 154
182616 154
249104 154
274294 154
354326 154
438866 154
463165 154
465766 154
484041 154
20676 155
60967 155
70797 155
114872 155
222386 155
228567 155
269750 155
350356 155
388751 155
509194 155
42687 4441
161938 4441
201570 4441
201574 4441
215112 4441
216724 4441
252984 4441
277248 4441
8720 3989
22915 3989
47521 3989
49211 3989
78517 3989
118030 3989
286824 3989
339296 3989
480628 3989
488277 3989
496847 3989
518489 3989
10904 170
91931 170
436218 170
522544 170
11462 175
163294 175
209787 175
318299 175
319527 175
385265 175
416994 175
421463 175
430736 175
514230 175
599 177
24701 177
78205 177
198913 177
243898 177
344715 177
527561 177
239451 179
94879 183
105993 183
201582 183
223642 183
239954 183
272973 183
355461 183
377006 183
395464 183
406110 183
536260 183
1806 1239
4389 1239
49243 1239
49268 1239
164686 1239
376498 1239
393054 1239
405956 1239
528993 1239
203547 187
204591 187
470794 187
522328 187
203826 247
365198 247
503396 247
517526 247
517527 247
227683 197
32026 3944
101413 3944
170001 3944
185169 3944
231450 3944
265216 3944
386984 3944
441937 3944
523179 3944
43657 1323
62080 1323
80682 1323
163046 1323
224484 1323
267959 1323
377023 1323
473474 1323
473755 1323
530348 1323
534978 1323
344889 1323
68757 205
74320 205
104500 205
160383 205
316504 205
331116 205
340590 205
364773 205
388560 205
509547 205
513310 205
41885 207
66520 207
107582 207
228892 207
248812 207
253624 207
273314 207
343630 207
463360 207
525454 207
14245 209
54528 209
144069 209
259746 209
418053 209
436121 209
446311 209
523611 209
527637 209
85960 210
100001 210
185031 210
334881 210
34069 212
93746 212
118346 212
164375 212
268565 212
293070 212
332827 212
334329 212
358591 212
406380 212
420513 212
423318 212
430354 212
520700 212
90577 221
126741 221
153081 221
348218 221
359435 221
372359 221
471941 221
134939 224
348821 224
415746 224
439139 224
457766 224
349 229
37216 229
60549 229
88924 229
101008 229
272997 229
284774 229
535818 229
542356 229
543106 229
543653 229
10149 1150
30877 1150
56711 1150
112428 1150
123304 1150
171678 1150
271402 1150
286245 1150
313181 1150
385197 1150
481100 1150
483774 1150
535197 1150
121006 234
168431 234
175809 234
193599 234
263169 234
271753 234
301093 234
350839 234
357226 234
376665 234
422678 234
449137 234
473120 234
40389 238
44825 238
49681 238
118929 238
127273 238
197822 238
220482 238
326525 238
401298 238
465054 238
489348 238
513780 238
522984 238
15615 243
60709 243
77776 243
117427 243
161472 243
191527 243
201338 243
216044 243
253298 243
275950 243
287774 243
368505 243
6290 244
16051 244
20998 244
91627 244
186585 244
223416 244
277700 244
302104 244
342521 244
384625 244
417199 244
471109 244
495975 244
524273 244
146593 245
542865 245
543666 245
365196 247
516830 247
4390 250
30922 250
38325 250
38893 250
117542 250
199234 250
218763 250
318580 250
331095 250
342640 250
507166 250
526214 250
531176 250
2991 3975
8183 3975
18668 3975
121944 3975
271884 3975
347926 3975
370447 3975
488148 3975
89139 252
105230 252
129923 252
145106 252
200053 252
213860 252
266813 252
299825 252
300708 252
340706 252
461995 252
475011 252
521116 252
534520 252
539128 252
10654 2408
125100 2408
166530 2408
179787 2408
195458 2408
228556 2408
288775 2408
317488 2408
331907 2408
497889 2408
497891 2408
95647 254
164236 254
199674 254
264636 254
297091 254
319430 254
342614 254
358037 254
375289 254
440086 254
451990 254
467636 254
485361 254
520733 254
22967 257
63725 257
260630 257
290530 257
331860 257
426567 257
454171 257
470571 257
491828 257
531263 257
128 259
26513 259
374193 259
441002 259
448673 259
465275 259
530340 259
530910 259
16750 260
37384 260
60074 260
504753 260
530151 260
32451 261
46703 261
76467 261
239461 261
286893 261
312811 261
412102 261
464086 261
509145 261
513654 261
525025 261
535408 261
541970 261
46382 263
130396 263
132836 263
162294 263
202288 263
242229 263
256928 263
396952 263
423180 263
433045 263
436957 263
480264 263
505209 263
529090 263
9169 264
110248 264
172923 264
235924 264
287140 264
420467 264
475607 264
488004 264
497146 264
502040 264
510389 264
530238 264
237977 265
481973 265
14698 268
189174 268
227652 268
252559 268
263372 268
314412 268
372301 268
445171 268
533394 268
536415 268
2246 2381
40924 2381
68704 2381
74720 2381
147766 2381
199476 2381
243994 2381
260488 2381
268943 2381
338095 2381
349653 2381
408445 2381
462002 2381
464495 2381
488231 2381
517892 2381
94800 273
302845 273
100920 1838
170945 1838
266632 1838
311601 1838
361337 1838
367186 1838
389896 1838
405823 1838
413692 1838
461863 1838
509960 1838
7651 279
34204 279
35242 279
62164 279
112685 279
179116 279
179914 279
235463 279
235864 279
238654 279
361420 279
388591 279
395097 279
404319 279
502010 279
57455 281
144221 281
188534 281
331603 281
408758 281
429358 281
521201 281
529907 281
49952 283
150470 283
199121 283
244765 283
247554 283
269072 283
357917 283
176 290
131232 290
201855 290
321841 290
347858 290
533157 290
18946 296
21193 296
74639 296
133887 296
151531 296
241574 296
297110 296
382408 296
426827 296
428152 296
445944 296
450706 296
505600 296
67412 300
87694 300
116840 300
199841 300
213022 300
235471 300
255529 300
261886 300
327390 300
338053 300
377548 300
522428 300
530854 300
540364 300
420358 305
73 2301
42018 2301
142583 2301
261014 2301
261046 2301
279516 2301
345111 2301
369214 2301
386868 2301
417573 2301
451459 2301
483855 2301
511743 2301
516766 2301
179036 4341
200385 4341
321887 4341
331333 4341
362479 4341
402718 4341
509637 4341
527614 4341
535503 4341
4804 315
26284 315
49697 315
66802 315
84512 315
91726 315
123900 315
170107 315
266583 315
320914 315
354669 315
376458 315
417848 315
424287 315
486252 315
503239 315
518091 315
526735 315
532709 315
84915 3425
143456 3425
184555 3425
223247 3425
248775 3425
279503 3425
281920 3425
321284 3425
344146 3425
360020 3425
371631 3425
379022 3425
437822 3425
444728 3425
4998 328
6165 328
29915 328
49151 328
83619 328
116597 328
173377 328
211010 328
268035 328
336727 328
338919 328
350246 328
371949 328
421174 328
426850 328
475281 328
503036 328
528451 328
54074 331
184017 331
214684 331
316403 331
316430 331
337623 331
340511 331
344206 331
419377 331
433704 331
436828 331
498325 331
505254 331
518807 331
529617 331
530205 331
535124 331
539013 331
247514 337
290865 337
319325 337
404306 337
531490 337
53198 2408
136177 2408
136179 2408
177374 2408
237754 2408
262450 2408
302489 2061
331946 2408
354092 2408
363427 2061
363428 2061
454459 2408
499411 2408
523408 2408
14599 3348
32239 3348
73054 3348
101295 3348
113773 3348
171491 3348
200196 3348
227747 3348
243469 3348
337503 3348
387972 3348
404752 3348
443897 3348
459971 3348
492349 3348
497338 3348
8324 1905
9244 1905
9246 1905
9247 1905
9252 1905
9253 1905
9254 1905
9277 1905
9282 1905
9284 1905
10034 1905
10035 1905
38972 1905
38974 1905
38977 1905
38978 1905
38981 1905
38982 1905
49756 1905
51393 1905
84392 1905
106093 1905
106103 1905
544170 1905
5238 2731
25749 2731
121270 2731
168715 2731
168720 2731
182430 2731
193790 2731
205319 2731
228831 2731
229510 2731
254263 2731
261558 2731
317603 2731
320128 2731
406305 2731
406909 2731
412670 2731
445716 2731
471009 2731
494860 2731
539125 2731
75600 347
101909 347
109197 347
128781 347
153991 347
235216 347
261771 347
278740 347
299942 347
300327 347
312433 347
329881 347
348662 347
487512 347
494261 347
531782 347
535205 347
535798 347
545002 347
12904 3997
18493 3997
49830 3997
67416 3997
68152 3997
161796 3997
182190 3997
221490 3997
233927 3997
246279 3997
248522 3997
260643 3997
265479 3997
400566 3997
401575 3997
418739 3997
422194 3997
450464 3997
457079 3997
540769 3997
46196 352
64131 352
196726 352
241848 352
272582 352
358285 352
368269 352
391238 352
457335 352
13146 359
13752 359
22979 359
43798 359
51660 359
87311 359
122728 359
225783 359
290347 359
298914 359
301823 359
316752 359
320545 359
352817 359
371837 359
395752 359
443545 359
459197 359
467827 359
473456 359
34883 3425
92489 3425
137114 3425
175887 3425
179969 3425
262611 3425
285265 3425
294613 3425
337785 3425
344252 3425
348401 3425
360478 3425
439377 3425
447303 3425
462377 3425
466951 3425
473834 3425
513880 3425
519390 3425
263151 363
263163 363
263165 363
263166 363
527914 363
527915 363
10734 365
60559 365
68871 365
86908 365
93789 365
109891 365
110039 365
257779 365
259228 365
324314 365
324599 365
350514 365
377757 365
391981 365
411757 365
443042 365
487194 365
414 367
31823 367
265606 367
410079 367
1637 1905
1640 1905
261662 1905
544403 1905
546316 1905
546317 1905
546961 1905
546964 1905
6633 369
11593 369
27451 369
49271 369
102198 369
103808 369
124244 369
175208 369
222832 369
247631 369
247703 369
265673 369
346493 369
372073 369
401800 369
404226 369
444299 369
479041 369
482092 369
493075 369
504729 369
523382 369
122814 3701
170619 3701
249819 3701
426274 3701
515081 3701
41256 375
361696 375
361698 375
67883 382
105792 382
149197 382
193926 382
205875 382
317160 382
320580 382
367309 382
504121 382
527109 382
79772 383
158573 383
174206 383
285723 383
366456 383
401351 383
401355 383
401357 383
401386 383
456694 383
483898 383
487550 383
548526 383
109595 4773
114378 4773
126430 4773
126433 4773
126441 4773
132756 4773
132763 4773
246060 4773
270524 4773
545994 4773
545995 4773
546890 4773
90205 394
262847 394
289685 394
355280 394
385347 394
529587 394
32015 395
37761 395
75175 395
87318 395
96760 395
105873 395
192743 395
246879 395
256722 395
310207 395
339441 395
340390 395
363712 395
393304 395
413141 395
413751 395
435303 395
489224 395
512110 395
512599 395
54269 399
129913 399
252501 399
503168 399
504163 399
512878 399
26594 402
43658 402
91655 402
119305 402
130923 402
133904 402
138501 402
217696 402
219264 402
220277 402
238708 402
248185 402
279761 402
280410 402
283793 402
299828 402
313661 402
317384 402
350642 402
363273 402
373276 402
396297 402
414043 402
416134 402
423615 402
458612 402
463809 402
527812 402
49061 406
360239 406
7563 407
52199 407
55481 407
106336 407
107678 407
132409 407
168662 407
172464 407
182338 407
235945 407
242550 407
251731 407
261287 407
289265 407
301505 407
325454 407
330626 407
332684 407
332863 407
375365 407
378831 407
454625 407
507431 407
61601 414
61938 414
64808 414
102931 414
111008 414
132915 414
134831 414
143714 414
144919 414
145293 414
180095 414
185527 414
211652 414
231184 414
297268 414
299089 414
313355 414
321860 414
325491 414
334990 414
341978 414
353132 414
513774 414
520346 414
524353 414
84055 417
176891 417
201263 417
336715 417
366590 417
408596 417
455003 417
65060 419
125994 419
133562 419
144713 419
159868 419
162977 419
164250 419
168743 419
182116 419
189339 419
207402 419
231714 419
260596 419
293562 419
308944 419
313823 419
339172 419
343646 419
406785 419
422696 419
455986 419
472600 419
475084 419
515316 419
532383 419
5829 423
13732 423
48968 423
98588 423
118943 423
143608 423
145927 423
168570 423
174928 423
187370 423
193654 423
255303 423
255775 423
327145 423
334757 423
366418 423
377884 423
410943 423
419483 423
444875 423
498286 423
507155 423
539820 423
541959 423
5456 427
17284 427
61148 427
68431 427
93086 427
143159 427
179106 427
278920 427
324084 427
325596 427
352091 427
402327 427
452766 427
500420 427
535668 427
535920 427
11153 428
49254 428
69843 428
97257 428
130418 428
134358 428
183837 428
188744 428
190224 428
242112 428
259203 428
369065 428
369190 428
428012 428
437448 428
462789 428
510314 428
515064 428
367144 436
410601 436
429007 436
448166 436
4262 438
12500 438
44277 438
128645 438
162679 438
213301 438
226870 438
227311 438
228180 438
302969 438
307372 438
319198 438
329351 438
329392 438
406413 438
462094 438
470788 438
509798 438
513208 438
522539 438
526954 438
528904 438
531790 438
4365 439
59908 439
109351 439
124819 439
148039 439
157047 439
211726 439
213292 439
231545 439
289611 439
317169 439
324952 439
335295 439
349450 439
356399 439
409903 439
410732 439
448053 439
474908 439
493950 439
16648 442
30209 442
44363 442
118433 442
121174 442
124176 442
134925 442
162112 442
164515 442
185683 442
186312 442
186915 442
210884 442
237812 442
336128 442
336618 442
408265 442
440144 442
483406 442
488903 442
490890 442
523852 442
19002 444
30750 449
34871 449
84256 449
95613 449
110514 449
111861 449
128494 449
136771 449
144738 449
153115 449
169867 449
194926 449
202702 449
227251 449
241853 449
260745 449
269403 449
273321 449
273547 449
298033 449
302756 449
326539 449
335113 449
339242 449
343976 449
364433 449
383249 449
431169 449
474655 449
513119 449
74550 554
74552 554
83155 554
96158 554
127568 554
172367 554
172369 554
179921 554
247059 554
252788 554
538287 554
542184 554
542683 554
543161 554
543173 554
543899 554
7916 2094
86421 2094
88597 2094
126382 2094
153577 2094
188170 2094
200838 2094
214804 2094
226320 2094
251763 2094
264382 2094
266291 2094
288764 2094
370403 2094
430441 2094
476094 2094
476822 2094
535698 2094
3085 456
22627 456
30644 456
64313 456
131647 456
250399 456
265247 456
276688 456
279372 456
282923 456
320460 456
324311 456
331025 456
334199 456
344070 456
348709 456
352910 456
368196 456
379064 456
394466 456
438736 456
443412 456
462049 456
463968 456
470625 456
512927 456
31195 459
36793 459
51142 459
64999 459
67111 459
90295 459
90734 459
92800 459
109808 459
166561 459
177538 459
198063 459
211751 459
212805 459
236925 459
248191 459
276010 459
285067 459
353233 459
378214 459
394175 459
432128 459
463724 459
488909 459
501909 459
520004 459
93020 3944
156266 3944
180908 3944
387160 3944
390045 3944
395309 3944
425633 3944
437619 3944
445783 3944
460244 3944
484370 3944
491208 3944
526859 3944
533815 3944
539236 3944
11516 1372
61571 1372
68613 1372
101983 1372
110252 1372
134328 1372
135378 1372
151094 1372
172939 1372
195987 1372
201405 1372
209611 1372
223755 1372
234598 1372
257265 1372
275487 1372
291129 1372
379682 1372
384715 1372
390845 1372
396655 1372
429260 1372
429722 1372
434828 1372
435174 1372
489520 1372
508419 1372
529268 1372
537268 1372
38970 485
152778 485
462944 485
477570 485
533323 485
3210 498
51116 498
69404 498
70500 498
120294 498
149495 498
151410 498
167246 498
187198 498
189904 498
192313 498
217748 498
239249 498
252800 498
254100 498
266891 498
283003 498
289126 498
300968 498
303345 498
310366 498
339968 498
340855 498
376771 498
383250 498
408158 498
416793 498
451947 498
453446 498
455248 498
455869 498
491365 498
542493 498
4068 499
11498 499
61167 499
73615 499
85992 499
94324 499
118909 499
139410 499
160049 499
168526 499
168572 499
185056 499
193615 499
211337 499
232136 499
240860 499
255103 499
261066 499
285438 499
384553 499
393087 499
514553 499
526511 499
117539 510
309574 510
341777 510
372557 510
144629 3934
5208 1095
50077 1095
76957 1095
99684 1095
117261 1095
126278 1095
162503 1095
180614 1095
187418 1095
201745 1095
219094 1095
222799 1095
252836 1095
310403 1095
324951 1095
328880 1095
334802 1095
343412 1095
386468 1095
396443 1095
399903 1095
410172 1095
420903 1095
434233 1095
436556 1095
446004 1095
454321 1095
458374 1095
462544 1095
464994 1095
469968 1095
489414 1095
6790 521
21716 521
28723 521
31306 521
67055 521
75824 521
87466 521
107068 521
112067 521
127043 521
152440 521
158592 521
162427 521
237078 521
239125 521
239637 521
280601 521
281386 521
291115 521
338580 521
340504 521
379874 521
388654 521
391883 521
393559 521
412103 521
431347 521
434739 521
441859 521
458333 521
477155 521
480282 521
509640 521
520151 521
528852 521
530606 521
534007 521
172006 3944
473103 3944
52832 4357
78161 4357
94146 4357
99690 4357
146709 4357
159374 4357
187702 4357
234734 4357
296855 4357
297650 4357
301723 4357
304234 4357
318902 4357
333628 4357
334780 4357
352715 4357
376728 4357
400669 4357
441673 4357
449166 4357
473141 4357
498010 4357
14896 3931
21659 3931
21695 3931
24397 3931
42346 3931
62867 3931
67051 3931
71036 3931
87626 3931
132671 3931
145089 3931
158674 3931
162709 3931
163015 3931
166077 3931
182587 3931
205505 3931
210462 3931
233838 3931
240678 3931
254423 3931
258501 3931
278725 3931
282906 3931
303160 3931
305716 3931
350288 3931
370812 3931
408836 3931
411795 3931
422063 3931
436124 3931
438354 3931
445259 3931
486888 3931
534790 3931
538222 3931
24221 529
31001 529
31598 529
71445 529
75184 529
84961 529
85979 529
128871 529
186391 529
213239 529
214485 529
231148 529
240723 529
259495 529
270262 529
283892 529
287345 529
305604 529
317951 529
320777 529
328691 529
344078 529
348225 529
351766 529
373549 529
385201 529
385257 529
420599 529
456448 529
467717 529
480390 529
492179 529
519355 529
523265 529
530309 529
534859 529
15127 531
32602 531
57062 531
316486 531
341838 531
399038 531
436314 531
509639 531
33775 533
34344 533
55884 533
68039 533
93187 533
98625 533
109736 533
111770 533
134429 533
145091 533
150045 533
176450 533
181537 533
185741 533
192523 533
208913 533
227118 533
228947 533
233940 533
239847 533
261341 533
271300 533
274085 533
300749 533
319133 533
333494 533
350452 533
377920 533
401870 533
403157 533
425786 533
430938 533
449042 533
466662 533
469062 533
477450 533
487125 533
688 3273
15749 3273
17934 3273
19252 3273
81909 3273
116912 3273
122874 3273
127128 3273
135006 3273
144083 3273
145886 3273
162598 3273
166494 3273
169466 3273
170410 3273
201679 3273
203632 3273
217427 3273
232501 3273
241305 3273
265874 3273
290331 3273
294162 3273
302782 3273
305636 3273
306218 3273
355903 3273
388799 3273
408181 3273
414051 3273
416089 3273
443830 3273
464056 3273
506695 3273
512458 3273
517843 3273
527583 3273
534307 3273
548285 3273
167382 1095
390464 1095
40443 542
85270 542
107054 542
144416 542
146481 542
155513 542
164014 542
180755 542
185174 542
194103 542
235411 542
236017 542
281125 542
289496 542
304639 542
334170 542
336162 542
346319 542
352500 542
392857 542
452292 542
459124 542
483247 542
493148 542
522191 542
440525 545
468511 545
101861 547
106173 547
114322 547
153636 547
161757 547
201671 547
207228 547
221661 547
275045 547
280108 547
283055 547
311040 547
313296 547
364875 547
388652 547
393295 547
397377 547
466428 547
476504 547
526555 547
539909 547
9650 554
90380 554
108194 554
134224 554
134225 554
144191 554
144193 554
157624 554
199097 554
199099 554
203703 554
270306 554
541418 554
542321 554
542446 554
542902 554
543056 554
543343 554
543720 554
543789 554
543860 554
543872 554
543873 554
543874 554
543875 554
17611 555
21518 555
26459 555
27966 555
30510 555
67500 555
70124 555
73723 555
80512 555
104658 555
105707 555
123975 555
147416 555
183542 555
209188 555
218045 555
222499 555
223527 555
285633 555
298784 555
299108 555
315995 555
326014 555
327094 555
354094 555
368934 555
373465 555
382755 555
396422 555
405980 555
416314 555
474564 555
476367 555
508858 555
521365 555
31477 558
89137 558
99819 558
124384 558
206440 558
235296 558
316259 558
340403 558
341356 558
354668 558
368619 558
395288 558
450336 558
474308 558
497868 558
188409 560
288952 560
446726 560
80447 562
500105 562
520891 562
46650 3273
84370 3273
31173 569
278864 569
342984 569
389547 569
413257 569
432850 569
515761 569
132 592
2753 592
10492 592
26999 592
67768 592
91930 592
107687 592
123451 592
136947 592
143715 592
150450 592
178427 592
187128 592
206097 592
224509 592
283685 592
287924 592
298937 592
308657 592
317267 592
317693 592
325902 592
331669 592
332167 592
333849 592
335782 592
340592 592
341742 592
344923 592
355913 592
356166 592
358800 592
380726 592
407613 592
426678 592
450384 592
452522 592
489563 592
494670 592
505753 592
536330 592
540235 592
3833 2731
6579 2731
23465 2731
26373 2731
28053 2731
33812 2731
49761 2731
56052 2731
71736 2731
73400 2731
74439 2731
76881 2731
98269 2731
99373 2731
101019 2731
105619 2731
107972 2731
122915 2731
127345 2731
131182 2731
131211 2731
188073 2731
189959 2731
195210 2731
215955 2731
217230 2731
223061 2731
311872 2731
333916 2731
335763 2731
343242 2731
349055 2731
396649 2731
403255 2731
420427 2731
432937 2731
434966 2731
452884 2731
472722 2731
494481 2731
504305 2731
519013 2731
536830 2731
17208 592
246912 592
83556 599
225562 599
288778 599
376757 599
448444 599
452315 599
520327 599
132031 603
164604 603
189237 603
248036 603
298879 603
317366 603
326713 603
399040 603
433881 603
540293 603
22010 2969
36737 2969
49003 2969
84346 2969
128696 2969
131492 2969
133735 2969
170339 2969
200204 2969
216324 2969
236756 2969
249476 2969
258182 2969
269999 2969
322841 2969
352591 2969
362704 2969
371095 2969
395017 2969
396491 2969
433538 2969
442618 2969
448603 2969
476581 2969
2137 610
31014 610
78589 610
94796 610
147315 610
335132 610
9526 4773
16832 4773
72915 4773
72916 4773
85375 4773
85382 4773
85383 4773
95730 4773
97140 4773
105481 4773
123183 4773
185312 4773
317458 4773
379869 4773
446932 4773
458383 4773
461898 4773
480478 4773
480479 4773
500861 4773
500862 4773
500865 4773
500866 4773
500867 4773
532649 4773
1841 625
11532 625
46370 625
49255 625
63495 625
109491 625
123228 625
125127 625
149492 625
152436 625
163778 625
171065 625
182875 625
186518 625
203981 625
211472 625
212191 625
215844 625
219482 625
245138 625
254741 625
260615 625
287062 625
304646 625
318724 625
321245 625
322560 625
335121 625
335452 625
337625 625
339339 625
365870 625
376846 625
380765 625
405904 625
409945 625
420862 625
443740 625
448439 625
457111 625
463472 625
467018 625
472959 625
484094 625
487028 625
489658 625
492742 625
507509 625
513947 625
517291 625
518284 625
520107 625
544796 625
177204 626
237989 626
304250 626
437722 626
462984 626
3375 633
19319 633
40008 633
98725 633
105719 633
161231 633
185464 633
186328 633
208349 633
218069 633
348448 633
349314 633
373450 633
419909 633
468369 633
475012 633
16253 1060
27877 1060
50037 1060
54603 1060
59216 1060
74703 1060
77068 1060
99160 1060
124223 1060
132771 1060
139847 1060
144958 1060
148960 1060
152594 1060
157592 1060
206281 1060
232354 1060
247826 1060
256182 1060
258456 1060
264303 1060
295343 1060
312581 1060
326337 1060
327789 1060
330122 1060
332507 1060
336537 1060
344721 1060
348809 1060
351039 1060
351604 1060
375640 1060
380681 1060
399606 1060
404609 1060
407423 1060
411667 1060
435530 1060
452442 1060
460548 1060
482957 1060
520459 1060
521818 1060
523270 1060
529142 1060
531808 1060
533939 1060
13213 714
33791 714
37913 714
60524 714
69216 714
82240 714
94105 714
109753 714
113186 714
146452 714
152557 714
161090 714
175043 714
180019 714
182423 714
182511 714
185280 714
201932 714
203634 714
205422 714
208178 714
208909 714
209957 714
221231 714
275549 714
280138 714
284163 714
292492 714
294202 714
317187 714
320215 714
326003 714
344288 714
345722 714
370717 714
379377 714
388409 714
399642 714
416934 714
424297 714
427256 714
428388 714
440746 714
465019 714
476330 714
479455 714
480064 714
497024 714
513425 714
526402 714
535864 714
18471 676
40254 676
40507 676
67672 676
68880 676
94065 676
96164 676
100833 676
110311 676
110323 676
118002 676
118660 676
121312 676
132318 676
147145 676
149965 676
158454 676
159005 676
194464 676
201370 676
205588 676
233409 676
246158 676
275335 676
283768 676
297774 676
303877 676
304953 676
340566 676
357876 676
362293 676
363607 676
364596 676
369653 676
369656 676
371021 676
378535 676
386144 676
399588 676
405799 676
418732 676
422962 676
462518 676
465830 676
473137 676
485445 676
504760 676
507999 676
508430 676
521948 676
526677 676
539010 676
546837 676
434 677
7100 677
15700 677
22475 677
32499 677
40152 677
41520 677
61879 677
86724 677
143401 677
148912 677
149899 677
150252 677
170956 677
191182 677
192770 677
198344 677
214614 677
214723 677
216117 677
219206 677
239063 677
239486 677
246371 677
247814 677
263674 677
282086 677
289413 677
334036 677
340967 677
349469 677
358286 677
360544 677
369105 677
386341 677
390209 677
392306 677
402463 677
406077 677
406340 677
409978 677
422178 677
423097 677
424320 677
427829 677
437613 677
450768 677
452412 677
460214 677
461666 677
475716 677
486011 677
514188 677
7933 2247
15292 2247
16714 2247
20070 2247
73991 2247
77749 2247
102398 2247
127074 2247
165039 2247
190124 2247
196165 2247
205831 2247
257703 2247
341768 2247
366000 2247
382206 2247
433499 2247
472771 2247
481690 2247
516440 2247
924 696
2154 696
7717 696
10821 696
28941 696
30018 696
35504 696
46696 696
48189 696
54375 696
58441 696
66628 696
67982 696
99219 696
102502 696
117907 696
156784 696
158013 696
198477 696
201146 696
219381 696
223290 696
272414 696
277374 696
278958 696
286679 696
298089 696
309230 696
310994 696
311140 696
330712 696
331516 696
344648 696
355273 696
369723 696
369741 696
376306 696
379961 696
397001 696
398638 696
414973 696
473965 696
474764 696
489111 696
496449 696
498378 696
509500 696
202056 700
273441 700
339154 700
144320 1150
161645 1150
168016 1150
208800 1150
216460 1150
233811 1150
258579 1150
324386 1150
409816 1150
462355 1150
486553 1150
1820 2763
10687 2763
26443 2763
61891 2763
70027 2763
79895 2763
85518 2763
94903 2763
96907 2763
102507 2763
102971 2763
115002 2763
118233 2763
118378 2763
119092 2763
160700 2763
163082 2763
164600 2763
167642 2763
171437 2763
183511 2763
185834 2763
187854 2763
190337 2763
206265 2763
207329 2763
228086 2763
233088 2763
237249 2763
238138 2763
261977 2763
268581 2763
269505 2763
286373 2763
287049 2763
293591 2763
297126 2763
303589 2763
310096 2763
327126 2763
333429 2763
354429 2763
363933 2763
384350 2763
387578 2763
394137 2763
411367 2763
423187 2763
425681 2763
426033 2763
429147 2763
434725 2763
436429 2763
472084 2763
489399 2763
491494 2763
498596 2763
508581 2763
508904 2763
512048 2763
514212 2763
516947 2763
520280 2763
527136 2763
530406 2763
533808 2763
537745 2763
4 706
15547 706
16050 706
75286 706
87858 706
170796 706
186092 706
268004 706
286286 706
316471 706
332453 706
408108 706
408434 706
432891 706
448284 706
452235 706
456977 706
125335 714
253586 714
516116 714
237774 716
363864 716
531441 716
543408 716
64498 723
342953 723
5465 736
317640 736
61530 743
83599 743
148944 743
174182 743
210875 743
439731 743
444804 743
464000 743
161487 754
520439 754
208408 1786
320944 1786
369146 1786
489640 1786
537841 1786
294612 763
403288 763
403291 763
477527 763
540506 763
34448 1707
50982 1707
420620 1707
476959 1707
476975 1707
55637 770
58670 770
73810 770
185383 770
212225 770
242680 770
289741 770
368252 770
404060 770
415676 770
437455 770
463509 770
488077 770
488851 770
519580 770
531535 770
542645 770
345032 773
464020 773
94213 856
110062 856
178554 856
220205 856
250261 856
269199 856
322607 856
353310 856
370860 856
448868 856
472803 856
110413 787
27853 796
62296 796
156772 796
171503 796
227263 796
255159 796
269256 796
381317 796
485474 796
518689 796
2797 3931
31200 3931
47626 3931
72238 3931
129002 3931
129819 3931
140476 3931
165128 3931
196566 3931
198304 3931
202609 3931
203397 3931
216625 3931
264309 3931
266187 3931
270593 3931
278146 3931
283440 3931
315577 3931
320858 3931
323371 3931
323378 3931
348877 3931
384795 3931
389473 3931
412353 3931
417383 3931
429082 3931
438003 3931
439622 3931
463702 3931
472962 3931
480884 3931
497828 3931
499649 3931
501124 3931
514909 3931
516992 3931
256513 809
256515 809
33371 1370
69413 1370
290786 1370
433897 1370
444567 1370
275375 817
8815 2283
13087 2283
13095 2283
13097 2283
13121 2283
13123 2283
75826 2283
93611 2283
93615 2283
93617 2283
93618 2283
97870 2283
97871 2283
122473 2283
167799 2283
167800 2283
167802 2283
167804 2283
167806 2283
167811 2283
221805 2283
222128 2283
250530 2283
250543 2283
253918 2283
439922 2283
468336 2283
500224 2283
500233 2283
502776 2283
502780 2283
502809 2283
502821 2283
502824 2283
502829 2283
521767 2283
521769 2283
149339 2883
233610 2883
330933 2883
334880 2883
373181 2883
376748 2883
460712 2883
522043 2883
241707 838
351881 838
357744 838
386269 838
480500 838
490791 838
268964 839
520163 839
487582 843
513582 843
353622 844
353624 844
383361 856
30398 4832
33251 4832
52500 4832
59285 4832
64879 4832
67572 4832
70522 4832
75780 4832
77701 4832
84839 4832
92472 4832
93356 4832
95427 4832
104553 4832
120615 4832
127199 4832
141618 4832
149809 4832
151849 4832
152407 4832
182201 4832
182923 4832
186022 4832
202986 4832
204966 4832
205838 4832
208714 4832
217871 4832
221281 4832
225233 4832
229209 4832
230262 4832
246180 4832
252719 4832
261562 4832
263093 4832
272957 4832
273775 4832
275237 4832
276567 4832
277617 4832
287582 4832
289953 4832
298254 4832
301761 4832
309411 4832
313307 4832
314250 4832
314719 4832
318212 4832
318538 4832
329078 4832
330328 4832
335183 4832
345901 4832
377247 4832
383087 4832
390680 4832
401268 4832
401798 4832
409356 4832
416162 4832
419862 4832
423864 4832
433190 4832
434830 4832
443332 4832
458993 4832
496201 4832
502212 4832
504199 4832
512729 4832
522378 4832
527792 4832
535477 4832
541122 4832
541690 4832
543516 4832
32975 870
38714 870
175966 870
257175 870
267496 870
326382 870
336242 870
346393 870
405645 870
477297 870
522364 870
24556 871
72977 871
160597 871
342426 871
343259 871
524098 871
210439 1838
313239 1838
361444 1838
521270 1838
111722 882
122613 882
122622 882
138325 882
147105 882
181666 882
223046 882
249702 882
362176 882
72949 885
146317 885
338396 885
415656 885
462883 885
80756 4832
51246 895
161307 895
476208 895
35725 902
43137 902
133308 902
239463 902
307276 902
312046 902
423981 902
3114 910
36638 910
40035 910
45625 910
56335 910
70193 910
73922 910
136344 910
148444 910
148725 910
150549 910
161142 910
169366 910
194423 910
203424 910
216586 910
272052 910
319737 910
364241 910
435749 910
436280 910
479189 910
484103 910
484636 910
489771 910
516044 910
37960 2815
50803 2815
245498 2815
257303 2815
5726 928
5728 928
5734 928
30565 928
105042 928
105049 928
129719 928
129721 928
145811 928
161874 928
161883 928
174181 928
195404 928
243096 928
243103 928
323993 928
329617 928
422812 928
445998 928
507149 928
514917 928
522201 928
84309 3328
148221 3328
414685 3328
207944 937
207946 937
234920 937
303698 937
383708 937
399461 937
530882 937
253126 955
8469 964
16793 964
83901 964
97023 964
150274 964
264024 964
287686 964
339985 964
373941 964
445520 964
450013 964
468775 964
529047 964
533897 964
12346 968
98663 968
180078 968
373724 968
429812 968
538597 968
105664 969
199086 969
199088 969
281568 969
394449 969
68641 977
350932 977
5346 987
189670 987
278338 987
364114 987
364115 987
403121 987
497155 987
499045 987
518044 987
293948 988
446392 988
508971 988
389396 995
320365 1000
365096 1000
102864 1018
224684 1018
300185 1018
312794 1018
462180 1018
117816 1019
296327 1019
457642 1019
48394 1031
537472 1031
6988 1036
11264 1036
78474 1036
209331 1036
354506 1036
396743 1036
476077 1036
476092 1036
500905 1036
500917 1036
18871 1038
96812 3931
96824 3931
121482 3931
243863 3931
152006 1043
31894 1053
31895 1053
103798 1053
298986 1053
341236 1053
371692 1053
375274 1053
419250 1053
419253 1053
419254 1053
467419 1053
472622 1053
497706 1053
519348 1053
16595 1057
3365 1060
60613 1060
90677 1060
97698 1060
108640 1060
110029 1060
134894 1060
176119 1060
190418 1060
222033 1060
246286 1060
251915 1060
294519 1060
331590 1060
369501 1060
392075 1060
393447 1060
459834 1060
479755 1060
491069 1060
493057 1060
505904 1060
526090 1060
19370 1072
50246 1072
192052 1072
305365 1072
492792 1072
131944 1073
210605 1074
210607 1074
268119 1074
406965 1076
537922 1076
93256 1077
93274 1077
93403 1077
155211 1077
356429 1077
356430 1077
356435 1077
366722 1077
380434 1077
384210 1077
428268 1077
529126 1077
18129 1085
32753 1085
53014 1085
59093 1085
93642 1085
102545 1085
114137 1085
127218 1085
133133 1085
158005 1085
158869 1085
183057 1085
196192 1085
235570 1085
270219 1085
292178 1085
318094 1085
330924 1085
409083 1085
431773 1085
476415 1085
510869 1085
543434 1085
317591 1838
433118 1838
487032 1838
492193 1838
25930 1095
169845 4787
189478 4787
212992 4787
322928 4787
369074 4787
5747 1114
7083 1114
26901 1114
87846 1114
104062 1114
143271 1114
146623 1114
181922 1114
239992 1114
278593 1114
390656 1114
503505 1114
32902 2024
264870 2024
428205 2024
428212 2024
428214 2024
428215 2024
435477 2024
435500 2024
465815 2024
500878 2024
500880 2024
500881 2024
500896 2024
512037 2024
457072 1125
457085 1125
10180 2018
103534 2018
121764 2018
150312 2018
241811 2018
323254 2018
343878 2018
382935 2018
456320 2018
469585 2018
519455 2018
213828 1130
455453 1130
57365 1135
274517 1135
293647 1135
293659 1135
293662 1135
89972 1137
163303 1137
165121 1137
223142 1137
272427 1137
314957 1137
316782 1137
441755 1137
482876 1137
530563 1137
489209 3934
48413 1142
73083 1142
353526 1142
440074 1142
504887 1142
534469 1142
2721 1145
172871 1145
189129 1145
211198 1145
211918 1145
236093 1145
260883 1145
387809 1145
452472 1145
195526 1149
413498 1150
28328 1151
52693 1151
151422 1151
9372 1164
9382 1164
29929 1164
29932 1164
29933 1164
164480 1164
6557 1173
11352 1173
67614 1173
67617 1173
67618 1173
67619 1173
134561 1173
392622 1173
437058 1173
471348 1173
474245 1173
249827 1181
251872 1181
436129 1181
133283 1185
221229 1185
284087 1185
294372 1185
437004 1185
437009 1185
437010 1185
6092 1192
109233 1192
109234 1192
171972 1192
207285 1192
31305 1201
60344 1201
99127 1201
252569 1201
269909 1201
312454 1201
393892 1201
437003 1201
438455 1201
4216 1213
91450 1213
108411 1213
226228 1213
245639 1213
400169 1213
473302 1213
478692 1213
526764 1213
25829 1214
55491 1214
226536 1214
435660 1214
435700 1214
435716 1214
459853 1214
496805 1214
504979 1214
5223 1220
133273 1220
322051 1220
440411 1220
440416 1220
518049 1220
8285 1224
80361 1224
336577 1224
346464 1224
430590 1224
520037 1224
191369 1226
314745 1226
337585 1226
337592 1226
73891 1238
110743 1238
128583 1238
188720 1238
300598 1238
324597 1238
335299 1238
442446 1238
444336 1238
121188 1239
160502 1239
216817 1239
73333 1323
86144 1323
136793 1323
155031 1323
173539 1323
178628 1323
209292 1323
246858 1323
271319 1323
295861 1323
301702 1323
316385 1323
352393 1323
377293 1323
484405 1323
13635 1272
60236 1272
312520 1272
407374 1272
473351 1272
502353 1272
520897 1272
4624 1313
214232 1313
516499 1313
33374 1322
349932 1322
149139 1325
149143 1325
149144 1325
149145 1325
171543 1325
69059 1326
94571 1326
197418 1326
444527 1326
34532 1332
57289 1332
83996 1332
124086 1332
157352 1332
223296 1332
239501 1332
239502 1332
239504 1332
269138 1332
277283 1332
294717 1332
311956 1332
353763 1332
353767 1332
353768 1332
358579 1332
368291 1332
393680 1332
429215 1332
434163 1332
448930 1332
467710 1332
67537 1345
352253 1345
392495 1345
394236 1345
394241 1345
532448 1345
393076 1370
52589 1371
134194 1371
137503 1371
303171 1371
230731 1379
255527 1379
278776 1379
303218 1379
405971 1379
28531 1382
28556 1382
28570 1382
28591 1382
179193 1382
179195 1382
179197 1382
179200 1382
179201 1382
179202 1382
179207 1382
179209 1382
222647 1382
233248 1382
298950 1382
299705 1382
299709 1382
426432 1382
440259 1382
7557 1383
33603 1383
75311 1383
85219 1383
92811 1383
96207 1383
117368 1383
142827 1383
162776 1383
206674 1383
280523 1383
290394 1383
308901 1383
343097 1383
366745 1383
414409 1383
422934 1383
426267 1383
515051 1383
518671 1383
21403 3212
89742 3212
270559 3212
397210 3212
415121 3212
450338 3212
515427 3212
325045 1386
325048 1386
328245 1386
369720 1386
373310 1386
421283 1386
502726 1386
53560 3334
64572 3334
65000 3334
68257 3334
71640 3334
81499 3334
84239 3334
102941 3334
137824 3334
145911 3334
145932 3334
150243 3334
166867 3334
194836 3334
200952 3334
233632 3334
237442 3334
276649 3334
310305 3334
319620 3334
324456 3334
325553 3334
326762 3334
357095 3334
372675 3334
384360 3334
390782 3334
421764 3334
423381 3334
427308 3334
459129 3334
487636 3334
491070 3334
509448 3334
519807 3334
533527 3334
541584 3334
298877 1411
476153 1411
476156 1411
178203 1415
230382 1415
349175 1415
459127 1415
478862 1415
272098 1419
329071 1419
381137 1419
434278 1419
482499 1419
487438 1419
512302 1419
513830 1419
74447 1421
134809 1421
220435 1421
255330 1421
278871 1421
305037 1421
352208 1421
410632 1421
416374 1421
116984 1422
472121 1422
484566 1422
16644 1423
21173 1423
196875 1423
243839 1423
315660 1423
323571 1423
455142 1423
302567 3720
19756 2371
20550 2371
94878 2371
139102 2371
244824 2371
379152 2371
435000 2371
441305 2371
502108 2371
80429 1464
86199 1464
87073 1464
138399 1464
191707 1464
262286 1464
364200 1464
387987 1464
404725 1464
489673 1464
12382 1465
150444 1465
216938 1465
290148 1465
324252 1465
325240 1465
384227 1465
526724 1465
22190 4961
55057 4961
62762 4961
100606 4961
101145 4961
104766 4961
104768 4961
104770 4961
104778 4961
119023 4961
119025 4961
175382 4961
202441 4961
289740 4961
289742 4961
289743 4961
289746 4961
289751 4961
289753 4961
289754 4961
289755 4961
289756 4961
289760 4961
411902 4961
441676 4961
485327 4961
524040 4961
60593 1486
209590 1486
503639 1486
199497 1497
287016 1497
14011 2953
19088 2953
65997 2953
107706 2953
107709 2953
107716 2953
107776 2953
122553 2953
135151 2953
135539 2953
196367 2953
211235 2953
226384 2953
234872 2953
243825 2953
285418 2953
311950 2953
312017 2953
324629 2953
342254 2953
456222 2953
521994 2953
87769 1502
118077 1502
122815 1502
167100 1502
210348 1502
214773 1502
274196 1502
340409 1502
412316 1502
445673 1502
478705 1502
46901 3259
65002 3259
148286 3259
201129 3259
203622 3259
260126 3259
294724 3259
315974 3259
361607 3259
374151 3259
441057 3259
445680 3259
478857 3259
484183 3259
485621 3259
168501 1511
537116 1511
20888 1542
20903 1542
123508 1542
298519 1542
113217 1543
351760 1543
272379 1545
524965 1545
530490 1545
195027 1555
233306 1555
246031 1555
362905 1555
73067 1566
77947 1566
60316 4025
62937 4025
246646 4025
544163 4025
545245 4025
547205 4025
547944 4025
548137 4025
7834 1571
29820 1571
119727 1571
163070 1571
300747 1571
532451 1571
363229 1573
463386 1573
487583 1573
236319 1576
287450 1576
324553 1576
326801 1576
355078 1576
488055 1576
496357 1576
532242 1576
283859 1606
404474 1606
424093 1606
457110 1606
463706 1606
124773 1608
222735 1608
365448 1608
489152 1608
159172 1609
462347 1609
474241 1609
89572 1610
452209 1610
241485 1626
255943 1626
269112 1626
282855 1626
516988 1626
1994 2370
61102 2370
73660 2370
87268 2370
107992 2370
147842 2370
169284 2370
176914 2370
186228 2370
219888 2370
246575 2370
285201 2370
296948 2370
335091 2370
389945 2370
396216 2370
432716 2370
504371 2370
520958 2370
521909 2370
537167 2370
23785 2371
26567 1642
138036 1642
162823 1642
169502 1642
209923 1642
530596 1642
66653 4036
82400 4036
113380 4036
223285 4036
321616 4036
331718 4036
370317 4036
1585 2423
148532 2423
159036 2423
300116 2423
300117 2423
300120 2423
310216 2423
335158 2423
335159 2423
335171 2423
341594 2423
351682 2423
425066 2423
425067 2423
429655 2423
488537 2423
513170 2423
532991 2423
54336 1666
95225 1666
513572 1666
39366 1674
168827 1674
209002 1674
505531 1674
65047 1703
546586 1703
47657 1704
73184 1704
96500 1704
99560 1704
99850 1704
134160 1704
141110 1704
156060 1704
171857 1704
242719 1704
277604 1704
278354 1704
318129 1704
337936 1704
339577 1704
347815 1704
378463 1704
379535 1704
397643 1704
498346 1704
44778 1707
3552 1715
7580 1715
22749 1715
121135 1715
128737 1715
178064 1715
188787 1715
282366 1715
282645 1715
287651 1715
291810 1715
352793 1715
447790 1715
539542 1715
162739 1736
179026 1736
424078 1736
429428 1736
510004 1736
510005 1736
510016 1736
38545 1741
39526 1741
101573 1741
116460 1741
131416 1741
157852 1741
161271 1741
165194 1741
169330 1741
247343 1741
247358 1741
259168 1741
260602 1741
288273 1741
290420 1741
301152 1741
368865 1741
384854 1741
420916 1741
432610 1741
480822 1741
481044 1741
495935 1741
501622 1741
502939 1741
522641 1741
523585 1741
523792 1741
540957 1741
46192 1748
49529 1748
188916 1748
222974 1748
300959 1748
316610 1748
359357 1748
372164 1748
506982 1748
52577 1749
214106 1749
242626 1749
442789 1749
442796 1749
479816 1749
486799 1749
67330 1751
357761 1751
493703 1751
497490 1751
11663 1759
352260 1759
356500 1759
542038 1759
546176 4025
546178 4025
547107 4025
548142 4025
153688 2692
189151 2692
199179 2692
231860 2692
231862 2692
231865 2692
238339 2692
256663 2692
260324 2692
288738 2692
347684 2692
368721 2692
398297 2692
405970 2692
407932 2692
506485 2692
139762 1774
169642 1786
188202 1788
208523 1788
456247 1788
522092 1788
141471 1789
269532 1789
47669 1795
249126 1795
8624 2199
167296 2199
201470 2199
208857 2199
278798 2199
314560 2199
314562 2199
321722 2199
371764 2199
480955 2199
503374 2199
503379 2199
507101 2199
528245 2199
14038 1801
82894 1801
124281 1801
124283 1801
130050 1801
245958 1801
245961 1801
245966 1801
325421 1801
336426 1801
364774 1801
429855 1801
144151 1804
208740 1804
239067 1804
243438 1804
276109 1804
328728 1804
367291 1804
486875 1804
96688 1805
96689 1805
169896 1805
201408 1805
284699 1805
299640 1805
379719 1805
73661 1806
85308 1806
204652 1806
349757 1806
451174 1806
337044 1809
26564 1810
78311 1810
216368 1810
267768 1810
151862 1816
242226 1816
399318 1816
435179 1816
15270 2563
66281 2563
130135 2563
144241 2563
158407 2563
171071 2563
242712 2563
362431 2563
370106 2563
373682 2563
420969 2563
447474 2563
518949 2563
519172 2563
279582 1825
358797 1825
470929 1825
61988 1834
161587 1834
173589 1834
186785 1834
201513 1834
201515 1834
282755 1834
328420 1834
445524 1834
469573 1834
85039 1835
142163 1835
247773 1835
272462 1835
356263 1835
358351 1835
410235 1835
515489 1835
541930 1835
66334 1836
66338 1836
136733 1836
423025 1836
173625 3273
32082 1851
35642 1851
163587 1851
286958 1851
437349 1851
153672 1852
493461 1852
169423 1856
528417 1856
35213 1858
42560 1858
34813 1863
132051 1863
241624 1863
292183 1863
329439 1863
330260 1863
388653 1863
198496 1865
339508 1865
124945 1892
124948 1892
537905 1892
542915 1892
542955 1892
119385 3273
30679 1905
45548 1916
215266 1916
249771 1916
360314 1916
468231 1916
532208 1916
45393 1918
59578 1918
288004 1918
290031 1918
476189 1918
33957 1920
100071 1920
221632 1920
410532 1920
434764 1920
55107 1940
168754 1940
380082 1940
46515 1944
47075 1944
116731 1944
299453 1944
332834 1944
457735 1944
478539 1944
529871 1944
16383 1945
201221 1945
403163 1945
31150 1986
31152 1986
203415 1986
241701 1986
354193 1986
364760 1986
378207 1986
402117 1986
464252 1986
126223 1987
131652 1987
163166 1987
234758 1987
309704 1987
417203 1987
468065 1987
492552 1987
52588 1989
74313 1989
206374 1989
395623 1989
425893 1989
426065 1989
541515 1989
541516 1989
3373 1991
13472 1991
13475 1991
50948 1991
54958 1991
339002 1991
393765 1991
520150 1991
130442 1993
356449 1993
502349 1993
502359 1993
502398 1993
101649 1995
102034 1995
102035 1995
413287 1995
141498 1997
162722 1997
287495 1997
175864 2002
251123 2002
275566 2002
275571 2002
275574 2002
317208 2002
351650 2002
396430 2002
459875 2002
406805 2018
461234 2018
68954 2020
280691 2020
365863 2020
365867 2020
375612 2020
400343 2020
407103 2020
424491 2020
449703 2020
118252 2026
346420 2026
355427 2026
537376 2026
155316 2030
441286 2030
128316 2031
337448 2031
445147 2031
13590 2039
36516 2039
91330 2039
159178 2039
304965 2039
316081 2039
346343 2039
394010 2039
398934 2039
405832 2039
422567 2039
430891 2039
445445 2039
69314 2043
94208 2043
107729 2043
463487 2043
118454 2044
205328 2044
210580 2044
303442 2044
312313 2044
373401 2044
14960 2053
353462 2053
473895 2053
475234 2060
226543 2408
237756 2408
354090 2408
499414 2408
58633 2070
340186 2070
62000 3647
90315 3647
139540 3647
158287 3647
168553 3647
168555 3647
174935 3647
186990 3647
203274 3647
214187 3647
232163 3647
283031 3647
290071 3647
297405 3647
302333 3647
306688 3647
312934 3647
328685 3647
351686 3647
364541 3647
384433 3647
408237 3647
463162 3647
470264 3647
496096 3647
499025 3647
515701 3647
518975 3647
521507 3647
531261 3647
58989 2076
219743 2076
219746 2076
219748 2076
219755 2076
398509 2076
529963 2076
543367 2076
242898 2079
273685 2079
343188 2079
365944 2079
405248 2079
485768 2079
76799 2081
228369 2081
228371 2081
406903 2081
526356 2081
10054 2082
26713 2082
58514 2082
70100 2082
75004 2082
96488 2082
163865 2082
172242 2082
172243 2082
219976 2082
219977 2082
219978 2082
219980 2082
228233 2082
228236 2082
228239 2082
236243 2082
247838 2082
248267 2082
292202 2082
312163 2082
336176 2082
336180 2082
336198 2082
360344 2082
397072 2082
415652 2082
430126 2082
435244 2082
435249 2082
446646 2082
448629 2082
502394 2082
535490 2082
45157 2085
304504 2085
8157 2086
404155 2086
425892 2094
66912 2098
10861 2117
500504 2117
19752 3675
36397 3675
103633 3675
113052 3675
237888 3675
516643 3675
39024 2142
340358 2142
346686 2142
348122 2142
382265 2142
406622 2142
461663 2142
100897 2157
268935 2157
276495 2157
341825 2157
448472 2157
448478 2157
448479 2157
13507 2166
52414 2166
73606 2166
77307 2166
101960 2166
114258 2166
136805 2166
162278 2166
182520 2166
326114 2166
350260 2166
362817 2166
363913 2166
365166 2166
392538 2166
411500 2166
445249 2166
472275 2166
5453 2552
78987 2552
96792 2552
132284 2552
242538 2552
71107 2199
191306 2199
233613 2199
245602 2199
307426 2199
394812 2199
449979 2199
515033 2199
53833 2201
88999 2201
112315 2201
136935 2201
287017 2201
352856 2201
387637 2201
415698 2201
192260 2206
201171 2206
230723 2206
400924 2206
94157 2208
228971 2208
387856 2208
473690 2208
29680 2216
228006 2216
231984 2216
232184 2216
275232 2216
281326 2216
292478 2216
411034 2216
527883 2216
59813 2217
104569 2217
164456 2217
245585 2217
311064 2217
430982 2217
78535 2232
165352 2232
546303 2232
547111 2232
547342 2232
547343 2232
251441 2247
25301 2252
174471 2252
344202 2252
344204 2252
440423 2252
440425 2252
38581 2270
63176 2270
74862 2270
400813 2270
461680 2270
537346 2270
1015 3931
231400 3931
466135 3931
13794 2283
13799 2283
49521 2283
58469 2283
90018 2283
116158 2283
165680 2283
190772 2283
237897 2283
262528 2283
262529 2283
262530 2283
262535 2283
262540 2283
268569 2283
324170 2283
429065 2283
444995 2283
452619 2283
66845 2285
78137 2285
87081 2285
117839 2285
126668 2285
143384 2285
212946 2285
217171 2285
220921 2285
262565 2285
325480 2285
356109 2285
378276 2285
388855 2285
423092 2285
252628 2292
463961 2292
485383 2292
296511 2293
46977 2295
118922 2295
23912 2301
282562 2301
324103 2301
49230 2303
360803 2303
420228 2303
192722 2329
365437 2329
241612 2332
507575 2332
4085 2347
10486 2347
60002 2347
415440 2347
508129 2347
207803 2350
30515 2359
109310 2359
177056 2359
315518 2359
338994 2359
364271 2359
393490 2359
417413 2359
441237 2359
460624 2359
366131 2370
22826 2381
126841 2381
263014 2381
287458 2381
33771 2383
271638 2383
523952 2383
11141 2384
79941 2384
104574 2384
129272 2384
153920 2384
173927 2384
289804 2384
336133 2384
353501 2384
410519 2384
424655 2384
427212 2384
512038 2384
541814 2384
69033 2397
115062 2397
296908 2397
309758 2397
322139 2397
518626 2397
237914 2408
292085 2443
368988 2443
368990 2443
369000 2443
369002 2443
476488 2443
542678 2443
48244 2450
55907 2450
89052 2450
98986 2450
371227 2450
492981 2450
16942 2451
178407 2451
213266 2451
498562 2451
512100 2451
335314 2459
366593 2459
436141 2459
522668 2459
7354 3987
14088 3987
34701 3987
48881 3987
67485 3987
95456 3987
116168 3987
117507 3987
123033 3987
158156 3987
165937 3987
171152 3987
198470 3987
244847 3987
269951 3987
274645 3987
284716 3987
335564 3987
342933 3987
359712 3987
396939 3987
420729 3987
421169 3987
424495 3987
442249 3987
476202 3987
486744 3987
497038 3987
544993 3987
4015 4004
48899 4004
133720 4004
223513 4004
318905 4004
342041 4004
357018 4004
478326 4004
541015 4004
20839 4603
81900 4603
97607 4603
123315 4603
156093 4603
182454 4603
194704 4603
233263 4603
258046 4603
290926 4603
328302 4603
347983 4603
369001 4603
389655 4603
495549 4603
506623 4603
518711 4603
521336 4603
35651 2494
60708 2494
70392 2494
107783 2494
517993 2494
70432 2495
149458 2495
272922 2495
324533 2495
351983 2495
411467 2495
293336 2503
413584 2503
12902 3668
25476 3668
25478 3668
81346 3668
103249 3668
221601 3668
221609 3668
223808 3668
247642 3668
258835 3668
261988 3668
319151 3668
335964 3668
344218 3668
383707 3668
408412 3668
441718 3668
458212 3668
468887 3668
496832 3668
526824 3668
536622 3668
538751 3668
538752 3668
51882 4441
143104 4441
257863 4441
260603 4441
463234 4441
148918 2540
287142 2540
503858 2540
6304 2541
127782 2541
431507 2541
431508 2541
501529 2552
76857 2559
192190 2559
224555 2559
418493 2559
425504 2560
448700 2560
307057 2563
87699 2566
112327 2566
229193 2566
318193 2566
348642 2566
398148 2566
521054 2566
531309 2566
41190 2567
201569 2567
267466 2567
475905 2567
136220 4158
136222 4158
267333 4158
543483 4158
152001 2571
197818 2571
126397 2587
268312 2587
336038 2587
376244 2587
461964 2587
32631 2589
77110 2589
172050 2589
322480 2589
507959 2589
57621 2593
399672 2593
399687 2593
26950 4266
53522 4266
70364 4266
80737 4266
102770 4266
118665 4266
123802 4266
127411 4266
173699 4266
256539 4266
258931 4266
270490 4266
280839 4266
435495 4266
447308 4266
463627 4266
479547 4266
513436 4266
522331 4266
523504 4266
524343 4266
524821 4266
530112 4266
531334 4266
771 2634
280717 2634
491073 2634
520122 2634
520135 2634
530571 2634
15018 2665
126362 2665
193802 2665
397693 2665
413041 2665
413062 2665
190062 2666
274521 2666
328123 2666
405565 2666
32115 2706
193098 2706
380604 2706
428448 2706
14012 2710
164042 2710
190637 2710
221367 2710
323614 2710
88030 2712
395816 2712
420502 2712
413965 2714
462145 2714
175831 2724
270174 2724
270293 2724
471355 2724
471370 2724
471375 2724
471377 2724
471380 2724
19341 2731
23890 2731
23916 2731
47744 2731
55043 2731
61178 2731
65008 2731
66096 2731
67395 2731
91592 2731
103544 2731
114473 2731
120380 2731
131093 2731
135702 2731
139089 2731
141711 2731
142427 2731
156691 2731
162652 2731
163920 2731
181953 2731
189013 2731
200271 2731
210992 2731
212553 2731
215914 2731
220330 2731
234271 2731
235970 2731
250182 2731
279216 2731
327890 2731
358034 2731
363926 2731
367285 2731
368176 2731
373188 2731
389871 2731
397590 2731
421557 2731
423859 2731
426269 2731
433843 2731
444750 2731
445441 2731
475581 2731
515659 2731
522750 2731
544898 2731
221362 2749
336486 2749
10597 2756
240442 2756
327664 2756
399829 2756
496047 2756
531694 2756
390225 2763
62919 2772
111580 2772
212352 2772
248013 2772
335458 2772
396966 2772
2694 2775
74217 2775
149937 2775
271996 2775
469316 2775
498928 2775
51718 2776
71714 2776
471616 2776
496530 2776
505616 2776
6984 2777
145595 2777
152968 2777
367669 2777
531166 2777
120070 2790
99000 2812
205050 2812
251359 2812
343813 2812
360916 2812
9477 3701
17400 3701
49986 3701
61025 3701
66324 3701
74491 3701
82276 3701
91487 3701
97983 3701
106873 3701
120511 3701
120721 3701
143750 3701
165323 3701
166089 3701
169637 3701
177767 3701
182173 3701
185964 3701
195109 3701
209840 3701
216658 3701
232429 3701
242337 3701
243136 3701
249536 3701
257304 3701
257520 3701
257906 3701
262051 3701
264490 3701
266865 3701
270721 3701
275325 3701
276496 3701
278127 3701
280033 3701
298491 3701
313625 3701
315789 3701
322361 3701
340503 3701
342923 3701
347869 3701
352727 3701
356114 3701
367135 3701
367905 3701
376753 3701
383714 3701
387589 3701
395015 3701
398530 3701
414963 3701
415603 3701
438812 3701
443480 3701
446885 3701
450302 3701
481362 3701
485236 3701
511033 3701
511383 3701
520757 3701
522605 3701
529014 3701
533768 3701
542594 3701
487957 2815
73329 2823
98270 2823
118840 2823
235847 2823
284992 2823
372995 2823
49502 2854
79444 2854
156874 2854
156876 2854
173793 2854
244533 2854
269011 2854
430740 2854
208154 2864
208741 2864
210255 2864
524274 2864
406400 4158
438775 4158
540298 4158
123654 2880
481910 2880
42046 2883
22116 2898
269590 2898
343987 2898
140510 2907
295308 2907
374862 2907
44696 3864
80221 3864
80563 3864
94663 3864
102383 3864
113628 3864
118792 3864
135637 3864
149946 3864
169816 3864
175456 3864
191821 3864
192404 3864
193928 3864
203312 3864
232737 3864
236746 3864
251381 3864
256375 3864
262671 3864
270973 3864
293015 3864
300191 3864
317425 3864
336113 3864
341467 3864
347180 3864
352371 3864
372978 3864
441304 3864
477925 3864
478411 3864
482512 3864
485589 3864
495931 3864
510576 3864
512529 3864
514773 3864
518097 3864
534011 3864
543929 3864
93813 2913
217054 2913
226679 2913
239069 2913
263728 2913
273303 2913
471341 2913
488806 2913
513604 2913
517124 2913
125167 2937
202927 2937
75731 2939
262777 2939
490580 2939
11818 2960
96868 2960
425125 2960
374480 2969
492500 2969
36521 2998
325123 2998
342902 2998
405679 2998
405684 2998
495822 2998
495823 2998
495829 2998
100582 2999
129861 2999
144441 2999
250015 2999
294760 2999
316076 2999
330976 2999
366337 2999
22545 3000
49608 3000
117583 3000
141177 3000
311003 3000
436233 3000
411 3001
25558 3001
111832 3001
172588 3001
207834 3001
536254 3001
45287 3005
192266 3005
252021 3005
337084 3005
457372 3007
84836 3008
519897 3008
54847 3010
492247 3010
1163 3027
15433 3027
36150 3027
134714 3027
184634 3027
247771 3027
263773 3027
280696 3027
345468 3027
406080 3027
482044 3027
6351 3032
168646 3032
228092 3032
390836 3032
477206 3032
227369 3034
286151 3034
27959 3035
6231 3095
112285 3095
182145 3095
301684 3095
463938 3095
54222 3096
106194 3096
136774 3096
155598 3096
225247 3096
229584 3096
254345 3096
356240 3096
408029 3096
72226 3101
175144 3101
185626 3101
233084 3101
246160 3101
268827 3101
295134 3101
337917 3101
411027 3101
440817 3101
11880 3107
56773 3107
295064 3107
344141 3107
484610 3107
497899 3107
501518 3107
509570 3107
520413 3107
4464 3836
190377 3836
193030 3836
229447 3836
379369 3836
403309 3836
422198 3836
494068 3836
511456 3836
522935 3836
140937 3109
288030 3109
329387 3109
364737 3109
486322 3109
52939 3121
279190 3121
426017 3121
498679 3121
156820 3139
327382 3139
381820 3139
424741 3139
429668 3139
453462 3139
482450 3139
531036 3139
542246 3139
50647 3198
338877 3198
357762 3198
193320 4961
193323 4961
354662 4961
262320 3259
135954 3263
160749 3263
289020 3263
317290 3263
522414 3263
530719 3263
6224 3281
6664 3281
22968 3281
54773 3281
63856 3281
100755 3281
102969 3281
120984 3281
154218 3281
155754 3281
160996 3281
244526 3281
287618 3281
316855 3281
339744 3281
339755 3281
349850 3281
350200 3281
353156 3281
382934 3281
402866 3281
483719 3281
489148 3281
495858 3281
508515 3281
519067 3281
521609 3281
526783 3281
35867 3286
369336 3286
484428 3286
34799 3302
34802 3302
58848 3302
345624 3302
516523 3302
520546 3302
27890 3313
48131 3313
52064 3313
55386 3313
55388 3313
57383 3313
165463 3313
219781 3313
238491 3313
389895 3313
405178 3313
483076 3313
538129 3313
473502 3320
495814 3320
193837 3328
448427 3328
198903 3329
204686 3329
445938 3329
526129 3329
3542 3982
14092 3982
37532 3982
38132 3982
44688 3982
45762 3982
49333 3982
54865 3982
57325 3982
59197 3982
131921 3982
154864 3982
182834 3982
186396 3982
201209 3982
202791 3982
211693 3982
224973 3982
237080 3982
241253 3982
243277 3982
256540 3982
265901 3982
267766 3982
294696 3982
301633 3982
327394 3982
339120 3982
343092 3982
382101 3982
390087 3982
394014 3982
396290 3982
413449 3982
417568 3982
421503 3982
441494 3982
442103 3982
443954 3982
448951 3982
471555 3982
489692 3982
496695 3982
504502 3982
509123 3982
509476 3982
519862 3982
520946 3982
523360 3982
533175 3982
534674 3982
547579 3982
101 3335
12525 3335
41105 3335
81019 3335
124786 3335
136798 3335
149285 3335
152118 3335
161590 3335
186707 3335
270951 3335
368140 3335
384513 3335
466129 3335
489538 3335
538851 3335
33094 4006
52657 4006
74972 4006
244920 4006
261409 4006
327959 4006
344354 4006
367949 4006
406869 4006
471115 4006
483451 4006
503043 4006
15147 4008
61160 4008
62574 4008
114369 4008
213775 4008
263425 4008
334441 4008
335860 4008
430087 4008
433898 4008
436388 4008
444595 4008
460609 4008
472790 4008
482336 4008
484081 4008
398328 3342
422104 3342
426714 3342
430272 3342
454223 3342
536575 3342
361091 3348
26714 3355
36062 3355
103651 3355
465335 3355
478810 3355
507789 3355
136918 3358
458137 3358
21270 3362
84409 3362
262923 3362
412703 3362
19300 3717
75929 3717
124481 3717
147122 3717
170064 3717
184512 3717
241333 3717
255452 3717
329073 3717
358512 3717
358873 3717
478696 3717
506181 3717
518522 3425
411330 3451
419262 3451
112786 3476
112792 3476
235293 3476
347667 3476
19679 3489
35455 3489
112758 3489
162648 3489
206800 3489
212546 3489
289400 3489
303846 3489
304830 3489
360825 3489
369143 3489
379571 3489
380999 3489
425198 3489
442046 3489
464920 3489
499196 3489
187112 3501
267237 3501
344635 3501
77453 3523
205276 3523
461279 3524
68582 3525
337833 3525
242613 3607
357172 3607
381138 3607
405013 3607
249936 3647
138993 3668
172808 3668
442764 3668
57444 3669
67586 3669
68955 3669
269644 3669
296579 3669
303297 3669
303361 3669
321472 3669
336267 3669
337201 3669
348167 3669
398838 3669
409526 3669
409527 3669
409529 3669
409534 3669
409535 3669
409540 3669
466141 3669
481062 3669
494459 3669
509802 3669
520403 3669
524067 3669
539656 3669
458085 3675
68127 4167
70872 4167
224925 4167
350881 4167
15010 3691
35072 3691
341185 3691
348996 3691
394023 3691
1822 3700
4645 3700
7001 3700
17716 3700
29516 3700
46774 3700
47682 3700
47750 3700
51619 3700
52944 3700
75510 3700
83064 3700
87508 3700
90166 3700
90546 3700
93372 3700
94201 3700
103529 3700
107221 3700
110031 3700
111430 3700
116789 3700
121895 3700
125772 3700
141236 3700
143470 3700
143980 3700
150139 3700
151205 3700
159553 3700
164421 3700
173327 3700
178341 3700
183478 3700
184995 3700
185045 3700
186598 3700
190384 3700
193112 3700
197286 3700
199857 3700
202049 3700
214048 3700
214971 3700
218002 3700
218826 3700
220496 3700
232138 3700
235790 3700
243709 3700
250774 3700
254853 3700
257338 3700
269544 3700
283617 3700
285611 3700
285967 3700
291289 3700
297914 3700
300365 3700
303420 3700
311029 3700
315058 3700
316269 3700
321713 3700
326307 3700
333346 3700
334633 3700
336115 3700
348376 3700
350190 3700
351105 3700
354879 3700
356552 3700
357034 3700
357757 3700
360852 3700
363412 3700
366509 3700
366691 3700
367642 3700
371490 3700
372898 3700
375374 3700
376886 3700
381792 3700
384707 3700
386841 3700
400446 3700
401615 3700
407566 3700
410605 3700
418859 3700
425538 3700
437872 3700
439577 3700
446414 3700
456757 3700
463662 3700
469419 3700
472011 3700
472190 3700
490624 3700
490853 3700
494409 3700
501167 3700
501544 3700
516259 3700
526811 3700
527570 3700
528346 3700
531024 3700
541918 3700
543550 3700
544242 3700
82113 3701
133754 3701
265293 3701
52159 3704
63198 3704
91552 3704
104469 3704
105844 3704
188510 3704
221011 3704
232218 3704
241413 3704
248243 3704
254714 3704
298405 3704
378932 3704
395878 3704
412947 3704
417079 3704
440889 3704
462537 3704
21160 3989
24168 3989
45559 3989
87059 3989
150755 3989
177644 3989
180594 3989
256695 3989
260944 3989
407999 3989
414652 3989
429148 3989
447363 3989
482118 3989
486548 3989
503978 3989
508458 3989
508576 3989
515797 3989
355396 3717
89452 3719
187217 3719
247072 3719
290671 3719
353824 3719
378983 3719
386403 3719
470382 3719
472716 3719
182679 3722
215409 3722
545044 4025
262492 3736
311323 3987
331778 3987
381847 3987
287304 3997
47347 3764
53681 3764
282318 3764
7531 3779
37268 3779
60979 3779
88632 3779
106415 3779
146668 3779
241954 3779
246032 3779
253204 3779
303306 3779
320470 3779
332256 3779
333279 3779
344512 3779
398287 3779
464143 3779
477136 3779
506006 3779
519914 3779
212909 3783
237561 3783
242766 3783
496699 3783
194702 3784
445930 3784
517962 3784
80680 3786
422374 3786
450180 3786
161427 3796
10732 3814
14315 3814
50147 3814
67649 3814
142383 3814
147778 3814
165469 3814
199231 3814
230958 3814
262023 3814
280689 3814
288316 3814
394334 3814
405948 3814
429163 3814
529054 3814
8826 3815
47863 3815
113270 3815
214715 3815
235278 3815
250423 3815
269766 3815
333303 3815
340053 3815
350004 3815
397977 3815
436165 3815
436170 3815
436171 3815
475168 3815
540486 3815
2249 3817
121594 3817
154675 3817
179871 3817
179872 3817
286571 3817
286573 3817
339819 3817
388255 3817
420407 3817
518925 3817
518930 3817
519237 3817
144025 3824
260220 3824
290798 3824
335744 3824
36734 3827
59130 3827
293701 3827
325434 3827
530707 3827
14979 3829
170045 3829
245730 3829
496722 3829
519269 3829
7667 3830
199697 3830
226854 3830
341839 3830
274146 3833
422043 3833
457203 3833
7923 3836
47375 3836
50651 3836
68214 3836
72090 3836
75316 3836
93106 3836
105321 3836
142439 3836
145710 3836
145912 3836
167436 3836
196138 3836
222381 3836
224414 3836
237499 3836
249165 3836
262203 3836
271676 3836
296406 3836
297160 3836
329897 3836
335880 3836
351614 3836
353214 3836
395631 3836
399100 3836
406877 3836
423205 3836
430505 3836
446578 3836
447126 3836
454489 3836
459882 3836
467567 3836
488489 3836
490905 3836
499869 3836
534791 3836
229556 3858
342774 3858
407638 3858
159867 3859
416387 3859
44770 3863
65878 3863
108941 3863
475035 3863
234154 3864
137968 3908
320166 3908
96828 3931
260329 3931
76087 3944
268517 3944
425999 3944
8323 3967
198204 3967
61195 3968
81858 3968
150077 3968
183631 3968
306986 3968
352756 3968
366700 3968
419305 3968
508809 3968
41743 3970
49344 3970
66396 3970
115914 3970
232402 3970
315408 3970
495573 3970
101218 3971
236362 3971
302431 3971
52092 3979
94727 3979
130724 3979
196150 3979
320332 3979
44312 3982
28152 3987
450417 3987
308545 3989
314370 4004
349893 4004
35815 4008
196547 4023
208712 4023
414323 4023
465309 4023
508745 4023
535681 4036
11392 4068
47706 4068
459582 4068
525488 4068
6372 4069
182335 4069
316666 4069
450071 4069
40932 4121
60426 4121
69992 4121
121380 4121
135271 4121
144956 4121
178173 4121
196826 4121
222160 4121
289417 4121
302416 4121
388977 4121
425745 4121
453129 4121
467926 4121
12695 4155
18212 4155
30775 4155
41151 4155
77284 4155
175318 4155
272501 4155
283732 4155
292732 4155
356320 4155
356330 4155
357741 4155
387065 4155
395079 4155
399629 4155
418333 4155
453457 4155
531440 4155
535087 4155
543005 4155
175072 4158
177231 4158
306263 4158
402571 4158
48386 4161
157449 4161
181471 4161
197675 4161
229780 4161
294731 4161
335993 4161
355487 4161
509571 4161
537966 4161
10980 4179
68852 4179
384492 4179
520171 4179
331090 4194
241113 4212
246708 4212
330294 4212
354519 4212
531771 4212
13316 4807
43038 4807
48207 4807
63557 4807
72771 4807
83887 4807
265608 4807
304374 4807
329339 4807
346289 4807
358439 4807
370367 4807
418122 4807
454959 4807
477225 4807
529494 4807
217508 4330
496276 4330
526306 4330
61894 4341
501882 4341
513131 4357
10641 4407
53936 4407
78875 4407
118863 4407
182663 4407
271001 4407
353275 4407
398993 4407
165139 4410
484369 4410
405631 4411
491995 4429
88172 4435
283516 4435
390746 4435
68969 4499
169028 4499
218076 4499
298135 4499
429236 4499
431350 4499
482589 4499
24022 4519
24025 4519
150988 4519
335852 4519
547755 4519
216758 4563
301613 4563
457714 4563
492112 4563
189841 4603
55712 4670
55719 4670
186838 4670
325058 4670
346881 4670
470876 4670
470886 4670
73031 4753
362086 4753
462250 4753
468090 4753
486437 4753
505163 4753
29205 4761
82225 4761
84104 4761
130124 4761
256587 4761
320826 4761
344925 4761
517445 4761
123181 4773
27423 4774
47053 4774
71686 4774
71689 4774
140141 4774
157669 4774
192596 4774
215022 4774
253721 4774
276474 4774
278502 4774
285273 4774
338869 4774
346469 4774
387683 4774
387928 4774
392657 4774
405849 4774
445736 4774
469656 4774
469658 4774
483307 4774
522171 4774
542307 4774
542308 4774
542408 4774
543045 4774
543253 4774
543652 4774
543679 4774
543680 4774
543839 4774
14073 4775
44908 4775
58975 4775
58977 4775
69337 4775
81228 4775
106100 4775
113840 4775
121514 4775
211717 4775
237111 4775
255202 4775
262774 4775
276695 4775
285798 4775
289285 4775
313954 4775
326988 4775
339225 4775
352552 4775
396697 4775
428546 4775
430767 4775
463576 4775
465629 4775
511063 4775
519126 4775
525489 4775
6866 4776
41056 4776
45028 4776
76615 4776
85939 4776
98963 4776
142413 4776
144541 4776
163711 4776
184227 4776
184237 4776
191141 4776
335966 4776
363689 4776
438202 4776
453943 4776
476929 4776
523226 4776
537684 4776
540421 4776
546859 4776
546860 4776
546926 4776
548103 4776
12645 4777
12646 4777
12647 4777
12648 4777
15449 4777
83324 4777
83334 4777
107093 4777
108776 4777
151266 4777
151269 4777
194845 4777
231917 4777
265276 4777
321908 4777
326932 4777
371827 4777
372232 4777
424839 4777
520666 4777
534920 4777
538450 4777
24458 4793
24462 4793
261193 4793
336745 4793
354442 4807
136446 4814
288831 4814
346486 4814
397143 4814
474594 4814
498843 4814
527558 4814
398645 4824
409979 4824
437578 4824
25678 4829
57217 4829
121740 4829
123267 4829
205744 4829
300085 4829
371495 4829
483016 4829
4328 4832
12959 4832
18041 4832
21786 4832
29354 4832
30093 4832
30688 4832
30962 4832
35067 4832
35308 4832
38671 4832
42473 4832
45561 4832
46508 4832
49424 4832
51902 4832
52511 4832
52785 4832
59532 4832
59613 4832
59912 4832
60211 4832
71187 4832
74895 4832
79870 4832
83510 4832
83906 4832
84285 4832
84693 4832
85871 4832
98199 4832
99026 4832
104481 4832
108259 4832
108892 4832
109222 4832
115533 4832
116096 4832
119359 4832
122517 4832
123159 4832
123953 4832
137050 4832
138024 4832
141635 4832
145797 4832
153979 4832
154202 4832
166566 4832
172218 4832
176184 4832
179698 4832
181025 4832
181492 4832
182435 4832
185822 4832
186386 4832
186575 4832
190765 4832
193240 4832
196008 4832
197919 4832
198973 4832
199759 4832
203272 4832
204126 4832
205676 4832
209480 4832
211967 4832
217346 4832
219603 4832
222414 4832
226541 4832
230788 4832
231620 4832
236947 4832
244578 4832
250046 4832
252125 4832
258382 4832
265066 4832
268123 4832
272735 4832
273209 4832
279830 4832
280255 4832
293587 4832
294393 4832
295177 4832
296111 4832
310851 4832
313006 4832
317146 4832
317367 4832
321619 4832
325052 4832
326211 4832
326849 4832
326874 4832
340331 4832
361524 4832
365309 4832
365354 4832
366654 4832
370416 4832
370979 4832
371029 4832
373756 4832
373799 4832
374874 4832
379102 4832
384330 4832
385399 4832
392463 4832
393031 4832
394703 4832
394886 4832
396502 4832
399572 4832
401449 4832
402379 4832
403034 4832
404948 4832
414657 4832
423306 4832
426835 4832
427507 4832
428993 4832
430314 4832
432229 4832
435398 4832
440989 4832
446298 4832
447224 4832
448214 4832
449985 4832
451488 4832
451931 4832
460073 4832
462210 4832
470004 4832
475666 4832
476448 4832
478676 4832
482986 4832
484561 4832
489905 4832
491667 4832
495476 4832
497867 4832
500473 4832
503684 4832
504412 4832
504784 4832
511278 4832
511689 4832
518306 4832
519686 4832
521655 4832
523046 4832
530647 4832
536482 4832
539292 4832
66078 4933
131037 4933
240998 4933
241019 4933
299583 4933
110393 4961
29564 4969
152299 4969
205580 4969
229792 4969
244404 4969
254505 4969
254507 4969
254551 4969
324623 4969
441667 4969
479346 4969
135499 4
191846 10
295115 47
410225 117
310133 209
340505 229
220969 229
207193 234
324488 234
123091 238
451372 296
345863 296
227789 382
439277 395
46300 395
278358 407
319626 444
238220 696
331020 696
181932 696
320334 696
185616 696
18722 870
160435 1060
72965 1060
510013 1060
521011 1060
522261 1060
330216 1060
187171 1060
232913 1060
161328 1809
147931 1916
299546 2026
232272 2053
67152 2079
282602 2559
87698 2566
370840 2742
213264 2763
135942 2763
178061 2763
50313 2763
279570 2763
60965 2763
341392 2763
444034 2790
33310 2939
82457 3010
71210 3273
383716 3668
134195 3668
310323 3668
271979 3669
109175 3722
385591 4036
81166 4441
182274 4807
246920 126
215778 207
114513 264
230005 264
264806 407
193742 407
150522 423
333869 442
397560 442
173427 442
285256 521
240218 521
13965 521
379695 521
174998 533
385730 533
18426 533
475732 547
82959 743
535468 796
107722 895
95308 1060
519036 1060
180583 1060
118408 1060
164668 1060
310594 1060
131061 1060
290324 1060
362616 1095
223919 1095
338450 1095
440723 1095
60508 1185
179181 1382
341070 1382
301487 1542
464555 1610
485348 1774
329263 2053
68779 2082
312177 2082
284405 2082
488132 2082
161270 2359
525524 2408
31197 2408
363420 2408
504233 2408
101668 2666
38444 2731
306781 2731
382724 2731
517224 2731
184458 2731
228537 2731
381003 2731
511237 2731
451671 2731
53117 2731
203903 2731
328468 2731
1797 2969
26829 2969
311817 2969
126810 3007
50167 3008
509142 3328
475986 3786
144876 3830
504901 4603
14311 4603
58675 18
173236 109
428880 111
207524 207
86455 414
106810 444
49948 592
114810 592
467165 592
511685 839
210166 937
293656 1135
482057 1150
408416 1150
305279 1150
416357 1181
336579 1224
389999 1566
464568 1608
521750 1858
219322 2098
312007 2329
309625 2560
197814 2571
172017 2775
176683 2823
226047 2969
211634 2969
387441 2969
495824 2998
177961 3027
272470 3027
41336 3313
99182 3313
462023 3362
128214 3607
275789 3704
301119 3859
47164 3989
6335 3989
239132 3989
110669 3989
434288 4499
170327 11
236045 17
16109 122
408215 125
23490 247
94931 261
333697 283
416072 315
355712 331
203229 331
56536 347
523664 347
404701 369
420400 369
27841 369
57636 402
200956 402
316238 558
444979 603
448160 714
426533 714
393821 714
338234 714
436758 714
362460 714
283114 839
170809 964
283610 964
345483 1000
254829 1031
207304 1057
465934 1072
492497 1114
156757 1114
89971 1137
137498 1371
70623 1382
179211 1382
139293 1382
193364 1411
85664 1626
199799 1642
325416 1801
196422 1801
414719 1863
253914 2283
527894 2283
13103 2283
50197 2283
74782 2283
167801 2283
403263 2384
407102 2567
33959 2790
125175 2937
59102 3358
435347 3451
360107 3525
197806 3668
496269 3668
422195 3668
249375 3717
275648 3722
379766 3814
262025 3814
506952 3815
456390 3864
257513 3864
302698 4121
366425 4121
211607 4194
282815 1
518997 3
257956 126
408058 153
226654 347
297896 347
525313 347
473216 625
160407 625
372374 625
472228 625
83762 625
489949 625
513239 696
172679 696
379374 696
121850 696
290723 696
221852 696
115521 723
353015 736
394915 817
353635 844
443073 856
321783 902
45104 1031
405299 1060
31798 1060
509664 1060
473116 1077
212862 1077
315436 1145
35615 1164
392270 1220
62992 1422
90445 1423
540608 1502
148649 1502
281324 1741
518013 1741
42617 1741
73676 1806
109820 1834
145588 1836
108939 2079
138446 2408
472715 2408
207963 2571
408908 2749
355542 3334
200801 3334
167731 3815
4965 3815
62963 3989
328678 3989
18622 3989
475951 4155
542979 4155
283378 4158
127683 4158
322302 4411
108134 4776
462653 4776
288207 4776
110902 4777
115116 4777
538465 4777
24632 17
128901 19
169044 109
254448 154
156021 187
362923 212
544593 229
543799 229
353355 250
146298 250
151034 305
483004 359
159929 359
115348 442
91944 442
63647 442
541298 562
520380 1164
67616 1173
225624 1173
37145 1213
211436 1325
37922 1497
533220 1576
434497 1610
106385 1704
396772 1704
500515 1741
109149 1741
100555 1741
384193 1751
167426 1774
507385 1805
220061 1810
437352 1851
38973 1905
9834 1905
4767 1905
1282 1905
446385 1945
111610 2020
478382 2039
85033 2039
45156 2085
41185 2567
437905 2714
120970 2763
112858 2763
388235 2763
200769 2763
332244 2763
424964 2763
505955 2763
509360 2763
76514 2772
412100 2960
28519 3101
372052 3107
38162 3302
335987 3313
122115 3320
441871 3335
96847 3335
484570 3342
145748 3358
21332 3489
355619 3489
533948 3669
477860 3669
474870 3669
262028 3814
323618 3814
226841 3836
218139 3836
537561 3836
399426 3836
117624 3836
381615 3971
322266 4266
470056 4266
447229 4266
494187 4603
483331 4774
495189 4774
483333 4774
405851 4774
170798 4793
335028 150
243402 399
547471 419
375097 419
484303 419
296041 428
214810 444
66574 485
519385 928
128018 928
161873 928
435715 1214
321497 1239
158841 1239
350956 1576
141467 1789
287486 1836
422982 1865
363419 2061
99443 2076
540519 2081
89856 2371
70488 2397
195115 2459
124119 2742
333031 2777
100764 3095
139994 3320
311001 3523
256266 3736
98335 3764
4123 3833
