160294 4
304770 4
112823 5
179001 8
21166 9
207188 9
405926 9
531532 9
540207 9
118948 10
209822 10
455700 10
482725 10
12147 16
73388 16
269070 16
439998 16
82995 17
156987 17
280502 17
42888 18
217362 18
4092 19
104191 19
341575 19
389644 19
413419 19
301834 21
353399 21
497007 21
213603 22
213604 22
213613 22
213615 22
213617 22
249025 22
219649 24
233695 24
337976 24
337981 24
444709 24
499056 24
99505 26
126694 26
133115 26
264885 26
522555 26
124 2408
243477 2408
302516 2408
318491 2408
320027 2408
366784 2408
100579 34
137990 34
373778 34
428792 34
483698 34
335486 3934
338843 3934
359673 3934
363073 3934
483701 3934
486195 3934
508622 3934
32428 38
118086 38
323498 38
367483 38
411766 38
132737 44
135088 44
364856 44
428580 44
428582 44
474613 44
516378 44
5384 46
110507 46
110512 46
110748 46
192985 46
372395 46
20182 51
20183 51
20185 51
20186 51
29159 57
188735 57
292677 57
411328 57
464161 57
476644 57
74012 2816
163140 2816
329735 2816
359073 2816
395421 2816
202170 4004
270508 4004
287742 4004
541707 4004
159503 544
246476 544
248173 544
394804 544
261804 61
334721 61
358944 61
469808 61
116154 64
291163 64
521598 64
531640 64
281058 2742
447090 2742
461414 2742
66620 73
506788 73
93003 77
163816 77
212108 77
347287 77
387941 77
422973 77
536483 77
221215 78
230413 78
270592 78
90508 79
241677 79
41233 93
46638 93
93866 93
149190 93
154979 93
120942 95
146227 95
213167 95
267988 95
278186 95
394142 95
452083 95
508006 95
57001 98
121673 98
165419 98
387878 98
433912 98
458054 98
534457 98
88567 100
208899 100
317988 100
510762 100
13837 101
293389 101
382801 101
392824 101
430704 101
56630 102
142980 102
205060 102
287196 102
356294 102
380243 102
448373 102
454314 102
500534 102
34869 3720
177542 3720
247967 3720
438089 3720
525731 3720
11426 104
31915 104
31935 104
56368 104
79164 104
132000 104
476278 104
538265 104
42761 107
58894 107
102756 107
108405 107
172687 107
173342 107
329503 107
387236 107
426707 107
455994 107
193203 112
228571 112
253308 112
460939 112
8680 116
40204 116
60792 116
136948 116
406220 116
432419 116
442368 116
455693 116
466569 116
55047 119
109596 119
311842 119
313452 119
315852 119
335798 119
359987 119
407773 119
431823 119
130722 123
203259 123
234035 123
341428 123
452316 123
463827 123
488085 123
94085 130
98742 130
152903 130
226158 130
274813 130
544421 130
545678 130
545919 130
546598 130
51162 132
294043 132
362026 132
470113 132
482419 132
507403 132
528331 132
117609 133
173667 133
305042 133
306504 133
327667 133
423171 133
438183 133
490100 133
299655 134
331526 134
387434 134
505148 134
540854 134
14254 141
17479 141
19463 141
40144 141
64777 141
73725 141
217657 141
363008 141
487180 141
113905 145
188421 145
205459 145
210414 145
258181 145
338280 145
339151 145
411938 145
432420 145
456517 145
499824 145
528406 145
33116 147
95736 147
200577 147
220425 147
237846 147
252872 147
338819 147
518003 147
5582 150
193375 150
213676 150
329508 150
339289 150
350684 150
374744 150
495203 150
59509 151
68430 151
84384 151
93341 151
172036 151
294094 151
310314 151
504212 151
537726 151
63076 154
67221 154
182616 154
249104 154
274294 154
354326 154
438866 154
463165 154
465766 154
484041 154
20676 155
60967 155
70797 155
114872 155
222386 155
228567 155
269750 155
350356 155
388751 155
509194 155
46750 156
134247 156
171553 156
223767 156
258658 156
306262 156
442607 156
458567 156
518137 156
86967 159
107110 159
264650 159
289094 159
486317 159
521391 159
21584 164
43288 164
113369 164
293968 164
318953 164
341763 164
343017 164
368792 164
392187 164
464182 164
524986 164
10904 170
436218 170
522544 170
4406 1500
19471 1500
157089 1500
178108 1500
220801 1500
226561 1500
234224 1500
277277 1500
386376 1500
430041 1500
453999 1500
455469 1500
535391 1500
11462 175
163294 175
209787 175
318299 175
319527 175
385265 175
416994 175
421463 175
430736 175
514230 175
599 177
24701 177
78205 177
198913 177
243898 177
344715 177
527561 177
40257 178
149459 178
302298 178
323354 178
391957 178
468596 178
532365 178
239451 179
26661 181
50066 181
86257 181
264346 181
375204 181
398286 181
494807 181
527642 181
1806 1239
4389 1239
49243 1239
49268 1239
164686 1239
376498 1239
393054 1239
405956 1239
528993 1239
19622 188
30849 188
34477 188
140014 188
224056 188
367439 188
419643 188
463507 188
61337 191
129710 191
154384 191
253676 191
261266 191
285631 191
370763 191
402042 191
519227 191
203826 247
365198 247
503396 247
517526 247
517527 247
80308 194
112477 194
121302 194
139178 194
189107 194
190820 194
418406 194
215767 195
285310 195
289765 195
346397 195
398891 195
398893 195
410927 195
410930 195
68757 205
74320 205
104500 205
160383 205
316504 205
331116 205
340590 205
364773 205
388560 205
509547 205
513310 205
19767 2732
31348 2732
51187 2732
137338 2732
216885 2732
217970 2732
225811 2732
273670 2732
430544 2732
530090 2732
540372 2732
34069 212
93746 212
118346 212
164375 212
268565 212
293070 212
332827 212
334329 212
358591 212
406380 212
420513 212
423318 212
430354 212
520700 212
183356 214
250924 214
275371 214
299770 214
372953 214
389000 214
425475 214
440811 214
462792 214
487020 214
522161 214
525784 214
94558 217
279360 217
294063 217
312585 217
336521 217
359340 217
393519 217
403179 217
407071 217
420951 217
436325 217
451405 217
500578 217
529376 217
225413 218
250186 218
301853 218
404231 218
90577 221
126741 221
153081 221
348218 221
359435 221
372359 221
471941 221
42868 223
167695 223
206343 223
273513 223
284791 223
298005 223
434044 223
453405 223
454097 223
488842 223
501075 223
501384 223
538160 223
134939 224
348821 224
415746 224
457766 224
10149 1150
30877 1150
56711 1150
112428 1150
123304 1150
171678 1150
271402 1150
286245 1150
313181 1150
385197 1150
481100 1150
483774 1150
535197 1150
121006 234
168431 234
175809 234
193599 234
263169 234
271753 234
301093 234
350839 234
357226 234
376665 234
422678 234
449137 234
473120 234
12608 237
33227 237
107111 237
157724 237
252074 237
252075 237
276515 237
437875 237
437879 237
437883 237
437936 237
486359 237
40389 238
44825 238
49681 238
118929 238
127273 238
197822 238
220482 238
326525 238
401298 238
465054 238
489348 238
513780 238
522984 238
43061 240
109415 240
174771 240
290912 240
324000 240
348115 240
448537 240
455432 240
470325 240
15615 243
60709 243
77776 243
117427 243
161472 243
191527 243
201338 243
216044 243
253298 243
275950 243
287774 243
368505 243
6290 244
16051 244
20998 244
91627 244
186585 244
223416 244
277700 244
302104 244
342521 244
384625 244
417199 244
471109 244
495975 244
524273 244
146593 245
542865 245
543666 245
365196 247
516830 247
2991 3975
8183 3975
18668 3975
121944 3975
271884 3975
347926 3975
370447 3975
488148 3975
10654 2408
125100 2408
166530 2408
179787 2408
195458 2408
228556 2408
288775 2408
317488 2408
331907 2408
497889 2408
497891 2408
194407 1500
408420 1500
409317 1500
494662 1500
22967 257
63725 257
260630 257
290530 257
331860 257
426567 257
454171 257
470571 257
491828 257
531263 257
175657 258
467601 258
9169 264
110248 264
172923 264
235924 264
287140 264
420467 264
475607 264
488004 264
497146 264
502040 264
510389 264
530238 264
237977 265
2246 2381
40924 2381
68704 2381
74720 2381
147766 2381
199476 2381
243994 2381
260488 2381
268943 2381
338095 2381
349653 2381
408445 2381
462002 2381
464495 2381
488231 2381
26015 275
238365 275
286350 275
343737 275
344307 275
348522 275
441053 275
535666 275
100920 1838
170945 1838
266632 1838
311601 1838
361337 1838
367186 1838
389896 1838
405823 1838
413692 1838
461863 1838
509960 1838
57455 281
144221 281
188534 281
331603 281
408758 281
429358 281
521201 281
529907 281
49952 283
150470 283
199121 283
244765 283
247554 283
269072 283
357917 283
42714 286
100259 286
198172 286
216202 286
230862 286
242628 286
345528 286
356182 286
359466 286
399876 286
511516 286
515102 286
531753 286
176 290
131232 290
201855 290
321841 290
347858 290
533157 290
33492 3276
65243 3276
65513 3276
141157 3276
292574 3276
346811 3276
406477 3276
430451 3276
495620 3276
521772 3276
180712 341
288126 341
304564 341
331974 341
356196 341
364176 341
380137 341
36205 309
52427 309
62450 309
83103 309
91182 309
128125 309
157901 309
211039 309
233672 309
240238 309
258449 309
281286 309
309044 309
385739 309
402937 309
14981 2732
69831 2732
74852 2732
113192 2732
171689 2732
199263 2732
233859 2732
362572 2732
367645 2732
389494 2732
391528 2732
504792 2732
10596 313
10598 313
10599 313
10609 313
10613 313
10627 313
59821 313
118088 313
70863 314
83615 314
91645 314
95788 314
102898 314
108191 314
134064 314
158928 314
192759 314
230977 314
255781 314
292712 314
301086 314
317602 314
341644 314
377255 314
386664 314
437385 314
442207 314
84915 3425
143456 3425
184555 3425
223247 3425
248775 3425
279503 3425
281920 3425
321284 3425
344146 3425
360020 3425
371631 3425
379022 3425
437822 3425
444728 3425
10539 325
49330 325
51625 325
157060 325
172940 325
177681 325
184803 325
193534 325
212245 325
222181 325
242068 325
247051 325
254528 325
280526 325
387584 325
403840 325
413495 325
439133 325
463382 325
472626 325
4998 328
6165 328
29915 328
49151 328
83619 328
116597 328
173377 328
211010 328
268035 328
336727 328
338919 328
350246 328
371949 328
421174 328
426850 328
475281 328
503036 328
528451 328
19006 329
20353 329
36212 329
130580 329
147273 329
164738 329
184854 329
266542 329
267803 329
309698 329
357847 329
375611 329
414330 329
446541 329
462268 329
463325 329
465393 329
495135 329
517602 329
544044 329
544964 329
74023 335
140392 335
144255 335
183871 335
206643 335
230601 335
255355 335
260920 335
322563 335
364779 335
366253 335
442379 335
466634 335
247514 337
290865 337
319325 337
404306 337
531490 337
53198 2408
136177 2408
136179 2408
177374 2408
237754 2408
262450 2408
302489 2061
331946 2408
354092 2408
363427 2061
363428 2061
454459 2408
499411 2408
523408 2408
29195 339
53482 339
78412 339
127731 339
177514 339
277890 339
302328 339
315424 339
339438 339
407628 339
523802 339
56946 341
133099 341
32239 3348
73054 3348
101295 3348
113773 3348
171491 3348
200196 3348
227747 3348
243469 3348
337503 3348
387972 3348
404752 3348
443897 3348
459971 3348
492349 3348
497338 3348
8324 1905
9244 1905
9246 1905
9247 1905
9252 1905
9253 1905
9254 1905
9277 1905
9282 1905
9284 1905
10034 1905
10035 1905
38972 1905
38974 1905
38977 1905
38978 1905
38981 1905
38982 1905
49756 1905
51393 1905
84392 1905
106093 1905
106103 1905
544170 1905
5238 2731
25749 2731
121270 2731
168715 2731
168720 2731
182430 2731
193790 2731
205319 2731
228831 2731
229510 2731
254263 2731
261558 2731
317603 2731
320128 2731
406305 2731
406909 2731
412670 2731
445716 2731
471009 2731
494860 2731
539125 2731
51511 349
75966 349
152623 349
156415 349
172515 349
224878 349
246707 349
251888 349
261897 349
336439 349
371052 349
436219 349
508151 349
510977 349
518809 349
520180 349
526119 349
531909 349
46196 352
64131 352
196726 352
241848 352
272582 352
358285 352
368269 352
391238 352
457335 352
25094 2376
30012 2376
80153 2376
117848 2376
163200 2376
188313 2376
205669 2376
243289 2376
255399 2376
284366 2376
298966 2376
309970 2376
315063 2376
315407 2376
345802 2376
369899 2376
441533 2376
455520 2376
526608 2376
540443 2376
34883 3425
92489 3425
137114 3425
175887 3425
179969 3425
262611 3425
285265 3425
294613 3425
337785 3425
344252 3425
348401 3425
360478 3425
439377 3425
447303 3425
462377 3425
466951 3425
473834 3425
513880 3425
519390 3425
3456 366
77482 366
221669 366
223614 366
238357 366
241282 366
274265 366
274270 366
288359 366
311109 366
317098 366
353933 366
378470 366
383468 366
394067 366
396413 366
404545 366
504241 366
414 367
31823 367
265606 367
410079 367
1637 1905
1640 1905
261662 1905
544403 1905
546316 1905
546317 1905
546961 1905
546964 1905
6633 369
11593 369
27451 369
49271 369
102198 369
103808 369
124244 369
175208 369
222832 369
247631 369
247703 369
265673 369
346493 369
372073 369
401800 369
404226 369
444299 369
479041 369
482092 369
493075 369
504729 369
523382 369
41256 375
361696 375
361698 375
67883 382
105792 382
149197 382
193926 382
205875 382
317160 382
320580 382
367309 382
504121 382
527109 382
32015 395
37761 395
75175 395
87318 395
96760 395
105873 395
192743 395
246879 395
256722 395
310207 395
339441 395
340390 395
363712 395
393304 395
413141 395
413751 395
435303 395
489224 395
512110 395
512599 395
95025 3981
96570 3981
145667 3981
145796 3981
173982 3981
190037 3981
220940 3981
241881 3981
245861 3981
251270 3981
323234 3981
323839 3981
343273 3981
388820 3981
439926 3981
491704 3981
514938 3981
520043 3981
544881 3981
54269 399
129913 399
252501 399
503168 399
504163 399
512878 399
73719 421
114536 421
128824 421
136590 421
138828 421
160179 421
170291 421
212243 421
236022 421
266172 421
299023 421
355594 421
355906 421
376623 421
388080 421
412785 421
435329 421
466444 421
488471 421
507142 421
532963 421
22085 1976
64287 1976
67454 1976
120388 1976
155770 1976
170756 1976
189109 1976
195156 1976
203633 1976
222584 1976
253870 1976
271928 1976
277405 1976
291669 1976
301867 1976
312146 1976
363363 1976
389962 1976
419009 1976
437660 1976
442876 1976
483882 1976
485105 1976
491554 1976
512147 1976
528715 1976
19043 405
59514 405
73765 405
143573 405
169293 405
192709 405
205568 405
229736 405
237027 405
255918 405
280211 405
359417 405
383743 405
390104 405
418481 405
450023 405
468033 405
490635 405
360239 406
7563 407
52199 407
55481 407
106336 407
107678 407
132409 407
168662 407
172464 407
182338 407
235945 407
242550 407
251731 407
261287 407
289265 407
301505 407
325454 407
330626 407
332684 407
332863 407
375365 407
378831 407
454625 407
507431 407
11892 2492
12009 2492
35115 2492
76213 2492
80999 2492
90260 2492
91945 2492
105595 2492
135311 2492
204884 2492
229019 2492
248070 2492
272841 2492
311508 2492
332908 2492
450997 2492
481877 2492
487539 2492
496242 2492
498600 2492
538792 2492
544871 2492
546444 2492
78497 415
84342 415
127711 415
207962 415
259116 415
277892 415
282665 415
327251 415
328525 415
352696 415
451489 415
84055 417
176891 417
201263 417
336715 417
366590 417
408596 417
455003 417
81482 421
5829 423
13732 423
48968 423
98588 423
118943 423
143608 423
145927 423
168570 423
174928 423
187370 423
193654 423
255303 423
255775 423
327145 423
334757 423
366418 423
377884 423
410943 423
419483 423
444875 423
498286 423
507155 423
539820 423
541959 423
171028 426
467252 426
5456 427
17284 427
61148 427
68431 427
93086 427
143159 427
179106 427
278920 427
324084 427
325596 427
352091 427
402327 427
452766 427
500420 427
535668 427
535920 427
8619 429
64259 429
89532 429
100452 429
107976 429
108073 429
182478 429
190065 429
224978 429
239320 429
327059 429
360260 429
363769 429
375710 429
382607 429
404936 429
411334 429
415818 429
417210 429
435207 429
450533 429
453454 429
454437 429
459849 429
484008 429
503238 429
18761 3486
55464 3486
68576 3486
70820 3486
72560 3486
93483 3486
142708 3486
177643 3486
188145 3486
218956 3486
243937 3486
326811 3486
396350 3486
398611 3486
409245 3486
413997 3486
420131 3486
422366 3486
462174 3486
483799 3486
488493 3486
512409 3486
9179 2410
18596 2410
36535 2410
91722 2410
109368 2410
139914 2410
143589 2410
144982 2410
166267 2410
182215 2410
222047 2410
258968 2410
286297 2410
293032 2410
328351 2410
350251 2410
352994 2410
434252 2410
435044 2410
435438 2410
440776 2410
445963 2410
483624 2410
489117 2410
530243 2410
41377 435
53293 435
70108 435
80392 435
135867 435
153075 435
155151 435
161949 435
181064 435
185580 435
214046 435
225457 435
311490 435
342317 435
347739 435
380326 435
392651 435
426115 435
432920 435
462465 435
544323 435
4365 439
59908 439
109351 439
124819 439
148039 439
157047 439
211726 439
213292 439
231545 439
289611 439
317169 439
324952 439
335295 439
349450 439
356399 439
409903 439
410732 439
448053 439
474908 439
493950 439
16648 442
30209 442
44363 442
118433 442
121174 442
124176 442
134925 442
162112 442
164515 442
185683 442
186312 442
186915 442
210884 442
237812 442
336128 442
336618 442
408265 442
440144 442
483406 442
488903 442
490890 442
523852 442
74550 554
74552 554
83155 554
96158 554
127568 554
172367 554
172369 554
179921 554
247059 554
252788 554
538287 554
542184 554
542683 554
543161 554
543173 554
543899 554
7916 2094
86421 2094
88597 2094
126382 2094
153577 2094
188170 2094
200838 2094
214804 2094
226320 2094
251763 2094
264382 2094
266291 2094
288764 2094
370403 2094
430441 2094
476094 2094
476822 2094
535698 2094
3085 456
22627 456
30644 456
64313 456
131647 456
250399 456
265247 456
276688 456
279372 456
282923 456
320460 456
324311 456
331025 456
334199 456
344070 456
348709 456
352910 456
368196 456
379064 456
394466 456
438736 456
443412 456
462049 456
463968 456
470625 456
512927 456
92465 458
145537 458
146955 458
161336 458
176985 458
230462 458
284155 458
284970 458
295130 458
321070 458
341967 458
345173 458
396551 458
401686 458
422027 458
430353 458
459353 458
467394 458
484357 458
529577 458
31195 459
36793 459
51142 459
64999 459
67111 459
90295 459
90734 459
92800 459
109808 459
166561 459
177538 459
198063 459
211751 459
212805 459
236925 459
248191 459
276010 459
285067 459
353233 459
378214 459
394175 459
432128 459
463724 459
488909 459
501909 459
520004 459
32702 1500
54892 1500
186535 1500
202203 1500
230643 1500
249831 1500
317331 1500
403188 1500
464736 1500
484963 1500
522622 1500
181730 476
409204 476
33081 477
42712 477
53054 477
64291 477
93974 477
103232 477
107269 477
154963 477
230284 477
263035 477
272971 477
342410 477
383223 477
397772 477
405594 477
411171 477
431132 477
437291 477
455392 477
458352 477
486464 477
494644 477
518739 477
544308 477
3425 479
24448 479
69540 479
91196 479
105548 479
119813 479
124599 479
162613 479
163205 479
216984 479
219315 479
223119 479
228430 479
246595 479
270332 479
285086 479
303290 479
319839 479
400164 479
449317 479
481574 479
490424 479
503578 479
526696 479
528146 479
540299 479
32818 4436
32819 4436
32821 4436
32873 4436
32875 4436
32877 4436
32879 4436
32880 4436
53520 4436
62523 4436
140298 4436
168637 4436
173935 4436
183395 4436
189279 4436
200549 4436
216445 4436
216449 4436
278141 4436
295252 4436
320928 4436
345620 4436
359912 4436
379180 4436
465069 4436
470095 4436
470598 4436
488157 4436
525406 4436
3210 498
51116 498
69404 498
70500 498
120294 498
149495 498
151410 498
167246 498
187198 498
189904 498
192313 498
217748 498
239249 498
252800 498
254100 498
266891 498
283003 498
289126 498
300968 498
303345 498
310366 498
339968 498
340855 498
376771 498
383250 498
408158 498
416793 498
451947 498
453446 498
455248 498
455869 498
491365 498
542493 498
4068 499
11498 499
61167 499
73615 499
85992 499
94324 499
118909 499
139410 499
160049 499
168526 499
168572 499
185056 499
193615 499
211337 499
232136 499
240860 499
255103 499
261066 499
285438 499
384553 499
393087 499
514553 499
526511 499
447929 501
26762 503
56155 503
184730 503
260549 503
323358 503
328054 503
399966 503
513863 503
527759 503
117539 510
309574 510
341777 510
372557 510
144629 3934
118500 516
138301 516
185469 516
318344 516
471730 516
519051 516
18190 518
38480 518
71354 518
81552 518
94855 518
128249 518
152868 518
182310 518
184264 518
220163 518
225031 518
227406 518
232303 518
254623 518
274298 518
290897 518
298738 518
308918 518
309857 518
311002 518
320438 518
343071 518
345638 518
368673 518
373165 518
440277 518
484545 518
517668 518
524359 518
528984 518
24076 3747
38185 3747
69456 3747
89973 3747
91601 3747
95977 3747
105027 3747
108628 3747
116177 3747
120959 3747
154244 3747
168624 3747
193691 3747
208626 3747
233933 3747
297278 3747
336083 3747
454029 3747
514297 3747
528522 3747
535600 3747
543534 3747
52832 4357
78161 4357
94146 4357
99690 4357
146709 4357
159374 4357
187702 4357
234734 4357
296855 4357
297650 4357
301723 4357
304234 4357
318902 4357
333628 4357
334780 4357
352715 4357
376728 4357
400669 4357
441673 4357
449166 4357
473141 4357
498010 4357
14896 3931
21659 3931
21695 3931
24397 3931
42346 3931
62867 3931
67051 3931
71036 3931
87626 3931
132671 3931
145089 3931
158674 3931
162709 3931
163015 3931
166077 3931
182587 3931
205505 3931
210462 3931
233838 3931
240678 3931
254423 3931
258501 3931
278725 3931
282906 3931
303160 3931
305716 3931
350288 3931
370812 3931
408836 3931
411795 3931
422063 3931
436124 3931
438354 3931
445259 3931
486888 3931
534790 3931
538222 3931
24221 529
31001 529
31598 529
71445 529
75184 529
84961 529
85979 529
128871 529
186391 529
213239 529
214485 529
231148 529
240723 529
259495 529
270262 529
283892 529
287345 529
305604 529
317951 529
320777 529
328691 529
344078 529
348225 529
351766 529
373549 529
385201 529
385257 529
420599 529
456448 529
467717 529
480390 529
492179 529
519355 529
523265 529
530309 529
534859 529
15127 531
32602 531
57062 531
316486 531
341838 531
399038 531
436314 531
509639 531
33775 533
34344 533
55884 533
68039 533
93187 533
98625 533
109736 533
111770 533
134429 533
145091 533
150045 533
176450 533
181537 533
185741 533
192523 533
208913 533
227118 533
228947 533
233940 533
239847 533
261341 533
271300 533
274085 533
300749 533
319133 533
333494 533
350452 533
377920 533
401870 533
403157 533
425786 533
430938 533
449042 533
466662 533
469062 533
477450 533
487125 533
688 3273
15749 3273
17934 3273
19252 3273
81909 3273
116912 3273
122874 3273
127128 3273
135006 3273
144083 3273
145886 3273
162598 3273
166494 3273
169466 3273
170410 3273
201679 3273
203632 3273
217427 3273
232501 3273
241305 3273
265874 3273
290331 3273
294162 3273
302782 3273
305636 3273
306218 3273
355903 3273
388799 3273
408181 3273
414051 3273
416089 3273
443830 3273
464056 3273
506695 3273
512458 3273
517843 3273
527583 3273
534307 3273
548285 3273
5197 3988
22780 3988
35814 3988
37101 3988
56342 3988
57060 3988
75588 3988
100623 3988
129143 3988
142229 3988
176500 3988
176695 3988
181785 3988
196910 3988
245851 3988
246767 3988
284216 3988
290968 3988
308167 3988
352799 3988
352885 3988
393110 3988
398631 3988
407895 3988
415981 3988
418918 3988
455942 3988
485935 3988
486884 3988
490231 3988
509535 3988
515422 3988
541552 3988
12898 544
44502 544
358002 544
358004 544
358006 544
440525 545
76908 548
97659 548
146773 548
170304 548
172383 548
224705 548
249269 548
262393 548
276506 548
544141 548
544719 548
544726 548
544727 548
544729 548
544730 548
544731 548
544732 548
544734 548
545209 548
545210 548
545730 548
545972 548
546017 548
546322 548
547009 548
547392 548
547393 548
547394 548
547411 548
547574 548
547600 548
547836 548
548188 548
548418 548
548445 548
9650 554
90380 554
108194 554
134224 554
134225 554
144191 554
144193 554
157624 554
199097 554
199099 554
203703 554
270306 554
541418 554
542321 554
542446 554
542902 554
543056 554
543343 554
543720 554
543789 554
543860 554
543872 554
543873 554
543874 554
543875 554
17611 555
21518 555
26459 555
27966 555
30510 555
67500 555
70124 555
73723 555
80512 555
104658 555
105707 555
123975 555
147416 555
183542 555
209188 555
218045 555
222499 555
223527 555
285633 555
298784 555
299108 555
315995 555
326014 555
327094 555
354094 555
368934 555
373465 555
382755 555
396422 555
405980 555
416314 555
474564 555
476367 555
508858 555
521365 555
31477 558
89137 558
99819 558
124384 558
206440 558
235296 558
316259 558
340403 558
341356 558
354668 558
368619 558
395288 558
450336 558
474308 558
497868 558
188409 560
446726 560
128209 561
146619 561
46650 3273
84370 3273
22044 3090
51893 3090
76847 3090
77458 3090
79412 3090
110946 3090
126072 3090
134417 3090
175837 3090
202849 3090
211862 3090
329352 3090
349908 3090
362180 3090
449531 3090
473521 3090
11442 574
79797 574
238939 574
250678 574
448 3980
2117 3980
28123 3980
52713 3980
56684 3980
75848 3980
80796 3980
114138 3980
130042 3980
131874 3980
154321 3980
158327 3980
170021 3980
203546 3980
260305 3980
271148 3980
333085 3980
334420 3980
362528 3980
366149 3980
389968 3980
392186 3980
396362 3980
410087 3980
449691 3980
455467 3980
467401 3980
471848 3980
485055 3980
491851 3980
519832 3980
520877 3980
525658 3980
529820 3980
544416 3980
547506 3980
132 592
2753 592
10492 592
26999 592
67768 592
91930 592
107687 592
123451 592
136947 592
143715 592
150450 592
178427 592
187128 592
206097 592
224509 592
283685 592
287924 592
298937 592
308657 592
317267 592
317693 592
325902 592
331669 592
332167 592
333849 592
335782 592
340592 592
341742 592
344923 592
355913 592
356166 592
358800 592
380726 592
407613 592
426678 592
450384 592
452522 592
489563 592
494670 592
505753 592
536330 592
540235 592
218050 3090
3833 2731
6579 2731
23465 2731
26373 2731
28053 2731
33812 2731
49761 2731
56052 2731
71736 2731
73400 2731
74439 2731
76881 2731
98269 2731
99373 2731
101019 2731
105619 2731
107972 2731
122915 2731
127345 2731
131182 2731
131211 2731
188073 2731
189959 2731
195210 2731
215955 2731
217230 2731
223061 2731
311872 2731
333916 2731
335763 2731
343242 2731
349055 2731
396649 2731
403255 2731
420427 2731
432937 2731
434966 2731
452884 2731
472722 2731
494481 2731
504305 2731
519013 2731
536830 2731
63247 587
158073 587
248473 587
351520 587
442759 587
487395 587
4146 588
21483 588
25701 588
33803 588
35571 588
42149 588
49035 588
51773 588
51935 588
53222 588
63874 588
66787 588
102775 588
108580 588
133152 588
178686 588
195538 588
201227 588
214149 588
220904 588
248037 588
251959 588
271813 588
272524 588
276246 588
301600 588
304321 588
306793 588
331207 588
337486 588
403381 588
407774 588
421033 588
451183 588
462832 588
468261 588
468948 588
478839 588
483679 588
493743 588
497701 588
499925 588
503771 588
504740 588
519747 588
520679 588
525716 588
537153 588
17208 592
246912 592
13679 3983
14299 3983
30348 3983
31488 3983
34250 3983
34937 3983
47550 3983
65296 3983
72727 3983
78028 3983
83362 3983
96479 3983
97661 3983
119495 3983
122267 3983
139317 3983
141005 3983
163486 3983
164157 3983
170387 3983
177466 3983
187476 3983
199961 3983
209080 3983
213786 3983
241304 3983
290337 3983
292080 3983
321742 3983
360322 3983
362275 3983
371991 3983
378689 3983
396135 3983
413248 3983
435810 3983
443747 3983
475188 3983
478514 3983
503446 3983
510530 3983
521184 3983
521217 3983
530270 3983
539784 3983
544322 3983
132031 603
164604 603
189237 603
248036 603
298879 603
317366 603
326713 603
399040 603
433881 603
540293 603
22010 2969
36737 2969
49003 2969
84346 2969
128696 2969
131492 2969
133735 2969
170339 2969
200204 2969
216324 2969
236756 2969
249476 2969
258182 2969
269999 2969
322841 2969
352591 2969
362704 2969
371095 2969
395017 2969
396491 2969
433538 2969
442618 2969
448603 2969
476581 2969
2137 610
31014 610
78589 610
94796 610
147315 610
335132 610
2935 622
8546 622
37312 622
52850 622
57868 622
92451 622
99270 622
115476 622
121551 622
159870 622
167319 622
179255 622
183430 622
197590 622
216822 622
219109 622
242336 622
243758 622
268300 622
314903 622
329234 622
365332 622
375325 622
376975 622
392090 622
422473 622
472911 622
490032 622
492754 622
498635 622
502495 622
505175 622
516834 622
517850 622
532895 622
533033 622
542607 622
3375 633
19319 633
40008 633
98725 633
105719 633
161231 633
185464 633
186328 633
208349 633
218069 633
348448 633
349314 633
373450 633
419909 633
468369 633
475012 633
42904 634
74490 634
94531 634
390335 634
390340 634
413048 634
509348 634
16253 1060
27877 1060
50037 1060
54603 1060
59216 1060
74703 1060
77068 1060
99160 1060
124223 1060
132771 1060
139847 1060
144958 1060
148960 1060
152594 1060
157592 1060
206281 1060
232354 1060
247826 1060
256182 1060
258456 1060
264303 1060
295343 1060
312581 1060
326337 1060
327789 1060
330122 1060
332507 1060
336537 1060
344721 1060
348809 1060
351039 1060
351604 1060
375640 1060
380681 1060
399606 1060
404609 1060
407423 1060
411667 1060
435530 1060
452442 1060
460548 1060
482957 1060
520459 1060
521818 1060
523270 1060
529142 1060
531808 1060
533939 1060
238496 638
17709 3981
29420 3981
31816 3981
54426 3981
54592 3981
62052 3981
68266 3981
77207 3981
89482 3981
99737 3981
110845 3981
113814 3981
148667 3981
153667 3981
154531 3981
155547 3981
183335 3981
192753 3981
237412 3981
255998 3981
266875 3981
267488 3981
282030 3981
291353 3981
302934 3981
323681 3981
327230 3981
332625 3981
334949 3981
362794 3981
385452 3981
387927 3981
399472 3981
406316 3981
421055 3981
430917 3981
447132 3981
449271 3981
470241 3981
471504 3981
478239 3981
490663 3981
492019 3981
493688 3981
513584 3981
518779 3981
522052 3981
523122 3981
526279 3981
534183 3981
543383 3981
13213 714
33791 714
37913 714
60524 714
69216 714
82240 714
94105 714
109753 714
113186 714
146452 714
152557 714
161090 714
175043 714
180019 714
182423 714
182511 714
185280 714
201932 714
203634 714
205422 714
208178 714
208909 714
209957 714
221231 714
275549 714
280138 714
284163 714
292492 714
294202 714
317187 714
320215 714
326003 714
344288 714
345722 714
370717 714
379377 714
388409 714
399642 714
416934 714
424297 714
427256 714
428388 714
440746 714
465019 714
476330 714
479455 714
480064 714
497024 714
513425 714
526402 714
535864 714
174308 656
229525 656
312428 656
312429 656
323657 656
472380 656
42420 657
256011 657
408401 657
462256 657
278731 1438
317254 1438
341322 1438
341344 1438
341352 1438
53535 673
154372 673
257881 673
301541 673
347443 673
427063 673
501488 673
434 677
7100 677
15700 677
22475 677
32499 677
40152 677
41520 677
61879 677
86724 677
143401 677
148912 677
149899 677
150252 677
170956 677
191182 677
192770 677
198344 677
214614 677
216117 677
219206 677
239063 677
239486 677
246371 677
247814 677
263674 677
282086 677
289413 677
340967 677
349469 677
358286 677
360544 677
369105 677
386341 677
390209 677
392306 677
402463 677
406077 677
406340 677
409978 677
422178 677
423097 677
424320 677
427829 677
437613 677
450768 677
452412 677
460214 677
461666 677
475716 677
486011 677
514188 677
11915 3980
15922 3980
36802 3980
40326 3980
66017 3980
70230 3980
79419 3980
79705 3980
81790 3980
89918 3980
95258 3980
98343 3980
104350 3980
106397 3980
110425 3980
111550 3980
131043 3980
135409 3980
146401 3980
149579 3980
154146 3980
155663 3980
162974 3980
175213 3980
183231 3980
189882 3980
209915 3980
228082 3980
254963 3980
259788 3980
286536 3980
301483 3980
310488 3980
325745 3980
327922 3980
344483 3980
349627 3980
354715 3980
389791 3980
397448 3980
397575 3980
403346 3980
403540 3980
413490 3980
416018 3980
416364 3980
421373 3980
433792 3980
463529 3980
477664 3980
485524 3980
498651 3980
499716 3980
524779 3980
535908 3980
25624 3984
33379 3984
37456 3984
46990 3984
54882 3984
82064 3984
125538 3984
146859 3984
156950 3984
173435 3984
192900 3984
211804 3984
214059 3984
225455 3984
242803 3984
245507 3984
260701 3984
262116 3984
274940 3984
280651 3984
287026 3984
290875 3984
291402 3984
326323 3984
353596 3984
361346 3984
385932 3984
413665 3984
431195 3984
441045 3984
478532 3984
479518 3984
481729 3984
482033 3984
483021 3984
508757 3984
144320 1150
161645 1150
168016 1150
208800 1150
216460 1150
233811 1150
258579 1150
324386 1150
409816 1150
462355 1150
486553 1150
1820 2763
10687 2763
26443 2763
61891 2763
70027 2763
79895 2763
85518 2763
94903 2763
96907 2763
102507 2763
102971 2763
115002 2763
118233 2763
118378 2763
119092 2763
160700 2763
163082 2763
164600 2763
167642 2763
171437 2763
183511 2763
185834 2763
187854 2763
190337 2763
206265 2763
207329 2763
228086 2763
233088 2763
237249 2763
238138 2763
261977 2763
268581 2763
269505 2763
286373 2763
287049 2763
293591 2763
297126 2763
303589 2763
310096 2763
327126 2763
333429 2763
354429 2763
363933 2763
384350 2763
387578 2763
394137 2763
411367 2763
423187 2763
425681 2763
426033 2763
429147 2763
434725 2763
436429 2763
472084 2763
489399 2763
491494 2763
498596 2763
508581 2763
508904 2763
512048 2763
514212 2763
516947 2763
520280 2763
527136 2763
530406 2763
533808 2763
537745 2763
13343 709
350390 709
125335 714
253586 714
516116 714
4109 715
216089 715
338212 715
426263 715
237774 716
363864 716
531441 716
543408 716
126799 722
155064 722
533255 722
2126 731
3951 731
19411 731
25482 731
28682 731
36893 731
37313 731
40330 731
48815 731
49247 731
55648 731
71938 731
73917 731
91351 731
92426 731
103928 731
107996 731
135937 731
137778 731
157349 731
166059 731
184063 731
202277 731
224377 731
235408 731
249182 731
260186 731
269463 731
273695 731
282154 731
283515 731
287734 731
287998 731
288908 731
298152 731
307186 731
326049 731
344945 731
354492 731
354845 731
363055 731
363588 731
373235 731
377269 731
390591 731
394441 731
401187 731
412381 731
419838 731
420900 731
425057 731
431285 731
434890 731
435544 731
438282 731
438922 731
439705 731
445196 731
448900 731
452964 731
453143 731
455205 731
458402 731
463156 731
464271 731
466579 731
471901 731
479011 731
491652 731
494329 731
501176 731
507462 731
520543 731
530630 731
533891 731
535792 731
536374 731
21262 738
53638 738
57369 738
66395 738
76927 738
77064 738
81327 738
112595 738
140717 738
171830 738
175149 738
177452 738
195822 738
216818 738
293214 738
297837 738
316428 738
334722 738
369567 738
391404 738
439992 738
452553 738
467578 738
500843 738
514134 738
314443 756
479970 756
1500 761
12177 761
19625 761
21516 761
31980 761
50856 761
72700 761
76261 761
81303 761
90431 761
100464 761
121344 761
121441 761
121768 761
124220 761
125000 761
138211 761
144800 761
145300 761
152770 761
168056 761
180569 761
182085 761
186400 761
193153 761
196827 761
200566 761
205402 761
227121 761
229039 761
251964 761
282212 761
302509 761
303834 761
304553 761
305601 761
319406 761
331200 761
356893 761
368669 761
395622 761
398443 761
407436 761
410747 761
412282 761
424386 761
442010 761
442541 761
452941 761
458185 761
463477 761
467195 761
468085 761
471456 761
488943 761
490490 761
490861 761
493324 761
498708 761
500747 761
515331 761
520608 761
526560 761
529227 761
539662 761
13248 2376
29563 2376
33799 2376
55637 770
58670 770
73810 770
76557 2376
92212 2376
97018 2376
115144 2376
121638 2376
129020 2376
136963 2376
144348 2376
147835 2376
150371 2376
152841 2376
175604 2376
178031 2376
185383 770
194436 2376
200642 2376
212225 770
242680 770
243240 2376
245523 2376
247886 2376
248030 2376
250378 2376
261348 2376
267773 2376
268353 2376
272525 2376
276604 2376
284228 2376
289741 770
299402 2376
300621 2376
309672 2376
313665 2376
322472 2376
333602 2376
342279 2376
368252 770
378221 2376
390333 2376
404060 770
405609 2376
413512 2376
415676 770
419566 2376
425548 2376
426084 2376
430159 2376
434010 2376
437455 770
438643 2376
449361 2376
449928 2376
458156 2376
463509 770
478024 2376
488077 770
488851 770
498764 2376
502904 2376
506046 2376
519580 770
524866 2376
528695 2376
531535 770
537720 2376
542645 770
88809 780
182037 780
110413 787
2797 3931
31200 3931
47626 3931
72238 3931
129002 3931
129819 3931
140476 3931
165128 3931
196566 3931
198304 3931
202609 3931
203397 3931
216625 3931
264309 3931
266187 3931
270593 3931
278146 3931
283440 3931
315577 3931
320858 3931
323371 3931
323378 3931
348877 3931
384795 3931
389473 3931
412353 3931
417383 3931
429082 3931
438003 3931
439622 3931
463702 3931
472962 3931
480884 3931
497828 3931
499649 3931
501124 3931
514909 3931
516992 3931
256513 809
256515 809
3980 2428
27394 2428
56590 2428
111167 2428
111170 2428
203993 2428
514527 2428
149339 2883
233610 2883
330933 2883
334880 2883
373181 2883
376748 2883
460712 2883
522043 2883
62554 3127
144469 3127
445322 3127
507060 3127
507063 3127
118203 834
206513 834
212121 834
365285 834
381652 834
8817 2808
18452 2808
32976 2808
58799 2808
80142 2808
85349 2808
88269 2808
94813 2808
129068 2808
137008 2808
137236 2808
142514 2808
156498 2808
160681 2808
163919 2808
190308 2808
229488 2808
232600 2808
242690 2808
253239 2808
262148 2808
264005 2808
265353 2808
283767 2808
288374 2808
294006 2808
296571 2808
316764 2808
326089 2808
371997 2808
376997 2808
379324 2808
383362 2808
385015 2808
395891 2808
400011 2808
407273 2808
414629 2808
427216 2808
427791 2808
439202 2808
459331 2808
482859 2808
518227 2808
518648 2808
518695 2808
523737 2808
531205 2808
531641 2808
241707 838
351881 838
357744 838
386269 838
480500 838
490791 838
112925 857
137052 857
255701 857
342541 857
437244 857
11963 869
57073 869
91212 869
194821 869
239536 869
273700 869
285513 869
305014 869
307290 869
319526 869
332498 869
362096 869
392146 869
415432 869
448464 869
483965 869
515129 869
72977 871
160597 871
342426 871
343259 871
524098 871
210439 1838
313239 1838
361444 1838
521270 1838
60085 874
73898 874
100724 874
124498 874
138799 874
139160 874
184310 874
191337 874
191817 874
210828 874
213761 874
238807 874
244836 874
261169 874
270535 874
313616 874
326840 874
339854 874
377346 874
408250 874
416373 874
456402 874
471242 874
484992 874
507158 874
525995 874
528449 874
532279 874
543268 874
111722 882
122613 882
122622 882
138325 882
147105 882
181666 882
223046 882
249702 882
362176 882
34895 890
38265 890
116969 890
347716 890
355378 890
366824 890
443731 890
51246 895
161307 895
476208 895
196132 905
196135 905
491949 905
36956 907
354618 907
377661 907
21823 2376
48542 2376
49299 2376
65581 2376
84226 2376
90055 2376
90392 2376
98418 2376
115024 2376
126184 2376
161640 2376
164490 2376
200667 2376
211522 2376
231590 2376
232381 2376
236502 2376
252958 2376
301724 2376
318922 2376
331673 2376
342983 2376
348796 2376
365395 2376
367123 2376
372909 2376
379854 2376
399173 2376
400256 2376
414771 2376
420643 2376
421322 2376
433362 2376
436671 2376
438641 2376
444456 2376
445274 2376
457506 2376
481513 2376
491430 2376
494020 2376
501204 2376
514884 2376
519197 2376
531201 2376
536302 2376
128627 2493
136234 2493
141226 2493
155398 2493
243929 2493
298956 2493
340063 2493
346543 2493
533990 2493
537803 2493
38926 916
161318 916
172595 916
308654 916
315446 916
376908 916
430858 916
517813 916
531212 916
5726 928
5728 928
5734 928
30565 928
105042 928
105049 928
129719 928
129721 928
145811 928
161874 928
161883 928
174181 928
195404 928
243096 928
243103 928
323993 928
329617 928
422812 928
445998 928
507149 928
514917 928
522201 928
84309 3328
148221 3328
414685 3328
207944 937
207946 937
234920 937
303698 937
383708 937
399461 937
530882 937
43424 2992
130445 2992
199656 2992
354269 2992
253126 955
8469 964
16793 964
83901 964
97023 964
150274 964
264024 964
287686 964
339985 964
373941 964
445520 964
450013 964
468775 964
529047 964
533897 964
12346 968
98663 968
180078 968
373724 968
429812 968
538597 968
105664 969
199086 969
199088 969
281568 969
394449 969
18479 974
52787 974
102292 974
126974 974
298838 974
387411 974
389114 974
5346 987
189670 987
278338 987
364114 987
364115 987
403121 987
497155 987
499045 987
518044 987
20297 1028
23130 1028
24614 1028
26617 1028
27657 1028
41404 1028
42131 1028
61016 1028
69255 1028
73088 1028
81150 1028
98011 1028
101561 1028
112788 1028
135071 1028
135956 1028
136696 1028
137370 1028
140470 1028
140620 1028
162935 1028
174384 1028
182254 1028
191740 1028
203088 1028
204147 1028
204274 1028
220860 1028
223593 1028
244374 1028
249943 1028
251415 1028
263822 1028
264454 1028
279196 1028
281767 1028
288913 1028
294082 1028
297017 1028
301693 1028
308995 1028
314034 1028
314189 1028
320915 1028
321449 1028
324586 1028
328079 1028
337678 1028
337991 1028
338223 1028
342319 1028
345602 1028
347320 1028
357724 1028
369646 1028
369677 1028
377046 1028
380885 1028
405524 1028
412826 1028
414226 1028
415843 1028
430553 1028
435149 1028
436557 1028
448131 1028
458021 1028
490680 1028
496424 1028
511245 1028
516611 1028
517663 1028
523930 1028
526828 1028
16710 991
20571 991
90704 991
116757 991
191382 991
238369 991
407908 991
5138 994
75941 994
102864 1018
224684 1018
300185 1018
462180 1018
117816 1019
296327 1019
457642 1019
2849 1028
3460 1028
4825 1028
56436 1028
58350 1028
70287 1028
71772 1028
124082 1028
147607 1028
149819 1028
186065 1028
215184 1028
238836 1028
294495 1028
305967 1028
313182 1028
318012 1028
325027 1028
341087 1028
352323 1028
362720 1028
372872 1028
457476 1028
464888 1028
474959 1028
527901 1028
162905 1037
182183 1037
253596 1037
268719 1037
449139 1037
487654 1037
487656 1037
18871 1038
96812 3931
96824 3931
121482 3931
243863 3931
31894 1053
31895 1053
103798 1053
298986 1053
341236 1053
371692 1053
375274 1053
419250 1053
419253 1053
419254 1053
467419 1053
472622 1053
497706 1053
519348 1053
117614 1054
139711 1054
161457 1054
368364 1054
368371 1054
442550 1054
462227 1054
465116 1054
480472 1054
509896 1054
16595 1057
3365 1060
60613 1060
90677 1060
97698 1060
108640 1060
110029 1060
134894 1060
176119 1060
190418 1060
222033 1060
246286 1060
251915 1060
294519 1060
331590 1060
369501 1060
392075 1060
393447 1060
459834 1060
479755 1060
491069 1060
493057 1060
505904 1060
526090 1060
19370 1072
50246 1072
192052 1072
305365 1072
492792 1072
210605 1074
210607 1074
268119 1074
406965 1076
537922 1076
1105 1079
2511 1079
48716 1079
48720 1079
48721 1079
87932 1079
88789 1079
111172 1079
132270 1079
132274 1079
136209 1079
136211 1079
165101 1079
165389 1079
168752 1079
213186 1079
239736 1079
270233 1079
274159 1079
304562 1079
342327 1079
359267 1079
452077 1079
467217 1079
502037 1079
502827 1079
512492 1079
532594 1079
533977 1079
539584 1079
543788 1079
317591 1838
433118 1838
487032 1838
492193 1838
73466 1088
73477 1088
419978 1088
26767 3047
26769 3047
32688 3047
63369 3047
63371 3047
77328 3047
77339 3047
112824 3047
112825 3047
112827 3047
122005 3047
122007 3047
152199 3047
187294 3047
187297 3047
195054 3047
287916 3047
444048 3047
444051 3047
458949 3047
458950 3047
483106 3047
483126 3047
504543 3047
522078 3047
11312 3947
94655 3947
119215 3947
139700 3947
168868 3947
169911 3947
194584 3947
230711 3947
278973 3947
285717 3947
369456 3947
375306 3947
381571 3947
393415 3947
397353 3947
517172 3947
517456 3947
527594 3947
5747 1114
7083 1114
26901 1114
87846 1114
104062 1114
143271 1114
146623 1114
181922 1114
239992 1114
278593 1114
390656 1114
503505 1114
57365 1135
274517 1135
293647 1135
293659 1135
293662 1135
496855 1136
496857 1136
89972 1137
163303 1137
165121 1137
223142 1137
272427 1137
314957 1137
316782 1137
441755 1137
482876 1137
530563 1137
489209 3934
85046 1143
119819 1143
172824 1143
201863 1143
248716 1143
263268 1143
345974 1143
538610 1143
413498 1150
58392 1152
408944 1152
22153 1162
22154 1162
243593 1162
544099 1162
544101 1162
546671 1162
547406 1162
24662 1676
43435 1676
43439 1676
65780 1676
75851 1676
98042 1676
109195 1676
122538 1676
130635 1676
214433 1676
214441 1676
254723 1676
267623 1676
280853 1676
282965 1676
282967 1676
283195 1676
350170 1676
361086 1676
365599 1676
366969 1676
373230 1676
403170 1676
443596 1676
494728 1676
528029 1676
133283 1185
221229 1185
284087 1185
294372 1185
437004 1185
437009 1185
437010 1185
316720 1187
441613 1187
107680 1198
119170 1198
216471 1198
270034 1198
294506 1198
487945 1198
494471 1198
505411 1198
524009 1198
490377 1203
245030 1208
334490 1208
5912 1211
10634 1211
154396 1211
171724 1211
184624 1211
187693 1211
192194 1211
256469 1211
316824 1211
341397 1211
346359 1211
375557 1211
432330 1211
474939 1211
474942 1211
474945 1211
474946 1211
25829 1214
55491 1214
226536 1214
435660 1214
435700 1214
435716 1214
459853 1214
496805 1214
504979 1214
8285 1224
80361 1224
336577 1224
346464 1224
430590 1224
520037 1224
218100 1237
292127 1237
301237 1237
333442 1237
450744 1237
522957 1237
533302 1237
121188 1239
160502 1239
216817 1239
64869 1257
100932 1257
200920 1257
210859 1257
267416 1257
495066 1257
17239 1271
101389 1271
276154 1271
387833 1271
417412 1271
424750 1271
501768 1271
179558 1289
258340 1289
258343 1289
421693 1289
421694 1289
4624 1313
214232 1313
516499 1313
33374 1322
349932 1322
149139 1325
149143 1325
149144 1325
149145 1325
171543 1325
209225 1333
256705 1333
322648 1333
348165 1333
538888 1333
340825 4328
117069 1344
223212 1344
67537 1345
352253 1345
392495 1345
394236 1345
394241 1345
532448 1345
7557 1383
33603 1383
75311 1383
85219 1383
92811 1383
96207 1383
117368 1383
142827 1383
162776 1383
206674 1383
280523 1383
290394 1383
308901 1383
343097 1383
366745 1383
414409 1383
422934 1383
426267 1383
515051 1383
518671 1383
325045 1386
325048 1386
328245 1386
369720 1386
373310 1386
421283 1386
502726 1386
8334 1402
12983 1402
12985 1402
45252 1402
78005 1402
120449 1402
149759 1402
168585 1402
185541 1402
197411 1402
207306 1402
213313 1402
264630 1402
293343 1402
462233 1402
535978 1402
544121 1402
53560 3334
64572 3334
65000 3334
68257 3334
71640 3334
81499 3334
84239 3334
102941 3334
137824 3334
145911 3334
145932 3334
150243 3334
166867 3334
194836 3334
200952 3334
233632 3334
237442 3334
276649 3334
310305 3334
319620 3334
324456 3334
325553 3334
326762 3334
357095 3334
372675 3334
384360 3334
390782 3334
421764 3334
423381 3334
427308 3334
459129 3334
487636 3334
491070 3334
509448 3334
519807 3334
533527 3334
541584 3334
50387 1414
152370 1414
178467 1414
250185 1414
272098 1419
329071 1419
381137 1419
434278 1419
482499 1419
487438 1419
512302 1419
513830 1419
16644 1423
21173 1423
196875 1423
243839 1423
315660 1423
323571 1423
455142 1423
302567 3720
260781 1428
364650 1428
478744 1428
505924 1428
128544 1438
443 3016
19197 3016
70513 3016
86888 3016
104176 3016
105204 3016
128705 3016
139840 3016
161232 3016
165430 3016
185636 3016
195461 3016
200228 3016
216567 3016
219107 3016
278001 3016
302507 3016
312166 3016
318376 3016
360679 3016
410980 3016
457300 3016
475488 3016
487943 3016
489751 3016
508801 3016
521872 3016
523591 3016
524008 3016
533027 3016
19756 2371
20550 2371
94878 2371
139102 2371
244824 2371
379152 2371
435000 2371
441305 2371
502108 2371
18588 1458
302362 1458
325088 1458
367797 1458
411305 1458
415466 1458
424871 1458
80429 1464
86199 1464
87073 1464
138399 1464
191707 1464
262286 1464
364200 1464
387987 1464
404725 1464
489673 1464
12382 1465
150444 1465
216938 1465
290148 1465
324252 1465
325240 1465
384227 1465
526724 1465
214558 1473
280574 1473
370607 1473
428574 1473
496793 1473
496834 1473
22190 4961
55057 4961
62762 4961
100606 4961
101145 4961
104766 4961
104768 4961
104770 4961
104778 4961
119023 4961
119025 4961
175382 4961
202441 4961
289740 4961
289742 4961
289743 4961
289746 4961
289751 4961
289753 4961
289754 4961
289755 4961
289756 4961
289760 4961
411902 4961
441676 4961
485327 4961
524040 4961
34464 1487
53577 1487
115788 1487
443467 1487
14011 2953
19088 2953
65997 2953
107706 2953
107709 2953
107716 2953
107776 2953
122553 2953
135151 2953
135539 2953
196367 2953
211235 2953
226384 2953
234872 2953
243825 2953
285418 2953
311950 2953
312017 2953
324629 2953
342254 2953
456222 2953
521994 2953
87769 1502
118077 1502
122815 1502
167100 1502
210348 1502
214773 1502
274196 1502
340409 1502
412316 1502
445673 1502
478705 1502
46901 3259
65002 3259
148286 3259
201129 3259
203622 3259
260126 3259
294724 3259
315974 3259
361607 3259
374151 3259
441057 3259
445680 3259
478857 3259
484183 3259
485621 3259
12886 1544
250240 1544
362762 1544
367182 1544
373837 1544
418510 1544
418514 1544
97106 1548
195027 1555
246031 1555
362905 1555
413700 1558
60316 4025
62937 4025
246646 4025
544163 4025
545245 4025
547205 4025
547944 4025
548137 4025
236319 1576
287450 1576
324553 1576
326801 1576
355078 1576
488055 1576
496357 1576
532242 1576
21053 1603
78534 1603
95177 1603
109927 1603
155380 1603
237103 1603
263493 1603
348315 1603
420886 1603
466235 1603
490239 1603
283859 1606
404474 1606
424093 1606
457110 1606
124773 1608
222735 1608
365448 1608
489152 1608
159172 1609
462347 1609
474241 1609
89572 1610
452209 1610
241485 1626
255943 1626
269112 1626
282855 1626
516988 1626
23785 2371
68823 1641
75157 1641
88617 1641
99183 1641
172446 1641
249808 1641
348925 1641
426724 1641
508485 1641
26567 1642
138036 1642
162823 1642
169502 1642
209923 1642
530596 1642
140741 1643
273675 1643
305809 1643
336994 1643
116407 1644
438364 1644
1585 2423
148532 2423
159036 2423
300116 2423
300117 2423
300120 2423
310216 2423
335158 2423
335159 2423
335171 2423
341594 2423
351682 2423
425066 2423
425067 2423
429655 2423
488537 2423
513170 2423
532991 2423
39366 1674
168827 1674
209002 1674
505531 1674
62113 1676
251941 1676
69805 1693
81384 1693
65047 1703
546586 1703
522664 1735
162739 1736
179026 1736
424078 1736
429428 1736
510004 1736
510005 1736
510016 1736
10711 3100
70709 3100
73196 3100
143147 3100
168084 3100
200962 3100
201617 3100
210144 3100
215148 3100
248505 3100
276648 3100
293920 3100
313563 3100
339079 3100
371116 3100
373238 3100
418827 3100
428857 3100
452678 3100
465744 3100
487986 3100
497754 3100
523753 3100
527849 3100
34120 3954
184680 3954
219207 3954
293154 3954
300584 3954
300590 3954
451794 3954
519084 3954
259399 1752
421963 1752
11663 1759
352260 1759
356500 1759
542038 1759
298731 1760
546176 4025
546178 4025
547107 4025
548142 4025
153688 2692
189151 2692
199179 2692
231860 2692
231862 2692
231865 2692
238339 2692
256663 2692
260324 2692
288738 2692
347684 2692
368721 2692
398297 2692
405970 2692
407932 2692
506485 2692
139762 1774
139757 1787
188198 1787
432213 1787
510439 1787
510441 1787
141471 1789
269532 1789
59586 4189
60022 4189
100707 4189
119487 4189
128025 4189
143005 4189
166165 4189
166170 4189
166173 4189
167893 4189
191264 4189
191279 4189
244171 4189
307846 4189
424622 4189
424626 4189
505371 4189
505374 4189
533174 4189
8624 2199
167296 2199
201470 2199
208857 2199
278798 2199
314560 2199
314562 2199
321722 2199
371764 2199
480955 2199
503374 2199
503379 2199
507101 2199
528245 2199
14038 1801
82894 1801
124281 1801
124283 1801
130050 1801
245958 1801
245961 1801
245966 1801
325421 1801
336426 1801
364774 1801
429855 1801
144151 1804
208740 1804
239067 1804
243438 1804
276109 1804
328728 1804
367291 1804
486875 1804
15270 2563
66281 2563
130135 2563
144241 2563
158407 2563
171071 2563
242712 2563
362431 2563
370106 2563
373682 2563
420969 2563
447474 2563
518949 2563
519172 2563
279582 1825
358797 1825
470929 1825
42128 1831
134868 1831
158917 1831
190509 1831
212517 1831
364015 1831
380892 1831
435607 1831
471818 1831
31054 1833
277519 1833
482225 1833
527073 1833
538805 1833
85039 1835
142163 1835
247773 1835
272462 1835
356263 1835
358351 1835
410235 1835
515489 1835
541930 1835
77445 1842
173625 3273
32082 1851
35642 1851
163587 1851
286958 1851
437349 1851
153672 1852
493461 1852
169423 1856
528417 1856
35213 1858
42560 1858
62352 1867
111230 1867
421254 1867
71069 1889
476657 1889
494030 1889
14948 2764
32065 2764
42826 2764
63151 2764
68116 2764
73128 2764
87891 2764
93317 2764
129997 2764
134663 2764
156457 2764
159988 2764
193110 2764
194944 2764
197841 2764
199507 2764
206283 2764
233996 2764
247651 2764
260469 2764
276007 2764
284796 2764
299112 2764
321831 2764
326225 2764
353013 2764
371067 2764
380776 2764
399039 2764
410759 2764
416423 2764
422155 2764
446503 2764
452082 2764
465402 2764
495357 2764
497384 2764
501277 2764
510562 2764
512468 2764
518125 2764
518984 2764
540659 2764
540861 2764
284931 1893
364317 1893
364353 1893
388131 1893
388132 1893
388133 1893
397878 1893
119385 3273
30679 1905
8287 1911
13998 1911
16240 1911
18134 1911
38783 1911
59151 1911
147916 1911
182078 1911
222180 1911
244192 1911
247042 1911
343725 1911
434815 1911
466190 1911
468048 1911
508080 1911
45548 1916
215266 1916
249771 1916
360314 1916
468231 1916
532208 1916
16383 1945
201221 1945
403163 1945
54044 1950
423281 1950
514837 1950
126223 1987
131652 1987
163166 1987
234758 1987
309704 1987
417203 1987
468065 1987
492552 1987
3373 1991
13472 1991
13475 1991
50948 1991
54958 1991
339002 1991
393765 1991
520150 1991
130442 1993
356449 1993
502349 1993
502359 1993
502398 1993
101649 1995
102034 1995
102035 1995
413287 1995
141498 1997
162722 1997
287495 1997
1965 2001
1978 2001
4704 2001
8934 2001
37874 2001
68131 2001
158734 2001
158906 2001
167220 2001
229030 2001
239165 2001
247783 2001
353741 2001
362545 2001
384540 2001
534698 2001
175864 2002
251123 2002
275566 2002
275571 2002
275574 2002
317208 2002
351650 2002
396430 2002
459875 2002
68954 2020
280691 2020
365863 2020
365867 2020
375612 2020
400343 2020
407103 2020
424491 2020
449703 2020
118454 2044
205328 2044
210580 2044
303442 2044
312313 2044
373401 2044
68775 4189
188036 4189
269006 4189
501967 4189
14960 2053
353462 2053
473895 2053
413095 2096
413096 2096
463313 2096
463934 2096
475234 2060
226543 2408
237756 2408
354090 2408
499414 2408
58633 2070
340186 2070
266568 2072
340791 2072
412272 2072
453272 2072
526727 2072
62000 3647
90315 3647
139540 3647
158287 3647
168553 3647
168555 3647
174935 3647
186990 3647
203274 3647
214187 3647
232163 3647
283031 3647
290071 3647
297405 3647
302333 3647
306688 3647
312934 3647
328685 3647
351686 3647
364541 3647
384433 3647
408237 3647
463162 3647
470264 3647
496096 3647
499025 3647
515701 3647
518975 3647
521507 3647
531261 3647
58989 2076
219743 2076
219746 2076
219748 2076
219755 2076
398509 2076
529963 2076
543367 2076
76799 2081
228369 2081
228371 2081
406903 2081
526356 2081
10054 2082
26713 2082
58514 2082
70100 2082
75004 2082
96488 2082
163865 2082
172242 2082
172243 2082
219976 2082
219977 2082
219978 2082
219980 2082
228233 2082
228236 2082
228239 2082
236243 2082
247838 2082
248267 2082
292202 2082
312163 2082
336176 2082
336180 2082
336198 2082
360344 2082
397072 2082
415652 2082
430126 2082
435244 2082
435249 2082
446646 2082
448629 2082
502394 2082
535490 2082
27766 2647
42371 2647
183393 2647
195636 2647
219654 2647
440526 2647
14859 2084
27964 2084
159043 2084
223851 2084
358132 2084
8157 2086
404155 2086
138475 2089
149247 2089
149250 2089
425892 2094
353654 2099
500504 2117
71651 2121
136931 2121
344376 2121
28346 2125
382295 2125
493122 2125
19752 3675
36397 3675
103633 3675
113052 3675
237888 3675
516643 3675
39024 2142
340358 2142
346686 2142
348122 2142
382265 2142
406622 2142
461663 2142
5453 2552
78987 2552
96792 2552
132284 2552
242538 2552
127346 4382
545427 4382
545429 4382
547254 4382
547256 4382
12742 2182
242504 2182
352232 2182
372442 2182
425543 2182
428381 2182
470671 2182
485488 2182
222855 2183
226168 2183
241283 2184
309494 2184
54237 2192
139208 2192
161829 2192
215794 2192
253322 2192
269821 2192
291619 2192
387913 2192
446679 2192
507731 2192
507736 2192
507737 2192
507750 2192
80144 2193
205236 2193
212864 2193
212867 2193
212869 2193
223206 2193
434083 2193
495397 2193
71107 2199
191306 2199
233613 2199
245602 2199
307426 2199
394812 2199
449979 2199
515033 2199
35096 2200
68020 2200
100656 2200
144036 2200
166163 2200
174757 2200
191283 2200
191284 2200
239725 2200
250018 2200
308709 2200
310642 2200
315965 2200
348335 2200
364316 2200
413326 2200
424623 2200
424628 2200
446669 2200
450131 2200
485307 2200
520489 2200
230959 2204
282607 2204
363928 2204
493355 2204
59813 2217
104569 2217
164456 2217
245585 2217
311064 2217
430982 2217
334107 2250
378674 2250
1015 3931
231400 3931
466135 3931
146898 2287
221788 2287
247776 2287
325697 2287
325701 2287
476489 2287
514817 2287
529612 2287
541928 2287
78909 2288
215320 2288
224554 2288
369575 2288
530108 2288
539677 2288
252628 2292
463961 2292
485383 2292
12629 2300
41702 2300
67693 2300
89528 2300
90297 2300
92608 2300
96938 2300
114916 2300
132917 2300
133918 2300
157752 2300
189521 2300
211515 2300
236396 2300
315562 2300
342020 2300
368609 2300
389835 2300
466850 2300
486160 2300
520870 2300
23051 2325
122983 2325
362571 2325
458331 2325
192722 2329
365437 2329
299842 2346
434493 2346
434495 2346
438850 2346
535349 2346
535350 2346
4085 2347
10486 2347
60002 2347
415440 2347
508129 2347
207803 2350
38822 3983
320805 3100
26233 2374
87261 2374
251237 2374
360195 2374
3670 2376
316153 2376
22826 2381
126841 2381
263014 2381
287458 2381
33771 2383
271638 2383
523952 2383
11141 2384
79941 2384
104574 2384
129272 2384
173927 2384
289804 2384
336133 2384
353501 2384
410519 2384
424655 2384
427212 2384
512038 2384
541814 2384
237914 2408
132457 2425
191796 2425
195043 2425
200224 2425
204353 2425
204354 2425
282391 2425
300953 2425
401574 2425
415565 2425
416429 2425
446733 2425
504361 2425
538078 2425
42216 2428
49638 2428
49701 2428
49712 2428
74289 2428
74300 2428
116418 2428
126979 2428
194691 2428
213232 2428
220897 2428
427050 2428
462565 2428
148017 2429
148080 2429
239036 2429
247263 2429
262790 2430
353463 2430
428005 2430
6936 2440
24169 2440
104066 2440
218474 2440
246022 2440
265339 2440
344497 2440
437263 2440
466104 2440
523617 2440
526436 2440
217261 2471
221400 2471
158129 2472
33551 3954
129718 2477
172754 2477
295873 2477
506571 2477
7354 3987
14088 3987
34701 3987
48881 3987
67485 3987
95456 3987
116168 3987
117507 3987
123033 3987
158156 3987
165937 3987
171152 3987
198470 3987
244847 3987
269951 3987
274645 3987
284716 3987
335564 3987
342933 3987
359712 3987
396939 3987
420729 3987
421169 3987
424495 3987
442249 3987
476202 3987
486744 3987
497038 3987
544993 3987
4015 4004
48899 4004
133720 4004
223513 4004
318905 4004
342041 4004
357018 4004
478326 4004
541015 4004
206810 2492
113067 2493
131985 2493
234545 2493
310111 2493
35651 2494
60708 2494
70392 2494
107783 2494
517993 2494
70432 2495
149458 2495
272922 2495
324533 2495
351983 2495
411467 2495
293336 2503
413584 2503
12902 3668
25476 3668
25478 3668
81346 3668
103249 3668
221601 3668
221609 3668
223808 3668
247642 3668
258835 3668
261988 3668
319151 3668
335964 3668
344218 3668
383707 3668
408412 3668
441718 3668
458212 3668
468887 3668
496832 3668
526824 3668
536622 3668
538751 3668
538752 3668
501529 2552
76857 2559
192190 2559
224555 2559
418493 2559
425504 2560
448700 2560
307057 2563
95586 2565
95587 2565
123842 2565
123844 2565
123845 2565
139010 2565
197816 2565
197817 2565
197821 2565
312064 2565
136220 4158
136222 4158
267333 4158
543483 4158
89730 2982
122147 2982
282768 2982
415037 2982
152001 2571
197818 2571
126397 2587
268312 2587
336038 2587
376244 2587
461964 2587
310063 2594
360181 2594
394975 2594
26950 4266
53522 4266
70364 4266
80737 4266
102770 4266
118665 4266
123802 4266
127411 4266
173699 4266
256539 4266
258931 4266
270490 4266
280839 4266
435495 4266
447308 4266
463627 4266
479547 4266
513436 4266
522331 4266
523504 4266
524343 4266
524821 4266
530112 4266
531334 4266
524110 2635
248053 2650
252184 2650
264966 2650
20879 3680
194100 3680
322414 3680
346530 3680
372634 3680
372637 3680
521731 3680
190062 2666
274521 2666
328123 2666
405565 2666
32115 2706
193098 2706
380604 2706
428448 2706
477532 2711
515304 2711
413965 2714
462145 2714
520468 2718
529818 2718
175831 2724
270174 2724
270293 2724
471355 2724
471370 2724
471375 2724
471377 2724
471380 2724
19341 2731
23890 2731
23916 2731
47744 2731
55043 2731
61178 2731
65008 2731
66096 2731
67395 2731
91592 2731
103544 2731
114473 2731
120380 2731
131093 2731
135702 2731
139089 2731
141711 2731
142427 2731
156691 2731
162652 2731
163920 2731
181953 2731
189013 2731
200271 2731
210992 2731
212553 2731
215914 2731
220330 2731
234271 2731
235970 2731
250182 2731
279216 2731
327890 2731
358034 2731
363926 2731
367285 2731
368176 2731
373188 2731
389871 2731
397590 2731
421557 2731
423859 2731
426269 2731
433843 2731
444750 2731
445441 2731
475581 2731
515659 2731
522750 2731
544898 2731
8533 2732
11683 2732
13850 2732
22036 2732
34011 2732
42769 2732
50574 2732
56822 2732
73601 2732
92249 2732
98536 2732
140265 2732
165124 2732
170461 2732
171214 2732
172228 2732
184612 2732
208216 2732
213303 2732
224371 2732
225637 2732
237646 2732
262995 2732
268848 2732
279185 2732
303673 2732
313078 2732
316345 2732
357203 2732
360161 2732
373473 2732
380727 2732
382881 2732
392875 2732
403958 2732
414636 2732
439593 2732
440566 2732
440606 2732
453411 2732
464863 2732
501634 2732
502786 2732
503628 2732
520005 2732
541185 2732
221362 2749
336486 2749
280988 3100
517019 3747
390225 2763
7219 2764
204899 2764
97561 2770
114732 2770
150327 2770
185709 2770
332264 2770
446008 2770
446010 2770
446011 2770
62919 2772
111580 2772
212352 2772
248013 2772
335458 2772
396966 2772
152840 2773
161205 2773
171167 2773
381447 2773
505203 2773
323988 2774
539229 2774
2694 2775
74217 2775
149937 2775
271996 2775
469316 2775
498928 2775
6984 2777
145595 2777
152968 2777
367669 2777
531166 2777
487135 2808
68136 2810
168437 2810
274280 2810
350351 2810
388282 2810
471342 2810
99000 2812
205050 2812
251359 2812
343813 2812
360916 2812
87659 2816
73329 2823
98270 2823
118840 2823
235847 2823
284992 2823
372995 2823
13922 2835
48340 2835
405403 2835
430146 2835
452788 2835
493034 2835
406400 4158
438775 4158
540298 4158
123654 2880
42046 2883
11074 2900
105139 2900
201095 2900
221647 2900
347908 2900
381506 2900
388324 2900
72994 2903
288816 2903
521 2920
70004 2920
127332 2920
148870 2920
169697 2920
173687 2920
174097 2920
210373 2920
233313 2920
235362 2920
292843 2920
330506 2920
356349 2920
401127 2920
404185 2920
513756 2920
90938 2935
214452 2935
244240 2935
246173 2935
336770 2935
391524 2935
537816 2935
125167 2937
202927 2937
64051 2938
317337 2938
329327 2938
13933 3274
30971 3274
34580 3274
41775 3274
58875 3274
105780 3274
139315 3274
231618 3274
329970 3274
335883 3274
422134 3274
507204 3274
508883 3274
516740 3274
521453 3274
530613 3274
539201 3274
2517 2946
13948 2946
58522 2946
118905 2946
143603 2946
149744 2946
224211 2946
226965 2946
279708 2946
282410 2946
301181 2946
328021 2946
328447 2946
419721 2946
430559 2946
33345 3276
316409 3276
166202 2949
382445 2949
386562 2949
406338 2949
457915 2949
467177 2949
50774 2955
62962 2955
102093 2955
112326 2955
293362 2955
391145 2955
396595 2955
414633 2955
521099 2955
374480 2969
492500 2969
247239 2982
1200 2992
51113 2992
80433 2992
87071 2992
89970 2992
142400 2992
152589 2992
164387 2992
167882 2992
189124 2992
226140 2992
256580 2992
279755 2992
317090 2992
330293 2992
342871 2992
354088 2992
354565 2992
423673 2992
463745 2992
474381 2992
531792 2992
50739 2997
82953 2997
148423 2997
369409 2997
369455 2997
451280 2997
453071 2997
477597 2997
502452 2997
514143 2997
534712 2997
36521 2998
325123 2998
342902 2998
405679 2998
405684 2998
495822 2998
495823 2998
495829 2998
100582 2999
129861 2999
144441 2999
250015 2999
294760 2999
316076 2999
330976 2999
366337 2999
22545 3000
49608 3000
117583 3000
141177 3000
311003 3000
436233 3000
411 3001
25558 3001
111832 3001
172588 3001
207834 3001
536254 3001
45287 3005
192266 3005
252021 3005
337084 3005
84836 3008
519897 3008
7099 3016
29103 3018
55457 3018
65312 3018
84639 3018
85900 3018
109242 3018
110457 3018
114761 3018
122965 3018
140945 3018
150359 3018
154377 3018
164602 3018
232317 3018
272804 3018
275458 3018
317034 3018
319392 3018
371964 3018
383679 3018
395887 3018
407219 3018
422634 3018
488010 3018
508669 3018
537703 3018
543414 3018
227369 3034
286151 3034
27959 3035
137763 4436
137766 4436
183412 4436
6231 3095
112285 3095
182145 3095
301684 3095
463938 3095
221789 3097
433711 3097
437733 3097
72226 3101
175144 3101
185626 3101
233084 3101
246160 3101
268827 3101
295134 3101
337917 3101
411027 3101
440817 3101
4464 3836
190377 3836
193030 3836
229447 3836
379369 3836
403309 3836
422198 3836
494068 3836
511456 3836
522935 3836
52939 3121
279190 3121
426017 3121
498679 3121
156820 3139
327382 3139
381820 3139
424741 3139
429668 3139
453462 3139
482450 3139
531036 3139
542246 3139
55017 4923
158534 4923
339500 4923
469396 4923
50647 3198
338877 3198
357762 3198
193320 4961
193323 4961
354662 4961
31020 3213
49744 3213
133331 3213
533555 3213
286624 3216
331605 3216
51981 3225
342981 3225
262320 3259
62960 3272
120296 3272
122211 3272
22157 3274
251787 3274
6224 3281
6664 3281
22968 3281
54773 3281
63856 3281
100755 3281
102969 3281
120984 3281
154218 3281
155754 3281
160996 3281
244526 3281
287618 3281
316855 3281
339744 3281
339755 3281
349850 3281
350200 3281
353156 3281
382934 3281
402866 3281
483719 3281
489148 3281
495858 3281
508515 3281
519067 3281
521609 3281
526783 3281
35867 3286
369336 3286
484428 3286
9453 3291
51371 3291
51382 3291
213650 3291
432282 3291
34799 3302
34802 3302
58848 3302
345624 3302
516523 3302
520546 3302
62211 3314
99302 3314
123836 3314
154277 3314
154282 3314
209163 3314
236304 3314
344610 3314
359862 3314
372706 3314
407647 3314
431741 3314
522205 3314
473502 3320
495814 3320
193837 3328
448427 3328
39576 3984
147000 3984
170690 3984
188807 3984
265910 3984
316854 3984
334559 3984
461532 3984
520878 3984
116101 3986
178800 3986
257678 3986
294220 3986
313315 3986
377735 3986
450376 3986
488765 3986
524390 3986
22388 4436
31673 4436
69451 4436
102350 4436
126868 4436
152486 4436
228695 4436
240517 4436
285376 4436
436108 4436
525422 4436
541545 4436
150183 3357
392423 3357
315316 3359
21270 3362
84409 3362
262923 3362
412703 3362
29866 3363
192608 3363
232195 3363
468680 3363
478760 3363
518522 3425
411330 3451
419262 3451
394597 3452
402636 3452
470197 3452
112786 3476
112792 3476
235293 3476
347667 3476
42023 3486
80532 3486
19679 3489
35455 3489
112758 3489
162648 3489
206800 3489
212546 3489
289400 3489
303846 3489
304830 3489
360825 3489
369143 3489
379571 3489
380999 3489
425198 3489
442046 3489
464920 3489
499196 3489
19778 3862
69991 3862
80880 3862
111814 3862
117075 3862
126017 3862
162714 3862
174023 3862
178367 3862
202699 3862
237543 3862
270302 3862
294787 3862
319959 3862
342978 3862
362454 3862
407678 3862
416640 3862
417607 3862
425882 3862
429837 3862
522719 3862
536549 3862
68582 3525
48712 3557
472423 3557
500803 3557
92185 4804
111312 4804
185837 4804
188895 4804
200591 4804
208936 4804
247407 4804
265543 4804
271882 4804
331338 4804
379522 4804
517885 4804
531049 4804
242613 3607
357172 3607
381138 3607
405013 3607
249936 3647
138993 3668
172808 3668
442764 3668
198530 3671
215365 3671
217086 3671
223267 3671
288236 3671
315835 3671
338513 3671
357585 3671
396677 3671
397738 3671
425450 3671
425466 3671
428867 3671
444210 3671
474021 3671
68127 4167
70872 4167
224925 4167
350881 4167
223157 3685
373568 3685
397512 3685
421220 3685
448241 3685
155697 3698
199787 3698
493941 3698
1822 3700
4645 3700
7001 3700
17716 3700
29516 3700
46774 3700
47682 3700
47750 3700
51619 3700
52944 3700
75510 3700
83064 3700
87508 3700
90166 3700
90546 3700
93372 3700
94201 3700
103529 3700
107221 3700
110031 3700
111430 3700
116789 3700
121895 3700
125772 3700
141236 3700
143470 3700
143980 3700
150139 3700
151205 3700
159553 3700
164421 3700
173327 3700
178341 3700
183478 3700
184995 3700
185045 3700
186598 3700
190384 3700
193112 3700
197286 3700
199857 3700
202049 3700
214048 3700
214971 3700
218002 3700
218826 3700
220496 3700
232138 3700
235790 3700
243709 3700
250774 3700
254853 3700
257338 3700
269544 3700
283617 3700
285611 3700
285967 3700
291289 3700
297914 3700
300365 3700
303420 3700
311029 3700
315058 3700
316269 3700
321713 3700
326307 3700
333346 3700
334633 3700
336115 3700
348376 3700
350190 3700
351105 3700
354879 3700
356552 3700
357034 3700
357757 3700
360852 3700
363412 3700
366509 3700
366691 3700
367642 3700
371490 3700
372898 3700
375374 3700
376886 3700
381792 3700
384707 3700
386841 3700
400446 3700
401615 3700
407566 3700
410605 3700
418859 3700
425538 3700
437872 3700
439577 3700
446414 3700
456757 3700
463662 3700
469419 3700
472011 3700
472190 3700
490624 3700
490853 3700
494409 3700
501167 3700
501544 3700
516259 3700
526811 3700
527570 3700
528346 3700
531024 3700
541918 3700
543550 3700
544242 3700
852 3702
2556 3702
49336 3702
70350 3702
90820 3702
103626 3702
150211 3702
160859 3702
170622 3702
218600 3702
222789 3702
224305 3702
292251 3702
329483 3702
330153 3702
358490 3702
367698 3702
407147 3702
409740 3702
420580 3702
424145 3702
444965 3702
448512 3702
513011 3702
517958 3702
524313 3702
182679 3722
215409 3722
545044 4025
113034 4382
262492 3736
311323 3987
331778 3987
381847 3987
47347 3764
53681 3764
282318 3764
108179 3768
149474 3782
436264 3782
467909 3782
487083 3782
506541 3782
212909 3783
237561 3783
242766 3783
496699 3783
194702 3784
445930 3784
517962 3784
80680 3786
422374 3786
450180 3786
161427 3796
10732 3814
14315 3814
50147 3814
67649 3814
142383 3814
147778 3814
165469 3814
199231 3814
230958 3814
262023 3814
280689 3814
288316 3814
394334 3814
405948 3814
429163 3814
529054 3814
2249 3817
121594 3817
154675 3817
179871 3817
179872 3817
286571 3817
286573 3817
339819 3817
388255 3817
420407 3817
518925 3817
518930 3817
519237 3817
22295 3819
183949 3819
322370 3819
450136 3819
460518 3819
481511 3819
529748 3819
541480 3819
111650 3821
224387 3821
264562 3821
290301 3821
331618 3821
355806 3821
380405 3821
444646 3821
531144 3821
37475 3823
198566 3823
295160 3823
313191 3823
471388 3823
7667 3830
199697 3830
226854 3830
341839 3830
323531 3831
323532 3831
323534 3831
460955 3831
7923 3836
47375 3836
50651 3836
68214 3836
72090 3836
75316 3836
93106 3836
105321 3836
142439 3836
145710 3836
145912 3836
167436 3836
196138 3836
222381 3836
224414 3836
237499 3836
249165 3836
262203 3836
271676 3836
296406 3836
297160 3836
329897 3836
335880 3836
351614 3836
353214 3836
395631 3836
399100 3836
406877 3836
423205 3836
430505 3836
446578 3836
447126 3836
459882 3836
467567 3836
488489 3836
490905 3836
499869 3836
534791 3836
159867 3859
416387 3859
38836 3862
158208 3988
38200 4737
98484 4737
112070 4737
116596 4737
120989 4737
159037 4737
224453 4737
227376 4737
242997 4737
286336 4737
287610 4737
362406 4737
433658 4737
441901 4737
447429 4737
470445 4737
515812 4737
516817 4737
517161 4737
519642 4737
527598 4737
531957 4737
535727 4737
96828 3931
260329 3931
8323 3967
198204 3967
53049 3969
96237 3969
185560 3969
209375 3969
374105 3969
468184 3969
41743 3970
49344 3970
66396 3970
115914 3970
232402 3970
315408 3970
495573 3970
41015 3980
152512 3980
375133 3980
394515 3980
482169 3980
504629 3980
8692 3986
23486 3986
47961 3986
85096 3986
103262 3986
128002 3986
145288 3986
148592 3986
150787 3986
151088 3986
154776 3986
163339 3986
164111 3986
165032 3986
174682 3986
190629 3986
194740 3986
203458 3986
213196 3986
222987 3986
236168 3986
251371 3986
260179 3986
266243 3986
277846 3986
306761 3986
318984 3986
362442 3986
365635 3986
367031 3986
410900 3986
413457 3986
518817 3986
519367 3986
520715 3986
523261 3986
536093 3986
540171 3986
544840 3986
28152 3987
450417 3987
314370 4004
349893 4004
21106 4017
49504 4017
225450 4017
228363 4017
320295 4017
355676 4017
512502 4017
513547 4017
529251 4017
306740 4041
22700 4066
175581 4066
198253 4066
488040 4066
29702 4082
46220 4082
54207 4082
79265 4082
79273 4082
79274 4082
81591 4082
155786 4082
249355 4082
251263 4082
251991 4082
259996 4082
279902 4082
353346 4082
395041 4082
485641 4082
523107 4082
40932 4121
60426 4121
69992 4121
121380 4121
135271 4121
144956 4121
178173 4121
196826 4121
222160 4121
289417 4121
302416 4121
388977 4121
425745 4121
453129 4121
467926 4121
351364 4122
473115 4122
175072 4158
177231 4158
306263 4158
402571 4158
10980 4179
68852 4179
384492 4179
520171 4179
331090 4194
132950 4203
176263 4203
176270 4203
202686 4203
222274 4203
274441 4203
305768 4203
415354 4203
482125 4203
3069 4235
81664 4235
203243 4235
333710 4235
468467 4235
492665 4235
540757 4235
17994 4272
27468 4272
67232 4272
133986 4272
162036 4272
182146 4272
279061 4272
288871 4272
381698 4272
435800 4272
519796 4272
19614 4280
267299 4280
483438 4280
77973 4328
104619 4328
138098 4328
157451 4328
200073 4328
215235 4328
272992 4328
341906 4328
396912 4328
451406 4328
475476 4328
520641 4328
540456 4328
217508 4330
496276 4330
526306 4330
513131 4357
10641 4407
53936 4407
78875 4407
182663 4407
271001 4407
353275 4407
398993 4407
165139 4410
484369 4410
491995 4429
25950 4432
87423 4432
128646 4432
357272 4432
88172 4435
283516 4435
390746 4435
49148 4450
145180 4450
376640 4450
411004 4450
462064 4450
531521 4450
3464 4457
105174 4457
126775 4457
205091 4457
355231 4457
91773 4493
237173 4493
346293 4493
462501 4493
131442 4496
233222 4496
441855 4496
26369 4617
260532 4617
341836 4617
411791 4617
469669 4617
509074 4617
33528 4564
35633 4564
392206 4564
409773 4564
462036 4564
448106 4606
491470 4606
461804 4617
55712 4670
55719 4670
186838 4670
325058 4670
346881 4670
470876 4670
470886 4670
196562 4737
302796 4737
452842 4737
63368 4744
157272 4744
256198 4744
373528 4744
427654 4744
466283 4744
482155 4744
497000 4744
517875 4744
198684 4752
386738 4752
392437 4752
470404 4752
19835 4757
41045 4757
104898 4757
110488 4757
116452 4757
159145 4757
186229 4757
219498 4757
278766 4757
296598 4757
324908 4757
347653 4757
353224 4757
407840 4757
425169 4757
439845 4757
472922 4757
507160 4757
520774 4757
29205 4761
82225 4761
84104 4761
130124 4761
256587 4761
320826 4761
344925 4761
517445 4761
38037 4768
409524 4768
458245 4768
507317 4768
27423 4774
47053 4774
71686 4774
71689 4774
140141 4774
157669 4774
192596 4774
215022 4774
253721 4774
276474 4774
278502 4774
285273 4774
338869 4774
346469 4774
387683 4774
387928 4774
392657 4774
405849 4774
445736 4774
469656 4774
469658 4774
483307 4774
522171 4774
542307 4774
542308 4774
542408 4774
543045 4774
543253 4774
543652 4774
543679 4774
543680 4774
543839 4774
14073 4775
44908 4775
58975 4775
58977 4775
69337 4775
81228 4775
106100 4775
113840 4775
121514 4775
211717 4775
237111 4775
255202 4775
276695 4775
289285 4775
313954 4775
326988 4775
339225 4775
352552 4775
396697 4775
428546 4775
463576 4775
465629 4775
511063 4775
519126 4775
525489 4775
1639 4783
94267 4783
96981 4783
142820 4783
199217 4783
224937 4783
260638 4783
512204 4783
547527 4783
548255 4783
12969 4786
17440 4786
17442 4786
177782 4786
193609 4786
210707 4786
210944 4786
360223 4786
414010 4786
429334 4786
477237 4786
24458 4793
24462 4793
261193 4793
336745 4793
166893 4804
222530 4804
70878 4810
169175 4810
194234 4810
206785 4810
221525 4810
239740 4810
241200 4810
433880 4810
464218 4810
476921 4810
501773 4810
526687 4810
166768 4815
179327 4815
412931 4815
533900 4815
398645 4824
409979 4824
437578 4824
66413 4923
155096 4923
300910 4923
318079 4923
318090 4923
407868 4923
425656 4923
518217 4923
110393 4961
29564 4969
152299 4969
205580 4969
229792 4969
244404 4969
254505 4969
254507 4969
254551 4969
324623 4969
441667 4969
479346 4969
191846 10
488254 218
207193 234
324488 234
123091 238
530943 258
227789 382
439277 395
278358 407
2641 415
391377 415
490349 479
541064 479
446156 479
344511 518
141989 518
456555 780
160435 1060
72965 1060
510013 1060
521011 1060
522261 1060
330216 1060
187171 1060
232913 1060
415737 1079
316307 1079
48718 1079
303322 1079
243595 1162
318229 1208
147931 1916
459043 2084
144502 2425
200365 2425
266274 2430
282602 2559
370840 2742
213264 2763
135942 2763
178061 2763
50313 2763
279570 2763
60965 2763
341392 2763
427997 2810
71210 3273
410027 3486
171252 3486
459666 3486
383716 3668
134195 3668
310323 3668
109175 3722
304846 4752
240113 130
60469 218
114513 264
230005 264
264806 407
193742 407
150522 423
333869 442
397560 442
173427 442
174998 533
385730 533
18426 533
174631 544
103300 587
361541 657
211466 722
107722 895
47403 905
95308 1060
519036 1060
180583 1060
118408 1060
164668 1060
310594 1060
131061 1060
290324 1060
60508 1185
288072 1203
527653 1333
464555 1610
486164 1735
485348 1774
329263 2053
68779 2082
312177 2082
284405 2082
488132 2082
525524 2408
31197 2408
363420 2408
504233 2408
422490 2430
101668 2666
38444 2731
306781 2731
382724 2731
517224 2731
184458 2731
228537 2731
381003 2731
511237 2731
451671 2731
53117 2731
203903 2731
328468 2731
171345 2938
1797 2969
26829 2969
311817 2969
50167 3008
509142 3328
239582 3363
20716 3486
508717 3486
246045 3486
446826 3747
272795 3747
104372 3747
475986 3786
407872 4923
58675 18
2770 51
129804 194
409202 476
49695 587
49948 592
114810 592
467165 592
203209 673
201878 834
293656 1135
482057 1150
408416 1150
305279 1150
238430 1271
464568 1608
521750 1858
54178 2182
312007 2329
292038 2472
309625 2560
197814 2571
524891 2732
368169 2732
20763 2732
172017 2775
176683 2823
226047 2969
211634 2969
387441 2969
70071 3047
223189 3225
462023 3362
128214 3607
301119 3859
41803 3986
165935 4328
47768 4328
180578 4744
236045 17
300388 95
164015 194
333697 283
404701 369
420400 369
27841 369
544728 548
546255 548
222158 548
546016 548
316238 558
444979 603
448160 714
426533 714
393821 714
338234 714
436758 714
362460 714
170809 964
283610 964
207304 1057
465934 1072
492497 1114
156757 1114
89971 1137
131663 1162
364647 1428
85664 1626
325416 1801
196422 1801
403263 2384
338570 2711
386234 2732
234093 2732
105238 2732
347257 2732
350418 2732
217716 2732
125175 2937
409881 2992
224252 2992
197137 2992
541076 3276
435347 3451
360107 3525
197806 3668
496269 3668
422195 3668
218527 3680
275648 3722
276167 3768
379766 3814
262025 3814
153118 3862
45422 3862
250038 3862
302698 4121
366425 4121
505359 4189
534471 4189
256475 4189
211607 4194
44514 4382
541932 4450
135953 4804
344634 78
6854 188
408235 218
178222 366
256627 366
60683 458
121926 458
192628 516
272669 544
344974 656
338539 709
314450 756
405299 1060
31798 1060
509664 1060
90445 1423
540608 1502
148649 1502
138446 2408
472715 2408
213201 2425
464340 2472
207963 2571
223682 2594
408908 2749
113332 2946
2801 2946
61091 3018
75169 3018
299812 3018
98112 3276
355542 3334
200801 3334
198400 3486
370166 3486
513275 3486
283378 4158
127683 4158
374113 4328
224059 4328
160129 4737
296457 4737
254939 4815
391697 8
24632 17
30704 34
362923 212
528956 286
327211 415
65360 415
115348 442
91944 442
63647 442
335776 458
462308 458
421754 458
321153 516
380100 544
91623 544
520268 580
211436 1325
533220 1576
434497 1610
190019 1842
437352 1851
38973 1905
9834 1905
4767 1905
1282 1905
446385 1945
111610 2020
161006 2096
122368 2125
171238 2193
264947 2471
437905 2714
120970 2763
112858 2763
388235 2763
200769 2763
332244 2763
424964 2763
505955 2763
509360 2763
76514 2772
107400 2774
377041 2808
269530 2808
337825 2808
246460 2808
423625 2808
28519 3101
122115 3320
21332 3489
355619 3489
368036 3698
262028 3814
323618 3814
218139 3836
399426 3836
117624 3836
286610 3862
524158 3862
190528 3862
475036 3980
75762 3980
13589 3980
326481 3980
515094 3980
56913 3980
206540 3980
322266 4266
470056 4266
447229 4266
496657 4768
483331 4774
495189 4774
483333 4774
405851 4774
170798 4793
178783 16
335028 150
150543 240
413860 335
465991 335
76728 435
169353 435
88501 435
343145 657
519385 928
128018 928
161873 928
471737 1028
25539 1028
223160 1028
276330 1028
272055 1028
426256 1028
401775 1028
38071 1028
274340 1028
280905 1028
473668 1211
432383 1211
435715 1214
321497 1239
158841 1239
421692 1289
24554 1333
469642 1344
350956 1576
250579 1693
490941 1787
141467 1789
300785 1842
95192 2001
530074 2001
363419 2061
99443 2076
540519 2081
168522 2250
89856 2371
124119 2742
13857 2997
148417 2997
100764 3095
194322 3213
294926 3216
139994 3320
337102 3685
256266 3736
98335 3764
268686 3954
321910 3980
338300 3980
347419 3980
55701 3980
64429 3983
297644 3983
75935 3988
157635 3988
107045 3988
535153 3988
202367 4082
379495 4082
23287 4786
85809 4810
386077 4810
103897 34
449093 66
392661 93
214408 132
463048 164
512545 179
518716 194
289766 195
356140 240
119948 243
417972 243
41697 423
463844 423
410887 423
519607 501
175974 503
547250 548
547410 548
548190 548
545507 548
367118 622
136512 622
400604 622
328483 622
116233 916
268845 1136
279806 1185
504946 1214
12971 1402
80214 1402
491342 1548
91816 1644
124469 1735
42223 2060
28304 2072
364319 2200
430746 2200
246581 2200
189578 2376
366517 2376
318245 2376
233405 2376
129164 2376
184191 2376
257155 2376
417663 2376
139674 2376
466454 2376
526095 2376
354276 2376
157044 2376
148535 2423
300111 2423
487619 2563
169209 2563
305022 2900
281425 2969
112573 2969
76800 2969
445160 2969
60095 2999
479676 3139
380734 4066
103476 4158
53080 4158
505282 4203
32021 4266
131351 4757
263227 4757
331950 4804
97264 61
21232 73
376722 77
234939 98
214960 159
123096 223
314150 223
160536 257
353578 328
469736 328
505980 337
21599 399
537626 405
203701 405
322484 456
376880 456
525344 456
387968 459
360141 459
266796 459
67190 503
37664 516
327497 761
541245 761
527121 761
403329 761
48099 761
409123 761
528829 761
486979 1074
387080 1152
528782 1558
481208 1609
10602 1676
323808 1676
211097 1676
122558 1833
125857 1916
299952 2002
294698 2094
541252 2094
205786 2381
222688 2381
220705 2423
35191 2423
399968 2440
408595 2493
170584 2493
339725 2763
392965 2763
173411 2903
45501 3034
12785 3035
263292 3213
247096 3273
144017 3273
301622 3273
331650 3273
74494 3273
345246 3286
402646 3291
529242 3357
372631 3680
365793 3764
366 3817
363 3817
25566 4082
197391 4082
197416 4235
479941 4272
263489 4272
8384 4357
384262 4357
224194 4357
144403 4429
282933 4737
221813 4737
293469 4737
362196 4744
