160294 4
304770 4
179001 8
118948 10
209822 10
455700 10
482725 10
82995 17
156987 17
280502 17
42888 18
217362 18
4092 19
104191 19
341575 19
389644 19
413419 19
301834 21
353399 21
497007 21
99505 26
126694 26
133115 26
264885 26
502972 26
522555 26
348108 2400
372238 2400
396166 2400
415253 2400
443821 2400
492595 2400
124 2408
243477 2408
302516 2408
318491 2408
320027 2408
366784 2408
169543 33
219957 33
284749 33
346229 33
100579 34
137990 34
373778 34
428792 34
483698 34
11799 36
11804 36
147132 36
449388 36
452567 36
533929 36
135652 40
152314 40
172487 40
220229 40
249463 40
340532 40
389009 40
132737 44
135088 44
364856 44
428580 44
428582 44
474613 44
516378 44
5384 46
110507 46
110512 46
110748 46
192985 46
372395 46
119540 50
273430 50
538298 50
75183 2735
155666 2735
272830 2735
335473 2735
530008 2735
29159 57
188735 57
292677 57
411328 57
464161 57
476644 57
202170 4004
270508 4004
287742 4004
541707 4004
116154 64
291163 64
521598 64
531640 64
8558 66
315381 66
449093 66
281058 2742
447090 2742
461414 2742
23338 70
53654 70
74163 70
424802 70
450237 70
535531 70
79348 2735
300830 2735
313309 2735
314477 2735
366327 2735
541715 2735
160798 2400
164828 2400
233468 2400
257621 2400
281988 2400
353931 2400
522415 2400
93003 77
163816 77
212108 77
347287 77
387941 77
422973 77
536483 77
221215 78
230413 78
246114 78
270592 78
90508 79
136916 79
241677 79
68164 82
90017 82
164035 82
209103 82
221076 82
234757 82
344437 82
386267 82
395500 82
1602 83
316508 83
365982 83
382058 83
417272 83
425507 83
495172 83
523055 83
57824 88
82730 88
90608 88
107186 88
109422 88
328644 88
377039 88
391732 88
9762 4780
16457 4780
126438 4780
196682 4780
214555 4780
542319 4780
542780 4780
210464 740
235705 740
271023 740
276501 740
336961 740
471385 740
41233 93
46638 93
93866 93
149190 93
154979 93
2230 94
17348 94
47156 94
63867 94
303329 94
312849 94
351508 94
353748 94
361150 94
120942 95
146227 95
213167 95
267988 95
278186 95
394142 95
452083 95
508006 95
138094 99
164230 99
290174 99
13837 101
15316 101
293389 101
382801 101
392824 101
430704 101
56630 102
142980 102
205060 102
287196 102
356294 102
380243 102
448373 102
454314 102
500534 102
34869 3720
177542 3720
247967 3720
438089 3720
525731 3720
11426 104
31915 104
31935 104
56368 104
79164 104
132000 104
476278 104
538265 104
42761 107
58894 107
102756 107
108405 107
172687 107
173342 107
329503 107
387236 107
426707 107
455994 107
100394 111
173813 111
186430 111
320672 111
396870 111
536290 111
193203 112
228571 112
253308 112
460939 112
189330 115
199812 115
220034 115
382482 115
526388 115
8680 116
40204 116
60792 116
136948 116
406220 116
432419 116
442368 116
455693 116
466569 116
36169 3492
48825 3492
188821 3492
213609 3492
260559 3492
402729 3492
424292 3492
493529 3492
42828 120
329732 120
440992 120
459589 120
493912 120
499772 120
69474 121
378519 121
426387 121
16111 122
97128 122
97129 122
97202 122
216065 122
268915 122
280334 122
130722 123
203259 123
234035 123
341428 123
452316 123
463827 123
488085 123
190422 126
542889 126
542891 126
542893 126
543618 126
543619 126
543620 126
94085 130
98742 130
152903 130
226158 130
274813 130
544421 130
545678 130
545919 130
546598 130
51162 132
294043 132
362026 132
470113 132
482419 132
507403 132
528331 132
117609 133
173667 133
305042 133
306504 133
327667 133
423171 133
438183 133
490100 133
299655 134
331526 134
387434 134
504235 134
505148 134
540854 134
64751 136
214829 136
250005 136
253000 136
308617 136
331600 136
392902 136
14254 141
17479 141
19463 141
40144 141
64777 141
73725 141
217657 141
363008 141
487180 141
128999 3492
221577 3492
345163 3492
456085 3492
522815 3492
523198 3492
5582 150
193375 150
213676 150
329508 150
339289 150
350684 150
374744 150
495203 150
537580 150
59509 151
68430 151
84384 151
93341 151
172036 151
294094 151
310314 151
504212 151
537726 151
36240 152
93547 152
108203 152
344212 152
375470 152
419212 152
501901 152
35284 153
59771 153
109204 153
124094 153
149985 153
153287 153
222178 153
308746 153
329470 153
504430 153
63076 154
67221 154
182616 154
249104 154
274294 154
354326 154
438866 154
463165 154
465766 154
484041 154
20676 155
60967 155
70797 155
114872 155
222386 155
228567 155
269750 155
350356 155
388751 155
509194 155
42687 4441
161938 4441
201570 4441
201574 4441
215112 4441
216724 4441
252984 4441
277248 4441
15708 158
44578 158
60897 158
85733 158
110288 158
114293 158
114561 158
182337 158
184866 158
346617 158
372891 158
508820 158
62212 161
283926 161
311238 161
335193 161
480585 161
521499 161
10894 168
223802 168
266177 168
269398 168
359725 168
367675 168
486535 168
487448 168
515271 168
10904 170
91931 170
435284 170
436218 170
522544 170
4465 900
124908 900
202570 900
229395 900
230023 900
434832 900
452470 900
497934 900
503387 900
523812 900
11462 175
163294 175
209787 175
318299 175
319527 175
385265 175
416994 175
421463 175
430736 175
514230 175
40257 178
149459 178
302298 178
323354 178
391957 178
468596 178
532365 178
94879 183
105993 183
201582 183
223642 183
239954 183
272973 183
355461 183
377006 183
395464 183
406110 183
536260 183
29036 189
77589 189
108247 189
266452 189
311349 189
336378 189
392981 189
472012 189
487744 189
51175 4780
136210 4780
159972 4780
189286 4780
204831 4780
221801 4780
301886 4780
301889 4780
313801 4780
379184 4780
542026 4780
203826 247
365198 247
365199 247
503396 247
517526 247
517527 247
80308 194
112477 194
121302 194
139178 194
189107 194
190820 194
418406 194
41783 3491
66432 3491
115952 3491
217106 3491
279875 3491
296850 3491
354293 3491
404506 3491
503711 3491
541044 3491
4005 201
97674 201
282981 201
319136 201
371558 201
391665 201
463620 201
474167 201
493578 201
496977 201
527275 201
41885 207
66520 207
107582 207
228892 207
248812 207
253624 207
273314 207
343630 207
463360 207
525454 207
19767 2732
31348 2732
51187 2732
137338 2732
216885 2732
217970 2732
225811 2732
273670 2732
430544 2732
530090 2732
540372 2732
14245 209
54528 209
144069 209
259746 209
418053 209
436121 209
446311 209
523611 209
527637 209
225413 218
250186 218
301853 218
404231 218
90577 221
126741 221
153081 221
348218 221
359435 221
372359 221
471941 221
134939 224
348821 224
415746 224
439139 224
457766 224
517963 224
11773 226
48550 226
73233 226
133069 226
213093 226
238783 226
253868 226
281946 226
332097 226
368011 226
391925 226
501400 226
505764 226
519200 226
525564 226
60937 227
101631 227
103133 227
153491 227
181126 227
284423 227
287808 227
303562 227
326990 227
334991 227
346114 227
462464 227
493507 227
538396 227
121006 234
168431 234
175809 234
193599 234
263169 234
271753 234
301093 234
350839 234
357226 234
376665 234
422678 234
449137 234
473120 234
40389 238
44825 238
49681 238
118929 238
127273 238
197822 238
220482 238
326525 238
401298 238
465054 238
489348 238
513780 238
522984 238
15615 243
60709 243
77776 243
117427 243
161472 243
191527 243
201338 243
216044 243
253298 243
275950 243
287774 243
368505 243
458040 243
6290 244
16051 244
20998 244
91627 244
186585 244
223416 244
277700 244
302104 244
342521 244
384625 244
417199 244
471109 244
495975 244
524273 244
146593 245
542865 245
543189 245
543666 245
195496 246
311567 246
381599 246
432389 246
500036 246
365196 247
516830 247
4390 250
30922 250
38325 250
38893 250
117542 250
146298 250
199234 250
218763 250
318580 250
331095 250
342640 250
507166 250
526214 250
531176 250
89139 252
105230 252
129923 252
145106 252
200053 252
213860 252
266813 252
299825 252
300708 252
340706 252
461995 252
475011 252
521116 252
534520 252
539128 252
10654 2408
125100 2408
166530 2408
179787 2408
195458 2408
228556 2408
288775 2408
317488 2408
331907 2408
497889 2408
497891 2408
95647 254
164236 254
199674 254
264636 254
297091 254
319430 254
342614 254
358037 254
375289 254
440086 254
451990 254
467636 254
485361 254
520733 254
22967 257
63725 257
260630 257
290530 257
331860 257
426567 257
454171 257
470571 257
491828 257
531263 257
175657 258
467601 258
128 259
26513 259
374193 259
441002 259
448673 259
465275 259
530340 259
530910 259
9169 264
110248 264
172923 264
235924 264
287140 264
420467 264
475607 264
488004 264
497146 264
502040 264
510389 264
530238 264
237977 265
435552 265
481973 265
31185 3942
88071 3942
88664 3942
92707 3942
109100 3942
146527 3942
380684 3942
424948 3942
522219 3942
26015 275
238365 275
286350 275
343737 275
344307 275
348522 275
441053 275
535666 275
544135 276
100920 1838
170945 1838
266632 1838
311601 1838
361337 1838
367186 1838
389896 1838
405823 1838
413692 1838
461863 1838
509960 1838
7651 279
34204 279
35242 279
62164 279
112685 279
179116 279
179914 279
235463 279
235864 279
238654 279
361420 279
388591 279
395097 279
404319 279
502010 279
57455 281
144221 281
188534 281
331603 281
408758 281
429358 281
521201 281
529907 281
42080 282
48627 282
66647 282
155864 282
165125 282
177942 282
205662 282
225318 282
226635 282
328494 282
359726 282
364489 282
428164 282
428900 282
442766 282
473812 282
536067 282
42714 286
100259 286
198172 286
216202 286
230862 286
242628 286
345528 286
356182 286
359466 286
399876 286
511516 286
515102 286
531753 286
67554 294
67555 294
130970 294
162263 294
171940 294
199941 294
204174 294
204177 294
215668 294
540481 294
542439 294
542860 294
542948 294
543633 294
543634 294
18946 296
21193 296
74639 296
133887 296
151531 296
241574 296
297110 296
382408 296
426827 296
428152 296
445944 296
450706 296
505600 296
180712 341
288126 341
304564 341
331974 341
356196 341
364176 341
380137 341
67412 300
87694 300
116840 300
199841 300
213022 300
235471 300
255529 300
261886 300
327390 300
338053 300
377548 300
522428 300
530854 300
540364 300
43606 307
50157 307
103921 307
134935 307
368947 307
447988 307
452260 307
517606 307
36205 309
52427 309
62450 309
83103 309
91182 309
128125 309
157901 309
211039 309
233672 309
240238 309
258449 309
281286 309
309044 309
385739 309
402937 309
14981 2732
69831 2732
74852 2732
113192 2732
171689 2732
199263 2732
233859 2732
362572 2732
367645 2732
389494 2732
391528 2732
504792 2732
10596 313
10598 313
10599 313
10609 313
10613 313
10627 313
59821 313
118088 313
70863 314
83615 314
91645 314
95788 314
102898 314
108191 314
134064 314
158928 314
192759 314
230977 314
255781 314
292712 314
301086 314
317602 314
341644 314
377255 314
386664 314
437385 314
442207 314
4804 315
26284 315
49697 315
66802 315
84512 315
91726 315
123900 315
170107 315
266583 315
320914 315
354669 315
376458 315
417848 315
424287 315
486252 315
503239 315
518091 315
526735 315
532709 315
30582 317
47276 317
61182 317
98764 317
137182 317
163495 317
228881 317
342258 317
364790 317
376494 317
421426 317
502459 317
84915 3425
143456 3425
184555 3425
223247 3425
248775 3425
279503 3425
281920 3425
321284 3425
344146 3425
360020 3425
371631 3425
379022 3425
437822 3425
444728 3425
19994 322
43938 322
57643 322
68489 322
82549 322
114756 322
149140 322
177851 322
206831 322
231528 322
300044 322
391504 322
493495 322
498882 322
10539 325
49330 325
51625 325
157060 325
172940 325
177681 325
184803 325
193534 325
212245 325
222181 325
242068 325
247051 325
254528 325
280526 325
387584 325
403840 325
413495 325
439133 325
463382 325
472626 325
19006 329
20353 329
36212 329
130580 329
147273 329
164738 329
184854 329
266542 329
267803 329
309698 329
357847 329
375611 329
414330 329
446541 329
462268 329
463325 329
465393 329
495135 329
517602 329
544044 329
544964 329
53198 2408
136177 2408
136179 2408
177374 2408
237754 2408
262450 2408
302489 2061
331946 2408
354092 2408
363427 2061
363428 2061
454459 2408
499411 2408
523408 2408
56946 341
133099 341
5238 2731
25749 2731
121270 2731
168715 2731
168720 2731
182430 2731
193790 2731
205319 2731
228831 2731
229510 2731
254263 2731
261558 2731
317603 2731
320128 2731
406305 2731
406909 2731
412670 2731
445716 2731
471009 2731
494860 2731
539125 2731
75600 347
101909 347
109197 347
128781 347
153991 347
235216 347
261771 347
278740 347
299942 347
300327 347
312433 347
329881 347
348662 347
487512 347
494261 347
531782 347
535205 347
535798 347
545002 347
51511 349
75966 349
152623 349
156415 349
172515 349
224878 349
246707 349
251888 349
261897 349
336439 349
371052 349
436219 349
508151 349
510977 349
518809 349
520180 349
526119 349
531909 349
12904 3997
18493 3997
49830 3997
67416 3997
68152 3997
161796 3997
182190 3997
221490 3997
233927 3997
246279 3997
248522 3997
260643 3997
265479 3997
400566 3997
401575 3997
418739 3997
422194 3997
450464 3997
457079 3997
540769 3997
34883 3425
92489 3425
137114 3425
175887 3425
179969 3425
262611 3425
285265 3425
294613 3425
337785 3425
344252 3425
348401 3425
360478 3425
439377 3425
447303 3425
462377 3425
466951 3425
473834 3425
513880 3425
519390 3425
122814 3701
170619 3701
249819 3701
426274 3701
515081 3701
232842 381
259903 381
319367 381
344561 381
366254 381
8481 386
21046 386
77024 386
91252 386
95685 386
103400 386
216381 386
242686 386
246761 386
274946 386
281478 386
292120 386
423896 386
441658 386
450625 386
474757 386
480790 386
481279 386
498400 386
500282 386
506249 386
528442 386
73719 421
114536 421
128824 421
136590 421
138828 421
160179 421
170291 421
212243 421
236022 421
266172 421
299023 421
355594 421
355906 421
376623 421
388080 421
412785 421
435329 421
466444 421
488471 421
507142 421
532963 421
26594 402
43658 402
91655 402
119305 402
130923 402
133904 402
138501 402
217696 402
219264 402
220277 402
238708 402
248185 402
279761 402
280410 402
283793 402
299828 402
313661 402
317384 402
350642 402
363273 402
373276 402
396297 402
414043 402
416134 402
423615 402
458612 402
463809 402
527812 402
19043 405
59514 405
73765 405
143573 405
169293 405
192709 405
205568 405
229736 405
237027 405
255918 405
280211 405
359417 405
383743 405
390104 405
418481 405
450023 405
468033 405
490635 405
11892 2492
12009 2492
35115 2492
76213 2492
80999 2492
90260 2492
91945 2492
105595 2492
135311 2492
204884 2492
229019 2492
248070 2492
272841 2492
311508 2492
332908 2492
450997 2492
481877 2492
487539 2492
496242 2492
498600 2492
538792 2492
544871 2492
546444 2492
78497 415
84342 415
127711 415
207962 415
259116 415
277892 415
282665 415
327251 415
328525 415
352696 415
451489 415
65060 419
125994 419
133562 419
144713 419
159868 419
162977 419
164250 419
168743 419
182116 419
189339 419
207402 419
231714 419
260596 419
293562 419
308944 419
313823 419
339172 419
343646 419
406785 419
422696 419
455986 419
472600 419
475084 419
515316 419
532383 419
81482 421
5829 423
13732 423
48968 423
98588 423
118943 423
143608 423
145927 423
168570 423
174928 423
187370 423
193654 423
255303 423
255775 423
327145 423
334757 423
366418 423
377884 423
410943 423
419483 423
444875 423
498286 423
507155 423
539820 423
541959 423
31455 426
171028 426
467252 426
8619 429
64259 429
89532 429
100452 429
107976 429
108073 429
182478 429
190065 429
224978 429
239320 429
327059 429
360260 429
363769 429
375710 429
382607 429
404936 429
411334 429
415818 429
417210 429
435207 429
450533 429
453454 429
454437 429
459849 429
484008 429
503238 429
18761 3486
55464 3486
68576 3486
70820 3486
72560 3486
93483 3486
142708 3486
177643 3486
188145 3486
218956 3486
243937 3486
326811 3486
396350 3486
398611 3486
409245 3486
413997 3486
420131 3486
422366 3486
462174 3486
483799 3486
488493 3486
512409 3486
49098 432
82214 432
91232 432
127277 432
172194 432
194256 432
222011 432
233864 432
258976 432
283373 432
356956 432
439814 432
515581 432
521118 432
55674 433
109648 433
120923 433
120977 433
132830 433
137880 433
140689 433
143495 433
155868 433
157659 433
173171 433
176204 433
181154 433
201249 433
202731 433
211279 433
283022 433
411093 433
419011 433
423566 433
431231 433
453635 433
471834 433
485258 433
501192 433
41377 435
53293 435
70108 435
80392 435
135867 435
153075 435
155151 435
161949 435
181064 435
185580 435
214046 435
225457 435
311490 435
342317 435
347739 435
380326 435
392651 435
426115 435
432920 435
462465 435
544323 435
4365 439
59908 439
109351 439
124819 439
148039 439
157047 439
211726 439
213292 439
231545 439
289611 439
317169 439
324952 439
335295 439
349450 439
356399 439
391296 439
409903 439
410732 439
448053 439
474908 439
493950 439
516340 439
16648 442
30209 442
44363 442
118433 442
121174 442
124176 442
134925 442
162112 442
164515 442
185683 442
186312 442
186915 442
210884 442
237812 442
336128 442
336618 442
408265 442
440144 442
483406 442
488903 442
490890 442
523852 442
1872 530
2683 530
6690 530
30562 530
52005 530
53841 530
111123 530
132503 530
157258 530
169076 530
240480 530
254184 530
300768 530
306709 530
314403 530
316507 530
331412 530
357452 530
359145 530
374435 530
413433 530
449838 530
469791 530
30750 449
34871 449
84256 449
95613 449
110514 449
111861 449
128494 449
136771 449
144738 449
153115 449
169867 449
194926 449
202702 449
227251 449
241853 449
260745 449
269403 449
273321 449
273547 449
298033 449
302756 449
326539 449
335113 449
339242 449
343976 449
364433 449
383249 449
431169 449
474655 449
513119 449
7916 2094
86421 2094
88597 2094
126382 2094
153577 2094
188170 2094
200838 2094
214804 2094
226320 2094
251763 2094
264382 2094
266291 2094
288764 2094
370403 2094
430441 2094
476094 2094
476822 2094
535698 2094
181730 476
409204 476
118500 516
138301 516
185469 516
318344 516
321153 516
471730 516
505190 516
519051 516
18190 518
38480 518
71354 518
81552 518
94855 518
128249 518
152868 518
182310 518
184264 518
220163 518
225031 518
227406 518
232303 518
254623 518
274298 518
290897 518
298738 518
308918 518
309857 518
311002 518
320438 518
343071 518
345638 518
368673 518
373165 518
440277 518
484545 518
517668 518
524359 518
528984 518
5208 1095
50077 1095
76957 1095
99684 1095
117261 1095
126278 1095
162503 1095
180614 1095
187418 1095
201745 1095
219094 1095
222799 1095
252836 1095
310403 1095
324951 1095
328880 1095
334802 1095
343412 1095
386468 1095
396443 1095
399903 1095
410172 1095
420903 1095
434233 1095
436556 1095
446004 1095
454321 1095
458374 1095
462544 1095
464994 1095
469968 1095
489414 1095
24076 3747
38185 3747
44867 3747
69456 3747
89973 3747
91601 3747
95977 3747
105027 3747
108628 3747
116177 3747
120959 3747
151259 3747
154244 3747
168624 3747
193691 3747
203972 3747
208626 3747
233933 3747
297278 3747
336083 3747
454029 3747
514297 3747
528522 3747
535600 3747
543534 3747
52832 4357
78161 4357
94146 4357
99690 4357
146709 4357
159374 4357
187702 4357
234734 4357
296855 4357
297650 4357
301723 4357
304234 4357
318902 4357
333628 4357
334780 4357
352715 4357
376728 4357
400669 4357
441673 4357
449166 4357
473141 4357
498010 4357
171078 530
293872 530
311154 530
348197 530
431150 530
33775 533
34344 533
55884 533
68039 533
93187 533
98625 533
109736 533
111770 533
134429 533
145091 533
150045 533
176450 533
181537 533
185741 533
192523 533
208913 533
227118 533
228947 533
233940 533
239847 533
261341 533
271300 533
274085 533
300749 533
319133 533
333494 533
350452 533
377920 533
401870 533
403157 533
425786 533
430938 533
449042 533
466662 533
469062 533
477450 533
487125 533
167382 1095
390464 1095
28416 539
150515 539
303431 539
521792 539
529784 539
533788 539
33373 541
102751 541
226599 541
365061 541
40443 542
85270 542
107054 542
144416 542
146481 542
155513 542
164014 542
180755 542
185174 542
194103 542
235411 542
236017 542
281125 542
289496 542
304639 542
334170 542
336162 542
346319 542
352500 542
392857 542
452292 542
459124 542
483247 542
493148 542
522191 542
423341 545
440525 545
468511 545
101861 547
106173 547
114322 547
148907 547
153636 547
161757 547
201671 547
207228 547
221661 547
275045 547
280108 547
283055 547
311040 547
313296 547
341228 547
364875 547
388652 547
393295 547
397377 547
466428 547
476504 547
526555 547
539909 547
6688 3629
18059 3629
36712 3629
73833 3629
80778 3629
104911 3629
112494 3629
132794 3629
133831 3629
145503 3629
158753 3629
174472 3629
201407 3629
219575 3629
255586 3629
259625 3629
276958 3629
281468 3629
285560 3629
292405 3629
331825 3629
336749 3629
376852 3629
411592 3629
416431 3629
424508 3629
425287 3629
430888 3629
432003 3629
452257 3629
466842 3629
467133 3629
511848 3629
538944 3629
31477 558
89137 558
99819 558
124384 558
206440 558
235296 558
316259 558
340403 558
341356 558
354668 558
368619 558
395288 558
450336 558
474308 558
497868 558
188409 560
288952 560
446726 560
80447 562
500105 562
520891 562
176255 3280
468259 3280
532724 3280
22044 3090
51893 3090
76847 3090
77458 3090
79412 3090
110946 3090
126072 3090
134417 3090
175837 3090
202849 3090
211862 3090
329352 3090
349908 3090
362180 3090
449531 3090
473521 3090
11442 574
79797 574
238939 574
250678 574
448 3980
2117 3980
28123 3980
52713 3980
56684 3980
75848 3980
80796 3980
114138 3980
121361 3980
130042 3980
131874 3980
154321 3980
158327 3980
170021 3980
203546 3980
260305 3980
271148 3980
333085 3980
334420 3980
338709 3980
362528 3980
366149 3980
389968 3980
392186 3980
396362 3980
410087 3980
449691 3980
455467 3980
467401 3980
471848 3980
485055 3980
491851 3980
519832 3980
520877 3980
525658 3980
529820 3980
544416 3980
547506 3980
132 592
2753 592
10492 592
26999 592
67768 592
91930 592
107687 592
123451 592
136947 592
143715 592
150450 592
178427 592
187128 592
206097 592
224509 592
283685 592
287924 592
298937 592
308657 592
317267 592
317693 592
325902 592
331669 592
332167 592
333849 592
335782 592
340592 592
341742 592
344923 592
355913 592
356166 592
358800 592
380726 592
407613 592
426678 592
450384 592
452522 592
489563 592
494670 592
505753 592
536330 592
540235 592
218050 3090
3833 2731
6579 2731
23465 2731
26373 2731
28053 2731
33812 2731
49761 2731
56052 2731
71736 2731
73400 2731
74439 2731
76881 2731
98269 2731
99373 2731
101019 2731
105619 2731
107972 2731
122915 2731
127345 2731
131182 2731
131211 2731
188073 2731
189959 2731
195210 2731
215955 2731
217230 2731
223061 2731
311872 2731
333916 2731
335763 2731
343242 2731
349055 2731
396649 2731
403255 2731
420427 2731
432937 2731
434966 2731
452884 2731
472722 2731
494481 2731
504305 2731
519013 2731
536830 2731
4146 588
21483 588
25701 588
33803 588
35571 588
42149 588
49035 588
51773 588
51935 588
53222 588
63874 588
66787 588
102775 588
108580 588
133152 588
178686 588
195538 588
201227 588
214149 588
220904 588
248037 588
251959 588
271813 588
272524 588
276246 588
301600 588
304321 588
306793 588
331207 588
337486 588
403381 588
407774 588
421033 588
451183 588
462832 588
468261 588
468948 588
478839 588
483679 588
493743 588
497701 588
499925 588
503771 588
504740 588
519747 588
520679 588
525716 588
537153 588
17208 592
246912 592
13679 3983
14299 3983
30348 3983
31488 3983
34250 3983
34937 3983
47550 3983
65296 3983
72727 3983
78028 3983
83362 3983
96479 3983
97661 3983
119495 3983
122267 3983
139317 3983
141005 3983
163486 3983
164157 3983
170387 3983
177466 3983
187476 3983
199961 3983
209080 3983
213786 3983
241304 3983
290337 3983
292080 3983
297644 3983
321742 3983
360322 3983
362275 3983
371991 3983
378689 3983
396135 3983
413248 3983
435810 3983
443747 3983
475188 3983
478514 3983
503446 3983
510530 3983
521184 3983
521217 3983
530270 3983
539784 3983
544322 3983
83556 599
225562 599
288778 599
376757 599
448444 599
452315 599
520327 599
236462 604
318313 604
392318 604
22010 2969
36737 2969
49003 2969
76800 2969
84346 2969
112573 2969
128696 2969
131492 2969
133735 2969
170339 2969
200204 2969
216324 2969
236756 2969
249476 2969
258182 2969
269999 2969
311817 2969
322841 2969
352591 2969
362704 2969
371095 2969
395017 2969
396491 2969
433538 2969
442618 2969
448603 2969
476581 2969
122021 3942
147259 3942
171677 3942
183214 3942
199855 3942
232462 3942
240874 3942
248217 3942
250953 3942
277503 3942
291528 3942
315368 3942
322320 3942
331184 3942
358887 3942
389997 3942
392518 3942
392680 3942
410695 3942
424074 3942
437941 3942
480619 3942
504513 3942
515526 3942
518791 3942
530846 3942
187138 2846
238935 2846
241623 2846
336468 2846
362231 2846
426133 2846
2935 622
8546 622
37312 622
52850 622
57868 622
92451 622
99270 622
115476 622
121551 622
159870 622
167319 622
179255 622
183430 622
197590 622
216822 622
219109 622
242336 622
243758 622
243803 622
268300 622
314903 622
329234 622
365332 622
375325 622
376975 622
392090 622
400604 622
422473 622
472911 622
490032 622
492754 622
498635 622
502495 622
505175 622
516834 622
517850 622
532895 622
533033 622
542607 622
138889 624
138890 624
163775 624
499031 624
177204 626
237989 626
304250 626
437722 626
462984 626
42904 634
74490 634
94531 634
390335 634
390340 634
413048 634
509348 634
183955 638
238496 638
113592 1281
127960 1281
377832 1281
42420 657
256011 657
408401 657
462256 657
91765 667
131554 667
210783 667
226898 667
234650 667
242071 667
463803 667
488316 667
524331 667
524962 667
11915 3980
15922 3980
36802 3980
40326 3980
66017 3980
70230 3980
79419 3980
79705 3980
81790 3980
89918 3980
95258 3980
98343 3980
104350 3980
106397 3980
110425 3980
111550 3980
131043 3980
135409 3980
146401 3980
149579 3980
154146 3980
155663 3980
162974 3980
175213 3980
183231 3980
189882 3980
209915 3980
216697 3980
228082 3980
254963 3980
259788 3980
286536 3980
301483 3980
310488 3980
325745 3980
327922 3980
344483 3980
349627 3980
354715 3980
389791 3980
397448 3980
397575 3980
403346 3980
403540 3980
413490 3980
416018 3980
416364 3980
421373 3980
433792 3980
463529 3980
477664 3980
485524 3980
498651 3980
499716 3980
524779 3980
535908 3980
7933 2247
15292 2247
16714 2247
20070 2247
73991 2247
77749 2247
102398 2247
127074 2247
165039 2247
190124 2247
196165 2247
205831 2247
257703 2247
341768 2247
366000 2247
382206 2247
433499 2247
472771 2247
481690 2247
516440 2247
359086 685
401165 685
401170 685
68139 689
128205 689
307436 689
334903 689
426857 689
450061 689
517043 689
535832 689
924 696
2154 696
7717 696
10821 696
28941 696
30018 696
35504 696
46696 696
48189 696
54375 696
58441 696
66628 696
67982 696
99219 696
102502 696
117907 696
156784 696
158013 696
198477 696
201146 696
219381 696
223290 696
272414 696
277374 696
278958 696
286679 696
298089 696
309230 696
310994 696
311140 696
330712 696
331516 696
344648 696
355273 696
369723 696
369741 696
376306 696
379961 696
397001 696
398638 696
414973 696
473965 696
474764 696
489111 696
496449 696
498378 696
509500 696
202056 700
273441 700
339154 700
131606 708
194419 708
267520 708
345790 708
13343 709
338539 709
350390 709
4109 715
70601 715
216089 715
338212 715
350856 715
426263 715
237774 716
363864 716
531441 716
543408 716
64498 723
342953 723
12217 732
46365 732
282787 732
361395 732
422700 732
448660 732
5465 736
317640 736
234839 740
61530 743
83599 743
148944 743
174182 743
210875 743
439731 743
444804 743
464000 743
30600 750
279287 750
339180 750
342724 750
415141 750
425574 750
481907 750
515124 750
161487 754
520439 754
34448 1707
50982 1707
420620 1707
476959 1707
476975 1707
55637 770
58670 770
73810 770
185383 770
212225 770
242680 770
289741 770
368252 770
404060 770
415676 770
437455 770
463509 770
488077 770
488851 770
519580 770
531535 770
542645 770
345032 773
464020 773
88809 780
182037 780
82245 809
256513 809
256515 809
33371 1370
69413 1370
290786 1370
433897 1370
444567 1370
39840 833
45922 833
395427 833
118203 834
206513 834
212121 834
365285 834
381652 834
241707 838
351881 838
357744 838
386269 838
480500 838
490791 838
75789 844
353622 844
353624 844
32975 870
38714 870
175966 870
257175 870
267496 870
326382 870
336242 870
346393 870
405645 870
477297 870
522364 870
24556 871
72977 871
160597 871
342426 871
343259 871
524098 871
210439 1838
313239 1838
361444 1838
521270 1838
111722 882
122613 882
122622 882
138325 882
147105 882
181666 882
223046 882
249702 882
362176 882
72949 885
133416 885
146317 885
338396 885
415656 885
462883 885
451346 900
478089 900
502966 900
35725 902
43137 902
133308 902
239463 902
307276 902
312046 902
423981 902
196132 905
196135 905
491949 905
28914 906
435234 906
442226 906
463375 906
36956 907
354618 907
377661 907
3114 910
36638 910
40035 910
45625 910
56335 910
70193 910
73922 910
136344 910
148444 910
148725 910
150549 910
161142 910
169366 910
194423 910
203424 910
216586 910
272052 910
319737 910
364241 910
435749 910
436280 910
479189 910
484103 910
484636 910
489771 910
516044 910
128627 2493
136234 2493
141226 2493
155398 2493
243929 2493
298956 2493
340063 2493
346543 2493
533990 2493
537803 2493
38926 916
161318 916
172595 916
308654 916
315446 916
376908 916
430858 916
517813 916
531212 916
44613 923
73937 923
98804 923
98855 923
99173 923
235901 923
301581 923
320317 923
445195 923
543522 923
5726 928
5728 928
5734 928
30565 928
105042 928
105049 928
129719 928
129721 928
145811 928
161874 928
161883 928
174181 928
195404 928
243096 928
243103 928
323993 928
329617 928
422812 928
445998 928
507149 928
514917 928
519385 928
522201 928
293039 930
293044 930
434190 930
436949 930
461185 930
525180 930
540024 930
84309 3328
148221 3328
414685 3328
308767 942
308768 942
308769 942
380019 942
218279 966
426952 966
105664 969
199086 969
199088 969
281568 969
394449 969
68641 977
140683 977
350932 977
19323 985
86563 985
292001 985
517847 985
517859 985
293948 988
446392 988
508971 988
20297 1028
23130 1028
24614 1028
26617 1028
27657 1028
41404 1028
42131 1028
61016 1028
69255 1028
73088 1028
81150 1028
98011 1028
101561 1028
112788 1028
135071 1028
135956 1028
136696 1028
137370 1028
140470 1028
140620 1028
162935 1028
174384 1028
182254 1028
191740 1028
203088 1028
204147 1028
204274 1028
220860 1028
223593 1028
244374 1028
249943 1028
251415 1028
263822 1028
264454 1028
279196 1028
281767 1028
288913 1028
294082 1028
297017 1028
301693 1028
308995 1028
314034 1028
314189 1028
320915 1028
321449 1028
324586 1028
328079 1028
337678 1028
337991 1028
338223 1028
342319 1028
345602 1028
347320 1028
357724 1028
369646 1028
369677 1028
377046 1028
380885 1028
405524 1028
412826 1028
414226 1028
415843 1028
430553 1028
435149 1028
436557 1028
448131 1028
458021 1028
490680 1028
496424 1028
511245 1028
516611 1028
517663 1028
523930 1028
526828 1028
16710 991
20571 991
90704 991
116757 991
191382 991
238369 991
407908 991
320365 1000
365096 1000
100695 1008
109591 1008
110816 1008
402779 1008
402784 1008
490295 1008
385314 1013
410603 1013
102864 1018
224684 1018
300185 1018
312794 1018
462180 1018
2849 1028
3460 1028
4825 1028
56436 1028
58350 1028
70287 1028
71772 1028
124082 1028
147607 1028
149819 1028
186065 1028
215184 1028
238836 1028
294495 1028
305967 1028
313182 1028
318012 1028
325027 1028
341087 1028
352323 1028
362720 1028
372872 1028
457476 1028
464888 1028
474959 1028
527901 1028
6988 1036
11264 1036
78474 1036
209331 1036
354506 1036
396743 1036
476077 1036
476092 1036
500905 1036
500917 1036
162905 1037
182183 1037
253596 1037
268719 1037
449139 1037
487654 1037
487656 1037
18871 1038
156783 1038
102760 1043
152006 1043
117614 1054
139711 1054
161457 1054
368364 1054
368371 1054
442550 1054
462227 1054
465116 1054
480472 1054
509896 1054
16595 1057
207304 1057
2894 1066
3679 1066
8026 1066
24580 1066
89055 1066
94083 1066
97717 1066
107131 1066
108363 1066
110775 1066
110777 1066
122664 1066
122666 1066
137527 1066
137545 1066
148848 1066
195564 1066
208201 1066
212045 1066
230357 1066
237858 1066
241235 1066
282393 1066
328417 1066
328419 1066
328430 1066
330850 1066
348754 1066
364623 1066
364634 1066
381719 1066
395197 1066
404010 1066
432293 1066
450297 1066
454413 1066
478362 1066
523811 1066
526185 1066
541417 1066
541419 1066
541801 1066
19370 1072
50246 1072
192052 1072
305365 1072
492792 1072
406965 1076
537922 1076
18129 1085
32753 1085
53014 1085
59093 1085
93642 1085
102545 1085
114137 1085
127218 1085
133133 1085
147857 1085
158005 1085
158869 1085
183057 1085
196192 1085
218136 1085
235570 1085
251516 1085
270219 1085
292178 1085
318094 1085
330924 1085
409083 1085
431773 1085
476415 1085
510869 1085
543434 1085
317591 1838
433118 1838
487032 1838
492193 1838
172062 1087
227921 1087
285524 1087
330175 1087
468293 1087
73466 1088
73477 1088
419978 1088
25930 1095
26767 3047
26769 3047
32688 3047
63369 3047
63371 3047
77328 3047
77339 3047
112824 3047
112825 3047
112827 3047
122005 3047
122007 3047
152199 3047
187294 3047
187297 3047
195054 3047
287916 3047
346709 3047
444048 3047
444051 3047
458949 3047
458950 3047
483106 3047
483126 3047
504543 3047
522078 3047
533138 3047
11312 3947
94655 3947
119215 3947
139700 3947
168868 3947
169911 3947
194584 3947
230711 3947
278973 3947
285717 3947
369456 3947
375306 3947
381571 3947
393415 3947
397353 3947
517172 3947
517456 3947
527594 3947
5747 1114
7083 1114
26901 1114
87846 1114
104062 1114
143271 1114
146623 1114
181922 1114
239992 1114
278593 1114
390656 1114
503505 1114
32902 2024
264870 2024
428205 2024
428212 2024
428214 2024
428215 2024
435477 2024
435500 2024
465815 2024
500878 2024
500880 2024
500881 2024
500896 2024
512037 2024
213828 1130
455453 1130
57365 1135
274517 1135
293647 1135
293659 1135
293662 1135
496855 1136
496857 1136
89972 1137
163303 1137
165121 1137
223142 1137
272427 1137
314957 1137
316782 1137
441755 1137
482876 1137
530563 1137
85046 1143
119819 1143
168972 1143
172824 1143
201863 1143
248716 1143
263268 1143
345974 1143
538606 1143
538610 1143
2721 1145
172871 1145
189129 1145
211198 1145
211918 1145
236093 1145
260883 1145
387809 1145
452472 1145
195526 1149
413461 1149
6557 1173
11352 1173
67614 1173
67617 1173
67618 1173
67619 1173
134561 1173
225624 1173
306814 1173
392622 1173
437058 1173
471348 1173
474245 1173
24662 1676
43435 1676
43439 1676
65780 1676
75851 1676
98042 1676
109195 1676
122538 1676
130635 1676
214433 1676
214441 1676
254723 1676
267623 1676
280853 1676
282965 1676
282967 1676
283195 1676
350170 1676
361086 1676
365599 1676
366969 1676
373230 1676
403170 1676
443596 1676
494728 1676
528029 1676
99360 1184
253776 1184
272131 1184
365606 1184
393022 1184
393326 1184
438945 1184
459852 1184
487879 1184
515854 1184
519117 1184
537610 1184
138407 1187
316720 1187
441613 1187
490377 1203
535855 1203
245030 1208
334490 1208
4216 1213
91450 1213
108411 1213
226228 1213
245639 1213
400169 1213
473302 1213
478692 1213
526764 1213
35237 1218
51400 1218
67936 1218
92834 1218
349561 1218
496149 1218
5223 1220
133273 1220
322051 1220
440411 1220
440416 1220
518049 1220
31061 1225
275568 1225
416985 1225
433420 1225
459621 1225
485312 1225
456621 1281
133087 1305
296346 1305
356553 1305
3954 1309
106506 1309
206340 1309
250469 1309
264361 1309
274975 1309
279552 1309
290541 1309
299296 1309
345253 1309
369293 1309
485231 1309
498869 1309
510212 1309
4624 1313
214232 1313
516499 1313
69059 1326
94571 1326
197418 1326
444527 1326
77823 1327
232310 1327
334840 1327
334845 1327
334846 1327
340946 1327
381994 1327
393657 1327
394247 1327
394281 1327
394286 1327
394287 1327
394851 1327
406835 1327
6596 1341
47694 1341
124093 1341
134888 1341
154240 1341
300585 1341
324665 1341
371886 1341
399682 1341
428784 1341
456290 1341
224059 4328
340825 4328
117069 1344
223212 1344
393076 1370
230731 1379
255527 1379
278776 1379
303218 1379
405971 1379
28531 1382
28556 1382
28570 1382
28591 1382
179193 1382
179195 1382
179197 1382
179200 1382
179201 1382
179202 1382
179207 1382
179209 1382
222647 1382
233248 1382
298950 1382
299705 1382
299709 1382
426432 1382
440259 1382
7557 1383
33603 1383
75311 1383
85219 1383
92811 1383
96207 1383
117368 1383
142827 1383
162776 1383
206674 1383
280523 1383
290394 1383
308901 1383
343097 1383
366745 1383
414409 1383
422934 1383
426267 1383
515051 1383
518671 1383
21403 3212
89742 3212
270559 3212
397210 3212
415121 3212
450338 3212
515427 3212
8334 1402
12983 1402
12985 1402
45252 1402
78005 1402
90567 1402
120449 1402
149759 1402
168585 1402
185541 1402
197411 1402
207306 1402
213313 1402
264630 1402
293343 1402
388934 1402
462233 1402
535978 1402
544121 1402
72969 3749
327736 3749
298877 1411
476153 1411
476156 1411
178203 1415
230382 1415
349175 1415
459127 1415
478862 1415
116984 1422
472121 1422
484566 1422
16644 1423
21173 1423
196875 1423
243839 1423
315660 1423
323571 1423
383820 1423
455142 1423
302567 3720
84016 1434
164427 1434
244635 1434
258534 1434
296540 1434
418557 1434
174240 1435
275479 1435
410489 1435
510102 1435
12382 1465
150444 1465
216938 1465
290148 1465
324252 1465
325240 1465
384227 1465
526724 1465
34464 1487
53577 1487
115788 1487
443467 1487
37922 1497
199497 1497
287016 1497
14011 2953
19088 2953
65997 2953
107706 2953
107709 2953
107716 2953
107776 2953
122553 2953
135151 2953
135539 2953
196367 2953
211235 2953
226384 2953
234872 2953
243825 2953
285418 2953
311950 2953
312017 2953
324629 2953
342254 2953
456222 2953
521994 2953
64191 1517
222382 1517
464708 1517
517861 1517
522601 1541
195027 1555
233306 1555
246031 1555
362905 1555
363229 1573
463386 1573
487583 1573
141160 1593
166105 1593
213112 1593
484517 1593
141379 1598
160702 1598
166344 1598
236473 1598
327998 1598
332673 1598
283859 1606
404474 1606
424093 1606
457110 1606
463706 1606
473674 1607
159172 1609
462347 1609
474241 1609
89572 1610
434497 1610
452209 1610
85206 1619
177301 1619
432414 1619
538158 1619
68823 1641
75157 1641
88617 1641
99183 1641
172446 1641
249808 1641
348925 1641
426724 1641
508485 1641
26567 1642
138036 1642
162823 1642
169502 1642
209923 1642
530596 1642
140741 1643
273675 1643
305809 1643
336994 1643
66653 4036
82400 4036
113380 4036
223285 4036
321616 4036
331718 4036
370317 4036
1585 2423
148532 2423
159036 2423
300116 2423
300117 2423
300120 2423
310216 2423
335158 2423
335159 2423
335171 2423
341594 2423
351682 2423
425066 2423
425067 2423
429655 2423
488537 2423
513170 2423
532991 2423
54336 1666
86735 1666
95225 1666
352183 1666
513572 1666
28959 1668
60856 1668
274952 1668
379960 1668
486260 1668
14445 1733
18504 1733
86503 1733
127075 1733
127341 1733
127388 1733
129787 1733
231715 1733
278417 1733
291894 1733
309263 1733
309414 1733
328428 1733
343680 1733
364895 1733
367850 1733
369811 1733
392363 1733
411761 1733
452947 1733
458122 1733
470372 1733
486582 1733
498224 1733
501516 1733
526689 1733
533905 1733
537097 1733
282543 1672
356426 1672
356431 1672
356447 1672
382035 1672
405911 1672
39366 1674
160441 1674
168827 1674
209002 1674
505531 1674
62113 1676
251941 1676
69805 1693
81384 1693
250579 1693
65047 1703
546586 1703
56270 1705
110150 1705
110152 1705
110166 1705
150023 1705
270055 1705
361613 1705
361619 1705
361626 1705
385426 1705
385436 1705
385494 1705
385496 1705
44778 1707
3552 1715
7580 1715
22749 1715
121135 1715
128737 1715
178064 1715
188787 1715
282366 1715
282645 1715
287651 1715
291810 1715
352793 1715
447790 1715
539542 1715
471071 1733
10711 3100
70709 3100
73196 3100
143147 3100
168084 3100
200962 3100
201617 3100
210144 3100
215148 3100
248505 3100
276648 3100
293920 3100
313563 3100
339079 3100
371116 3100
373238 3100
418827 3100
428857 3100
452678 3100
465744 3100
487986 3100
497754 3100
523753 3100
527849 3100
34120 3954
184680 3954
219207 3954
293154 3954
300584 3954
300590 3954
451794 3954
519084 3954
52577 1749
120769 1749
214106 1749
242626 1749
442789 1749
442796 1749
479816 1749
486799 1749
207523 3188
383169 3188
399151 3188
399156 3188
399158 3188
509512 3188
67330 1751
357761 1751
493703 1751
497490 1751
298731 1760
436007 1760
187025 2995
214465 2995
427532 2995
139762 1774
188202 1788
208523 1788
456247 1788
522092 1788
162229 1794
275061 1794
338137 1794
371279 1794
224970 1797
304629 1797
469721 1797
59586 4189
60022 4189
86758 4189
100707 4189
119487 4189
128025 4189
143005 4189
166165 4189
166170 4189
166173 4189
167893 4189
191264 4189
191279 4189
196142 4189
244171 4189
307846 4189
424622 4189
424626 4189
505371 4189
505374 4189
533174 4189
534471 4189
8624 2199
167296 2199
201470 2199
208857 2199
278798 2199
314560 2199
314562 2199
321722 2199
371764 2199
480955 2199
503374 2199
503379 2199
507101 2199
528245 2199
21544 1802
48549 1802
135434 1802
172825 1802
172827 1802
192962 1802
331740 1802
331741 1802
331743 1802
336383 1802
144151 1804
208740 1804
239067 1804
243438 1804
276109 1804
328728 1804
367291 1804
486875 1804
96688 1805
96689 1805
169896 1805
201408 1805
284699 1805
299640 1805
379719 1805
73661 1806
85308 1806
204652 1806
349757 1806
451174 1806
337044 1809
345433 1809
151862 1816
242226 1816
399318 1816
435179 1816
15270 2563
66281 2563
130135 2563
144241 2563
158407 2563
171071 2563
242712 2563
362431 2563
370106 2563
373682 2563
420969 2563
447474 2563
518949 2563
519172 2563
42128 1831
134868 1831
158917 1831
190509 1831
212517 1831
364015 1831
380892 1831
435607 1831
471818 1831
61988 1834
161587 1834
173589 1834
186785 1834
201513 1834
201515 1834
282755 1834
328420 1834
445524 1834
469573 1834
66334 1836
66338 1836
136733 1836
287486 1836
423025 1836
77445 1842
190019 1842
300785 1842
32082 1851
35642 1851
163587 1851
286958 1851
437349 1851
142773 1853
186966 1853
378063 1853
169423 1856
465191 1856
528417 1856
8466 1859
180100 1859
336130 1859
34813 1863
132051 1863
241624 1863
292183 1863
329439 1863
330260 1863
388653 1863
198496 1865
339508 1865
422982 1865
62352 1867
111230 1867
421254 1867
71069 1889
476657 1889
494030 1889
8287 1911
13998 1911
16240 1911
18134 1911
38783 1911
59151 1911
147916 1911
182078 1911
222180 1911
244192 1911
247042 1911
343725 1911
434815 1911
466190 1911
468048 1911
508080 1911
45548 1916
215266 1916
249771 1916
360314 1916
468231 1916
532208 1916
45393 1918
59578 1918
288004 1918
290031 1918
436871 1918
476189 1918
33957 1920
100071 1920
221632 1920
410532 1920
434764 1920
55107 1940
168754 1940
380082 1940
45195 3990
73766 3990
149180 3990
198392 3990
423443 3990
490796 3990
46515 1944
47075 1944
116731 1944
299453 1944
332834 1944
375255 1944
457735 1944
478539 1944
529871 1944
27892 1950
54044 1950
423281 1950
514837 1950
31150 1986
31152 1986
203415 1986
241701 1986
354193 1986
364760 1986
378207 1986
402117 1986
464252 1986
126223 1987
131652 1987
163166 1987
234758 1987
309704 1987
417203 1987
468065 1987
492552 1987
52588 1989
74313 1989
206374 1989
395623 1989
425893 1989
426065 1989
541515 1989
541516 1989
3373 1991
13472 1991
13475 1991
50948 1991
54958 1991
339002 1991
393765 1991
520150 1991
1965 2001
1978 2001
4704 2001
8934 2001
37874 2001
68131 2001
95192 2001
123237 2001
158734 2001
158906 2001
167220 2001
229030 2001
239165 2001
247783 2001
353741 2001
362545 2001
384540 2001
534698 2001
54912 2024
69001 2025
146269 2025
292617 2025
358440 2025
468203 2025
539633 2025
539640 2025
128316 2031
337448 2031
445147 2031
64741 2032
155318 2032
542528 2032
13590 2039
36516 2039
91330 2039
159178 2039
304965 2039
316081 2039
346343 2039
394010 2039
398934 2039
405832 2039
422567 2039
430891 2039
445445 2039
69314 2043
94208 2043
107729 2043
463487 2043
68775 4189
188036 4189
269006 4189
501967 4189
200103 2049
220085 2049
311307 2049
359487 2049
14960 2053
353462 2053
473895 2053
226543 2408
237756 2408
354090 2408
499414 2408
47797 2070
58633 2070
89278 2070
340186 2070
266568 2072
340791 2072
412272 2072
453272 2072
526727 2072
74354 2077
128808 2077
201212 2077
345411 2077
376224 2077
431343 2077
432551 2077
484443 2077
104761 2080
166117 2080
193805 2080
245190 2080
262219 2080
484283 2080
521532 2080
425892 2094
66912 2098
261575 2098
17215 2099
353654 2099
443155 2099
28346 2125
122368 2125
382295 2125
493122 2125
26093 2130
291832 2130
383968 2130
231176 2144
357878 2144
372935 2144
100897 2157
268935 2157
276495 2157
341825 2157
448472 2157
448478 2157
448479 2157
13507 2166
52414 2166
73606 2166
77307 2166
101960 2166
114258 2166
136805 2166
162278 2166
182520 2166
326114 2166
350260 2166
362817 2166
363913 2166
365166 2166
392538 2166
411500 2166
445249 2166
472275 2166
5453 2552
78987 2552
96792 2552
132284 2552
242538 2552
241283 2184
309494 2184
478888 2184
54237 2192
139208 2192
161829 2192
215794 2192
253322 2192
269821 2192
291619 2192
387913 2192
446679 2192
507731 2192
507736 2192
507737 2192
507750 2192
71107 2199
191306 2199
233613 2199
245602 2199
307426 2199
394812 2199
449979 2199
515033 2199
68113 2202
248483 2202
324474 2202
230959 2204
282607 2204
363928 2204
493355 2204
192260 2206
201171 2206
230723 2206
400924 2206
94157 2208
228971 2208
387856 2208
473690 2208
13437 2216
29680 2216
90726 2216
228006 2216
231984 2216
232184 2216
275232 2216
281326 2216
286390 2216
292478 2216
333743 2216
411034 2216
527883 2216
78535 2232
165352 2232
546303 2232
547111 2232
547342 2232
547343 2232
251441 2247
25301 2252
174471 2252
344202 2252
344204 2252
440423 2252
440425 2252
42155 2257
258784 2257
354458 2257
396741 2257
414237 2257
486636 2257
155539 2280
267320 2280
342293 2280
462683 2280
477039 2280
491661 2280
542743 2280
66845 2285
78137 2285
87081 2285
117839 2285
126668 2285
143384 2285
212946 2285
217171 2285
220921 2285
262565 2285
325480 2285
356109 2285
378276 2285
388855 2285
423092 2285
78909 2288
215320 2288
224554 2288
369575 2288
405822 2288
530108 2288
539677 2288
38076 2290
362908 2290
388892 2290
450893 2290
12629 2300
41702 2300
67693 2300
89528 2300
90297 2300
92608 2300
96938 2300
114916 2300
132917 2300
133918 2300
157752 2300
189521 2300
211515 2300
236396 2300
315562 2300
342020 2300
368609 2300
389835 2300
466850 2300
486160 2300
520870 2300
49230 2303
360803 2303
420228 2303
149703 2324
192027 2324
279526 2324
478314 2324
480259 2324
501820 2324
521157 2324
23051 2325
122983 2325
362571 2325
458331 2325
192722 2329
365437 2329
299842 2346
434493 2346
434495 2346
438850 2346
535349 2346
535350 2346
4085 2347
10486 2347
60002 2347
415440 2347
508129 2347
38822 3983
1758 2368
9323 2368
24694 2368
57014 2368
59710 2368
77102 2368
81958 2368
86168 2368
101776 2368
111955 2368
131181 2368
137178 2368
154620 2368
155142 2368
161382 2368
177501 2368
190275 2368
196335 2368
201881 2368
209023 2368
212260 2368
213422 2368
214328 2368
236079 2368
244865 2368
282389 2368
292279 2368
335149 2368
342299 2368
348300 2368
352674 2368
401485 2368
426918 2368
432714 2368
474443 2368
481587 2368
502756 2368
530182 2368
532864 2368
533262 2368
538656 2368
320805 3100
26233 2374
87261 2374
251237 2374
360195 2374
33771 2383
271638 2383
523952 2383
11141 2384
79941 2384
104574 2384
129272 2384
153920 2384
173927 2384
289804 2384
336133 2384
353501 2384
410519 2384
424655 2384
427212 2384
462012 2384
512038 2384
541814 2384
237914 2408
149259 2417
192466 2417
276799 2417
363813 2417
386371 2417
430475 2417
437545 2417
490395 2417
77713 2418
315631 2418
544663 2421
544666 2421
17999 2424
60502 2424
82648 2424
139614 2424
186839 2424
273870 2424
288281 2424
331220 2424
331221 2424
331222 2424
476590 2424
530974 2424
543502 2424
113748 2431
138273 2431
163163 2431
210212 2431
456487 2431
466352 2431
12746 2433
122537 2433
303521 2433
303549 2433
320702 2433
495392 2435
6936 2440
24169 2440
104066 2440
218474 2440
246022 2440
265339 2440
344497 2440
437263 2440
466104 2440
523617 2440
526436 2440
292085 2443
368988 2443
368990 2443
369000 2443
369002 2443
476488 2443
542678 2443
33551 3954
129718 2477
172754 2477
295873 2477
506571 2477
7354 3987
14088 3987
34701 3987
48881 3987
67485 3987
95456 3987
116168 3987
117507 3987
123033 3987
158156 3987
165937 3987
171152 3987
198470 3987
244847 3987
269951 3987
274645 3987
284716 3987
335564 3987
342933 3987
352223 3987
359712 3987
396939 3987
420729 3987
421169 3987
424495 3987
442249 3987
476202 3987
486744 3987
497038 3987
509718 3987
544993 3987
4015 4004
48899 4004
133720 4004
223513 4004
318905 4004
342041 4004
357018 4004
478326 4004
541015 4004
20839 4603
81900 4603
97607 4603
123315 4603
156093 4603
182454 4603
194704 4603
233263 4603
258046 4603
290926 4603
328302 4603
347983 4603
369001 4603
389655 4603
494187 4603
495549 4603
506623 4603
518711 4603
521336 4603
206810 2492
421873 2492
113067 2493
131985 2493
234545 2493
310111 2493
35651 2494
60708 2494
70392 2494
107783 2494
187563 2494
517993 2494
293336 2503
413584 2503
93631 3047
44355 4441
51882 4441
143104 4441
257863 4441
260603 4441
463234 4441
501529 2552
76857 2559
192190 2559
224555 2559
418493 2559
307057 2563
95586 2565
95587 2565
123842 2565
123844 2565
123845 2565
139010 2565
197816 2565
197817 2565
197821 2565
312064 2565
89730 2982
122147 2982
282768 2982
415037 2982
219574 2592
293470 2592
445812 2592
310063 2594
360181 2594
394975 2594
139308 2845
225913 2845
225917 2845
225920 2845
270531 2845
394455 2845
402113 2845
402118 2845
424025 2845
426077 2845
450891 2845
473881 2845
20879 3680
194100 3680
322414 3680
346530 3680
372634 3680
372637 3680
521731 3680
32115 2706
193098 2706
380604 2706
428448 2706
14012 2710
164042 2710
190637 2710
221367 2710
323614 2710
88030 2712
395816 2712
420502 2712
134811 2713
143095 2713
154832 2713
224007 2713
419621 2718
520468 2718
529818 2718
2959 2722
90731 2722
145910 2722
208358 2722
225665 2722
19341 2731
23890 2731
23916 2731
47744 2731
55043 2731
61178 2731
65008 2731
66096 2731
67395 2731
91592 2731
103544 2731
114473 2731
120380 2731
131093 2731
135702 2731
139089 2731
141711 2731
142427 2731
156691 2731
162652 2731
163920 2731
181953 2731
189013 2731
200271 2731
210992 2731
212553 2731
215914 2731
220330 2731
234271 2731
235970 2731
250182 2731
279216 2731
327890 2731
358034 2731
363926 2731
367285 2731
368176 2731
373188 2731
389871 2731
397590 2731
421557 2731
423859 2731
426269 2731
433843 2731
444750 2731
445441 2731
475581 2731
515659 2731
522750 2731
544898 2731
8533 2732
11683 2732
13850 2732
22036 2732
34011 2732
42769 2732
50574 2732
56822 2732
66284 2732
73601 2732
92249 2732
98536 2732
118315 2732
140265 2732
165124 2732
170461 2732
171214 2732
172228 2732
184612 2732
208216 2732
213303 2732
224371 2732
225637 2732
237646 2732
262995 2732
268848 2732
279185 2732
303673 2732
313078 2732
316345 2732
357203 2732
360161 2732
373473 2732
380727 2732
382881 2732
392875 2732
403958 2732
414636 2732
439593 2732
440566 2732
440606 2732
453411 2732
464863 2732
501634 2732
502786 2732
503628 2732
520005 2732
541185 2732
516345 2742
280988 3100
10597 2756
240442 2756
327664 2756
399829 2756
464899 2756
496047 2756
531694 2756
517019 3747
95353 2768
134505 2768
140199 2768
194007 2768
201631 2768
210570 2768
276645 2768
306456 2768
351661 2768
351673 2768
351676 2768
62919 2772
111580 2772
212352 2772
248013 2772
335458 2772
396966 2772
152840 2773
161205 2773
171167 2773
299566 2773
381447 2773
505203 2773
37848 2774
107400 2774
215330 2774
323988 2774
539229 2774
120070 2790
68136 2810
110648 2810
168437 2810
274280 2810
350351 2810
388282 2810
471342 2810
99000 2812
205050 2812
251359 2812
343813 2812
360916 2812
9477 3701
11501 3701
17400 3701
22905 3701
49986 3701
54159 3701
61025 3701
66324 3701
74491 3701
82276 3701
91487 3701
97983 3701
106873 3701
119952 3701
120511 3701
120721 3701
132521 3701
143750 3701
148545 3701
165323 3701
166089 3701
169637 3701
177767 3701
182173 3701
185964 3701
195109 3701
197935 3701
209840 3701
216658 3701
224110 3701
224870 3701
232429 3701
242337 3701
243136 3701
249536 3701
257304 3701
257520 3701
257906 3701
262051 3701
264490 3701
266865 3701
270337 3701
270721 3701
275325 3701
276496 3701
278127 3701
280033 3701
298491 3701
313625 3701
315789 3701
322361 3701
340503 3701
342923 3701
347869 3701
352727 3701
356114 3701
364400 3701
367135 3701
367905 3701
376753 3701
382672 3701
383714 3701
387589 3701
395015 3701
398530 3701
403457 3701
414963 3701
415603 3701
438812 3701
442743 3701
443480 3701
446885 3701
450302 3701
481362 3701
485236 3701
511033 3701
511383 3701
520757 3701
522605 3701
529014 3701
533768 3701
540572 3701
541063 3701
542594 3701
73329 2823
98270 2823
118840 2823
235847 2823
284992 2823
372995 2823
13922 2835
48340 2835
405403 2835
430146 2835
452788 2835
493034 2835
118476 2836
184590 2836
185177 2836
185975 2845
430324 2845
453584 2845
120488 2846
179726 2846
226709 2846
468205 2846
484171 2846
49502 2854
79444 2854
156874 2854
156876 2854
173793 2854
244533 2854
269011 2854
430740 2854
208154 2864
208741 2864
210255 2864
524274 2864
66081 2869
79786 2869
89597 2869
107736 2869
198484 2869
205739 2869
273096 2869
282498 2869
353324 2869
353333 2869
355197 2869
406398 2869
444215 2869
520291 2869
123654 2880
477606 2880
481910 2880
11074 2900
105139 2900
201095 2900
221647 2900
347908 2900
381506 2900
388324 2900
72994 2903
173411 2903
288816 2903
44696 3864
80221 3864
80563 3864
94663 3864
102383 3864
113628 3864
118792 3864
135637 3864
149946 3864
169816 3864
175456 3864
191821 3864
192404 3864
193928 3864
203312 3864
232737 3864
236746 3864
251381 3864
256375 3864
262671 3864
270973 3864
293015 3864
300191 3864
317425 3864
336113 3864
341467 3864
347180 3864
352371 3864
372978 3864
441304 3864
477925 3864
478411 3864
482512 3864
485589 3864
495931 3864
510576 3864
512529 3864
514773 3864
518097 3864
534011 3864
543929 3864
8365 3865
42999 3865
47207 3865
51254 3865
56713 3865
77936 3865
86000 3865
88312 3865
108788 3865
159455 3865
162365 3865
188898 3865
200810 3865
216507 3865
240914 3865
241228 3865
261544 3865
265730 3865
271540 3865
286224 3865
307482 3865
339081 3865
377099 3865
381983 3865
391315 3865
391924 3865
425149 3865
431123 3865
434532 3865
442929 3865
443611 3865
457527 3865
458250 3865
471993 3865
536082 3865
540508 3865
93813 2913
217054 2913
226679 2913
239069 2913
263728 2913
273303 2913
471341 2913
488806 2913
513604 2913
517124 2913
18673 4747
218537 4747
296685 4747
300448 4747
362960 4747
387071 4747
474169 4747
516348 4747
56222 3629
111606 3629
307520 3629
539854 3629
47117 2919
71691 2919
94320 2919
96612 2919
99883 2919
145706 2919
187493 2919
199701 2919
209501 2919
234500 2919
312334 2919
360517 2919
362851 2919
373067 2919
400235 2919
438664 2919
73952 3809
147969 3809
147982 3809
272558 3809
317005 3809
325609 3809
504965 3809
125167 2937
202927 2937
2517 2946
13948 2946
58522 2946
118905 2946
143603 2946
149744 2946
224211 2946
226965 2946
279708 2946
282410 2946
301181 2946
328021 2946
328447 2946
419721 2946
430559 2946
50774 2955
62962 2955
102093 2955
112326 2955
293362 2955
391145 2955
396595 2955
414633 2955
521099 2955
11818 2960
96868 2960
425125 2960
374480 2969
492500 2969
247239 2982
14305 2989
409927 2989
6394 2995
37672 2995
133679 2995
297412 2995
430427 2995
434433 2995
442152 2995
443776 2995
451022 2995
523676 2995
50739 2997
82953 2997
148423 2997
369409 2997
369455 2997
451280 2997
453071 2997
477597 2997
502452 2997
514143 2997
534712 2997
36521 2998
325123 2998
342902 2998
405679 2998
405684 2998
495822 2998
495823 2998
495829 2998
100582 2999
129861 2999
144441 2999
250015 2999
294760 2999
316076 2999
330976 2999
366337 2999
55714 3007
457372 3007
84836 3008
519897 3008
50957 4922
253794 4922
286274 4922
376122 4922
496093 4922
6351 3032
168646 3032
228092 3032
390836 3032
477206 3032
416747 3047
54222 3096
106194 3096
136774 3096
155598 3096
225247 3096
229584 3096
254345 3096
356240 3096
408029 3096
221789 3097
433711 3097
437733 3097
81205 3100
399339 3100
72226 3101
175144 3101
185626 3101
233084 3101
246160 3101
268827 3101
295134 3101
337917 3101
411027 3101
440817 3101
14157 3105
33301 3105
37883 3105
54265 3105
58422 3105
74745 3105
84106 3105
101663 3105
148741 3105
173996 3105
220470 3105
259515 3105
260876 3105
284697 3105
285123 3105
285246 3105
330397 3105
366775 3105
401654 3105
411066 3105
422447 3105
425578 3105
432649 3105
450282 3105
454152 3105
473398 3105
490984 3105
514902 3105
520119 3105
520455 3105
11880 3107
56773 3107
295064 3107
344141 3107
484610 3107
497899 3107
501518 3107
509570 3107
520413 3107
4464 3836
190377 3836
193030 3836
229447 3836
379369 3836
403309 3836
422198 3836
494068 3836
511456 3836
522935 3836
52939 3121
279190 3121
426017 3121
498679 3121
55017 4923
158534 4923
339500 4923
469396 4923
51369 3178
56285 3178
85822 3178
112416 3178
119568 3178
151659 3178
177145 3178
178246 3178
260312 3178
274433 3178
274440 3178
290612 3178
290613 3178
302808 3178
310160 3178
377022 3178
401230 3178
450130 3178
28873 3188
332530 3188
365064 3188
451370 3188
50647 3198
338877 3198
357762 3198
29335 3211
29345 3211
29348 3211
250725 3211
312657 3211
312658 3211
312660 3211
312722 3211
371821 3211
395795 3211
396983 3211
409386 3211
423649 3211
487499 3211
542733 3211
421427 3212
31020 3213
49744 3213
133331 3213
533555 3213
55312 3218
132823 3218
199467 3218
237209 3218
343491 3218
526816 3218
44945 3226
289084 3226
18326 3258
27384 3258
70301 3258
126054 3258
128420 3258
142745 3258
154741 3258
198600 3258
236452 3258
284448 3258
294605 3258
421796 3258
421837 3258
421843 3258
421853 3258
421854 3258
421856 3258
456294 3258
484442 3258
534825 3258
135954 3263
160749 3263
289020 3263
317290 3263
522414 3263
530719 3263
2411 3942
9649 3942
10064 3942
10384 3942
12604 3942
13768 3942
15289 3942
17023 3942
21628 3942
22699 3942
29098 3942
30597 3942
37375 3942
45782 3942
50999 3942
54949 3942
58915 3942
61963 3942
69201 3942
72043 3942
72662 3942
75366 3942
79662 3942
84708 3942
88581 3942
93401 3942
100344 3942
101280 3942
101974 3942
105539 3942
110557 3942
124196 3942
125825 3942
128438 3942
135843 3942
142595 3942
145542 3942
151824 3942
152237 3942
154141 3942
160661 3942
161912 3942
164140 3942
164812 3942
165040 3942
168149 3942
169162 3942
170940 3942
178260 3942
178529 3942
180067 3942
182543 3942
186111 3942
196737 3942
204136 3942
205597 3942
206591 3942
207828 3942
208097 3942
210341 3942
211919 3942
217935 3942
218533 3942
223555 3942
229451 3942
239629 3942
240213 3942
242887 3942
243864 3942
250213 3942
254038 3942
264194 3942
265316 3942
270651 3942
280180 3942
282747 3942
284484 3942
285643 3942
288779 3942
295118 3942
298214 3942
299682 3942
301756 3942
302476 3942
310707 3942
312723 3942
318944 3942
323558 3942
324619 3942
324936 3942
327139 3942
328570 3942
340570 3942
343602 3942
346707 3942
347666 3942
347774 3942
348664 3942
350551 3942
351020 3942
351405 3942
351827 3942
352294 3942
354111 3942
360890 3942
364755 3942
368631 3942
371620 3942
379439 3942
381294 3942
384688 3942
390438 3942
394879 3942
397827 3942
399824 3942
407014 3942
408212 3942
412348 3942
412976 3942
415742 3942
427671 3942
428277 3942
428543 3942
434715 3942
434917 3942
436894 3942
437689 3942
440729 3942
440865 3942
442025 3942
447487 3942
450500 3942
453375 3942
453437 3942
458888 3942
463500 3942
466304 3942
466832 3942
471583 3942
471620 3942
472444 3942
475566 3942
478992 3942
482373 3942
482982 3942
483647 3942
485254 3942
489239 3942
490115 3942
492555 3942
494286 3942
501043 3942
503909 3942
505814 3942
507975 3942
508516 3942
512055 3942
516354 3942
517559 3942
520048 3942
521723 3942
524460 3942
527680 3942
529823 3942
530304 3942
536296 3942
539156 3942
539353 3942
539578 3942
540798 3942
540836 3942
543463 3942
543565 3942
62960 3272
120296 3272
122211 3272
163023 3272
404494 3272
79070 3277
121919 3277
142230 3277
165141 3277
286636 3277
294783 3277
316850 3277
340933 3277
448617 3277
516510 3277
532925 3277
537035 3277
67976 3280
299422 3280
484708 3280
35867 3286
369336 3286
484428 3286
9453 3291
51371 3291
51382 3291
213650 3291
322048 3291
432282 3291
482370 3291
526469 3294
34799 3302
34802 3302
58848 3302
345624 3302
516523 3302
520546 3302
27890 3313
48131 3313
52064 3313
55386 3313
55388 3313
57383 3313
165463 3313
219781 3313
238491 3313
389895 3313
405178 3313
483076 3313
538129 3313
62211 3314
99302 3314
123836 3314
154277 3314
154282 3314
209163 3314
236304 3314
287800 3314
344610 3314
359862 3314
372706 3314
407647 3314
431741 3314
522205 3314
122115 3320
473502 3320
495814 3320
193837 3328
448427 3328
509142 3328
3542 3982
14092 3982
37532 3982
38132 3982
44688 3982
45762 3982
49333 3982
54865 3982
57325 3982
59197 3982
131921 3982
154864 3982
182834 3982
186396 3982
201209 3982
202791 3982
211693 3982
224973 3982
237080 3982
241253 3982
243277 3982
256540 3982
265901 3982
267766 3982
294696 3982
301633 3982
327394 3982
339120 3982
343092 3982
382101 3982
390087 3982
394014 3982
396290 3982
413449 3982
417568 3982
421503 3982
441494 3982
442103 3982
443954 3982
448951 3982
471555 3982
489692 3982
496695 3982
504502 3982
509123 3982
509476 3982
519862 3982
520946 3982
523360 3982
533175 3982
534674 3982
547579 3982
101 3335
12525 3335
41105 3335
54204 3335
81019 3335
124786 3335
136798 3335
149285 3335
152118 3335
161590 3335
186707 3335
270951 3335
368140 3335
384513 3335
427650 3335
466129 3335
489538 3335
538851 3335
15147 4008
61160 4008
62574 4008
114369 4008
213775 4008
263425 4008
334441 4008
335860 4008
430087 4008
433898 4008
436388 4008
444595 4008
460609 4008
472790 4008
482336 4008
484081 4008
116101 3986
178800 3986
257678 3986
294220 3986
313315 3986
377735 3986
450376 3986
488765 3986
524390 3986
398328 3342
422104 3342
426714 3342
430272 3342
454223 3342
536575 3342
315316 3359
173149 3361
268606 3361
284821 3361
21270 3362
84409 3362
262923 3362
412703 3362
29866 3363
192608 3363
232195 3363
468680 3363
478760 3363
206842 3365
541656 3365
518522 3425
411330 3451
419262 3451
435347 3451
112786 3476
112792 3476
235293 3476
347667 3476
42023 3486
80532 3486
131344 3491
520360 3491
187112 3501
267237 3501
344635 3501
19778 3862
69991 3862
80880 3862
111814 3862
117075 3862
126017 3862
162714 3862
174023 3862
178367 3862
202699 3862
237543 3862
270302 3862
294787 3862
319959 3862
342978 3862
362454 3862
407678 3862
416640 3862
417607 3862
425882 3862
429837 3862
522719 3862
536549 3862
77453 3523
205276 3523
242613 3607
357172 3607
381138 3607
405013 3607
49082 3629
292797 3629
316846 3629
517285 3629
12086 3652
112046 3652
57444 3669
67586 3669
68955 3669
269644 3669
296579 3669
303297 3669
303361 3669
321472 3669
336267 3669
337201 3669
348167 3669
398838 3669
409526 3669
409527 3669
409529 3669
409534 3669
409535 3669
409540 3669
466141 3669
477860 3669
481062 3669
494459 3669
509802 3669
520403 3669
524067 3669
539656 3669
198530 3671
215365 3671
217086 3671
223267 3671
288236 3671
315835 3671
338513 3671
357585 3671
396677 3671
397738 3671
425450 3671
425466 3671
428867 3671
444210 3671
474021 3671
21020 3680
223157 3685
373568 3685
397512 3685
421220 3685
448241 3685
226605 3692
468003 3692
529460 3692
18696 3697
31264 3697
119100 3697
181783 3697
211881 3697
234948 3697
375352 3697
534454 3697
155697 3698
199787 3698
493941 3698
1822 3700
4645 3700
7001 3700
17716 3700
29516 3700
46774 3700
47682 3700
47750 3700
51619 3700
52944 3700
73543 3700
75510 3700
83064 3700
87508 3700
90166 3700
90546 3700
93372 3700
94201 3700
103529 3700
107221 3700
110031 3700
111430 3700
116789 3700
121895 3700
125772 3700
141236 3700
143470 3700
143980 3700
150139 3700
151205 3700
157048 3700
159553 3700
164421 3700
173327 3700
178341 3700
183478 3700
184995 3700
185045 3700
186598 3700
190384 3700
192540 3700
193112 3700
197286 3700
199857 3700
202049 3700
214048 3700
214971 3700
218002 3700
218826 3700
220496 3700
232138 3700
235790 3700
243709 3700
250774 3700
254853 3700
257338 3700
269544 3700
283617 3700
285611 3700
285967 3700
291289 3700
297914 3700
300365 3700
303420 3700
311029 3700
315058 3700
316269 3700
317370 3700
321713 3700
326307 3700
333346 3700
334633 3700
336115 3700
348376 3700
350190 3700
351105 3700
354879 3700
356552 3700
357034 3700
357757 3700
360852 3700
363412 3700
366509 3700
366691 3700
367642 3700
371490 3700
372898 3700
375374 3700
376886 3700
381792 3700
384707 3700
386841 3700
400446 3700
401615 3700
407566 3700
409840 3700
410605 3700
418859 3700
425538 3700
437872 3700
439577 3700
446414 3700
456757 3700
463662 3700
469419 3700
472011 3700
472190 3700
490624 3700
490853 3700
494409 3700
501167 3700
501544 3700
516259 3700
526811 3700
527570 3700
528346 3700
531024 3700
541918 3700
543550 3700
544242 3700
82113 3701
133754 3701
135693 3701
265293 3701
382057 3701
517108 3701
852 3702
2556 3702
2613 3702
2917 3702
49336 3702
70350 3702
90820 3702
103626 3702
150211 3702
160859 3702
170622 3702
196298 3702
218600 3702
222789 3702
224305 3702
292251 3702
329483 3702
330153 3702
358490 3702
367698 3702
407147 3702
409740 3702
420580 3702
424145 3702
444965 3702
448512 3702
513011 3702
517958 3702
524313 3702
9210 3703
49314 3703
54316 3703
62738 3703
67777 3703
85948 3703
101383 3703
116877 3703
137265 3703
147649 3703
209209 3703
221671 3703
230077 3703
245109 3703
300093 3703
330655 3703
367155 3703
379579 3703
419374 3703
438432 3703
459223 3703
467413 3703
479594 3703
507327 3703
507451 3703
535943 3703
262492 3736
311323 3987
331778 3987
381847 3987
287304 3997
49820 3749
111022 3749
124602 3749
128633 3749
165511 3749
186703 3749
203827 3749
217231 3749
236861 3749
361112 3749
371295 3749
376053 3749
415235 3749
427438 3749
486082 3749
518426 3749
528254 3749
108179 3768
515083 3768
212909 3783
237561 3783
242766 3783
496699 3783
107781 3812
529629 3812
8826 3815
47863 3815
113270 3815
214715 3815
235278 3815
250423 3815
269766 3815
333303 3815
340053 3815
350004 3815
397977 3815
436165 3815
436170 3815
436171 3815
475168 3815
540486 3815
111650 3821
224387 3821
264562 3821
290301 3821
331618 3821
355806 3821
380405 3821
444646 3821
531144 3821
36734 3827
59130 3827
293701 3827
325434 3827
530707 3827
14979 3829
170045 3829
245730 3829
496722 3829
519269 3829
7667 3830
199697 3830
226854 3830
341839 3830
323531 3831
323532 3831
323534 3831
460955 3831
274146 3833
422043 3833
457203 3833
7923 3836
47375 3836
50651 3836
68214 3836
72090 3836
75316 3836
93106 3836
105321 3836
142439 3836
145710 3836
145912 3836
167436 3836
196138 3836
222381 3836
224414 3836
237499 3836
249165 3836
262203 3836
271676 3836
296406 3836
297160 3836
329897 3836
335880 3836
351614 3836
353214 3836
395631 3836
399100 3836
406877 3836
423205 3836
430505 3836
446578 3836
447126 3836
454489 3836
459882 3836
467567 3836
488489 3836
490905 3836
499869 3836
534791 3836
159867 3859
416387 3859
38836 3862
234154 3864
20904 3865
115966 3865
13739 4739
40029 4739
133761 4739
168584 4739
299008 4739
342622 4739
421579 4739
455425 4739
478924 4739
535534 4739
541585 4739
33563 3942
46279 3942
46639 3942
47912 3942
62163 3942
95344 3942
112689 3942
120579 3942
127536 3942
144321 3942
148541 3942
194712 3942
233761 3942
256238 3942
262114 3942
272828 3942
288862 3942
290088 3942
295664 3942
296790 3942
305053 3942
306531 3942
308531 3942
312209 3942
331170 3942
338475 3942
407401 3942
408890 3942
411849 3942
418521 3942
441252 3942
444520 3942
453326 3942
505613 3942
505914 3942
518323 3942
520574 3942
527948 3942
539948 3942
42482 3947
11030 4083
19506 4083
85288 4083
87391 4083
168776 4083
198051 4083
224018 4083
227783 4083
271354 4083
317630 4083
443486 4083
490961 4083
494959 4083
524973 4083
268686 3954
142680 4922
325101 4922
351669 4922
459635 4922
465905 4922
476197 4922
505195 4922
8323 3967
149680 3967
198204 3967
61195 3968
81858 3968
150077 3968
183631 3968
226183 3968
306986 3968
352756 3968
366700 3968
419305 3968
508809 3968
101218 3971
236362 3971
302431 3971
41015 3980
152512 3980
375133 3980
394515 3980
482169 3980
504629 3980
44312 3982
8692 3986
23486 3986
47961 3986
85096 3986
103262 3986
103444 3986
128002 3986
145288 3986
148592 3986
150787 3986
151088 3986
154776 3986
163339 3986
164111 3986
165032 3986
174682 3986
190629 3986
194740 3986
203458 3986
213196 3986
222987 3986
236168 3986
251371 3986
260179 3986
266243 3986
277846 3986
306761 3986
318984 3986
362442 3986
365635 3986
367031 3986
410900 3986
413457 3986
518817 3986
519367 3986
520715 3986
523261 3986
536093 3986
540171 3986
544840 3986
28152 3987
56570 3987
433810 3987
450417 3987
609 3990
9098 3990
18066 3990
48086 3990
50303 3990
74160 3990
74997 3990
117356 3990
140352 3990
145448 3990
146150 3990
165212 3990
182894 3990
198897 3990
212800 3990
231462 3990
245990 3990
448156 3990
469283 3990
534597 3990
534904 3990
541942 3990
314370 4004
349893 4004
35815 4008
35446 4011
37555 4011
109756 4011
165812 4011
290573 4011
328028 4011
331903 4011
518053 4011
519887 4011
537844 4011
542138 4011
21106 4017
49504 4017
225450 4017
228363 4017
320295 4017
355676 4017
512502 4017
513547 4017
529251 4017
196547 4023
208712 4023
414323 4023
465309 4023
508745 4023
535681 4036
22700 4066
175581 4066
198253 4066
488040 4066
512853 4066
7606 4067
17667 4067
32290 4067
113434 4067
132461 4067
135104 4067
205265 4067
286421 4067
404481 4067
466969 4067
467080 4067
530618 4067
6372 4069
182335 4069
316666 4069
450071 4069
96239 4122
351364 4122
473115 4122
10481 4187
274969 4187
331646 4187
437618 4187
514322 4187
132950 4203
176263 4203
176270 4203
202686 4203
222274 4203
274441 4203
305768 4203
415354 4203
482125 4203
505282 4203
17994 4272
27468 4272
67232 4272
133986 4272
162036 4272
182146 4272
263489 4272
279061 4272
288871 4272
381698 4272
435800 4272
436924 4272
466532 4272
479941 4272
519796 4272
19614 4280
215706 4280
267299 4280
483438 4280
44426 4296
47494 4296
75576 4296
204016 4296
248069 4296
279223 4296
310859 4296
433392 4296
532459 4296
536535 4296
77973 4328
104619 4328
138098 4328
157451 4328
200073 4328
215235 4328
272992 4328
341906 4328
374113 4328
396912 4328
451406 4328
475476 4328
520641 4328
540456 4328
217508 4330
496276 4330
526306 4330
513131 4357
10641 4407
53936 4407
78875 4407
118863 4407
182663 4407
271001 4407
353275 4407
398993 4407
43572 4408
154506 4408
157140 4408
238989 4408
265976 4408
283468 4408
303403 4408
322302 4411
405631 4411
463403 4411
144403 4429
491995 4429
3464 4457
105174 4457
126775 4457
205091 4457
355231 4457
216758 4563
301613 4563
457714 4563
492112 4563
189841 4603
448106 4606
491470 4606
93478 4662
484070 4662
535228 4662
108184 4739
226291 4739
409148 4739
493142 4739
40935 4740
89837 4740
99659 4740
108268 4740
135360 4740
147214 4740
197439 4740
198351 4740
282863 4740
293297 4740
310645 4740
334574 4740
377165 4740
413084 4740
417223 4740
538642 4740
58088 4743
62692 4743
104408 4743
112089 4743
195101 4743
206941 4743
217095 4743
262513 4743
270094 4743
348874 4743
396905 4743
433594 4743
506776 4743
63368 4744
157272 4744
256198 4744
373528 4744
427654 4744
466283 4744
482155 4744
497000 4744
517875 4744
366943 4747
114319 4752
198684 4752
386738 4752
392437 4752
470404 4752
6866 4776
41056 4776
45028 4776
72777 4776
76615 4776
83469 4776
85939 4776
98963 4776
102118 4776
142413 4776
144541 4776
163711 4776
184227 4776
184237 4776
191141 4776
335966 4776
363689 4776
438202 4776
453943 4776
476929 4776
523226 4776
537684 4776
540421 4776
546859 4776
546860 4776
546926 4776
548103 4776
544939 4780
12969 4786
17440 4786
17442 4786
177782 4786
193609 4786
210707 4786
210944 4786
360223 4786
414010 4786
429334 4786
477237 4786
17651 4789
27941 4789
223909 4789
223912 4789
338888 4789
395199 4789
24458 4793
24462 4793
170798 4793
261193 4793
336745 4793
8050 4815
166768 4815
179327 4815
193507 4815
412931 4815
533900 4815
116690 4820
247247 4820
328962 4820
433697 4820
482834 4820
56618 4821
166948 4821
273463 4821
456543 4821
498058 4821
6899 4822
37829 4822
70409 4822
244754 4822
336593 4822
398645 4824
409979 4824
437578 4824
482249 4824
66413 4923
155096 4923
300910 4923
318079 4923
318090 4923
407868 4923
425656 4923
518217 4923
66078 4933
131037 4933
240998 4933
241019 4933
299583 4933
381352 4949
456223 4949
135499 4
191846 10
422756 121
400510 154
310133 209
488254 218
207193 234
324488 234
502143 238
123091 238
530943 258
451372 296
345863 296
2641 415
391377 415
278360 518
344511 518
141989 518
238220 696
331020 696
181932 696
320334 696
185616 696
311724 716
496284 750
117667 773
456555 780
18722 870
379559 966
517201 1066
332872 1066
403965 1066
46711 1066
524208 1066
318229 1208
444566 1370
437177 1465
54424 1619
161328 1809
147931 1916
232272 2053
464459 2206
35191 2423
481957 2423
282602 2559
528646 2710
370840 2742
444034 2790
427997 2810
434436 2995
53069 3213
410027 3486
171252 3486
459666 3486
409536 3669
271979 3669
218003 3669
368036 3698
385591 4036
509575 4441
81166 4441
384181 4606
304846 4752
542899 4780
28513 4780
532011 1144
