164985 0
225214 0
232761 0
105089 1
231953 3
523128 3
522928 7
42888 18
217362 18
301834 21
353399 21
497007 21
213603 22
213604 22
213613 22
213615 22
213617 22
249025 22
219649 24
233695 24
337976 24
337981 24
444709 24
499056 24
99505 26
126694 26
133115 26
264885 26
522555 26
124 2408
243477 2408
302516 2408
318491 2408
320027 2408
366784 2408
169543 33
219957 33
284749 33
346229 33
296324 1142
332135 1142
373569 1142
395227 1142
5384 46
110507 46
110512 46
110748 46
192985 46
372395 46
119540 50
273430 50
538298 50
75183 2735
155666 2735
272830 2735
335473 2735
530008 2735
74012 2816
163140 2816
329735 2816
359073 2816
395421 2816
202170 4004
270508 4004
287742 4004
541707 4004
159503 544
246476 544
248173 544
394804 544
261804 61
334721 61
358944 61
469808 61
449093 66
23338 70
53654 70
74163 70
424802 70
450237 70
535531 70
79348 2735
300830 2735
313309 2735
314477 2735
366327 2735
541715 2735
93003 77
163816 77
212108 77
347287 77
387941 77
422973 77
536483 77
221215 78
230413 78
246114 78
270592 78
47947 80
162804 80
538948 80
68164 82
90017 82
164035 82
209103 82
221076 82
234757 82
344437 82
386267 82
395500 82
1602 83
316508 83
365982 83
382058 83
417272 83
425507 83
495172 83
523055 83
129187 444
195341 444
214813 444
432745 444
57824 88
82730 88
90608 88
107186 88
109422 88
328644 88
377039 88
391732 88
120942 95
146227 95
213167 95
267988 95
278186 95
394142 95
452083 95
508006 95
138094 99
164230 99
290174 99
4891 105
154368 105
240949 105
346810 105
391006 105
434525 105
482090 105
42761 107
58894 107
102756 107
108405 107
172687 107
173342 107
329503 107
387236 107
426707 107
455994 107
21397 108
147833 108
193216 108
202424 108
285022 108
416667 108
421706 108
533455 108
144045 109
156667 109
194080 109
365781 109
367283 109
386697 109
445264 109
193203 112
228571 112
253308 112
460939 112
189330 115
199812 115
220034 115
382482 115
526388 115
69474 121
378519 121
426387 121
13083 125
50229 125
74914 125
138186 125
161631 125
301328 125
384358 125
438144 125
511464 125
93424 128
473657 128
94085 130
98742 130
152903 130
226158 130
274813 130
544421 130
545678 130
545919 130
546598 130
51162 132
294043 132
362026 132
470113 132
482419 132
507403 132
528331 132
299655 134
331526 134
387434 134
505148 134
540854 134
64751 136
214829 136
250005 136
253000 136
308617 136
331600 136
392902 136
42284 139
52236 139
140949 139
165131 139
197609 139
353245 139
400218 139
500904 139
14254 141
17479 141
19463 141
40144 141
64777 141
73725 141
217657 141
363008 141
487180 141
113905 145
188421 145
205459 145
210414 145
258181 145
338280 145
339151 145
411938 145
432420 145
456517 145
499824 145
528406 145
33116 147
95736 147
200577 147
220425 147
237846 147
252872 147
338819 147
518003 147
5582 150
193375 150
213676 150
329508 150
339289 150
350684 150
374744 150
495203 150
59509 151
68430 151
84384 151
93341 151
172036 151
294094 151
310314 151
504212 151
537726 151
35284 153
59771 153
109204 153
124094 153
149985 153
153287 153
222178 153
308746 153
329470 153
504430 153
63076 154
67221 154
182616 154
249104 154
274294 154
354326 154
438866 154
463165 154
465766 154
484041 154
20676 155
60967 155
70797 155
114872 155
222386 155
228567 155
269750 155
350356 155
388751 155
509194 155
46750 156
134247 156
171553 156
223767 156
258658 156
306262 156
442607 156
458567 156
518137 156
42687 4441
161938 4441
201570 4441
201574 4441
215112 4441
216724 4441
252984 4441
277248 4441
15708 158
44578 158
60897 158
85733 158
110288 158
114293 158
114561 158
182337 158
184866 158
346617 158
372891 158
508820 158
86967 159
107110 159
264650 159
289094 159
486317 159
521391 159
21584 164
43288 164
113369 164
293968 164
318953 164
341763 164
343017 164
368792 164
392187 164
464182 164
524986 164
13867 165
21789 165
43967 165
108325 165
219714 165
367717 165
410401 165
448789 165
456740 165
492018 165
496038 165
526750 165
533680 165
20761 166
37316 166
47014 166
76302 166
123563 166
234014 166
337603 166
463377 166
494258 166
512373 166
532301 166
10894 168
223802 168
266177 168
269398 168
359725 168
367675 168
486535 168
487448 168
515271 168
10904 170
91931 170
436218 170
522544 170
4406 1500
19471 1500
157089 1500
178108 1500
220801 1500
226561 1500
234224 1500
277277 1500
386376 1500
430041 1500
453999 1500
455469 1500
535391 1500
11462 175
163294 175
209787 175
318299 175
319527 175
385265 175
416994 175
421463 175
430736 175
514230 175
599 177
24701 177
78205 177
198913 177
243898 177
344715 177
527561 177
40257 178
149459 178
302298 178
323354 178
391957 178
468596 178
532365 178
239451 179
26661 181
50066 181
86257 181
264346 181
375204 181
398286 181
494807 181
527642 181
1806 1239
4389 1239
49243 1239
49268 1239
164686 1239
376498 1239
393054 1239
405956 1239
528993 1239
203547 187
204591 187
470794 187
522328 187
19622 188
30849 188
34477 188
140014 188
224056 188
367439 188
419643 188
463507 188
29036 189
77589 189
108247 189
266452 189
311349 189
336378 189
392981 189
472012 189
487744 189
61337 191
129710 191
154384 191
253676 191
261266 191
285631 191
370763 191
402042 191
519227 191
80308 194
112477 194
121302 194
139178 194
189107 194
190820 194
418406 194
215767 195
285310 195
289765 195
346397 195
398891 195
398893 195
410927 195
410930 195
43657 1323
62080 1323
80682 1323
163046 1323
224484 1323
267959 1323
377023 1323
473474 1323
473755 1323
530348 1323
534978 1323
4005 201
97674 201
282981 201
319136 201
371558 201
391665 201
463620 201
474167 201
493578 201
496977 201
527275 201
344889 1323
2223 204
68284 204
114393 204
139407 204
244679 204
289508 204
328671 204
424392 204
479184 204
497568 204
527734 204
530164 204
11065 206
31591 206
55931 206
168287 206
216739 206
241646 206
299114 206
342259 206
379596 206
427444 206
478910 206
500652 206
530841 206
41885 207
66520 207
107582 207
228892 207
248812 207
253624 207
273314 207
343630 207
463360 207
525454 207
14245 209
54528 209
144069 209
259746 209
418053 209
436121 209
446311 209
523611 209
527637 209
85960 210
100001 210
185031 210
334881 210
34069 212
93746 212
118346 212
164375 212
268565 212
293070 212
332827 212
334329 212
358591 212
406380 212
420513 212
423318 212
430354 212
520700 212
183356 214
250924 214
275371 214
299770 214
372953 214
389000 214
425475 214
440811 214
462792 214
487020 214
522161 214
525784 214
134939 224
348821 224
415746 224
439139 224
457766 224
11773 226
48550 226
73233 226
133069 226
213093 226
238783 226
253868 226
281946 226
332097 226
368011 226
391925 226
501400 226
505764 226
519200 226
525564 226
43061 240
109415 240
174771 240
221760 240
290912 240
324000 240
348115 240
356140 240
448537 240
455432 240
470325 240
136950 241
207857 241
217115 241
222994 241
252416 241
288252 241
298476 241
302152 241
311205 241
343957 241
403212 241
452729 241
478422 241
502099 241
15615 243
60709 243
77776 243
117427 243
161472 243
191527 243
201338 243
216044 243
253298 243
275950 243
287774 243
368505 243
195496 246
311567 246
381599 246
432389 246
500036 246
2991 3975
8183 3975
18668 3975
121944 3975
271884 3975
347926 3975
370447 3975
488148 3975
89139 252
105230 252
129923 252
145106 252
200053 252
213860 252
266813 252
299825 252
300708 252
340706 252
461995 252
475011 252
521116 252
534520 252
539128 252
10654 2408
125100 2408
166530 2408
179787 2408
195458 2408
228556 2408
288775 2408
317488 2408
331907 2408
497889 2408
497891 2408
95647 254
164236 254
199674 254
264636 254
297091 254
319430 254
342614 254
358037 254
375289 254
440086 254
451990 254
467636 254
485361 254
520733 254
194407 1500
408420 1500
409317 1500
494662 1500
16750 260
37384 260
60074 260
504753 260
530151 260
32451 261
46703 261
76467 261
239461 261
286893 261
312811 261
412102 261
464086 261
509145 261
513654 261
525025 261
535408 261
541970 261
237977 265
481973 265
92707 3942
94800 273
302845 273
544135 276
100920 1838
170945 1838
266632 1838
311601 1838
361337 1838
367186 1838
389896 1838
405823 1838
413692 1838
461863 1838
509960 1838
7651 279
34204 279
35242 279
62164 279
112685 279
179116 279
179914 279
235463 279
235864 279
238654 279
361420 279
388591 279
395097 279
404319 279
502010 279
42080 282
48627 282
66647 282
155864 282
165125 282
177942 282
205662 282
225318 282
226635 282
328494 282
359726 282
364489 282
428164 282
428900 282
442766 282
473812 282
536067 282
42714 286
100259 286
198172 286
216202 286
230862 286
242628 286
345528 286
356182 286
359466 286
399876 286
511516 286
515102 286
531753 286
176 290
131232 290
201855 290
321841 290
347858 290
533157 290
33492 3276
65243 3276
65513 3276
141157 3276
258162 3276
292574 3276
346811 3276
406477 3276
430451 3276
495620 3276
521772 3276
67554 294
67555 294
130970 294
162263 294
171940 294
199941 294
204174 294
204177 294
215668 294
540481 294
542439 294
542860 294
542948 294
543633 294
543634 294
72095 303
84026 303
143438 303
151254 303
166536 303
183883 303
235822 303
239656 303
371709 303
384060 303
395085 303
418134 303
43606 307
50157 307
103921 307
134935 307
368947 307
447988 307
452260 307
517606 307
70863 314
83615 314
91645 314
95788 314
102898 314
108191 314
134064 314
158928 314
192759 314
230977 314
255781 314
292712 314
301086 314
317602 314
341644 314
377255 314
386664 314
437385 314
442207 314
4804 315
26284 315
49697 315
66802 315
84512 315
91726 315
123900 315
170107 315
266583 315
320914 315
354669 315
376458 315
417848 315
424287 315
486252 315
503239 315
518091 315
526735 315
532709 315
30582 317
47276 317
61182 317
98764 317
137182 317
163495 317
228881 317
342258 317
364790 317
376494 317
421426 317
502459 317
10539 325
49330 325
51625 325
157060 325
172940 325
177681 325
184803 325
193534 325
212245 325
222181 325
242068 325
247051 325
254528 325
280526 325
387584 325
403840 325
413495 325
439133 325
463382 325
472626 325
4998 328
6165 328
29915 328
49151 328
83619 328
116597 328
173377 328
211010 328
268035 328
336727 328
338919 328
350246 328
371949 328
421174 328
426850 328
475281 328
503036 328
528451 328
19006 329
20353 329
36212 329
130580 329
147273 329
164738 329
184854 329
266542 329
267803 329
309698 329
357847 329
375611 329
414330 329
446541 329
462268 329
463325 329
465393 329
495135 329
517602 329
544044 329
544964 329
33895 330
42977 330
54168 330
73243 330
83623 330
150058 330
216431 330
218769 330
269236 330
334061 330
516184 330
516831 330
532003 330
544399 330
74023 335
140392 335
144255 335
183871 335
206643 335
230601 335
255355 335
260920 335
322563 335
364779 335
366253 335
442379 335
466634 335
53198 2408
136177 2408
136179 2408
177374 2408
237754 2408
262450 2408
331946 2408
354092 2408
454459 2408
499411 2408
523408 2408
29195 339
53482 339
78412 339
90872 339
127731 339
177514 339
277890 339
302328 339
315424 339
339438 339
407628 339
523802 339
12517 340
65503 340
139490 340
229173 340
418046 340
512945 340
14599 3348
32239 3348
73054 3348
101295 3348
113773 3348
171491 3348
200196 3348
227747 3348
243469 3348
337503 3348
387972 3348
404752 3348
443897 3348
459971 3348
492349 3348
497338 3348
75600 347
101909 347
109197 347
128781 347
153991 347
235216 347
261771 347
278740 347
299942 347
300327 347
312433 347
329881 347
348662 347
487512 347
494261 347
531782 347
535205 347
535798 347
545002 347
51511 349
75966 349
152623 349
156415 349
172515 349
224878 349
246707 349
251888 349
261897 349
336439 349
371052 349
436219 349
508151 349
510977 349
518809 349
520180 349
526119 349
531909 349
12904 3997
18493 3997
49830 3997
67416 3997
68152 3997
161796 3997
182190 3997
221490 3997
233927 3997
246279 3997
248522 3997
260643 3997
265479 3997
400566 3997
401575 3997
418739 3997
422194 3997
450464 3997
457079 3997
540769 3997
13146 359
13752 359
22979 359
43798 359
51660 359
87311 359
122728 359
225783 359
290347 359
298914 359
301823 359
316752 359
320545 359
352817 359
371837 359
395752 359
443545 359
459197 359
467827 359
473456 359
3120 4756
9869 4756
14992 4756
101939 4756
149432 4756
150038 4756
189398 4756
203600 4756
226912 4756
236382 4756
246768 4756
276086 4756
276847 4756
300171 4756
341761 4756
362551 4756
377304 4756
436450 4756
447700 4756
460256 4756
471688 4756
504831 4756
528926 4756
263151 363
263163 363
263165 363
263166 363
527914 363
527915 363
414 367
31823 367
265606 367
410079 367
6633 369
11593 369
27451 369
49271 369
102198 369
103808 369
124244 369
175208 369
222832 369
247631 369
247703 369
265673 369
346493 369
372073 369
401800 369
404226 369
444299 369
479041 369
482092 369
493075 369
504729 369
523382 369
41256 375
361696 375
361698 375
67883 382
105792 382
149197 382
193926 382
205875 382
317160 382
320580 382
367309 382
504121 382
527109 382
79772 383
158573 383
174206 383
285723 383
366456 383
401351 383
401355 383
401357 383
401386 383
456694 383
483898 383
487550 383
548526 383
32015 395
37761 395
75175 395
87318 395
96760 395
105873 395
192743 395
246879 395
256722 395
310207 395
339441 395
340390 395
363712 395
393304 395
413141 395
413751 395
435303 395
489224 395
512110 395
512599 395
22085 1976
64287 1976
67454 1976
120388 1976
155770 1976
170756 1976
189109 1976
195156 1976
203633 1976
222584 1976
253870 1976
271928 1976
277405 1976
291669 1976
301867 1976
312146 1976
363363 1976
389962 1976
419009 1976
437660 1976
442876 1976
483882 1976
485105 1976
491554 1976
512147 1976
528715 1976
19043 405
59514 405
73765 405
143573 405
169293 405
192709 405
205568 405
229736 405
237027 405
255918 405
280211 405
359417 405
383743 405
390104 405
418481 405
450023 405
468033 405
490635 405
61601 414
61938 414
64808 414
102931 414
111008 414
132915 414
134831 414
143714 414
144919 414
145293 414
180095 414
185527 414
211652 414
231184 414
297268 414
299089 414
313355 414
321860 414
325491 414
334990 414
341978 414
353132 414
494077 414
513774 414
520346 414
524353 414
84055 417
176891 417
201263 417
336715 417
366590 417
408596 417
455003 417
65060 419
125994 419
133562 419
144713 419
159868 419
162977 419
164250 419
168743 419
182116 419
189339 419
207402 419
231714 419
260596 419
293562 419
308944 419
313823 419
339172 419
343646 419
406785 419
422696 419
455986 419
472600 419
475084 419
515316 419
532383 419
14372 422
51145 422
53416 422
57683 422
91784 422
110102 422
133777 422
176731 422
224731 422
236879 422
249279 422
298612 422
314700 422
315898 422
316167 422
434104 422
461258 422
463515 422
477993 422
498667 422
511619 422
524663 422
5829 423
13732 423
48968 423
98588 423
118943 423
143608 423
145927 423
168570 423
174928 423
187370 423
193654 423
255303 423
255775 423
327145 423
334757 423
366418 423
377884 423
410943 423
419483 423
444875 423
498286 423
507155 423
539820 423
541959 423
5456 427
17284 427
61148 427
68431 427
93086 427
143159 427
179106 427
278920 427
324084 427
325596 427
352091 427
402327 427
452766 427
500420 427
535668 427
535920 427
11153 428
49254 428
69843 428
97257 428
130418 428
134358 428
183837 428
188744 428
190224 428
242112 428
259203 428
369065 428
369190 428
428012 428
437448 428
462789 428
510314 428
515064 428
8619 429
64259 429
89532 429
100452 429
107976 429
108073 429
182478 429
190065 429
224978 429
239320 429
327059 429
360260 429
363769 429
375710 429
382607 429
404936 429
411334 429
415818 429
417210 429
435207 429
450533 429
453454 429
454437 429
459849 429
484008 429
503238 429
367144 436
410601 436
429007 436
448166 436
19002 444
30750 449
34871 449
84256 449
95613 449
110514 449
111861 449
128494 449
136771 449
144738 449
153115 449
169867 449
194926 449
202702 449
227251 449
241853 449
260745 449
269403 449
273321 449
273547 449
298033 449
302756 449
326539 449
335113 449
339242 449
343976 449
364433 449
383249 449
431169 449
474655 449
513119 449
15076 450
127991 450
128608 450
159862 450
160253 450
175090 450
180506 450
226152 450
250941 450
258812 450
275230 450
309623 450
309717 450
313922 450
335413 450
337884 450
345744 450
359616 450
383515 450
401020 450
414140 450
429766 450
457840 450
92465 458
145537 458
146955 458
161336 458
176985 458
230462 458
284155 458
284970 458
295130 458
321070 458
341967 458
345173 458
396551 458
401686 458
422027 458
430353 458
459353 458
467394 458
484357 458
529577 458
31195 459
36793 459
51142 459
64999 459
67111 459
90295 459
90734 459
92800 459
109808 459
166561 459
177538 459
198063 459
211751 459
212805 459
236925 459
248191 459
276010 459
285067 459
353233 459
378214 459
394175 459
432128 459
463724 459
488909 459
501909 459
520004 459
32702 1500
54892 1500
186535 1500
202203 1500
230643 1500
249831 1500
317331 1500
403188 1500
464736 1500
484963 1500
522622 1500
11516 1372
61571 1372
68613 1372
101983 1372
110252 1372
134328 1372
135378 1372
151094 1372
172939 1372
195987 1372
201405 1372
209611 1372
223755 1372
234598 1372
257265 1372
275487 1372
291129 1372
379682 1372
384715 1372
390845 1372
396655 1372
429260 1372
429722 1372
434828 1372
435174 1372
489520 1372
508419 1372
529268 1372
537268 1372
32892 475
78488 475
81957 475
94166 475
143368 475
187952 475
215497 475
256479 475
273064 475
279547 475
331930 475
345142 475
389343 475
391388 475
393538 475
421881 475
446997 475
470866 475
470946 475
495786 475
502084 475
505755 475
33081 477
42712 477
53054 477
64291 477
93974 477
103232 477
107269 477
154963 477
230284 477
263035 477
272971 477
342410 477
383223 477
397772 477
405594 477
411171 477
431132 477
437291 477
455392 477
458352 477
486464 477
494644 477
518739 477
544308 477
32818 4436
32819 4436
32821 4436
32873 4436
32875 4436
32877 4436
32879 4436
32880 4436
53520 4436
62523 4436
140298 4436
168637 4436
173935 4436
183395 4436
189279 4436
200549 4436
216445 4436
216449 4436
278141 4436
295252 4436
320928 4436
345620 4436
359912 4436
379180 4436
465069 4436
470095 4436
470598 4436
488157 4436
525406 4436
3210 498
51116 498
69404 498
70500 498
120294 498
149495 498
151410 498
167246 498
187198 498
189904 498
192313 498
217748 498
239249 498
252800 498
254100 498
266891 498
283003 498
289126 498
300968 498
303345 498
310366 498
339968 498
340855 498
376771 498
383250 498
408158 498
416793 498
451947 498
453446 498
455248 498
455869 498
491365 498
542493 498
4068 499
11498 499
61167 499
73615 499
85992 499
94324 499
118909 499
139410 499
160049 499
168526 499
168572 499
185056 499
193615 499
211337 499
232136 499
240860 499
255103 499
261066 499
285438 499
384553 499
393087 499
514553 499
526511 499
26762 503
56155 503
184730 503
260549 503
323358 503
328054 503
399966 503
513863 503
527759 503
117539 510
309574 510
341777 510
372557 510
6790 521
21716 521
28723 521
31306 521
67055 521
75824 521
87466 521
107068 521
112067 521
127043 521
152440 521
158592 521
162427 521
237078 521
239125 521
239637 521
280601 521
281386 521
291115 521
338580 521
340504 521
379874 521
388654 521
391883 521
393559 521
412103 521
431347 521
434739 521
441859 521
458333 521
477155 521
480282 521
509640 521
520151 521
528852 521
530606 521
534007 521
52832 4357
78161 4357
94146 4357
99690 4357
146709 4357
159374 4357
187702 4357
234734 4357
296855 4357
297650 4357
301723 4357
304234 4357
318902 4357
333628 4357
334780 4357
352715 4357
376728 4357
400669 4357
441673 4357
449166 4357
473141 4357
498010 4357
24221 529
31001 529
31598 529
71445 529
75184 529
84961 529
85979 529
128871 529
186391 529
213239 529
214485 529
231148 529
240723 529
259495 529
270262 529
283892 529
287345 529
305604 529
317951 529
320777 529
328691 529
344078 529
348225 529
351766 529
373549 529
385201 529
385257 529
420599 529
456448 529
467717 529
480390 529
492179 529
519355 529
523265 529
530309 529
534859 529
15127 531
32602 531
57062 531
316486 531
341838 531
399038 531
436314 531
509639 531
5197 3988
22780 3988
35814 3988
37101 3988
56342 3988
57060 3988
75588 3988
100623 3988
129143 3988
142229 3988
176500 3988
176695 3988
181785 3988
196910 3988
245851 3988
246767 3988
284216 3988
290968 3988
308167 3988
352799 3988
352885 3988
393110 3988
398631 3988
407895 3988
415981 3988
418918 3988
455942 3988
485935 3988
486884 3988
490231 3988
509535 3988
515422 3988
541552 3988
40443 542
85270 542
107054 542
144416 542
146481 542
155513 542
164014 542
180755 542
185174 542
194103 542
235411 542
236017 542
281125 542
289496 542
304639 542
334170 542
336162 542
346319 542
352500 542
392857 542
452292 542
459124 542
483247 542
493148 542
522191 542
12898 544
44502 544
358002 544
358004 544
358006 544
31477 558
89137 558
99819 558
124384 558
206440 558
235296 558
316259 558
340403 558
341356 558
354668 558
368619 558
395288 558
450336 558
474308 558
497868 558
188409 560
288952 560
446726 560
31173 569
278864 569
342984 569
389547 569
413257 569
432850 569
515761 569
429715 580
4146 588
21483 588
25701 588
33803 588
35571 588
42149 588
49035 588
51773 588
51935 588
53222 588
63874 588
66787 588
102775 588
108580 588
133152 588
178686 588
195538 588
201227 588
214149 588
220904 588
248037 588
251959 588
271813 588
272524 588
276246 588
301600 588
304321 588
306793 588
331207 588
337486 588
403381 588
407774 588
421033 588
451183 588
462832 588
468261 588
468948 588
478839 588
483679 588
493743 588
497701 588
499925 588
503771 588
504740 588
519747 588
520679 588
525716 588
537153 588
236462 604
318313 604
392318 604
22010 2969
36737 2969
49003 2969
84346 2969
128696 2969
131492 2969
133735 2969
170339 2969
200204 2969
216324 2969
236756 2969
249476 2969
258182 2969
269999 2969
322841 2969
352591 2969
362704 2969
371095 2969
395017 2969
396491 2969
433538 2969
442618 2969
448603 2969
476581 2969
2137 610
31014 610
78589 610
94796 610
147315 610
335132 610
122021 3942
147259 3942
171677 3942
183214 3942
199855 3942
240874 3942
248217 3942
250953 3942
277503 3942
315368 3942
322320 3942
331184 3942
358887 3942
389997 3942
392518 3942
392680 3942
410695 3942
424074 3942
437941 3942
480619 3942
504513 3942
515526 3942
518791 3942
530846 3942
187138 2846
238935 2846
241623 2846
336468 2846
362231 2846
426133 2846
2935 622
8546 622
37312 622
52850 622
57868 622
92451 622
99270 622
115476 622
121551 622
159870 622
167319 622
179255 622
183430 622
197590 622
216822 622
219109 622
242336 622
243758 622
268300 622
314903 622
329234 622
365332 622
375325 622
376975 622
392090 622
422473 622
472911 622
490032 622
492754 622
498635 622
502495 622
505175 622
516834 622
517850 622
532895 622
533033 622
542607 622
1841 625
11532 625
46370 625
49255 625
63495 625
109491 625
123228 625
125127 625
149492 625
152436 625
163778 625
171065 625
182875 625
186518 625
203981 625
211472 625
212191 625
215844 625
219482 625
245138 625
254741 625
260615 625
287062 625
304646 625
318724 625
321245 625
322560 625
335121 625
335452 625
337625 625
339339 625
365870 625
376846 625
380765 625
405904 625
409945 625
420862 625
443740 625
448439 625
457111 625
463472 625
467018 625
472959 625
484094 625
487028 625
489658 625
492742 625
507509 625
513947 625
517291 625
518284 625
520107 625
544796 625
177204 626
237989 626
304250 626
437722 626
462984 626
38085 627
42565 627
93814 627
110650 627
141343 627
147152 627
165406 627
189829 627
208621 627
211894 627
216826 627
221436 627
264569 627
296207 627
313446 627
350413 627
411459 627
454723 627
488813 627
42904 634
74490 634
94531 634
390335 634
390340 634
413048 634
509348 634
183955 638
238496 638
13213 714
33791 714
37913 714
60524 714
69216 714
82240 714
94105 714
109753 714
113186 714
146452 714
152557 714
161090 714
175043 714
180019 714
182423 714
182511 714
185280 714
201932 714
203634 714
205422 714
208178 714
208909 714
209957 714
221231 714
275549 714
280138 714
284163 714
292492 714
294202 714
317187 714
320215 714
326003 714
344288 714
345722 714
370717 714
379377 714
388409 714
399642 714
416934 714
424297 714
427256 714
428388 714
440746 714
465019 714
476330 714
479455 714
480064 714
497024 714
513425 714
526402 714
535864 714
331731 660
336391 660
395217 660
91765 667
131554 667
210783 667
226898 667
234650 667
242071 667
463803 667
488316 667
524331 667
524962 667
278731 1438
317254 1438
341322 1438
341344 1438
341352 1438
53535 673
154372 673
257881 673
301541 673
347443 673
427063 673
501488 673
359086 685
401165 685
401170 685
68139 689
128205 689
307436 689
334903 689
426857 689
450061 689
517043 689
535832 689
12303 691
27620 691
53701 691
86141 691
208422 691
351254 691
355291 691
383645 691
25624 3984
33379 3984
37456 3984
46990 3984
54882 3984
82064 3984
125538 3984
146859 3984
156950 3984
173435 3984
192900 3984
211804 3984
214059 3984
225455 3984
242803 3984
245507 3984
260701 3984
262116 3984
274940 3984
280651 3984
287026 3984
290875 3984
291402 3984
326323 3984
353596 3984
361346 3984
385932 3984
413665 3984
431195 3984
441045 3984
478532 3984
479518 3984
481729 3984
482033 3984
483021 3984
508757 3984
924 696
2154 696
7717 696
10821 696
28941 696
30018 696
35504 696
46696 696
48189 696
54375 696
58441 696
66628 696
67982 696
99219 696
102502 696
117907 696
156784 696
158013 696
198477 696
201146 696
219381 696
223290 696
272414 696
277374 696
278958 696
286679 696
298089 696
309230 696
310994 696
311140 696
330712 696
331516 696
344648 696
355273 696
369723 696
369741 696
376306 696
379961 696
397001 696
398638 696
414973 696
473965 696
474764 696
489111 696
496449 696
498378 696
509500 696
1820 2763
10687 2763
26443 2763
61891 2763
70027 2763
79895 2763
85518 2763
94903 2763
96907 2763
102507 2763
102971 2763
115002 2763
118233 2763
118378 2763
119092 2763
160700 2763
163082 2763
164600 2763
167642 2763
171437 2763
183511 2763
185834 2763
187854 2763
190337 2763
206265 2763
207329 2763
228086 2763
233088 2763
237249 2763
238138 2763
261977 2763
268581 2763
269505 2763
286373 2763
287049 2763
293591 2763
297126 2763
303589 2763
310096 2763
327126 2763
333429 2763
354429 2763
363933 2763
384350 2763
387578 2763
394137 2763
411367 2763
423187 2763
425681 2763
426033 2763
429147 2763
434725 2763
436429 2763
472084 2763
489399 2763
491494 2763
498596 2763
508581 2763
508904 2763
512048 2763
514212 2763
516947 2763
520280 2763
527136 2763
530406 2763
533808 2763
537745 2763
131606 708
194419 708
267520 708
345790 708
13343 709
350390 709
125335 714
253586 714
516116 714
4109 715
216089 715
338212 715
350856 715
426263 715
64498 723
342953 723
109437 727
320622 727
443826 727
2126 731
3951 731
19411 731
25482 731
28682 731
36893 731
37313 731
40330 731
48815 731
49247 731
55648 731
71938 731
73917 731
91351 731
92426 731
103928 731
107996 731
135937 731
137778 731
157349 731
166059 731
184063 731
202277 731
224377 731
235408 731
249182 731
260186 731
269463 731
273695 731
282154 731
283515 731
287734 731
287998 731
288908 731
298152 731
307186 731
326049 731
344945 731
354492 731
354845 731
363055 731
363588 731
373235 731
377269 731
390591 731
394441 731
401187 731
412381 731
419838 731
420900 731
425057 731
431285 731
434890 731
435544 731
438282 731
438922 731
439705 731
445196 731
448900 731
452964 731
453143 731
455205 731
458402 731
463156 731
464271 731
466579 731
471901 731
479011 731
491652 731
494329 731
501176 731
507462 731
520543 731
530630 731
533891 731
535792 731
536374 731
12217 732
46365 732
282787 732
361395 732
422700 732
448660 732
40110 733
89049 733
111754 733
218900 733
239826 733
373969 733
446572 733
461015 733
5465 736
317640 736
21262 738
53638 738
57369 738
66395 738
76927 738
77064 738
81327 738
112595 738
140717 738
171830 738
175149 738
177452 738
195822 738
216818 738
293214 738
297837 738
316428 738
334722 738
369567 738
391404 738
439992 738
452553 738
467578 738
500843 738
514134 738
314443 756
479970 756
208408 1786
320944 1786
369146 1786
489640 1786
537841 1786
63572 772
249599 772
270238 772
436830 772
88809 780
182037 780
94213 856
110062 856
178554 856
220205 856
250261 856
269199 856
322607 856
353310 856
370860 856
448868 856
472803 856
2625 4263
5338 4263
6971 4263
10997 4263
14567 4263
15554 4263
27137 4263
29201 4263
38476 4263
40318 4263
47559 4263
48359 4263
52895 4263
60779 4263
63483 4263
71292 4263
73966 4263
79227 4263
85570 4263
92920 4263
98354 4263
99335 4263
105394 4263
121262 4263
123533 4263
126713 4263
129562 4263
130619 4263
147977 4263
150430 4263
153173 4263
157915 4263
162584 4263
168608 4263
173221 4263
180642 4263
184010 4263
184707 4263
188991 4263
191745 4263
217000 4263
220148 4263
245970 4263
246810 4263
248193 4263
248492 4263
254441 4263
271345 4263
272733 4263
281663 4263
315743 4263
316031 4263
319052 4263
324898 4263
327740 4263
332123 4263
351358 4263
362223 4263
371893 4263
376352 4263
377393 4263
385756 4263
392256 4263
394033 4263
395771 4263
405648 4263
412972 4263
419830 4263
423124 4263
425261 4263
433665 4263
439553 4263
444736 4263
454538 4263
467711 4263
471591 4263
476031 4263
491586 4263
492176 4263
492399 4263
493039 4263
493381 4263
497880 4263
497950 4263
504364 4263
505559 4263
522223 4263
526588 4263
531007 4263
533484 4263
533970 4263
535723 4263
27853 796
62296 796
156772 796
171503 796
227263 796
255159 796
269256 796
381317 796
485474 796
518689 796
256513 809
256515 809
33371 1370
69413 1370
290786 1370
433897 1370
444567 1370
275375 817
149339 2883
233610 2883
330933 2883
334880 2883
373181 2883
376748 2883
460712 2883
522043 2883
211006 832
452195 832
118203 834
206513 834
212121 834
365285 834
381652 834
241707 838
351881 838
357744 838
386269 838
480500 838
490791 838
268964 839
520163 839
383361 856
11963 869
57073 869
91212 869
194821 869
239536 869
273700 869
285513 869
305014 869
307290 869
319526 869
332498 869
362096 869
392146 869
415432 869
448464 869
483965 869
515129 869
210439 1838
313239 1838
361444 1838
521270 1838
60085 874
73898 874
100724 874
124498 874
138799 874
139160 874
184310 874
191337 874
191817 874
210828 874
213761 874
238807 874
244836 874
261169 874
270535 874
313616 874
326840 874
339854 874
377346 874
408250 874
416373 874
456402 874
471242 874
484992 874
507158 874
525995 874
528449 874
532279 874
543268 874
12062 876
265611 876
111722 882
122613 882
122622 882
138325 882
147105 882
181666 882
223046 882
249702 882
362176 882
72949 885
146317 885
338396 885
415656 885
462883 885
34895 890
38265 890
116969 890
343306 890
347716 890
355378 890
366824 890
443731 890
1164 3142
7775 3142
10872 3142
12275 3142
18396 3142
21859 3142
22108 3142
22750 3142
33972 3142
40150 3142
40368 3142
41947 3142
44417 3142
46734 3142
49011 3142
49251 3142
49404 3142
52705 3142
53201 3142
58209 3142
62816 3142
75422 3142
76174 3142
78548 3142
83365 3142
84360 3142
95124 3142
96246 3142
98598 3142
100800 3142
102786 3142
103920 3142
107337 3142
116893 3142
118972 3142
123137 3142
126263 3142
126867 3142
128604 3142
135305 3142
143180 3142
147613 3142
151478 3142
153222 3142
154922 3142
154972 3142
167320 3142
169941 3142
176655 3142
181589 3142
188168 3142
193701 3142
193968 3142
199136 3142
210491 3142
210965 3142
212190 3142
215982 3142
221015 3142
232111 3142
240177 3142
240649 3142
241902 3142
245981 3142
250555 3142
251857 3142
269278 3142
286552 3142
288210 3142
290254 3142
298981 3142
312191 3142
318316 3142
337899 3142
344787 3142
355126 3142
362412 3142
364079 3142
364368 3142
386317 3142
389994 3142
395337 3142
403712 3142
407916 3142
407983 3142
408514 3142
415696 3142
415813 3142
426901 3142
432507 3142
432520 3142
439603 3142
443438 3142
462564 3142
464824 3142
466954 3142
475193 3142
480112 3142
480777 3142
489123 3142
493163 3142
493231 3142
493702 3142
493977 3142
501189 3142
505072 3142
507622 3142
511805 3142
513605 3142
515541 3142
517097 3142
522764 3142
524164 3142
531157 3142
531766 3142
531905 3142
537583 3142
538291 3142
544328 3142
544343 3142
547472 3142
51246 895
161307 895
476208 895
35725 902
43137 902
133308 902
239463 902
307276 902
312046 902
423981 902
28914 906
435234 906
442226 906
463375 906
3114 910
36638 910
40035 910
45625 910
56335 910
70193 910
73922 910
136344 910
148444 910
148725 910
150549 910
161142 910
169366 910
194423 910
203424 910
216586 910
272052 910
319737 910
364241 910
435749 910
436280 910
479189 910
484103 910
484636 910
489771 910
516044 910
128627 2493
136234 2493
141226 2493
155398 2493
243929 2493
298956 2493
340063 2493
346543 2493
533990 2493
537803 2493
73937 923
98804 923
98855 923
99173 923
235901 923
301581 923
320317 923
445195 923
543522 923
242097 998
270387 998
276682 998
382792 998
461654 998
461669 998
485750 998
293039 930
293044 930
434190 930
436949 930
461185 930
525180 930
540024 930
207944 937
207946 937
234920 937
303698 937
383708 937
399461 937
530882 937
308767 942
308768 942
308769 942
380019 942
43424 2992
130445 2992
199656 2992
354269 2992
253126 955
286521 955
8469 964
16793 964
83901 964
97023 964
150274 964
264024 964
287686 964
339985 964
373941 964
445520 964
450013 964
468775 964
529047 964
533897 964
218279 966
426952 966
12346 968
98663 968
180078 968
373724 968
429812 968
538597 968
18479 974
52787 974
102292 974
126974 974
298838 974
387411 974
389114 974
19323 985
86563 985
292001 985
517847 985
517859 985
293948 988
446392 988
508971 988
20297 1028
23130 1028
24614 1028
26617 1028
27657 1028
41404 1028
42131 1028
61016 1028
69255 1028
73088 1028
81150 1028
98011 1028
101561 1028
112788 1028
135071 1028
135956 1028
136696 1028
137370 1028
140470 1028
140620 1028
162935 1028
174384 1028
182254 1028
191740 1028
203088 1028
204147 1028
204274 1028
220860 1028
223593 1028
244374 1028
249943 1028
251415 1028
263822 1028
264454 1028
279196 1028
281767 1028
288913 1028
294082 1028
297017 1028
301693 1028
308995 1028
314034 1028
314189 1028
320915 1028
321449 1028
324586 1028
328079 1028
337678 1028
337991 1028
338223 1028
342319 1028
345602 1028
347320 1028
357724 1028
369646 1028
369677 1028
377046 1028
380885 1028
405524 1028
412826 1028
414226 1028
415843 1028
430553 1028
435149 1028
436557 1028
448131 1028
458021 1028
490680 1028
496424 1028
511245 1028
516611 1028
517663 1028
523930 1028
526828 1028
5138 994
75941 994
505734 994
389396 995
60866 998
92025 999
168180 999
484280 999
511844 999
320365 1000
365096 1000
100695 1008
109591 1008
110816 1008
402779 1008
402784 1008
490295 1008
117816 1019
296327 1019
457642 1019
2849 1028
3460 1028
4825 1028
56436 1028
58350 1028
70287 1028
71772 1028
124082 1028
147607 1028
149819 1028
186065 1028
215184 1028
238836 1028
294495 1028
305967 1028
313182 1028
318012 1028
325027 1028
341087 1028
352323 1028
362720 1028
372872 1028
457476 1028
464888 1028
474959 1028
527901 1028
48394 1031
537472 1031
6988 1036
11264 1036
78474 1036
209331 1036
354506 1036
396743 1036
476077 1036
476092 1036
500905 1036
500917 1036
162905 1037
182183 1037
253596 1037
268719 1037
449139 1037
487654 1037
487656 1037
16595 1057
2894 1066
3679 1066
8026 1066
24580 1066
89055 1066
94083 1066
97717 1066
107131 1066
108363 1066
110775 1066
110777 1066
122664 1066
122666 1066
137527 1066
137545 1066
148848 1066
195564 1066
208201 1066
212045 1066
230357 1066
237858 1066
241235 1066
282393 1066
328417 1066
328419 1066
328430 1066
330850 1066
348754 1066
364623 1066
364634 1066
381719 1066
395197 1066
404010 1066
432293 1066
450297 1066
454413 1066
478362 1066
523811 1066
526185 1066
541417 1066
541419 1066
541801 1066
131944 1073
80905 4756
123297 4756
434120 4756
1105 1079
2511 1079
48716 1079
48720 1079
48721 1079
87932 1079
88789 1079
111172 1079
132270 1079
132274 1079
136209 1079
136211 1079
165101 1079
165389 1079
168752 1079
213186 1079
239736 1079
270233 1079
274159 1079
304562 1079
342327 1079
359267 1079
452077 1079
467217 1079
502037 1079
502827 1079
512492 1079
532594 1079
533977 1079
539584 1079
543788 1079
3841 3126
353325 3126
377372 3126
377380 3126
18129 1085
32753 1085
53014 1085
59093 1085
93642 1085
102545 1085
114137 1085
127218 1085
133133 1085
158005 1085
158869 1085
183057 1085
196192 1085
235570 1085
270219 1085
292178 1085
318094 1085
330924 1085
409083 1085
431773 1085
476415 1085
510869 1085
543434 1085
317591 1838
433118 1838
487032 1838
492193 1838
26767 3047
26769 3047
32688 3047
63369 3047
63371 3047
77328 3047
77339 3047
112824 3047
112825 3047
112827 3047
122005 3047
122007 3047
152199 3047
187294 3047
187297 3047
195054 3047
287916 3047
346709 3047
444048 3047
444051 3047
458949 3047
458950 3047
483106 3047
483126 3047
504543 3047
522078 3047
11312 3947
94655 3947
119215 3947
139700 3947
168868 3947
169911 3947
194584 3947
230711 3947
278973 3947
285717 3947
369456 3947
375306 3947
381571 3947
393415 3947
397353 3947
517172 3947
517456 3947
527594 3947
32902 2024
264870 2024
428205 2024
428212 2024
428214 2024
428215 2024
435477 2024
435500 2024
465815 2024
500878 2024
500880 2024
500881 2024
500896 2024
512037 2024
10180 2018
103534 2018
121764 2018
150312 2018
241811 2018
323254 2018
343878 2018
382935 2018
456320 2018
469585 2018
519455 2018
213828 1130
455453 1130
89972 1137
163303 1137
165121 1137
223142 1137
272427 1137
314957 1137
316782 1137
441755 1137
482876 1137
530563 1137
48413 1142
73083 1142
353526 1142
440074 1142
504887 1142
534469 1142
195526 1149
28328 1151
52693 1151
151422 1151
58392 1152
387080 1152
408944 1152
249827 1181
251872 1181
436129 1181
24662 1676
43435 1676
43439 1676
65780 1676
75851 1676
98042 1676
109195 1676
122538 1676
130635 1676
214433 1676
214441 1676
254723 1676
267623 1676
280853 1676
282965 1676
282967 1676
283195 1676
350170 1676
361086 1676
365599 1676
366969 1676
373230 1676
403170 1676
443596 1676
494728 1676
528029 1676
133283 1185
221229 1185
284087 1185
294372 1185
437004 1185
437009 1185
437010 1185
6092 1192
109233 1192
109234 1192
171972 1192
207285 1192
490377 1203
535855 1203
276753 2373
402482 2373
455263 2373
475285 2373
477697 2373
482546 2373
5912 1211
10634 1211
154396 1211
171724 1211
184624 1211
187693 1211
192194 1211
256469 1211
316824 1211
341397 1211
346359 1211
375557 1211
432330 1211
474939 1211
474942 1211
474945 1211
474946 1211
31838 1212
83592 1212
100652 1212
109663 1212
166158 1212
166162 1212
166225 1212
321740 1212
352955 1212
400798 1212
424637 1212
532258 1212
5223 1220
133273 1220
322051 1220
440411 1220
440416 1220
518049 1220
8285 1224
80361 1224
336577 1224
346464 1224
430590 1224
520037 1224
73891 1238
110743 1238
128583 1238
188720 1238
300598 1238
324597 1238
335299 1238
370973 1238
442446 1238
444336 1238
121188 1239
160502 1239
216817 1239
73333 1323
86144 1323
136793 1323
155031 1323
173539 1323
178628 1323
209292 1323
246858 1323
271319 1323
295861 1323
301702 1323
316385 1323
352393 1323
377293 1323
484405 1323
64869 1257
100932 1257
200920 1257
210859 1257
267416 1257
495066 1257
17239 1271
101389 1271
276154 1271
387833 1271
417412 1271
424750 1271
501768 1271
13635 1272
60236 1272
312520 1272
407374 1272
473351 1272
502353 1272
520897 1272
303927 1275
28895 1300
61602 1300
168536 1300
179355 1300
179356 1300
231008 1300
333040 1300
357301 1300
466713 1300
533777 1300
3954 1309
106506 1309
206340 1309
250469 1309
264361 1309
274975 1309
279552 1309
290541 1309
299296 1309
345253 1309
369293 1309
485231 1309
498869 1309
510212 1309
48933 3498
98546 3498
134759 3498
142299 3498
143575 3498
164231 3498
189331 3498
215588 3498
305173 3498
306231 3498
370940 3498
420948 3498
432354 3498
465092 3498
34532 1332
57289 1332
83996 1332
124086 1332
157352 1332
223296 1332
239501 1332
239502 1332
239504 1332
269138 1332
277283 1332
294717 1332
311956 1332
353763 1332
353767 1332
353768 1332
358579 1332
368291 1332
393680 1332
429215 1332
434163 1332
448930 1332
467710 1332
340825 4328
117069 1344
223212 1344
454021 1346
57920 1367
148142 1367
253872 1367
265064 1367
409766 1367
393076 1370
52589 1371
134194 1371
137503 1371
303171 1371
124476 1374
511862 1374
230731 1379
255527 1379
278776 1379
303218 1379
405971 1379
28531 1382
28556 1382
28570 1382
28591 1382
179193 1382
179195 1382
179197 1382
179200 1382
179201 1382
179202 1382
179207 1382
179209 1382
222647 1382
233248 1382
298950 1382
299705 1382
299709 1382
426432 1382
440259 1382
7557 1383
33603 1383
75311 1383
85219 1383
92811 1383
96207 1383
117368 1383
142827 1383
162776 1383
206674 1383
280523 1383
290394 1383
308901 1383
343097 1383
366745 1383
414409 1383
422934 1383
426267 1383
515051 1383
518671 1383
21403 3212
89742 3212
270559 3212
397210 3212
415121 3212
450338 3212
515427 3212
325045 1386
325048 1386
328245 1386
369720 1386
373310 1386
421283 1386
502726 1386
53560 3334
64572 3334
65000 3334
68257 3334
71640 3334
81499 3334
84239 3334
102941 3334
137824 3334
145911 3334
145932 3334
150243 3334
166867 3334
194836 3334
200952 3334
233632 3334
237442 3334
276649 3334
310305 3334
319620 3334
324456 3334
325553 3334
326762 3334
357095 3334
372675 3334
384360 3334
390782 3334
421764 3334
423381 3334
427308 3334
459129 3334
487636 3334
491070 3334
509448 3334
519807 3334
533527 3334
541584 3334
272098 1419
329071 1419
381137 1419
434278 1419
482499 1419
487438 1419
512302 1419
513830 1419
116984 1422
472121 1422
484566 1422
16644 1423
21173 1423
196875 1423
243839 1423
315660 1423
323571 1423
455142 1423
84016 1434
164427 1434
244635 1434
258534 1434
296540 1434
418557 1434
174240 1435
275479 1435
410489 1435
510102 1435
128544 1438
443 3016
19197 3016
70513 3016
86888 3016
104176 3016
105204 3016
128705 3016
139840 3016
161232 3016
165430 3016
185636 3016
195461 3016
200228 3016
216567 3016
219107 3016
278001 3016
302507 3016
312166 3016
318376 3016
360679 3016
410980 3016
457300 3016
475488 3016
487943 3016
489751 3016
508801 3016
521872 3016
523591 3016
524008 3016
533027 3016
18588 1458
302362 1458
325088 1458
367797 1458
411305 1458
415466 1458
424871 1458
80429 1464
86199 1464
87073 1464
138399 1464
191707 1464
262286 1464
364200 1464
387987 1464
404725 1464
489673 1464
214558 1473
280574 1473
370607 1473
428574 1473
496793 1473
496834 1473
60593 1486
209590 1486
503639 1486
199497 1497
287016 1497
46901 3259
65002 3259
148286 3259
201129 3259
203622 3259
260126 3259
294724 3259
315974 3259
361607 3259
374151 3259
441057 3259
445680 3259
478857 3259
484183 3259
485621 3259
62812 1509
124033 1509
134231 1509
156993 1509
159159 1509
160934 1509
184126 1509
184173 1509
245826 1509
292384 1509
294762 1509
334969 1509
370049 1509
378854 1509
412901 1509
488583 1509
543459 1509
208995 3498
324827 3498
64191 1517
222382 1517
464708 1517
517861 1517
21513 3746
100892 3746
101480 3746
112124 3746
115260 3746
158820 3746
170067 3746
183831 3746
189612 3746
251493 3746
254994 3746
288575 3746
300208 3746
316849 3746
350318 3746
351378 3746
361649 3746
389115 3746
407247 3746
423524 3746
426088 3746
432613 3746
511534 3746
536075 3746
272379 1545
524965 1545
530490 1545
97106 1548
195027 1555
233306 1555
246031 1555
362905 1555
73067 1566
77947 1566
60316 4025
62937 4025
246646 4025
544163 4025
545245 4025
547205 4025
547944 4025
548137 4025
24235 4741
139534 4741
159226 4741
258819 4741
326541 4741
351110 4741
367827 4741
396156 4741
415544 4741
488459 4741
512763 4741
363229 1573
463386 1573
487583 1573
141160 1593
166105 1593
213112 1593
484517 1593
141379 1598
160702 1598
166344 1598
236473 1598
327998 1598
332673 1598
159172 1609
462347 1609
474241 1609
35590 1637
223414 1637
265210 1637
273232 1637
347999 1637
357619 1637
400151 1637
420455 1637
521061 1637
522339 1637
56979 2373
116407 1644
438364 1644
22412 2422
44291 2422
230956 2422
230957 2422
230962 2422
255796 2422
255797 2422
255800 2422
255813 2422
255815 2422
255817 2422
255821 2422
255825 2422
255830 2422
255832 2422
255833 2422
255835 2422
255838 2422
288065 2422
321548 2422
321550 2422
369782 2422
369783 2422
369784 2422
369785 2422
369786 2422
369787 2422
369789 2422
369790 2422
369791 2422
369792 2422
369793 2422
369794 2422
369795 2422
369796 2422
369797 2422
369798 2422
369800 2422
369801 2422
369862 2422
369863 2422
369864 2422
369865 2422
369867 2422
369869 2422
369872 2422
400780 2422
487291 2422
527610 2422
1585 2423
148532 2423
159036 2423
300116 2423
300117 2423
300120 2423
310216 2423
335158 2423
335159 2423
335171 2423
341594 2423
351682 2423
425066 2423
425067 2423
429655 2423
488537 2423
513170 2423
532991 2423
14445 1733
18504 1733
86503 1733
127075 1733
127341 1733
127388 1733
129787 1733
231715 1733
278417 1733
291894 1733
309263 1733
309414 1733
328428 1733
343680 1733
364895 1733
367850 1733
369811 1733
392363 1733
411761 1733
452947 1733
458122 1733
470372 1733
486582 1733
498224 1733
501516 1733
526689 1733
533905 1733
537097 1733
62113 1676
251941 1676
69805 1693
81384 1693
47657 1704
73184 1704
96500 1704
99560 1704
99850 1704
134160 1704
141110 1704
156060 1704
171857 1704
242719 1704
277604 1704
278354 1704
318129 1704
337936 1704
339577 1704
347815 1704
378463 1704
379535 1704
397643 1704
498346 1704
3552 1715
7580 1715
22749 1715
121135 1715
128737 1715
178064 1715
188787 1715
282366 1715
282645 1715
287651 1715
291810 1715
352793 1715
447790 1715
539542 1715
471071 1733
38545 1741
39526 1741
101573 1741
116460 1741
131416 1741
157852 1741
161271 1741
165194 1741
169330 1741
247343 1741
247358 1741
259168 1741
260602 1741
288273 1741
290420 1741
301152 1741
368865 1741
384854 1741
420916 1741
432610 1741
480822 1741
481044 1741
495935 1741
501622 1741
502939 1741
522641 1741
523585 1741
523792 1741
540957 1741
10711 3100
70709 3100
73196 3100
143147 3100
168084 3100
200962 3100
201617 3100
210144 3100
215148 3100
248505 3100
276648 3100
293920 3100
313563 3100
339079 3100
371116 3100
373238 3100
418827 3100
428857 3100
452678 3100
465744 3100
487986 3100
497754 3100
523753 3100
527849 3100
46192 1748
49529 1748
188916 1748
222974 1748
300959 1748
316610 1748
359357 1748
372164 1748
506982 1748
52577 1749
214106 1749
242626 1749
442789 1749
442796 1749
479816 1749
486799 1749
207523 3188
383169 3188
399151 3188
399156 3188
399158 3188
509512 3188
259399 1752
421963 1752
11663 1759
352260 1759
356500 1759
542038 1759
546176 4025
546178 4025
547107 4025
548142 4025
187025 2995
214465 2995
427532 2995
267555 1766
283197 1766
338508 1766
357811 1766
381653 1766
381657 1766
445251 1766
471740 1766
506446 1766
75155 1767
87113 1767
87126 1767
87127 1767
87129 1767
243105 1767
276395 1767
330371 1767
362229 1767
169642 1786
139757 1787
188198 1787
432213 1787
510439 1787
510441 1787
513188 1787
141471 1789
269532 1789
8624 2199
167296 2199
201470 2199
208857 2199
278798 2199
314560 2199
314562 2199
321722 2199
371764 2199
480955 2199
503374 2199
503379 2199
507101 2199
528245 2199
14038 1801
82894 1801
124281 1801
124283 1801
130050 1801
245958 1801
245961 1801
245966 1801
325421 1801
336426 1801
364774 1801
429855 1801
144151 1804
208740 1804
239067 1804
243438 1804
276109 1804
328728 1804
367291 1804
486875 1804
96688 1805
96689 1805
169896 1805
201408 1805
284699 1805
299640 1805
379719 1805
337044 1809
345433 1809
26564 1810
78311 1810
216368 1810
267768 1810
279582 1825
358797 1825
470929 1825
42128 1831
134868 1831
158917 1831
190509 1831
212517 1831
364015 1831
380892 1831
435607 1831
471818 1831
31054 1833
277519 1833
482225 1833
527073 1833
538805 1833
77445 1842
300785 1842
32082 1851
35642 1851
163587 1851
286958 1851
437349 1851
142773 1853
186966 1853
378063 1853
169423 1856
528417 1856
35213 1858
42560 1858
34813 1863
132051 1863
241624 1863
292183 1863
329439 1863
330260 1863
388653 1863
198496 1865
339508 1865
422982 1865
54182 1885
112408 1885
135747 1885
265240 1885
340335 1885
372431 1885
446676 1885
507743 1885
530864 1885
8162 1887
100088 1887
121306 1887
203098 1887
259466 1887
283868 1887
368180 1887
409882 1887
446391 1887
497820 1887
547604 1887
124945 1892
124948 1892
537905 1892
542915 1892
542955 1892
45548 1916
215266 1916
249771 1916
360314 1916
468231 1916
532208 1916
33957 1920
100071 1920
221632 1920
410532 1920
434764 1920
55107 1940
168754 1940
380082 1940
45195 3990
73766 3990
149180 3990
198392 3990
423443 3990
490796 3990
16383 1945
201221 1945
403163 1945
157161 1949
193300 1949
491479 1949
97682 1954
168784 1954
180137 1954
262713 1954
431971 1954
189897 1975
415955 1975
126223 1987
131652 1987
163166 1987
234758 1987
309704 1987
417203 1987
468065 1987
492552 1987
52588 1989
74313 1989
206374 1989
395623 1989
425893 1989
426065 1989
541515 1989
541516 1989
3373 1991
13472 1991
13475 1991
50948 1991
54958 1991
339002 1991
393765 1991
520150 1991
141498 1997
162722 1997
287495 1997
406805 2018
461234 2018
68954 2020
280691 2020
365863 2020
365867 2020
375612 2020
400343 2020
407103 2020
424491 2020
449703 2020
128316 2031
337448 2031
445147 2031
64741 2032
542528 2032
13590 2039
36516 2039
91330 2039
159178 2039
304965 2039
316081 2039
346343 2039
394010 2039
398934 2039
405832 2039
422567 2039
430891 2039
445445 2039
200103 2049
220085 2049
311307 2049
359487 2049
413095 2096
413096 2096
463313 2096
463934 2096
475234 2060
226543 2408
237756 2408
354090 2408
499414 2408
58633 2070
340186 2070
266568 2072
340791 2072
412272 2072
453272 2072
526727 2072
62000 3647
90315 3647
139540 3647
158287 3647
168553 3647
168555 3647
174935 3647
186990 3647
203274 3647
214187 3647
232163 3647
283031 3647
290071 3647
297405 3647
302333 3647
306688 3647
312934 3647
328685 3647
351686 3647
364541 3647
384433 3647
408237 3647
463162 3647
470264 3647
496096 3647
499025 3647
515701 3647
518975 3647
521507 3647
531261 3647
74354 2077
128808 2077
201212 2077
345411 2077
376224 2077
431343 2077
432551 2077
484443 2077
76799 2081
228369 2081
228371 2081
406903 2081
526356 2081
14859 2084
27964 2084
159043 2084
223851 2084
358132 2084
45157 2085
304504 2085
8157 2086
404155 2086
226933 2097
288773 2097
354406 2097
395260 2097
433116 2097
66912 2098
261575 2098
353654 2099
71651 2121
136931 2121
344376 2121
28346 2125
382295 2125
493122 2125
54 2129
135014 2129
159866 2129
178505 2129
202793 2129
242523 2129
334058 2129
370632 2129
394570 2129
442252 2129
522777 2129
26093 2130
291832 2130
383968 2130
39024 2142
340358 2142
346686 2142
348122 2142
382265 2142
406622 2142
461663 2142
231176 2144
357878 2144
372935 2144
5453 2552
78987 2552
96792 2552
132284 2552
242538 2552
55243 2181
78826 2181
103520 2181
188784 2181
274519 2181
286707 2181
293921 2181
405928 2181
440458 2181
12742 2182
242504 2182
352232 2182
372442 2182
425543 2182
428381 2182
470671 2182
485488 2182
136296 2183
222855 2183
226168 2183
241283 2184
309494 2184
54237 2192
139208 2192
161829 2192
215794 2192
253322 2192
269821 2192
291619 2192
387913 2192
446679 2192
507731 2192
507736 2192
507737 2192
507750 2192
80144 2193
205236 2193
212864 2193
212867 2193
212869 2193
223206 2193
434083 2193
495397 2193
71107 2199
191306 2199
233613 2199
245602 2199
307426 2199
394812 2199
449979 2199
515033 2199
35096 2200
68020 2200
100656 2200
144036 2200
166163 2200
174757 2200
191283 2200
191284 2200
239725 2200
250018 2200
308709 2200
310642 2200
315965 2200
348335 2200
364316 2200
413326 2200
424623 2200
424628 2200
446669 2200
450131 2200
485307 2200
520489 2200
53833 2201
88999 2201
112315 2201
136935 2201
287017 2201
352856 2201
387637 2201
415698 2201
230959 2204
282607 2204
363928 2204
493355 2204
192260 2206
201171 2206
230723 2206
400924 2206
94157 2208
228971 2208
387856 2208
473690 2208
59813 2217
104569 2217
164456 2217
245585 2217
311064 2217
430982 2217
42155 2257
258784 2257
354458 2257
396741 2257
486636 2257
66845 2285
78137 2285
87081 2285
117839 2285
126668 2285
143384 2285
212946 2285
217171 2285
220921 2285
262565 2285
325480 2285
356109 2285
378276 2285
388855 2285
423092 2285
146898 2287
221788 2287
247776 2287
325697 2287
325701 2287
476489 2287
514817 2287
529612 2287
541928 2287
78909 2288
215320 2288
224554 2288
369575 2288
530108 2288
539677 2288
296511 2293
12629 2300
41702 2300
67693 2300
89528 2300
90297 2300
92608 2300
96938 2300
114916 2300
132917 2300
133918 2300
157752 2300
189521 2300
211515 2300
236396 2300
315562 2300
342020 2300
368609 2300
389835 2300
466850 2300
486160 2300
520870 2300
49230 2303
360803 2303
420228 2303
23051 2325
122983 2325
362571 2325
458331 2325
4085 2347
10486 2347
60002 2347
415440 2347
508129 2347
207803 2350
411292 2350
1758 2368
9323 2368
24694 2368
57014 2368
59710 2368
77102 2368
81958 2368
86168 2368
101776 2368
111955 2368
131181 2368
137178 2368
154620 2368
155142 2368
161382 2368
177501 2368
190275 2368
196335 2368
201881 2368
209023 2368
212260 2368
213422 2368
214328 2368
236079 2368
244865 2368
282389 2368
292279 2368
335149 2368
342299 2368
348300 2368
352674 2368
401485 2368
426918 2368
432714 2368
474443 2368
481587 2368
502756 2368
530182 2368
532864 2368
533262 2368
538656 2368
320805 3100
26233 2374
87261 2374
251237 2374
360195 2374
433145 4263
434007 4263
44628 3239
84532 3239
96511 3239
169922 3239
181142 3239
224444 3239
236237 3239
273391 3239
285348 3239
339497 3239
363723 3239
394650 3239
408706 3239
439165 3239
467157 3239
483628 3239
491454 3239
11141 2384
79941 2384
104574 2384
129272 2384
153920 2384
173927 2384
289804 2384
336133 2384
353501 2384
410519 2384
424655 2384
427212 2384
512038 2384
541814 2384
237914 2408
149259 2417
192466 2417
363813 2417
386371 2417
430475 2417
437545 2417
416272 2422
494440 2422
494444 2422
494449 2422
17999 2424
60502 2424
82648 2424
139614 2424
186839 2424
273870 2424
288281 2424
331220 2424
331221 2424
331222 2424
476590 2424
543502 2424
148017 2429
148080 2429
239036 2429
247263 2429
262790 2430
353463 2430
428005 2430
496686 2430
113748 2431
138273 2431
163163 2431
210212 2431
456487 2431
466352 2431
12746 2433
122537 2433
303521 2433
303549 2433
320702 2433
6936 2440
24169 2440
104066 2440
218474 2440
246022 2440
265339 2440
344497 2440
437263 2440
466104 2440
523617 2440
526436 2440
81071 2445
81128 2445
118113 2445
189653 2445
189654 2445
292331 2445
480841 2445
16942 2451
178407 2451
213266 2451
498562 2451
512100 2451
217261 2471
221400 2471
7354 3987
14088 3987
34701 3987
48881 3987
67485 3987
95456 3987
116168 3987
117507 3987
123033 3987
158156 3987
165937 3987
171152 3987
198470 3987
244847 3987
269951 3987
274645 3987
284716 3987
335564 3987
342933 3987
352223 3987
359712 3987
396939 3987
420729 3987
421169 3987
424495 3987
442249 3987
476202 3987
486744 3987
497038 3987
509718 3987
544993 3987
4015 4004
48899 4004
133720 4004
223513 4004
318905 4004
342041 4004
357018 4004
478326 4004
541015 4004
52665 4756
64539 4756
70232 4756
71521 4756
77320 4756
78849 4756
81392 4756
82128 4756
82823 4756
91983 4756
104504 4756
104997 4756
107230 4756
112768 4756
120326 4756
137392 4756
146209 4756
153172 4756
161157 4756
178391 4756
190266 4756
218429 4756
219484 4756
219936 4756
242549 4756
253751 4756
254204 4756
266147 4756
269579 4756
281118 4756
281961 4756
284788 4756
319065 4756
321216 4756
330541 4756
335032 4756
343112 4756
343933 4756
354348 4756
375181 4756
376939 4756
399137 4756
412242 4756
450608 4756
455158 4756
457320 4756
481242 4756
483042 4756
504277 4756
518606 4756
527391 4756
538992 4756
113067 2493
131985 2493
234545 2493
310111 2493
35651 2494
60708 2494
70392 2494
107783 2494
517993 2494
51882 4441
143104 4441
257863 4441
260603 4441
463234 4441
148918 2540
287142 2540
503858 2540
6304 2541
127782 2541
431507 2541
431508 2541
501529 2552
87699 2566
112327 2566
229193 2566
318193 2566
348642 2566
398148 2566
521054 2566
531309 2566
89730 2982
122147 2982
282768 2982
415037 2982
219574 2592
293470 2592
445812 2592
57621 2593
399672 2593
399687 2593
771 2634
280717 2634
491073 2634
520122 2634
520135 2634
530571 2634
117068 2635
524110 2635
248053 2650
252184 2650
264966 2650
20879 3680
194100 3680
322414 3680
346530 3680
372634 3680
372637 3680
521731 3680
15018 2665
126362 2665
193802 2665
397693 2665
413041 2665
413062 2665
190062 2666
274521 2666
328123 2666
405565 2666
32115 2706
193098 2706
380604 2706
428448 2706
14012 2710
164042 2710
190637 2710
221367 2710
323614 2710
134811 2713
143095 2713
154832 2713
224007 2713
413965 2714
462145 2714
175831 2724
270174 2724
270293 2724
471355 2724
471370 2724
471375 2724
471377 2724
471380 2724
280988 3100
45879 2760
125304 2760
345903 2760
390225 2763
97561 2770
114732 2770
150327 2770
185709 2770
332264 2770
446008 2770
446010 2770
446011 2770
152840 2773
161205 2773
171167 2773
381447 2773
505203 2773
2694 2775
74217 2775
149937 2775
271996 2775
469316 2775
498928 2775
6984 2777
145595 2777
152968 2777
367669 2777
531166 2777
87659 2816
73329 2823
98270 2823
118840 2823
235847 2823
284992 2823
372995 2823
118476 2836
184590 2836
185177 2836
120488 2846
179726 2846
226709 2846
468205 2846
484171 2846
66081 2869
89597 2869
107736 2869
198484 2869
273096 2869
282498 2869
353324 2869
353333 2869
355197 2869
406398 2869
444215 2869
520291 2869
42046 2883
11074 2900
105139 2900
201095 2900
221647 2900
347908 2900
381506 2900
388324 2900
72994 2903
173411 2903
288816 2903
8365 3865
42999 3865
47207 3865
51254 3865
56713 3865
77936 3865
86000 3865
88312 3865
108788 3865
159455 3865
162365 3865
188898 3865
200810 3865
216507 3865
240914 3865
241228 3865
261544 3865
265730 3865
271540 3865
286224 3865
307482 3865
377099 3865
381983 3865
391315 3865
391924 3865
425149 3865
431123 3865
434532 3865
442929 3865
443611 3865
457527 3865
458250 3865
471993 3865
536082 3865
540508 3865
3687 2912
28710 2912
44808 2912
53023 2912
61099 2912
61731 2912
65322 2912
70588 2912
86570 2912
90138 2912
110478 2912
114768 2912
123064 2912
124215 2912
135174 2912
139398 2912
149454 2912
166072 2912
191118 2912
236828 2912
240484 2912
256888 2912
262758 2912
281266 2912
341923 2912
348763 2912
357623 2912
358052 2912
425157 2912
431000 2912
433199 2912
440397 2912
493626 2912
517372 2912
521815 2912
533797 2912
537458 2912
47117 2919
71691 2919
94320 2919
96612 2919
99883 2919
145706 2919
187493 2919
199701 2919
209501 2919
234500 2919
312334 2919
360517 2919
362851 2919
373067 2919
400235 2919
438664 2919
315279 2925
339336 2925
363574 2925
125167 2937
202927 2937
2517 2946
13948 2946
58522 2946
118905 2946
143603 2946
149744 2946
224211 2946
226965 2946
279708 2946
282410 2946
301181 2946
328021 2946
328447 2946
419721 2946
430559 2946
33345 3276
316409 3276
78953 2948
106273 2948
281753 2948
307781 2948
336059 2948
352153 2948
404955 2948
439778 2948
511367 2948
540587 2948
166202 2949
382445 2949
386562 2949
406338 2949
457915 2949
467177 2949
3883 2957
30039 2957
134175 2957
141436 2957
197127 2957
201731 2957
319970 2957
340397 2957
510393 2957
541139 2957
11818 2960
96868 2960
425125 2960
374480 2969
492500 2969
247239 2982
14305 2989
409927 2989
1200 2992
51113 2992
80433 2992
87071 2992
89970 2992
142400 2992
152589 2992
164387 2992
167882 2992
189124 2992
226140 2992
256580 2992
279755 2992
317090 2992
330293 2992
342871 2992
354088 2992
354565 2992
423673 2992
463745 2992
474381 2992
531792 2992
6394 2995
37672 2995
133679 2995
297412 2995
430427 2995
434433 2995
442152 2995
443776 2995
451022 2995
523676 2995
36521 2998
325123 2998
342902 2998
405679 2998
405684 2998
495822 2998
495823 2998
495829 2998
100582 2999
129861 2999
144441 2999
250015 2999
294760 2999
316076 2999
330976 2999
366337 2999
68103 3003
156330 3003
386218 3003
504608 3003
457372 3007
54847 3010
492247 3010
7099 3016
1163 3027
15433 3027
36150 3027
134714 3027
184634 3027
247771 3027
263773 3027
280696 3027
345468 3027
406080 3027
482044 3027
50957 4922
253794 4922
286274 4922
376122 4922
496093 4922
227369 3034
286151 3034
27959 3035
137763 4436
137766 4436
183412 4436
6231 3095
112285 3095
182145 3095
301684 3095
463938 3095
54222 3096
106194 3096
136774 3096
155598 3096
225247 3096
229584 3096
254345 3096
356240 3096
408029 3096
221789 3097
433711 3097
437733 3097
14157 3105
37883 3105
54265 3105
58422 3105
74745 3105
84106 3105
101663 3105
148741 3105
173996 3105
220470 3105
259515 3105
260876 3105
284697 3105
285123 3105
285246 3105
330397 3105
366775 3105
401654 3105
411066 3105
422447 3105
425578 3105
432649 3105
450282 3105
454152 3105
473398 3105
490984 3105
514902 3105
520119 3105
520455 3105
140937 3109
288030 3109
329387 3109
364737 3109
486322 3109
52939 3121
279190 3121
426017 3121
498679 3121
97893 3126
148445 3126
505586 3142
28873 3188
332530 3188
365064 3188
451370 3188
50647 3198
338877 3198
357762 3198
436832 3219
436873 3219
509314 3219
289084 3226
21532 4263
147760 4263
186253 4263
244947 4263
258433 4263
293867 4263
355265 4263
534192 4263
230093 3239
262320 3259
135954 3263
160749 3263
289020 3263
317290 3263
522414 3263
530719 3263
2411 3942
9649 3942
10064 3942
13768 3942
15289 3942
17023 3942
21628 3942
29098 3942
30597 3942
37375 3942
45782 3942
50999 3942
54949 3942
58915 3942
61963 3942
69201 3942
72043 3942
75366 3942
79662 3942
84708 3942
88581 3942
93401 3942
100344 3942
101280 3942
101974 3942
105539 3942
110557 3942
124196 3942
125825 3942
128438 3942
135843 3942
142595 3942
145542 3942
151824 3942
152237 3942
154141 3942
160661 3942
161912 3942
164140 3942
164812 3942
165040 3942
168149 3942
169162 3942
170940 3942
178260 3942
178529 3942
180067 3942
182543 3942
186111 3942
204136 3942
205597 3942
206591 3942
207828 3942
208097 3942
210341 3942
211919 3942
218533 3942
229451 3942
239629 3942
240213 3942
243864 3942
250213 3942
264194 3942
265316 3942
270651 3942
280180 3942
282747 3942
284484 3942
285643 3942
288779 3942
295118 3942
298214 3942
299682 3942
301756 3942
310707 3942
312723 3942
318944 3942
323558 3942
324619 3942
324936 3942
327139 3942
328570 3942
340570 3942
343602 3942
347666 3942
347774 3942
348664 3942
350551 3942
351020 3942
351405 3942
351827 3942
352294 3942
354111 3942
364755 3942
368631 3942
371620 3942
379439 3942
381294 3942
384688 3942
390438 3942
394879 3942
397827 3942
399824 3942
407014 3942
408212 3942
412348 3942
412976 3942
415742 3942
427671 3942
428543 3942
434715 3942
434917 3942
436894 3942
440729 3942
440865 3942
442025 3942
447487 3942
450500 3942
453375 3942
453437 3942
458888 3942
463500 3942
466304 3942
466832 3942
471583 3942
471620 3942
472444 3942
475566 3942
482373 3942
482982 3942
489239 3942
490115 3942
492555 3942
494286 3942
507975 3942
508516 3942
512055 3942
516354 3942
521723 3942
524460 3942
527680 3942
529823 3942
530304 3942
536296 3942
539156 3942
539353 3942
539578 3942
540798 3942
540836 3942
543463 3942
543565 3942
62960 3272
120296 3272
122211 3272
163023 3272
79070 3277
121919 3277
142230 3277
165141 3277
286636 3277
294783 3277
316850 3277
340933 3277
448617 3277
516510 3277
532925 3277
537035 3277
6224 3281
6664 3281
22968 3281
54773 3281
63856 3281
100755 3281
102969 3281
120984 3281
154218 3281
155754 3281
160996 3281
244526 3281
287618 3281
316855 3281
339744 3281
339755 3281
349850 3281
350200 3281
353156 3281
382934 3281
402866 3281
483719 3281
489148 3281
495858 3281
508515 3281
519067 3281
521609 3281
526783 3281
34799 3302
34802 3302
58848 3302
345624 3302
516523 3302
520546 3302
27890 3313
48131 3313
52064 3313
55386 3313
55388 3313
57383 3313
165463 3313
219781 3313
238491 3313
389895 3313
405178 3313
483076 3313
538129 3313
3542 3982
14092 3982
37532 3982
38132 3982
44688 3982
45762 3982
49333 3982
54865 3982
57325 3982
59197 3982
131921 3982
154864 3982
182834 3982
186396 3982
201209 3982
202791 3982
211693 3982
224973 3982
237080 3982
241253 3982
243277 3982
256540 3982
265901 3982
267766 3982
294696 3982
301633 3982
327394 3982
339120 3982
343092 3982
382101 3982
390087 3982
394014 3982
396290 3982
413449 3982
417568 3982
421503 3982
441494 3982
442103 3982
443954 3982
448951 3982
471555 3982
489692 3982
496695 3982
504502 3982
509123 3982
509476 3982
519862 3982
520946 3982
523360 3982
533175 3982
534674 3982
547579 3982
39576 3984
147000 3984
170690 3984
188807 3984
265910 3984
316854 3984
334559 3984
461532 3984
520878 3984
101 3335
12525 3335
41105 3335
81019 3335
124786 3335
136798 3335
149285 3335
152118 3335
161590 3335
186707 3335
270951 3335
368140 3335
384513 3335
466129 3335
489538 3335
538851 3335
22388 4436
31673 4436
69451 4436
102350 4436
126868 4436
152486 4436
228695 4436
240517 4436
285376 4436
436108 4436
525422 4436
541545 4436
361091 3348
99435 3357
150183 3357
392423 3357
136918 3358
458137 3358
21270 3362
84409 3362
262923 3362
412703 3362
29866 3363
192608 3363
232195 3363
468680 3363
478760 3363
241647 3746
433300 3746
509910 3746
19300 3717
75929 3717
124481 3717
147122 3717
170064 3717
184512 3717
241333 3717
255452 3717
329073 3717
358512 3717
358873 3717
478696 3717
506181 3717
26060 3454
50406 3454
138750 3454
198685 3454
223945 3454
228712 3454
271485 3454
381732 3454
471563 3454
475333 3454
496411 3454
512678 3454
522910 3454
524028 3454
528972 3454
531578 3454
19679 3489
35455 3489
112758 3489
162648 3489
206800 3489
212546 3489
289400 3489
303846 3489
304830 3489
360825 3489
369143 3489
379571 3489
380999 3489
425198 3489
442046 3489
464920 3489
499196 3489
187112 3501
267237 3501
344635 3501
19778 3862
69991 3862
80880 3862
111814 3862
117075 3862
126017 3862
162714 3862
174023 3862
178367 3862
202699 3862
237543 3862
270302 3862
294787 3862
319959 3862
342978 3862
362454 3862
407678 3862
416640 3862
417607 3862
425882 3862
429837 3862
522719 3862
536549 3862
77453 3523
205276 3523
68582 3525
337833 3525
92185 4804
111312 4804
185837 4804
188895 4804
200591 4804
208936 4804
247407 4804
265543 4804
271882 4804
331338 4804
379522 4804
517885 4804
531049 4804
344237 4263
249936 3647
12086 3652
112046 3652
15010 3691
35072 3691
341185 3691
348996 3691
394023 3691
226605 3692
468003 3692
529460 3692
18696 3697
31264 3697
119100 3697
181783 3697
211881 3697
234948 3697
375352 3697
534454 3697
1822 3700
4645 3700
7001 3700
17716 3700
29516 3700
46774 3700
47682 3700
47750 3700
51619 3700
52944 3700
75510 3700
83064 3700
87508 3700
90166 3700
90546 3700
93372 3700
94201 3700
103529 3700
107221 3700
110031 3700
111430 3700
116789 3700
121895 3700
125772 3700
141236 3700
143470 3700
143980 3700
150139 3700
151205 3700
159553 3700
164421 3700
173327 3700
178341 3700
183478 3700
184995 3700
185045 3700
186598 3700
190384 3700
193112 3700
197286 3700
199857 3700
202049 3700
214048 3700
214971 3700
218002 3700
218826 3700
220496 3700
232138 3700
235790 3700
243709 3700
250774 3700
254853 3700
257338 3700
269544 3700
283617 3700
285611 3700
285967 3700
291289 3700
297914 3700
300365 3700
303420 3700
311029 3700
315058 3700
316269 3700
321713 3700
326307 3700
333346 3700
334633 3700
336115 3700
348376 3700
350190 3700
351105 3700
354879 3700
356552 3700
357034 3700
357757 3700
360852 3700
363412 3700
366509 3700
366691 3700
367642 3700
371490 3700
372898 3700
375374 3700
376886 3700
381792 3700
384707 3700
386841 3700
400446 3700
401615 3700
407566 3700
410605 3700
418859 3700
425538 3700
437872 3700
439577 3700
446414 3700
456757 3700
463662 3700
469419 3700
472011 3700
472190 3700
490624 3700
490853 3700
494409 3700
501167 3700
501544 3700
516259 3700
526811 3700
527570 3700
528346 3700
531024 3700
541918 3700
543550 3700
544242 3700
852 3702
2556 3702
2613 3702
2917 3702
49336 3702
70350 3702
90820 3702
103626 3702
150211 3702
160859 3702
170622 3702
196298 3702
218600 3702
222789 3702
224305 3702
292251 3702
329483 3702
330153 3702
358490 3702
367698 3702
407147 3702
409740 3702
420580 3702
424145 3702
444965 3702
448512 3702
513011 3702
517958 3702
524313 3702
52159 3704
63198 3704
91552 3704
104469 3704
105844 3704
188510 3704
221011 3704
232218 3704
241413 3704
248243 3704
254714 3704
298405 3704
378932 3704
395878 3704
412947 3704
417079 3704
440889 3704
462537 3704
355396 3717
182679 3722
215409 3722
545044 4025
311323 3987
331778 3987
381847 3987
287304 3997
18103 3751
34108 3751
51103 3751
93112 3751
154817 3751
183514 3751
202852 3751
240693 3751
274819 3751
289263 3751
382571 3751
418808 3751
438438 3751
457208 3751
481287 3751
506211 3751
514958 3751
47347 3764
53681 3764
282318 3764
7531 3779
37268 3779
60979 3779
88632 3779
106415 3779
146668 3779
241954 3779
246032 3779
253204 3779
303306 3779
320470 3779
332256 3779
333279 3779
344512 3779
398287 3779
464143 3779
477136 3779
506006 3779
519914 3779
149474 3782
436264 3782
467909 3782
487083 3782
506541 3782
212909 3783
237561 3783
242766 3783
496699 3783
194702 3784
445930 3784
517962 3784
107781 3812
529629 3812
10732 3814
14315 3814
50147 3814
67649 3814
142383 3814
147778 3814
165469 3814
199231 3814
230958 3814
262023 3814
280689 3814
288316 3814
394334 3814
405948 3814
429163 3814
529054 3814
264317 3822
335958 3822
424654 3822
505880 3822
529947 3822
538821 3822
36734 3827
59130 3827
293701 3827
325434 3827
530707 3827
14979 3829
170045 3829
245730 3829
496722 3829
519269 3829
7667 3830
199697 3830
226854 3830
341839 3830
323531 3831
323532 3831
323534 3831
460955 3831
274146 3833
422043 3833
457203 3833
159867 3859
416387 3859
38836 3862
20904 3865
115966 3865
158208 3988
137968 3908
320166 3908
33563 3942
46279 3942
46639 3942
47912 3942
95344 3942
120579 3942
127536 3942
144321 3942
148541 3942
256238 3942
262114 3942
288862 3942
290088 3942
305053 3942
306531 3942
308531 3942
312209 3942
331170 3942
338475 3942
407401 3942
411849 3942
418521 3942
453326 3942
505613 3942
518323 3942
520574 3942
527948 3942
539948 3942
42482 3947
11030 4083
19506 4083
85288 4083
87391 4083
168776 4083
224018 4083
227783 4083
271354 4083
317630 4083
490961 4083
494959 4083
524973 4083
142680 4922
325101 4922
351669 4922
459635 4922
465905 4922
476197 4922
505195 4922
61195 3968
81858 3968
150077 3968
183631 3968
226183 3968
306986 3968
352756 3968
366700 3968
419305 3968
508809 3968
41743 3970
49344 3970
66396 3970
115914 3970
232402 3970
315408 3970
495573 3970
101218 3971
236362 3971
302431 3971
52092 3979
94727 3979
130724 3979
196150 3979
320332 3979
44312 3982
28152 3987
450417 3987
609 3990
9098 3990
18066 3990
48086 3990
50303 3990
74160 3990
74997 3990
117356 3990
140352 3990
145448 3990
165212 3990
182894 3990
212800 3990
231462 3990
245990 3990
448156 3990
469283 3990
534597 3990
534904 3990
314370 4004
349893 4004
196547 4023
208712 4023
414323 4023
465309 4023
508745 4023
306740 4041
330314 4041
6372 4069
182335 4069
316666 4069
450071 4069
29702 4082
46220 4082
54207 4082
79265 4082
79273 4082
79274 4082
81591 4082
155786 4082
249355 4082
251263 4082
251991 4082
259996 4082
279902 4082
353346 4082
395041 4082
485641 4082
523107 4082
40932 4121
60426 4121
69992 4121
121380 4121
135271 4121
144956 4121
178173 4121
196826 4121
222160 4121
289417 4121
302416 4121
388977 4121
425745 4121
453129 4121
467926 4121
12695 4155
18212 4155
30775 4155
41151 4155
77284 4155
175318 4155
272501 4155
283732 4155
292732 4155
356320 4155
356330 4155
357741 4155
387065 4155
395079 4155
399629 4155
418333 4155
453457 4155
531440 4155
535087 4155
543005 4155
10980 4179
68852 4179
384492 4179
520171 4179
10481 4187
274969 4187
331646 4187
437618 4187
514322 4187
331090 4194
19877 4263
42921 4263
45769 4263
525304 4263
537524 4263
17994 4272
27468 4272
67232 4272
133986 4272
162036 4272
182146 4272
279061 4272
288871 4272
381698 4272
435800 4272
436924 4272
479941 4272
519796 4272
19614 4280
215706 4280
267299 4280
483438 4280
77973 4328
104619 4328
138098 4328
157451 4328
200073 4328
215235 4328
272992 4328
341906 4328
396912 4328
451406 4328
475476 4328
520641 4328
540456 4328
217508 4330
496276 4330
526306 4330
513131 4357
43572 4408
154506 4408
157140 4408
238989 4408
265976 4408
283468 4408
303403 4408
165139 4410
309941 4410
484369 4410
144403 4429
491995 4429
88172 4435
283516 4435
390746 4435
49148 4450
145180 4450
376640 4450
411004 4450
462064 4450
531521 4450
3464 4457
105174 4457
126775 4457
205091 4457
355231 4457
91773 4493
237173 4493
346293 4493
462501 4493
216056 4500
303541 4500
366556 4500
398182 4500
420499 4500
216758 4563
301613 4563
457714 4563
492112 4563
33528 4564
35633 4564
392206 4564
409773 4564
462036 4564
535228 4662
55712 4670
55719 4670
186838 4670
325058 4670
346881 4670
470876 4670
470886 4670
40935 4740
89837 4740
99659 4740
108268 4740
135360 4740
147214 4740
197439 4740
198351 4740
282863 4740
293297 4740
310645 4740
334574 4740
377165 4740
413084 4740
417223 4740
538642 4740
135519 4756
19835 4757
41045 4757
104898 4757
110488 4757
116452 4757
159145 4757
186229 4757
219498 4757
278766 4757
296598 4757
324908 4757
347653 4757
353224 4757
407840 4757
425169 4757
439845 4757
472922 4757
507160 4757
520774 4757
14073 4775
44908 4775
58975 4775
58977 4775
69337 4775
81228 4775
106100 4775
113840 4775
121514 4775
150736 4775
204991 4775
211717 4775
237111 4775
255202 4775
262774 4775
276695 4775
285798 4775
289285 4775
313954 4775
326988 4775
339225 4775
352552 4775
371573 4775
396697 4775
428546 4775
430767 4775
463576 4775
465629 4775
511063 4775
519126 4775
525489 4775
525490 4775
1639 4783
94267 4783
96981 4783
142820 4783
199217 4783
224937 4783
260638 4783
512204 4783
544934 4783
547527 4783
548255 4783
17651 4789
27941 4789
223909 4789
223912 4789
338888 4789
395199 4789
166893 4804
222530 4804
166768 4815
179327 4815
193507 4815
412931 4815
533900 4815
56618 4821
166948 4821
273463 4821
456543 4821
498058 4821
6899 4822
37829 4822
70409 4822
244754 4822
336593 4822
66078 4933
131037 4933
240998 4933
241019 4933
299583 4933
154417 166
310133 209
132725 290
227789 382
439277 395
46300 395
102978 422
42283 422
319626 444
186613 627
194776 627
238220 696
331020 696
181932 696
320334 696
185616 696
456555 780
379559 966
517201 1066
332872 1066
403965 1066
46711 1066
524208 1066
415737 1079
316307 1079
48718 1079
303322 1079
161328 1809
147931 1916
158802 1949
459043 2084
64882 2181
266274 2430
87698 2566
213264 2763
135942 2763
178061 2763
50313 2763
279570 2763
60965 2763
341392 2763
453018 2770
434436 2995
82457 3010
109175 3722
81166 4441
461219 33
186907 115
240113 130
233388 141
343464 168
87944 178
215778 207
150522 423
285256 521
240218 521
13965 521
379695 521
174631 544
535468 796
29584 876
107722 895
198055 930
491421 1084
60508 1185
288072 1203
511816 1374
179181 1382
341070 1382
172861 1435
330244 2257
525524 2408
31197 2408
363420 2408
504233 2408
422490 2430
109934 2650
101668 2666
333031 2777
1797 2969
26829 2969
311817 2969
126810 3007
509537 3219
239582 3363
337195 3812
144876 3830
230333 4740
411120 4740
58675 18
540862 105
173236 109
418818 168
129804 194
207524 207
273712 226
225654 307
362149 367
409415 414
288488 414
86455 414
106810 444
203209 673
201878 834
511685 839
210166 937
87702 1037
416357 1181
336579 1224
238430 1271
365890 1300
389999 1566
509475 1593
521750 1858
219322 2098
54178 2182
148090 2429
172017 2775
176683 2823
45243 2960
226047 2969
211634 2969
387441 2969
495824 2998
177961 3027
272470 3027
70071 3047
443972 3277
341120 3277
41336 3313
99182 3313
462023 3362
191962 3704
275789 3704
301119 3859
165935 4328
47768 4328
29384 4756
525219 4756
65985 4756
424159 4756
95698 4756
289784 4756
196453 4756
498016 4756
47006 4821
350365 2155
447268 7
300388 95
408215 125
467308 128
164015 194
92198 241
404851 241
94931 261
416072 315
56536 347
523664 347
404701 369
420400 369
27841 369
316238 558
448160 714
426533 714
393821 714
338234 714
436758 714
362460 714
283114 839
170809 964
283610 964
345483 1000
254829 1031
207304 1057
89971 1137
283824 1309
288817 1309
137498 1371
70623 1382
179211 1382
139293 1382
373727 1766
325416 1801
196422 1801
66766 1831
414719 1863
403263 2384
485042 2912
50083 2912
507862 2912
416895 2912
125175 2937
409881 2992
224252 2992
197137 2992
541076 3276
124351 3276
59102 3358
360107 3525
218527 3680
249375 3717
275648 3722
230512 3751
503250 3751
379766 3814
262025 3814
153118 3862
45422 3862
250038 3862
302698 4121
366425 4121
211607 4194
541932 4450
85720 4804
135953 4804
282815 1
518997 3
344634 78
408058 153
6854 188
137036 276
226654 347
297896 347
525313 347
60683 458
121926 458
272669 544
136512 622
76588 622
367118 622
328483 622
473216 625
160407 625
372374 625
472228 625
83762 625
489949 625
513239 696
172679 696
379374 696
121850 696
290723 696
221852 696
338539 709
115521 723
353015 736
314450 756
394915 817
443073 856
24239 885
321783 902
45104 1031
517791 1084
392270 1220
62992 1422
90445 1423
126549 1637
281324 1741
518013 1741
42617 1741
323227 1887
367295 1887
293946 2181
138446 2408
472715 2408
255811 2422
255803 2422
255828 2422
278618 2422
416226 2422
369866 2422
399968 2440
113332 2946
2801 2946
98112 3276
366211 3277
355542 3334
200801 3334
271422 3334
526060 3334
475951 4155
542979 4155
374113 4328
224059 4328
254939 4815
169044 109
254448 154
156021 187
362923 212
405757 286
528956 286
135302 303
448074 303
483004 359
159929 359
335776 458
462308 458
421754 458
380100 544
91623 544
520268 580
448724 627
63631 627
12060 876
357406 1300
37922 1497
96725 1637
541994 1637
106385 1704
396772 1704
500515 1741
109149 1741
100555 1741
507385 1805
220061 1810
190019 1842
437352 1851
446385 1945
111610 2020
478382 2039
85033 2039
45156 2085
161006 2096
122368 2125
418374 2129
529701 2129
171238 2193
531758 2373
264947 2471
437905 2714
120970 2763
112858 2763
388235 2763
200769 2763
332244 2763
424964 2763
505955 2763
509360 2763
525081 2836
305022 2900
412100 2960
74788 3126
38162 3302
335987 3313
441871 3335
96847 3335
145748 3358
21332 3489
355619 3489
452249 3498
219248 3498
478344 3751
396542 3751
262028 3814
323618 3814
286610 3862
524158 3862
190528 3862
381615 3971
330044 4083
395117 4083
419413 4740
450182 4740
