0 1
0 17
0 146
0 221
0 734
0 380
0 0
0 215
0 250
0 248
0 498
0 101
0 377
0 177
0 560
0 309
0 88
0 5
0 297
0 313
0 223
0 238
0 266
0 222
0 283
0 6
0 64
0 65
0 166
1 17
1 1
1 495
1 377
1 549
1 310
1 215
1 147
1 106
1 21
1 225
1 82
1 254
1 155
1 146
1 85
1 284
1 189
1 250
1 726
1 548
1 568
1 221
1 52
1 255
1 187
1 127
1 199
1 121
1 84
1 537
1 351
1 222
1 616
1 280
1 450
1 232
1 641
1 979
1 317
1 142
1 560
2 3
2 4
2 281
2 195
2 305
2 2
2 412
2 102
2 194
2 55
2 252
2 13
2 63
2 586
2 408
2 138
2 6
2 58
2 114
2 193
2 174
2 285
2 5
2 137
2 323
2 211
2 238
2 520
2 635
2 481
2 665
2 59
2 208
2 506
2 516
2 517
2 160
2 286
2 57
2 132
2 162
2 409
2 140
2 64
2 809
2 826
2 738
2 832
2 803
2 845
2 89
2 54
2 599
2 300
2 489
2 612
2 249
2 166
2 283
2 107
2 494
2 62
2 880
2 698
2 899
2 86
2 886
2 812
2 164
2 859
2 308
2 131
2 56
2 126
2 333
2 971
2 271
2 685
2 651
2 405
3 4
3 63
3 3
3 174
3 408
3 58
3 175
3 114
3 56
3 286
3 59
3 236
3 281
3 665
3 520
3 412
3 195
3 137
3 194
3 211
3 272
3 107
3 160
3 599
3 859
3 89
3 62
3 812
3 601
3 886
3 57
3 102
3 208
3 6
3 832
3 685
3 481
3 193
3 323
3 55
3 249
3 971
3 845
3 271
3 252
3 138
3 880
3 932
3 473
3 405
3 283
3 166
4 62
4 4
4 63
4 286
4 412
4 107
4 174
4 194
4 195
4 6
4 58
4 114
4 281
4 193
4 665
4 160
4 635
4 211
4 586
4 59
4 285
4 408
4 520
4 82
4 282
4 481
4 283
4 301
4 305
4 137
4 121
4 142
4 809
4 57
4 826
4 832
4 685
4 803
4 845
4 208
4 431
4 13
4 612
4 533
4 698
4 712
4 55
4 738
4 271
4 252
4 859
4 425
4 102
4 162
4 89
4 170
4 54
4 56
4 552
4 126
4 138
4 812
4 131
4 971
4 329
4 323
4 405
4 360
4 430
4 166
4 880
5 6
5 7
5 215
5 64
5 5
5 327
5 283
5 232
5 53
5 115
5 528
5 140
5 105
5 489
5 527
5 357
5 58
5 279
5 516
5 59
5 669
5 211
5 194
5 305
5 284
5 408
5 644
5 191
5 281
5 42
5 177
5 437
5 349
5 309
5 269
5 21
5 35
5 430
5 89
5 726
5 495
5 189
5 170
5 807
5 286
5 132
5 312
5 405
5 520
5 82
5 195
5 455
5 306
5 337
5 492
5 820
5 41
5 29
5 249
5 134
5 63
5 815
5 255
5 323
5 440
5 450
5 517
5 291
5 141
5 374
5 285
5 302
5 464
5 47
5 209
5 738
5 271
5 362
5 423
5 718
5 419
5 438
5 833
5 828
5 486
5 840
5 57
5 346
5 272
5 207
5 902
5 375
5 809
5 481
5 681
5 11
5 236
5 716
5 184
5 611
5 572
5 351
5 154
5 333
5 242
5 511
5 102
5 252
5 931
5 859
5 261
5 980
5 318
5 235
5 462
5 106
5 325
5 133
5 135
5 308
5 868
5 557
5 445
5 97
5 34
5 900
5 55
5 99
5 763
5 619
5 690
5 230
6 134
6 327
6 489
6 6
6 438
6 191
6 195
6 64
6 140
6 132
6 473
6 527
6 516
6 517
6 481
6 408
6 667
6 397
6 305
6 54
6 751
6 528
6 349
6 206
6 375
6 515
6 644
6 184
6 362
6 290
6 284
6 170
6 429
6 430
6 102
6 137
6 826
6 665
6 412
6 308
6 520
6 281
6 55
6 549
6 440
6 194
6 544
6 58
6 418
6 845
6 141
6 685
6 426
6 63
6 21
6 286
6 181
6 337
6 296
6 377
6 89
6 57
6 486
6 611
6 56
6 346
6 204
6 563
6 272
6 738
6 880
6 949
6 193
6 252
6 275
6 211
6 126
6 285
6 552
6 232
6 95
6 59
6 859
6 921
6 994
6 168
6 323
7 44
7 141
7 19
7 569
7 374
7 161
7 362
7 7
7 661
7 566
7 510
7 249
7 266
7 359
7 499
7 707
7 700
7 332
7 406
7 502
7 365
7 11
7 358
7 451
7 407
7 360
7 213
7 525
7 672
7 498
7 112
7 573
7 570
7 86
7 511
7 608
7 430
7 555
7 265
7 247
7 856
7 62
7 500
7 506
7 674
7 537
7 422
7 222
7 913
7 833
7 720
7 956
7 922
7 212
9 19
9 525
9 506
9 213
9 499
9 44
9 573
9 9
9 569
9 498
9 359
9 565
9 510
9 265
9 358
9 558
9 674
9 266
9 500
9 502
9 406
9 332
9 141
9 720
9 707
9 661
9 971
9 957
10 11
10 21
10 13
10 340
10 260
10 339
10 409
10 36
10 638
10 535
10 325
10 69
10 327
10 25
10 173
10 82
10 282
10 121
10 133
10 143
10 366
10 134
10 160
10 86
10 405
10 300
10 64
10 306
10 400
10 508
10 89
10 326
10 971
10 329
10 509
10 20
10 142
10 105
10 271
10 44
11 406
11 209
11 11
11 159
11 362
11 161
11 608
11 359
11 621
11 20
11 141
11 270
11 233
11 720
11 265
11 525
11 555
11 360
11 213
11 573
11 21
11 64
11 566
11 133
11 661
11 211
11 293
11 498
11 266
11 247
11 530
11 502
11 22
11 129
11 611
11 430
11 400
11 327
11 44
11 106
11 518
11 358
11 506
11 804
11 956
11 700
11 19
11 569
11 300
11 365
13 126
13 13
13 238
13 27
13 209
13 301
13 36
13 446
13 35
13 25
13 95
13 129
13 506
13 535
13 352
13 550
13 286
13 409
13 65
13 306
13 418
13 165
13 329
13 23
13 340
13 21
13 443
13 576
13 266
13 461
13 137
13 130
13 337
13 278
13 87
13 590
13 83
13 481
13 135
13 113
13 812
13 290
13 305
13 336
13 38
13 281
13 476
13 30
13 280
13 326
13 478
13 199
13 78
13 94
13 327
13 679
13 497
13 318
13 285
13 272
13 190
13 164
13 489
13 156
13 514
13 339
13 242
13 343
13 322
13 184
13 356
13 207
13 211
13 515
13 325
13 56
13 263
13 349
13 450
13 47
13 413
13 698
13 440
13 58
13 63
13 767
13 39
13 685
13 667
13 333
13 170
13 19
13 53
13 69
13 146
13 147
13 84
13 655
13 840
13 423
13 121
13 93
13 361
13 809
13 588
13 304
13 661
13 191
13 375
13 172
13 51
13 552
13 748
13 40
13 346
13 351
13 114
13 484
13 255
13 445
13 390
13 350
13 509
13 168
13 236
13 520
13 271
13 820
13 980
13 357
13 949
13 177
13 29
13 167
13 244
13 302
13 900
13 297
14 280
14 290
14 430
14 380
14 537
14 61
14 85
14 53
14 394
14 221
14 312
14 486
14 390
14 64
14 181
14 232
14 129
14 14
14 289
14 277
14 203
14 284
14 47
14 283
14 270
14 168
14 167
14 291
14 130
14 292
14 41
14 563
14 141
14 339
14 133
14 498
14 206
14 440
14 482
14 515
14 419
14 465
14 426
14 51
14 35
14 93
14 450
14 86
14 172
14 205
14 593
14 776
14 65
14 918
14 797
14 556
14 922
14 473
16 282
16 106
16 174
16 495
16 105
16 489
16 263
16 283
16 311
16 518
16 367
16 63
16 132
16 255
16 44
16 290
16 405
16 355
16 249
16 153
16 363
16 357
16 543
16 170
16 356
16 340
16 280
16 337
16 211
16 828
16 221
16 107
16 258
16 115
16 362
16 164
16 308
16 395
16 64
16 190
16 209
16 642
16 305
16 269
16 222
16 295
16 375
16 281
16 304
16 748
16 187
16 93
16 783
16 404
16 338
16 820
16 121
16 448
16 45
17 307
17 308
17 177
17 309
17 215
17 248
17 220
17 310
17 85
17 311
17 221
17 312
17 222
17 313
17 223
17 314
17 225
17 315
17 317
17 228
17 160
17 42
17 87
17 393
17 282
17 107
17 62
17 121
17 654
17 82
17 254
17 155
17 615
17 154
17 105
17 142
17 333
17 297
17 249
17 17
17 166
17 255
17 386
17 494
17 295
17 533
17 253
17 405
17 189
17 283
17 612
17 162
17 495
17 340
17 363
17 366
17 378
17 106
17 212
17 83
17 86
17 726
17 21
17 341
17 696
17 252
17 233
17 269
17 23
17 404
17 427
17 180
17 41
17 153
17 115
17 173
17 147
17 431
17 872
17 422
17 146
17 473
17 219
17 950
17 932
17 518
19 62
19 293
19 267
19 265
19 161
19 362
19 473
19 247
19 513
19 19
19 44
19 570
19 661
19 707
19 506
19 550
19 142
19 331
19 107
19 510
19 555
19 360
19 674
19 430
19 366
19 569
19 288
19 155
19 129
19 141
19 499
19 121
19 160
19 700
19 856
19 533
19 365
19 49
19 249
19 560
19 422
19 166
19 573
19 83
19 405
19 549
19 61
19 957
19 42
19 184
19 86
19 525
20 21
20 22
20 230
20 86
20 259
20 495
20 106
20 127
20 188
20 72
20 560
20 173
20 42
20 62
20 400
20 20
20 137
20 520
20 409
20 462
20 189
20 282
20 287
20 82
20 160
20 327
20 253
20 306
20 715
20 536
20 187
20 223
20 519
20 83
20 222
20 533
20 142
20 166
20 885
20 887
20 87
20 215
20 326
20 366
20 121
20 690
20 971
20 28
20 537
20 301
20 932
20 260
20 329
20 271
21 72
21 22
21 173
21 230
21 325
21 306
21 326
21 327
21 212
21 520
21 363
21 106
21 495
21 105
21 127
21 364
21 308
21 107
21 62
21 121
21 489
21 82
21 42
21 29
21 137
21 283
21 367
21 686
21 715
21 329
21 28
21 114
21 642
21 44
21 278
21 314
21 129
21 254
21 787
21 64
21 405
21 462
21 21
21 41
21 189
21 400
21 518
21 259
21 548
21 187
21 249
21 550
21 160
21 647
21 253
21 260
21 357
21 36
21 820
21 221
21 272
21 274
21 87
21 519
21 537
21 280
21 83
21 533
21 174
21 86
21 282
21 885
21 300
21 188
21 690
21 222
21 615
21 486
21 287
21 409
21 146
21 422
21 551
21 355
21 296
21 166
21 115
21 375
21 211
21 966
21 365
21 513
21 184
21 301
21 346
21 333
21 152
21 932
21 560
22 35
22 258
22 22
22 137
22 173
22 520
22 127
22 686
22 301
22 155
23 25
23 27
23 28
23 29
23 30
23 31
23 34
23 35
23 36
23 37
23 38
23 39
23 40
23 160
23 115
23 62
23 460
23 590
23 251
23 588
23 142
23 121
23 254
23 41
23 438
23 165
23 23
23 333
23 87
23 301
23 166
23 107
23 170
23 82
23 427
23 215
23 464
23 220
23 367
23 83
23 533
23 878
23 249
23 494
23 212
23 261
23 820
23 545
23 229
23 172
23 422
23 135
23 86
23 953
23 153
23 409
23 950
23 151
23 42
23 113
23 932
23 337
25 30
25 38
25 29
25 40
25 438
25 34
25 165
25 545
25 654
25 36
25 27
25 37
25 409
25 533
25 35
25 28
25 473
25 370
25 361
25 160
25 301
25 494
25 588
25 339
25 133
25 93
25 437
27 165
27 29
27 40
27 370
27 437
27 136
27 339
27 35
27 336
27 27
27 28
27 30
27 721
27 31
27 722
27 34
27 36
27 37
27 38
27 39
27 588
27 545
27 361
27 560
27 93
27 590
27 261
27 409
27 51
27 878
27 62
27 172
27 170
27 338
27 135
27 251
27 82
27 301
27 160
27 121
27 438
27 258
27 494
27 133
27 48
27 337
27 953
27 997
27 883
27 151
27 917
28 151
28 160
28 39
28 165
28 36
28 35
28 114
28 367
28 40
28 338
28 113
28 29
28 41
28 62
28 363
28 365
28 438
28 212
28 37
28 82
28 30
28 590
28 351
28 121
28 254
28 168
28 229
28 405
28 133
28 340
28 129
28 261
28 170
28 105
28 31
28 721
28 722
28 34
28 38
28 588
28 545
28 249
28 270
28 329
28 278
28 107
28 820
28 339
28 115
28 87
28 362
28 533
28 172
28 419
28 811
28 283
28 86
28 333
28 892
28 166
28 63
28 486
28 28
28 306
28 51
28 44
28 914
28 375
28 953
28 473
28 655
28 93
28 282
28 142
28 952
28 932
28 301
28 877
28 409
28 106
29 40
29 438
29 30
29 34
29 35
29 38
29 39
29 545
29 473
29 51
29 31
29 36
29 37
29 588
29 560
29 151
29 165
29 113
29 29
29 229
29 409
29 331
29 361
29 590
29 133
29 160
29 533
29 443
29 121
29 62
29 339
29 301
29 486
29 971
29 93
29 263
29 261
29 455
30 36
30 41
30 37
30 165
30 62
30 40
30 438
30 609
30 35
30 261
30 151
30 339
30 590
30 229
30 86
30 31
30 473
30 764
30 133
30 367
30 160
30 34
30 820
30 44
30 39
30 51
30 30
30 38
30 251
30 129
30 115
30 588
30 545
30 172
30 82
30 84
30 366
30 409
30 121
30 114
30 263
30 721
30 337
30 336
30 136
30 135
30 93
30 437
31 254
31 36
31 31
31 229
31 84
31 155
31 438
31 367
31 142
31 37
31 35
31 282
31 338
31 427
31 261
31 165
31 170
31 151
31 39
31 34
31 107
31 121
31 162
31 40
31 143
31 361
31 135
31 612
31 337
31 82
31 115
31 51
31 38
31 186
31 932
31 86
34 40
34 35
34 38
34 54
34 151
34 37
34 361
34 165
34 39
34 339
34 34
34 545
34 590
34 36
34 588
34 438
35 62
35 40
35 438
35 151
35 51
35 160
35 37
35 129
35 165
35 39
35 168
35 35
35 409
35 301
35 339
35 590
35 36
35 38
35 588
35 170
35 442
35 367
35 107
35 655
35 533
35 86
35 878
35 464
35 261
35 486
35 121
35 282
35 338
35 114
35 455
35 953
35 473
36 129
36 37
36 165
36 545
36 121
36 170
36 367
36 48
36 438
36 36
36 442
36 160
36 82
36 588
36 107
36 113
36 333
36 318
36 486
36 75
36 127
36 914
36 114
36 86
36 93
36 301
36 409
37 37
37 40
37 86
37 229
37 127
37 261
37 721
37 38
37 39
37 588
37 545
37 48
37 370
37 151
37 667
37 84
37 338
37 655
37 590
37 112
38 40
38 370
38 443
38 245
38 547
38 48
38 165
38 438
38 339
38 722
38 409
38 86
38 115
38 437
38 170
38 113
38 38
38 915
38 47
38 592
38 329
38 258
38 590
38 39
39 40
39 86
39 165
39 151
39 560
39 39
39 339
39 370
39 229
39 455
39 48
39 84
39 494
39 437
39 133
39 409
39 114
39 367
39 883
39 93
40 251
40 75
40 370
40 48
40 448
40 438
40 545
40 590
40 245
40 113
40 547
40 361
40 261
40 151
40 165
40 442
40 339
40 135
40 47
40 560
40 170
40 443
40 160
40 119
40 533
40 409
40 753
40 725
40 917
40 93
40 318
40 953
40 919
40 427
40 900
40 40
40 816
41 42
41 51
41 85
41 86
41 87
41 93
41 94
41 95
41 199
41 167
41 203
41 204
41 205
41 206
41 207
41 62
41 482
41 370
41 47
41 232
41 464
41 280
41 133
41 114
41 165
41 136
41 142
41 160
41 352
41 113
41 593
41 336
41 443
41 129
41 143
41 121
41 107
41 776
41 82
41 254
41 212
41 180
41 166
41 612
41 601
41 152
41 173
41 83
41 115
41 801
41 63
41 105
41 215
41 282
41 249
41 820
41 333
41 460
41 41
41 751
41 917
41 908
41 918
41 387
41 932
42 147
42 106
42 87
42 190
42 249
42 115
42 160
42 405
42 560
42 184
42 105
42 642
42 329
42 453
42 129
42 44
42 187
42 215
42 667
42 245
42 188
42 309
42 298
42 387
42 86
42 42
42 58
42 612
42 820
42 280
42 83
42 64
42 143
42 209
42 427
42 333
42 212
42 296
42 133
42 199
42 422
42 492
42 495
42 255
42 473
42 756
42 300
42 166
42 607
42 221
42 343
43 44
43 358
43 406
43 407
43 499
43 43
43 505
43 498
43 569
43 566
43 502
44 362
44 293
44 374
44 106
44 407
44 499
44 44
44 500
44 365
44 506
44 430
44 141
44 569
44 166
44 406
44 82
44 161
44 249
44 358
44 121
44 254
44 212
44 405
44 502
44 501
44 805
44 503
44 729
44 332
44 62
44 401
44 160
44 573
44 661
44 133
44 833
44 525
44 555
44 367
44 86
44 129
44 638
44 498
44 360
44 820
44 565
44 51
44 856
44 107
44 63
44 283
44 83
44 419
44 533
44 114
44 550
44 549
44 300
44 892
44 486
44 211
44 366
44 956
44 359
44 213
44 967
44 672
44 913
44 473
44 105
44 331
44 155
44 142
44 932
45 269
45 322
45 461
45 448
45 160
45 62
45 45
45 429
45 274
45 107
45 216
45 140
45 272
45 164
45 428
45 445
45 838
45 300
45 405
45 828
45 447
45 533
45 419
45 640
45 404
45 446
45 282
45 892
45 812
45 162
45 142
45 211
45 932
45 271
45 301
45 933
45 87
47 48
47 339
47 113
47 443
47 370
47 114
47 361
47 263
47 455
47 86
47 168
47 333
47 172
47 318
47 547
47 129
47 482
47 47
47 220
47 245
47 427
47 160
47 165
47 280
47 820
47 251
47 135
47 971
47 409
47 976
47 107
47 981
47 423
47 437
47 925
48 75
48 252
48 50
48 527
48 245
48 370
48 263
48 114
48 455
48 318
48 361
48 442
48 443
48 485
48 113
48 423
48 547
48 333
48 229
48 211
48 105
48 560
48 212
48 654
48 482
48 84
48 115
48 427
48 151
48 367
48 492
48 261
48 48
48 486
48 437
48 66
48 338
48 165
48 166
48 678
48 976
48 981
48 925
49 50
49 84
49 71
49 297
49 433
49 612
49 49
49 87
49 153
49 152
49 83
49 217
50 84
50 71
50 87
50 431
50 217
50 50
50 433
50 612
50 654
50 152
50 82
50 162
50 153
51 143
51 199
51 280
51 133
51 167
51 232
51 95
51 593
51 51
51 557
51 141
51 113
51 160
51 109
51 409
51 205
51 399
51 751
51 204
51 820
51 93
51 65
51 445
51 206
51 85
51 346
51 82
51 740
51 114
51 165
51 362
51 261
51 172
51 283
51 486
51 306
51 121
51 917
51 918
51 498
51 375
51 112
51 908
51 64
51 970
52 53
52 185
52 52
52 133
52 232
52 595
52 146
52 537
52 814
52 314
52 61
52 820
52 397
52 221
52 301
52 377
52 786
53 232
53 280
53 397
53 167
53 129
53 182
53 215
53 820
53 440
53 82
53 199
53 537
53 380
53 61
53 85
53 394
53 312
53 465
53 221
53 486
53 65
53 822
53 922
54 55
54 56
54 57
54 58
54 59
54 54
54 211
54 281
54 194
54 685
54 305
54 738
54 481
54 137
54 285
54 803
54 63
54 520
54 132
54 208
54 412
54 665
54 809
54 304
54 89
54 88
54 249
54 438
54 698
54 552
54 160
54 138
54 271
54 826
54 166
54 812
54 252
54 949
54 174
54 131
54 126
54 807
54 107
55 56
55 58
55 57
55 481
55 211
55 59
55 107
55 638
55 55
55 305
55 718
55 208
55 194
55 738
55 160
55 285
55 809
55 126
55 552
55 533
55 698
55 520
55 271
55 166
55 63
55 412
55 685
55 252
55 665
55 193
55 86
55 950
55 131
55 949
55 1004
56 59
56 58
56 57
56 89
56 610
56 619
56 63
56 286
56 174
56 281
56 138
56 137
56 56
56 520
56 718
56 211
56 305
56 809
56 685
56 738
56 412
56 481
56 271
56 826
56 698
56 160
56 209
56 880
56 194
56 126
56 252
56 408
56 921
56 949
56 859
56 845
57 58
57 137
57 305
57 208
57 211
57 286
57 520
57 63
57 685
57 57
57 481
57 89
57 285
57 412
57 59
57 138
57 610
57 619
57 174
57 738
57 408
57 815
57 131
57 604
57 64
57 460
57 809
57 863
57 107
57 552
57 160
57 281
57 271
57 194
57 812
57 698
57 601
57 880
57 195
57 84
57 683
57 859
57 252
57 193
57 304
57 88
57 924
57 302
57 832
57 126
57 949
58 252
58 208
58 162
58 305
58 481
58 366
58 404
58 59
58 209
58 63
58 138
58 552
58 286
58 195
58 281
58 211
58 62
58 115
58 665
58 233
58 285
58 282
58 84
58 107
58 154
58 175
58 685
58 533
58 254
58 408
58 137
58 520
58 160
58 105
58 698
58 212
58 249
58 193
58 121
58 87
58 58
58 82
58 142
58 612
58 518
58 412
58 194
58 131
58 738
58 126
58 809
58 615
58 654
58 174
58 271
58 132
58 88
58 89
58 462
58 283
58 288
58 431
58 803
58 826
58 586
58 832
58 422
58 304
58 166
58 333
58 859
58 244
58 83
58 215
58 845
58 880
58 159
58 373
58 455
58 812
58 886
58 86
58 129
58 814
58 597
58 498
58 494
58 950
58 153
58 963
58 155
58 601
58 856
58 921
59 408
59 520
59 137
59 252
59 481
59 63
59 59
59 586
59 685
59 738
59 132
59 174
59 610
59 89
59 619
59 412
59 305
59 194
59 160
59 809
59 138
59 698
59 195
59 826
59 193
59 832
59 845
59 803
59 285
59 286
59 880
59 812
59 281
59 971
59 859
59 886
59 949
61 295
61 213
61 380
61 377
61 393
61 320
61 160
61 61
61 394
61 232
61 181
61 182
61 440
61 177
61 172
61 499
61 104
61 64
61 283
61 533
61 266
61 267
61 498
61 265
61 296
61 381
61 345
61 537
61 608
61 707
61 465
61 519
61 392
61 391
61 758
61 872
61 347
61 301
61 166
61 378
61 387
61 388
61 390
61 250
61 395
61 150
61 95
61 280
61 503
62 63
62 107
62 115
62 106
62 147
62 300
62 306
62 254
62 310
62 153
62 340
62 418
62 283
62 333
62 258
62 152
62 314
62 282
62 249
62 170
62 329
62 114
62 365
62 70
62 132
62 582
62 531
62 77
62 355
62 430
62 78
62 230
62 173
62 190
62 83
62 445
62 211
62 109
62 184
62 154
62 245
62 172
62 263
62 279
62 86
62 367
62 453
62 662
62 506
62 357
62 410
62 99
62 113
62 129
62 133
62 292
62 141
62 151
62 137
62 134
62 143
62 404
62 312
62 748
62 427
62 164
62 296
62 361
62 142
62 338
62 454
62 450
62 168
62 236
62 255
62 769
62 290
62 82
62 203
62 189
62 233
62 478
62 377
62 295
62 749
62 518
62 541
62 159
62 187
62 390
62 597
62 591
62 405
62 820
62 262
62 495
62 135
62 89
62 62
62 180
62 366
62 726
62 174
62 393
62 498
62 216
62 423
62 269
62 280
62 253
62 356
62 494
62 521
62 508
62 251
62 209
62 505
62 509
62 818
62 93
62 448
62 362
62 714
62 84
62 419
62 747
62 375
62 447
62 188
62 544
62 627
62 238
62 64
62 87
62 736
62 242
62 206
62 186
62 811
62 285
62 856
62 426
62 859
62 281
62 548
62 833
62 212
62 131
62 586
62 812
63 137
63 63
63 305
63 174
63 363
63 520
63 114
63 211
63 281
63 208
63 175
63 115
63 286
63 408
63 285
63 269
63 195
63 665
63 194
63 132
63 635
63 481
63 685
63 121
63 129
63 82
63 236
63 89
63 254
63 518
63 365
63 212
63 209
63 552
63 160
63 329
63 249
63 164
63 233
63 412
63 586
63 107
63 809
63 138
63 272
63 301
63 355
63 255
63 845
63 599
63 533
63 162
63 832
63 815
63 88
63 419
63 184
63 131
63 880
63 405
63 812
63 252
63 854
63 278
63 486
63 718
63 738
63 83
63 366
63 87
63 859
63 193
63 921
63 271
63 283
63 826
63 803
63 971
63 820
63 473
63 932
63 126
64 65
64 229
64 141
64 528
64 506
64 89
64 95
64 489
64 64
64 282
64 527
64 140
64 93
64 69
64 133
64 330
64 170
64 357
64 306
64 515
64 271
64 281
64 177
64 397
64 492
64 280
64 94
64 244
64 318
64 786
64 290
64 165
64 644
64 66
64 549
64 305
64 450
64 238
64 191
64 405
64 168
64 216
64 115
64 184
64 223
64 400
64 172
64 375
64 87
64 222
64 166
64 113
64 199
64 440
64 354
64 134
64 455
64 815
64 482
64 511
64 665
64 300
64 601
64 367
64 323
64 102
64 105
64 211
64 181
64 249
64 828
64 349
64 215
64 131
64 412
64 430
64 820
64 142
64 209
64 438
64 611
64 173
64 615
64 129
64 498
64 329
64 269
64 309
64 419
64 326
64 325
64 914
64 572
64 164
64 445
64 926
64 918
64 484
64 950
64 980
64 106
64 840
64 232
64 685
64 212
64 395
64 302
64 107
64 99
64 456
64 640
64 937
64 859
64 292
65 440
65 257
65 133
65 413
65 275
65 172
65 568
65 426
65 380
65 94
65 65
65 199
65 498
65 101
65 325
65 401
65 160
65 486
65 752
65 450
65 130
65 290
65 366
65 425
65 232
65 840
65 714
65 533
65 285
65 357
65 282
65 409
65 294
65 874
65 362
65 430
65 543
65 280
65 600
65 910
65 435
65 291
65 835
65 574
65 129
65 791
65 206
65 776
65 377
65 86
65 818
65 998
65 525
65 352
65 320
65 334
65 639
65 358
65 135
65 307
65 177
65 515
65 176
65 204
65 107
66 375
66 329
66 146
66 478
66 258
66 211
66 328
66 160
66 477
66 514
66 66
66 611
66 661
66 121
66 560
66 338
66 252
66 654
66 112
66 215
66 984
66 513
66 111
69 287
69 306
69 212
69 260
69 549
69 311
69 473
69 184
69 190
69 188
69 325
69 713
69 508
69 667
69 69
69 418
69 509
69 550
69 189
69 679
69 187
69 551
69 160
69 678
69 329
69 282
69 259
69 477
69 87
69 86
69 216
69 356
69 362
69 141
69 747
69 166
69 409
69 710
69 173
69 400
69 353
69 105
69 952
69 107
69 958
69 715
70 71
70 186
70 288
70 217
70 433
70 84
70 180
70 233
70 152
70 494
70 83
70 86
70 431
70 107
70 932
70 212
71 84
71 217
71 162
71 431
71 432
71 433
71 83
71 288
71 71
71 121
71 152
71 393
71 209
71 612
72 259
72 524
72 311
72 106
75 253
75 261
75 427
75 135
75 437
75 560
75 75
75 84
75 367
75 753
75 494
75 165
75 339
75 655
77 78
77 107
77 82
77 254
77 282
77 557
77 445
77 497
77 531
77 811
77 539
77 212
77 87
77 333
77 121
77 166
77 142
77 84
77 105
77 950
77 932
78 497
78 539
78 310
78 114
78 340
78 419
78 531
78 482
78 160
78 548
78 366
78 93
78 82
78 121
78 107
78 405
82 83
82 84
82 86
82 105
82 121
82 283
82 366
82 233
82 285
82 211
82 552
82 531
82 393
82 249
82 410
82 153
82 82
82 212
82 161
82 329
82 495
82 236
82 367
82 203
82 568
82 187
82 468
82 227
82 326
82 739
82 462
82 280
82 129
82 567
82 740
82 550
82 296
82 395
82 228
82 555
82 114
82 422
82 115
82 489
82 544
82 576
82 230
82 450
82 209
82 190
82 184
82 543
82 767
82 180
82 278
82 340
82 642
82 453
82 173
82 355
82 107
82 612
82 189
82 147
82 186
82 427
82 151
82 325
82 165
82 87
82 540
82 142
82 401
82 445
82 357
82 783
82 245
82 132
82 404
82 154
82 166
82 310
82 290
82 353
82 747
82 486
82 426
82 168
82 261
82 508
82 820
82 221
82 222
82 104
82 647
82 548
82 133
82 337
82 295
82 304
82 170
82 143
82 225
82 853
82 327
82 454
82 377
82 362
82 533
82 333
82 419
82 856
82 365
82 106
82 130
82 314
82 188
82 127
82 549
82 356
82 572
82 518
82 137
82 263
82 318
82 269
82 277
82 219
82 287
82 93
82 215
82 338
82 494
82 199
82 252
82 281
82 152
82 464
82 748
82 854
82 131
82 282
82 601
82 932
82 160
82 373
82 594
82 752
82 172
82 292
82 150
82 255
82 279
82 641
82 541
82 438
82 509
82 345
82 681
82 191
82 99
82 963
82 859
82 563
83 282
83 494
83 86
83 283
83 308
83 166
83 601
83 366
83 154
83 233
83 107
83 160
83 84
83 431
83 393
83 121
83 83
83 373
83 285
83 484
83 105
83 589
83 199
83 747
83 131
83 142
83 249
83 269
83 168
83 280
83 292
83 612
83 212
83 533
83 186
83 115
83 288
83 152
83 518
83 492
83 340
83 296
83 318
83 114
83 453
83 430
83 106
83 536
83 223
83 290
83 113
83 173
83 557
83 209
83 101
83 211
83 506
83 329
83 450
83 433
83 143
83 333
83 355
83 153
83 203
83 856
83 278
83 221
83 140
83 395
83 478
83 236
83 586
83 180
83 191
83 405
83 133
83 141
83 87
83 147
83 495
83 654
83 820
83 727
83 481
83 253
83 591
83 259
83 404
83 615
83 255
83 812
83 642
83 513
83 162
83 932
83 963
83 252
83 594
83 365
83 465
84 162
84 288
84 121
84 84
84 217
84 433
84 152
84 404
84 282
84 366
84 250
84 111
84 142
84 715
84 560
84 431
84 233
84 510
84 601
84 780
84 269
84 254
84 585
84 166
84 549
84 422
84 160
84 485
84 432
84 612
84 270
84 443
84 318
84 105
84 544
84 533
84 336
84 112
84 453
84 305
84 393
84 209
84 442
84 252
84 115
84 654
84 513
84 113
84 752
84 555
84 144
84 729
84 87
84 249
84 180
84 662
84 86
84 419
84 811
84 582
84 127
84 333
84 494
84 107
84 272
84 835
84 623
84 373
84 229
84 615
84 253
84 338
84 326
84 478
84 399
84 134
84 211
84 244
84 317
84 727
84 594
84 295
84 425
84 454
84 471
84 235
84 174
84 558
84 323
84 492
84 119
85 314
85 370
85 312
85 443
85 317
85 85
85 147
85 86
85 221
85 222
85 820
85 142
85 151
85 310
85 519
85 537
85 160
85 726
85 872
85 307
85 507
85 758
85 313
85 146
85 309
86 205
86 189
86 453
86 106
86 295
86 86
86 510
86 536
86 540
86 362
86 223
86 107
86 494
86 114
86 450
86 377
86 263
86 318
86 131
86 132
86 593
86 686
86 340
86 290
86 184
86 310
86 172
86 714
86 400
86 283
86 601
86 392
86 627
86 238
86 141
86 506
86 233
86 190
86 166
86 222
86 280
86 95
86 720
86 415
86 113
86 747
86 177
86 690
86 326
86 438
86 143
86 427
86 584
86 508
86 756
86 518
86 328
86 563
86 393
86 590
86 662
86 259
86 353
86 623
86 498
86 404
86 225
86 366
86 203
86 138
86 94
86 142
86 525
86 426
86 687
86 93
86 586
86 215
86 373
86 445
86 425
86 611
86 395
86 736
86 818
86 707
86 152
86 820
86 297
86 154
86 551
86 485
86 681
86 274
86 121
86 180
86 304
86 173
86 840
86 129
86 822
86 206
86 212
86 87
86 153
86 572
86 521
86 963
86 531
86 151
86 105
86 533
86 251
86 484
86 932
86 236
86 430
86 573
86 261
86 271
86 285
86 306
86 855
86 191
86 275
86 229
86 499
86 753
86 115
86 170
86 165
87 422
87 154
87 484
87 131
87 438
87 147
87 626
87 115
87 513
87 533
87 155
87 153
87 453
87 615
87 518
87 363
87 106
87 642
87 495
87 255
87 105
87 427
87 269
87 212
87 404
87 173
87 654
87 249
87 405
87 189
87 87
87 190
87 665
87 160
87 236
87 223
87 489
87 333
87 282
87 506
87 547
87 509
87 187
87 222
87 107
87 543
87 820
87 180
87 810
87 545
87 412
87 300
87 166
87 283
87 329
87 161
87 152
87 296
87 351
87 129
87 365
87 233
87 393
87 828
87 211
87 137
87 856
87 353
87 426
87 258
87 215
87 325
87 859
87 252
87 552
87 121
87 812
87 290
87 304
87 253
87 661
87 208
87 132
87 954
87 419
87 114
87 974
87 473
87 963
87 326
87 280
87 448
87 909
87 607
87 172
87 227
88 89
88 252
88 88
88 302
88 233
88 750
88 304
88 369
88 285
88 121
88 533
88 810
88 809
88 211
88 129
88 209
88 137
88 924
88 271
88 142
89 252
89 437
89 302
89 136
89 304
89 89
89 159
89 520
89 375
89 369
89 165
89 160
89 552
89 285
89 610
89 260
89 438
89 482
89 809
89 412
89 301
89 132
89 619
89 211
89 259
89 423
89 333
89 107
89 405
89 114
89 515
89 215
89 271
89 845
89 238
89 919
89 408
89 305
89 925
89 933
89 455
89 924
89 859
93 172
93 95
93 93
93 129
93 133
93 143
93 168
93 399
93 280
93 413
93 515
93 165
93 438
93 714
93 813
93 494
93 166
93 121
93 426
93 513
93 576
93 450
93 820
93 543
93 204
93 373
93 647
93 306
93 409
93 407
93 205
93 260
93 176
93 971
93 301
93 464
93 473
93 337
93 361
93 443
93 261
93 114
93 482
93 336
93 136
93 367
93 135
93 545
93 563
93 883
93 291
94 199
94 94
94 204
94 377
94 515
94 350
94 176
94 494
94 776
94 533
94 207
94 820
94 95
94 206
94 486
94 593
94 440
94 351
94 205
94 320
94 177
94 917
94 918
94 908
94 955
94 974
94 167
94 294
95 199
95 450
95 207
95 95
95 167
95 206
95 351
95 377
95 205
95 309
95 820
95 143
95 122
95 280
95 593
95 155
95 204
95 908
95 232
95 917
95 918
95 129
95 203
95 776
95 181
95 942
97 99
97 101
97 102
97 300
97 323
97 404
97 353
97 185
97 354
97 97
97 533
97 618
97 640
97 662
99 107
99 99
99 323
99 404
99 353
99 185
99 101
99 290
99 121
99 937
99 640
99 173
101 101
101 404
101 323
101 380
101 353
101 185
101 102
101 233
101 211
101 131
101 354
101 419
101 300
101 155
102 323
102 300
102 412
102 743
102 516
102 405
102 102
102 517
102 812
102 832
104 295
104 394
104 393
104 181
104 377
104 150
104 250
104 288
104 160
104 320
104 283
104 392
104 388
104 104
104 395
104 182
104 387
104 390
104 549
104 155
105 147
105 252
105 249
105 473
105 393
105 121
105 180
105 569
105 283
105 533
105 142
105 161
105 280
105 518
105 203
105 363
105 351
105 236
105 114
105 427
105 366
105 269
105 212
105 154
105 258
105 190
105 506
105 478
105 223
105 233
105 329
105 362
105 155
105 160
105 127
105 296
105 314
105 166
105 282
105 601
105 173
105 288
105 612
105 495
105 115
105 360
105 404
105 105
105 422
105 667
105 153
105 106
105 431
105 748
105 159
105 242
105 327
105 310
105 508
105 199
105 543
105 820
105 419
105 400
105 358
105 367
105 326
105 654
105 129
105 509
105 187
105 550
105 450
105 489
105 492
105 544
105 355
105 859
105 285
105 340
105 453
105 255
105 747
105 589
105 405
105 346
105 333
105 152
105 856
105 375
105 357
105 281
105 184
105 412
105 607
105 170
105 347
105 165
105 215
105 914
106 187
106 189
106 249
106 363
106 405
106 190
106 160
106 188
106 560
106 495
106 551
106 589
106 365
106 147
106 340
106 690
106 283
106 298
106 582
106 114
106 531
106 129
106 329
106 107
106 212
106 614
106 351
106 726
106 155
106 462
106 615
106 254
106 356
106 377
106 242
106 259
106 223
106 549
106 550
106 494
106 221
106 211
106 548
106 132
106 106
106 533
106 400
106 222
106 255
106 253
106 357
106 287
106 717
106 290
106 355
106 184
106 300
106 828
106 279
106 230
106 519
106 642
106 358
106 314
106 518
106 419
106 820
106 373
106 454
106 885
106 282
106 142
106 489
106 486
106 747
106 756
106 278
106 133
106 748
106 641
106 295
106 473
106 979
106 311
106 932
106 353
106 154
106 537
106 280
106 607
106 113
106 367
107 279
107 113
107 114
107 137
107 115
107 161
107 254
107 174
107 300
107 283
107 306
107 153
107 357
107 211
107 404
107 258
107 338
107 494
107 230
107 687
107 356
107 173
107 326
107 355
107 367
107 702
107 453
107 295
107 147
107 249
107 170
107 340
107 280
107 121
107 665
107 748
107 133
107 314
107 164
107 361
107 329
107 405
107 132
107 333
107 166
107 290
107 662
107 375
107 506
107 541
107 769
107 184
107 180
107 296
107 282
107 704
107 450
107 152
107 454
107 255
107 418
107 216
107 318
107 834
107 518
107 428
107 820
107 531
107 187
107 253
107 281
107 366
107 828
107 165
107 221
107 129
107 430
107 601
107 343
107 160
107 362
107 327
107 448
107 400
107 212
107 550
107 131
107 589
107 544
107 489
107 427
107 233
107 642
107 495
107 269
107 393
107 154
107 107
107 162
107 509
107 736
107 747
107 284
107 410
107 252
107 127
107 285
107 209
107 812
107 856
107 401
107 172
107 395
107 142
107 429
107 809
107 690
107 206
107 310
107 236
107 478
107 481
107 319
107 932
107 859
107 954
107 492
107 222
107 963
107 597
107 438
107 726
107 207
107 141
107 468
107 591
107 568
109 366
111 375
111 478
111 258
112 375
112 476
112 357
112 478
112 258
112 112
112 356
112 373
113 114
113 160
113 245
113 151
113 361
113 263
113 318
113 423
113 442
113 333
113 443
113 547
113 250
113 486
113 133
113 527
113 113
113 455
113 438
113 339
113 494
113 485
113 115
113 280
113 301
113 370
113 168
113 725
113 478
113 338
113 329
113 176
113 426
113 177
113 129
113 306
113 232
113 367
113 419
113 914
113 925
113 473
113 971
113 976
113 932
113 983
113 919
113 981
113 165
113 543
113 220
113 556
113 950
114 155
114 333
114 361
114 129
114 263
114 318
114 165
114 365
114 340
114 527
114 245
114 283
114 367
114 531
114 208
114 495
114 137
114 278
114 115
114 326
114 160
114 363
114 212
114 438
114 486
114 114
114 423
114 547
114 339
114 121
114 133
114 443
114 442
114 485
114 166
114 254
114 419
114 464
114 168
114 249
114 329
114 405
114 290
114 211
114 640
114 229
114 338
114 455
114 686
114 152
114 767
114 355
114 255
114 170
114 184
114 307
114 280
114 609
114 366
114 820
114 725
114 426
114 220
114 362
114 533
114 172
114 892
114 655
114 252
114 356
114 300
114 173
114 375
114 925
114 261
114 473
114 971
114 215
114 976
114 919
114 981
114 154
114 895
114 983
114 932
115 212
115 245
115 170
115 165
115 252
115 136
115 336
115 427
115 338
115 337
115 437
115 438
115 251
115 135
115 339
115 249
115 115
115 254
115 302
115 233
115 363
115 282
115 129
115 155
115 280
115 494
115 121
115 455
115 142
115 229
115 166
115 612
115 147
115 404
115 173
115 513
115 366
115 184
115 370
115 548
115 373
115 261
115 301
115 160
115 443
115 333
115 533
115 753
115 492
115 816
115 453
115 361
115 531
115 860
115 367
115 340
115 283
115 263
115 460
115 615
115 442
115 820
115 812
115 486
115 900
115 405
115 208
115 172
115 232
115 318
115 422
115 644
115 914
115 355
115 883
115 387
115 153
115 978
115 932
115 152
115 987
115 473
119 427
119 229
119 165
119 816
119 261
119 753
119 333
119 455
119 980
121 252
121 282
121 283
121 212
121 186
121 233
121 209
121 121
121 393
121 427
121 142
121 174
121 152
121 137
121 533
121 612
121 249
121 362
121 127
121 468
121 531
121 642
121 130
121 296
121 129
121 187
121 278
121 665
121 161
121 217
121 180
121 211
121 230
121 489
121 462
121 153
121 355
121 404
121 269
121 367
121 495
121 147
121 285
121 366
121 189
121 792
121 453
121 820
121 132
121 219
121 290
121 423
121 550
121 544
121 767
121 552
121 543
121 281
121 222
121 221
121 357
121 223
121 518
121 714
121 184
121 326
121 405
121 143
121 661
121 401
121 165
121 280
121 203
121 601
121 345
121 340
121 329
121 856
121 365
121 796
121 173
121 333
121 160
121 199
121 375
121 191
121 548
121 228
121 438
121 747
121 540
121 168
121 172
121 426
121 261
121 232
121 308
121 432
121 356
121 306
121 647
121 748
121 245
121 568
121 236
121 242
121 828
121 726
121 759
121 151
121 353
121 890
121 190
121 288
121 520
121 395
121 478
121 338
121 318
121 654
121 255
121 253
121 263
121 154
121 166
121 301
121 752
121 144
121 615
121 300
121 492
121 363
121 513
121 373
121 594
121 254
121 651
121 131
121 494
121 859
121 215
121 963
121 208
121 425
121 473
121 419
121 433
122 191
122 122
122 180
122 347
122 351
122 377
122 130
122 262
122 349
122 167
122 397
122 150
122 515
122 156
122 468
122 168
126 211
126 635
126 286
126 300
126 126
126 586
126 552
126 208
126 137
126 271
126 408
126 723
126 138
126 698
126 174
126 209
126 405
126 638
126 173
126 812
126 131
126 285
127 129
127 130
127 318
127 189
127 491
127 435
127 160
127 259
127 166
127 377
127 227
127 184
127 533
127 613
129 270
129 278
129 280
129 294
129 168
129 365
129 249
129 450
129 172
129 486
129 600
129 585
129 572
129 413
129 211
129 363
129 495
129 329
129 165
129 343
129 568
129 130
129 180
129 173
129 290
129 401
129 129
129 542
129 426
129 133
129 232
129 440
129 292
129 291
129 377
129 296
129 714
129 351
129 254
129 544
129 623
129 212
129 405
129 802
129 275
129 346
129 367
129 543
129 160
129 176
129 308
129 418
129 515
129 186
129 548
129 438
129 340
129 611
129 694
129 615
129 464
129 137
129 840
129 362
129 399
129 489
129 813
129 557
129 166
129 283
129 333
129 422
129 419
129 425
129 820
129 285
129 576
129 203
129 460
129 353
129 162
129 563
129 286
129 482
129 187
129 430
129 188
129 184
129 221
129 909
129 208
129 142
129 922
129 473
129 161
129 992
129 748
129 282
129 533
129 484
129 932
130 180
130 280
130 191
130 130
130 408
130 172
130 426
130 278
130 160
130 345
130 155
130 692
130 401
130 568
130 776
130 257
130 351
130 425
130 167
130 377
130 290
130 621
130 277
130 388
130 284
131 132
131 271
131 131
131 366
131 717
131 211
131 282
131 481
131 809
131 142
131 586
131 832
131 160
131 738
131 281
131 209
131 249
131 283
131 305
131 949
131 612
131 859
131 950
131 252
131 422
131 208
131 552
131 212
131 932
131 285
131 698
131 455
131 683
131 373
131 604
131 419
131 963
132 132
132 285
132 271
132 252
132 166
132 283
132 305
132 211
132 282
132 552
132 160
132 481
132 236
132 809
132 807
132 489
132 599
132 242
132 142
132 249
132 366
132 738
132 208
132 217
132 518
132 258
132 405
132 301
132 949
132 194
132 152
132 859
133 143
133 167
133 307
133 399
133 400
133 133
133 401
133 232
133 291
133 284
133 206
133 402
133 165
133 280
133 557
133 160
133 568
133 170
133 531
133 445
133 308
133 155
133 309
133 340
133 367
133 365
133 426
133 168
133 134
133 333
133 172
133 464
133 292
133 544
133 346
133 450
133 362
133 166
133 681
133 820
133 405
133 373
133 377
133 162
133 419
133 208
133 971
133 337
133 361
133 443
133 261
133 482
133 336
133 136
133 135
133 545
133 547
133 283
133 142
133 181
133 600
134 340
134 521
134 482
134 173
134 535
134 373
134 134
134 867
134 366
134 766
135 136
135 336
135 135
135 437
135 165
135 251
135 170
135 337
135 160
135 338
135 339
135 409
135 370
135 361
135 455
135 443
135 860
135 438
135 914
136 336
136 170
136 165
136 337
136 251
136 464
136 437
136 455
136 361
136 160
136 338
136 151
136 339
136 136
136 820
136 438
137 138
137 137
137 175
137 174
137 208
137 254
137 281
137 365
137 520
137 286
137 301
137 685
137 635
137 285
137 408
137 211
137 412
137 665
137 305
137 481
137 815
137 160
137 552
137 329
137 355
137 255
137 166
137 194
137 859
137 809
137 271
137 880
137 812
137 252
137 249
137 155
137 901
137 209
137 272
137 679
137 877
137 164
137 298
137 982
137 283
138 286
138 211
138 481
138 409
138 160
138 520
138 305
138 408
138 815
138 285
138 809
138 698
138 412
138 685
138 252
138 301
138 880
138 921
140 446
140 447
140 448
140 429
140 269
140 174
140 322
140 164
140 428
140 334
140 461
140 216
140 644
140 282
140 592
140 617
140 272
140 819
140 274
140 160
140 166
140 140
140 812
140 541
140 209
140 301
140 409
140 735
141 142
141 332
141 430
141 359
141 506
141 498
141 362
141 566
141 674
141 510
141 249
141 494
141 161
141 729
141 499
141 213
141 141
141 266
141 265
141 306
141 365
141 438
141 327
141 166
141 569
141 661
141 555
141 608
141 358
141 360
141 293
141 431
141 488
141 232
141 160
141 500
141 502
141 533
141 451
141 573
141 856
141 525
141 407
141 672
141 957
141 204
141 913
141 601
141 473
141 922
142 355
142 248
142 187
142 283
142 254
142 576
142 450
142 282
142 366
142 665
142 236
142 427
142 153
142 217
142 152
142 667
142 353
142 285
142 172
142 233
142 258
142 160
142 367
142 338
142 820
142 404
142 393
142 508
142 166
142 615
142 340
142 216
142 333
142 357
142 249
142 597
142 184
142 222
142 291
142 375
142 559
142 165
142 589
142 253
142 756
142 828
142 269
142 180
142 856
142 173
142 453
142 147
142 812
142 577
142 143
142 142
142 593
142 418
142 356
142 747
142 494
142 300
142 280
142 191
142 263
142 963
142 212
142 405
142 271
142 560
142 859
142 610
142 783
142 211
142 531
142 296
142 295
142 151
142 932
142 591
142 223
143 143
143 375
143 329
143 484
143 419
143 478
143 340
143 357
143 258
143 328
143 413
143 290
143 325
143 548
143 166
143 160
143 326
143 229
143 172
143 758
143 820
143 482
143 714
143 405
144 254
144 186
144 492
144 212
144 283
144 166
144 433
144 615
144 144
146 147
146 146
146 187
146 779
146 615
146 189
146 549
146 601
146 166
146 177
146 160
146 533
147 249
147 212
147 435
147 152
147 460
147 160
147 189
147 329
147 612
147 615
147 254
147 166
147 533
147 173
147 269
147 233
147 366
147 301
147 513
147 644
147 422
147 377
147 154
147 155
147 932
147 473
147 859
150 150
150 295
150 250
150 393
150 377
150 181
150 541
150 160
150 397
150 381
150 182
150 741
150 388
150 191
150 301
150 820
150 378
150 215
150 155
150 473
150 387
150 390
150 166
151 438
151 427
151 367
151 753
151 361
151 165
151 151
151 170
151 339
151 261
151 263
151 748
151 370
151 655
151 251
151 494
151 816
151 409
152 153
152 433
152 364
152 254
152 186
152 492
152 212
152 404
152 726
152 363
152 288
152 269
152 365
152 333
152 518
152 283
152 255
152 366
152 355
152 249
152 154
152 223
152 211
152 615
152 166
152 160
152 340
152 431
152 548
152 345
152 440
152 612
152 494
152 271
152 187
152 393
152 258
152 395
153 366
153 160
153 282
153 249
153 254
153 212
153 612
153 283
153 155
153 301
153 154
153 615
153 654
153 333
153 856
153 393
153 404
153 427
153 180
153 173
153 820
153 859
153 166
153 494
153 211
153 932
153 984
153 513
153 252
153 422
154 155
154 363
154 393
154 518
154 173
154 533
154 647
154 419
154 269
154 404
154 422
154 412
154 654
154 154
154 513
154 252
154 209
154 375
154 783
154 249
154 820
154 932
154 492
154 333
154 954
154 495
154 236
154 282
154 963
155 213
155 215
155 208
155 284
155 465
155 285
155 512
155 518
155 429
155 393
155 249
155 188
155 520
155 301
155 495
155 223
155 211
155 363
155 209
155 351
155 655
155 337
155 326
155 189
155 615
155 173
155 855
155 269
155 739
155 221
155 181
155 187
155 367
155 541
155 589
155 333
155 486
155 533
155 236
155 593
155 377
155 877
156 180
156 377
156 191
156 645
156 181
156 320
156 349
156 381
156 166
156 160
156 232
156 907
156 345
156 906
156 734
159 233
159 209
159 238
159 235
159 236
159 241
159 242
159 244
159 631
159 159
159 440
159 215
159 820
159 301
159 460
159 166
159 160
159 249
159 252
159 927
159 931
159 963
159 926
160 161
160 187
160 190
160 263
160 405
160 284
160 300
160 362
160 180
160 319
160 338
160 314
160 367
160 377
160 280
160 320
160 478
160 453
160 249
160 165
160 495
160 233
160 393
160 430
160 337
160 336
160 576
160 450
160 361
160 446
160 380
160 258
160 557
160 397
160 283
160 217
160 318
160 401
160 173
160 250
160 242
160 323
160 251
160 352
160 212
160 394
160 748
160 290
160 343
160 641
160 181
160 685
160 298
160 481
160 356
160 482
160 345
160 184
160 189
160 468
160 278
160 340
160 520
160 294
160 282
160 270
160 611
160 486
160 375
160 296
160 681
160 509
160 388
160 541
160 232
160 667
160 236
160 404
160 216
160 349
160 400
160 166
160 428
160 426
160 329
160 672
160 366
160 786
160 292
160 269
160 548
160 164
160 326
160 498
160 448
160 281
160 279
160 820
160 285
160 381
160 170
160 828
160 262
160 333
160 206
160 435
160 286
160 230
160 464
160 690
160 275
160 539
160 188
160 736
160 776
160 306
160 591
160 610
160 351
160 369
160 427
160 410
160 245
160 221
160 592
160 207
160 191
160 327
160 310
160 856
160 832
160 818
160 160
160 209
160 519
160 302
160 550
160 549
160 193
160 552
160 621
160 551
160 559
160 812
160 747
160 882
160 355
160 261
160 195
160 312
160 395
160 353
160 494
160 533
160 601
160 589
160 347
160 892
160 223
160 859
160 168
160 431
160 418
160 582
160 506
160 252
160 308
160 573
160 877
160 724
160 512
160 287
160 454
160 406
160 717
160 471
160 413
160 726
160 501
160 255
160 162
160 205
160 222
160 809
160 906
160 445
160 484
160 676
160 440
160 963
160 821
160 880
160 194
160 423
160 826
160 492
160 339
160 228
160 429
160 857
160 346
161 363
161 569
161 667
161 161
161 530
161 267
161 570
161 351
161 405
161 358
161 314
161 661
161 419
161 707
161 300
161 555
161 265
161 451
161 249
162 288
162 492
162 433
162 393
162 541
162 217
162 190
162 549
162 404
162 249
162 283
162 295
162 323
162 820
162 333
162 253
162 432
162 180
162 482
162 654
162 184
162 195
162 512
162 412
162 427
162 747
162 212
162 468
162 287
162 859
162 181
162 252
162 612
162 405
162 186
162 236
164 216
164 388
164 429
164 174
164 334
164 269
164 164
164 592
164 395
164 272
164 428
164 535
164 446
164 748
164 322
164 448
164 285
164 447
164 533
164 170
164 412
164 735
164 520
164 281
165 166
165 336
165 367
165 337
165 361
165 165
165 363
165 212
165 170
165 280
165 443
165 261
165 482
165 545
165 339
165 364
165 186
165 409
165 725
165 338
165 547
165 340
165 437
165 464
165 254
165 531
165 245
165 251
165 438
165 329
165 167
165 816
165 366
165 550
165 223
165 229
165 365
165 362
165 290
165 249
165 860
165 533
165 820
165 883
165 486
165 900
165 314
165 914
165 220
165 492
165 258
165 333
165 427
165 494
165 753
165 455
165 590
165 978
165 932
166 252
166 404
166 283
166 559
166 282
166 331
166 373
166 742
166 662
166 355
166 431
166 340
166 601
166 168
166 233
166 430
166 223
166 187
166 427
166 249
166 314
166 393
166 191
166 366
166 333
166 576
166 174
166 374
166 353
166 209
166 173
166 820
166 180
166 513
166 269
166 644
166 253
166 453
166 577
166 485
166 856
166 520
166 308
166 506
166 399
166 377
166 880
166 611
166 573
166 194
166 250
166 882
166 518
166 347
166 426
166 221
166 351
166 184
166 786
166 380
166 818
166 405
166 300
166 859
166 641
166 285
166 296
166 422
166 177
166 301
166 172
166 222
166 536
166 950
166 473
166 747
166 212
166 290
166 492
166 756
166 166
166 242
166 320
166 429
166 446
166 181
166 857
167 168
167 280
167 167
167 491
167 199
167 351
167 203
167 204
167 377
167 468
167 749
167 206
167 820
167 182
167 339
167 277
167 655
167 181
167 284
167 232
167 515
167 290
167 292
167 460
167 172
167 257
167 450
167 340
167 453
167 575
167 917
167 918
167 426
167 572
167 908
167 593
167 776
167 205
167 751
167 207
167 296
168 280
168 491
168 515
168 440
168 542
168 346
168 168
168 291
168 450
168 543
168 399
168 278
168 486
168 284
168 172
168 426
168 276
168 292
168 206
168 615
168 585
168 275
168 813
168 203
168 568
168 290
168 820
168 263
168 419
168 533
168 600
168 764
168 494
168 413
168 611
168 484
168 544
168 840
168 301
168 285
168 900
168 822
170 170
170 485
170 438
170 548
170 427
170 437
170 338
170 251
170 339
170 367
170 336
170 337
170 254
170 212
170 261
170 816
170 460
170 495
170 543
170 494
170 229
170 753
170 355
170 255
170 360
170 455
170 280
170 537
170 533
170 875
170 318
170 310
170 301
170 419
170 188
170 979
170 607
170 471
170 442
170 491
170 914
170 473
170 497
170 282
170 860
170 900
170 453
170 513
170 987
170 249
172 413
172 275
172 450
172 172
172 181
172 401
172 219
172 464
172 351
172 585
172 486
172 292
172 280
172 655
172 802
172 377
172 714
172 468
172 207
172 542
172 813
172 426
172 440
172 419
172 820
172 533
172 204
172 734
172 346
172 251
172 295
172 205
172 515
172 482
172 333
172 228
172 180
172 285
172 365
172 249
172 212
173 327
173 518
173 513
173 306
173 340
173 173
173 259
173 549
173 184
173 538
173 325
173 326
173 282
173 535
173 462
173 254
173 400
173 212
173 233
173 269
173 260
173 723
173 301
173 333
173 416
173 249
173 533
173 494
173 405
173 892
173 300
173 748
173 531
173 404
173 651
173 950
173 612
173 932
173 223
173 859
173 366
174 175
174 286
174 174
174 285
174 395
174 685
174 377
174 269
174 199
174 520
174 665
174 281
174 212
174 211
174 254
174 208
174 209
174 405
174 283
174 408
174 282
174 233
174 815
174 363
174 809
174 284
174 250
174 854
174 195
174 880
174 366
174 812
174 252
174 305
174 971
174 932
174 859
174 473
175 252
175 288
175 685
175 665
176 177
176 292
176 381
176 176
176 515
176 486
176 593
176 576
176 450
176 611
176 413
176 333
176 478
176 440
176 501
176 232
176 275
176 181
176 204
176 238
176 318
176 423
177 220
177 381
177 223
177 377
177 380
177 440
177 177
177 229
177 734
177 331
177 515
177 601
177 232
177 413
177 221
177 275
177 297
177 312
177 307
177 215
177 905
177 309
177 533
177 409
180 343
180 351
180 345
180 257
180 278
180 346
180 433
180 349
180 289
180 621
180 191
180 393
180 262
180 348
180 284
180 180
180 681
180 352
180 347
180 277
180 350
180 301
180 644
180 254
180 212
180 249
180 373
180 333
180 533
180 468
180 366
180 615
180 422
180 851
180 907
180 820
180 381
180 601
180 932
180 419
180 950
180 365
180 810
181 182
181 295
181 393
181 181
181 394
181 250
181 377
181 541
181 296
181 291
181 320
181 390
181 219
181 283
181 378
181 388
181 346
181 397
181 380
181 386
181 395
181 381
181 280
181 351
181 869
181 383
181 347
181 947
181 950
182 213
182 499
182 182
182 380
182 295
182 320
182 390
182 391
182 296
182 395
182 381
182 392
182 393
182 394
182 397
182 378
182 283
182 387
182 388
182 250
182 377
182 351
182 308
182 869
182 748
182 872
184 184
184 190
184 298
184 418
184 473
184 627
184 549
184 287
184 188
184 509
184 357
184 513
184 329
184 282
184 536
184 540
184 189
184 409
184 187
184 301
184 314
184 366
184 667
184 249
184 365
184 355
184 747
184 419
184 508
184 422
184 373
184 486
184 678
184 877
184 582
184 405
184 551
184 710
184 311
184 968
184 969
184 971
184 253
184 290
185 353
185 354
185 533
185 323
185 404
185 687
185 618
185 640
185 662
185 709
185 800
186 254
186 492
186 272
186 283
186 363
186 531
186 186
186 654
186 433
186 345
186 533
186 856
186 932
186 450
187 329
187 189
187 222
187 667
187 473
187 550
187 549
187 418
187 679
187 710
187 365
187 405
187 363
187 215
187 494
187 366
187 533
187 249
187 518
187 283
187 300
187 932
188 189
188 282
188 222
188 311
188 667
188 473
188 549
188 418
188 508
188 679
188 710
188 495
188 363
188 215
188 366
188 533
188 518
188 486
188 971
189 454
189 473
189 549
189 287
189 690
189 745
189 582
189 667
189 550
189 215
189 418
189 311
189 225
189 508
189 679
189 710
189 314
189 533
189 377
189 726
189 190
189 253
189 453
189 312
189 255
189 460
189 519
189 747
189 627
189 537
189 818
189 465
189 540
189 551
189 536
189 911
189 222
189 189
189 786
189 941
189 509
189 301
189 966
190 509
190 296
190 418
190 494
190 533
190 473
190 549
190 311
190 409
190 366
190 971
190 329
190 282
191 191
191 277
191 262
191 343
191 345
191 346
191 347
191 348
191 349
191 350
191 284
191 351
191 278
191 352
191 207
191 511
191 681
191 528
191 365
191 283
191 824
191 839
191 851
191 857
191 494
191 601
191 903
191 282
191 907
191 645
191 212
193 193
193 194
193 832
193 685
193 195
193 826
193 412
193 252
193 859
193 408
193 845
193 812
193 803
194 194
194 195
194 412
194 408
194 238
194 685
194 281
194 826
194 832
194 803
194 586
194 208
194 211
194 533
194 305
194 815
194 373
194 300
194 252
194 405
194 859
194 698
195 195
195 412
195 208
195 533
195 305
195 281
195 211
195 738
195 826
195 832
195 803
195 286
195 520
195 809
195 586
195 516
195 517
195 552
195 252
195 859
199 199
199 203
199 204
199 206
199 207
199 677
199 776
199 377
199 296
199 820
199 399
199 593
199 338
199 419
199 205
199 258
199 288
199 301
199 917
199 918
199 908
199 280
199 278
203 280
203 495
203 377
203 296
203 294
203 351
203 206
203 548
203 820
203 291
203 776
203 284
203 277
203 249
203 204
204 377
204 232
204 204
204 350
204 820
204 206
204 776
204 593
204 280
204 283
204 205
204 917
204 918
204 533
204 908
205 593
205 820
205 206
205 557
205 917
205 925
205 498
205 908
205 922
205 955
206 346
206 294
206 793
206 206
206 352
206 280
206 820
206 291
206 593
206 776
206 207
206 786
206 440
206 852
206 290
206 515
206 232
206 292
206 307
206 284
206 588
206 751
206 908
206 917
206 918
206 426
206 277
206 575
207 207
207 820
207 409
207 917
207 918
207 908
207 377
207 343
208 208
208 481
208 211
208 285
208 495
208 329
208 281
208 635
208 520
208 698
208 552
208 363
208 738
208 809
208 815
208 820
208 599
208 249
208 236
208 408
208 685
208 812
208 305
208 930
209 233
209 236
209 209
209 238
209 235
209 241
209 242
209 244
209 211
209 283
209 319
209 494
209 301
209 631
209 365
209 282
209 543
209 300
209 637
209 639
209 271
209 812
209 541
209 252
209 518
209 285
209 286
209 601
209 909
209 249
209 845
209 924
209 963
209 977
209 599
211 285
211 363
211 481
211 305
211 286
211 211
211 495
211 552
211 281
211 611
211 612
211 560
211 338
211 301
211 249
211 269
211 661
211 304
211 738
211 755
211 252
211 236
211 212
211 329
211 636
211 809
211 419
211 586
211 698
211 271
211 408
211 365
211 364
211 340
211 582
211 842
211 518
211 604
211 450
211 355
211 255
211 464
211 599
211 506
211 238
211 215
211 308
211 462
211 455
211 430
211 283
211 402
211 683
211 489
211 734
211 764
211 258
211 405
211 807
211 654
211 473
211 460
211 859
211 412
211 949
211 375
211 290
211 333
211 513
211 845
211 924
211 932
211 254
212 249
212 252
212 282
212 509
212 364
212 357
212 508
212 462
212 329
212 355
212 367
212 233
212 283
212 393
212 340
212 269
212 550
212 576
212 589
212 296
212 223
212 544
212 450
212 255
212 408
212 489
212 642
212 549
212 492
212 531
212 365
212 288
212 612
212 405
212 404
212 363
212 453
212 665
212 820
212 518
212 494
212 431
212 422
212 856
212 253
212 427
212 932
212 333
212 859
212 212
212 726
212 641
213 320
213 360
213 473
213 247
213 499
213 608
213 359
213 407
213 707
213 498
213 265
213 332
213 358
213 213
213 558
213 533
213 957
213 720
213 573
213 266
213 525
213 700
213 503
213 956
213 913
215 295
215 341
215 309
215 215
215 311
215 222
215 262
215 650
215 363
215 223
215 248
215 313
215 297
215 227
215 283
215 756
215 400
215 690
215 589
215 541
215 549
215 221
215 314
215 495
215 560
215 296
215 820
215 511
215 747
215 220
215 717
215 255
215 366
215 249
215 306
215 905
215 301
215 494
215 331
215 408
215 377
215 460
215 812
215 225
215 340
215 347
215 440
216 216
216 269
216 446
216 448
216 428
216 429
216 272
216 274
216 592
216 254
216 509
216 461
216 971
216 301
217 288
217 432
217 433
217 366
217 612
217 654
217 282
217 431
217 521
217 340
217 886
217 812
217 404
219 377
219 232
219 222
219 314
219 280
219 309
220 223
220 377
220 220
221 309
221 222
221 549
221 745
221 314
221 283
221 225
221 312
221 310
221 223
221 468
221 249
221 647
221 248
221 313
221 485
221 317
221 419
221 405
221 537
221 280
221 282
221 560
222 341
222 309
222 513
222 690
222 249
222 560
222 227
222 331
222 310
222 312
222 223
222 314
222 225
222 495
222 400
222 365
222 222
222 253
222 748
222 311
222 255
222 519
222 282
222 543
222 494
222 905
222 911
222 696
222 315
222 301
222 810
222 537
222 607
223 309
223 223
223 330
223 560
223 366
223 282
223 331
223 314
223 495
223 225
223 317
223 655
223 758
223 313
223 612
223 518
223 365
223 228
223 468
223 311
223 756
225 311
225 282
225 225
225 312
225 314
225 409
225 331
225 283
225 301
225 756
225 494
225 460
225 309
227 227
227 254
227 405
227 495
227 253
227 756
227 519
227 377
227 537
227 932
228 377
228 495
228 482
228 253
228 280
228 301
228 519
228 312
228 314
228 450
228 309
229 229
229 560
229 338
229 387
229 489
229 721
229 513
229 536
229 366
229 494
230 230
230 375
230 282
230 898
230 920
230 333
230 366
230 283
230 533
232 232
232 537
232 556
232 284
232 557
232 277
232 280
232 380
232 440
232 515
232 320
232 312
232 473
232 707
232 426
232 265
232 266
232 820
232 498
232 499
232 501
232 358
232 608
232 804
232 484
232 525
232 263
232 575
232 611
232 413
232 275
232 294
232 840
232 450
232 872
232 939
232 397
232 292
232 291
232 971
232 576
232 241
232 486
232 918
233 235
233 236
233 238
233 241
233 242
233 244
233 252
233 288
233 404
233 637
233 460
233 586
233 612
233 254
233 366
233 282
233 494
233 601
233 433
233 654
233 233
233 828
233 333
233 932
235 236
235 238
235 610
235 244
235 319
235 242
235 252
235 930
235 963
235 971
235 360
236 238
236 244
236 319
236 363
236 269
236 241
236 236
236 249
236 533
236 242
236 930
236 963
236 932
236 252
238 244
238 622
238 238
238 241
238 412
238 506
238 440
238 758
238 302
238 242
238 601
238 252
238 930
238 931
238 963
238 498
238 499
238 700
238 525
241 242
241 440
241 499
241 592
241 498
241 244
241 252
241 241
241 963
241 927
242 242
242 533
242 879
242 927
242 926
242 599
242 963
242 977
244 244
244 301
244 409
244 615
244 460
244 252
244 810
244 963
244 422
245 318
245 263
245 361
245 245
245 486
245 333
245 443
245 455
245 370
245 326
245 339
245 485
245 725
245 338
245 442
245 547
245 423
245 426
245 686
245 301
245 337
245 405
245 365
245 367
245 976
245 981
245 329
245 925
247 525
247 506
247 661
247 267
247 566
247 700
247 707
247 570
247 358
247 498
248 301
248 260
248 259
248 341
248 612
248 297
248 696
248 366
248 317
248 282
248 422
248 330
248 549
248 309
248 311
249 255
249 363
249 430
249 355
249 283
249 607
249 506
249 301
249 365
249 569
249 404
249 405
249 351
249 495
249 327
249 462
249 577
249 530
249 518
249 460
249 473
249 280
249 672
249 438
249 661
249 427
249 820
249 362
249 419
249 533
249 856
249 353
249 282
249 310
249 356
249 329
249 543
249 440
249 377
249 531
249 258
249 367
249 401
249 550
249 489
249 464
249 278
249 589
249 431
249 340
249 333
249 357
249 366
249 615
249 642
249 253
249 249
249 505
249 296
249 393
249 407
249 654
249 954
249 747
249 252
249 286
249 859
249 541
249 932
249 513
249 548
249 833
249 388
249 950
250 295
250 393
250 377
250 394
250 250
250 395
250 610
250 495
250 296
250 351
250 320
250 741
250 387
250 390
251 336
251 251
251 438
251 340
251 339
251 437
251 455
251 338
251 370
251 443
251 860
251 361
251 914
251 971
251 900
252 288
252 305
252 304
252 302
252 369
252 408
252 269
252 412
252 338
252 254
252 615
252 281
252 859
252 520
252 845
252 533
252 685
252 285
252 854
252 272
252 252
252 404
252 286
252 880
252 481
252 271
252 924
252 832
252 812
252 738
252 333
252 518
252 826
252 809
252 932
252 283
252 949
252 601
252 611
252 661
252 654
252 803
252 552
252 740
252 494
252 282
252 419
252 427
253 282
253 366
253 373
253 405
253 259
253 315
253 258
253 607
253 615
253 333
253 283
253 418
253 932
253 509
253 419
254 282
254 492
254 665
254 651
254 345
254 340
254 531
254 642
254 453
254 393
254 296
254 329
254 427
254 367
254 404
254 269
254 495
254 462
254 355
254 255
254 290
254 445
254 285
254 283
254 366
254 254
254 859
254 820
254 932
254 518
254 433
255 471
255 363
255 255
255 712
255 610
255 314
255 607
255 453
255 282
255 355
255 329
255 295
255 365
255 366
255 312
255 405
255 300
255 545
255 419
255 284
255 694
255 283
255 472
255 932
257 278
257 425
257 426
257 544
257 284
257 450
257 401
257 291
257 377
257 568
257 543
258 329
258 375
258 258
258 402
258 410
258 357
258 365
258 478
258 356
258 476
258 328
258 477
258 559
258 831
258 454
258 468
258 802
258 282
258 932
258 347
258 1003
259 260
259 400
259 259
259 297
259 327
259 519
259 818
259 536
259 508
259 509
259 537
260 400
260 297
260 325
260 336
260 508
260 311
260 331
260 509
260 950
260 260
261 427
261 367
261 438
261 339
261 753
261 261
261 455
261 655
261 333
261 361
261 486
261 443
261 494
261 980
261 437
261 986
262 262
262 402
262 349
262 278
262 814
262 533
262 347
262 511
262 377
262 907
262 903
262 345
262 301
263 263
263 423
263 485
263 361
263 333
263 527
263 443
263 318
263 442
263 455
263 419
263 547
263 367
263 438
263 338
263 686
263 486
263 280
263 426
263 290
263 405
263 300
263 897
263 531
263 301
263 283
263 274
263 976
263 925
263 919
263 981
265 267
265 451
265 525
265 266
265 608
265 707
265 359
265 265
265 407
265 360
265 498
265 570
265 533
265 674
265 500
265 856
265 804
265 661
265 440
265 555
265 957
265 503
266 565
266 533
266 266
266 720
266 267
266 608
266 440
266 498
266 804
266 358
266 555
266 525
266 407
266 500
266 950
267 498
267 267
267 570
267 608
267 674
267 661
267 700
267 707
267 359
269 288
269 446
269 274
269 429
269 447
269 448
269 592
269 334
269 322
269 269
269 272
269 657
269 428
269 365
269 533
269 282
269 404
269 301
269 461
269 810
269 820
269 333
269 615
269 617
269 422
269 735
269 644
269 300
269 933
269 513
269 859
269 932
269 473
270 280
270 611
270 515
270 486
270 426
270 419
270 278
271 272
271 366
271 717
271 737
271 271
271 481
271 448
271 285
271 305
271 412
271 809
271 698
271 738
271 552
271 408
271 528
271 859
271 589
271 333
271 301
271 518
271 455
271 304
271 283
271 949
271 281
271 282
271 400
271 323
271 513
272 448
272 309
272 290
272 584
272 461
272 513
272 274
272 592
272 272
272 322
272 563
272 462
272 409
272 665
272 428
272 651
272 612
272 310
272 429
272 447
272 617
272 334
272 710
272 446
272 422
272 812
274 592
274 428
274 334
274 340
274 448
274 405
274 549
274 678
274 429
275 276
275 440
275 450
275 542
275 515
275 413
275 275
275 835
275 813
275 511
275 840
275 426
276 549
276 295
276 301
276 426
276 276
276 568
276 401
276 560
277 277
277 284
277 296
277 289
277 377
277 280
277 515
277 971
277 621
278 343
278 278
278 409
278 405
278 486
278 611
278 621
278 548
278 351
278 284
278 301
278 722
278 345
278 363
278 681
278 365
278 908
278 377
278 292
278 280
278 495
278 347
279 279
279 333
280 289
280 290
280 291
280 284
280 292
280 363
280 464
280 574
280 280
280 377
280 450
280 494
280 409
280 655
280 426
280 813
280 533
280 282
280 430
280 373
280 351
280 367
280 820
280 296
280 340
280 336
280 333
280 294
280 362
280 419
280 572
280 515
280 734
280 575
280 486
280 405
280 388
280 543
280 822
280 556
280 440
280 922
280 283
280 473
280 909
281 281
281 552
281 408
281 285
281 520
281 698
281 738
281 286
281 301
281 685
281 305
281 412
281 845
281 683
281 615
281 718
281 494
281 481
281 949
281 333
281 880
281 859
281 932
282 283
282 559
282 589
282 355
282 518
282 366
282 427
282 586
282 318
282 509
282 288
282 662
282 726
282 373
282 375
282 690
282 401
282 290
282 357
282 665
282 531
282 393
282 560
282 745
282 333
282 572
282 405
282 577
282 404
282 340
282 596
282 612
282 597
282 588
282 494
282 687
282 747
282 641
282 880
282 478
282 311
282 464
282 820
282 856
282 356
282 812
282 300
282 533
282 932
283 363
283 295
283 308
283 365
283 373
283 283
283 366
283 494
283 589
283 288
283 495
283 601
283 380
283 390
283 392
283 394
283 296
283 395
283 377
283 752
283 594
283 393
283 351
283 388
283 518
283 577
283 492
283 405
283 748
283 355
283 559
283 314
283 329
283 362
283 820
283 758
283 333
283 378
283 320
283 367
283 300
283 426
283 356
283 318
283 290
283 548
283 932
283 453
283 387
283 560
283 726
284 377
284 351
284 284
284 301
284 749
284 292
284 734
284 296
284 621
284 681
284 511
284 642
284 472
284 971
285 286
285 305
285 552
285 533
285 408
285 520
285 285
285 635
285 698
285 683
285 774
285 412
285 426
285 738
285 481
285 809
285 301
285 302
285 586
285 304
285 486
285 366
285 812
285 854
285 921
285 685
285 949
285 840
285 425
285 401
286 286
286 635
286 408
286 305
286 520
286 329
286 481
286 815
286 685
286 880
286 486
286 738
286 859
286 412
286 410
287 800
287 298
287 549
287 536
287 418
287 509
287 494
288 433
288 432
288 654
288 549
288 756
288 431
288 613
288 405
288 333
288 288
288 758
288 295
288 296
288 506
288 550
289 425
289 401
289 482
290 290
290 419
290 484
290 563
290 567
290 568
290 495
290 572
290 584
290 329
290 357
290 494
290 694
290 340
290 822
290 356
290 531
290 437
290 295
290 426
290 533
290 405
290 892
290 366
290 301
290 294
290 515
290 291
291 291
291 346
291 450
291 294
291 543
291 542
291 464
292 543
292 486
292 377
292 611
292 409
292 515
292 426
292 292
292 450
292 295
292 950
292 822
292 484
292 953
293 362
293 293
293 506
293 530
293 498
293 374
293 365
293 360
293 525
293 856
293 661
294 346
294 294
294 301
294 425
294 401
294 377
294 543
294 931
294 572
295 296
295 378
295 380
295 381
295 382
295 383
295 386
295 387
295 388
295 390
295 391
295 392
295 393
295 394
295 395
295 397
295 398
295 377
295 320
295 295
295 308
295 331
295 314
295 472
295 576
295 450
295 560
295 471
295 486
295 311
295 521
295 585
295 317
295 341
295 943
295 313
295 932
295 947
295 717
296 296
296 393
296 387
296 377
296 390
296 363
296 380
296 397
296 351
296 395
296 610
296 405
296 495
296 392
296 388
296 320
296 644
296 810
296 378
296 494
296 473
296 932
296 607
296 419
296 549
297 696
297 341
297 309
297 905
297 311
298 685
298 536
298 507
298 551
298 549
298 812
298 473
298 301
300 355
300 638
300 419
300 405
300 312
300 314
300 300
300 828
300 489
300 329
300 748
300 531
300 323
300 892
300 889
300 475
300 642
300 495
300 739
300 367
300 460
300 662
301 362
301 651
301 511
301 301
301 337
301 428
301 597
301 655
301 314
301 502
301 453
301 473
301 686
301 857
301 621
301 445
301 818
301 404
301 429
301 641
301 327
301 810
301 482
301 393
301 312
301 357
301 690
301 307
301 809
301 747
301 596
301 375
301 953
301 446
301 930
301 963
301 340
301 856
301 356
301 311
301 931
301 926
301 423
301 820
302 455
302 333
302 438
302 304
302 419
302 302
302 533
302 809
304 304
304 369
304 809
304 599
304 405
304 455
304 971
305 552
305 412
305 305
305 408
305 698
305 738
305 520
305 409
305 685
305 809
305 528
305 481
305 815
305 718
305 845
305 366
305 516
305 517
305 683
305 489
305 604
305 494
305 949
305 880
306 306
306 723
306 326
306 538
306 409
306 825
306 511
306 858
306 426
306 533
306 509
306 325
306 400
306 327
306 329
306 550
306 549
306 612
306 366
306 478
306 373
307 307
307 347
307 588
307 537
307 310
307 317
307 314
307 872
307 696
307 971
308 308
308 320
308 393
308 438
308 462
308 494
308 430
308 405
308 880
308 390
309 341
309 309
309 612
309 400
309 495
309 311
309 511
309 905
309 549
309 615
309 310
309 312
309 313
309 314
309 872
309 317
310 317
310 340
310 445
310 313
310 365
310 494
310 314
310 533
310 366
310 932
311 341
311 612
311 678
311 312
311 756
311 494
311 905
311 366
311 373
312 377
312 366
312 317
312 314
312 841
312 494
313 313
313 317
313 560
313 623
314 317
314 418
314 314
314 405
314 363
314 340
314 365
314 726
314 764
314 892
314 495
314 507
314 872
315 495
315 519
315 537
317 366
317 485
318 486
318 527
318 494
318 333
318 361
318 455
318 443
318 318
318 442
318 547
318 423
318 485
318 370
318 326
318 338
318 482
318 426
318 409
318 375
318 367
318 615
318 725
318 976
318 981
318 925
319 319
319 963
320 393
320 381
320 394
320 351
320 616
320 377
320 397
320 320
320 593
320 350
320 391
320 734
320 349
320 440
320 868
320 533
320 390
320 333
320 380
320 947
322 334
322 735
322 592
322 533
322 322
322 794
322 461
322 429
322 446
322 448
322 447
322 676
322 428
322 933
323 323
323 404
323 353
323 354
323 447
323 533
323 618
323 640
323 662
323 654
325 327
325 549
325 409
325 340
325 325
325 509
325 400
325 508
325 962
325 971
325 945
325 478
325 326
326 538
326 409
326 543
326 533
326 923
326 326
326 549
326 932
326 327
326 473
327 416
327 473
327 327
327 486
327 820
327 894
327 328
327 400
327 945
328 329
328 375
328 494
328 478
328 560
328 331
328 328
328 514
328 357
328 460
329 410
329 375
329 356
329 357
329 478
329 495
329 363
329 638
329 419
329 568
329 367
329 351
329 405
329 329
329 652
329 477
329 476
329 355
329 576
329 450
329 560
329 514
329 486
329 340
329 365
329 333
329 473
330 556
330 330
330 455
330 860
330 438
331 358
331 362
331 764
331 464
331 707
331 482
331 340
331 615
331 856
332 406
332 358
332 499
332 720
332 500
332 502
332 407
332 505
332 506
332 525
332 707
332 700
332 498
332 836
332 608
332 359
332 971
333 455
333 333
333 443
333 370
333 361
333 442
333 423
333 485
333 527
333 547
333 492
333 460
333 393
333 609
333 427
333 340
333 531
333 601
333 654
333 820
333 366
333 533
333 404
333 615
333 486
333 405
333 895
333 438
333 518
333 925
333 422
333 919
333 950
333 355
333 577
333 516
333 419
333 471
333 641
333 517
333 627
333 652
333 736
333 976
333 932
333 981
333 984
333 473
333 367
333 983
334 592
334 334
334 448
334 429
334 446
334 447
334 933
336 337
336 338
336 339
336 419
336 400
336 560
336 409
336 438
336 485
336 820
336 336
336 971
336 883
336 816
336 437
336 860
337 338
337 337
337 339
337 437
337 438
337 511
337 419
337 548
337 367
337 464
337 883
337 860
338 438
338 638
338 724
338 437
338 365
338 339
338 367
338 485
338 455
338 464
338 900
338 860
338 338
338 914
338 932
338 987
338 409
339 455
339 339
339 547
339 361
339 340
339 443
339 725
339 370
339 482
339 438
339 427
339 464
339 437
339 818
339 987
339 883
339 860
340 482
340 340
340 521
340 531
340 464
340 450
340 638
340 513
340 419
340 766
340 535
340 494
340 547
340 405
340 367
340 497
340 548
340 438
340 811
340 612
340 848
340 445
340 593
340 491
340 892
340 867
340 654
340 375
340 934
340 922
340 932
340 473
341 560
343 343
343 345
343 681
343 350
343 820
343 971
345 351
345 346
345 681
345 352
345 350
345 345
346 346
346 820
346 511
346 351
346 352
346 409
347 352
347 347
347 814
347 349
347 377
347 681
347 612
347 460
348 349
349 402
349 349
349 907
349 644
350 572
350 377
350 352
350 351
350 350
350 593
350 681
350 822
350 861
350 533
350 939
350 851
351 363
351 377
351 351
351 495
351 364
351 365
351 352
351 518
351 575
351 734
351 419
352 681
352 377
352 352
352 851
353 354
353 404
353 687
353 618
353 662
353 709
353 353
353 828
353 640
353 796
353 486
353 365
353 592
353 935
353 937
354 354
354 404
355 365
355 518
355 355
355 638
355 405
355 472
355 356
355 856
355 654
355 513
355 932
355 473
356 357
356 375
356 356
356 638
356 478
356 612
356 405
356 410
356 509
356 362
356 366
356 549
356 828
356 486
356 419
357 454
357 375
357 357
357 478
357 404
357 589
357 568
357 615
357 486
357 409
358 499
358 569
358 407
358 406
358 566
358 525
358 502
358 573
358 500
358 805
358 503
358 729
358 505
358 358
358 707
358 498
358 374
358 530
358 510
358 608
358 700
358 560
358 506
358 913
358 501
358 856
359 360
359 558
359 498
359 533
359 359
359 502
359 608
359 570
359 707
359 672
359 499
359 569
359 525
359 700
360 569
360 498
360 430
360 360
360 570
360 451
360 533
360 971
360 495
360 549
361 443
361 370
361 547
361 560
361 361
361 455
361 437
361 367
361 533
361 438
361 971
361 976
361 981
361 423
362 498
362 362
362 365
362 506
362 401
362 405
362 569
362 430
362 518
362 549
362 533
362 820
362 856
362 661
362 560
362 486
362 488
362 473
362 956
363 364
363 365
363 495
363 367
363 531
363 661
363 518
363 508
363 422
363 577
363 560
364 433
365 506
365 495
365 365
365 589
365 430
365 530
365 405
365 802
365 401
365 489
365 451
365 672
365 438
365 531
365 419
365 377
365 820
365 486
365 833
365 569
365 440
365 607
365 513
365 548
366 366
366 577
366 367
366 758
366 662
366 531
366 445
366 518
366 820
366 521
366 494
366 443
366 440
366 856
366 859
366 512
366 404
366 537
366 812
366 886
366 690
366 950
366 506
366 747
366 387
366 596
367 427
367 438
367 655
367 757
367 495
367 405
367 367
367 748
367 419
367 892
367 531
367 486
367 375
367 932
367 980
367 473
370 547
370 455
370 423
370 725
370 442
370 427
370 443
370 414
373 714
373 373
373 508
373 528
373 552
373 515
373 481
373 563
373 812
373 404
374 374
374 502
374 499
374 500
374 501
374 503
374 406
374 407
374 505
374 506
374 856
375 455
375 475
375 375
375 476
375 477
375 478
375 577
375 679
375 494
375 889
375 860
375 405
375 514
375 756
377 393
377 377
377 378
377 394
377 495
377 572
377 593
377 494
377 390
377 734
377 450
377 402
377 468
377 548
377 491
377 380
377 381
377 382
377 383
377 386
377 387
377 388
377 391
377 392
377 395
377 397
377 398
377 575
377 621
377 741
377 659
377 764
377 464
377 748
377 907
377 872
377 851
377 918
377 776
377 959
377 960
377 745
377 961
377 486
377 839
377 577
377 947
378 393
378 378
378 491
378 387
378 388
378 397
378 390
380 380
380 680
380 440
380 539
380 391
380 393
380 397
380 387
380 390
380 537
380 381
381 393
381 397
381 381
381 548
381 515
381 391
381 394
381 948
381 387
381 390
381 686
382 393
383 383
386 393
386 560
387 393
387 387
387 392
387 485
387 390
387 394
387 395
387 388
387 667
387 950
388 393
388 388
388 394
388 390
390 393
390 395
390 397
390 390
390 491
390 391
390 756
390 438
390 409
390 394
390 392
391 393
391 776
391 971
391 391
391 426
392 393
392 392
392 588
392 528
393 393
393 394
393 395
393 397
393 612
393 533
393 761
393 810
393 433
393 615
393 422
393 950
393 947
393 932
393 473
393 607
394 486
394 394
394 397
394 537
394 947
395 395
395 494
395 557
395 908
397 632
397 397
397 869
397 841
397 537
399 542
399 401
399 813
399 440
399 450
399 543
400 560
400 400
400 678
400 589
400 690
400 971
400 509
401 621
401 425
401 568
401 401
401 426
401 714
401 542
401 600
401 430
401 543
401 835
401 712
401 873
401 874
401 574
401 791
401 533
401 971
402 402
404 422
404 404
404 654
404 612
404 640
404 618
404 662
404 709
404 615
404 412
404 533
404 601
404 586
404 494
404 937
404 963
404 518
404 687
404 932
404 950
404 473
405 495
405 748
405 489
405 642
405 796
405 405
405 773
405 456
405 548
405 433
405 828
405 519
405 498
405 541
405 438
405 531
405 758
405 601
405 889
405 891
405 892
405 856
405 543
405 419
405 537
405 518
406 499
406 525
406 407
406 502
406 503
406 505
406 506
406 608
406 500
406 501
406 720
406 672
406 498
406 533
406 406
406 971
407 499
407 525
407 502
407 503
407 505
407 506
407 566
407 498
407 786
407 494
407 856
408 408
408 516
408 517
408 520
408 412
408 552
408 586
408 489
408 533
408 685
408 462
408 845
408 832
408 826
408 880
408 993
408 473
408 859
409 409
409 418
409 450
409 448
409 443
409 428
409 590
409 447
409 497
409 515
409 464
409 555
409 710
409 800
409 945
409 776
409 506
409 667
410 486
412 412
412 683
412 809
412 803
412 698
412 520
412 738
412 586
412 826
412 552
412 665
412 832
412 820
412 888
412 859
412 812
412 481
412 921
412 971
412 615
412 845
412 685
412 991
412 473
413 440
413 542
413 450
413 515
413 813
413 714
413 413
413 840
413 426
414 415
414 414
414 449
414 603
414 605
414 645
414 443
415 852
416 971
418 582
418 473
418 747
418 549
418 509
418 508
418 710
419 542
419 450
419 652
419 482
419 460
419 419
419 495
419 497
419 445
419 655
419 473
419 591
419 468
419 848
419 828
419 607
419 489
419 531
419 714
419 611
419 462
419 642
419 932
422 601
422 518
422 615
422 427
422 533
422 820
422 950
422 513
422 473
422 819
423 455
423 423
423 485
423 438
423 443
423 426
423 482
423 971
423 976
423 981
423 527
423 925
423 442
423 547
423 892
425 426
425 425
425 513
425 714
425 567
425 543
425 568
425 621
425 873
425 874
425 430
425 835
425 574
425 791
426 426
426 621
426 568
426 450
426 486
426 440
426 572
426 840
426 518
426 714
426 956
427 615
427 438
427 655
427 427
427 651
427 460
427 612
427 431
427 443
427 950
427 980
427 932
427 473
428 429
428 446
428 447
428 676
428 461
428 592
428 651
428 448
428 428
428 812
429 447
429 448
429 592
429 461
429 429
429 446
429 933
430 498
430 672
430 430
430 506
430 674
430 569
430 543
430 462
430 565
430 533
430 856
430 486
430 501
430 971
430 956
431 756
431 433
431 431
432 433
433 433
435 435
435 647
435 533
435 440
435 616
435 793
435 920
435 519
435 942
437 455
437 531
437 437
437 860
437 438
437 482
437 443
437 816
437 547
437 900
438 438
438 450
438 455
438 545
438 482
438 531
438 440
438 860
438 588
438 590
438 655
438 494
438 892
438 900
438 987
440 450
440 542
440 534
440 533
440 447
440 515
440 497
440 499
440 498
440 818
440 440
440 813
440 608
440 840
440 970
440 661
440 460
442 545
442 443
442 442
442 455
442 478
442 976
442 485
442 981
443 443
443 820
443 455
443 527
443 725
443 547
443 485
443 590
443 919
443 976
443 925
443 981
445 531
445 557
445 848
445 820
445 917
445 518
446 447
446 448
446 446
446 461
446 592
446 498
446 933
447 447
447 448
447 461
447 592
447 690
447 473
447 498
447 676
447 812
447 933
448 461
448 592
448 617
448 448
448 735
448 812
448 484
448 933
448 971
448 494
450 542
450 450
450 568
450 482
450 543
450 813
450 464
450 611
450 534
450 544
450 714
450 515
450 623
450 600
450 494
450 932
451 566
451 569
451 558
453 491
453 472
453 615
453 453
453 654
453 932
453 607
453 745
455 464
455 547
455 485
455 455
455 860
455 816
455 919
455 976
455 900
455 925
455 914
455 981
456 456
460 473
460 537
460 462
460 495
460 615
460 518
460 679
460 460
460 533
460 597
460 748
460 549
460 607
461 533
461 592
461 461
461 735
461 819
461 812
462 463
462 462
462 561
462 513
462 701
462 586
462 506
462 545
463 463
464 556
464 727
464 464
464 494
464 563
464 820
464 611
464 900
464 822
465 465
465 786
465 707
465 809
465 519
465 667
465 473
465 549
465 615
468 495
471 472
471 810
471 473
471 607
472 610
473 537
473 667
473 473
473 549
473 509
473 545
473 627
473 533
473 498
473 747
473 550
473 855
473 536
473 582
473 551
473 508
473 495
473 531
473 489
473 767
473 963
473 642
476 478
477 477
477 478
478 543
478 478
478 514
478 486
478 652
481 738
481 481
481 698
481 809
481 586
481 685
481 552
481 898
481 949
481 950
481 845
481 599
482 521
482 482
482 497
482 535
482 593
482 679
482 576
482 531
482 820
482 655
484 563
484 572
484 494
484 515
484 822
484 484
484 694
485 485
485 976
485 981
486 486
486 611
486 725
486 714
486 820
486 537
488 498
488 922
488 971
488 499
489 489
489 528
489 644
489 932
491 491
491 548
491 892
491 497
491 816
491 753
492 510
492 518
492 615
492 678
492 950
492 612
492 932
494 510
494 515
494 506
494 494
494 601
494 576
494 543
494 662
494 590
494 714
494 588
494 563
494 747
494 509
494 690
494 918
494 539
494 593
494 822
494 932
494 544
495 606
495 495
495 673
495 638
495 739
495 748
495 641
495 932
497 531
497 811
497 548
498 506
498 569
498 538
498 608
498 533
498 738
498 499
498 525
498 707
498 700
498 501
498 804
498 500
498 720
498 573
498 710
498 956
498 967
498 593
498 922
498 856
498 503
499 500
499 501
499 502
499 503
499 505
499 506
499 525
499 608
499 566
499 913
499 533
499 499
499 912
499 922
499 700
499 510
499 707
500 502
500 506
500 569
500 501
500 525
501 569
502 661
502 502
502 506
502 503
502 505
503 506
505 525
505 971
505 661
506 506
506 674
506 510
506 672
506 827
506 651
506 856
506 661
506 971
506 932
506 913
506 956
507 507
507 513
508 509
508 667
508 550
508 549
508 747
508 679
508 533
508 582
508 710
509 549
509 747
509 551
509 667
509 509
509 678
509 713
509 952
509 710
509 540
509 513
509 958
509 518
509 969
510 510
510 674
510 661
510 525
511 511
511 651
511 810
511 949
511 541
512 512
513 518
513 642
513 513
513 655
513 906
513 652
513 747
513 627
513 615
514 514
514 971
515 515
515 593
515 533
515 817
515 813
515 572
515 552
516 517
516 743
516 762
516 516
517 743
517 517
518 559
518 552
518 577
518 661
518 615
518 557
518 519
518 560
518 518
518 533
518 954
518 621
519 519
519 607
519 809
519 786
520 635
520 685
520 738
520 815
520 520
520 552
520 845
520 810
520 533
520 859
520 971
520 812
520 991
520 832
521 583
521 615
521 766
525 525
525 729
525 533
525 720
525 967
525 913
525 856
525 707
525 573
525 700
527 527
527 547
527 976
527 981
528 528
528 644
530 538
530 533
531 531
531 548
531 811
531 686
531 556
531 539
531 914
531 932
533 616
533 551
533 818
533 856
533 582
533 820
533 541
533 822
533 576
533 667
533 877
533 800
533 906
533 572
533 590
533 679
533 950
533 756
533 607
534 544
534 813
536 601
537 613
537 537
537 607
538 538
538 723
540 549
540 971
540 952
541 541
541 641
541 764
542 543
542 544
543 688
543 543
543 576
543 817
543 813
543 672
544 790
544 585
544 813
544 568
544 544
544 817
544 820
544 932
544 607
545 590
545 588
547 547
547 976
547 981
548 607
548 816
548 753
549 550
549 678
549 694
549 667
549 549
549 661
549 627
549 855
549 779
549 582
549 800
549 747
549 551
549 679
549 710
549 818
549 690
549 934
549 877
550 667
550 747
551 723
551 679
552 738
552 552
552 698
552 809
552 949
555 720
555 856
556 556
557 917
558 569
558 674
558 856
559 559
559 769
560 775
560 810
560 913
560 922
560 856
560 1002
560 607
563 572
563 822
563 563
563 584
565 608
565 804
565 674
566 569
566 573
566 570
566 707
566 700
566 608
566 971
567 567
568 568
569 570
569 674
569 707
569 569
569 739
569 971
569 957
569 661
570 570
570 661
570 700
570 707
570 971
572 572
572 822
572 593
572 776
572 939
573 573
573 856
575 851
576 932
577 578
577 757
580 580
582 667
582 582
582 971
585 585
585 813
585 600
586 826
586 832
586 738
586 932
588 588
588 600
589 638
589 589
589 607
590 590
590 953
591 591
592 760
592 617
592 735
592 592
592 933
592 908
593 776
593 820
593 822
593 917
593 918
593 955
593 908
593 974
593 907
596 597
596 596
597 597
597 810
597 756
597 932
597 651
599 931
600 813
600 600
601 812
601 886
601 859
605 797
605 846
605 851
608 720
608 608
608 971
608 804
609 609
610 694
610 610
611 623
611 938
612 726
612 612
612 828
612 832
612 791
612 859
612 924
612 747
612 856
612 963
613 613
613 614
613 619
613 793
613 756
613 747
614 614
614 742
614 756
615 615
615 669
615 828
615 820
615 856
615 800
615 714
615 954
615 747
615 963
617 618
618 618
618 820
618 662
623 623
623 813
623 791
627 627
627 667
627 707
627 809
627 678
627 971
631 631
632 632
633 633
634 634
634 635
635 812
636 636
637 637
638 639
638 640
638 638
639 639
640 640
640 937
641 641
641 669
641 748
641 946
642 642
642 932
644 644
644 950
644 820
645 645
647 647
647 685
648 648
651 651
651 950
653 653
654 783
654 820
655 655
655 980
658 658
659 659
660 660
661 661
661 700
661 707
661 856
661 674
662 662
665 665
665 685
665 859
665 812
665 886
667 747
669 669
669 783
669 930
670 670
672 971
672 672
673 673
674 707
674 674
675 675
678 747
678 678
679 679
679 971
681 681
681 851
683 683
684 684
685 685
685 815
685 826
685 809
685 859
685 880
685 698
685 845
685 738
685 812
685 949
690 690
691 691
698 698
698 809
698 738
698 949
700 707
700 720
700 957
700 956
700 971
700 913
702 932
703 703
704 704
707 720
707 809
707 872
707 856
707 957
707 950
707 913
710 747
710 710
710 971
710 952
714 714
714 813
716 716
717 717
717 788
720 720
720 804
720 856
721 721
723 923
723 825
723 971
723 723
726 726
729 971
731 731
732 732
736 736
737 737
738 738
738 809
740 971
741 741
742 742
743 743
745 745
745 979
746 746
747 971
748 748
748 793
748 944
748 932
749 776
749 820
751 820
753 860
753 816
753 900
753 978
753 914
753 753
756 756
757 757
757 980
758 758
763 763
766 766
767 803
772 772
773 773
776 820
776 776
776 917
776 918
776 908
779 820
784 784
786 786
788 788
796 828
797 797
798 798
801 820
802 802
803 803
803 826
803 812
803 859
804 971
805 971
808 808
809 826
809 809
809 845
809 949
809 971
809 859
812 859
812 880
812 877
812 886
812 971
812 932
812 845
812 991
812 812
812 950
812 826
813 817
813 836
815 815
815 859
815 880
816 816
816 860
816 953
816 914
816 987
817 817
820 820
820 856
820 908
820 917
820 918
820 955
820 970
820 974
820 932
820 950
822 908
822 822
822 922
822 900
822 953
825 923
826 826
826 832
826 859
828 889
828 892
832 832
832 859
833 856
833 833
836 836
840 840
841 841
841 869
845 845
845 859
845 921
845 953
845 924
846 846
851 852
851 851
851 907
852 852
856 856
856 950
856 913
856 932
856 956
856 922
859 880
859 859
859 886
859 921
859 963
859 932
859 991
859 971
860 860
860 900
860 914
860 978
880 880
880 921
880 949
883 883
885 887
887 887
890 890
891 892
892 892
893 971
898 898
900 900
900 914
900 978
900 953
900 987
903 907
905 905
907 907
908 908
908 917
908 918
908 922
913 922
913 950
913 956
913 967
914 914
914 987
917 918
917 974
917 970
918 918
918 974
919 976
919 919
919 981
921 930
922 922
922 956
923 923
925 925
925 976
925 981
926 926
926 927
926 931
926 930
926 963
927 927
927 931
927 963
927 930
930 931
930 930
930 963
931 931
931 963
932 932
932 963
933 933
933 956
937 937
945 945
947 947
949 949
950 963
952 952
953 997
955 955
958 962
963 963
968 968
971 973
971 971
976 981
976 976
977 977
979 979
980 980
981 981
992 992
