0 1
1 1
2 26
3 89
5 217
6 107
7 125
8 25
9 199
10 206
11 101
12 232
13 130
14 117
15 16
16 119
17 51
18 4
20 49
21 212
22 22
23 106
24 244
25 233
26 104
27 22
28 72
29 108
30 127
31 48
32 6
33 3
34 11
35 86
36 49
37 190
38 88
39 232
40 129
42 132
43 233
44 81
45 168
46 207
47 233
48 20
49 196
50 90
51 5
52 195
53 6
54 101
55 132
56 59
57 23
58 172
59 182
60 136
62 50
63 231
64 65
65 83
66 3
67 167
68 168
69 53
70 126
71 233
72 89
73 218
75 167
76 133
77 1
78 203
79 92
80 247
81 168
83 34
84 23
85 71
86 66
87 9
88 145
90 211
91 123
92 52
93 186
94 65
95 197
96 159
97 69
98 91
99 206
101 148
102 191
103 221
104 206
105 232
106 76
107 132
108 175
109 1
110 108
112 203
114 144
115 196
116 243
117 148
119 14
120 222
121 215
122 58
123 122
124 116
125 219
126 70
127 76
128 44
129 102
130 9
132 172
133 182
134 71
135 184
136 204
137 102
138 196
139 215
140 31
141 55
142 241
143 142
144 248
146 118
147 237
148 3
150 72
151 157
152 199
153 19
154 203
155 6
156 103
157 248
158 90
159 123
160 224
161 89
162 30
163 2
164 219
165 105
166 45
167 144
168 92
169 138
170 104
171 240
172 31
173 3
174 127
175 30
176 130
177 233
178 72
179 21
180 178
181 68
182 138
183 133
184 228
185 82
186 45
187 159
188 83
189 190
190 132
191 53
192 105
193 15
194 103
195 10
196 90
197 243
198 75
199 124
200 61
201 45
202 19
203 205
204 196
206 223
207 148
208 156
209 7
211 96
212 58
213 232
214 120
215 2
216 226
217 68
218 189
219 90
220 200
221 55
222 102
223 219
224 247
225 207
226 133
227 90
228 222
229 199
230 82
231 107
232 132
233 33
235 4
236 46
237 140
238 48
239 85
240 137
241 92
242 71
243 245
244 101
245 48
246 64
247 47
248 49
249 12
250 47
251 3
252 178
254 191
255 220
256 33
257 19
258 201
259 127
260 90
261 159
262 245
263 158
264 109
265 75
266 156
267 50
268 52
269 82
270 67
271 27
272 19
273 27
274 132
275 97
277 1
278 217
279 182
280 54
282 167
283 232
284 137
285 220
286 215
287 221
288 8
289 25
290 174
291 22
292 196
293 217
294 183
295 220
296 65
297 55
298 109
299 48
300 41
301 27
302 219
303 66
304 155
305 80
306 45
307 47
308 133
309 109
310 238
312 120
313 206
314 133
315 21
316 96
317 215
318 47
319 138
320 237
321 232
322 231
323 110
324 16
325 90
326 94
327 145
328 51
329 33
330 214
331 214
332 72
333 117
334 97
335 75
337 114
338 224
339 228
340 128
341 89
342 102
344 9
345 1
346 16
347 245
348 111
349 65
350 203
351 114
352 57
353 46
354 20
356 159
357 147
358 154
359 140
360 212
361 168
362 95
363 72
364 25
365 50
366 71
367 133
368 64
369 130
370 118
372 14
373 237
374 115
375 219
376 46
377 114
378 248
379 50
380 171
381 199
382 97
383 232
384 206
385 132
386 144
387 70
388 67
389 228
390 165
391 106
392 30
393 11
394 23
395 118
396 219
397 203
398 131
399 205
400 197
401 3
402 89
403 37
404 246
405 108
406 103
407 131
408 90
409 70
410 74
411 96
412 82
413 134
414 80
415 59
416 91
417 144
418 96
419 4
420 218
421 131
422 29
423 144
424 108
425 168
426 235
427 165
428 1
429 238
430 169
431 166
432 243
433 89
434 123
435 4
436 220
437 53
438 80
440 167
441 4
442 195
443 1
444 51
445 49
446 41
447 157
448 133
449 7
450 83
451 91
452 40
453 89
454 196
455 176
457 12
458 38
459 215
460 23
461 156
462 204
463 192
464 220
465 168
466 14
467 136
468 196
469 89
470 194
471 91
472 87
473 90
474 55
475 162
476 1
477 64
478 234
479 208
480 19
481 114
482 41
483 63
484 80
485 183
486 238
487 81
489 219
490 59
491 153
492 42
493 240
494 224
495 187
496 152
497 199
498 219
499 1
501 143
502 89
503 172
506 239
509 172
510 223
511 73
512 215
513 31
516 102
518 101
519 109
520 199
521 217
522 62
523 188
524 96
525 68
527 16
528 142
529 82
530 125
531 20
532 207
533 92
534 83
535 184
536 143
537 56
539 172
540 228
541 196
542 60
543 207
544 47
545 137
546 38
547 102
549 151
550 52
551 89
552 115
553 125
554 101
555 42
556 218
557 114
558 1
559 120
560 26
562 105
563 125
564 219
567 187
568 44
569 216
570 185
571 133
572 176
573 4
574 223
575 197
576 233
577 188
578 135
579 222
580 199
581 175
582 46
583 68
584 188
585 85
586 72
587 1
588 86
589 100
590 245
592 86
594 215
595 17
596 249
597 48
598 134
599 109
600 237
601 136
602 50
604 97
605 6
606 38
607 136
608 78
609 26
610 48
611 26
612 84
613 55
614 105
615 156
616 71
617 91
618 72
619 233
620 34
621 88
622 107
623 216
624 78
625 26
626 175
627 191
628 77
629 77
630 175
631 180
632 247
633 133
634 44
635 234
636 236
637 158
638 51
639 195
640 14
641 133
642 87
643 71
644 117
645 211
646 145
647 95
648 43
651 132
652 140
653 20
654 89
655 146
656 92
657 7
658 6
659 215
660 153
661 103
662 182
663 82
664 231
665 137
666 97
667 216
668 75
670 238
671 67
672 62
673 203
674 50
675 116
676 233
678 69
679 171
680 159
681 128
682 181
684 143
685 58
686 70
687 142
688 93
689 45
690 52
691 106
692 26
693 155
694 4
695 222
696 20
697 12
698 152
699 128
701 145
702 134
703 203
705 77
706 153
707 247
708 163
709 7
710 204
711 87
712 80
713 186
714 75
716 78
717 60
718 164
720 123
722 164
723 242
724 180
725 219
726 214
727 1
728 147
729 46
730 174
731 83
732 148
733 52
734 50
735 118
736 134
737 92
738 102
739 15
740 184
741 9
742 226
743 85
744 21
745 29
746 41
747 34
748 88
749 191
751 52
752 196
753 169
754 55
755 116
756 55
757 171
758 128
760 103
761 158
762 143
764 9
765 133
766 158
767 176
768 61
769 218
770 203
771 65
772 217
773 221
774 47
775 181
776 166
777 158
778 212
779 103
780 239
781 39
782 82
783 158
784 46
785 9
787 208
788 20
789 138
790 55
791 179
793 92
794 132
795 208
796 59
797 114
798 138
799 65
800 189
801 143
802 74
803 182
804 217
805 190
806 144
807 100
808 190
809 38
810 140
811 59
812 90
813 192
814 71
815 114
817 128
818 164
819 150
820 24
821 8
822 112
823 164
824 220
826 109
827 166
828 105
829 23
830 227
831 8
832 54
833 119
834 243
835 62
836 49
837 19
838 207
840 11
841 48
843 196
846 226
847 35
848 125
849 125
850 184
852 237
853 14
855 176
856 17
857 65
858 79
859 168
860 34
861 219
862 191
863 153
864 98
865 116
866 174
867 208
868 5
869 69
871 173
872 55
873 61
874 78
875 148
876 203
877 212
878 0
879 96
881 177
882 124
883 245
884 229
885 239
888 51
889 78
890 42
891 38
892 89
893 49
894 174
895 52
896 61
897 125
898 82
899 82
900 47
901 44
902 160
903 124
904 174
905 71
906 230
907 71
909 27
910 167
911 74
912 1
913 73
914 156
915 48
916 108
917 152
918 92
919 14
920 33
921 70
922 189
923 132
924 31
925 186
926 143
927 67
928 124
929 65
930 64
931 156
932 92
933 3
934 144
936 34
938 159
939 74
940 222
941 174
942 167
943 97
944 182
946 20
947 153
948 7
949 246
950 168
951 10
953 144
954 94
955 9
956 128
957 7
958 56
959 71
960 171
961 82
962 72
963 156
964 191
965 124
967 48
968 17
969 28
970 109
971 187
972 247
973 232
974 144
975 20
977 236
978 141
979 52
980 166
981 203
982 168
983 177
984 65
985 125
987 184
988 64
989 77
990 124
991 93
992 129
993 132
994 165
995 14
996 64
998 189
999 89
1000 90
1001 183
1002 108
1003 151
1004 178
1005 192
1006 246
1009 17
1010 82
1011 83
1013 64
1014 101
1015 216
1016 106
1017 225
1019 13
1020 197
1021 39
1022 48
1023 204
1024 89
1025 202
1027 130
1028 151
1029 55
1030 220
1031 1
1032 23
1034 142
1035 95
1036 16
1037 162
1038 120
1040 92
1042 241
1044 118
1045 71
1046 133
1047 186
1048 133
1049 144
1050 31
1052 89
1053 231
1054 49
1055 47
1057 21
1058 136
1059 120
1060 194
1061 84
1062 156
1063 199
1064 51
1065 204
1066 53
1067 195
1068 93
1069 106
1070 199
1071 85
1072 3
1074 156
1075 186
1076 73
1077 123
1078 199
1079 125
1080 38
1081 129
1082 226
1083 52
1084 75
1085 151
1086 104
1087 90
1088 220
1089 26
1090 215
1091 144
1092 74
1093 214
1094 184
1095 45
1097 222
1098 101
1099 109
1100 217
1101 40
1103 124
1104 221
1105 18
1106 189
1107 86
1108 7
1110 118
1111 243
1112 125
1113 237
1114 172
1115 236
1116 202
1117 32
1118 72
1119 167
1120 118
1121 40
1122 168
1123 245
1124 184
1125 82
1126 63
1127 130
1128 222
1129 168
1130 45
1131 97
1132 138
1133 218
1134 225
1135 51
1137 98
1139 19
1140 73
1141 137
1142 118
1143 19
1144 144
1145 7
1146 40
1147 78
1148 161
1149 54
1150 7
1151 129
1154 82
1155 116
1158 100
1159 125
1160 32
1162 89
1163 137
1165 212
1166 67
1167 192
1168 235
1169 21
1170 105
1171 242
1172 176
1173 49
1174 100
1177 28
1178 188
1179 55
1180 228
1181 221
1182 57
1183 171
1184 139
1185 95
1186 69
1187 110
1188 128
1189 126
1190 88
1191 2
1192 204
1193 114
1194 217
1195 145
1196 31
1197 15
1198 132
1200 222
1201 78
1203 247
1205 211
1206 174
1207 200
1209 109
1210 65
1211 196
1212 186
1213 212
1214 55
1215 174
1216 177
1217 83
1218 144
1219 67
1220 94
1221 114
1222 151
1223 134
1225 108
1226 172
1227 34
1228 174
1229 97
1230 211
1232 154
1234 7
1235 166
1237 65
1238 110
1239 185
1240 182
1241 12
1242 10
1243 106
1245 205
1246 195
1247 206
1248 144
1249 9
1250 122
1251 71
1252 210
1253 142
1255 75
1256 191
1257 154
1258 128
1259 140
1260 193
1261 19
1262 151
1263 85
1265 136
1266 220
1267 103
1269 26
1270 206
1271 97
1272 36
1273 221
1274 71
1275 65
1277 227
1278 104
1279 137
1281 200
1283 106
1284 103
1285 30
1286 14
1289 95
1290 67
1291 150
1292 16
1293 15
1294 134
1295 108
1296 101
1297 99
1298 55
1299 103
1300 211
1302 74
1303 225
1305 143
1306 36
1307 35
1308 217
1310 45
1311 149
1313 93
1314 69
1315 65
1316 39
1319 43
1320 23
1321 46
1323 142
1324 218
1325 93
1326 148
1327 132
1328 44
1329 0
1330 3
1332 64
1333 45
1334 152
1335 91
1336 62
1337 45
1339 71
1340 219
1341 133
1343 106
1344 109
1345 74
1346 50
1347 136
1348 107
1349 209
1350 226
1351 246
1352 6
1354 66
1355 168
1357 95
1358 206
1359 2
1360 102
1361 149
1362 138
1363 195
1364 71
1365 74
1366 80
1367 50
1368 50
1369 166
1370 17
1372 205
1373 236
1374 67
1375 248
1376 15
1377 249
1378 207
1380 153
1381 248
1382 16
1384 131
1385 21
1387 169
1388 207
1389 9
1391 82
1392 146
1393 125
1394 174
1396 151
1397 41
1399 240
1400 46
1401 221
1402 18
1403 178
1404 143
1405 216
1406 67
1407 138
1410 177
1411 164
1412 54
1413 59
1414 49
1415 148
1416 107
1417 120
1418 85
1419 173
1420 123
1421 228
1422 193
1423 32
1425 21
1426 246
1427 91
1429 198
1431 127
1432 218
1433 116
1434 65
1436 182
1438 185
1439 72
1440 22
1441 128
1442 237
1443 173
1444 95
1445 82
1446 187
1447 3
1448 73
1449 31
1450 119
1451 123
1452 222
1454 2
1455 55
1456 101
1457 233
1459 118
1460 162
1461 245
1462 160
1463 220
1464 69
1465 76
1466 249
1467 64
1468 65
1469 80
1470 214
1471 31
1472 98
1473 105
1474 71
1475 23
1476 167
1479 199
1480 78
1481 39
1482 225
1483 48
1484 7
1486 45
1487 248
1490 21
1491 217
1492 31
1493 245
1495 67
1496 168
1497 182
1498 7
1499 48
1500 78
1502 145
1503 115
1504 178
1506 160
1507 118
1508 132
1509 153
1510 201
1512 206
1514 218
1515 164
1517 48
1518 243
1520 149
1521 97
1522 38
1523 47
1524 87
1525 33
1526 223
1527 6
1528 183
1529 64
1530 232
1531 205
1532 10
1534 103
1535 236
1536 217
1537 116
1538 222
1540 152
1541 20
1542 238
1543 20
1544 48
1545 154
1546 242
1547 51
1549 118
1551 74
1552 64
1553 12
1554 41
1555 115
1556 45
1557 3
1558 69
1560 217
1563 154
1565 46
1566 229
1567 144
1568 34
1570 65
1572 167
1573 238
1574 222
1575 38
1576 86
1577 82
1578 10
1579 106
1581 69
1582 129
1585 103
1586 20
1587 108
1588 60
1589 22
1590 190
1591 242
1593 158
1595 132
1599 168
1601 65
1602 228
1603 145
1604 168
1605 118
1607 46
1609 6
1610 82
1611 219
1613 82
1614 123
1615 125
1616 60
1617 19
1618 45
1619 212
1621 6
1623 160
1625 220
1626 40
1628 72
1629 43
1630 223
1631 48
1632 99
1633 53
1635 223
1636 78
1637 207
1639 9
1640 90
1643 173
1644 107
1645 21
1646 15
1648 142
1650 131
1651 157
1652 171
1653 5
1654 241
1655 117
1656 20
1657 115
1658 47
1659 114
1660 108
1661 124
1662 128
1663 61
1664 126
1665 118
1666 36
1667 136
1668 203
1669 119
1670 217
1671 141
1674 64
1676 211
1677 30
1678 208
1679 214
1681 78
1682 193
1684 145
1685 103
1686 37
1687 7
1688 89
1689 184
1691 100
1692 93
1694 147
1695 2
1696 116
1697 191
1698 64
1699 1
1701 7
1702 96
1703 3
1704 55
1705 9
1706 54
1707 172
1708 120
1709 38
1712 134
1713 72
1715 220
1716 72
1718 51
1719 183
1720 234
1721 149
1722 156
1723 22
1724 138
1725 132
1726 222
1727 66
1728 60
1730 187
1732 195
1733 9
1734 151
1735 224
1736 160
1737 190
1738 228
1739 42
1740 64
1741 214
1742 156
1743 236
1747 123
1748 247
1749 51
1750 58
1751 236
1752 122
1753 53
1754 48
1755 213
1756 174
1757 145
1758 71
1759 168
1761 188
1764 107
1765 125
1766 153
1767 118
1768 243
1769 117
1771 7
1772 217
1774 47
1775 51
1776 9
1777 204
1778 162
1779 115
1780 123
1781 114
1782 92
1783 15
1784 128
1785 89
1786 183
1788 223
1789 128
1790 176
1791 219
1792 120
1793 138
1794 195
1795 92
1796 158
1797 94
1799 237
1801 158
1802 19
1804 86
1805 197
1806 224
1807 15
1808 36
1810 247
1811 242
1813 62
1815 57
1816 50
1817 78
1818 48
1819 218
1820 199
1821 141
1822 177
1824 203
1825 132
1826 64
1827 240
1829 182
1830 143
1831 77
1832 2
1833 210
1834 67
1837 96
1839 21
1840 73
1841 104
1842 144
1843 96
1845 211
1846 118
1847 158
1848 71
1849 55
1850 104
1851 56
1853 65
1854 235
1855 91
1857 90
1858 220
1860 54
1861 28
1863 42
1864 26
1865 103
1866 65
1867 228
1868 222
1869 135
1871 181
1873 9
1874 144
1875 145
1876 144
1877 105
1878 185
1879 2
1880 200
1881 1
1882 191
1883 73
1884 116
1885 195
1887 14
1889 50
1890 171
1891 172
1894 37
1895 20
1896 9
1897 152
1899 215
1900 93
1902 45
1904 26
1906 107
1907 145
1908 46
1909 244
1910 70
1911 233
1912 217
1913 105
1914 149
1915 43
1916 107
1917 45
1918 98
1919 183
1920 73
1921 17
1923 221
1924 233
1925 49
1926 243
1927 77
1928 243
1929 80
1931 64
1933 208
1934 21
1935 34
1936 67
1938 49
1939 17
1940 233
1941 70
1942 113
1943 237
1944 12
1947 229
1948 246
1949 181
1950 145
1952 129
1953 63
1954 243
1955 104
1957 192
1959 38
1962 139
1964 69
1966 215
1967 19
1968 203
1969 188
1970 133
1971 74
1972 239
1973 106
1974 108
1976 125
1977 219
1978 149
1979 198
1980 71
1982 229
1983 38
1985 170
1986 48
1987 12
1991 201
1992 149
1993 16
1994 30
1995 102
1997 98
1998 121
2000 0
2001 67
2003 38
2006 50
2008 51
2009 65
2010 55
2011 98
2012 195
2013 112
2014 195
2016 21
2018 3
2019 68
2020 3
2021 132
2022 45
2024 114
2025 40
2026 71
2027 102
2028 136
2029 55
2031 213
2032 77
2033 3
2034 134
2035 116
2036 93
2037 171
2038 4
2039 133
2040 85
2041 190
2042 81
2043 21
2044 175
2045 64
2046 108
2047 15
2049 33
2050 129
2051 108
2053 182
2054 223
2055 93
2056 159
2057 168
2058 69
2059 145
2061 55
2062 224
2063 42
2065 145
2067 3
2068 118
2069 190
2070 43
2071 183
2072 224
2073 95
2075 3
2076 65
2077 45
2079 83
2080 20
2081 49
2082 25
2083 216
2084 78
2085 243
2086 38
2088 43
2089 25
2091 107
2092 95
2093 172
2094 237
2096 98
2099 142
2100 138
2101 79
2104 141
2105 178
2107 26
2108 55
2109 12
2110 106
2111 22
2113 228
2115 38
2116 78
2117 99
2118 22
2119 32
2121 46
2122 74
2123 148
2124 12
2125 67
2126 23
2127 69
2128 20
2129 21
2130 69
2131 125
2132 195
2133 242
2135 11
2136 4
2137 198
2138 149
2139 191
2141 1
2142 5
2143 156
2144 224
2145 192
2147 238
2148 50
2149 11
2150 132
2151 104
2152 211
2153 1
2154 146
2155 116
2156 201
2157 59
2158 84
2159 138
2160 10
2161 86
2162 98
2163 139
2164 211
2167 152
2168 225
2170 105
2171 29
2172 158
2174 221
2175 190
2176 233
2177 213
2178 74
2181 78
2182 156
2183 10
2184 136
2185 140
2187 3
2188 68
2190 88
2191 222
2192 224
2195 74
2196 90
2197 234
2198 18
2200 106
2201 28
2203 94
2204 130
2206 106
2211 243
2213 217
2214 21
2215 237
2217 19
2219 88
2220 93
2221 212
2222 122
2226 225
2227 108
2229 125
2230 196
2232 211
2233 213
2234 11
2235 156
2236 65
2238 67
2239 16
2240 32
2241 89
2242 34
2243 17
2244 91
2245 145
2246 219
2247 51
2248 67
2249 167
2253 234
2254 21
2257 214
2258 57
2259 69
2260 143
2261 47
2263 219
2265 152
2266 80
2267 50
2268 167
2269 70
2270 98
2272 78
2274 70
2275 220
2277 65
2279 48
2280 84
2281 159
2282 74
2283 55
2284 72
2286 83
2287 114
2288 179
2289 46
2290 12
2292 55
2293 100
2294 1
2295 175
2296 154
2297 51
2299 186
2300 212
2301 79
2302 79
2303 167
2304 214
2305 246
2306 212
2307 90
2308 223
2309 205
2310 214
2311 141
2312 9
2313 30
2314 3
2315 156
2316 95
2317 35
2318 218
2319 164
2321 80
2322 184
2323 222
2324 178
2325 51
2326 138
2327 77
2328 176
2329 156
2331 224
2332 163
2333 236
2334 74
2335 212
2336 65
2337 26
2338 183
2339 88
2340 22
2341 21
2342 19
2343 158
2344 117
2346 125
2347 203
2348 205
2349 88
2350 199
2351 141
2352 12
2353 78
2354 172
2355 86
2357 80
2358 203
2361 52
2363 171
2364 50
2365 131
2366 118
2367 228
2369 77
2370 74
2371 171
2373 153
2374 245
2375 223
2376 1
2378 236
2379 41
2380 191
2381 243
2382 9
2384 122
2385 124
2386 151
2387 25
2388 17
2389 89
2390 3
2391 124
2392 234
2393 182
2394 205
2395 25
2397 159
2398 71
2399 205
2401 152
2403 162
2404 19
2405 122
2406 135
2407 222
2410 43
2412 48
2413 205
2414 138
2415 130
2416 47
2417 120
2418 102
2420 187
2422 21
2425 83
2426 70
2427 166
2428 195
2430 222
2431 71
2432 135
2433 19
2434 164
2435 168
2436 217
2437 77
2438 45
2439 216
2440 38
2442 212
2443 235
2444 243
2445 57
2446 204
2447 79
2448 4
2449 138
2450 47
2451 2
2452 246
2453 65
2454 215
2455 82
2456 73
2457 212
2458 103
2460 246
2461 150
2463 45
2464 199
2465 38
2467 218
2468 198
2469 154
2470 133
2471 222
2472 48
2473 103
2474 247
2475 156
2476 35
2477 233
2478 237
2479 74
2482 166
2483 25
2484 7
2485 86
2486 166
2488 28
2490 218
2491 83
2492 80
2494 158
2495 24
2497 3
2498 7
2500 109
2501 62
2503 180
2504 114
2505 58
2506 22
2507 77
2508 122
2509 56
2512 74
2513 247
2514 233
2515 7
2516 25
2517 3
2518 143
2519 125
2520 215
2522 222
2524 114
2525 240
2526 16
2527 203
2528 53
2529 64
2531 25
2533 22
2534 160
2536 199
2537 233
2538 222
2540 103
2542 64
2543 190
2544 7
2545 67
2546 224
2547 203
2548 245
2549 100
2550 222
2551 74
2552 212
2553 77
2555 195
2556 246
2557 73
2558 1
2559 72
2560 245
2561 125
2562 35
2563 236
2564 0
2566 245
2567 183
2568 215
2569 184
2570 4
2571 29
2572 243
2574 121
2576 234
2577 65
2578 130
2580 88
2582 19
2584 108
2585 196
2586 188
2587 16
2589 109
2590 77
2591 199
2592 1
2593 30
2594 211
2596 77
2597 218
2598 44
2599 3
2600 9
2602 57
2603 11
2604 153
2605 60
2606 159
2607 16
2608 203
2609 245
2610 88
2612 14
2613 91
2614 160
2615 78
2616 215
2617 93
2618 67
2619 64
2621 45
2622 1
2623 124
2624 242
2625 69
2626 178
2627 159
2629 214
2630 79
2631 89
2632 107
2633 226
2634 46
2635 65
2636 181
2637 66
2641 28
2642 80
2644 194
2645 77
2647 35
2648 174
2649 132
2650 107
2651 208
2652 223
2653 74
2654 167
2655 38
2656 185
2657 174
2658 157
2660 15
2661 104
2664 125
2665 238
2666 156
2667 145
2668 45
2669 218
2670 74
2671 100
2672 74
2673 84
2675 140
2676 135
2677 60
2678 183
2679 26
2680 83
2681 245
2682 85
2683 124
2684 20
2685 183
2686 74
2688 156
2689 158
2690 219
2691 3
2692 51
2694 90
2695 177
2696 28
2697 221
2698 1
2699 91
2701 221
2702 74
2703 45
2705 87
2706 238
2709 65
2710 219
2711 233
2712 217
2713 118
2714 74
2716 89
2717 164
2718 51
2721 243
2722 67
2723 128
2726 15
2727 74
2728 15
2729 105
2730 9
2731 225
2732 171
2733 205
2735 109
2738 7
2739 85
2741 22
2742 93
2743 148
2744 240
2745 203
2747 127
2748 70
2749 246
2751 20
2752 247
2753 198
2754 22
2756 237
2757 107
2758 183
2759 152
2760 46
2761 131
2762 119
2763 218
2764 221
2765 45
2766 85
2767 185
2768 210
2770 217
2776 45
2777 74
2778 65
2779 204
2780 4
2781 57
2785 148
2786 105
2787 107
2788 224
2789 4
2790 170
2791 31
2792 130
2793 199
2794 222
2795 214
2797 164
2799 86
2800 25
2801 9
2802 32
2804 124
2805 144
2806 197
2807 243
2808 14
2809 100
2811 1
2812 228
2814 209
2815 46
2816 57
2817 183
2818 118
2820 187
2822 187
2824 48
2825 55
2826 224
2827 76
2828 145
2829 153
2830 4
2832 4
2834 20
2835 7
2836 103
2837 3
2838 74
2839 93
2841 106
2842 221
2843 69
2844 212
2845 195
2847 9
2848 21
2849 6
2851 70
2852 62
2853 174
2854 47
2855 205
2856 186
2857 105
2858 100
2859 15
2861 128
2863 11
2864 168
2866 205
2867 184
2868 21
2869 58
2870 157
2871 101
2873 59
2874 78
2875 118
2876 208
2877 118
2878 221
2879 74
2880 85
2881 12
2883 45
2884 208
2885 216
2886 34
2887 151
2888 172
2891 41
2892 9
2893 215
2894 20
2895 114
2896 12
2898 83
2899 2
2900 24
2901 157
2903 25
2904 122
2905 217
2906 224
2907 136
2909 2
2910 108
2911 124
2912 125
2913 232
2914 1
2915 72
2917 4
2919 166
2920 83
2921 125
2922 184
2923 190
2924 247
2925 118
2926 195
2927 57
2928 195
2929 123
2930 54
2931 153
2932 158
2934 33
2935 199
2936 50
2937 146
2938 119
2940 115
2941 119
2942 100
2943 216
2946 7
2947 65
2948 198
2949 15
2950 38
2951 155
2952 4
2955 7
2956 31
2957 2
2958 234
2960 167
2961 186
2962 16
2964 34
2965 21
2966 26
2967 25
2968 217
2969 200
2970 157
2971 118
2972 199
2973 9
2974 147
2975 48
2976 15
2977 0
2978 84
2979 142
2980 101
2982 152
2983 164
2984 131
2986 131
2987 78
2988 124
2989 16
2990 21
2991 101
2992 212
2994 154
2995 19
2996 158
2997 221
3001 228
3002 146
3003 77
3004 190
3006 95
3007 72
3008 149
3009 211
3011 152
3012 154
3013 28
3014 70
3016 31
3018 13
3020 145
3021 133
3022 27
3023 86
3024 153
3025 51
3026 106
3027 100
3028 22
3029 90
3031 71
3034 51
3035 225
3036 233
3038 138
3039 66
3040 100
3041 26
3042 162
3043 221
3044 135
3045 199
3046 246
3047 199
3048 9
3049 248
3050 108
3053 219
3054 102
3056 100
3057 145
3058 248
3059 144
3060 74
3061 197
3063 117
3064 228
3066 108
3067 21
3068 33
3069 58
3071 98
3072 199
3074 245
3075 134
3076 200
3077 47
3078 102
3080 229
3081 133
3082 15
3083 91
3084 119
3085 133
3086 65
3087 227
3088 7
3089 79
3090 3
3091 74
3093 213
3095 141
3096 171
3097 223
3098 3
3101 118
3102 87
3103 20
3104 3
3105 14
3106 215
3109 72
3110 17
3111 133
3112 37
3113 98
3115 174
3116 168
3117 241
3118 39
3119 1
3120 122
3121 70
3122 167
3123 6
3124 7
3126 80
3127 224
3130 233
3133 220
3134 3
3140 114
3141 183
3144 46
3145 158
3146 43
3147 57
3150 212
3151 39
3152 178
3154 142
3156 67
3158 243
3159 74
3162 247
3163 158
3165 183
3166 42
3167 136
3168 149
3169 4
3171 8
3173 179
3174 80
3176 219
3177 11
3179 20
3180 221
3181 107
3182 31
3183 131
3184 65
3185 158
3186 71
3187 33
3188 249
3189 121
3191 126
3192 131
3194 132
3195 181
3196 78
3197 24
3198 73
3201 220
3202 229
3204 15
3208 131
3212 156
3213 115
3214 211
3216 49
3217 7
3218 212
3219 108
3220 221
3221 212
3222 178
3224 125
3225 76
3226 7
3227 237
3230 152
3231 87
3233 21
3234 5
3235 194
3237 41
3240 21
3243 146
3245 29
3246 106
3247 163
3248 151
3250 20
3253 98
3254 97
3256 211
3257 246
3258 134
3259 138
3261 52
3262 205
3263 171
3264 51
3265 245
3266 195
3268 149
3269 149
3270 175
3271 106
3272 105
3273 106
3274 134
3275 154
3276 151
3277 31
3278 115
3279 232
3280 83
3281 55
3282 21
3283 243
3284 244
3285 153
3286 171
3287 53
3288 133
3289 151
3290 1
3291 171
3292 125
3293 247
3294 237
3295 217
3296 70
3297 246
3301 96
3302 48
3306 83
3307 184
3308 245
3309 156
3310 74
3312 65
3314 104
3315 28
3316 74
3317 174
3318 1
3322 243
3325 174
3326 154
3327 9
3328 164
3329 149
3333 141
3335 97
3336 210
3337 34
3339 125
3340 25
3342 3
3343 205
3345 226
3347 98
3350 194
3351 182
3352 43
3353 130
3354 229
3355 1
3356 40
3357 188
3359 100
3362 97
3363 168
3367 245
3368 123
3369 50
3370 236
3371 100
3373 92
3374 19
3375 58
3376 153
3377 50
3379 199
3380 142
3382 82
3383 74
3384 82
3385 54
3386 114
3387 49
3388 0
3389 156
3391 13
3392 17
3393 32
3394 245
3397 115
3399 97
3402 6
3403 211
3404 21
3405 27
3406 74
3407 55
3409 9
3412 31
3413 74
3414 246
3415 48
3416 245
3417 142
3418 142
3420 138
3421 242
3422 16
3423 220
3424 216
3426 216
3427 74
3428 145
3430 9
3432 177
3433 70
3434 20
3435 246
3439 74
3440 124
3442 31
3443 234
3444 62
3445 130
3447 74
3448 114
3449 28
3451 1
3452 145
3453 97
3454 11
3455 167
3456 119
3457 133
3458 78
3460 128
3461 104
3462 65
3464 129
3465 248
3466 25
3467 31
3470 236
3471 195
3472 86
3473 4
3474 77
3475 115
3476 100
3477 49
3478 193
3481 222
3482 98
3485 219
3486 38
3487 105
3490 193
3491 67
3493 82
3494 213
3495 167
3496 98
3497 55
3499 20
3500 222
3501 221
3502 138
3503 32
3504 114
3506 52
3507 103
3509 53
3510 74
3511 1
3513 125
3514 78
3515 138
3516 7
3517 21
3518 57
3520 138
3521 97
3523 14
3525 224
3526 221
3527 114
3528 236
3529 190
3531 26
3532 114
3533 195
3534 220
3535 131
3536 65
3537 175
3538 9
3539 217
3540 144
3541 125
3543 237
3544 64
3545 33
3546 198
3548 203
3549 103
3550 55
3551 237
3552 20
3553 21
3554 157
3555 41
3556 74
3557 133
3558 78
3559 218
3561 141
3562 107
3565 74
3566 123
3568 77
3569 219
3571 229
3572 80
3575 58
3579 108
3582 71
3583 107
3584 133
3586 115
3588 211
3590 152
3591 168
3592 170
3593 20
3594 55
3596 95
3598 95
3600 9
3602 172
3604 50
3606 247
3610 91
3612 21
3613 122
3615 221
3616 38
3617 112
3618 171
3622 233
3623 221
3624 199
3625 77
3626 72
3627 74
3630 123
3633 67
3635 229
3637 241
3638 12
3639 156
3640 115
3642 167
3644 74
3645 116
3646 124
3647 48
3648 48
3649 47
3650 239
3651 107
3652 74
3653 20
3655 65
3656 105
3657 52
3658 49
3660 19
3661 164
3662 87
3663 192
3664 210
3665 69
3667 145
3668 114
3669 194
3672 124
3673 83
3675 233
3677 125
3679 212
3681 106
3683 86
3685 237
3686 3
3688 115
3689 15
3690 106
3691 1
3693 247
3695 64
3696 96
3697 124
3698 133
3699 218
3700 65
3701 158
3702 14
3704 188
3705 160
3706 247
3707 123
3713 153
3714 112
3715 47
3716 70
3717 74
3718 64
3719 122
3720 245
3721 4
3722 183
3725 151
3726 70
3727 48
3729 154
3730 93
3733 69
3735 167
3736 98
3737 77
3738 225
3739 239
3741 153
3743 83
3744 75
3745 45
3747 106
3748 105
3749 3
3750 198
3752 45
3753 2
3755 93
3756 124
3757 86
3759 171
3761 124
3762 168
3764 30
3765 75
3767 91
3770 32
3771 234
3778 73
3779 140
3781 206
3783 129
3785 239
3786 70
3787 151
3788 80
3790 122
3791 124
3795 206
3797 152
3798 71
3799 93
3800 73
3802 181
3803 176
3804 105
3806 7
3807 219
3810 20
3812 171
3813 190
3814 50
3815 171
3816 248
3817 2
3819 74
3820 30
3821 153
3822 218
3824 105
3825 188
3826 74
3828 188
3832 47
3833 193
3834 14
3835 220
3837 82
3838 138
3839 98
3841 157
3843 50
3844 240
3848 149
3849 75
3850 167
3851 55
3852 172
3855 218
3856 71
3858 103
3859 68
3861 195
3863 70
3865 171
3866 246
3867 184
3868 88
3870 221
3871 151
3874 65
3875 125
3876 114
3877 33
3878 4
3879 199
3881 106
3883 46
3884 205
3886 120
3887 164
3888 206
3889 119
3891 98
3892 50
3894 38
3896 45
3901 96
3902 189
3904 89
3905 47
3907 31
3908 160
3909 159
3910 65
3912 224
3913 10
3914 107
3915 177
3916 90
3918 7
3919 76
3920 146
3921 126
3922 74
3924 179
3925 189
3926 80
3927 50
3928 82
3930 190
3931 233
3932 4
3933 11
3935 20
3936 3
3937 20
3941 118
3942 13
3943 62
3945 21
3946 195
3947 127
3949 93
3950 159
3951 184
3954 31
3957 69
3958 31
3959 9
3960 94
3961 79
3962 50
3964 236
3965 95
3967 11
3968 128
3970 74
3971 88
3972 115
3976 2
3978 12
3979 36
3980 183
3981 222
3982 149
3983 183
3985 6
3986 107
3987 123
3988 234
3989 74
3990 58
3991 125
3992 240
3994 159
3997 65
3998 125
3999 15
4000 4
4001 177
4002 67
4003 168
4004 38
4006 125
4009 20
4011 74
4012 229
4013 219
4014 232
4016 5
4018 171
4019 178
4020 1
4021 133
4022 36
4023 109
4024 213
4026 171
4027 63
4028 17
4029 50
4030 158
4031 47
4032 195
4034 48
4035 70
4038 58
4039 247
4040 245
4043 140
4044 157
4045 10
4047 176
4051 212
4052 172
4054 195
4055 68
4056 20
4057 221
4059 132
4060 172
4063 247
4065 109
4066 222
4067 136
4068 15
4071 23
4072 118
4074 78
4076 74
4078 130
4080 199
4081 203
4082 199
4083 1
4085 69
4086 227
4087 45
4088 114
4090 65
4091 234
4092 70
4093 145
4094 24
4095 20
4096 136
4097 9
4100 114
4103 131
4104 22
4105 25
4107 236
4110 49
4111 236
4113 126
4114 245
4116 125
4117 124
4119 82
4121 134
4123 247
4124 29
4125 152
4126 115
4128 20
4129 236
4130 57
4132 107
4133 156
4135 106
4136 233
4137 67
4138 110
4143 203
4145 30
4147 43
4148 9
4149 167
4150 198
4151 11
4153 90
4154 171
4155 144
4158 50
4159 46
4160 74
4161 79
4162 191
4163 91
4165 234
4166 47
4167 122
4169 203
4171 128
4173 41
4175 53
4176 167
4178 134
4179 141
4180 203
4181 195
4183 190
4185 224
4188 52
4190 6
4191 71
4192 135
4193 58
4194 151
4195 121
4196 171
4197 86
4198 141
4199 224
4200 232
4201 31
4202 247
4203 195
4208 108
4209 98
4210 21
4211 0
4213 196
4214 52
4215 50
4216 217
4218 93
4219 153
4221 237
4223 3
4224 141
4226 41
4227 196
4229 57
4230 238
4231 144
4233 25
4234 14
4235 179
4237 34
4239 117
4240 198
4241 25
4242 64
4243 16
4244 71
4245 211
4246 138
4248 247
4250 214
4253 177
4255 123
4256 139
4258 190
4260 70
4261 177
4262 77
4265 70
4268 104
4269 145
4271 141
4274 69
4275 47
4276 73
4277 93
4278 57
4279 124
4281 1
4282 220
4283 46
4284 50
4285 123
4286 70
4287 55
4288 191
4289 89
4291 171
4292 20
4294 70
4295 124
4296 15
4297 131
4298 6
4299 141
4301 235
4303 106
4304 10
4309 80
4310 49
4311 70
4312 219
4313 22
4316 77
4317 83
4318 96
4321 212
4322 234
4323 79
4326 39
4327 19
4329 131
4330 43
4331 117
4332 47
4335 86
4336 122
4337 149
4339 20
4340 245
4341 237
4342 233
4343 149
4344 43
4345 41
4350 177
4351 65
4355 41
4356 30
4357 57
4360 90
4361 156
4362 107
4364 69
4365 64
4366 178
4367 6
4368 167
4370 245
4372 51
4374 81
4377 110
4379 19
4380 48
4382 228
4383 77
4385 26
4386 157
4387 141
4388 212
4389 89
4390 48
4391 178
4392 124
4393 86
4395 189
4396 34
4397 195
4398 138
4400 77
4402 119
4405 62
4407 45
4409 233
4410 79
4411 176
4412 58
4413 31
4415 13
4417 13
4418 74
4419 74
4420 28
4421 108
4422 65
4424 34
4425 78
4428 219
4429 46
4430 116
4434 109
4435 190
4436 101
4437 103
4438 212
4439 149
4440 233
4442 219
4443 61
4445 15
4446 21
4448 220
4449 113
4451 216
4453 141
4454 13
4455 233
4457 237
4459 52
4462 138
4463 70
4465 66
4466 10
4467 16
4468 98
4471 233
4472 229
4473 183
4475 213
4477 131
4478 17
4479 214
4480 184
4481 105
4483 6
4485 133
4487 82
4488 220
4489 205
4492 38
4494 222
4495 46
4497 108
4499 103
4502 24
4503 89
4506 157
4507 224
4508 2
4509 107
4510 203
4511 109
4512 213
4514 60
4515 8
4516 57
4518 108
4519 247
4520 92
4521 211
4522 178
4525 138
4526 78
4527 187
4528 50
4531 56
4532 236
4536 155
4537 34
4538 138
4539 48
4540 54
4542 212
4544 107
4546 135
4548 16
4549 110
4551 47
4552 138
4558 46
4560 240
4561 242
4562 67
4565 137
4566 208
4567 64
4568 225
4569 26
4571 21
4573 188
4574 61
4575 158
4579 22
4580 107
4582 179
4583 245
4584 128
4585 47
4587 214
4588 214
4589 44
4590 100
4591 98
4592 1
4595 119
4596 78
4597 210
4598 116
4600 106
4601 210
4603 204
4604 43
4605 15
4606 70
4608 237
4609 65
4610 100
4611 70
4612 34
4613 249
4616 211
4618 74
4624 213
4625 93
4626 141
4628 196
4630 135
4631 116
4632 174
4633 200
4635 186
4636 219
4639 157
4640 15
4642 74
4643 49
4644 84
4645 7
4647 107
4649 217
4652 133
4653 152
4655 214
4656 36
4657 212
4658 156
4659 233
4661 177
4662 215
4665 132
4669 100
4670 245
4671 119
4672 77
4674 198
4675 33
4677 190
4680 151
4681 160
4682 85
4683 128
4684 221
4687 189
4690 145
4691 4
4692 171
4695 4
4696 235
4697 122
4698 152
4700 221
4701 211
4702 38
4704 49
4705 114
4708 221
4710 215
4711 51
4714 151
4715 168
4716 130
4717 144
4718 4
4722 1
4723 171
4725 99
4726 245
4727 10
4728 214
4729 233
4731 124
4732 182
4733 11
4734 101
4735 83
4736 220
4739 35
4740 0
4742 82
4743 187
4744 114
4747 191
4748 47
4749 236
4751 13
4752 108
4753 216
4755 38
4756 108
4757 199
4758 71
4762 74
4764 91
4765 55
4766 218
4768 124
4771 242
4773 10
4775 47
4777 171
4778 181
4780 234
4781 118
4782 213
4785 119
4787 153
4788 194
4789 115
4790 144
4791 83
4792 219
4793 64
4794 212
4795 245
4799 133
4800 16
4802 78
4804 68
4805 125
4808 113
4811 154
4814 39
4815 46
4818 87
4820 47
4821 208
4822 95
4824 9
4828 183
4829 159
4830 42
4831 223
4833 34
4834 178
4835 109
4836 129
4837 125
4839 214
4840 221
4841 151
4842 246
4843 49
4844 65
4846 138
4848 138
4850 188
4851 246
4852 83
4853 16
4854 61
4855 101
4856 236
4857 179
4858 4
4860 162
4861 184
4862 64
4863 23
4865 67
4868 195
4869 71
4870 50
4871 141
4872 98
4874 29
4875 133
4878 245
4879 218
4881 52
4882 0
4884 240
4886 7
4887 240
4889 8
4890 193
4892 67
4896 219
4897 83
4898 77
4900 141
4901 47
4902 154
4906 15
4908 233
4909 38
4911 119
4912 35
4913 137
4916 236
4917 20
4918 168
4920 26
4921 108
4922 69
4923 199
4926 74
4927 184
4929 205
4930 201
4931 67
4932 24
4933 72
4934 97
4937 220
4938 45
4941 106
4943 208
4944 214
4945 18
4946 12
4947 10
4951 133
4952 25
4953 105
4955 26
4956 64
4957 2
4959 31
4962 233
4966 112
4968 78
4970 7
4971 242
4972 145
4974 100
4976 58
4979 128
4982 153
4985 222
4986 4
4987 213
4988 64
4989 151
4991 183
4992 204
4994 47
4995 144
4997 50
4998 218
4999 9
