0 0
1 1
2 0
3 1
5 0
6 2
7 -1
8 1
9 1
10 -1
11 5
12 0
13 0
14 0
15 0
16 0
17 1
18 3
20 0
21 1
22 0
23 2
24 0
25 2
26 2
27 0
28 0
29 0
30 3
31 2
32 0
33 0
34 4
35 0
36 0
37 0
38 0
39 0
40 0
42 2
43 1
44 -1
45 0
46 0
47 0
48 2
49 0
50 0
51 5
52 2
53 0
54 0
55 2
56 -1
57 0
58 0
59 0
60 0
62 2
63 0
64 1
65 1
66 0
67 0
68 0
69 4
70 -1
71 1
72 0
73 2
75 0
76 0
77 1
78 0
79 -1
80 0
81 -1
83 -1
84 -1
85 1
86 0
87 0
88 0
90 2
91 0
92 0
93 -1
94 0
95 0
96 1
97 1
98 0
99 0
101 -1
102 0
103 4
104 0
105 0
106 0
107 4
108 0
109 0
110 1
112 0
114 0
115 0
116 0
117 0
119 0
120 2
121 0
122 4
123 -1
124 0
125 0
126 2
127 0
128 -1
129 -1
130 1
132 0
133 0
134 0
135 0
136 0
137 7
138 -1
139 0
140 0
141 2
142 0
143 0
144 0
146 0
147 0
148 0
150 0
151 0
152 1
153 0
154 0
155 0
156 0
157 1
158 0
159 0
160 0
161 -1
162 0
163 2
164 1
165 -1
166 0
167 0
168 -1
169 4
170 2
171 1
172 0
173 0
174 4
175 0
176 0
177 2
178 -1
179 0
180 4
181 -1
182 4
183 0
184 0
185 0
186 0
187 2
188 1
189 0
190 1
191 2
192 0
193 0
194 0
195 4
196 -1
197 0
198 0
199 1
200 0
201 0
202 0
203 0
204 0
206 2
207 0
208 1
209 1
211 0
212 2
213 0
214 0
215 2
216 -1
217 0
218 0
219 -1
220 4
221 1
222 0
223 1
224 2
225 0
226 0
227 0
228 1
229 1
230 0
231 1
232 2
233 2
235 3
236 1
237 0
238 2
239 0
240 0
241 -1
242 0
243 2
244 0
245 2
246 0
247 2
248 0
249 1
250 0
251 0
252 -1
254 0
256 2
257 0
258 4
259 3
260 0
261 -1
262 2
263 0
264 0
265 0
266 0
267 0
268 0
269 0
270 0
271 0
272 0
273 -1
274 1
275 0
277 1
278 0
279 0
280 -1
282 0
283 1
284 0
285 4
286 0
287 4
288 0
289 4
290 -1
291 1
292 0
293 0
294 0
295 2
296 0
297 1
298 0
299 2
300 -1
301 5
302 0
303 0
304 -1
305 2
306 0
307 0
308 0
309 0
310 0
312 0
313 0
314 0
315 1
316 0
317 0
318 2
319 2
320 0
321 -1
322 0
323 0
324 0
325 0
326 0
327 -1
328 2
329 -1
330 1
331 1
332 0
333 -1
334 0
335 -1
337 1
338 0
339 0
340 0
341 0
342 -1
344 0
345 2
346 0
347 1
348 -1
349 0
350 0
351 4
352 3
353 1
354 2
356 -1
357 -1
358 0
359 0
360 1
361 0
362 0
363 0
364 4
365 0
366 0
367 0
368 1
369 0
370 0
372 0
373 0
374 0
375 0
376 0
377 0
378 0
379 0
380 2
381 0
382 1
383 0
384 -1
385 0
386 0
387 2
388 0
389 0
390 -1
391 0
392 0
393 4
394 5
395 0
396 0
397 0
398 4
399 2
400 -1
401 0
402 0
403 -1
404 0
405 0
406 0
407 2
408 -1
409 0
410 2
411 1
412 1
413 0
414 0
415 0
416 0
417 0
418 0
419 4
420 2
421 4
422 0
423 0
424 0
425 0
426 -1
427 -1
428 2
429 0
430 -1
431 -1
432 0
433 0
434 0
435 3
436 0
437 3
438 1
440 0
441 2
442 -1
443 0
444 1
445 0
446 1
447 0
448 0
449 0
450 1
451 0
452 -1
453 0
454 0
455 0
457 0
458 1
459 0
460 5
461 1
462 0
463 0
464 4
465 0
466 0
467 0
468 0
469 0
470 0
471 0
472 0
473 -1
474 1
475 -1
476 1
477 0
478 0
479 2
480 -1
481 0
482 2
483 -1
484 1
485 0
486 -1
487 0
489 0
490 0
491 0
492 0
493 2
494 0
495 0
496 1
497 1
498 0
499 0
501 -1
502 0
503 0
506 0
509 0
510 2
511 0
512 0
513 0
516 0
518 -1
519 0
520 1
521 1
522 0
523 0
524 0
525 0
527 0
528 0
529 1
530 0
531 4
532 0
533 0
534 0
535 1
536 -1
537 0
539 0
540 0
541 0
542 0
543 -1
544 0
545 0
546 1
547 -1
549 2
550 0
551 0
552 0
553 0
554 0
555 0
556 1
557 2
558 1
559 0
560 0
562 -1
563 0
564 0
567 0
568 -1
569 0
570 0
571 0
572 0
573 3
574 1
575 -1
576 0
577 0
578 -1
579 1
580 1
581 0
582 1
583 -1
584 0
585 0
586 0
587 2
588 0
589 1
590 1
592 0
594 0
595 2
596 0
597 2
598 0
599 1
600 0
601 0
602 0
604 4
605 0
606 1
607 0
608 0
609 0
610 2
611 0
612 -1
613 1
614 -1
615 0
616 0
617 0
618 0
619 1
620 0
621 0
622 4
623 1
624 0
625 0
626 0
627 0
628 -1
629 2
630 0
631 -1
632 2
633 0
634 -1
635 0
636 1
637 2
638 2
639 0
640 0
641 0
642 0
643 0
644 0
645 1
646 0
647 0
648 0
651 0
652 0
653 2
654 0
655 -1
656 -1
657 -1
658 0
659 0
660 0
661 0
662 0
663 0
664 0
665 0
666 0
667 1
668 7
670 0
671 0
672 0
673 0
674 -1
675 0
676 4
678 1
679 0
680 1
681 0
682 0
684 0
685 2
686 0
687 0
688 1
689 0
690 0
691 1
692 0
693 0
694 1
695 0
696 2
697 0
698 1
699 0
701 0
702 -1
703 0
705 2
706 -1
707 0
708 0
709 0
710 0
711 0
712 0
713 0
714 0
716 0
717 0
718 1
720 -1
722 1
723 0
724 -1
725 0
726 1
727 2
728 -1
729 2
730 0
731 1
732 0
733 0
734 0
735 0
736 0
737 0
738 0
739 0
740 0
741 1
742 -1
743 0
744 0
745 0
746 -1
747 0
748 0
749 0
751 0
752 0
753 0
754 1
755 -1
756 0
757 2
758 -1
760 0
761 1
762 -1
764 2
765 0
766 0
767 0
768 -1
769 4
770 0
771 0
772 0
773 0
774 1
775 0
776 0
777 0
778 1
779 0
780 0
781 0
782 0
783 0
784 0
785 1
787 2
789 4
790 0
791 1
793 0
794 2
795 -1
796 0
797 1
798 2
799 0
800 0
801 0
802 4
803 0
804 0
805 0
806 0
807 2
808 0
809 2
810 0
811 0
812 0
813 0
814 0
815 0
817 0
818 1
819 -1
820 0
821 0
822 -1
823 1
824 1
826 0
827 -1
828 -1
829 5
830 1
831 0
832 -1
833 0
834 0
835 0
836 0
837 0
838 0
840 4
841 0
843 0
846 -1
847 0
848 0
849 0
850 0
852 1
853 0
855 0
856 1
857 1
858 0
859 0
860 0
861 0
862 0
863 0
864 -1
865 0
866 0
867 4
868 -1
869 -1
871 0
872 2
873 0
874 0
875 0
876 0
877 1
878 0
879 0
881 0
882 0
883 1
884 1
885 0
888 0
889 0
890 0
891 1
892 0
893 0
894 0
895 -1
896 -1
897 0
898 0
899 0
900 1
901 -1
902 0
903 0
904 0
905 0
906 -1
907 1
909 -1
910 0
911 4
912 1
913 -1
914 1
915 2
916 1
917 4
918 0
919 0
920 0
921 2
922 0
923 4
924 0
925 0
926 -1
927 0
928 0
929 0
930 0
931 0
932 0
933 0
934 0
936 0
938 0
939 1
940 1
941 0
942 0
943 0
944 0
946 4
947 0
948 0
949 0
950 0
953 0
954 0
955 1
956 -1
957 0
958 0
959 0
960 1
961 0
962 0
963 0
964 0
965 1
967 0
968 0
969 0
970 0
971 0
972 0
973 0
974 0
975 -1
977 0
978 2
979 0
980 0
981 0
982 0
983 0
984 0
985 0
987 -1
988 0
989 2
990 1
991 2
992 0
993 2
994 -1
995 0
996 1
998 0
999 0
1000 -1
1001 -1
1002 1
1003 1
1004 1
1005 -1
1006 0
1009 0
1010 0
1011 1
1013 0
1014 -1
1015 1
1016 0
1017 1
1019 0
1020 0
1021 0
1022 2
1023 0
1024 0
1025 -1
1027 0
1028 1
1029 1
1030 4
1031 1
1032 -1
1034 0
1035 0
1036 0
1037 -1
1038 -1
1040 0
1042 0
1044 0
1045 0
1046 -1
1047 0
1048 -1
1049 0
1050 0
1052 0
1053 0
1054 0
1055 1
1057 0
1058 0
1059 -1
1060 0
1061 -1
1062 0
1063 1
1064 0
1065 0
1066 2
1067 2
1068 1
1069 1
1070 1
1071 0
1072 0
1074 0
1075 0
1076 0
1077 0
1078 2
1079 -1
1080 0
1081 0
1082 -1
1083 0
1084 -1
1085 0
1086 2
1087 0
1088 2
1089 0
1090 0
1091 0
1092 1
1093 2
1094 -1
1095 0
1097 1
1098 0
1099 0
1100 0
1101 0
1103 2
1104 1
1105 0
1106 6
1107 0
1108 0
1110 0
1111 0
1112 0
1113 0
1114 0
1115 2
1116 -1
1117 1
1118 0
1119 0
1120 0
1121 0
1122 0
1123 2
1124 0
1125 1
1126 -1
1127 0
1128 0
1129 0
1130 0
1131 0
1133 1
1134 0
1135 4
1137 1
1139 0
1140 -1
1141 0
1142 0
1143 0
1144 0
1145 0
1146 0
1147 1
1148 -1
1149 6
1150 0
1151 0
1154 0
1155 0
1158 2
1159 0
1160 1
1162 -1
1163 7
1165 0
1166 0
1167 0
1168 0
1169 0
1170 -1
1171 -1
1172 5
1173 0
1174 2
1177 0
1178 0
1179 1
1180 -1
1181 2
1183 2
1184 0
1185 0
1186 0
1187 0
1188 0
1189 -1
1190 -1
1191 4
1192 0
1193 1
1194 0
1195 0
1196 0
1197 1
1198 1
1200 1
1201 0
1203 -1
1205 4
1206 0
1207 2
1209 0
1210 0
1211 0
1212 0
1213 0
1214 2
1215 0
1216 0
1217 0
1218 0
1219 0
1220 0
1221 0
1222 0
1223 -1
1225 0
1226 0
1227 -1
1228 0
1229 0
1230 2
1232 0
1234 1
1235 0
1237 2
1238 0
1239 0
1240 0
1241 1
1242 4
1243 0
1245 1
1246 1
1247 0
1248 0
1249 0
1250 0
1251 4
1252 0
1253 0
1255 0
1256 0
1257 0
1258 0
1259 0
1260 0
1261 0
1262 1
1263 -1
1265 0
1266 4
1267 0
1269 0
1270 0
1271 1
1272 0
1273 2
1274 1
1275 0
1277 0
1278 1
1279 0
1281 1
1283 2
1284 0
1285 0
1286 0
1289 0
1290 0
1291 -1
1292 0
1293 0
1294 0
1295 0
1296 5
1297 -1
1298 2
1299 0
1300 4
1302 4
1303 1
1305 0
1306 0
1307 0
1308 -1
1310 0
1311 0
1313 1
1314 0
1315 1
1316 0
1319 0
1320 -1
1321 2
1323 0
1324 1
1325 0
1326 0
1327 4
1328 -1
1329 0
1330 1
1332 0
1333 0
1334 1
1335 0
1336 -1
1337 0
1339 0
1340 0
1341 0
1343 1
1344 0
1345 4
1346 0
1347 0
1348 1
1349 0
1350 -1
1351 0
1352 0
1354 0
1355 0
1357 0
1358 0
1359 1
1360 0
1361 0
1362 2
1363 1
1364 0
1365 1
1366 1
1367 0
1368 1
1369 0
1372 1
1373 0
1374 0
1375 0
1376 0
1377 0
1378 0
1380 1
1381 0
1382 0
1384 1
1385 -1
1387 -1
1388 0
1389 1
1391 0
1392 -1
1393 0
1394 0
1396 0
1397 0
1399 4
1400 0
1401 2
1402 0
1403 2
1404 0
1405 2
1406 0
1410 0
1411 0
1412 0
1413 0
1414 0
1415 0
1416 0
1417 0
1418 1
1419 0
1420 0
1421 0
1422 0
1423 1
1425 0
1426 0
1427 0
1429 2
1431 3
1432 2
1433 0
1434 1
1436 0
1438 0
1439 0
1440 0
1441 -1
1442 0
1443 0
1444 0
1445 1
1446 0
1447 0
1448 0
1449 0
1450 0
1451 0
1452 4
1454 1
1455 1
1456 0
1457 1
1459 0
1460 -1
1461 2
1462 0
1463 0
1464 0
1465 0
1466 0
1467 0
1468 0
1469 1
1470 2
1471 0
1472 0
1473 -1
1474 1
1475 0
1476 0
1479 0
1480 1
1481 0
1482 0
1483 0
1484 0
1486 0
1487 -1
1490 1
1491 0
1492 0
1493 1
1495 0
1496 -1
1497 0
1498 -1
1499 0
1500 0
1502 0
1503 0
1504 2
1506 0
1507 0
1508 2
1509 0
1510 1
1512 0
1514 2
1515 1
1517 1
1518 0
1520 0
1521 0
1522 0
1523 0
1524 0
1525 1
1526 1
1527 0
1528 0
1529 1
1530 0
1531 1
1532 4
1534 0
1535 2
1536 0
1537 0
1538 -1
1540 -1
1541 -1
1542 -1
1543 3
1544 1
1545 -1
1546 0
1547 2
1549 -1
1551 4
1552 1
1553 1
1554 1
1555 0
1556 0
1557 0
1558 0
1560 0
1563 -1
1565 1
1566 1
1567 0
1568 -1
1570 1
1572 0
1573 0
1574 0
1575 1
1576 0
1577 0
1579 1
1581 0
1582 0
1585 0
1586 -1
1587 0
1588 0
1589 0
1590 0
1591 0
1593 0
1595 2
1599 0
1601 0
1602 0
1603 0
1604 0
1605 0
1607 0
1609 0
1610 0
1611 0
1613 0
1614 0
1615 0
1616 0
1617 0
1618 -1
1619 0
1621 0
1623 0
1625 4
1626 -1
1628 0
1629 0
1630 0
1631 4
1632 0
1633 4
1635 0
1636 0
1637 0
1639 1
1640 0
1643 0
1644 1
1645 1
1646 0
1648 0
1650 1
1651 1
1652 2
1653 0
1654 0
1655 0
1656 3
1657 0
1658 1
1659 2
1660 0
1661 1
1662 0
1663 -1
1664 -1
1665 0
1666 -1
1667 0
1668 0
1669 0
1670 0
1671 1
1674 0
1676 1
1677 0
1678 2
1679 2
1681 1
1682 -1
1684 0
1685 -1
1686 -1
1687 0
1688 0
1689 0
1691 2
1692 1
1694 6
1695 -1
1696 0
1697 0
1698 0
1699 0
1701 0
1702 0
1703 -1
1704 1
1705 1
1706 -1
1707 0
1708 0
1709 1
1712 0
1713 0
1715 2
1716 0
1718 2
1719 0
1720 0
1721 1
1722 0
1723 0
1724 2
1725 4
1726 0
1727 0
1728 0
1730 0
1732 0
1733 1
1734 0
1735 0
1736 0
1737 0
1738 0
1739 0
1740 0
1741 1
1742 1
1743 0
1747 0
1748 0
1749 0
1750 4
1751 2
1752 0
1753 2
1754 1
1755 0
1756 0
1757 -1
1758 0
1759 0
1761 0
1764 1
1765 0
1766 0
1767 0
1768 0
1769 -1
1771 0
1772 1
1774 1
1775 0
1776 1
1777 0
1778 0
1779 0
1780 0
1781 1
1782 0
1783 1
1784 0
1785 0
1786 0
1788 1
1789 0
1790 -1
1791 -1
1792 0
1793 2
1794 2
1795 -1
1796 0
1797 0
1799 0
1801 1
1802 0
1804 -1
1805 0
1806 0
1807 0
1808 -1
1810 2
1811 0
1813 0
1815 2
1816 0
1817 0
1818 1
1819 4
1820 0
1821 2
1822 0
1824 0
1825 1
1826 0
1827 1
1829 0
1830 -1
1831 0
1832 0
1833 0
1834 0
1837 0
1839 0
1840 0
1841 4
1842 -1
1843 0
1845 4
1846 2
1847 2
1848 0
1849 0
1850 2
1851 0
1853 1
1854 0
1855 0
1857 0
1858 4
1860 0
1861 0
1863 0
1864 0
1865 0
1866 0
1867 0
1868 1
1869 0
1871 0
1873 0
1874 0
1875 0
1876 -1
1877 0
1878 0
1879 0
1880 2
1881 2
1882 0
1883 0
1884 0
1885 2
1887 0
1889 0
1890 1
1891 0
1894 -1
1895 2
1896 2
1897 1
1899 0
1900 1
1902 0
1904 0
1906 0
1907 0
1908 2
1909 -1
1910 2
1911 1
1912 0
1913 0
1914 0
1915 0
1916 0
1917 -1
1918 2
1919 0
1920 -1
1921 0
1923 2
1924 1
1925 0
1926 0
1927 2
1928 0
1929 0
1931 1
1933 -1
1934 0
1935 -1
1936 0
1938 0
1939 2
1940 1
1941 0
1942 1
1943 0
1944 1
1947 0
1948 0
1949 0
1950 0
1952 0
1953 -1
1954 0
1955 2
1957 0
1959 1
1962 0
1964 0
1966 0
1967 0
1968 0
1969 0
1970 0
1972 1
1973 -1
1974 0
1976 0
1977 1
1978 0
1979 4
1980 1
1982 0
1983 1
1985 0
1986 1
1987 0
1991 2
1992 2
1993 0
1994 0
1995 7
1997 1
1998 -1
2000 0
2001 0
2003 0
2006 0
2008 1
2009 0
2010 1
2011 0
2012 2
2013 0
2014 2
2016 0
2018 0
2019 -1
2020 1
2021 1
2022 0
2024 1
2025 -1
2026 0
2027 0
2028 0
2029 0
2031 0
2032 2
2033 0
2034 -1
2035 0
2036 1
2037 0
2038 4
2039 0
2040 0
2041 1
2042 -1
2043 0
2044 0
2045 1
2046 1
2047 1
2049 2
2050 0
2051 2
2053 0
2054 1
2055 1
2056 0
2057 0
2058 0
2059 0
2061 1
2062 -1
2063 0
2065 0
2067 0
2068 0
2069 0
2070 0
2071 0
2072 -1
2073 0
2075 0
2076 1
2077 0
2079 0
2081 0
2082 0
2083 2
2084 1
2085 0
2086 0
2088 0
2089 2
2091 2
2092 0
2093 0
2094 0
2096 2
2099 0
2100 2
2101 1
2104 4
2105 1
2107 0
2108 1
2109 1
2110 1
2111 1
2113 0
2115 0
2116 0
2117 0
2118 0
2119 1
2121 4
2122 1
2123 0
2124 0
2125 0
2126 0
2127 0
2128 4
2129 0
2130 0
2131 1
2133 -1
2135 4
2136 1
2137 4
2138 -1
2139 0
2141 1
2142 0
2143 0
2144 0
2145 0
2147 0
2148 0
2150 2
2151 2
2152 2
2153 2
2154 5
2155 0
2156 2
2157 0
2158 -1
2160 1
2161 0
2162 0
2163 0
2164 4
2167 0
2168 1
2170 0
2171 0
2172 1
2174 2
2175 0
2176 2
2177 1
2178 4
2181 1
2182 0
2183 1
2184 0
2185 0
2187 0
2188 0
2190 0
2191 4
2192 0
2196 0
2197 0
2198 0
2200 1
2201 0
2203 0
2204 0
2206 0
2211 0
2213 -1
2214 0
2215 0
2217 0
2219 0
2220 0
2221 1
2222 0
2226 1
2227 1
2229 0
2230 0
2232 4
2233 0
2234 4
2235 0
2236 2
2238 0
2239 0
2240 2
2241 0
2242 -1
2243 0
2244 0
2245 1
2246 0
2247 1
2248 0
2249 0
2253 0
2254 0
2257 4
2259 0
2260 0
2261 1
2263 0
2265 2
2266 1
2267 0
2268 0
2269 4
2270 4
2272 0
2274 2
2275 3
2277 0
2279 2
2280 -1
2281 1
2282 -1
2283 1
2284 0
2286 1
2287 1
2288 1
2289 2
2290 0
2292 2
2293 1
2294 1
2295 0
2296 0
2297 2
2299 0
2300 0
2301 0
2302 0
2303 0
2304 2
2305 0
2306 0
2307 0
2308 0
2309 2
2310 2
2311 1
2312 1
2313 0
2314 0
2315 0
2316 0
2317 -1
2318 1
2319 2
2321 1
2322 2
2323 2
2324 4
2325 1
2326 2
2327 0
2328 -1
2329 0
2331 -1
2332 0
2333 1
2334 4
2335 1
2336 0
2337 0
2338 0
2339 0
2340 0
2341 0
2342 0
2343 4
2344 0
2346 0
2347 0
2348 2
2349 0
2350 -1
2352 0
2353 0
2354 0
2355 0
2357 1
2358 0
2361 0
2363 1
2364 0
2365 1
2366 0
2367 0
2369 0
2370 4
2371 1
2373 2
2374 0
2375 0
2376 2
2378 1
2379 2
2380 0
2381 0
2382 1
2384 0
2385 2
2386 0
2387 1
2388 4
2389 0
2390 0
2391 2
2392 0
2393 -1
2394 0
2395 2
2397 2
2398 0
2399 2
2401 1
2403 0
2404 0
2405 -1
2406 0
2407 0
2410 0
2412 2
2413 4
2414 4
2415 0
2416 1
2417 0
2418 0
2420 0
2422 0
2425 1
2426 0
2427 0
2428 4
2430 0
2431 0
2432 -1
2433 0
2434 2
2435 0
2436 0
2437 4
2438 0
2439 0
2440 1
2442 0
2443 -1
2444 0
2445 2
2446 0
2447 0
2450 1
2451 2
2452 0
2453 0
2454 -1
2455 0
2456 0
2457 2
2458 0
2460 0
2461 0
2463 -1
2464 -1
2465 1
2467 2
2468 1
2469 0
2470 0
2471 1
2472 2
2473 0
2474 0
2475 0
2476 0
2477 1
2478 0
2479 0
2482 -1
2483 2
2484 0
2485 0
2486 0
2488 0
2490 2
2491 4
2492 0
2494 1
2495 0
2497 0
2498 0
2500 0
2501 1
2503 -1
2504 0
2505 3
2506 0
2507 1
2508 0
2509 0
2512 0
2513 2
2514 1
2515 1
2516 2
2517 0
2518 0
2519 1
2520 0
2522 0
2524 0
2525 2
2526 0
2527 0
2528 -1
2529 0
2531 2
2533 0
2534 0
2536 4
2537 2
2538 0
2540 0
2542 1
2543 1
2544 0
2545 0
2546 0
2547 0
2548 2
2549 2
2550 1
2551 4
2552 -1
2553 1
2555 1
2556 0
2557 0
2558 1
2559 0
2560 0
2561 0
2562 0
2563 0
2564 0
2566 0
2567 0
2568 -1
2569 1
2570 2
2571 -1
2572 0
2574 0
2576 0
2577 0
2578 0
2580 0
2582 0
2584 0
2585 0
2586 -1
2587 0
2589 0
2590 2
2591 0
2592 1
2593 -1
2594 2
2596 1
2597 0
2598 -1
2599 0
2600 0
2602 4
2603 1
2604 0
2605 0
2606 1
2607 0
2608 0
2609 1
2610 0
2612 0
2613 0
2614 0
2615 1
2616 0
2617 1
2618 0
2619 0
2621 0
2622 1
2623 4
2624 0
2625 0
2626 2
2627 1
2629 2
2630 0
2631 0
2632 1
2633 -1
2634 0
2635 0
2636 0
2637 0
2641 0
2642 1
2644 0
2645 1
2647 0
2648 -1
2649 2
2650 1
2651 3
2652 0
2654 0
2655 0
2656 0
2657 0
2658 0
2660 0
2661 2
2664 0
2665 0
2666 0
2667 0
2668 0
2669 4
2670 4
2671 2
2672 0
2673 -1
2675 0
2676 -1
2677 0
2678 0
2679 0
2680 -1
2681 2
2682 0
2683 2
2684 4
2685 0
2686 4
2688 0
2689 1
2690 0
2691 0
2692 1
2694 0
2695 1
2696 -1
2697 4
2698 1
2699 0
2701 2
2702 4
2703 0
2705 0
2706 0
2709 0
2710 0
2711 2
2712 0
2713 -1
2714 2
2716 1
2717 2
2718 1
2721 0
2722 0
2723 0
2726 1
2727 3
2728 0
2729 -1
2730 0
2731 0
2732 0
2733 4
2735 0
2738 0
2739 0
2741 0
2742 0
2743 0
2744 2
2745 0
2747 3
2748 1
2749 1
2751 3
2752 2
2754 -1
2756 0
2757 1
2758 0
2759 1
2760 1
2761 0
2762 2
2763 1
2764 1
2765 0
2766 0
2767 0
2768 0
2770 0
2776 0
2777 4
2778 1
2779 0
2780 -1
2781 -1
2785 0
2786 0
2787 0
2788 -1
2789 2
2790 0
2791 0
2792 0
2793 2
2794 1
2795 1
2797 1
2799 0
2800 0
2801 2
2802 0
2804 1
2805 0
2806 0
2807 0
2808 0
2809 0
2811 1
2812 0
2814 0
2815 1
2816 4
2817 0
2818 0
2820 0
2822 0
2824 2
2825 2
2826 0
2827 0
2828 0
2829 0
2830 2
2832 2
2835 0
2836 0
2837 -1
2838 3
2839 0
2841 0
2842 2
2843 0
2844 -1
2845 2
2847 0
2848 0
2849 0
2851 1
2852 1
2853 0
2854 0
2855 1
2856 0
2857 0
2858 4
2859 0
2861 0
2864 0
2866 1
2867 -1
2868 0
2869 1
2870 0
2871 0
2873 -1
2874 0
2875 0
2877 0
2878 0
2880 0
2881 1
2883 0
2884 4
2885 0
2886 -1
2887 2
2888 0
2891 0
2892 2
2893 0
2894 1
2895 0
2896 1
2898 0
2899 2
2900 0
2901 0
2903 1
2904 0
2905 0
2906 0
2907 0
2909 0
2910 1
2911 4
2912 0
2913 0
2914 1
2915 0
2917 3
2919 0
2920 1
2921 0
2922 0
2923 0
2924 4
2925 0
2926 0
2928 0
2929 0
2930 0
2931 0
2932 0
2934 2
2935 1
2936 0
2937 -1
2938 0
2940 0
2941 1
2942 -1
2943 0
2946 0
2947 0
2948 2
2949 0
2950 0
2951 -1
2952 1
2955 0
2956 0
2957 1
2958 0
2960 0
2961 -1
2962 0
2964 -1
2965 0
2966 0
2967 2
2968 0
2969 4
2970 1
2971 0
2972 1
2973 2
2974 6
2975 1
2976 0
2977 0
2978 -1
2979 0
2980 -1
2982 0
2983 1
2984 0
2986 1
2987 0
2988 4
2989 0
2990 0
2991 -1
2992 0
2994 -1
2995 0
2996 1
2997 4
3001 0
3002 -1
3003 2
3004 1
3006 0
3007 0
3008 0
3009 2
3011 4
3012 0
3013 0
3014 1
3016 0
3018 0
3020 0
3021 0
3022 -1
3023 0
3024 0
3025 0
3026 0
3027 2
3028 0
3029 0
3031 0
3034 0
3035 0
3036 2
3038 4
3039 0
3040 0
3041 0
3042 -1
3043 0
3044 -1
3045 0
3046 0
3047 2
3048 1
3049 0
3050 1
3053 2
3054 0
3056 2
3057 0
3058 0
3059 -1
3060 4
3061 -1
3063 0
3064 0
3066 1
3067 1
3068 -1
3069 -1
3071 4
3072 0
3074 2
3075 -1
3076 1
3077 1
3078 -1
3080 0
3081 0
3082 0
3083 0
3084 0
3085 0
3086 1
3087 1
3088 0
3089 0
3090 0
3093 0
3095 2
3096 2
3097 0
3098 2
3101 0
3102 0
3103 4
3104 0
3105 0
3106 0
3109 0
3110 0
3111 0
3112 -1
3113 2
3115 0
3116 0
3117 0
3118 -1
3119 2
3120 0
3121 1
3122 0
3123 0
3124 0
3126 1
3127 0
3130 0
3133 2
3134 0
3140 1
3141 0
3144 1
3145 1
3146 0
3147 3
3150 1
3151 0
3152 2
3154 0
3156 0
3158 0
3159 2
3162 -1
3163 2
3165 0
3166 0
3167 0
3168 0
3169 4
3171 0
3173 1
3174 1
3176 0
3179 4
3180 1
3181 1
3182 1
3183 1
3184 0
3185 0
3186 0
3187 1
3188 1
3189 0
3191 -1
3192 0
3194 4
3195 0
3196 2
3197 0
3198 0
3201 1
3202 0
3204 0
3208 1
3212 0
3213 0
3214 2
3216 0
3217 0
3218 1
3219 0
3220 2
3221 0
3222 0
3224 0
3225 0
3226 0
3227 0
3230 1
3231 0
3233 0
3234 -1
3235 0
3237 0
3240 0
3243 -1
3245 0
3246 0
3247 0
3248 0
3250 1
3253 4
3254 1
3256 1
3257 0
3258 0
3259 2
3261 0
3262 4
3263 2
3264 -1
3265 1
3266 -1
3268 1
3269 1
3270 -1
3271 1
3272 0
3273 2
3274 0
3275 0
3276 0
3277 0
3278 0
3279 0
3280 2
3281 0
3282 0
3283 0
3284 0
3285 0
3286 0
3287 1
3288 0
3289 2
3290 2
3291 2
3292 1
3293 1
3294 0
3295 0
3296 0
3297 0
3301 0
3302 1
3306 0
3307 -1
3308 2
3309 0
3310 -1
3312 0
3314 2
3315 0
3316 2
3317 0
3318 1
3322 0
3325 0
3326 -1
3327 1
3328 1
3329 1
3333 4
3335 0
3336 0
3337 0
3339 0
3340 1
3342 0
3343 -1
3345 0
3347 1
3350 -1
3351 0
3352 0
3353 0
3354 0
3355 4
3356 0
3357 0
3359 1
3362 0
3363 0
3367 2
3368 0
3369 0
3370 0
3371 2
3373 0
3374 -1
3375 4
3376 -1
3377 0
3379 2
3380 0
3382 1
3383 2
3384 0
3385 -1
3386 1
3387 0
3388 0
3389 0
3391 0
3392 2
3393 -1
3394 1
3397 0
3399 1
3402 0
3403 4
3404 0
3405 -1
3406 1
3407 1
3409 1
3412 0
3413 2
3414 0
3415 0
3416 2
3417 0
3418 0
3420 4
3421 0
3422 0
3423 3
3424 -1
3426 2
3428 0
3430 1
3432 0
3433 0
3434 4
3435 0
3439 4
3440 2
3442 0
3443 0
3444 1
3445 0
3447 4
3448 1
3449 0
3451 0
3452 0
3453 1
3454 -1
3455 0
3456 0
3457 0
3458 0
3460 -1
3461 2
3462 0
3464 0
3465 0
3466 4
3467 0
3470 0
3471 2
3472 0
3473 4
3474 2
3475 0
3476 2
3477 0
3478 0
3481 1
3482 1
3485 0
3486 0
3487 0
3490 0
3491 0
3493 0
3494 0
3495 0
3496 2
3497 1
3499 2
3500 0
3501 0
3502 4
3503 1
3504 0
3506 0
3507 -1
3509 4
3511 0
3513 0
3514 0
3515 4
3516 0
3517 0
3520 4
3521 0
3523 0
3525 0
3526 2
3527 1
3528 4
3529 0
3531 0
3532 0
3533 1
3534 4
3535 4
3536 0
3537 -1
3538 1
3539 0
3540 0
3541 0
3543 0
3544 0
3545 2
3546 4
3548 0
3549 0
3550 1
3551 0
3552 3
3553 0
3554 0
3555 -1
3556 2
3557 0
3558 1
3559 2
3561 4
3562 1
3565 4
3566 0
3568 2
3569 0
3571 0
3572 1
3575 4
3579 1
3582 0
3583 0
3584 0
3586 0
3588 1
3590 0
3591 0
3592 0
3593 -1
3594 1
3596 0
3598 0
3600 1
3602 0
3604 0
3606 2
3610 0
3612 0
3613 0
3615 2
3616 0
3617 0
3618 0
3622 1
3623 4
3624 2
3625 1
3626 0
3627 4
3630 0
3633 0
3635 0
3637 0
3638 0
3639 0
3640 0
3642 0
3645 0
3646 2
3647 0
3648 2
3649 0
3650 1
3651 0
3653 3
3655 1
3656 0
3657 0
3658 0
3660 0
3661 2
3662 0
3663 0
3664 0
3665 0
3667 0
3668 1
3669 0
3672 4
3673 1
3675 -1
3677 0
3679 1
3681 0
3683 1
3685 0
3686 1
3688 0
3689 0
3690 1
3691 1
3693 2
3695 0
3696 0
3697 0
3698 1
3699 -1
3700 1
3701 1
3702 0
3704 0
3705 0
3706 2
3707 0
3713 0
3714 -1
3715 0
3716 0
3717 4
3718 0
3719 0
3720 0
3721 3
3722 0
3725 0
3726 2
3727 1
3729 -1
3730 0
3733 0
3735 0
3736 0
3737 2
3738 0
3739 0
3741 0
3743 0
3744 -1
3745 0
3747 1
3748 0
3749 0
3750 2
3752 0
3753 2
3755 1
3756 -1
3757 0
3759 2
3761 2
3762 0
3764 -1
3765 -1
3767 0
3770 0
3771 0
3778 0
3779 0
3781 0
3783 0
3785 0
3786 0
3787 1
3788 1
3790 0
3791 1
3795 0
3797 1
3798 1
3799 0
3800 -1
3802 0
3803 0
3804 -1
3806 0
3807 0
3810 1
3812 1
3813 0
3814 4
3815 1
3816 0
3817 2
3819 1
3820 -1
3821 0
3822 1
3824 -1
3825 0
3826 2
3828 0
3832 0
3833 0
3834 0
3835 2
3837 1
3838 4
3839 1
3841 0
3843 0
3844 1
3848 4
3849 -1
3850 0
3851 0
3852 0
3855 2
3856 0
3858 0
3859 -1
3861 2
3863 2
3865 1
3866 0
3867 0
3868 0
3870 4
3871 0
3874 0
3875 -1
3876 1
3877 2
3878 4
3879 0
3881 1
3883 1
3884 1
3886 -1
3887 1
3888 0
3889 0
3891 2
3892 -1
3894 1
3896 0
3901 0
3902 0
3904 2
3905 1
3907 1
3908 0
3909 2
3910 -1
3912 -1
3913 2
3914 1
3915 0
3916 0
3918 1
3919 0
3920 -1
3921 -1
3922 1
3924 1
3925 0
3926 0
3927 0
3928 0
3930 -1
3931 1
3932 2
3935 4
3936 0
3937 4
3941 0
3942 0
3943 0
3945 2
3946 2
3947 3
3949 2
3950 0
3951 0
3954 0
3957 0
3958 0
3959 0
3960 0
3961 0
3962 0
3964 2
3965 0
3968 0
3971 0
3972 0
3976 0
3978 1
3979 -1
3980 -1
3981 2
3982 1
3983 0
3985 0
3986 1
3987 0
3988 0
3989 4
3990 2
3991 0
3994 2
3997 0
3998 1
3999 0
4000 4
4001 0
4002 0
4003 -1
4004 1
4006 0
4011 4
4012 0
4013 0
4014 0
4016 -1
4018 2
4019 2
4020 1
4021 0
4022 0
4023 0
4024 0
4026 2
4027 -1
4028 1
4029 1
4030 0
4031 1
4032 2
4034 2
4035 2
4038 2
4039 0
4040 0
4043 0
4044 0
4045 2
4047 0
4051 2
4052 0
4054 4
4055 -1
4056 4
4057 2
4059 2
4060 0
4063 2
4065 0
4066 1
4067 0
4068 0
4071 -1
4072 1
4074 1
4076 4
4078 0
4080 1
4081 0
4082 1
4083 1
4085 0
4086 2
4087 0
4088 2
4090 0
4091 0
4092 2
4093 -1
4094 0
4095 4
4096 0
4097 1
4100 1
4103 1
4104 0
4105 0
4107 2
4110 0
4111 0
4113 -1
4114 1
4116 0
4117 2
4119 1
4121 0
4123 2
4124 0
4125 0
4126 0
4128 2
4129 2
4132 0
4133 0
4135 1
4136 0
4137 0
4138 0
4143 0
4145 -1
4147 -1
4148 0
4149 0
4153 -1
4154 2
4155 0
4158 2
4159 0
4160 4
4161 0
4162 0
4163 0
4165 0
4166 1
4167 0
4169 0
4171 -1
4173 1
4175 4
4176 0
4178 0
4179 2
4180 1
4181 0
4183 0
4185 0
4188 0
4190 0
4191 0
4192 0
4193 1
4194 1
4195 0
4196 2
4197 0
4198 -1
4199 0
4200 0
4201 0
4202 -1
4203 2
4208 2
4209 2
4210 0
4211 0
4213 0
4214 0
4215 0
4216 1
4218 1
4219 0
4221 0
4223 0
4224 2
4226 -1
4227 0
4229 -1
4230 0
4231 0
4233 2
4234 0
4235 1
4237 0
4239 0
4240 4
4241 4
4242 0
4243 0
4244 0
4245 0
4248 2
4250 0
4253 0
4255 0
4256 -1
4258 2
4260 2
4261 0
4262 4
4265 2
4268 1
4269 0
4274 0
4275 1
4276 0
4277 2
4279 1
4281 0
4282 4
4283 0
4284 0
4285 0
4286 2
4287 2
4288 0
4289 0
4291 1
4292 1
4294 0
4295 2
4296 1
4297 4
4298 0
4299 3
4301 0
4303 2
4304 4
4309 0
4310 0
4311 2
4312 0
4313 0
4316 2
4317 1
4318 0
4321 1
4322 0
4323 1
4326 0
4327 0
4329 1
4330 0
4331 0
4332 1
4335 0
4336 0
4337 1
4339 4
4340 2
4341 0
4342 0
4343 0
4344 0
4345 2
4350 0
4351 0
4355 1
4356 0
4360 -1
4361 0
4362 0
4364 0
4365 0
4366 4
4367 0
4368 0
4370 2
4372 1
4374 0
4377 0
4379 0
4380 2
4382 0
4383 0
4385 0
4386 1
4387 0
4388 0
4389 2
4390 1
4391 2
4392 2
4393 0
4395 0
4396 -1
4397 2
4400 2
4402 0
4405 2
4407 0
4409 1
4410 0
4411 0
4413 0
4415 0
4417 0
4418 4
4419 4
4420 0
4421 0
4422 0
4424 -1
4425 0
4428 0
4429 1
4430 -1
4434 0
4435 0
4436 -1
4437 0
4438 1
4439 0
4440 1
4442 1
4443 0
4445 0
4446 0
4448 4
4449 1
4451 1
4453 4
4454 0
4455 1
4457 0
4459 0
4463 2
4465 1
4467 0
4468 1
4471 4
4472 0
4473 0
4475 0
4477 0
4478 4
4479 1
4480 0
4481 -1
4483 0
4485 0
4487 0
4488 4
4489 1
4492 0
4494 1
4495 0
4497 0
4499 0
4502 0
4503 1
4506 2
4507 0
4508 4
4509 4
4510 0
4511 0
4512 6
4514 0
4515 0
4518 0
4519 0
4520 0
4521 1
4522 1
4525 2
4526 0
4527 0
4528 0
4531 -1
4532 0
4536 0
4537 0
4539 2
4540 0
4542 0
4544 1
4546 0
4548 0
4549 0
4551 2
4552 2
4558 2
4561 -1
4562 0
4565 -1
4567 -1
4568 0
4569 0
4571 0
4573 0
4574 0
4575 2
4579 0
4580 1
4582 1
4583 2
4584 -1
4585 0
4587 1
4588 0
4589 -1
4590 1
4591 1
4592 0
4595 1
4596 0
4597 0
4598 0
4600 0
4601 0
4603 0
4604 0
4605 1
4606 2
4608 0
4609 0
4610 2
4611 2
4612 -1
4613 0
4616 2
4618 0
4624 0
4625 0
4626 4
4628 0
4630 1
4631 0
4632 1
4633 4
4635 -1
4636 0
4639 0
4640 0
4642 4
4643 0
4644 -1
4645 0
4647 1
4649 0
4652 0
4653 1
4655 2
4656 0
4657 0
4658 0
4659 1
4661 0
4662 0
4665 2
4669 2
4670 1
4671 0
4672 4
4674 4
4675 2
4677 0
4680 1
4681 -1
4682 0
4683 0
4684 2
4687 0
4690 0
4691 2
4692 2
4696 -1
4697 0
4698 1
4700 2
4701 2
4702 0
4704 0
4705 0
4708 2
4710 0
4711 0
4714 1
4715 0
4716 0
4717 0
4718 2
4722 0
4723 1
4725 0
4726 0
4727 4
4728 4
4729 1
4731 1
4732 0
4733 -1
4734 0
4735 0
4736 4
4739 0
4740 0
4742 0
4743 0
4744 2
4747 0
4748 1
4749 0
4751 0
4752 1
4753 0
4755 0
4756 -1
4757 1
4758 0
4762 0
4764 0
4765 2
4766 2
4768 2
4771 0
4775 1
4777 0
4778 -1
4780 0
4781 0
4782 0
4785 0
4787 0
4788 0
4789 0
4790 0
4791 0
4792 2
4793 0
4794 2
4795 2
4799 0
4800 0
4802 0
4804 -1
4805 0
4808 1
4811 0
4814 0
4815 1
4818 0
4820 1
4821 -1
4822 0
4824 1
4828 0
4829 0
4830 0
4831 1
4833 -1
4834 4
4835 0
4836 0
4837 0
4839 1
4840 1
4841 0
4842 0
4843 0
4844 0
4846 1
4848 2
4850 0
4851 0
4852 0
4853 0
4854 0
4855 -1
4856 1
4857 2
4858 4
4860 -1
4861 0
4862 0
4863 -1
4865 1
4868 1
4869 0
4870 0
4871 2
4872 2
4874 0
4875 0
4878 0
4879 4
4881 0
4882 0
4884 2
4886 0
4887 2
4889 0
4890 0
4892 0
4896 0
4897 0
4898 2
4900 2
4901 1
4902 -1
4906 0
4908 1
4909 1
4911 0
4912 0
4913 0
4916 0
4917 4
4918 0
4920 0
4921 0
4922 0
4923 0
4926 1
4927 0
4929 4
4930 2
4931 0
4932 0
4933 0
4934 0
4937 2
4938 0
4941 1
4944 0
4945 -1
4946 0
4947 4
4951 0
4952 4
4953 -1
4955 0
4956 0
4957 1
4959 -1
4962 1
4966 -1
4968 0
4970 0
4971 0
4972 -1
4974 2
4976 3
4979 0
4982 0
4985 1
4986 1
4987 0
4988 1
4989 1
4991 0
4992 -1
4994 0
4995 0
4997 0
4998 2
4999 1
