0 0
1 1
2 1
3 0
5 2
6 0
7 5
8 2
9 1
10 -1
11 -1
12 3
13 -1
14 -1
15 1
16 2
17 2
18 -1
19 4
20 5
21 -1
22 -1
23 0
24 -1
25 -1
26 3
27 4
28 0
29 1
30 4
31 0
32 -1
33 1
34 3
35 1
36 1
37 0
38 -1
39 4
40 -1
41 4
42 3
43 3
44 -1
45 1
46 -1
47 2
48 3
49 -1
50 -1
51 -1
52 2
53 1
54 1
55 0
56 -1
57 -1
58 -1
59 1
60 1
62 1
63 -1
64 1
65 3
66 5
67 1
68 -1
69 4
70 -1
71 2
72 0
73 2
75 5
76 1
77 3
78 -1
79 -1
80 2
81 -1
83 -1
84 -1
85 1
86 1
87 3
88 1
90 2
91 -1
92 6
93 -1
94 2
95 -1
96 0
97 0
98 1
99 5
101 -1
102 -1
103 2
104 2
105 1
106 6
107 4
108 -1
109 3
110 0
111 3
112 0
114 5
115 -1
116 2
117 1
119 0
120 3
121 -1
122 4
123 -1
124 0
125 -1
126 3
127 5
128 2
129 -1
130 2
131 4
132 0
133 -1
134 0
135 1
136 0
137 -1
138 -1
139 -1
140 2
141 3
142 -1
143 1
144 0
146 0
147 5
148 -1
149 3
150 1
151 2
152 2
153 1
154 -1
155 -1
156 1
157 0
158 -1
159 1
160 1
161 2
162 5
163 3
164 1
165 -1
166 -1
167 5
168 -1
169 4
170 3
171 3
172 1
173 7
174 3
175 -1
176 5
177 2
178 1
179 -1
180 2
181 -1
182 3
183 5
184 0
185 5
186 -1
187 0
188 0
189 0
190 2
191 2
192 -1
193 2
194 5
195 2
196 4
197 3
198 -1
199 0
200 1
201 -1
202 3
203 3
204 5
205 4
206 0
207 0
208 2
209 2
210 3
211 0
212 3
213 0
214 -1
215 2
216 -1
217 -1
218 -1
219 5
220 3
221 0
222 -1
223 -1
224 2
225 -1
226 -1
227 -1
228 3
229 2
230 -1
231 0
232 2
233 0
234 4
235 3
236 3
237 -1
238 0
239 5
240 5
241 1
242 1
243 -1
244 -1
245 4
246 -1
247 2
248 -1
249 3
250 2
251 2
252 -1
254 6
255 2
256 3
257 1
258 4
259 3
260 -1
261 2
262 2
263 3
264 -1
265 5
266 3
267 0
268 -1
269 2
270 1
271 -1
272 2
273 -1
274 2
275 -1
277 0
278 0
279 -1
280 -1
282 1
283 0
284 1
285 2
286 -1
287 4
288 -1
289 1
290 0
291 2
292 5
293 -1
294 1
295 4
296 2
297 0
298 -1
299 3
300 3
301 1
302 0
303 2
304 -1
305 2
306 -1
307 0
308 1
309 5
310 -1
311 4
312 -1
313 -1
314 1
315 2
316 5
317 6
318 0
319 2
320 5
321 2
322 -1
323 -1
324 5
325 -1
326 -1
327 5
328 4
329 1
330 2
331 3
332 5
333 -1
334 3
335 -1
337 2
338 5
339 -1
340 -1
341 1
342 5
344 0
345 2
346 0
347 0
348 -1
349 0
350 0
351 3
352 4
353 2
354 3
355 3
356 0
357 -1
358 -1
359 6
360 -1
361 2
362 0
363 -1
364 0
365 0
366 1
367 5
368 3
369 0
370 1
372 -1
373 5
374 -1
375 6
376 3
377 0
378 2
379 0
380 2
381 1
382 1
383 5
384 -1
385 2
386 0
387 3
388 0
389 -1
390 -1
391 2
392 -1
393 3
394 -1
395 -1
396 -1
397 0
398 0
399 0
400 -1
401 -1
402 3
403 -1
404 1
405 0
406 0
407 -1
408 -1
409 1
410 2
411 -1
412 2
413 1
414 2
415 0
416 0
417 3
418 5
419 2
420 2
421 0
422 2
423 3
424 2
425 0
426 5
427 -1
428 0
429 1
430 -1
431 -1
432 2
433 0
434 -1
435 0
436 2
437 4
438 0
439 4
440 1
441 2
442 2
443 0
444 4
445 -1
446 2
447 0
448 -1
449 3
450 3
451 1
452 -1
453 -1
454 3
455 1
457 0
458 3
459 -1
460 -1
461 -1
462 3
463 5
464 3
465 -1
466 2
467 2
468 2
469 2
470 -1
471 0
472 1
473 5
474 1
475 -1
476 3
477 0
478 -1
479 3
480 -1
481 2
482 3
483 -1
484 3
485 0
486 1
487 -1
489 0
490 0
491 0
492 3
493 2
494 0
495 -1
496 3
497 1
498 3
499 1
501 -1
502 1
503 5
506 6
509 -1
510 2
511 -1
512 -1
513 1
514 3
516 -1
518 -1
519 1
520 2
521 -1
522 1
523 2
524 -1
525 -1
527 -1
528 2
529 0
530 2
531 3
532 2
533 -1
534 3
535 -1
536 1
537 -1
538 3
539 3
540 -1
541 1
542 1
543 -1
544 -1
545 1
546 2
547 -1
549 2
550 -1
551 1
552 5
553 2
554 5
555 0
556 0
557 4
558 2
559 -1
560 5
562 -1
563 2
564 1
566 3
567 -1
568 5
569 -1
570 5
571 2
572 5
573 4
574 2
575 -1
576 0
577 -1
578 2
579 0
580 2
581 0
582 0
583 -1
584 1
585 0
586 -1
587 2
588 3
589 0
590 0
591 3
592 1
593 3
594 1
595 3
596 6
597 3
598 2
599 4
600 -1
601 5
602 4
603 4
604 -1
605 -1
606 1
607 7
608 1
609 -1
610 0
611 -1
612 -1
613 1
614 6
615 -1
616 -1
617 -1
618 -1
619 0
620 -1
621 -1
622 3
623 0
624 2
625 1
626 -1
627 0
628 3
629 2
630 2
631 -1
632 2
633 0
634 -1
635 0
636 4
637 1
638 0
639 3
640 -1
641 1
642 0
643 1
644 -1
645 -1
646 6
647 5
648 -1
651 3
652 3
653 3
654 0
655 -1
656 -1
657 1
658 -1
659 -1
660 5
661 0
662 -1
663 0
664 0
665 5
666 -1
667 1
668 -1
670 -1
671 2
672 2
673 0
674 0
675 5
676 3
678 2
679 0
680 3
681 -1
682 -1
683 3
684 1
685 2
686 3
687 0
688 2
689 8
690 -1
691 4
692 5
693 5
694 3
695 2
696 2
697 2
698 2
699 -1
701 5
702 -1
703 5
704 4
705 0
706 0
707 1
708 0
709 3
710 2
711 2
712 2
713 -1
714 -1
716 2
717 5
718 2
719 4
720 4
722 -1
723 2
724 -1
725 0
726 2
727 2
728 -1
729 1
730 0
731 0
732 -1
733 0
734 0
735 2
736 -1
737 1
738 -1
739 2
740 -1
741 2
742 -1
743 1
744 0
745 5
746 2
747 -1
748 -1
749 -1
751 1
752 5
753 -1
754 1
755 1
756 2
757 3
758 -1
760 -1
761 0
762 5
763 3
764 3
765 1
766 2
767 1
768 5
769 0
770 -1
771 1
772 -1
773 2
774 0
775 2
776 -1
777 2
778 2
779 -1
780 -1
781 0
782 1
783 2
784 0
785 0
786 3
787 2
788 3
789 2
790 0
791 2
792 3
793 -1
794 2
795 4
796 5
797 3
798 4
799 4
800 -1
801 1
802 4
803 -1
804 0
805 0
806 5
807 2
808 1
809 0
810 -1
811 -1
812 6
813 -1
814 5
815 2
816 3
817 0
818 -1
819 -1
820 -1
821 -1
822 -1
823 2
824 3
826 8
827 -1
828 -1
829 -1
830 2
831 -1
832 6
833 -1
834 5
835 3
836 0
837 1
838 -1
839 3
840 3
841 2
843 -1
846 -1
847 -1
848 3
849 0
850 3
852 1
853 2
855 -1
856 3
857 0
858 2
859 -1
860 -1
861 2
862 2
863 2
864 3
865 0
866 0
867 3
868 -1
869 -1
871 1
872 0
873 -1
874 -1
875 1
876 0
877 -1
878 -1
879 0
881 5
882 2
883 -1
884 1
885 0
886 3
888 2
889 2
890 1
891 1
892 -1
893 0
894 5
895 1
896 -1
897 4
898 1
899 2
900 0
901 -1
902 5
903 4
904 1
905 2
906 -1
907 2
909 1
910 0
911 3
912 2
913 2
914 1
915 2
916 2
917 2
918 -1
919 -1
920 1
921 0
922 -1
923 2
924 0
925 5
926 -1
927 0
928 2
929 3
930 2
931 2
932 5
933 5
934 5
936 2
937 3
938 1
939 2
940 2
941 2
942 -1
943 2
944 0
945 4
946 3
947 1
948 1
949 2
950 -1
951 2
953 -1
954 1
955 2
956 5
957 3
958 5
959 3
960 0
961 3
962 0
963 2
964 1
965 2
967 3
968 0
969 0
970 0
971 -1
972 3
973 5
974 -1
975 3
977 1
978 3
979 1
980 -1
981 1
982 -1
983 0
984 -1
985 2
987 2
988 0
989 2
990 2
991 3
992 2
993 0
994 -1
995 -1
996 1
997 3
998 -1
999 0
1000 0
1001 0
1002 2
1003 0
1004 1
1005 1
1006 1
1008 4
1009 3
1010 5
1011 0
1013 2
1014 -1
1015 -1
1016 -1
1017 0
1019 0
1020 -1
1021 1
1022 3
1023 1
1024 -1
1025 -1
1027 2
1028 2
1029 0
1030 2
1031 2
1032 -1
1033 4
1034 -1
1035 0
1036 1
1037 -1
1038 -1
1040 -1
1041 3
1042 1
1044 3
1045 3
1046 0
1047 5
1048 2
1049 3
1050 5
1052 1
1053 2
1054 1
1055 3
1057 1
1058 0
1059 -1
1060 0
1061 -1
1062 0
1063 3
1064 0
1065 1
1066 2
1067 2
1068 0
1069 3
1070 2
1071 1
1072 3
1074 2
1075 -1
1076 1
1077 -1
1078 0
1079 1
1080 -1
1081 -1
1082 -1
1083 0
1084 -1
1085 2
1086 3
1087 -1
1088 0
1089 2
1090 -1
1091 5
1092 3
1093 2
1094 -1
1095 -1
1097 -1
1098 -1
1099 0
1100 -1
1101 5
1103 2
1104 2
1105 5
1106 -1
1107 -1
1108 2
1109 2
1110 1
1111 5
1112 3
1113 -1
1114 -1
1115 2
1116 -1
1117 2
1118 -1
1119 1
1120 1
1121 0
1122 -1
1123 3
1124 0
1125 3
1126 -1
1127 -1
1128 -1
1129 2
1130 3
1131 1
1132 2
1133 0
1134 2
1135 0
1137 2
1139 1
1140 -1
1141 5
1142 3
1143 -1
1144 1
1145 1
1146 -1
1147 0
1148 -1
1149 -1
1150 5
1151 -1
1152 3
1154 -1
1155 0
1158 0
1159 3
1160 -1
1161 4
1162 5
1163 -1
1165 0
1166 -1
1167 -1
1168 -1
1169 0
1170 -1
1171 -1
1172 2
1173 1
1174 3
1177 -1
1178 0
1179 2
1180 1
1181 2
1182 4
1183 3
1184 5
1185 3
1186 3
1187 -1
1188 1
1189 -1
1190 -1
1191 2
1192 -1
1193 0
1194 1
1195 0
1196 1
1197 4
1198 2
1199 3
1200 2
1201 0
1203 0
1205 4
1206 0
1207 -1
1208 3
1209 5
1210 -1
1211 2
1212 5
1213 0
1214 3
1215 0
1216 0
1217 2
1218 -1
1219 0
1220 3
1221 3
1222 1
1223 0
1225 2
1226 -1
1227 -1
1228 3
1229 1
1230 2
1232 1
1233 3
1234 2
1235 1
1237 3
1238 -1
1239 0
1240 2
1241 1
1242 3
1243 2
1245 2
1246 3
1247 5
1248 5
1249 3
1250 -1
1251 2
1252 0
1253 1
1255 1
1256 -1
1257 1
1258 -1
1259 -1
1260 1
1261 -1
1262 2
1263 -1
1264 4
1265 1
1266 3
1267 3
1269 2
1270 -1
1271 2
1272 -1
1273 2
1274 -1
1275 3
1277 -1
1278 0
1279 -1
1281 0
1283 2
1284 -1
1285 5
1286 -1
1287 3
1289 0
1290 -1
1291 -1
1292 -1
1293 0
1294 1
1295 2
1296 -1
1297 -1
1298 -1
1299 3
1300 3
1301 3
1302 3
1303 0
1305 -1
1306 -1
1307 -1
1308 -1
1310 3
1311 2
1313 0
1314 4
1315 3
1316 -1
1317 3
1319 -1
1320 -1
1321 3
1322 3
1323 1
1324 3
1325 2
1326 2
1327 2
1328 -1
1329 0
1330 -1
1332 3
1333 1
1334 3
1335 -1
1336 1
1337 -1
1339 0
1340 3
1341 2
1343 2
1344 -1
1345 3
1346 3
1347 2
1348 2
1349 -1
1350 -1
1351 -1
1352 1
1353 3
1354 0
1355 3
1357 5
1358 1
1359 2
1360 -1
1361 5
1362 3
1363 3
1364 0
1365 3
1366 2
1367 1
1368 -1
1369 -1
1370 0
1372 1
1373 3
1374 0
1375 0
1376 0
1377 1
1378 2
1380 1
1381 5
1382 -1
1384 0
1385 -1
1387 1
1388 1
1389 3
1391 -1
1392 -1
1393 5
1394 1
1395 4
1396 1
1397 0
1399 3
1400 3
1401 3
1402 5
1403 4
1404 5
1405 0
1406 0
1407 2
1408 3
1410 5
1411 2
1412 5
1413 0
1414 5
1415 5
1416 1
1417 -1
1418 1
1419 1
1420 -1
1421 3
1422 0
1423 2
1425 2
1426 -1
1427 2
1429 4
1430 4
1431 4
1432 2
1433 6
1434 1
1436 -1
1438 5
1439 0
1440 4
1441 -1
1442 -1
1443 5
1444 0
1445 -1
1446 2
1447 0
1448 5
1449 -1
1450 0
1451 5
1452 2
1453 3
1454 3
1455 0
1456 -1
1457 3
1458 3
1459 4
1460 -1
1461 3
1462 -1
1463 3
1464 -1
1465 -1
1466 -1
1467 0
1468 2
1469 0
1470 2
1471 -1
1472 3
1473 -1
1474 3
1475 -1
1476 2
1479 2
1480 3
1481 5
1482 2
1483 4
1484 3
1486 6
1487 0
1490 1
1491 3
1492 0
1493 2
1494 -1
1495 7
1496 -1
1497 5
1498 0
1499 2
1500 3
1501 4
1502 1
1503 -1
1504 3
1505 3
1506 -1
1507 -1
1508 0
1509 2
1510 3
1512 2
1514 0
1515 0
1517 3
1518 0
1520 0
1521 -1
1522 0
1523 3
1524 2
1525 2
1526 3
1527 0
1528 3
1529 0
1530 1
1531 3
1532 4
1534 5
1535 2
1536 0
1537 0
1538 -1
1539 4
1540 3
1541 -1
1542 5
1543 2
1544 2
1545 0
1546 5
1547 3
1549 1
1551 3
1552 2
1553 3
1554 2
1555 3
1556 1
1557 3
1558 1
1560 7
1563 0
1565 3
1566 0
1567 0
1568 0
1570 0
1571 4
1572 0
1573 -1
1574 0
1575 3
1576 1
1577 3
1578 2
1579 0
1581 3
1582 2
1583 2
1584 4
1585 5
1586 3
1587 0
1588 5
1589 2
1590 2
1591 -1
1593 2
1594 4
1595 4
1597 3
1599 1
1600 3
1601 0
1602 4
1603 -1
1604 1
1605 2
1607 2
1609 1
1610 1
1611 3
1612 3
1613 0
1614 -1
1615 0
1616 -1
1617 0
1618 5
1619 0
1621 -1
1622 3
1623 5
1625 2
1626 0
1627 3
1628 5
1629 2
1630 2
1631 2
1632 -1
1633 -1
1635 0
1636 0
1637 -1
1639 3
1640 6
1643 0
1644 0
1645 2
1646 0
1647 4
1648 1
1649 4
1650 1
1651 2
1652 2
1653 -1
1654 -1
1655 0
1656 2
1657 1
1658 0
1659 3
1660 2
1661 4
1662 -1
1663 5
1664 -1
1665 3
1666 -1
1667 1
1668 1
1669 1
1670 0
1671 3
1674 0
1676 3
1677 0
1678 3
1679 2
1681 0
1682 0
1684 1
1685 0
1686 -1
1687 1
1688 2
1689 3
1690 3
1691 2
1692 2
1694 -1
1695 3
1696 2
1697 -1
1698 2
1699 0
1701 0
1702 1
1703 0
1704 2
1705 3
1706 7
1707 1
1708 -1
1709 2
1710 3
1712 0
1713 3
1715 3
1716 1
1718 0
1719 0
1720 0
1721 1
1722 5
1723 2
1724 3
1725 3
1726 2
1727 -1
1728 2
1730 5
1732 2
1733 1
1734 2
1735 0
1736 1
1737 3
1738 1
1739 -1
1740 2
1741 0
1742 0
1743 -1
1745 3
1747 -1
1748 2
1749 3
1750 3
1751 2
1752 2
1753 2
1754 4
1755 -1
1756 0
1757 -1
1758 5
1759 0
1761 2
1762 4
1764 0
1765 1
1766 -1
1767 0
1768 2
1769 -1
1771 0
1772 1
1773 4
1774 0
1775 3
1776 2
1777 0
1778 -1
1779 5
1780 2
1781 0
1782 6
1783 1
1784 5
1785 4
1786 0
1788 3
1789 5
1790 -1
1791 -1
1792 1
1793 3
1794 3
1795 0
1796 2
1797 1
1798 4
1799 -1
1801 0
1802 5
1804 2
1805 -1
1806 -1
1807 3
1808 -1
1809 2
1810 -1
1811 3
1813 2
1815 4
1816 2
1817 2
1818 3
1819 3
1820 2
1821 3
1822 1
1824 -1
1825 4
1826 0
1827 3
1829 0
1830 -1
1831 4
1832 3
1833 2
1834 2
1837 -1
1839 4
1840 1
1841 2
1842 1
1843 0
1845 3
1846 0
1847 3
1848 0
1849 0
1850 3
1851 -1
1852 4
1853 2
1854 -1
1855 1
1857 1
1858 3
1859 3
1860 1
1861 1
1862 4
1863 4
1864 1
1865 2
1866 4
1867 1
1868 0
1869 2
1870 4
1871 1
1872 3
1873 2
1874 2
1875 1
1876 1
1877 0
1878 0
1879 3
1880 4
1881 0
1882 5
1883 0
1884 5
1885 3
1887 3
1888 2
1889 3
1890 2
1891 0
1892 3
1893 4
1894 -1
1895 -1
1896 0
1897 2
1899 2
1900 2
1902 3
1903 3
1904 5
1906 0
1907 -1
1908 3
1909 -1
1910 2
1911 2
1912 -1
1913 -1
1914 1
1915 0
1916 0
1917 -1
1918 4
1919 1
1920 -1
1921 2
1922 3
1923 2
1924 4
1925 1
1926 1
1927 2
1928 2
1929 2
1930 4
1931 2
1932 4
1933 0
1934 1
1935 5
1936 5
1938 1
1939 2
1940 1
1941 4
1942 0
1943 2
1944 4
1945 2
1947 0
1948 2
1949 2
1950 -1
1951 4
1952 -1
1953 -1
1954 3
1955 2
1957 -1
1959 3
1962 1
1964 0
1965 3
1966 1
1967 1
1968 -1
1969 1
1970 -1
1971 -1
1972 8
1973 5
1974 3
1976 2
1977 2
1978 1
1979 3
1980 0
1982 -1
1983 3
1985 1
1986 4
1987 0
1991 2
1992 2
1993 2
1994 -1
1995 -1
1997 2
1998 -1
2000 0
2001 2
2003 3
2006 -1
2007 3
2008 1
2009 2
2010 2
2011 3
2012 3
2013 0
2014 2
2015 3
2016 2
2017 4
2018 5
2019 -1
2020 2
2021 2
2022 5
2024 2
2025 0
2026 2
2027 -1
2028 0
2029 3
2031 -1
2032 3
2033 1
2034 -1
2035 1
2036 0
2037 3
2038 3
2039 3
2040 2
2041 2
2042 -1
2043 5
2044 8
2045 2
2046 0
2047 1
2048 4
2049 3
2050 2
2051 3
2053 1
2054 0
2055 -1
2056 4
2057 1
2058 1
2059 5
2061 0
2062 5
2063 -1
2064 3
2065 0
2067 2
2068 2
2069 1
2070 1
2071 0
2072 5
2073 -1
2074 3
2075 -1
2076 2
2077 2
2079 1
2080 3
2081 -1
2082 3
2083 0
2084 0
2085 -1
2086 1
2087 3
2088 0
2089 2
2090 3
2091 4
2092 2
2093 8
2094 0
2096 3
2097 4
2099 1
2100 3
2101 2
2102 3
2104 4
2105 0
2107 1
2108 0
2109 0
2110 2
2111 3
2113 3
2114 4
2115 1
2116 -1
2117 2
2118 2
2119 0
2121 2
2122 2
2123 -1
2124 3
2125 1
2126 1
2127 0
2128 3
2129 2
2130 1
2131 2
2132 0
2133 -1
2135 3
2136 3
2137 -1
2138 0
2139 -1
2140 4
2141 2
2142 -1
2143 0
2144 0
2145 -1
2147 2
2148 0
2149 3
2150 2
2151 3
2152 2
2153 3
2154 1
2155 0
2156 4
2157 5
2158 -1
2159 3
2160 4
2161 1
2162 3
2163 0
2164 3
2167 3
2168 0
2170 8
2171 5
2172 5
2174 3
2175 0
2176 -1
2177 3
2178 2
2181 2
2182 3
2183 4
2184 5
2185 5
2186 4
2187 2
2188 5
2189 4
2190 -1
2191 3
2192 0
2193 4
2195 3
2196 1
2197 2
2198 -1
2200 0
2201 5
2203 -1
2204 2
2206 2
2208 4
2211 -1
2213 -1
2214 1
2215 1
2217 6
2219 1
2220 2
2221 2
2222 0
2226 -1
2227 0
2229 1
2230 -1
2232 0
2233 0
2234 4
2235 1
2236 0
2238 0
2239 2
2240 2
2241 2
2242 1
2243 3
2244 0
2245 0
2246 0
2247 3
2248 1
2249 0
2253 -1
2254 1
2257 2
2258 4
2259 4
2260 1
2261 2
2262 4
2263 3
2264 4
2265 3
2266 2
2267 2
2268 2
2269 2
2270 4
2272 4
2274 0
2275 2
2277 2
2279 0
2280 -1
2281 4
2282 4
2283 0
2284 1
2286 3
2287 0
2288 0
2289 2
2290 2
2292 2
2293 2
2294 3
2295 -1
2296 0
2297 0
2299 1
2300 3
2301 0
2302 -1
2303 2
2304 2
2305 2
2306 3
2307 5
2308 1
2309 2
2310 0
2311 3
2312 2
2313 0
2314 5
2315 1
2316 -1
2317 1
2318 2
2319 -1
2320 3
2321 2
2322 3
2323 2
2324 2
2325 3
2326 3
2327 2
2328 0
2329 2
2331 2
2332 2
2333 2
2334 4
2335 2
2336 3
2337 2
2338 0
2339 -1
2340 2
2341 2
2342 5
2343 3
2344 1
2346 4
2347 0
2348 2
2349 1
2350 2
2351 4
2352 4
2353 0
2354 0
2355 2
2356 4
2357 0
2358 2
2359 4
2361 0
2362 3
2363 3
2364 3
2365 2
2366 0
2367 0
2369 2
2370 1
2371 2
2373 0
2374 3
2375 2
2376 0
2378 3
2379 2
2380 2
2381 0
2382 3
2384 0
2385 0
2386 2
2387 2
2388 1
2389 3
2390 2
2391 2
2392 -1
2393 3
2394 3
2395 3
2396 3
2397 0
2398 2
2399 0
2401 0
2403 -1
2404 1
2405 2
2406 0
2407 5
2409 4
2410 0
2412 2
2413 3
2414 3
2415 3
2416 3
2417 5
2418 5
2419 3
2420 5
2422 3
2425 3
2426 3
2427 5
2428 4
2430 1
2431 0
2432 2
2433 -1
2434 0
2435 2
2436 1
2437 3
2438 3
2439 2
2440 2
2441 3
2442 1
2443 -1
2444 5
2445 0
2446 2
2447 1
2448 0
2449 3
2450 0
2451 3
2452 0
2453 2
2454 -1
2455 2
2456 -1
2457 3
2458 0
2460 1
2461 6
2463 1
2464 0
2465 2
2466 4
2467 4
2468 3
2469 0
2470 5
2471 0
2472 3
2473 -1
2474 2
2475 2
2476 2
2477 0
2478 2
2479 3
2480 4
2481 4
2482 -1
2483 2
2484 3
2485 2
2486 -1
2488 5
2490 3
2491 2
2492 0
2494 4
2495 -1
2496 3
2497 2
2498 -1
2500 2
2501 4
2503 5
2504 3
2505 0
2506 -1
2507 2
2508 2
2509 1
2511 4
2512 3
2513 3
2514 0
2515 3
2516 4
2517 5
2518 -1
2519 3
2520 0
2522 2
2523 3
2524 0
2525 3
2526 6
2527 3
2528 2
2529 2
2530 3
2531 4
2533 0
2534 5
2535 4
2536 2
2537 0
2538 2
2540 0
2542 2
2543 1
2544 2
2545 1
2546 0
2547 2
2548 3
2549 2
2550 4
2551 2
2552 -1
2553 3
2555 2
2556 0
2557 0
2558 0
2559 0
2560 3
2561 -1
2562 -1
2563 2
2564 5
2566 0
2567 2
2568 7
2569 2
2570 3
2571 2
2572 2
2574 -1
2576 2
2577 2
2578 -1
2579 4
2580 1
2582 5
2584 3
2585 2
2586 -1
2587 -1
2588 -1
2589 4
2590 2
2591 3
2592 3
2593 0
2594 0
2596 3
2597 3
2598 5
2599 0
2600 -1
2602 4
2603 3
2604 3
2605 1
2606 3
2607 0
2608 0
2609 2
2610 -1
2612 0
2613 -1
2614 -1
2615 -1
2616 3
2617 3
2618 2
2619 3
2620 4
2621 2
2622 2
2623 0
2624 0
2625 2
2626 0
2627 0
2629 0
2630 3
2631 3
2632 1
2633 -1
2634 2
2635 -1
2636 0
2637 2
2641 0
2642 3
2644 0
2645 1
2647 2
2648 3
2649 3
2650 0
2651 2
2652 2
2653 3
2654 -1
2655 3
2656 -1
2657 0
2658 0
2660 2
2661 3
2664 2
2665 5
2666 2
2667 0
2668 0
2669 0
2670 3
2671 2
2672 3
2673 -1
2674 4
2675 3
2676 0
2677 3
2678 3
2679 0
2680 3
2681 3
2682 0
2683 2
2684 3
2685 1
2686 3
2687 4
2688 2
2689 2
2690 1
2691 2
2692 2
2694 -1
2695 -1
2696 -1
2697 2
2698 0
2699 0
2700 4
2701 0
2702 4
2703 2
2705 5
2706 1
2709 1
2710 0
2711 3
2712 0
2713 3
2714 4
2716 3
2717 0
2718 3
2720 4
2721 1
2722 1
2723 -1
2726 2
2727 3
2728 0
2729 -1
2730 0
2731 2
2732 3
2733 2
2735 1
2737 4
2738 5
2739 2
2741 -1
2742 2
2743 5
2744 3
2745 3
2747 4
2748 2
2749 2
2750 4
2751 4
2752 2
2753 2
2754 5
2756 0
2757 0
2758 2
2759 2
2760 3
2761 2
2762 0
2763 2
2764 2
2765 5
2766 4
2767 -1
2768 3
2770 5
2773 3
2774 4
2776 5
2777 3
2778 2
2779 1
2780 3
2781 4
2782 3
2784 4
2785 1
2786 -1
2787 0
2788 -1
2789 3
2790 2
2791 0
2792 1
2793 2
2794 3
2795 4
2796 3
2797 2
2798 4
2799 2
2800 2
2801 5
2802 2
2804 2
2805 -1
2806 1
2807 2
2808 3
2809 2
2811 2
2812 1
2814 0
2815 0
2816 2
2817 0
2818 0
2820 5
2822 3
2823 4
2824 2
2825 3
2826 0
2827 2
2828 0
2829 1
2830 3
2831 4
2832 4
2834 3
2835 2
2836 2
2837 7
2838 3
2839 4
2841 3
2842 4
2843 -1
2844 2
2845 2
2846 3
2847 3
2848 3
2849 -1
2851 2
2852 0
2853 1
2854 2
2855 3
2856 1
2857 3
2858 2
2859 2
2861 2
2862 4
2863 4
2864 1
2866 0
2867 3
2868 0
2869 2
2870 2
2871 -1
2873 -1
2874 0
2875 0
2876 -1
2877 3
2878 0
2879 3
2880 0
2881 0
2883 1
2884 2
2885 2
2886 -1
2887 2
2888 0
2891 4
2892 2
2893 2
2894 4
2895 2
2896 3
2897 3
2898 1
2899 2
2900 -1
2901 3
2903 3
2904 0
2905 0
2906 3
2907 4
2909 3
2910 4
2911 3
2912 -1
2913 0
2914 3
2915 2
2917 4
2919 5
2920 3
2921 1
2922 2
2923 0
2924 2
2925 3
2926 2
2927 -1
2928 1
2929 -1
2930 -1
2931 2
2932 0
2934 1
2935 4
2936 2
2937 -1
2938 1
2940 2
2941 3
2942 3
2943 5
2945 3
2946 -1
2947 4
2948 3
2949 2
2950 0
2951 1
2952 -1
2953 4
2954 4
2955 2
2956 2
2957 4
2958 -1
2960 3
2961 5
2962 3
2963 3
2964 1
2965 3
2966 2
2967 3
2968 0
2969 2
2970 2
2971 3
2972 2
2973 0
2974 5
2975 3
2976 -1
2977 2
2978 -1
2979 1
2980 -1
2982 2
2983 0
2984 1
2986 0
2987 1
2988 2
2989 1
2990 0
2991 -1
2992 1
2994 2
2995 -1
2996 3
2997 4
3000 4
3001 2
3002 -1
3003 0
3004 2
3006 2
3007 -1
3008 3
3009 2
3011 3
3012 0
3013 5
3014 2
3015 3
3016 1
3017 3
3018 1
3020 5
3021 2
3022 -1
3023 1
3024 1
3025 2
3026 1
3027 2
3028 2
3029 1
3031 2
3034 -1
3035 1
3036 2
3037 2
3038 3
3039 0
3040 4
3041 0
3042 -1
3043 2
3044 2
3045 2
3046 1
3047 3
3048 0
3049 2
3050 1
3052 4
3053 2
3054 -1
3056 2
3057 -1
3058 2
3059 0
3060 2
3061 -1
3063 -1
3064 3
3066 0
3067 0
3068 2
3069 4
3070 3
3071 3
3072 0
3074 3
3075 2
3076 4
3077 2
3078 -1
3080 -1
3081 0
3082 3
3083 5
3084 -1
3085 1
3086 3
3087 0
3088 2
3089 2
3090 0
3091 0
3092 2
3093 3
3095 3
3096 2
3097 2
3098 1
3101 0
3102 5
3103 3
3104 1
3105 -1
3106 -1
3109 -1
3110 2
3111 5
3112 -1
3113 3
3115 3
3116 -1
3117 1
3118 5
3119 3
3120 0
3121 0
3122 3
3123 0
3124 0
3126 2
3127 5
3130 2
3133 2
3134 1
3140 -1
3141 3
3142 4
3143 2
3144 2
3145 2
3146 1
3147 4
3150 3
3151 0
3152 3
3153 4
3154 5
3155 3
3156 3
3158 2
3159 3
3160 4
3162 2
3163 0
3165 2
3166 1
3167 0
3168 0
3169 3
3171 1
3173 0
3174 2
3176 0
3177 3
3178 4
3179 3
3180 3
3181 0
3182 0
3183 0
3184 3
3185 2
3186 -1
3187 3
3188 -1
3189 -1
3191 -1
3192 -1
3194 2
3195 3
3196 0
3197 -1
3198 5
3201 3
3202 -1
3203 4
3204 2
3207 4
3208 2
3212 -1
3213 1
3214 3
3216 0
3217 0
3218 2
3219 2
3220 3
3221 3
3222 3
3223 4
3224 2
3225 1
3226 3
3227 1
3230 0
3231 1
3232 3
3233 0
3234 -1
3235 5
3236 3
3237 2
3240 0
3241 3
3243 6
3244 4
3245 0
3246 2
3247 5
3248 3
3250 4
3253 3
3254 4
3255 4
3256 2
3257 -1
3258 0
3259 4
3260 4
3261 2
3262 2
3263 2
3264 1
3265 2
3266 1
3268 0
3269 2
3270 5
3271 3
3272 1
3273 2
3274 1
3275 0
3276 0
3277 0
3278 0
3279 0
3280 2
3281 2
3282 3
3283 1
3284 1
3285 -1
3286 3
3287 0
3288 0
3289 1
3290 1
3291 3
3292 -1
3293 2
3294 -1
3295 -1
3296 3
3297 2
3300 -1
3301 1
3302 3
3304 4
3306 3
3307 2
3308 0
3309 2
3310 4
3312 -1
3314 3
3315 0
3316 3
3317 3
3318 -1
3321 4
3322 5
3325 1
3326 0
3327 2
3328 0
3329 0
3331 4
3332 4
3333 3
3335 0
3336 -1
3337 -1
3339 0
3340 2
3341 3
3342 2
3343 2
3345 -1
3347 4
3348 4
3350 -1
3351 -1
3352 1
3353 0
3354 0
3355 2
3356 1
3357 -1
3359 3
3360 3
3362 0
3363 3
3367 3
3368 1
3369 1
3370 2
3371 3
3373 1
3374 0
3375 4
3376 0
3377 6
3379 2
3380 1
3382 4
3383 3
3384 1
3385 1
3386 3
3387 2
3388 2
3389 0
3391 1
3392 3
3393 0
3394 3
3396 4
3397 2
3399 2
3400 3
3401 3
3402 2
3403 3
3404 2
3405 1
3406 3
3407 4
3409 3
3412 2
3413 3
3414 0
3415 3
3416 3
3417 1
3418 -1
3420 3
3421 5
3422 1
3423 3
3424 4
3426 3
3427 4
3428 3
3430 3
3432 4
3433 1
3434 2
3435 1
3436 4
3439 4
3440 2
3442 2
3443 4
3444 2
3445 3
3447 3
3448 0
3449 0
3451 4
3452 6
3453 3
3454 4
3455 -1
3456 1
3457 3
3458 0
3460 -1
3461 3
3462 1
3463 3
3464 2
3465 4
3466 0
3467 2
3470 3
3471 3
3472 2
3473 3
3474 3
3475 0
3476 2
3477 1
3478 0
3481 0
3482 3
3485 4
3486 2
3487 5
3490 0
3491 0
3493 3
3494 0
3495 0
3496 3
3497 -1
3499 3
3500 3
3501 0
3502 1
3503 2
3504 3
3506 -1
3507 2
3509 3
3510 4
3511 3
3512 4
3513 1
3514 3
3515 3
3516 3
3517 2
3518 3
3519 2
3520 4
3521 3
3523 4
3525 -1
3526 3
3527 3
3528 2
3529 0
3531 1
3532 0
3533 2
3534 4
3535 3
3536 3
3537 1
3538 1
3539 2
3540 -1
3541 2
3543 5
3544 -1
3545 3
3546 3
3548 0
3549 4
3550 0
3551 2
3552 2
3553 0
3554 2
3555 4
3556 3
3557 1
3558 1
3559 4
3560 3
3561 0
3562 0
3563 4
3564 4
3565 4
3566 3
3568 2
3569 5
3571 2
3572 3
3575 3
3579 0
3582 0
3583 1
3584 1
3586 -1
3588 3
3590 2
3591 4
3592 3
3593 4
3594 2
3596 0
3598 2
3600 2
3602 0
3604 2
3605 4
3606 2
3610 0
3611 4
3612 2
3613 0
3615 0
3616 -1
3617 5
3618 2
3622 3
3623 0
3624 2
3625 2
3626 0
3627 3
3630 -1
3631 3
3633 3
3634 4
3635 0
3637 5
3638 3
3639 0
3640 3
3642 0
3643 4
3644 -1
3645 3
3646 2
3647 2
3648 3
3649 1
3650 0
3651 3
3652 3
3653 4
3655 5
3656 -1
3657 3
3658 2
3659 3
3660 -1
3661 2
3662 -1
3663 -1
3664 1
3665 0
3667 2
3668 0
3669 -1
3672 2
3673 2
3675 4
3677 3
3678 4
3679 3
3681 -1
3683 2
3684 4
3685 2
3686 0
3688 5
3689 1
3690 1
3691 2
3693 0
3695 0
3696 5
3697 4
3698 2
3699 3
3700 2
3701 8
3702 1
3704 -1
3705 -1
3706 2
3707 2
3712 3
3713 1
3714 -1
3715 0
3716 0
3717 4
3718 1
3719 -1
3720 2
3721 4
3722 1
3725 2
3726 3
3727 -1
3729 1
3730 0
3733 4
3735 2
3736 2
3737 3
3738 2
3739 0
3741 2
3743 3
3744 1
3745 3
3747 1
3748 -1
3749 0
3750 2
3752 2
3753 3
3755 3
3756 3
3757 3
3759 3
3761 1
3762 0
3764 5
3765 -1
3767 2
3768 4
3770 2
3771 -1
3772 4
3774 4
3776 4
3778 -1
3779 0
3781 2
3783 2
3785 2
3786 4
3787 1
3788 0
3790 -1
3791 3
3793 3
3795 1
3797 3
3798 0
3799 0
3800 -1
3801 3
3802 -1
3803 3
3804 0
3805 4
3806 2
3807 0
3810 4
3812 2
3813 2
3814 2
3815 2
3816 1
3817 2
3818 3
3819 3
3820 -1
3821 5
3822 2
3824 5
3825 3
3826 3
3828 2
3831 3
3832 2
3833 0
3834 0
3835 3
3836 4
3837 3
3838 2
3839 3
3841 2
3843 4
3844 3
3846 4
3848 2
3849 -1
3850 1
3851 3
3852 2
3855 1
3856 2
3858 -1
3859 0
3861 2
3863 3
3865 3
3866 0
3867 3
3868 -1
3870 2
3871 3
3873 4
3874 1
3875 2
3876 4
3877 2
3878 4
3879 1
3881 3
3882 4
3883 2
3884 5
3886 -1
3887 -1
3888 5
3889 2
3891 -1
3892 3
3893 3
3894 3
3896 -1
3900 4
3901 3
3902 -1
3904 2
3905 3
3907 2
3908 3
3909 3
3910 2
3912 4
3913 3
3914 2
3915 3
3916 5
3918 0
3919 3
3920 -1
3921 -1
3922 3
3924 0
3925 -1
3926 1
3927 3
3928 2
3930 5
3931 2
3932 4
3933 4
3935 4
3936 2
3937 3
3939 4
3940 4
3941 1
3942 0
3943 2
3945 2
3946 2
3947 4
3949 2
3950 3
3951 1
3953 4
3954 5
3955 3
3957 4
3958 2
3959 3
3960 0
3961 2
3962 0
3964 2
3965 3
3966 4
3967 3
3968 -1
3970 3
3971 -1
3972 1
3973 4
3976 3
3978 3
3979 -1
3980 0
3981 2
3982 0
3983 0
3985 0
3986 4
3987 -1
3988 -1
3989 3
3990 3
3991 2
3992 3
3994 2
3995 4
3996 4
3997 1
3998 3
3999 3
4000 2
4001 0
4002 2
4003 4
4004 4
4006 4
4009 2
4011 4
4012 3
4013 2
4014 8
4015 3
4016 -1
4017 4
4018 2
4019 3
4020 3
4021 3
4022 5
4023 -1
4024 1
4025 3
4026 4
4027 -1
4028 3
4029 0
4030 2
4031 4
4032 3
4033 3
4034 3
4035 -1
4037 3
4038 3
4039 3
4040 4
4043 1
4044 1
4045 2
4047 -1
4048 4
4051 3
4052 5
4054 3
4055 0
4056 3
4057 0
4059 3
4060 -1
4061 3
4063 2
4065 1
4066 2
4067 0
4068 2
4071 5
4072 2
4074 2
4076 4
4078 5
4080 2
4081 2
4082 3
4083 2
4085 0
4086 3
4087 3
4088 2
4090 1
4091 -1
4092 2
4093 3
4094 -1
4095 3
4096 0
4097 4
4100 -1
4102 3
4103 3
4104 3
4105 2
4107 2
4110 1
4111 3
4112 4
4113 -1
4114 3
4116 0
4117 4
4119 0
4121 1
4123 0
4124 1
4125 3
4126 3
4128 -1
4129 0
4130 3
4132 0
4133 1
4135 1
4136 4
4137 0
4138 3
4139 4
4141 4
4143 -1
4145 4
4147 -1
4148 5
4149 3
4150 2
4151 2
4153 0
4154 4
4155 0
4158 3
4159 4
4160 4
4161 3
4162 -1
4163 2
4165 -1
4166 0
4167 0
4169 -1
4171 3
4172 4
4173 4
4175 -1
4176 7
4178 1
4179 3
4180 0
4181 3
4183 -1
4185 0
4186 3
4187 4
4188 1
4190 1
4191 2
4192 2
4193 3
4194 0
4195 1
4196 2
4197 2
4198 4
4199 1
4200 2
4201 0
4202 4
4203 3
4204 4
4208 3
4209 2
4210 2
4211 3
4213 0
4214 5
4215 -1
4216 3
4218 2
4219 5
4221 2
4223 2
4224 3
4226 3
4227 3
4229 4
4230 -1
4231 1
4233 2
4234 -1
4235 2
4237 6
4239 3
4240 3
4241 3
4242 0
4243 2
4244 3
4245 0
4246 3
4247 3
4248 2
4250 3
4251 4
4253 1
4254 3
4255 2
4256 1
4258 4
4260 0
4261 2
4262 2
4265 4
4268 2
4269 0
4271 3
4274 2
4275 2
4276 1
4277 2
4278 2
4279 0
4281 2
4282 3
4283 2
4284 2
4285 0
4286 2
4287 2
4288 0
4289 2
4290 4
4291 2
4292 4
4293 4
4294 2
4295 2
4296 0
4297 3
4298 2
4299 4
4301 -1
4303 3
4304 3
4309 2
4310 3
4311 3
4312 6
4313 0
4315 4
4316 3
4317 -1
4318 2
4321 4
4322 -1
4323 3
4326 5
4327 0
4328 3
4329 4
4330 2
4331 1
4332 2
4333 2
4334 4
4335 0
4336 5
4337 0
4338 3
4339 3
4340 2
4341 0
4342 2
4343 0
4344 1
4345 2
4349 4
4350 2
4351 2
4355 4
4356 5
4357 4
4360 -1
4361 2
4362 3
4364 0
4365 -1
4366 3
4367 0
4368 2
4370 3
4372 2
4373 4
4374 2
4377 -1
4379 3
4380 4
4381 4
4382 -1
4383 4
4385 0
4386 2
4387 3
4388 3
4389 3
4390 3
4391 3
4392 0
4393 3
4395 -1
4396 -1
4397 0
4398 3
4399 4
4400 3
4402 3
4405 3
4406 4
4407 0
4409 3
4410 -1
4411 -1
4412 4
4413 2
4415 5
4416 3
4417 5
4418 3
4419 2
4420 -1
4421 0
4422 2
4424 0
4425 0
4428 3
4429 4
4430 1
4434 3
4435 2
4436 5
4437 4
4438 3
4439 0
4440 0
4442 -1
4443 0
4445 0
4446 0
4448 4
4449 -1
4451 2
4453 4
4454 1
4455 2
4457 -1
4459 2
4461 4
4462 3
4463 4
4465 -1
4466 2
4467 5
4468 3
4470 4
4471 2
4472 1
4473 2
4475 3
4476 4
4477 2
4478 3
4479 4
4480 3
4481 7
4483 2
4485 0
4487 2
4488 4
4489 2
4492 4
4493 3
4494 2
4495 3
4497 -1
4499 3
4502 -1
4503 -1
4506 2
4507 3
4508 2
4509 0
4510 1
4511 2
4512 4
4513 4
4514 2
4515 0
4516 4
4517 3
4518 0
4519 2
4520 5
4521 4
4522 2
4523 3
4525 2
4526 0
4527 -1
4528 2
4531 -1
4532 0
4534 4
4536 1
4537 1
4538 4
4539 3
4540 1
4542 2
4543 3
4544 2
4546 0
4547 4
4548 1
4549 -1
4551 3
4552 3
4556 4
4557 4
4558 4
4560 4
4561 1
4562 4
4563 3
4564 3
4565 -1
4566 3
4567 2
4568 0
4569 2
4570 3
4571 3
4573 0
4574 3
4575 2
4579 2
4580 3
4582 3
4583 3
4584 4
4585 2
4586 4
4587 3
4588 3
4589 -1
4590 2
4591 3
4592 0
4593 4
4595 1
4596 3
4597 2
4598 0
4600 -1
4601 2
4602 4
4603 -1
4604 -1
4605 4
4606 2
4608 2
4609 0
4610 3
4611 3
4612 -1
4613 1
4614 4
4616 2
4618 4
4620 3
4623 3
4624 5
4625 2
4626 3
4628 0
4630 -1
4631 5
4632 0
4633 4
4635 1
4636 0
4637 3
4639 3
4640 1
4642 3
4643 0
4644 -1
4645 0
4647 1
4649 3
4651 3
4652 1
4653 0
4654 3
4655 2
4656 -1
4657 2
4658 0
4659 3
4661 3
4662 5
4665 3
4667 3
4669 3
4670 3
4671 0
4672 3
4674 4
4675 3
4677 4
4678 4
4680 0
4681 2
4682 3
4683 0
4684 3
4687 1
4690 -1
4691 2
4692 2
4695 4
4696 -1
4697 0
4698 2
4700 3
4701 4
4702 0
4704 3
4705 4
4708 3
4710 0
4711 2
4714 -1
4715 3
4716 2
4717 2
4718 3
4719 3
4722 2
4723 2
4724 4
4725 1
4726 3
4727 3
4728 0
4729 2
4731 4
4732 3
4733 4
4734 1
4735 2
4736 4
4739 -1
4740 2
4741 4
4742 3
4743 0
4744 1
4747 4
4748 0
4749 1
4751 -1
4752 3
4753 2
4754 4
4755 0
4756 3
4757 3
4758 2
4759 3
4762 3
4764 -1
4765 3
4766 2
4768 3
4770 4
4771 5
4772 4
4773 4
4774 4
4775 2
4777 4
4778 4
4779 4
4780 1
4781 3
4782 0
4783 3
4784 3
4785 2
4787 2
4788 0
4789 1
4790 3
4791 2
4792 3
4793 3
4794 0
4795 2
4798 4
4799 0
4800 5
4802 2
4804 -1
4805 0
4806 4
4807 3
4808 -1
4809 4
4811 1
4814 -1
4815 4
4818 1
4820 2
4821 4
4822 0
4824 2
4828 2
4829 2
4830 -1
4831 3
4833 3
4834 3
4835 0
4836 1
4837 1
4838 4
4839 1
4840 4
4841 1
4842 2
4843 2
4844 0
4846 3
4848 3
4850 -1
4851 1
4852 2
4853 3
4854 0
4855 -1
4856 1
4857 0
4858 2
4860 2
4861 3
4862 2
4863 5
4865 0
4866 4
4868 2
4869 5
4870 4
4871 2
4872 1
4874 -1
4875 -1
4878 3
4879 2
4881 3
4882 5
4884 4
4886 3
4887 2
4888 4
4889 -1
4890 0
4891 4
4892 -1
4894 2
4896 1
4897 3
4898 2
4900 2
4901 0
4902 2
4904 4
4906 4
4908 3
4909 0
4910 4
4911 0
4912 5
4913 6
4916 3
4917 3
4918 0
4920 3
4921 3
4922 0
4923 3
4924 4
4925 4
4926 3
4927 2
4929 3
4930 3
4931 2
4932 -1
4933 0
4934 4
4935 4
4937 4
4938 2
4941 0
4943 4
4944 4
4945 -1
4946 4
4947 4
4951 4
4952 2
4953 -1
4954 4
4955 2
4956 3
4957 3
4959 1
4962 3
4963 3
4966 -1
4968 -1
4969 4
4970 3
4971 0
4972 7
4974 -1
4975 3
4976 4
4979 0
4982 2
4985 3
4986 3
4987 2
4988 0
4989 3
4991 -1
4992 3
4993 4
4994 2
4995 1
4997 2
4998 4
4999 3
