0 140
1 30
2 162
3 38
4 130
5 145
6 58
7 208
8 103
9 240
10 243
11 157
12 192
13 140
14 157
15 1
16 147
17 206
18 120
19 83
20 121
21 134
22 63
23 66
24 105
25 37
26 210
27 99
28 203
29 141
30 142
31 126
32 105
33 73
34 30
35 48
36 164
37 46
38 153
39 158
40 95
41 23
42 104
43 168
44 51
45 197
46 221
47 107
48 152
49 31
50 54
51 87
52 107
53 4
54 36
55 152
56 51
57 59
58 202
59 151
60 180
61 70
62 39
63 56
64 91
65 140
66 30
67 199
68 188
69 177
70 93
71 111
72 158
73 187
74 25
75 174
76 68
77 23
78 151
79 9
80 167
81 11
82 79
83 209
84 188
85 37
86 214
87 66
88 246
89 189
90 229
91 41
92 7
93 94
94 76
95 11
96 39
97 246
98 95
99 19
100 113
101 209
102 209
103 102
104 102
105 164
106 249
107 57
108 4
109 109
110 29
111 35
112 85
113 32
114 143
115 31
116 44
117 157
118 3
119 84
120 48
121 48
122 203
123 95
124 124
125 193
126 70
127 199
128 134
129 77
130 83
131 76
132 164
133 30
134 103
135 151
136 91
137 42
138 235
139 188
140 17
141 6
142 11
143 164
144 52
145 71
146 120
147 210
148 81
149 215
150 80
151 123
152 149
153 126
154 137
155 166
156 46
157 38
158 235
159 121
160 222
161 0
162 215
163 134
164 68
165 200
166 33
167 95
168 54
169 169
170 7
171 113
172 137
173 135
174 99
175 53
176 80
177 0
178 110
179 61
180 210
181 9
182 25
183 91
184 242
185 228
186 14
187 203
188 206
189 75
190 7
191 102
192 206
193 46
194 149
195 17
196 130
197 163
198 132
199 185
200 164
201 226
202 192
203 60
204 95
205 2
206 123
207 124
208 135
209 38
210 70
211 83
212 134
213 104
214 98
215 89
216 221
217 178
218 205
219 56
220 111
221 132
222 188
223 157
224 206
225 63
226 7
227 61
228 35
229 130
230 209
231 144
232 210
233 68
234 65
235 158
236 107
237 105
238 28
239 80
240 56
241 126
242 174
243 18
244 68
245 177
246 199
247 144
248 235
249 13
250 213
251 18
252 147
253 130
254 1
255 97
256 35
257 68
258 165
259 107
260 104
261 124
262 168
263 171
264 123
265 38
266 113
267 86
268 105
269 159
270 61
271 208
272 129
273 237
274 113
275 1
276 123
277 124
278 130
279 115
280 101
281 130
282 134
283 194
284 68
285 163
286 197
287 25
288 118
289 20
290 91
291 159
292 134
293 85
294 174
295 175
296 99
297 210
298 1
299 76
300 213
301 1
302 191
303 66
304 59
305 111
306 62
307 192
308 216
309 61
310 77
311 84
312 200
313 105
314 166
315 7
316 80
317 243
318 203
319 185
320 151
321 126
322 12
323 125
324 38
325 58
326 91
327 20
328 241
329 80
330 12
331 113
332 214
333 4
334 168
335 184
336 168
337 155
338 244
339 105
340 11
341 72
342 104
343 13
344 20
345 24
346 102
347 46
348 34
349 4
350 126
351 224
352 231
353 145
354 210
355 92
356 124
357 132
358 73
359 19
360 232
361 66
362 110
363 157
364 68
365 61
366 1
367 48
368 148
369 245
370 166
371 130
372 199
373 100
374 56
375 59
376 229
377 217
378 99
379 18
380 185
381 153
382 154
383 135
384 93
385 147
386 162
387 166
388 100
389 59
390 170
391 122
392 164
393 23
394 94
395 6
396 151
397 134
398 1
399 120
400 51
401 125
402 218
403 15
404 164
405 68
406 17
407 189
408 33
409 134
410 167
411 151
412 7
413 45
414 17
415 30
416 28
417 146
418 228
419 3
420 66
421 58
422 67
423 111
424 134
425 39
426 180
427 101
428 60
429 137
430 93
431 53
432 46
433 230
434 31
435 203
436 16
437 71
438 193
439 79
440 45
441 72
442 6
443 121
444 91
445 62
446 30
447 206
448 61
449 92
450 240
451 202
452 244
453 189
454 169
455 123
456 64
457 247
458 108
459 33
460 200
461 1
462 13
463 68
464 167
465 61
466 146
467 29
468 66
469 169
470 77
471 245
472 95
473 122
474 1
475 227
476 23
477 6
478 78
479 7
480 1
481 134
482 111
483 176
484 83
485 121
486 63
487 80
488 177
489 48
490 156
491 67
492 123
493 240
494 37
495 235
496 169
497 84
498 102
499 121
500 225
501 135
502 22
503 124
504 113
505 57
506 144
507 225
508 225
509 118
510 166
511 63
512 184
513 118
514 26
515 2
516 226
517 175
518 56
519 171
520 87
521 61
522 152
523 60
524 208
525 80
526 107
527 95
528 29
529 90
530 174
531 224
532 52
533 244
534 181
535 7
536 135
537 153
538 92
539 76
540 232
541 174
542 1
543 38
544 180
545 20
546 175
547 204
548 218
549 123
550 103
551 140
552 137
553 70
554 103
555 62
556 57
557 46
558 159
559 77
560 170
561 83
562 14
563 210
564 56
565 168
566 108
567 208
568 27
569 184
570 19
571 168
572 81
573 2
574 233
575 170
576 70
577 136
578 112
579 75
580 189
581 245
582 164
583 244
584 20
585 148
586 84
587 71
588 83
589 30
590 86
591 213
592 4
593 57
594 127
595 163
596 174
597 66
598 167
599 120
600 208
601 145
602 213
603 52
604 232
605 5
606 155
607 62
608 12
609 4
610 214
611 20
612 237
613 75
614 184
615 135
616 198
617 45
618 59
619 126
620 174
621 88
622 32
623 134
624 168
625 32
626 8
627 30
628 213
629 124
630 159
631 136
632 163
633 46
634 51
635 121
636 119
637 110
638 203
639 100
640 15
641 61
642 30
643 126
644 62
645 140
646 9
647 9
648 209
649 248
650 74
651 84
652 113
653 107
654 7
655 53
656 178
657 87
658 1
659 61
660 126
661 72
662 126
663 124
664 30
665 80
666 215
667 28
668 202
669 211
670 184
671 48
672 66
673 95
674 20
675 110
676 179
677 64
678 44
679 180
680 169
681 139
682 19
683 218
684 206
685 246
686 158
687 156
688 68
689 214
690 31
691 17
692 20
693 242
694 233
695 91
696 224
697 210
698 158
699 153
700 52
701 240
702 1
703 73
704 0
705 145
706 134
707 208
708 162
709 66
710 223
711 57
712 145
713 62
714 121
715 175
716 75
717 62
718 92
719 66
720 108
721 79
722 20
723 75
724 20
725 7
726 84
727 83
728 51
729 164
730 145
731 210
732 109
733 194
734 3
735 96
736 221
737 50
738 101
739 113
740 147
741 159
742 81
743 66
744 185
745 1
746 109
747 171
748 62
749 145
750 175
751 56
752 199
753 197
754 103
755 27
756 168
757 23
758 50
759 52
760 157
761 66
762 42
763 239
764 163
765 56
766 140
767 20
768 152
769 155
770 115
771 107
772 222
773 131
774 84
775 156
776 221
777 158
778 39
779 107
780 62
781 57
782 29
783 7
784 148
785 213
786 32
787 35
788 113
789 171
790 76
791 106
792 140
793 200
794 148
795 177
796 81
797 46
798 165
799 128
800 38
801 145
802 52
803 9
804 149
805 72
806 118
807 75
808 217
809 162
810 72
811 244
812 88
813 11
814 62
815 171
816 52
817 37
818 249
819 105
820 133
821 11
822 98
823 0
824 167
825 108
826 87
827 53
828 19
829 116
830 16
831 219
832 91
833 95
834 151
835 79
836 191
837 48
838 208
839 96
840 224
841 134
842 130
843 170
844 220
845 177
846 93
847 105
848 25
849 66
850 60
851 74
852 7
853 240
854 65
855 227
856 0
857 109
858 26
859 174
860 11
861 134
862 29
863 0
864 96
865 61
866 102
867 148
868 54
869 151
870 186
871 215
872 246
873 234
874 164
875 1
876 158
877 135
878 93
879 17
880 130
881 9
882 207
883 48
884 75
885 35
886 84
887 108
888 99
889 76
890 100
891 206
892 211
893 174
894 17
895 191
896 143
897 10
898 137
899 113
900 120
901 144
902 62
903 57
904 180
905 119
906 105
907 126
908 32
909 19
910 10
911 16
912 189
913 87
914 137
915 119
916 150
917 100
918 58
919 208
920 68
921 166
922 208
923 68
924 158
925 62
926 11
927 223
928 156
929 67
930 76
931 234
932 164
933 72
934 137
935 117
936 140
937 234
938 153
939 144
940 207
941 148
942 124
943 111
944 56
945 0
946 123
947 17
948 126
949 24
950 174
951 187
952 165
953 88
954 4
955 106
956 73
957 247
958 151
959 0
960 99
961 0
962 107
963 16
964 37
965 171
966 187
967 131
968 12
969 148
970 134
971 227
972 223
973 137
974 54
975 107
976 212
977 132
978 111
979 214
980 11
981 214
982 141
983 135
984 59
985 168
986 32
987 60
988 30
989 106
990 248
991 84
992 187
993 111
994 51
995 245
996 91
997 189
998 137
999 159
1000 232
1001 96
1002 1
1003 223
1004 179
1005 95
1006 184
1007 175
1008 52
1009 79
1010 214
1011 185
1012 79
1013 152
1014 19
1015 22
1016 1
1017 162
1018 187
1019 37
1020 122
1021 27
1022 168
1023 31
1024 208
1025 160
1026 0
1027 104
1028 174
1029 164
1030 39
1031 85
1032 61
1033 130
1034 68
1035 63
1036 95
1037 235
1038 190
1039 32
1040 197
1041 189
1042 171
1043 241
1044 247
1045 17
1046 152
1047 31
1048 109
1049 57
1050 215
1051 130
1052 120
1053 2
1054 17
1055 0
1056 225
1057 6
1058 105
1059 207
1060 191
1061 94
1062 57
1063 164
1064 109
1065 23
1066 246
1067 60
1068 76
1069 32
1070 120
1071 207
1072 83
1073 79
1074 100
1075 221
1076 206
1077 81
1078 148
1079 4
1080 174
1081 200
1082 154
1083 57
1084 58
1085 166
1086 211
1087 78
1088 198
1089 75
1090 184
1091 232
1092 24
1093 106
1094 30
1095 199
1096 130
1097 214
1098 207
1099 30
1100 174
1101 182
1102 142
1103 248
1104 215
1105 216
1106 132
1107 52
1108 3
1109 248
1110 214
1111 217
1112 158
1113 53
1114 200
1115 210
1116 21
1117 187
1118 147
1119 75
1120 48
1121 63
1122 42
1123 185
1124 155
1125 218
1126 170
1127 149
1128 35
1129 0
1130 134
1131 191
1132 46
1133 0
1134 234
1135 120
1136 220
1137 171
1138 25
1139 7
1140 5
1141 191
1142 83
1143 15
1144 37
1145 106
1146 182
1147 232
1148 160
1149 38
1150 122
1151 20
1152 25
1153 239
1154 19
1155 120
1156 10
1157 248
1158 102
1159 38
1160 86
1161 130
1162 184
1163 124
1164 220
1165 46
1166 180
1167 238
1168 154
1169 106
1170 197
1171 103
1172 67
1173 96
1174 211
1175 187
1176 32
1177 9
1178 29
1179 147
1180 86
1181 75
1182 187
1183 70
1184 136
1185 49
1186 192
1187 31
1188 189
1189 145
1190 50
1191 148
1192 27
1193 75
1194 66
1195 45
1196 171
1197 13
1198 79
1199 161
1200 248
1201 26
1202 201
1203 214
1204 82
1205 35
1206 158
1207 57
1208 145
1209 48
1210 151
1211 104
1212 214
1213 215
1214 23
1215 240
1216 169
1217 45
1218 95
1219 203
1220 92
1221 173
1222 4
1223 104
1224 87
1225 206
1226 202
1227 88
1228 211
1229 95
1230 169
1231 71
1232 103
1233 2
1234 39
1235 48
1236 2
1237 224
1238 154
1239 187
1240 17
1241 171
1242 32
1243 111
1244 130
1245 177
1246 111
1247 141
1248 143
1249 247
1250 153
1251 91
1252 215
1253 136
1254 52
1255 115
1256 105
1257 90
1258 221
1259 115
1260 140
1261 154
1262 194
1263 115
1264 186
1265 4
1266 171
1267 246
1268 23
1269 70
1270 53
1271 129
1272 221
1273 91
1274 18
1275 224
1276 52
1277 139
1278 37
1279 207
1280 186
1281 215
1282 79
1283 151
1284 126
1285 63
1286 9
1287 40
1288 220
1289 68
1290 235
1291 94
1292 94
1293 29
1294 103
1295 159
1296 188
1297 80
1298 199
1299 75
1300 3
1301 79
1302 211
1303 104
1304 130
1305 61
1306 244
1307 116
1308 8
1309 218
1310 111
1311 127
1312 79
1313 66
1314 130
1315 102
1316 224
1317 97
1318 150
1319 53
1320 62
1321 147
1322 32
1323 45
1324 2
1325 147
1326 102
1327 120
1328 62
1329 86
1330 58
1331 79
1332 155
1333 164
1334 169
1335 105
1336 26
1337 80
1338 71
1339 121
1340 189
1341 234
1342 130
1343 213
1344 203
1345 211
1346 87
1347 106
1348 119
1349 100
1350 105
1351 75
1352 122
1353 186
1354 84
1355 169
1356 2
1357 19
1358 45
1359 17
1360 208
1361 68
1362 120
1363 248
1364 30
1365 106
1366 114
1367 12
1368 206
1369 5
1370 38
1371 220
1372 214
1373 64
1374 72
1375 44
1376 189
1377 18
1378 248
1379 130
1380 174
1381 87
1382 45
1383 130
1384 149
1385 194
1386 169
1387 85
1388 136
1389 163
1390 108
1391 20
1392 208
1393 139
1394 145
1395 175
1396 72
1397 75
1398 234
1399 150
1400 171
1401 24
1402 135
1403 74
1404 80
1405 44
1406 85
1407 218
1408 57
1409 25
1410 122
1411 120
1412 88
1413 4
1414 139
1415 217
1416 95
1417 81
1418 180
1419 214
1420 105
1421 172
1422 75
1423 112
1424 117
1425 30
1426 1
1427 99
1428 108
1429 2
1430 187
1431 130
1432 89
1433 61
1434 18
1435 108
1436 194
1437 71
1438 80
1439 189
1440 108
1441 122
1442 94
1443 73
1444 30
1445 180
1446 158
1447 210
1448 87
1449 37
1450 144
1451 140
1452 171
1453 140
1454 248
1455 144
1456 236
1457 82
1458 35
1459 57
1460 226
1461 166
1462 61
1463 76
1464 206
1465 81
1466 88
1467 179
1468 171
1469 109
1470 127
1471 215
1472 248
1473 154
1474 248
1475 151
1476 179
1477 225
1478 52
1479 68
1480 239
1481 0
1482 164
1483 186
1484 24
1485 239
1486 174
1487 145
1488 2
1489 97
1490 214
1491 246
1492 48
1493 87
1494 187
1495 198
1496 91
1497 217
1498 235
1499 3
1500 192
1501 213
1502 194
1503 219
1504 134
1505 234
1506 149
1507 132
1508 1
1509 135
1510 96
1511 13
1512 173
1513 74
1514 23
1515 230
1516 52
1517 127
1518 150
1519 186
1520 156
1521 181
1522 145
1523 130
1524 0
1525 159
1526 215
1527 4
1528 234
1529 48
1530 156
1531 57
1532 52
1533 32
1534 0
1535 92
1536 70
1537 149
1538 171
1539 84
1540 163
1541 248
1542 38
1543 213
1544 83
1545 86
1546 127
1547 26
1548 2
1549 151
1550 79
1551 167
1552 99
1553 107
1554 120
1555 158
1556 17
1557 102
1558 120
1559 248
1560 125
1561 82
1562 142
1563 215
1564 25
1565 161
1566 123
1567 67
1568 215
1569 187
1570 134
1571 211
1572 70
1573 63
1574 87
1575 113
1576 73
1577 107
1578 120
1579 203
1580 108
1581 218
1582 161
1583 66
1584 2
1585 126
1586 241
1587 63
1588 63
1589 145
1590 25
1591 143
1592 130
1593 148
1594 49
1595 240
1596 239
1597 211
1598 128
1599 232
1600 183
1601 8
1602 2
1603 75
1604 90
1605 68
1606 32
1607 46
1608 220
1609 62
1610 156
1611 234
1612 114
1613 104
1614 45
1615 112
1616 122
1617 46
1618 154
1619 152
1620 175
1621 48
1622 210
1623 36
1624 175
1625 99
1626 222
1627 175
1628 27
1629 17
1630 140
1631 43
1632 80
1633 103
1634 32
1635 44
1636 248
1637 145
1638 187
1639 102
1640 243
1641 142
1642 108
1643 52
1644 134
1645 29
1646 30
1647 74
1648 90
1649 186
1650 229
1651 92
1652 210
1653 127
1654 214
1655 218
1656 171
1657 38
1658 152
1659 57
1660 70
1661 224
1662 76
1663 36
1664 125
1665 83
1666 125
1667 135
1668 164
1669 72
1670 75
1671 79
1672 142
1673 23
1674 167
1675 79
1676 83
1677 113
1678 83
1679 17
1680 220
1681 8
1682 7
1683 2
1684 200
1685 166
1686 15
1687 4
1688 134
1689 96
1690 234
1691 84
1692 106
1693 225
1694 115
1695 70
1696 134
1697 118
1698 155
1699 189
1700 79
1701 91
1702 6
1703 72
1704 18
1705 107
1706 149
1707 91
1708 5
1709 83
1710 248
1711 119
1712 245
1713 117
1714 225
1715 163
1716 174
1717 212
1718 168
1719 155
1720 12
1721 228
1722 1
1723 66
1724 67
1725 130
1726 162
1727 30
1728 16
1729 248
1730 18
1731 187
1732 127
1733 54
1734 161
1735 68
1736 210
1737 248
1738 180
1739 248
1740 124
1741 245
1742 223
1743 125
1744 47
1745 215
1746 52
1747 86
1748 196
1749 32
1750 57
1751 240
1752 161
1753 102
1754 111
1755 44
1756 46
1757 180
1758 122
1759 75
1760 220
1761 63
1762 52
1763 201
1764 57
1765 80
1766 155
1767 232
1768 46
1769 137
1770 25
1771 215
1772 109
1773 186
1774 145
1775 102
1776 248
1777 120
1778 219
1779 153
1780 111
1781 44
1782 154
1783 126
1784 139
1785 2
1786 37
1787 25
1788 172
1789 87
1790 137
1791 112
1792 86
1793 189
1794 74
1795 104
1796 174
1797 222
1798 82
1799 122
1800 79
1801 83
1802 91
1803 175
1804 76
1805 56
1806 14
1807 57
1808 53
1809 84
1810 127
1811 35
1812 79
1813 16
1814 128
1815 70
1816 185
1817 20
1818 162
1819 24
1820 193
1821 248
1822 73
1823 49
1824 126
1825 152
1826 223
1827 212
1828 239
1829 66
1830 122
1831 49
1832 57
1833 96
1834 112
1835 187
1836 13
1837 0
1838 239
1839 74
1840 45
1841 111
1842 92
1843 57
1844 130
1845 150
1846 167
1847 220
1848 100
1849 211
1850 211
1851 228
1852 148
1853 0
1854 31
1855 80
1856 130
1857 147
1858 220
1859 119
1860 245
1861 42
1862 82
1863 25
1864 135
1865 134
1866 2
1867 232
1868 109
1869 70
1870 128
1871 135
1872 134
1873 29
1874 187
1875 83
1876 72
1877 0
1878 18
1879 214
1880 175
1881 247
1882 61
1883 60
1884 222
1885 43
1886 142
1887 0
1888 148
1889 140
1890 83
1891 4
1892 247
1893 191
1894 15
1895 70
1896 144
1897 248
1898 241
1899 0
1900 220
1901 108
1902 248
1903 248
1904 151
1905 52
1906 240
1907 120
1908 129
1909 58
1910 23
1911 140
1912 38
1913 216
1914 129
1915 145
1916 120
1917 122
1918 25
1919 196
1920 63
1921 136
1922 248
1923 194
1924 65
1925 155
1926 232
1927 32
1928 16
1929 129
1930 23
1931 26
1932 225
1933 22
1934 158
1935 38
1936 7
1937 148
1938 152
1939 113
1940 214
1941 2
1942 17
1943 171
1944 150
1945 191
1946 225
1947 156
1948 92
1949 16
1950 29
1951 52
1952 144
1953 149
1954 248
1955 169
1956 25
1957 157
1958 148
1959 57
1960 130
1961 150
1962 104
1963 64
1964 4
1965 35
1966 194
1967 39
1968 62
1969 66
1970 114
1971 189
1972 137
1973 19
1974 183
1975 130
1976 106
1977 166
1978 26
1979 92
1980 12
1981 25
1982 174
1983 155
1984 32
1985 1
1986 83
1987 86
1988 52
1989 97
1990 0
1991 57
1992 146
1993 166
1994 221
1995 100
1996 25
1997 89
1998 236
1999 79
2000 45
2001 129
2002 218
2003 211
2004 187
2005 2
2006 102
2007 83
2008 104
2009 100
2010 89
2011 166
2012 171
2013 63
2014 171
2015 107
2016 113
2017 166
2018 95
2019 77
2020 179
2021 189
2022 214
2023 239
2024 76
2025 87
2026 68
2027 243
2028 232
2029 92
2030 220
2031 234
2032 240
2033 73
2034 244
2035 46
2036 76
2037 212
2038 64
2039 75
2040 194
2041 7
2042 19
2043 200
2044 4
2045 106
2046 120
2047 112
2048 187
2049 163
2050 223
2051 107
2052 108
2053 48
2054 67
2055 91
2056 23
2057 202
2058 148
2059 20
2060 25
2061 32
2062 145
2063 137
2064 57
2065 194
2066 64
2067 171
2068 17
2069 66
2070 4
2071 29
2072 145
2073 75
2074 13
2075 206
2076 113
2077 109
2078 108
2079 35
2080 32
2081 144
2082 173
2083 38
2084 149
2085 126
2086 36
2087 92
2088 107
2089 189
2090 213
2091 49
2092 172
2093 180
2094 66
2095 218
2096 30
2097 248
2098 25
2099 63
2100 134
2101 181
2102 210
2103 13
2104 128
2105 46
2106 130
2107 46
2108 166
2109 52
2110 109
2111 218
2112 183
2113 186
2114 2
2115 72
2116 55
2117 220
2118 99
2119 112
2120 32
2121 46
2122 0
2123 54
2124 10
2125 16
2126 124
2127 39
2128 234
2129 134
2130 174
2131 84
2132 3
2133 243
2134 2
2135 23
2136 161
2137 142
2138 137
2139 134
2140 79
2141 231
2142 207
2143 183
2144 44
2145 18
2146 239
2147 171
2148 39
2149 218
2150 220
2151 211
2152 158
2153 120
2154 164
2155 180
2156 177
2157 168
2158 9
2159 0
2160 212
2161 228
2162 185
2163 181
2164 92
2165 117
2166 25
2167 65
2168 104
2169 52
2170 124
2171 194
2172 68
2173 17
2174 17
2175 52
2176 2
2177 32
2178 18
2179 74
2180 25
2181 109
2182 68
2183 35
2184 137
2185 39
2186 52
2187 148
2188 96
2189 128
2190 182
2191 75
2192 207
2193 175
2194 186
2195 43
2196 91
2197 213
2198 135
2199 25
2200 107
2201 68
2202 108
2203 222
2204 120
2205 175
2206 171
2207 52
2208 52
2209 79
2210 175
2211 198
2212 234
2213 36
2214 106
2215 66
2216 32
2217 80
2218 225
2219 63
2220 107
2221 167
2222 152
2223 49
2224 25
2225 108
2226 44
2227 48
2228 108
2229 139
2230 214
2231 25
2232 37
2233 44
2234 187
2235 140
2236 48
2237 32
2238 24
2239 3
2240 44
2241 183
2242 245
2243 201
2244 17
2245 30
2246 67
2247 161
2248 203
2249 57
2250 52
2251 150
2252 165
2253 132
2254 18
2255 57
2256 52
2257 168
2258 35
2259 248
2260 234
2261 87
2262 82
2263 128
2264 179
2265 84
2266 171
2267 159
2268 173
2269 171
2270 113
2271 187
2272 52
2273 220
2274 63
2275 25
2276 225
2277 168
2278 130
2279 158
2280 188
2281 57
2282 92
2283 29
2284 124
2285 79
2286 25
2287 67
2288 152
2289 146
2290 140
2291 25
2292 225
2293 193
2294 74
2295 46
2296 44
2297 169
2298 74
2299 17
2300 234
2301 26
2302 244
2303 247
2304 4
2305 57
2306 70
2307 151
2308 30
2309 60
2310 7
2311 128
2312 0
2313 134
2314 249
2315 211
2316 197
2317 62
2318 144
2319 206
2320 225
2321 215
2322 241
2323 83
2324 44
2325 92
2326 113
2327 113
2328 57
2329 119
2330 220
2331 17
2332 166
2333 140
2334 173
2335 213
2336 92
2337 223
2338 86
2339 171
2340 158
2341 18
2342 91
2343 55
2344 8
2345 32
2346 108
2347 131
2348 210
2349 248
2350 68
2351 13
2352 248
2353 191
2354 91
2355 152
2356 65
2357 194
2358 194
2359 119
2360 97
2361 88
2362 130
2363 161
2364 119
2365 24
2366 194
2367 12
2368 32
2369 173
2370 73
2371 91
2372 25
2373 66
2374 70
2375 4
2376 192
2377 32
2378 70
2379 168
2380 26
2381 107
2382 57
2383 150
2384 220
2385 135
2386 134
2387 189
2388 48
2389 247
2390 107
2391 223
2392 72
2393 111
2394 158
2395 171
2396 89
2397 144
2398 193
2399 120
2400 79
2401 30
2402 186
2403 139
2404 232
2405 150
2406 26
2407 4
2408 74
2409 74
2410 168
2411 189
2412 210
2413 6
2414 92
2415 148
2416 142
2417 50
2418 60
2419 99
2420 7
2421 25
2422 65
2423 108
2424 79
2425 148
2426 183
2427 154
2428 25
2429 108
2430 56
2431 0
2432 201
2433 103
2434 210
2435 30
2436 135
2437 172
2438 148
2439 248
2440 234
2441 25
2442 70
2443 98
2444 80
2445 150
2446 91
2447 112
2448 89
2449 131
2450 29
2451 57
2452 6
2453 107
2454 143
2455 4
2456 228
2457 161
2458 4
2459 239
2460 164
2461 27
2462 225
2463 18
2464 30
2465 52
2466 186
2467 179
2468 35
2469 246
2470 126
2471 79
2472 186
2473 202
2474 35
2475 0
2476 127
2477 163
2478 194
2479 248
2480 186
2481 175
2482 5
2483 96
2484 155
2485 163
2486 62
2487 79
2488 169
2489 32
2490 163
2491 4
2492 247
2493 82
2494 70
2495 69
2496 10
2497 0
2498 155
2499 25
2500 107
2501 130
2502 220
2503 37
2504 83
2505 124
2506 1
2507 245
2508 87
2509 37
2510 25
2511 186
2512 65
2513 10
2514 76
2515 168
2516 187
2517 103
2518 244
2519 13
2520 91
2521 23
2522 140
2523 211
2524 4
2525 150
2526 122
2527 111
2528 99
2529 220
2530 247
2531 175
2532 186
2533 86
2534 149
2535 186
2536 155
2537 6
2538 145
2539 26
2540 102
2541 82
2542 129
2543 44
2544 247
2545 134
2546 8
2547 0
2548 248
2549 207
2550 32
2551 70
2552 215
2553 83
2554 220
2555 26
2556 72
2557 127
2558 134
2559 56
2560 26
2561 106
2562 53
2563 84
2564 145
2565 79
2566 158
2567 44
2568 83
2569 148
2570 211
2571 17
2572 186
2573 239
2574 162
2575 25
2576 167
2577 211
2578 61
2579 52
2580 207
2581 186
2582 141
2583 70
2584 26
2585 18
2586 63
2587 122
2588 35
2589 65
2590 18
2591 168
2592 66
2593 7
2594 108
2595 130
2596 128
2597 57
2598 19
2599 218
2600 52
2601 150
2602 130
2603 224
2604 0
2605 206
2606 169
2607 246
2608 44
2609 91
2610 105
2611 187
2612 186
2613 124
2614 3
2615 68
2616 24
2617 52
2618 91
2619 117
2620 220
2621 43
2622 102
2623 127
2624 66
2625 162
2626 70
2627 4
2628 128
2629 39
2630 129
2631 0
2632 66
2633 93
2634 0
2635 96
2636 7
2637 111
2638 82
2639 79
2640 186
2641 119
2642 241
2643 47
2644 107
2645 29
2646 79
2647 220
2648 161
2649 163
2650 131
2651 44
2652 186
2653 144
2654 202
2655 67
2656 135
2657 84
2658 24
2659 130
2660 168
2661 210
2662 32
2663 239
2664 234
2665 107
2666 25
2667 30
2668 44
2669 230
2670 131
2671 167
2672 13
2673 77
2674 65
2675 187
2676 201
2677 57
2678 131
2679 144
2680 131
2681 234
2682 186
2683 189
2684 52
2685 121
2686 64
2687 186
2688 57
2689 76
2690 22
2691 57
2692 218
2693 32
2694 76
2695 29
2696 38
2697 212
2698 0
2699 102
2700 2
2701 37
2702 2
2703 166
2704 225
2705 118
2706 129
2707 47
2708 49
2709 155
2710 7
2711 195
2712 67
2713 102
2714 82
2715 25
2716 108
2717 0
2718 224
2719 25
2720 82
2721 112
2722 68
2723 61
2724 52
2725 239
2726 127
2727 55
2728 29
2729 154
2730 66
2731 70
2732 25
2733 89
2734 52
2735 106
2736 247
2737 25
2738 61
2739 87
2740 64
2741 85
2742 32
2743 61
2744 218
2745 168
2746 32
2747 231
2748 167
2749 23
2750 52
2751 240
2752 106
2753 166
2754 5
2755 25
2756 248
2757 246
2758 194
2759 171
2760 111
2761 147
2762 215
2763 49
2764 166
2765 214
2766 111
2767 137
2768 43
2769 128
2770 217
2771 220
2772 220
2773 113
2774 13
2775 142
2776 174
2777 213
2778 168
2779 164
2780 183
2781 111
2782 40
2783 142
2784 128
2785 43
2786 205
2787 155
2788 215
2789 67
2790 75
2791 4
2792 30
2793 158
2794 220
2795 83
2796 0
2797 23
2798 2
2799 130
2800 3
2801 206
2802 39
2803 150
2804 4
2805 36
2806 123
2807 185
2808 10
2809 107
2810 239
2811 113
2812 85
2813 220
2814 218
2815 171
2816 167
2817 17
2818 66
2819 25
2820 121
2821 130
2822 186
2823 35
2824 150
2825 168
2826 52
2827 185
2828 168
2829 6
2830 67
2831 211
2832 74
2833 108
2834 229
2835 248
2836 102
2837 17
2838 167
2839 79
2840 52
2841 113
2842 23
2843 174
2844 145
2845 102
2846 113
2847 142
2848 163
2849 124
2850 25
2851 127
2852 194
2853 222
2854 16
2855 148
2856 6
2857 169
2858 17
2859 46
2860 47
2861 17
2862 186
2863 212
2864 111
2865 2
2866 180
2867 192
2868 17
2869 192
2870 29
2871 63
2872 131
2873 158
2874 246
2875 194
2876 220
2877 167
2878 57
2879 113
2880 67
2881 57
2882 13
2883 171
2884 192
2885 29
2886 140
2887 225
2888 134
2889 186
2890 247
2891 239
2892 181
2893 195
2894 186
2895 92
2896 107
2897 144
2898 30
2899 171
2900 110
2901 49
2902 52
2903 224
2904 90
2905 172
2906 17
2907 175
2908 64
2909 70
2910 130
2911 187
2912 210
2913 126
2914 70
2915 142
2916 79
2917 165
2918 2
2919 44
2920 107
2921 146
2922 99
2923 218
2924 215
2925 70
2926 52
2927 189
2928 194
2929 72
2930 80
2931 234
2932 144
2933 79
2934 193
2935 71
2936 161
2937 30
2938 83
2939 169
2940 248
2941 2
2942 241
2943 154
2944 23
2945 185
2946 147
2947 2
2948 183
2949 234
2950 0
2951 196
2952 2
2953 186
2954 32
2955 66
2956 215
2957 187
2958 18
2959 52
2960 185
2961 62
2962 211
2963 177
2964 137
2965 2
2966 195
2967 169
2968 75
2969 29
2970 29
2971 134
2972 152
2973 25
2974 12
2975 247
2976 211
2977 107
2978 94
2979 26
2980 87
2981 130
2982 79
2983 210
2984 39
2985 117
2986 161
2987 136
2988 234
2989 17
2990 44
2991 15
2992 87
2993 220
2994 66
2995 112
2996 24
2997 159
2998 71
2999 32
3000 130
3001 148
3002 236
3003 211
3004 220
3005 225
3006 129
3007 12
3008 57
3009 234
3010 47
3011 26
3012 124
3013 194
3014 222
3015 108
3016 214
3017 119
3018 123
3019 241
3020 132
3021 210
3022 59
3023 53
3024 193
3025 151
3026 191
3027 32
3028 155
3029 56
3030 186
3031 84
3032 186
3033 65
3034 74
3035 171
3036 2
3037 0
3038 168
3039 0
3040 32
3041 163
3042 227
3043 79
3044 183
3045 240
3046 0
3047 26
3048 218
3049 52
3050 124
3051 70
3052 130
3053 102
3054 154
3055 130
3056 52
3057 39
3058 52
3059 191
3060 166
3061 167
3062 248
3063 72
3064 140
3065 13
3066 112
3067 144
3068 97
3069 186
3070 35
3071 108
3072 75
3073 25
3074 92
3075 138
3076 23
3077 84
3078 143
3079 52
3080 87
3081 17
3082 129
3083 63
3084 197
3085 210
3086 96
3087 146
3088 167
3089 16
3090 16
3091 12
3092 13
3093 82
3094 172
3095 52
3096 96
3097 233
3098 61
3099 108
3100 25
3101 76
3102 103
3103 40
3104 39
3105 149
3106 20
3107 2
3108 108
3109 104
3110 10
3111 83
3112 141
3113 70
3114 65
3115 218
3116 120
3117 145
3118 91
3119 92
3120 131
3121 149
3122 212
3123 112
3124 106
3125 92
3126 29
3127 158
3128 71
3129 26
3130 158
3131 70
3132 32
3133 60
3134 91
3135 25
3136 2
3137 130
3138 79
3139 231
3140 76
3141 169
3142 65
3143 247
3144 171
3145 135
3146 112
3147 52
3148 175
3149 32
3150 76
3151 57
3152 131
3153 212
3154 91
3155 148
3156 169
3157 64
3158 83
3159 49
3160 175
3161 82
3162 127
3163 120
3164 130
3165 60
3166 166
3167 207
3168 68
3169 248
3170 79
3171 87
3172 25
3173 124
3174 134
3175 79
3176 0
3177 70
3178 195
3179 57
3180 92
3181 92
3182 248
3183 112
3184 55
3185 83
3186 120
3187 218
3188 105
3189 205
3190 142
3191 221
3192 217
3193 49
3194 25
3195 173
3196 17
3197 181
3198 122
3199 74
3200 231
3201 35
3202 88
3203 187
3204 168
3205 79
3206 130
3207 65
3208 229
3209 74
3210 2
3211 32
3212 30
3213 248
3214 24
3215 35
3216 108
3217 167
3218 3
3219 107
3220 46
3221 57
3222 130
3223 65
3224 76
3225 3
3226 49
3227 180
3228 130
3229 52
3230 26
3231 66
3232 148
3233 96
3234 235
3235 207
3236 57
3237 60
3238 201
3239 220
3240 224
3241 10
3242 130
3243 208
3244 175
3245 0
3246 57
3247 9
3248 169
3249 23
3250 128
3251 212
3252 150
3253 83
3254 187
3255 52
3256 84
3257 103
3258 147
3259 130
3260 52
3261 6
3262 158
3263 43
3264 191
3265 83
3266 171
3267 79
3268 246
3269 172
3270 166
3271 168
3272 55
3273 102
3274 45
3275 66
3276 91
3277 211
3278 171
3279 17
3280 29
3281 158
3282 25
3283 46
3284 167
3285 86
3286 102
3287 224
3288 79
3289 85
3290 3
3291 52
3292 153
3293 57
3294 11
3295 11
3296 248
3297 96
3298 225
3299 71
3300 220
3301 8
3302 163
3303 130
3304 82
3305 82
3306 82
3307 224
3308 83
3309 156
3310 175
3311 130
3312 20
3313 187
3314 43
3315 169
3316 147
3317 35
3318 157
3319 239
3320 220
3321 35
3322 38
3323 130
3324 186
3325 167
3326 174
3327 0
3328 66
3329 129
3330 71
3331 175
3332 161
3333 52
3334 150
3335 135
3336 205
3337 180
3338 108
3339 70
3340 134
3341 52
3342 17
3343 189
3344 187
3345 227
3346 2
3347 0
3348 128
3349 71
3350 63
3351 149
3352 179
3353 46
3354 35
3355 66
3356 87
3357 228
3358 130
3359 234
3360 161
3361 142
3362 46
3363 70
3364 108
3365 25
3366 65
3367 211
3368 87
3369 215
3370 10
3371 55
3372 225
3373 129
3374 107
3375 241
3376 248
3377 145
3378 201
3379 25
3380 79
3381 130
3382 150
3383 248
3384 215
3385 72
3386 131
3387 168
3388 23
3389 6
3390 220
3391 46
3392 70
3393 222
3394 234
3395 25
3396 173
3397 186
3398 25
3399 120
3400 52
3401 166
3402 17
3403 220
3404 134
3405 169
3406 2
3407 2
3408 74
3409 35
3410 142
3411 187
3412 210
3413 0
3414 191
3415 131
3416 75
3417 16
3418 171
3419 52
3420 239
3421 63
3422 87
3423 211
3424 57
3425 52
3426 26
3427 150
3428 168
3429 79
3430 25
3431 225
3432 239
3433 57
3434 168
3435 174
3436 52
3437 52
3438 52
3439 52
3440 87
3441 187
3442 35
3443 168
3444 0
3445 24
3446 25
3447 211
3448 155
3449 211
3450 187
3451 175
3452 164
3453 130
3454 192
3455 36
3456 191
3457 210
3458 245
3459 225
3460 235
3461 185
3462 90
3463 189
3464 29
3465 52
3466 119
3467 215
3468 52
3469 220
3470 163
3471 84
3472 0
3473 2
3474 173
3475 46
3476 17
3477 106
3478 172
3479 47
3480 35
3481 86
3482 57
3483 70
3484 117
3485 23
3486 70
3487 19
3488 65
3489 25
3490 49
3491 246
3492 128
3493 186
3494 232
3495 106
3496 212
3497 83
3498 47
3499 171
3500 82
3501 32
3502 129
3503 17
3504 218
3505 108
3506 53
3507 171
3508 130
3509 175
3510 212
3511 218
3512 25
3513 67
3514 57
3515 26
3516 49
3517 168
3518 89
3519 84
3520 187
3521 168
3522 65
3523 32
3524 2
3525 110
3526 220
3527 218
3528 161
3529 191
3530 25
3531 43
3532 86
3533 166
3534 167
3535 24
3536 23
3537 184
3538 18
3539 3
3540 141
3541 32
3542 108
3543 85
3544 30
3545 220
3546 82
3547 186
3548 76
3549 186
3550 168
3551 17
3552 171
3553 63
3554 10
3555 179
3556 168
3557 210
3558 245
3559 130
3560 67
3561 100
3562 130
3563 2
3564 74
3565 82
3566 130
3567 29
3568 18
3569 232
3570 220
3571 187
3572 163
3573 220
3574 52
3575 70
3576 220
3577 2
3578 79
3579 66
3580 142
3581 108
3582 120
3583 22
3584 48
3585 64
3586 136
3587 187
3588 3
3589 70
3590 247
3591 2
3592 3
3593 23
3594 177
3595 187
3596 134
3597 130
3598 166
3599 163
3600 79
3601 64
3602 136
3603 2
3604 246
3605 239
3606 128
3607 130
3608 52
3609 97
3610 107
3611 163
3612 83
3613 86
3614 231
3615 113
3616 172
3617 244
3618 207
3619 119
3620 82
3621 150
3622 70
3623 213
3624 60
3625 108
3626 158
3627 82
3628 186
3629 79
3630 94
3631 92
3632 2
3633 169
3634 128
3635 158
3636 52
3637 174
3638 183
3639 7
3640 10
3641 52
3642 113
3643 32
3644 211
3645 131
3646 90
3647 32
3648 67
3649 44
3650 84
3651 84
3652 218
3653 23
3654 32
3655 181
3656 45
3657 6
3658 210
3659 134
3660 228
3661 75
3662 120
3663 68
3664 184
3665 38
3666 74
3667 82
3668 234
3669 38
3670 239
3671 220
3672 120
3673 29
3674 79
3675 65
3676 108
3677 52
3678 248
3679 187
3680 130
3681 0
3682 23
3683 26
3684 74
3685 239
3686 211
3687 25
3688 38
3689 56
3690 203
3691 32
3692 107
3693 40
3694 25
3695 169
3696 194
3697 2
3698 168
3699 247
3700 129
3701 18
3702 102
3703 108
3704 73
3705 36
3706 57
3707 152
3708 57
3709 150
3710 49
3711 220
3712 248
3713 131
3714 77
3715 10
3716 10
3717 220
3718 70
3719 50
3720 247
3721 0
3722 180
3723 2
3724 187
3725 128
3726 211
3727 127
3728 25
3729 44
3730 0
3731 225
3732 142
3733 65
3734 117
3735 49
3736 18
3737 79
3738 111
3739 161
3740 47
3741 23
3742 74
3743 172
3744 152
3745 67
3746 64
3747 85
3748 205
3749 75
3750 10
3751 220
3752 83
3753 52
3754 32
3755 25
3756 239
3757 2
3758 23
3759 23
3760 25
3761 191
3762 166
3763 52
3764 184
3765 236
3766 25
3767 152
3768 52
3769 13
3770 172
3771 1
3772 24
3773 13
3774 71
3775 239
3776 70
3777 71
3778 222
3779 29
3780 130
3781 84
3782 130
3783 175
3784 52
3785 0
3786 2
3787 66
3788 230
3789 220
3790 88
3791 35
3792 32
3793 17
3794 128
3795 147
3796 25
3797 35
3798 76
3799 70
3800 44
3801 148
3802 202
3803 234
3804 211
3805 52
3806 46
3807 102
3808 2
3809 130
3810 218
3811 130
3812 128
3813 44
3814 52
3815 134
3816 127
3817 72
3818 70
3819 168
3820 9
3821 164
3822 84
3823 71
3824 55
3825 212
3826 131
3827 220
3828 166
3829 52
3830 25
3831 179
3832 106
3833 82
3834 6
3835 173
3836 187
3837 168
3838 17
3839 97
3840 64
3841 24
3842 142
3843 52
3844 168
3845 150
3846 64
3847 142
3848 29
3849 227
3850 124
3851 57
3852 83
3853 32
3854 79
3855 46
3856 166
3857 65
3858 106
3859 171
3860 142
3861 168
3862 82
3863 111
3864 175
3865 169
3866 26
3867 192
3868 68
3869 97
3870 6
3871 70
3872 65
3873 25
3874 152
3875 3
3876 130
3877 163
3878 52
3879 26
3880 25
3881 220
3882 52
3883 224
3884 132
3885 2
3886 248
3887 206
3888 56
3889 44
3890 231
3891 113
3892 102
3893 74
3894 248
3895 130
3896 193
3897 215
3898 211
3899 128
3900 175
3901 187
3902 72
3903 47
3904 97
3905 25
3906 187
3907 168
3908 49
3909 134
3910 17
3911 187
3912 131
3913 163
3914 60
3915 87
3916 139
3917 70
3918 39
3919 161
3920 227
3921 125
3922 148
3923 23
3924 211
3925 72
3926 76
3927 119
3928 106
3929 130
3930 194
3931 180
3932 175
3933 192
3934 108
3935 128
3936 127
3937 87
3938 120
3939 186
3940 55
3941 194
3942 128
3943 67
3944 79
3945 6
3946 169
3947 65
3948 2
3949 23
3950 83
3951 180
3952 128
3953 108
3954 174
3955 177
3956 2
3957 113
3958 171
3959 148
3960 44
3961 128
3962 35
3963 194
3964 106
3965 234
3966 52
3967 108
3968 122
3969 2
3970 187
3971 122
3972 18
3973 52
3974 187
3975 32
3976 240
3977 248
3978 183
3979 38
3980 86
3981 171
3982 211
3983 46
3984 79
3985 26
3986 65
3987 84
3988 120
3989 43
3990 225
3991 23
3992 169
3993 82
3994 213
3995 142
3996 52
3997 172
3998 0
3999 35
4000 196
4001 191
4002 210
4003 187
4004 2
4005 25
4006 128
4007 150
4008 52
4009 26
4010 225
4011 25
4012 52
4013 168
4014 137
4015 239
4016 58
4017 24
4018 140
4019 57
4020 83
4021 187
4022 122
4023 62
4024 26
4025 25
4026 13
4027 176
4028 79
4029 163
4030 179
4031 108
4032 107
4033 189
4034 0
4035 135
4036 186
4037 67
4038 2
4039 55
4040 175
4041 2
4042 23
4043 84
4044 3
4045 10
4046 186
4047 11
4048 25
4049 220
4050 107
4051 79
4052 72
4053 25
4054 43
4055 155
4056 163
4057 39
4058 2
4059 32
4060 235
4061 128
4062 142
4063 52
4064 130
4065 113
4066 57
4067 55
4068 2
4069 74
4070 2
4071 124
4072 17
4073 177
4074 183
4075 201
4076 65
4077 23
4078 91
4079 25
4080 0
4081 183
4082 32
4083 30
4084 79
4085 146
4086 119
4087 57
4088 218
4089 25
4090 104
4091 70
4092 159
4093 186
4094 156
4095 3
4096 232
4097 32
4098 13
4099 108
4100 207
4101 2
4102 83
4103 26
4104 52
4105 67
4106 231
4107 247
4108 2
4109 79
4110 46
4111 186
4112 239
4113 94
4114 234
4115 186
4116 46
4117 212
4118 25
4119 70
4120 52
4121 129
4122 130
4123 220
4124 87
4125 0
4126 2
4127 187
4128 131
4129 168
4130 169
4131 130
4132 152
4133 6
4134 117
4135 189
4136 186
4137 102
4138 130
4139 2
4140 52
4141 65
4142 52
4143 62
4144 71
4145 248
4146 52
4147 3
4148 75
4149 23
4150 167
4151 107
4152 130
4153 92
4154 79
4155 84
4156 150
4157 234
4158 57
4159 130
4160 150
4161 239
4162 122
4163 113
4164 220
4165 26
4166 35
4167 124
4168 225
4169 156
4170 173
4171 234
4172 24
4173 82
4174 25
4175 185
4176 141
4177 186
4178 243
4179 13
4180 8
4181 211
4182 2
4183 46
4184 2
4185 40
4186 65
4187 130
4188 46
4189 130
4190 121
4191 66
4192 113
4193 25
4194 112
4195 43
4196 43
4197 108
4198 52
4199 86
4200 145
4201 246
4202 175
4203 66
4204 25
4205 25
4206 64
4207 64
4208 248
4209 234
4210 108
4211 192
4212 79
4213 106
4214 17
4215 206
4216 224
4217 128
4218 214
4219 171
4220 150
4221 240
4222 239
4223 224
4224 128
4225 52
4226 76
4227 163
4228 79
4229 186
4230 58
4231 152
4232 13
4233 106
4234 103
4235 113
4236 13
4237 171
4238 79
4239 108
4240 175
4241 32
4242 92
4243 148
4244 57
4245 4
4246 239
4247 186
4248 16
4249 175
4250 52
4251 25
4252 130
4253 67
4254 106
4255 173
4256 112
4257 25
4258 32
4259 211
4260 145
4261 189
4262 55
4263 82
4264 71
4265 128
4266 82
4267 32
4268 142
4269 194
4270 25
4271 142
4272 175
4273 108
4274 108
4275 124
4276 30
4277 107
4278 247
4279 171
4280 74
4281 83
4282 165
4283 107
4284 3
4285 223
4286 166
4287 109
4288 104
4289 74
4290 239
4291 83
4292 128
4293 130
4294 167
4295 55
4296 166
4297 210
4298 109
4299 52
4300 32
4301 69
4302 117
4303 65
4304 44
4305 79
4306 74
4307 52
4308 117
4309 248
4310 67
4311 211
4312 228
4313 245
4314 52
4315 49
4316 248
4317 212
4318 25
4319 117
4320 150
4321 186
4322 61
4323 55
4324 108
4325 52
4326 27
4327 47
4328 187
4329 225
4330 186
4331 166
4332 67
4333 248
4334 52
4335 24
4336 219
4337 207
4338 0
4339 211
4340 159
4341 180
4342 218
4343 68
4344 248
4345 224
4346 187
4347 130
4348 231
4349 23
4350 107
4351 102
4352 128
4353 23
4354 220
4355 233
4356 215
4357 47
4358 32
4359 47
4360 105
4361 231
4362 66
4363 239
4364 30
4365 10
4366 148
4367 10
4368 131
4369 201
4370 150
4371 175
4372 150
4373 168
4374 17
4375 187
4376 64
4377 205
4378 239
4379 0
4380 82
4381 70
4382 105
4383 239
4384 148
4385 44
4386 111
4387 211
4388 40
4389 211
4390 131
4391 248
4392 37
4393 169
4394 79
4395 72
4396 88
4397 194
4398 49
4399 187
4400 107
4401 187
4402 148
4403 65
4404 25
4405 66
4406 52
4407 134
4408 108
4409 0
4410 243
4411 62
4412 220
4413 145
4414 2
4415 26
4416 239
4417 46
4418 131
4419 25
4420 85
4421 130
4422 229
4423 52
4424 130
4425 131
4426 130
4427 79
4428 52
4429 79
4430 172
4431 187
4432 150
4433 13
4434 2
4435 189
4436 174
4437 52
4438 40
4439 215
4440 187
4441 220
4442 112
4443 156
4444 128
4445 0
4446 66
4447 13
4448 177
4449 121
4450 150
4451 181
4452 220
4453 13
4454 134
4455 99
4456 150
4457 135
4458 25
4459 131
4460 2
4461 82
4462 0
4463 82
4464 239
4465 83
4466 119
4467 9
4468 169
4469 225
4470 128
4471 66
4472 43
4473 156
4474 130
4475 131
4476 82
4477 161
4478 173
4479 49
4480 0
4481 112
4482 220
4483 43
4484 130
4485 49
4486 64
4487 46
4488 2
4489 231
4490 79
4491 225
4492 128
4493 248
4494 26
4495 240
4496 25
4497 52
4498 65
4499 23
4500 0
4501 187
4502 69
4503 108
4504 52
4505 25
4506 234
4507 65
4508 148
4509 180
4510 107
4511 223
4512 210
4513 128
4514 107
4515 220
4516 49
4517 183
4518 75
4519 171
4520 80
4521 52
4522 3
4523 223
4524 130
4525 32
4526 181
4527 36
4528 147
4529 52
4530 117
4531 35
4532 247
4533 187
4534 128
4535 79
4536 43
4537 56
4538 187
4539 247
4540 25
4541 32
4542 79
4543 233
4544 224
4545 71
4546 224
4547 187
4548 152
4549 215
4550 97
4551 35
4552 192
4553 25
4554 71
4555 82
4556 79
4557 248
4558 130
4559 2
4560 49
4561 45
4562 52
4563 177
4564 0
4565 1
4566 70
4567 163
4568 0
4569 76
4570 117
4571 113
4572 23
4573 60
4574 25
4575 169
4576 142
4577 25
4578 183
4579 66
4580 83
4581 71
4582 92
4583 17
4584 187
4585 140
4586 82
4587 24
4588 130
4589 77
4590 87
4591 168
4592 57
4593 49
4594 25
4595 232
4596 43
4597 16
4598 144
4599 108
4600 130
4601 43
4602 52
4603 130
4604 143
4605 187
4606 187
4607 52
4608 92
4609 52
4610 247
4611 26
4612 11
4613 91
4614 128
4615 128
4616 150
4617 52
4618 2
4619 231
4620 26
4621 224
4622 52
4623 187
4624 67
4625 70
4626 40
4627 150
4628 43
4629 71
4630 166
4631 85
4632 104
4633 163
4634 108
4635 110
4636 10
4637 23
4638 108
4639 79
4640 216
4641 23
4642 130
4643 23
4644 221
4645 92
4646 220
4647 38
4648 79
4649 172
4650 187
4651 113
4652 159
4653 248
4654 0
4655 183
4656 105
4657 234
4658 26
4659 211
4660 82
4661 131
4662 124
4663 231
4664 52
4665 148
4666 186
4667 187
4668 25
4669 24
4670 165
4671 0
4672 23
4673 35
4674 187
4675 234
4676 52
4677 128
4678 52
4679 2
4680 211
4681 26
4682 186
4683 234
4684 186
4685 13
4686 49
4687 230
4688 108
4689 220
4690 14
4691 173
4692 65
4693 64
4694 113
4695 212
4696 77
4697 222
4698 74
4699 220
4700 83
4701 23
4702 136
4703 25
4704 23
4705 25
4706 25
4707 2
4708 220
4709 223
4710 152
4711 134
4712 52
4713 82
4714 2
4715 231
4716 44
4717 220
4718 40
4719 52
4720 79
4721 52
4722 24
4723 218
4724 186
4725 113
4726 186
4727 241
4728 106
4729 108
4730 32
4731 130
4732 23
4733 23
4734 16
4735 124
4736 128
4737 25
4738 108
4739 105
4740 134
4741 74
4742 113
4743 18
4744 239
4745 130
4746 150
4747 186
4748 39
4749 0
4750 32
4751 141
4752 248
4753 30
4754 213
4755 130
4756 131
4757 32
4758 57
4759 49
4760 49
4761 52
4762 55
4763 142
4764 164
4765 231
4766 25
4767 25
4768 172
4769 79
4770 220
4771 135
4772 32
4773 187
4774 130
4775 23
4776 108
4777 108
4778 52
4779 108
4780 83
4781 66
4782 84
4783 43
4784 186
4785 70
4786 239
4787 171
4788 248
4789 90
4790 30
4791 76
4792 192
4793 166
4794 248
4795 134
4796 71
4797 2
4798 128
4799 140
4800 174
4801 13
4802 248
4803 130
4804 82
4805 67
4806 108
4807 248
4808 25
4809 186
4810 239
4811 73
4812 187
4813 32
4814 161
4815 187
4816 82
4817 130
4818 206
4819 130
4820 173
4821 175
4822 10
4823 13
4824 17
4825 142
4826 142
4827 186
4828 210
4829 113
4830 46
4831 107
4832 130
4833 107
4834 102
4835 201
4836 166
4837 25
4838 161
4839 110
4840 52
4841 46
4842 49
4843 91
4844 248
4845 130
4846 131
4847 187
4848 148
4849 150
4850 122
4851 72
4852 13
4853 165
4854 57
4855 244
4856 6
4857 172
4858 120
4859 97
4860 128
4861 67
4862 26
4863 113
4864 32
4865 82
4866 52
4867 130
4868 92
4869 80
4870 97
4871 169
4872 247
4873 187
4874 228
4875 120
4876 32
4877 186
4878 215
4879 142
4880 52
4881 187
4882 145
4883 79
4884 70
4885 186
4886 163
4887 25
4888 79
4889 221
4890 131
4891 220
4892 225
4893 2
4894 224
4895 239
4896 164
4897 79
4898 106
4899 130
4900 220
4901 86
4902 224
4903 64
4904 128
4905 130
4906 187
4907 2
4908 67
4909 191
4910 172
4911 234
4912 38
4913 200
4914 52
4915 150
4916 25
4917 183
4918 23
4919 225
4920 49
4921 212
4922 218
4923 128
4924 82
4925 82
4926 168
4927 159
4928 52
4929 166
4930 212
4931 166
4932 133
4933 247
4934 52
4935 186
4936 79
4937 187
4938 213
4939 79
4940 187
4941 167
4942 130
4943 49
4944 64
4945 199
4946 231
4947 23
4948 150
4949 186
4950 186
4951 13
4952 25
4953 18
4954 220
4955 113
4956 82
4957 79
4958 25
4959 214
4960 130
4961 2
4962 234
4963 220
4964 25
4965 187
4966 98
4967 239
4968 3
4969 74
4970 24
4971 168
4972 210
4973 142
4974 52
4975 79
4976 165
4977 150
4978 47
4979 52
4980 108
4981 52
4982 166
4983 220
4984 25
4985 46
4986 248
4987 2
4988 6
4989 169
4990 234
4991 20
4992 241
4993 2
4994 52
4995 214
4996 25
4997 23
4998 65
4999 234
