0 118
1 247
2 19
3 181
5 205
6 100
7 108
8 31
9 14
10 179
11 242
12 209
13 207
14 238
15 81
16 157
17 157
18 234
19 47
20 6
21 82
22 83
23 33
24 56
25 234
26 191
27 101
28 208
29 72
30 2
31 203
32 98
33 153
34 216
35 201
36 14
37 7
38 217
39 8
40 22
41 160
42 73
43 27
44 75
45 93
46 35
47 107
48 121
49 97
50 122
51 70
52 218
53 213
54 34
55 115
56 25
57 117
58 112
59 162
60 86
62 201
63 248
64 86
65 42
66 48
67 201
68 158
69 2
70 75
71 157
72 208
73 163
75 96
76 147
77 1
78 97
79 77
80 167
81 244
83 182
84 94
85 105
86 34
87 42
88 136
90 128
91 173
92 22
93 43
94 239
95 94
96 62
97 208
98 136
99 189
101 186
102 39
103 80
104 10
105 82
106 22
107 91
108 112
109 42
110 44
111 216
112 203
114 26
115 117
116 10
117 82
119 232
120 121
121 117
122 219
123 158
124 131
125 96
126 195
127 90
128 205
129 144
130 38
131 8
132 131
133 184
134 46
135 69
136 203
137 96
138 193
139 61
140 85
141 215
142 212
143 162
144 65
146 118
147 108
148 26
149 220
150 201
151 10
152 128
153 147
154 173
155 161
156 72
157 76
158 182
159 201
160 246
161 58
162 194
163 172
164 86
165 120
166 71
167 190
168 185
169 245
170 209
171 191
172 206
173 110
174 227
175 130
176 48
177 151
178 72
179 78
180 210
181 225
182 195
183 6
184 240
185 90
186 77
187 7
188 125
189 88
190 15
191 128
192 196
193 197
194 96
195 163
196 8
197 50
198 77
199 76
200 119
201 89
202 209
203 209
204 90
205 47
206 125
207 100
208 3
209 38
210 149
211 208
212 202
213 131
214 16
215 128
216 134
217 183
218 116
219 0
220 191
221 232
222 23
223 77
224 157
225 155
226 207
227 39
228 129
229 239
230 217
231 231
232 58
233 231
234 178
235 209
236 121
237 142
238 125
239 90
240 0
241 69
242 247
243 3
244 152
245 245
246 112
247 154
248 96
249 27
250 29
251 10
252 200
254 55
255 128
256 140
257 34
258 91
259 224
260 84
261 239
262 29
263 30
264 124
265 0
266 121
267 159
268 120
269 157
270 14
271 39
272 249
273 187
274 148
275 124
277 231
278 159
279 113
280 94
282 213
283 76
284 41
285 128
286 142
287 168
288 74
289 206
290 12
291 239
292 26
293 68
294 105
295 8
296 157
297 181
298 96
299 129
300 149
301 119
302 159
303 239
304 134
305 218
306 92
307 88
308 40
309 90
310 35
311 211
312 237
313 52
314 147
315 200
316 0
317 55
318 231
319 32
320 190
321 249
322 49
323 63
324 6
325 18
326 92
327 190
328 91
329 19
330 31
331 202
332 108
333 78
334 149
335 22
337 38
338 179
339 49
340 158
341 69
342 48
344 125
345 58
346 100
347 159
348 57
349 76
350 33
351 73
352 47
353 29
354 11
355 87
356 203
357 242
358 52
359 22
360 119
361 29
362 100
363 74
364 231
365 12
366 147
367 96
368 202
369 5
370 201
372 124
373 90
374 237
375 237
376 191
377 203
378 3
379 232
380 128
381 19
382 86
383 190
384 111
385 210
386 231
387 73
388 232
389 117
390 111
391 79
392 26
393 209
394 75
395 92
396 96
397 88
398 240
399 62
400 175
401 77
402 95
403 61
404 206
405 235
406 208
407 46
408 71
409 141
410 15
411 39
412 148
413 206
414 80
415 33
416 59
417 60
418 90
419 148
420 15
421 131
422 249
423 73
424 31
425 59
426 90
427 89
428 62
429 141
430 187
431 103
432 239
433 131
434 170
435 7
436 151
437 245
438 5
439 37
440 153
441 214
442 29
443 125
444 241
445 142
446 210
447 131
448 26
449 191
450 172
451 19
452 171
453 207
454 202
455 93
457 115
458 95
459 99
460 133
461 98
462 50
463 189
464 202
465 39
466 165
467 157
468 10
469 10
470 152
471 12
472 14
473 189
474 34
475 158
476 216
477 131
478 13
479 129
480 6
481 157
482 95
483 228
484 216
485 100
486 246
487 212
489 62
490 150
491 115
492 60
493 128
494 138
495 39
496 45
497 19
498 149
499 86
501 143
502 14
503 0
506 97
509 182
510 10
511 152
512 63
513 19
514 11
516 61
518 94
519 153
520 31
521 196
522 147
523 32
524 81
525 110
527 68
528 239
529 131
530 157
531 73
532 167
533 164
534 30
535 231
536 19
537 120
538 202
539 202
540 201
541 82
542 19
543 78
544 201
545 14
546 249
547 13
549 135
550 77
551 14
552 189
553 31
554 90
555 203
556 33
557 211
558 79
559 212
560 190
562 186
563 214
564 19
566 11
567 61
568 48
569 161
570 189
571 157
572 68
573 230
574 128
575 94
576 115
577 104
578 107
579 100
580 205
581 59
582 59
583 36
584 72
585 203
586 234
587 165
588 149
589 51
590 150
591 11
592 146
593 87
594 34
595 156
596 22
597 30
598 80
599 101
600 186
601 70
602 241
603 101
604 103
605 170
606 119
607 110
608 147
609 188
610 88
611 6
612 74
613 229
614 22
615 69
616 49
617 39
618 28
619 150
620 63
621 133
622 129
623 131
624 151
625 105
626 186
627 51
628 227
629 214
630 218
631 130
632 127
633 231
634 56
635 7
636 178
637 40
638 240
639 195
640 117
641 19
642 131
643 162
644 103
645 227
646 22
647 0
648 134
651 24
652 202
653 156
654 100
655 223
656 99
657 196
658 39
659 173
660 90
661 231
662 112
663 150
664 203
665 96
666 137
667 162
668 112
670 104
671 58
672 135
673 137
674 7
675 48
676 73
678 31
679 125
680 121
681 134
682 26
683 202
684 14
685 200
686 73
687 125
688 157
689 106
690 173
691 66
692 0
693 96
694 209
695 157
696 58
697 197
698 205
699 134
701 113
702 97
703 189
704 219
705 131
706 150
707 136
708 88
709 191
710 218
711 32
712 15
713 173
714 97
716 239
717 194
718 165
719 66
720 241
722 81
723 79
724 104
725 7
726 64
727 80
728 114
729 69
730 46
731 123
732 26
733 150
734 131
735 210
736 142
737 246
738 114
739 29
740 124
741 31
742 53
743 147
744 115
745 0
746 58
747 18
748 103
749 23
751 82
752 96
753 225
754 86
755 93
756 32
757 209
758 152
760 112
761 232
762 96
763 199
764 209
765 105
766 31
767 93
768 48
769 203
770 82
771 105
772 184
773 249
774 203
775 31
776 94
777 198
778 15
779 204
780 186
781 126
782 86
783 218
784 21
785 123
786 121
787 15
788 1
789 31
790 51
791 127
792 209
793 152
794 197
795 245
796 6
797 50
798 245
799 8
800 78
801 206
802 47
803 222
804 231
805 203
806 190
807 80
808 153
809 231
810 28
811 4
812 22
813 242
814 124
815 10
816 95
817 33
818 124
819 182
820 113
821 124
822 63
823 239
824 30
826 106
827 103
828 225
829 114
830 58
831 92
832 237
833 248
834 189
835 42
836 88
837 34
838 22
839 227
840 95
841 38
843 116
846 158
847 103
848 27
849 12
850 209
852 14
853 210
855 173
856 227
857 88
858 218
859 174
860 99
861 210
862 15
863 154
864 1
865 137
866 5
867 129
868 223
869 112
871 246
872 62
873 49
874 161
875 69
876 208
877 162
878 185
879 7
881 0
882 107
883 234
884 147
885 125
886 149
888 157
889 148
890 69
891 69
892 146
893 203
894 179
895 147
896 173
897 47
898 206
899 249
900 203
901 106
902 49
903 219
904 40
905 58
906 169
907 249
909 69
910 118
911 129
912 163
913 205
914 247
915 239
916 198
917 210
918 142
919 117
920 19
921 7
922 130
923 29
924 100
925 189
926 18
927 138
928 85
929 11
930 239
931 85
932 90
933 6
934 190
936 80
937 140
938 19
939 239
940 64
941 198
942 161
943 135
944 203
945 37
946 195
947 105
948 86
949 163
950 63
951 163
953 110
954 86
955 85
956 49
957 27
958 0
959 195
960 232
961 45
962 5
963 239
964 136
965 31
967 30
968 88
969 33
970 88
971 35
972 140
973 179
974 40
975 224
977 40
978 24
979 69
980 49
981 105
982 171
983 203
984 77
985 197
987 128
988 46
989 214
990 127
991 27
992 163
993 62
994 187
995 138
996 141
997 11
998 130
999 232
1000 59
1001 150
1002 239
1003 118
1004 206
1005 69
1006 93
1008 211
1009 156
1010 189
1011 62
1013 10
1014 112
1015 69
1016 124
1017 51
1019 5
1020 152
1021 40
1022 30
1023 19
1024 217
1025 114
1027 214
1028 58
1029 208
1030 128
1031 10
1032 36
1033 168
1034 49
1035 59
1036 141
1037 61
1038 36
1040 120
1041 11
1042 233
1044 156
1045 27
1046 59
1047 108
1048 107
1049 121
1050 70
1052 201
1053 239
1054 141
1055 11
1057 146
1058 131
1059 246
1060 138
1061 180
1062 100
1063 202
1064 62
1065 82
1066 29
1067 10
1068 138
1069 195
1070 15
1071 147
1072 191
1074 80
1075 43
1076 162
1077 186
1078 231
1079 147
1080 59
1081 169
1082 244
1083 115
1084 18
1085 154
1086 95
1087 225
1088 131
1089 210
1090 52
1091 190
1092 121
1093 79
1094 192
1095 26
1097 119
1098 174
1099 131
1100 7
1101 70
1103 127
1104 107
1105 113
1106 117
1107 196
1108 107
1109 198
1110 147
1111 6
1112 45
1113 243
1114 16
1115 80
1116 226
1117 167
1118 106
1119 69
1120 136
1121 166
1122 54
1123 42
1124 125
1125 87
1126 89
1127 184
1128 45
1129 154
1130 216
1131 14
1132 167
1133 125
1134 165
1135 203
1137 80
1139 34
1140 185
1141 96
1142 42
1143 171
1144 19
1145 229
1146 158
1147 231
1148 139
1149 171
1150 108
1151 96
1152 224
1154 54
1155 46
1158 125
1159 191
1160 188
1161 8
1162 109
1163 52
1165 44
1166 146
1167 236
1168 99
1169 44
1170 179
1171 124
1172 135
1173 34
1174 95
1177 22
1178 12
1179 148
1180 105
1181 154
1182 168
1183 42
1184 49
1185 215
1186 202
1187 120
1188 41
1189 63
1190 152
1191 15
1192 54
1193 115
1194 206
1195 137
1196 86
1197 230
1198 58
1199 45
1200 167
1201 203
1203 59
1205 66
1206 33
1207 135
1208 215
1209 96
1210 97
1211 31
1212 108
1213 125
1214 216
1215 208
1216 12
1217 157
1218 77
1219 100
1220 45
1221 216
1222 141
1223 46
1225 102
1226 117
1227 18
1228 156
1229 34
1230 249
1232 153
1233 172
1234 249
1235 14
1237 220
1238 171
1239 118
1240 197
1241 233
1242 11
1243 64
1245 154
1246 224
1247 6
1248 108
1249 199
1250 194
1251 205
1252 46
1253 72
1255 136
1256 23
1257 153
1258 185
1259 0
1260 93
1261 52
1262 154
1263 237
1264 178
1265 19
1266 195
1267 216
1269 210
1270 23
1271 205
1272 212
1273 79
1274 247
1275 87
1277 134
1278 51
1279 133
1281 231
1283 29
1284 248
1285 194
1286 26
1287 224
1289 203
1290 77
1291 75
1292 186
1293 76
1294 206
1295 64
1296 242
1297 112
1298 6
1299 45
1300 11
1301 199
1302 202
1303 131
1305 0
1306 35
1307 114
1308 238
1310 129
1311 249
1313 137
1314 219
1315 204
1316 104
1317 50
1319 52
1320 182
1321 121
1322 30
1323 82
1324 156
1325 197
1326 239
1327 15
1328 98
1329 59
1330 104
1332 1
1333 82
1334 45
1335 186
1336 162
1337 248
1339 203
1340 11
1341 58
1343 151
1344 26
1345 121
1346 45
1347 218
1348 128
1349 155
1350 94
1351 106
1352 229
1353 87
1354 232
1355 129
1357 0
1358 201
1359 80
1360 182
1361 109
1362 202
1363 11
1364 131
1365 224
1366 177
1367 34
1368 232
1369 103
1370 159
1372 146
1373 95
1374 166
1375 138
1376 181
1377 14
1378 205
1380 72
1381 179
1382 16
1384 123
1385 132
1387 153
1388 72
1389 1
1391 238
1392 74
1393 190
1394 34
1395 8
1396 136
1397 59
1399 176
1400 11
1401 30
1402 113
1403 211
1404 189
1405 232
1406 123
1407 80
1408 121
1410 179
1411 205
1412 109
1413 33
1414 190
1415 90
1416 119
1417 112
1418 146
1419 233
1420 104
1421 87
1422 118
1423 58
1425 80
1426 217
1427 239
1429 219
1430 178
1431 91
1432 29
1433 55
1434 153
1436 248
1438 179
1439 7
1440 101
1441 68
1442 164
1443 113
1444 240
1445 81
1446 157
1447 234
1448 155
1449 92
1450 51
1451 6
1452 167
1453 209
1454 30
1455 181
1456 53
1457 224
1458 172
1459 37
1460 225
1461 121
1462 77
1463 202
1464 55
1465 112
1466 4
1467 231
1468 107
1469 131
1470 135
1471 132
1472 95
1473 183
1474 140
1475 77
1476 157
1479 15
1480 224
1481 113
1482 249
1483 219
1484 216
1486 22
1487 51
1490 19
1491 191
1492 21
1493 127
1494 227
1495 110
1496 36
1497 90
1498 159
1499 163
1500 149
1501 47
1502 93
1503 194
1504 30
1505 195
1506 103
1507 112
1508 76
1509 3
1510 202
1512 10
1514 181
1515 131
1517 195
1518 208
1520 125
1521 136
1522 138
1523 156
1524 32
1525 239
1526 156
1527 231
1528 172
1529 33
1530 19
1531 1
1532 230
1534 92
1535 38
1536 100
1537 131
1538 102
1539 101
1540 11
1541 50
1542 179
1543 177
1544 80
1545 59
1546 70
1547 45
1549 19
1551 172
1552 205
1553 121
1554 157
1555 202
1556 86
1557 73
1558 201
1560 110
1563 166
1565 191
1566 208
1567 88
1568 59
1570 62
1571 101
1572 123
1573 83
1574 159
1575 50
1576 246
1577 42
1578 58
1579 232
1581 27
1582 214
1583 79
1584 160
1585 90
1586 30
1587 100
1588 194
1589 107
1590 239
1591 35
1593 79
1594 91
1595 91
1597 149
1599 41
1600 87
1601 88
1602 101
1603 33
1604 153
1605 157
1607 165
1609 41
1610 206
1611 172
1612 149
1613 138
1614 110
1615 76
1616 55
1617 12
1618 190
1619 231
1621 93
1622 220
1623 48
1625 128
1626 166
1627 209
1628 108
1629 154
1630 210
1631 239
1632 117
1633 234
1635 240
1636 44
1637 133
1639 209
1640 55
1643 166
1644 7
1645 15
1646 240
1647 211
1648 141
1649 168
1650 206
1651 135
1652 210
1653 174
1654 171
1655 5
1656 198
1657 146
1658 208
1659 73
1660 197
1661 8
1662 248
1663 90
1664 175
1665 95
1666 103
1667 9
1668 105
1669 14
1670 100
1671 121
1674 100
1676 121
1677 59
1678 27
1679 157
1681 100
1682 12
1684 86
1685 21
1686 223
1687 69
1688 154
1689 209
1690 129
1691 210
1692 127
1694 110
1695 1
1696 31
1697 120
1698 58
1699 240
1701 192
1702 247
1703 33
1704 163
1705 121
1706 110
1707 34
1708 52
1709 58
1710 140
1712 33
1713 87
1715 216
1716 72
1718 240
1719 203
1720 100
1721 147
1722 0
1723 15
1724 1
1725 45
1726 157
1727 39
1728 198
1730 90
1732 38
1733 69
1734 15
1735 125
1736 153
1737 220
1738 93
1739 229
1740 205
1741 7
1742 115
1743 18
1745 204
1747 171
1748 32
1749 95
1750 216
1751 10
1752 64
1753 128
1754 8
1755 235
1756 12
1757 133
1758 194
1759 51
1761 31
1762 160
1764 123
1765 119
1766 192
1767 44
1768 10
1769 94
1771 88
1772 147
1773 37
1774 7
1775 209
1776 10
1777 51
1778 63
1779 194
1780 200
1781 65
1782 217
1783 213
1784 190
1785 245
1786 51
1788 27
1789 70
1790 110
1791 233
1792 233
1793 129
1794 11
1795 115
1796 85
1797 246
1798 37
1799 54
1801 46
1802 6
1804 239
1805 158
1806 49
1807 45
1808 169
1809 205
1810 107
1811 202
1813 214
1815 66
1816 32
1817 163
1818 30
1819 73
1820 210
1821 129
1822 246
1824 124
1825 241
1826 76
1827 227
1829 12
1830 35
1831 37
1832 73
1833 177
1834 218
1837 189
1839 241
1840 141
1841 29
1842 69
1843 131
1845 27
1846 203
1847 149
1848 62
1849 159
1850 227
1851 35
1852 37
1853 151
1854 28
1855 136
1857 41
1858 11
1859 60
1860 105
1861 206
1862 101
1863 230
1864 82
1865 10
1866 101
1867 72
1868 150
1869 58
1870 219
1871 93
1872 224
1873 157
1874 249
1875 213
1876 213
1877 123
1878 231
1879 50
1880 8
1881 150
1882 96
1883 46
1884 70
1885 199
1887 1
1888 79
1889 191
1890 210
1891 12
1892 156
1893 47
1894 56
1895 200
1896 100
1897 154
1899 64
1900 10
1902 199
1903 199
1904 48
1906 7
1907 23
1908 129
1909 164
1910 151
1911 58
1912 67
1913 103
1914 213
1915 192
1916 234
1917 77
1918 37
1919 69
1920 130
1921 218
1922 42
1923 210
1924 178
1925 119
1926 41
1927 64
1928 249
1929 64
1930 91
1931 157
1932 37
1933 192
1934 146
1935 109
1936 49
1938 67
1939 218
1940 69
1941 101
1942 65
1943 80
1944 178
1945 197
1947 159
1948 58
1949 148
1950 181
1951 178
1952 49
1953 171
1954 204
1955 249
1957 110
1959 60
1962 246
1964 100
1965 45
1966 93
1967 162
1968 186
1969 162
1970 123
1971 102
1972 92
1973 0
1974 220
1976 80
1977 157
1978 213
1979 60
1980 232
1982 77
1983 24
1985 162
1986 66
1987 126
1991 200
1992 85
1993 148
1994 77
1995 173
1997 79
1998 183
2000 125
2001 239
2003 24
2006 146
2007 191
2008 247
2009 218
2010 128
2011 191
2012 11
2013 166
2014 205
2015 191
2016 85
2017 219
2018 26
2019 236
2020 197
2021 154
2022 189
2024 31
2025 166
2026 80
2027 104
2028 138
2029 50
2031 188
2032 50
2033 153
2034 4
2035 213
2036 76
2037 199
2038 215
2039 191
2040 10
2041 31
2042 97
2043 108
2044 92
2045 197
2046 150
2047 40
2048 219
2049 30
2050 214
2051 129
2053 213
2054 125
2055 106
2056 91
2057 141
2058 19
2059 6
2061 118
2062 179
2063 92
2064 73
2065 123
2067 205
2068 38
2069 147
2070 162
2071 118
2072 189
2073 17
2074 11
2075 238
2076 239
2077 79
2079 146
2080 172
2081 98
2082 60
2083 166
2084 208
2085 17
2086 146
2087 156
2088 137
2089 163
2090 195
2091 91
2092 32
2093 106
2094 65
2096 191
2097 178
2099 9
2100 156
2101 157
2102 215
2104 160
2105 65
2107 105
2108 123
2109 166
2110 165
2111 27
2113 202
2114 160
2115 136
2116 207
2117 197
2118 128
2119 208
2121 205
2122 79
2123 77
2124 191
2125 147
2126 34
2127 59
2128 129
2129 58
2130 119
2131 80
2132 59
2133 110
2135 209
2136 121
2137 176
2138 76
2139 51
2140 219
2141 10
2142 174
2143 232
2144 125
2145 104
2147 10
2148 59
2149 87
2150 15
2151 129
2152 177
2153 11
2154 14
2155 181
2156 178
2157 190
2158 16
2159 30
2160 178
2161 247
2162 11
2163 126
2164 121
2167 60
2168 118
2170 106
2171 6
2172 194
2174 195
2175 137
2176 176
2177 121
2178 127
2181 85
2182 121
2183 219
2184 90
2185 48
2186 178
2187 58
2188 96
2189 160
2190 143
2191 149
2192 65
2193 230
2195 121
2196 19
2197 157
2198 78
2200 33
2201 190
2203 196
2204 210
2206 197
2208 211
2211 169
2213 243
2214 67
2215 41
2217 55
2219 9
2220 167
2221 85
2222 33
2226 141
2227 231
2229 105
2230 36
2232 231
2233 235
2234 66
2235 162
2236 203
2238 231
2239 249
2240 64
2241 214
2242 93
2243 60
2244 203
2245 203
2246 208
2247 140
2248 34
2249 240
2253 39
2254 86
2257 29
2258 211
2259 101
2260 93
2261 38
2262 178
2263 191
2264 211
2265 216
2266 15
2267 107
2268 15
2269 38
2270 160
2272 230
2274 125
2275 163
2277 239
2279 62
2280 182
2281 8
2282 91
2283 7
2284 213
2286 11
2287 203
2288 59
2289 205
2290 197
2292 128
2293 210
2294 95
2295 6
2296 33
2297 232
2299 141
2300 24
2301 33
2302 155
2303 214
2304 80
2305 10
2306 191
2307 108
2308 19
2309 128
2310 192
2311 191
2312 58
2313 150
2314 155
2315 34
2316 112
2317 213
2318 148
2319 115
2320 45
2321 32
2322 73
2323 10
2324 80
2325 27
2326 140
2327 177
2328 59
2329 148
2331 205
2332 15
2333 107
2334 37
2335 163
2336 87
2337 85
2338 44
2339 133
2340 15
2341 197
2342 26
2343 95
2344 86
2346 219
2347 59
2348 249
2349 72
2350 29
2351 8
2352 160
2353 131
2354 231
2355 200
2356 47
2357 123
2358 148
2359 91
2361 159
2362 220
2363 24
2364 195
2365 214
2366 159
2367 100
2369 127
2370 162
2371 157
2373 44
2374 95
2375 148
2376 88
2378 149
2379 29
2380 239
2381 12
2382 30
2384 76
2385 232
2386 165
2387 157
2388 9
2389 73
2390 107
2391 167
2392 179
2393 11
2394 121
2395 60
2396 191
2397 59
2398 154
2399 115
2401 100
2403 185
2404 34
2405 198
2406 46
2407 179
2409 230
2410 118
2412 165
2413 202
2414 60
2415 149
2416 195
2417 70
2418 49
2419 191
2420 48
2422 42
2425 209
2426 87
2427 189
2428 241
2430 162
2431 138
2432 198
2433 98
2434 46
2435 165
2436 41
2437 24
2438 129
2439 157
2440 249
2441 129
2442 201
2443 63
2444 90
2445 138
2446 15
2447 147
2448 125
2449 1
2450 115
2451 87
2452 232
2453 127
2454 77
2455 31
2456 113
2457 30
2458 192
2460 19
2461 55
2463 40
2464 203
2465 154
2466 66
2467 91
2468 87
2469 33
2470 6
2471 76
2472 202
2473 116
2474 58
2475 15
2476 85
2477 62
2478 127
2479 45
2480 66
2481 37
2482 103
2483 163
2484 121
2485 163
2486 174
2488 179
2490 11
2491 31
2492 59
2494 66
2495 221
2496 220
2497 32
2498 192
2500 107
2501 230
2503 189
2504 60
2505 203
2506 49
2507 127
2508 58
2509 105
2511 160
2512 27
2513 129
2514 62
2515 11
2516 160
2517 189
2518 35
2519 1
2520 100
2522 15
2523 129
2524 65
2525 215
2526 55
2527 191
2528 107
2529 167
2530 42
2531 8
2533 126
2534 48
2535 66
2536 128
2537 7
2538 58
2540 76
2542 148
2543 34
2544 205
2545 40
2546 138
2547 80
2548 220
2549 38
2550 219
2551 64
2552 135
2553 30
2555 58
2556 125
2557 44
2558 203
2559 203
2560 42
2561 126
2562 61
2563 15
2564 96
2566 51
2567 148
2568 110
2569 205
2570 156
2571 163
2572 239
2574 97
2576 15
2577 163
2578 9
2579 230
2580 233
2582 48
2584 60
2585 31
2586 94
2587 171
2588 24
2589 211
2590 29
2591 220
2592 121
2593 51
2594 159
2596 87
2597 191
2598 190
2599 59
2600 32
2602 8
2603 199
2604 30
2605 229
2606 224
2607 88
2608 21
2609 58
2610 183
2612 33
2613 222
2614 40
2615 247
2616 27
2617 140
2618 218
2619 220
2620 168
2621 29
2622 148
2623 232
2624 51
2625 148
2626 203
2627 33
2629 203
2630 191
2631 121
2632 147
2633 145
2634 3
2635 233
2636 59
2637 157
2641 100
2642 156
2644 65
2645 201
2647 102
2648 224
2649 191
2650 203
2651 32
2652 79
2653 121
2654 173
2655 42
2656 247
2657 125
2658 131
2660 157
2661 11
2664 85
2665 83
2666 10
2667 62
2668 33
2669 46
2670 195
2671 214
2672 191
2673 170
2674 37
2675 215
2676 46
2677 27
2678 27
2679 46
2680 60
2681 216
2682 131
2683 102
2684 1
2685 141
2686 220
2687 47
2688 58
2689 239
2690 81
2691 10
2692 177
2694 26
2695 234
2696 130
2697 218
2698 150
2699 100
2700 160
2701 7
2702 37
2703 157
2705 90
2706 213
2709 19
2710 208
2711 227
2712 62
2713 216
2714 219
2716 73
2717 88
2718 227
2720 241
2721 34
2722 19
2723 77
2726 167
2727 195
2728 62
2729 23
2730 150
2731 31
2732 1
2733 128
2735 67
2737 230
2738 108
2739 177
2741 124
2742 64
2743 48
2744 30
2745 129
2747 2
2748 29
2749 197
2750 101
2751 241
2752 148
2753 85
2754 179
2756 208
2757 240
2758 10
2759 58
2760 191
2761 249
2762 5
2763 31
2764 10
2765 189
2766 91
2767 112
2768 156
2770 189
2773 172
2774 47
2776 48
2777 50
2778 214
2779 206
2780 215
2781 8
2782 199
2784 8
2785 34
2786 61
2787 203
2788 133
2789 30
2790 31
2791 12
2792 14
2793 197
2794 195
2795 241
2796 121
2797 3
2798 241
2799 15
2800 154
2801 96
2802 214
2804 31
2805 103
2806 34
2807 64
2808 60
2809 198
2811 218
2812 9
2814 65
2815 33
2816 218
2817 76
2818 76
2820 108
2822 95
2823 168
2824 10
2825 191
2826 5
2827 210
2828 125
2829 206
2830 202
2831 101
2832 211
2834 1
2835 249
2836 154
2837 110
2838 30
2839 168
2841 215
2842 230
2843 174
2844 107
2845 157
2846 199
2847 11
2848 73
2849 132
2851 64
2852 150
2853 9
2854 198
2855 216
2856 201
2857 129
2858 210
2859 197
2861 218
2862 47
2863 230
2864 86
2866 231
2867 209
2868 12
2869 128
2870 197
2871 174
2873 236
2874 150
2875 33
2876 37
2877 191
2878 234
2879 220
2880 123
2881 5
2883 246
2884 128
2885 15
2886 171
2887 210
2888 51
2891 211
2892 239
2893 127
2894 241
2895 148
2896 121
2897 11
2898 146
2899 102
2900 221
2901 220
2903 227
2904 5
2905 59
2906 42
2907 8
2909 227
2910 219
2911 87
2912 106
2913 231
2914 204
2915 32
2917 91
2919 179
2920 224
2921 119
2922 128
2923 59
2924 154
2925 27
2926 80
2927 140
2928 201
2929 132
2930 23
2931 177
2932 125
2934 41
2935 219
2936 107
2937 104
2938 40
2940 80
2941 129
2942 202
2943 0
2945 11
2946 135
2947 178
2948 121
2949 10
2950 125
2951 246
2952 50
2953 101
2954 8
2955 163
2956 32
2957 219
2958 150
2960 172
2961 179
2962 215
2963 95
2964 213
2965 11
2966 218
2967 27
2968 203
2969 165
2970 3
2971 27
2972 239
2973 232
2974 6
2975 11
2976 102
2977 167
2978 185
2979 40
2980 83
2982 167
2983 208
2984 93
2986 33
2987 14
2988 10
2989 19
2990 21
2991 185
2992 246
2994 32
2995 84
2996 45
2997 8
3000 241
3001 197
3002 56
3003 203
3004 218
3006 80
3007 84
3008 11
3009 32
3011 60
3012 21
3013 90
3014 127
3015 95
3016 19
3017 156
3018 14
3020 0
3021 31
3022 56
3023 146
3024 119
3025 214
3026 105
3027 210
3028 205
3029 201
3031 79
3034 176
3035 141
3036 58
3037 80
3038 191
3039 232
3040 230
3041 159
3042 4
3043 64
3044 198
3045 163
3046 67
3047 209
3048 232
3049 127
3050 213
3052 219
3053 58
3054 104
3056 80
3057 49
3058 127
3059 126
3060 218
3061 36
3063 78
3064 30
3066 166
3067 203
3068 128
3069 230
3070 215
3071 149
3072 115
3074 191
3075 102
3076 101
3077 32
3078 152
3080 196
3081 125
3082 216
3083 155
3084 120
3085 153
3086 27
3087 137
3088 249
3089 80
3090 21
3091 240
3092 163
3093 11
3095 95
3096 128
3097 128
3098 247
3101 150
3102 179
3103 199
3104 206
3105 184
3106 237
3109 84
3110 32
3111 113
3112 223
3113 224
3115 11
3116 6
3117 246
3118 109
3119 1
3120 44
3121 51
3122 87
3123 138
3124 131
3126 148
3127 70
3130 32
3133 128
3134 86
3140 204
3141 191
3142 47
3143 163
3144 29
3145 15
3146 40
3147 66
3150 1
3151 126
3152 220
3153 211
3154 49
3155 129
3156 191
3158 85
3159 45
3160 91
3162 38
3163 44
3165 163
3166 34
3167 137
3168 76
3169 202
3171 141
3173 5
3174 127
3176 203
3177 224
3178 230
3179 73
3180 45
3181 5
3182 166
3183 5
3184 202
3185 64
3186 234
3187 60
3188 35
3189 173
3191 222
3192 155
3194 165
3195 1
3196 115
3197 235
3198 155
3201 224
3202 52
3203 178
3204 218
3207 8
3208 197
3212 100
3213 93
3214 224
3216 240
3217 208
3218 80
3219 80
3220 129
3221 224
3222 27
3223 230
3224 85
3225 147
3226 45
3227 213
3230 12
3231 14
3232 215
3233 150
3234 61
3235 48
3236 156
3237 165
3240 131
3241 156
3243 55
3244 47
3245 203
3246 31
3247 190
3248 202
3250 101
3253 95
3254 66
3255 219
3256 200
3257 169
3258 51
3259 101
3260 230
3261 85
3262 239
3263 79
3264 72
3265 15
3266 14
3268 181
3269 107
3270 6
3271 140
3272 93
3273 128
3274 162
3275 100
3276 88
3277 203
3278 59
3279 240
3280 80
3281 80
3282 195
3283 72
3284 213
3285 83
3286 191
3287 150
3288 76
3289 82
3290 81
3291 224
3292 97
3293 80
3294 248
3295 237
3296 224
3297 210
3300 140
3301 201
3302 11
3304 160
3306 11
3307 200
3308 100
3309 239
3310 91
3312 179
3314 129
3315 51
3316 224
3317 60
3318 186
3321 211
3322 155
3325 34
3326 59
3327 29
3328 138
3329 12
3331 8
3332 178
3333 220
3335 115
3336 52
3337 28
3339 138
3340 85
3341 87
3342 154
3343 157
3345 4
3347 8
3348 219
3350 196
3351 113
3352 93
3353 5
3354 131
3355 29
3356 246
3357 23
3359 216
3360 140
3362 88
3363 202
3367 224
3368 69
3369 206
3370 15
3371 45
3373 206
3374 88
3375 91
3376 12
3377 22
3379 15
3380 147
3382 37
3383 224
3384 196
3385 162
3386 224
3387 127
3388 58
3389 240
3391 233
3392 42
3393 166
3394 195
3396 211
3397 58
3399 239
3400 95
3401 30
3402 151
3403 227
3404 154
3405 246
3406 224
3407 245
3409 30
3412 3
3413 27
3414 181
3415 95
3416 195
3417 72
3418 235
3420 45
3421 70
3422 233
3423 11
3424 245
3426 45
3427 230
3428 195
3430 209
3432 178
3433 233
3434 15
3435 19
3436 37
3439 47
3440 107
3442 167
3443 219
3444 249
3445 149
3447 220
3448 100
3449 203
3451 8
3452 237
3453 45
3454 178
3455 67
3456 67
3457 202
3458 203
3460 158
3461 73
3462 153
3463 202
3464 165
3465 178
3466 181
3467 205
3470 129
3471 11
3472 15
3473 24
3474 121
3475 12
3476 154
3477 69
3478 126
3481 159
3482 172
3485 91
3486 58
3487 190
3490 115
3491 137
3493 60
3494 21
3495 126
3496 60
3497 102
3499 140
3500 195
3501 203
3502 206
3503 197
3504 11
3506 6
3507 239
3509 73
3510 211
3511 11
3512 47
3513 41
3514 50
3515 42
3516 45
3517 85
3518 209
3519 15
3520 230
3521 149
3523 101
3525 143
3526 129
3527 149
3528 177
3529 12
3531 34
3532 21
3533 64
3534 91
3535 227
3536 30
3537 213
3538 86
3539 177
3540 110
3541 249
3543 26
3544 104
3545 121
3546 60
3548 125
3549 241
3550 159
3551 205
3552 31
3553 100
3554 32
3555 66
3556 11
3557 93
3558 19
3559 8
3560 42
3561 7
3562 100
3563 241
3564 8
3565 219
3566 11
3568 210
3569 190
3571 218
3572 73
3575 73
3579 59
3582 115
3583 162
3584 229
3586 133
3588 45
3590 198
3591 8
3592 60
3593 230
3594 128
3596 115
3598 31
3600 177
3602 131
3604 197
3605 219
3606 32
3610 150
3611 47
3612 198
3613 181
3615 65
3616 126
3617 70
3618 198
3622 73
3623 118
3624 31
3625 214
3626 7
3627 215
3630 182
3631 156
3633 60
3634 66
3635 137
3637 179
3638 220
3639 231
3640 224
3642 240
3643 101
3644 181
3645 224
3646 163
3647 163
3648 95
3649 153
3650 203
3651 195
3652 27
3653 230
3655 190
3656 61
3657 172
3658 10
3659 45
3660 26
3661 151
3662 118
3663 158
3664 153
3665 7
3667 210
3668 126
3669 28
3672 148
3673 239
3675 230
3677 121
3678 47
3679 121
3681 184
3683 79
3684 230
3685 210
3686 76
3688 189
3689 86
3690 247
3691 163
3693 166
3695 59
3696 189
3697 101
3698 210
3699 199
3700 239
3701 106
3702 146
3704 113
3705 171
3706 198
3707 249
3712 27
3713 153
3714 175
3715 12
3716 159
3717 241
3718 147
3719 143
3720 79
3721 245
3722 206
3725 239
3726 95
3727 3
3729 72
3730 76
3733 91
3735 38
3736 163
3737 87
3738 210
3739 51
3741 154
3743 220
3744 69
3745 129
3747 141
3748 242
3749 88
3750 205
3752 10
3753 60
3755 202
3756 220
3757 209
3759 209
3761 40
3762 159
3764 108
3765 114
3767 249
3768 219
3770 177
3771 81
3772 211
3774 241
3776 37
3778 143
3779 138
3781 214
3783 218
3785 239
3786 230
3787 105
3788 123
3790 92
3791 191
3793 215
3795 34
3797 24
3798 159
3799 33
3800 243
3801 27
3802 22
3803 24
3804 203
3805 219
3806 249
3807 240
3810 211
3812 167
3813 163
3814 205
3815 29
3816 72
3817 210
3818 1
3819 50
3820 68
3821 0
3822 3
3824 113
3825 87
3826 172
3828 64
3831 227
3832 157
3833 131
3834 240
3835 224
3836 219
3837 216
3838 80
3839 95
3841 32
3843 219
3844 156
3846 241
3848 198
3849 223
3850 213
3851 45
3852 80
3855 34
3856 85
3858 188
3859 100
3861 128
3863 195
3865 42
3866 232
3867 73
3868 113
3870 31
3871 30
3873 241
3874 72
3875 198
3876 47
3877 128
3878 211
3879 19
3881 129
3882 47
3883 239
3884 90
3886 207
3887 81
3888 190
3889 10
3891 216
3892 215
3893 60
3894 60
3896 109
3900 230
3901 220
3902 243
3904 128
3905 209
3907 10
3908 60
3909 191
3910 135
3912 66
3913 11
3914 198
3915 199
3916 0
3918 88
3919 30
3920 61
3921 20
3922 215
3924 203
3925 243
3926 147
3927 129
3928 148
3930 113
3931 200
3932 178
3933 178
3935 160
3936 31
3937 45
3939 178
3940 178
3941 147
3942 5
3943 249
3945 239
3946 15
3947 178
3949 197
3950 95
3951 41
3953 241
3954 179
3955 42
3957 219
3958 85
3959 50
3960 159
3961 64
3962 88
3964 64
3965 202
3966 241
3967 24
3968 35
3970 27
3971 174
3972 141
3973 101
3976 195
3978 60
3979 248
3980 12
3981 102
3982 12
3983 240
3985 59
3986 178
3987 132
3988 234
3989 129
3990 202
3991 157
3992 1
3994 210
3995 241
3996 101
3997 81
3998 209
3999 1
4000 10
4001 76
4002 3
4003 168
4004 241
4006 219
4009 205
4011 241
4012 140
4013 80
4014 106
4015 199
4016 142
4017 101
4018 31
4019 129
4020 129
4021 195
4022 179
4023 83
4024 206
4025 156
4026 241
4027 187
4028 87
4029 123
4030 31
4031 241
4032 224
4033 216
4034 1
4035 247
4037 199
4038 1
4039 60
4040 211
4043 201
4044 34
4045 29
4047 212
4048 241
4051 121
4052 108
4054 73
4055 51
4056 216
4057 88
4059 95
4060 4
4061 30
4063 127
4065 14
4066 151
4067 166
4068 218
4071 179
4072 85
4074 218
4076 241
4078 48
4080 198
4081 177
4082 195
4083 135
4085 51
4086 149
4087 209
4088 10
4090 147
4091 39
4092 38
4093 42
4094 235
4095 224
4096 88
4097 8
4100 137
4102 30
4103 202
4104 60
4105 79
4107 80
4110 72
4111 45
4112 91
4113 75
4114 199
4116 166
4117 211
4119 88
4121 40
4123 12
4124 229
4125 172
4126 209
4128 215
4129 7
4130 45
4132 131
4133 146
4135 141
4136 211
4137 232
4138 140
4139 168
4141 8
4143 77
4145 230
4147 161
4148 49
4149 202
4150 58
4151 135
4153 33
4154 101
4155 88
4158 50
4159 219
4160 37
4161 199
4162 35
4163 31
4165 49
4166 21
4167 159
4169 143
4171 156
4172 66
4173 168
4175 3
4176 110
4178 82
4179 191
4180 131
4181 27
4183 188
4185 59
4186 95
4187 160
4188 41
4190 206
4191 79
4192 198
4193 191
4194 100
4195 119
4196 79
4197 249
4198 66
4199 233
4200 148
4201 131
4202 8
4203 224
4204 241
4208 1
4209 80
4210 163
4211 60
4213 5
4214 96
4215 232
4216 216
4218 198
4219 108
4221 79
4223 85
4224 191
4226 204
4227 209
4229 219
4230 142
4231 213
4233 197
4234 39
4235 31
4237 55
4239 172
4240 224
4241 95
4242 126
4243 10
4244 60
4245 65
4246 45
4247 30
4248 32
4250 42
4251 241
4253 86
4254 156
4255 157
4256 246
4258 230
4260 231
4261 198
4262 197
4265 66
4268 154
4269 100
4271 202
4274 32
4275 197
4276 162
4277 154
4278 218
4279 100
4281 58
4282 209
4283 127
4284 58
4285 159
4286 15
4287 200
4288 232
4289 58
4290 37
4291 163
4292 160
4293 178
4294 167
4295 218
4296 159
4297 11
4298 3
4299 66
4301 103
4303 45
4304 24
4309 177
4310 95
4311 24
4312 55
4313 59
4315 211
4316 172
4317 207
4318 64
4321 47
4322 17
4323 27
4326 48
4327 126
4328 215
4329 91
4330 249
4331 34
4332 239
4333 167
4334 8
4335 166
4336 194
4337 137
4338 129
4339 227
4340 163
4341 5
4342 10
4343 12
4344 105
4345 85
4349 47
4350 167
4351 3
4355 91
4356 189
4357 230
4360 98
4361 218
4362 224
4364 181
4365 84
4366 172
4367 33
4368 107
4370 172
4372 197
4373 245
4374 210
4377 16
4379 191
4380 101
4381 8
4382 173
4383 160
4385 115
4386 135
4387 30
4388 199
4389 195
4390 30
4391 87
4392 203
4393 27
4395 78
4396 237
4397 166
4398 30
4399 66
4400 27
4402 27
4405 191
4406 8
4407 159
4409 1
4410 238
4411 35
4412 219
4413 239
4415 109
4416 60
4417 48
4418 220
4419 10
4420 26
4421 203
4422 58
4424 137
4425 166
4428 121
4429 101
4430 229
4434 224
4435 205
4436 190
4437 66
4438 199
4439 59
4440 150
4442 132
4443 125
4445 203
4446 131
4448 245
4449 155
4451 239
4453 8
4454 41
4455 3
4457 36
4459 10
4461 101
4462 24
4463 241
4465 201
4466 80
4467 190
4468 11
4470 101
4471 58
4472 40
4473 85
4475 11
4476 101
4477 249
4478 60
4479 168
4480 209
4481 110
4483 3
4485 65
4487 165
4488 8
4489 79
4492 66
4493 140
4494 218
4495 95
4497 64
4499 11
4502 221
4503 147
4506 80
4507 129
4508 148
4509 100
4510 86
4511 10
4512 47
4513 219
4514 205
4515 125
4516 230
4517 220
4518 203
4519 167
4520 26
4521 47
4522 165
4523 199
4525 214
4526 115
4527 96
4528 197
4531 171
4532 181
4534 219
4536 19
4537 105
4538 211
4539 202
4540 40
4542 167
4543 209
4544 80
4546 235
4547 219
4548 69
4549 142
4551 156
4552 216
4556 211
4557 219
4558 168
4560 160
4561 14
4562 219
4563 172
4564 42
4565 133
4566 121
4567 58
4568 76
4569 148
4570 11
4571 30
4573 65
4574 30
4575 15
4579 148
4580 24
4582 204
4583 30
4584 219
4585 31
4586 47
4587 24
4588 172
4589 236
4590 80
4591 202
4592 7
4593 66
4595 72
4596 202
4597 64
4598 159
4600 167
4601 64
4602 219
4603 137
4604 171
4605 66
4606 154
4608 10
4609 44
4610 11
4611 129
4612 99
4613 69
4614 230
4616 148
4618 66
4620 42
4623 215
4624 90
4625 10
4626 140
4628 33
4630 44
4631 96
4632 65
4633 91
4635 119
4636 159
4637 50
4639 220
4640 40
4642 60
4643 125
4644 13
4645 33
4647 233
4649 60
4651 172
4652 41
4653 159
4654 24
4655 214
4656 4
4657 177
4658 59
4659 129
4661 27
4662 48
4665 95
4667 27
4669 27
4670 73
4671 192
4672 156
4674 219
4675 121
4677 241
4678 47
4680 123
4681 177
4682 45
4683 33
4684 27
4687 34
4690 173
4691 167
4692 79
4695 101
4696 144
4697 59
4698 210
4700 30
4701 245
4702 33
4704 50
4705 101
4708 129
4710 59
4711 148
4714 141
4715 191
4716 148
4717 64
4718 140
4719 121
4722 239
4723 167
4724 47
4725 141
4726 140
4727 202
4728 131
4729 58
4731 219
4732 202
4733 8
4734 146
4735 197
4736 101
4739 133
4740 58
4741 101
4742 27
4743 33
4744 233
4747 219
4748 208
4749 147
4751 238
4752 199
4753 31
4754 168
4755 137
4756 60
4757 176
4758 32
4759 60
4762 60
4764 217
4765 209
4766 197
4768 140
4770 168
4771 109
4772 101
4773 47
4774 245
4775 249
4777 219
4778 66
4779 101
4780 146
4781 215
4782 76
4783 60
4784 156
4785 58
4787 198
4788 5
4789 233
4790 30
4791 148
4792 209
4793 60
4794 59
4795 58
4798 219
4799 76
4800 124
4802 64
4804 40
4805 88
4806 37
4807 129
4808 132
4809 211
4811 153
4814 107
4815 211
4818 14
4820 148
4821 8
4822 131
4824 214
4828 80
4829 85
4830 229
4831 140
4833 224
4834 149
4835 131
4836 153
4837 93
4838 8
4839 40
4840 241
4841 146
4842 15
4843 10
4844 138
4846 60
4848 199
4850 158
4851 136
4852 197
4853 209
4854 59
4855 186
4856 14
4857 126
4858 15
4860 218
4861 216
4862 154
4863 109
4865 123
4866 219
4868 218
4869 48
4870 168
4871 38
4872 72
4874 133
4875 206
4878 202
4879 200
4881 45
4882 90
4884 66
4886 87
4887 214
4888 47
4889 242
4890 76
4891 47
4892 102
4894 58
4896 19
4897 87
4898 127
4900 10
4901 21
4902 32
4904 211
4906 230
4908 172
4909 51
4910 219
4911 65
4912 179
4913 22
4916 129
4917 172
4918 51
4920 121
4921 224
4922 65
4923 60
4924 219
4925 101
4926 149
4927 210
4929 73
4930 199
4931 157
4932 221
4933 44
4934 101
4935 219
4937 168
4938 197
4941 88
4943 211
4944 211
4945 225
4946 91
4947 91
4951 37
4952 163
4953 88
4954 241
4955 29
4956 129
4957 1
4959 19
4962 172
4963 195
4966 175
4968 135
4969 37
4970 95
4971 125
4972 110
4974 38
4975 121
4976 91
4979 46
4982 205
4985 172
4986 60
4987 148
4988 131
4989 191
4991 238
4992 30
4993 168
4994 205
4995 72
4997 31
4998 178
4999 42
