0 0
1 0
2 0
3 0
5 0
6 0
7 0
8 1
9 0
10 0
11 4
12 0
13 0
14 -1
15 0
16 0
17 0
18 2
20 0
21 0
22 0
23 0
24 -1
25 0
26 2
27 0
28 0
29 0
30 3
31 1
32 0
33 0
34 3
35 0
36 0
37 0
38 0
39 0
40 0
42 1
43 0
44 -1
45 0
46 0
47 0
48 2
49 0
50 0
51 -1
52 1
53 0
54 4
55 1
56 -1
57 -1
58 0
59 0
60 0
62 0
63 0
64 0
65 0
66 0
67 0
68 0
69 -1
70 -1
71 0
72 0
73 1
75 0
76 0
77 0
78 0
79 0
80 1
81 0
83 0
84 -1
85 0
86 0
87 0
88 0
90 1
91 0
92 0
93 -1
94 0
95 -1
96 0
97 0
98 0
99 0
101 0
102 0
103 1
104 -1
105 0
106 0
107 1
108 0
109 0
110 0
112 0
114 0
115 0
116 0
117 0
119 0
120 0
121 0
122 2
123 0
124 0
125 0
126 1
127 0
128 -1
129 -1
130 0
132 0
133 0
134 0
135 0
136 0
137 -1
138 0
139 0
140 0
141 0
142 -1
143 0
144 0
146 0
147 0
148 0
150 0
151 0
152 0
153 0
154 0
155 0
156 0
157 0
158 0
159 0
160 0
161 0
162 0
163 1
164 0
165 0
166 0
167 0
168 0
169 2
170 2
171 2
172 0
173 0
174 3
175 0
176 0
177 0
178 0
179 0
180 1
181 -1
182 2
183 0
184 0
185 0
186 0
187 0
188 0
189 0
190 1
191 2
192 0
193 0
194 0
195 2
196 0
197 0
198 0
199 1
200 0
201 0
202 0
203 1
204 -1
206 0
207 0
208 0
209 0
211 0
212 2
213 0
214 5
215 1
216 -1
217 -1
218 -1
219 0
220 1
221 0
222 -1
223 0
224 1
225 0
226 0
227 0
228 0
229 0
230 0
231 0
232 1
233 1
235 2
236 1
237 0
238 1
239 0
240 0
241 0
242 0
243 1
244 4
245 1
246 0
247 0
248 0
249 0
250 0
251 0
252 1
254 0
255 2
256 1
257 0
258 1
259 3
260 0
261 0
262 1
263 0
264 0
265 -1
266 0
267 0
268 0
269 0
270 0
271 -1
272 0
273 -1
274 1
275 0
277 0
278 0
279 0
280 0
282 0
283 0
284 0
285 2
286 0
287 1
288 0
289 1
290 0
291 0
292 0
293 0
294 0
295 2
296 0
297 0
298 0
299 1
300 1
301 -1
302 0
303 -1
304 -1
305 0
306 0
307 0
308 0
309 0
310 0
312 -1
313 0
314 0
315 0
316 0
317 0
318 0
319 2
320 0
321 0
322 -1
323 -1
324 0
325 0
326 0
327 0
328 0
329 1
330 1
331 1
332 0
333 -1
334 0
335 0
337 0
338 0
339 0
340 0
341 0
342 -1
344 0
345 0
346 -1
347 1
348 -1
349 0
350 0
351 0
352 3
353 1
354 2
356 0
357 -1
358 0
359 -1
360 0
361 0
362 0
363 0
364 1
365 0
366 0
367 0
368 0
369 0
370 0
372 0
373 0
374 0
375 0
376 1
377 0
378 0
379 0
380 1
381 0
382 0
383 0
384 0
385 1
386 0
387 1
388 0
389 -1
390 -1
391 0
392 0
393 3
394 -1
395 0
396 0
397 0
398 0
399 1
400 -1
401 0
402 0
403 -1
404 0
405 0
406 -1
407 0
408 0
409 1
410 2
411 0
412 0
413 0
414 0
415 -1
416 0
417 0
418 0
419 2
420 1
421 -1
422 0
423 0
424 0
425 0
426 0
427 -1
428 0
429 0
430 -1
431 4
432 0
433 0
434 0
435 2
436 2
437 2
438 0
440 0
441 2
442 1
443 0
444 0
445 0
446 1
447 0
448 0
449 0
450 0
451 0
452 -1
453 0
454 -1
455 6
457 0
458 0
459 0
460 -1
461 0
462 0
463 -1
464 2
465 0
466 0
467 0
468 0
469 0
470 0
471 0
472 0
473 0
474 0
475 -1
476 0
477 0
478 -1
479 3
480 0
481 0
482 -1
483 -1
484 0
485 0
486 0
487 -1
489 0
490 0
491 0
492 0
493 2
494 0
495 0
496 1
497 0
498 0
499 0
501 -1
502 0
503 0
506 0
509 0
510 0
511 0
512 0
513 0
516 -1
518 4
519 0
520 0
521 0
522 0
523 0
524 0
525 -1
527 0
528 0
529 0
530 0
531 2
532 0
533 0
534 0
535 0
536 -1
537 -1
539 0
540 0
541 0
542 0
543 0
544 0
545 0
546 0
547 -1
549 0
550 0
551 0
552 0
553 0
554 4
555 0
556 1
557 0
558 0
559 -1
560 0
562 0
563 0
564 0
567 0
568 -1
569 0
570 0
571 0
572 -1
573 2
574 0
575 -1
576 0
577 0
578 0
579 0
580 0
581 0
582 1
583 -1
584 0
585 0
586 0
587 0
588 0
589 1
590 1
592 0
594 0
595 1
596 -1
597 1
598 0
599 0
600 0
601 0
602 0
604 0
605 0
606 0
607 0
608 0
609 0
610 1
611 0
612 -1
613 0
614 0
615 0
616 0
617 0
618 0
619 0
620 0
621 0
622 0
623 0
624 0
625 0
626 0
627 0
628 1
629 1
630 -1
631 -1
632 1
633 0
634 -1
635 0
636 0
637 0
638 0
639 1
640 0
641 0
642 0
643 0
644 0
645 1
646 0
647 0
648 0
651 1
652 -1
653 2
654 0
655 -1
656 0
657 0
658 0
659 0
660 0
661 0
662 0
663 0
664 -1
665 0
666 0
667 0
668 0
670 0
671 0
672 0
673 0
674 0
675 0
676 0
678 0
679 1
680 0
681 0
682 0
684 -1
685 2
686 1
687 0
688 0
689 0
690 0
691 0
692 0
693 -1
694 2
695 0
696 2
697 0
698 1
699 0
701 0
702 0
703 0
705 1
706 0
707 1
708 -1
709 0
710 0
711 0
712 0
713 0
714 0
716 0
717 0
718 0
720 0
722 0
723 0
724 -1
725 0
726 1
727 0
728 -1
729 1
730 0
731 0
732 0
733 0
734 0
735 0
736 0
737 0
738 -1
739 0
740 0
741 0
742 -1
743 0
744 0
745 0
746 1
747 0
748 0
749 0
751 0
752 0
753 -1
754 0
755 0
756 0
757 1
758 0
760 0
761 0
762 0
764 0
765 0
766 0
767 6
768 0
769 1
770 0
771 0
772 0
773 1
774 0
775 0
776 0
777 0
778 0
779 0
780 0
781 0
782 0
783 0
784 1
785 0
787 3
788 2
789 2
790 0
791 0
793 0
794 1
795 3
796 -1
797 0
798 2
799 -1
800 0
801 -1
802 2
803 0
804 0
805 0
806 0
807 1
808 0
809 0
810 -1
811 -1
812 0
813 -1
814 0
815 0
817 0
818 0
819 -1
820 -1
821 -1
822 -1
823 0
824 2
826 0
827 4
828 0
829 -1
830 0
831 -1
832 0
833 0
834 0
835 0
836 0
837 0
838 0
840 3
841 1
843 0
846 -1
847 -1
848 0
849 0
850 0
852 0
853 0
855 -1
856 1
857 0
858 0
859 0
860 0
861 0
862 0
863 0
864 1
865 0
866 0
867 3
868 -1
869 0
871 -1
872 0
873 0
874 0
875 0
876 0
877 0
878 0
879 0
881 0
882 1
883 1
884 0
885 0
888 0
889 0
890 0
891 0
892 0
893 0
894 0
895 0
896 -1
897 0
898 0
899 0
900 0
901 -1
902 0
903 1
904 0
905 0
906 -1
907 0
909 -1
910 0
911 2
912 0
913 0
914 0
915 1
916 0
917 1
918 0
919 0
920 1
921 1
922 0
923 1
924 0
925 -1
926 0
927 0
928 1
929 0
930 0
931 0
932 0
933 0
934 0
936 0
938 0
939 2
940 0
941 0
942 0
943 0
944 0
946 2
947 0
948 0
949 0
950 0
951 2
953 -1
954 0
955 0
956 0
957 0
958 -1
959 0
960 1
961 0
962 0
963 0
964 0
965 1
967 1
968 1
969 -1
970 0
971 0
972 1
973 0
974 0
975 2
977 0
978 2
979 0
980 -1
981 0
982 0
983 0
984 0
985 0
987 0
988 0
989 1
990 1
991 0
992 0
993 1
994 -1
995 -1
996 0
998 0
999 0
1000 0
1001 0
1002 0
1003 0
1004 1
1005 -1
1006 0
1009 1
1010 0
1011 0
1013 0
1014 4
1015 -1
1016 0
1017 0
1019 -1
1020 -1
1021 0
1022 1
1023 0
1024 0
1025 -1
1027 0
1028 0
1029 0
1030 2
1031 0
1032 -1
1034 0
1035 0
1036 0
1037 -1
1038 5
1040 0
1042 -1
1044 0
1045 0
1046 0
1047 0
1048 0
1049 0
1050 0
1052 0
1053 -1
1054 0
1055 0
1057 0
1058 0
1059 -1
1060 0
1061 -1
1062 0
1063 0
1064 0
1065 -1
1066 2
1067 1
1068 0
1069 0
1070 0
1071 0
1072 0
1074 0
1075 -1
1076 0
1077 0
1078 0
1079 0
1080 0
1081 -1
1082 -1
1083 0
1084 -1
1085 0
1086 2
1087 0
1088 2
1089 0
1090 0
1091 0
1092 2
1093 1
1094 0
1095 0
1097 0
1098 4
1099 0
1100 0
1101 -1
1103 1
1104 1
1105 -1
1106 0
1107 0
1108 0
1110 0
1111 0
1112 0
1113 0
1114 0
1115 0
1116 -1
1117 0
1118 0
1119 0
1120 0
1121 -1
1122 0
1123 1
1124 0
1125 0
1126 -1
1127 0
1128 0
1129 0
1130 0
1131 0
1132 2
1133 1
1134 0
1135 0
1137 1
1139 0
1140 0
1141 -1
1142 0
1143 0
1144 0
1145 0
1146 -1
1147 0
1148 -1
1149 -1
1150 0
1151 0
1154 0
1155 0
1158 1
1159 0
1160 0
1162 0
1163 0
1165 0
1166 0
1167 0
1168 -1
1169 0
1170 0
1171 0
1172 4
1173 0
1174 1
1177 0
1178 0
1179 0
1180 0
1181 1
1182 3
1183 1
1184 -1
1185 0
1186 0
1187 -1
1188 0
1189 -1
1190 0
1191 1
1192 0
1193 0
1194 0
1195 0
1196 0
1197 0
1198 1
1200 0
1201 0
1203 1
1205 1
1206 0
1207 1
1209 0
1210 0
1211 0
1212 -1
1213 0
1214 0
1215 0
1216 -1
1217 0
1218 0
1219 0
1220 -1
1221 0
1222 0
1223 0
1225 0
1226 -1
1227 0
1228 0
1229 0
1230 1
1232 0
1234 0
1235 -1
1237 0
1238 -1
1239 -1
1240 0
1241 0
1242 2
1243 0
1245 1
1246 1
1247 0
1248 0
1249 0
1250 0
1251 0
1252 0
1253 0
1255 -1
1256 0
1257 0
1258 0
1259 0
1260 0
1261 0
1262 0
1263 0
1265 0
1266 2
1267 0
1269 0
1270 0
1271 0
1272 -1
1273 1
1274 0
1275 0
1277 0
1278 2
1279 0
1281 1
1283 0
1284 0
1285 0
1286 0
1289 0
1290 0
1291 -1
1292 0
1293 0
1294 0
1295 0
1296 0
1297 -1
1298 0
1299 0
1300 1
1302 2
1303 0
1305 0
1306 -1
1307 -1
1308 0
1310 0
1311 0
1313 0
1314 0
1315 0
1316 0
1319 0
1320 -1
1321 1
1323 0
1324 1
1325 0
1326 -1
1327 1
1328 -1
1329 0
1330 0
1332 0
1333 0
1334 1
1335 0
1336 0
1337 0
1339 0
1340 0
1341 0
1343 0
1344 0
1345 2
1346 0
1347 0
1348 0
1349 -1
1350 -1
1351 0
1352 0
1354 0
1355 0
1357 0
1358 0
1359 1
1360 -1
1361 0
1362 2
1363 1
1364 0
1365 2
1366 0
1367 0
1368 0
1369 4
1370 1
1372 1
1373 0
1374 0
1375 0
1376 0
1377 -1
1378 0
1380 0
1381 0
1382 0
1384 -1
1385 0
1387 -1
1388 0
1389 0
1391 0
1392 -1
1393 0
1394 0
1396 0
1397 1
1399 2
1400 1
1401 1
1402 -1
1403 1
1404 0
1405 0
1406 0
1407 2
1410 0
1411 0
1412 0
1413 -1
1414 0
1415 0
1416 0
1417 5
1418 0
1419 -1
1420 0
1421 0
1422 0
1423 0
1425 0
1426 0
1427 0
1429 2
1431 3
1432 1
1433 0
1434 0
1436 0
1438 -1
1439 0
1440 0
1441 0
1442 0
1443 0
1444 0
1445 0
1446 0
1447 0
1448 0
1449 0
1450 0
1451 -1
1452 0
1454 1
1455 0
1456 4
1457 0
1459 0
1460 -1
1461 1
1462 -1
1463 2
1464 0
1465 0
1466 -1
1467 0
1468 0
1469 0
1470 1
1471 0
1472 1
1473 0
1474 0
1475 -1
1476 0
1479 0
1480 0
1481 -1
1482 0
1483 1
1484 0
1486 0
1487 0
1490 0
1491 0
1492 0
1493 1
1495 0
1496 0
1497 0
1498 0
1499 1
1500 0
1502 0
1503 0
1504 1
1506 -1
1507 0
1508 1
1509 0
1510 1
1512 0
1514 1
1515 0
1517 1
1518 0
1520 0
1521 0
1522 0
1523 0
1524 0
1525 1
1526 0
1527 0
1528 0
1529 0
1530 0
1531 1
1532 2
1534 0
1535 0
1536 0
1537 0
1538 0
1540 1
1541 2
1542 0
1543 2
1544 1
1545 0
1546 0
1547 0
1549 0
1551 2
1552 0
1553 0
1554 1
1555 0
1556 0
1557 0
1558 0
1560 0
1563 0
1565 1
1566 0
1567 0
1568 0
1570 0
1572 0
1573 0
1574 0
1575 0
1576 0
1577 0
1578 2
1579 0
1581 0
1582 0
1585 0
1586 2
1587 0
1588 0
1589 0
1590 0
1591 0
1593 0
1595 1
1599 0
1601 0
1602 0
1603 0
1604 0
1605 0
1607 1
1609 0
1610 0
1611 0
1613 0
1614 0
1615 0
1616 0
1617 0
1618 0
1619 0
1621 0
1623 -1
1625 2
1626 -1
1628 0
1629 -1
1630 0
1631 1
1632 -1
1633 2
1635 0
1636 0
1637 0
1639 0
1640 -1
1643 -1
1644 0
1645 0
1646 0
1648 0
1650 0
1651 0
1652 1
1653 6
1654 -1
1655 0
1656 2
1657 0
1658 0
1659 0
1660 0
1661 1
1662 0
1663 0
1664 -1
1665 0
1666 -1
1667 0
1668 0
1669 -1
1670 0
1671 2
1674 0
1676 1
1677 0
1678 3
1679 1
1681 0
1682 0
1684 0
1685 0
1686 -1
1687 0
1688 0
1689 0
1691 1
1692 0
1694 -1
1695 1
1696 0
1697 0
1698 0
1699 0
1701 0
1702 0
1703 0
1704 0
1705 0
1706 -1
1707 0
1708 0
1709 0
1712 0
1713 0
1715 2
1716 0
1718 0
1719 0
1720 0
1721 0
1722 0
1723 0
1724 2
1725 1
1726 0
1727 -1
1728 -1
1730 0
1732 1
1733 0
1734 0
1735 0
1736 0
1737 0
1738 0
1739 0
1740 0
1741 1
1742 0
1743 0
1747 0
1748 1
1749 0
1750 2
1751 0
1752 0
1753 2
1754 1
1755 0
1756 0
1757 0
1758 0
1759 0
1761 0
1764 0
1765 0
1766 0
1767 0
1768 0
1769 -1
1771 0
1772 0
1774 0
1775 0
1776 0
1777 0
1778 -1
1779 0
1780 0
1781 0
1782 0
1783 0
1784 0
1785 0
1786 0
1788 0
1789 0
1790 4
1791 0
1792 4
1793 2
1794 1
1795 0
1796 0
1797 -1
1799 0
1801 0
1802 0
1804 0
1805 -1
1806 0
1807 0
1808 -1
1810 1
1811 0
1813 0
1815 3
1816 0
1817 0
1818 1
1819 1
1820 0
1821 2
1822 0
1824 0
1825 1
1826 0
1827 2
1829 0
1830 0
1831 1
1832 1
1833 0
1834 0
1837 0
1839 0
1840 0
1841 2
1842 0
1843 0
1845 1
1846 0
1847 0
1848 0
1849 0
1850 2
1851 -1
1853 0
1854 -1
1855 0
1857 0
1858 2
1860 0
1861 0
1863 0
1864 0
1865 0
1866 0
1867 0
1868 0
1869 0
1871 0
1873 0
1874 0
1875 0
1876 0
1877 0
1878 -1
1879 1
1880 1
1881 0
1882 0
1883 0
1884 0
1885 1
1887 0
1889 0
1890 1
1891 0
1894 -1
1895 2
1896 0
1897 1
1899 0
1900 0
1902 0
1904 0
1906 0
1907 0
1908 1
1909 -1
1910 1
1911 0
1912 0
1913 0
1914 0
1915 -1
1916 0
1917 0
1918 1
1919 0
1920 0
1921 1
1923 1
1924 0
1925 0
1926 0
1927 1
1928 0
1929 0
1931 0
1933 3
1934 0
1935 0
1936 0
1938 0
1939 1
1940 0
1941 1
1942 -1
1943 0
1944 0
1947 0
1948 0
1949 -1
1950 0
1952 0
1953 -1
1954 0
1955 2
1957 0
1959 0
1962 -1
1964 0
1966 0
1967 0
1968 0
1969 0
1970 0
1971 2
1972 0
1973 0
1974 0
1976 0
1977 0
1978 0
1979 2
1980 0
1982 0
1983 0
1985 -1
1986 1
1987 0
1991 1
1992 0
1993 0
1994 0
1995 -1
1997 1
1998 -1
2000 0
2001 0
2003 0
2006 0
2008 0
2009 0
2010 0
2011 1
2012 1
2013 -1
2014 1
2016 0
2018 0
2019 -1
2020 0
2021 1
2022 0
2024 0
2025 -1
2026 0
2027 -1
2028 0
2029 0
2031 0
2032 1
2033 0
2034 0
2035 0
2036 0
2037 1
2038 2
2039 0
2040 0
2041 0
2042 -1
2043 0
2044 0
2045 -1
2046 0
2047 0
2049 1
2050 0
2051 0
2053 0
2054 0
2055 0
2056 0
2057 0
2058 0
2059 0
2061 0
2062 0
2063 0
2065 0
2067 0
2068 0
2069 0
2070 0
2071 0
2072 0
2073 -1
2075 0
2076 0
2077 0
2079 0
2080 2
2081 0
2082 1
2083 0
2084 0
2085 0
2086 0
2088 0
2089 1
2091 0
2092 0
2093 0
2094 0
2096 1
2099 0
2100 2
2101 0
2104 2
2105 1
2107 0
2108 0
2109 0
2110 0
2111 0
2113 -1
2115 0
2116 0
2117 -1
2118 0
2119 0
2121 1
2122 2
2123 0
2124 0
2125 0
2126 -1
2127 0
2128 2
2129 0
2130 0
2131 0
2132 1
2133 0
2135 3
2136 2
2137 2
2138 0
2139 0
2141 0
2142 6
2143 0
2144 0
2145 0
2147 0
2148 0
2149 3
2150 1
2151 2
2152 1
2153 0
2154 -1
2155 0
2156 1
2157 -1
2158 -1
2159 2
2160 2
2161 0
2162 1
2163 -1
2164 1
2167 1
2168 0
2170 0
2171 0
2172 0
2174 1
2175 0
2176 0
2177 0
2178 2
2181 0
2182 0
2183 2
2184 0
2185 0
2187 0
2188 -1
2190 0
2191 0
2192 0
2195 2
2196 0
2197 0
2198 -1
2200 0
2201 0
2203 -1
2204 0
2206 0
2211 0
2213 0
2214 0
2215 0
2217 0
2219 0
2220 0
2221 0
2222 0
2226 0
2227 0
2229 0
2230 0
2232 1
2233 0
2234 3
2235 0
2236 0
2238 0
2239 0
2240 0
2241 0
2242 0
2243 1
2244 0
2245 0
2246 0
2247 0
2248 0
2249 0
2253 0
2254 0
2257 1
2258 3
2259 0
2260 0
2261 0
2263 0
2265 1
2266 0
2267 0
2268 0
2269 1
2270 1
2272 0
2274 1
2275 2
2277 0
2279 1
2280 -1
2281 0
2282 2
2283 0
2284 0
2286 0
2287 0
2288 0
2289 1
2290 0
2292 0
2293 1
2294 0
2295 0
2296 0
2297 0
2299 -1
2300 0
2301 0
2302 0
2303 0
2304 1
2305 0
2306 0
2307 0
2308 0
2309 1
2310 1
2311 2
2312 0
2313 0
2314 0
2315 0
2316 0
2317 6
2318 1
2319 0
2321 0
2322 0
2323 0
2324 1
2325 0
2326 2
2327 1
2328 6
2329 0
2331 0
2332 -1
2333 0
2334 2
2335 0
2336 0
2337 0
2338 0
2339 0
2340 0
2341 0
2342 0
2343 0
2344 0
2346 0
2347 0
2348 1
2349 0
2350 0
2351 2
2352 0
2353 0
2354 0
2355 0
2357 0
2358 0
2361 0
2363 1
2364 0
2365 0
2366 0
2367 0
2369 1
2370 2
2371 1
2373 0
2374 1
2375 0
2376 0
2378 0
2379 1
2380 0
2381 0
2382 0
2384 0
2385 1
2386 0
2387 1
2388 1
2389 0
2390 0
2391 1
2392 -1
2393 0
2394 1
2395 1
2397 0
2398 0
2399 1
2401 1
2403 -1
2404 0
2405 0
2406 0
2407 0
2410 0
2412 1
2413 1
2414 2
2415 0
2416 0
2417 5
2418 -1
2420 0
2422 0
2425 0
2426 1
2427 4
2428 1
2430 0
2431 0
2432 0
2433 0
2434 0
2435 0
2436 0
2437 1
2438 0
2439 0
2440 0
2442 0
2443 -1
2444 0
2445 3
2446 0
2447 0
2448 2
2449 2
2450 0
2451 1
2452 0
2453 0
2454 0
2455 0
2456 0
2457 0
2458 0
2460 0
2461 -1
2463 0
2464 0
2465 0
2467 1
2468 2
2469 0
2470 0
2471 0
2472 1
2473 -1
2474 1
2475 0
2476 -1
2477 0
2478 0
2479 2
2482 -1
2483 1
2484 0
2485 0
2486 0
2488 0
2490 1
2491 0
2492 0
2494 0
2495 -1
2497 0
2498 0
2500 0
2501 0
2503 -1
2504 0
2505 2
2506 0
2507 1
2508 0
2509 -1
2512 2
2513 1
2514 0
2515 0
2516 1
2517 0
2518 -1
2519 0
2520 0
2522 0
2524 0
2525 2
2526 0
2527 0
2528 2
2529 0
2531 1
2533 0
2534 -1
2536 0
2537 0
2538 0
2540 0
2542 0
2543 0
2544 0
2545 0
2546 0
2547 0
2548 1
2549 1
2550 0
2551 2
2552 0
2553 -1
2555 1
2556 0
2557 0
2558 0
2559 0
2560 1
2561 0
2562 -1
2563 0
2564 0
2566 1
2567 0
2568 0
2569 0
2570 2
2571 0
2572 0
2574 -1
2576 0
2577 0
2578 0
2580 0
2582 0
2584 0
2585 0
2586 0
2587 0
2589 0
2590 1
2591 0
2592 0
2593 0
2594 1
2596 1
2597 1
2598 -1
2599 0
2600 0
2602 3
2603 3
2604 0
2605 0
2606 0
2607 0
2608 0
2609 1
2610 -1
2612 -1
2613 0
2614 -1
2615 0
2616 0
2617 0
2618 0
2619 0
2621 0
2622 0
2623 1
2624 0
2625 0
2626 1
2627 0
2629 1
2630 0
2631 0
2632 0
2633 -1
2634 1
2635 0
2636 0
2637 0
2641 0
2642 0
2644 -1
2645 1
2647 -1
2648 0
2649 1
2650 0
2651 3
2652 0
2653 2
2654 0
2655 0
2656 0
2657 0
2658 0
2660 0
2661 2
2664 0
2665 0
2666 0
2667 0
2668 0
2669 1
2670 2
2671 1
2672 2
2673 -1
2675 0
2676 0
2677 0
2678 0
2679 0
2680 0
2681 1
2682 0
2683 1
2684 2
2685 0
2686 2
2688 0
2689 0
2690 0
2691 0
2692 0
2694 0
2695 0
2696 0
2697 1
2698 0
2699 0
2701 1
2702 2
2703 0
2705 0
2706 0
2709 0
2710 0
2711 0
2712 0
2713 0
2714 2
2716 0
2717 0
2718 0
2721 0
2722 0
2723 0
2726 0
2727 2
2728 0
2729 0
2730 0
2731 0
2732 1
2733 1
2735 0
2738 0
2739 0
2741 0
2742 0
2743 0
2744 2
2745 0
2747 3
2748 1
2749 0
2751 2
2752 1
2753 2
2754 0
2756 0
2757 0
2758 0
2759 1
2760 1
2761 0
2762 0
2763 1
2764 1
2765 0
2766 0
2767 -1
2768 0
2770 0
2776 0
2777 2
2778 0
2779 0
2780 2
2781 3
2785 0
2786 0
2787 0
2788 0
2789 2
2790 -1
2791 0
2792 0
2793 0
2794 0
2795 1
2797 0
2799 0
2800 1
2801 0
2802 0
2804 1
2805 0
2806 -1
2807 0
2808 0
2809 1
2811 0
2812 0
2814 -1
2815 1
2816 3
2817 0
2818 0
2820 0
2822 0
2824 1
2825 0
2826 0
2827 0
2828 0
2829 0
2830 2
2832 2
2834 2
2835 0
2836 0
2837 0
2838 2
2839 0
2841 0
2842 1
2843 0
2844 0
2845 1
2847 0
2848 0
2849 0
2851 1
2852 0
2853 0
2854 0
2855 1
2856 -1
2857 0
2858 1
2859 0
2861 0
2863 3
2864 0
2866 1
2867 0
2868 0
2869 2
2870 0
2871 4
2873 -1
2874 0
2875 0
2876 3
2877 0
2878 1
2879 2
2880 0
2881 0
2883 0
2884 3
2885 0
2886 0
2887 0
2888 0
2891 1
2892 0
2893 0
2894 2
2895 0
2896 0
2898 0
2899 1
2900 -1
2901 0
2903 1
2904 0
2905 0
2906 0
2907 0
2909 1
2910 0
2911 1
2912 0
2913 0
2914 0
2915 0
2917 2
2919 4
2920 -1
2921 0
2922 0
2923 0
2924 1
2925 0
2926 1
2927 3
2928 1
2929 0
2930 -1
2931 0
2932 0
2934 1
2935 0
2936 0
2937 -1
2938 0
2940 0
2941 0
2942 1
2943 0
2946 0
2947 0
2948 2
2949 0
2950 0
2951 -1
2952 2
2955 0
2956 0
2957 1
2958 0
2960 0
2961 0
2962 0
2964 0
2965 0
2966 0
2967 1
2968 0
2969 1
2970 0
2971 0
2972 0
2973 0
2974 -1
2975 1
2976 0
2977 0
2978 -1
2979 0
2980 4
2982 1
2983 0
2984 0
2986 0
2987 0
2988 1
2989 0
2990 0
2991 0
2992 0
2994 0
2995 0
2996 0
2997 1
3001 -1
3002 -1
3003 -1
3004 0
3006 0
3007 0
3008 0
3009 1
3011 1
3012 0
3013 0
3014 1
3016 0
3018 -1
3020 0
3021 0
3022 -1
3023 0
3024 0
3025 0
3026 0
3027 1
3028 0
3029 0
3031 0
3034 0
3035 0
3036 0
3038 2
3039 0
3040 1
3041 0
3042 -1
3043 1
3044 0
3045 0
3046 0
3047 0
3048 0
3049 0
3050 0
3053 0
3054 -1
3056 1
3057 0
3058 0
3059 0
3060 2
3061 -1
3063 0
3064 0
3066 0
3067 0
3068 1
3069 2
3071 1
3072 0
3074 1
3075 0
3076 1
3077 0
3078 -1
3080 0
3081 0
3082 0
3083 0
3084 0
3085 0
3086 0
3087 0
3088 0
3089 0
3090 0
3091 2
3093 0
3095 2
3096 1
3097 0
3098 0
3101 0
3102 0
3103 2
3104 0
3105 0
3106 0
3109 0
3110 1
3111 0
3112 -1
3113 1
3115 0
3116 0
3117 -1
3118 0
3119 0
3120 0
3121 1
3122 0
3123 0
3124 0
3126 0
3127 0
3130 0
3133 2
3134 0
3140 0
3141 0
3144 1
3145 0
3146 -1
3147 3
3150 0
3151 0
3152 1
3154 0
3156 0
3158 0
3159 2
3162 1
3163 0
3165 0
3166 0
3167 0
3168 0
3169 2
3171 0
3173 0
3174 0
3176 0
3177 3
3179 2
3180 1
3181 0
3182 0
3183 0
3184 0
3185 0
3186 0
3187 1
3188 -1
3189 -1
3191 -1
3192 0
3194 1
3195 0
3196 0
3197 -1
3198 0
3201 2
3202 0
3204 0
3208 0
3212 0
3213 0
3214 1
3216 0
3217 0
3218 0
3219 0
3220 1
3221 0
3222 1
3224 0
3225 -1
3226 0
3227 0
3230 1
3231 0
3233 0
3234 -1
3235 -1
3237 1
3240 0
3243 -1
3245 5
3246 0
3247 -1
3248 0
3250 2
3253 1
3254 0
3256 1
3257 0
3258 0
3259 2
3261 0
3262 1
3263 1
3264 0
3265 1
3266 1
3268 0
3269 0
3270 0
3271 0
3272 0
3273 0
3274 0
3275 0
3276 0
3277 0
3278 0
3279 0
3280 0
3281 0
3282 0
3283 0
3284 -1
3285 0
3286 1
3287 2
3288 0
3289 0
3290 0
3291 1
3292 0
3293 1
3294 0
3295 0
3296 1
3297 0
3301 0
3302 1
3306 0
3307 0
3308 1
3309 0
3310 2
3312 0
3314 2
3315 0
3316 2
3317 0
3318 0
3322 0
3325 -1
3326 0
3327 0
3328 0
3329 0
3333 2
3335 0
3336 0
3337 0
3339 0
3340 1
3342 0
3343 1
3345 -1
3347 1
3350 0
3351 0
3352 0
3353 0
3354 0
3355 0
3356 -1
3357 0
3359 1
3362 0
3363 0
3367 1
3368 0
3369 0
3370 0
3371 1
3373 0
3374 0
3375 2
3376 0
3377 0
3379 0
3380 0
3382 0
3383 2
3384 0
3385 0
3386 0
3387 0
3388 0
3389 0
3391 -1
3392 1
3393 0
3394 1
3397 0
3399 0
3402 0
3403 1
3404 0
3405 -1
3406 2
3407 0
3409 0
3412 0
3413 2
3414 0
3415 1
3416 1
3417 0
3418 0
3420 2
3421 0
3422 0
3423 2
3424 0
3426 0
3427 2
3428 0
3430 0
3432 0
3433 1
3434 2
3435 0
3439 2
3440 1
3442 0
3443 0
3444 0
3445 0
3447 2
3448 0
3449 0
3451 0
3452 0
3453 0
3454 3
3455 0
3456 0
3457 0
3458 0
3460 0
3461 2
3462 0
3464 0
3465 0
3466 1
3467 0
3470 0
3471 1
3472 0
3473 2
3474 1
3475 0
3476 1
3477 0
3478 0
3481 0
3482 1
3485 0
3486 0
3487 0
3490 -1
3491 0
3493 0
3494 0
3495 0
3496 1
3497 0
3499 2
3500 0
3501 1
3502 2
3503 0
3504 0
3506 0
3507 0
3509 2
3510 2
3511 0
3513 0
3514 0
3515 2
3516 0
3517 0
3518 3
3520 2
3521 0
3523 0
3525 0
3526 1
3527 0
3528 0
3529 0
3531 0
3532 0
3533 1
3534 2
3535 0
3536 0
3537 0
3538 0
3539 0
3540 0
3541 0
3543 0
3544 0
3545 1
3546 2
3548 0
3549 -1
3550 0
3551 0
3552 2
3553 0
3554 0
3555 1
3556 2
3557 0
3558 0
3559 1
3561 2
3562 0
3565 2
3566 -1
3568 1
3569 0
3571 0
3572 0
3575 2
3579 0
3582 0
3583 0
3584 0
3586 0
3588 1
3590 1
3591 0
3592 -1
3593 2
3594 0
3596 0
3598 0
3600 0
3602 0
3604 0
3606 1
3610 0
3612 0
3613 0
3615 1
3616 0
3617 -1
3618 1
3622 0
3623 1
3624 0
3625 1
3626 0
3627 2
3630 0
3633 0
3635 0
3637 -1
3638 0
3639 0
3640 0
3642 0
3644 2
3645 0
3646 1
3647 1
3648 1
3649 0
3650 0
3651 0
3652 2
3653 2
3655 0
3656 0
3657 0
3658 0
3660 0
3661 0
3662 0
3663 0
3664 0
3665 0
3667 0
3668 0
3669 0
3672 1
3673 0
3675 0
3677 0
3679 0
3681 0
3683 0
3685 0
3686 0
3688 0
3689 0
3690 0
3691 0
3693 1
3695 0
3696 0
3697 1
3698 0
3699 1
3700 0
3701 0
3702 0
3704 0
3705 -1
3706 1
3707 0
3713 0
3714 -1
3715 0
3716 1
3717 2
3718 0
3719 0
3720 1
3721 2
3722 0
3725 0
3726 1
3727 1
3729 0
3730 0
3733 0
3735 0
3736 1
3737 1
3738 0
3739 0
3741 0
3743 0
3744 0
3745 0
3747 0
3748 0
3749 0
3750 2
3752 0
3753 1
3755 0
3756 1
3757 0
3759 1
3761 1
3762 0
3764 -1
3765 0
3767 0
3770 0
3771 0
3778 0
3779 0
3781 0
3783 0
3785 0
3786 1
3787 0
3788 0
3790 0
3791 1
3795 0
3797 1
3798 0
3799 0
3800 0
3802 0
3803 -1
3804 0
3806 0
3807 0
3810 2
3812 1
3813 0
3814 0
3815 1
3816 0
3817 1
3819 2
3820 0
3821 0
3822 1
3824 0
3825 0
3826 2
3828 0
3832 0
3833 0
3834 0
3835 2
3837 0
3838 2
3839 1
3841 0
3843 0
3844 2
3848 0
3849 0
3850 0
3851 0
3852 0
3855 1
3856 0
3858 0
3859 -1
3861 1
3863 1
3865 1
3866 0
3867 0
3868 0
3870 1
3871 0
3874 0
3875 0
3876 0
3877 1
3878 2
3879 0
3881 0
3883 1
3884 1
3886 -1
3887 0
3888 -1
3889 0
3891 1
3892 0
3894 0
3896 0
3901 0
3902 0
3904 0
3905 0
3907 0
3908 -1
3909 0
3910 0
3912 0
3913 2
3914 0
3915 0
3916 0
3918 0
3919 0
3920 -1
3921 -1
3922 2
3924 0
3925 0
3926 0
3927 0
3928 0
3930 0
3931 0
3932 2
3933 3
3935 2
3936 0
3937 2
3941 0
3942 -1
3943 0
3945 0
3946 1
3947 3
3949 0
3950 0
3951 0
3954 0
3957 0
3958 0
3959 0
3960 0
3961 0
3962 0
3964 0
3965 0
3967 3
3968 0
3970 2
3971 0
3972 0
3976 1
3978 0
3979 -1
3980 0
3981 0
3982 0
3983 0
3985 0
3986 0
3987 0
3988 0
3989 2
3990 2
3991 0
3992 2
3994 0
3997 0
3998 0
3999 0
4000 2
4001 0
4002 0
4003 0
4004 0
4006 0
4009 2
4011 2
4012 0
4013 0
4014 0
4016 -1
4018 1
4019 1
4020 0
4021 0
4022 -1
4023 0
4024 0
4026 1
4027 -1
4028 1
4029 0
4030 0
4031 0
4032 1
4034 1
4035 1
4038 2
4039 1
4040 1
4043 -1
4044 0
4045 2
4047 -1
4051 0
4052 0
4054 1
4055 -1
4056 2
4057 1
4059 1
4060 0
4063 1
4065 0
4066 0
4067 0
4068 0
4071 -1
4072 0
4074 0
4076 2
4078 0
4080 0
4081 0
4082 0
4083 0
4085 0
4086 0
4087 0
4088 0
4090 0
4091 0
4092 1
4093 0
4094 -1
4095 2
4096 0
4097 0
4100 0
4103 0
4104 0
4105 1
4107 0
4110 0
4111 0
4113 -1
4114 1
4116 0
4117 1
4119 0
4121 -1
4123 1
4124 0
4125 1
4126 0
4128 2
4129 0
4130 3
4132 0
4133 0
4135 0
4136 0
4137 0
4138 -1
4143 0
4145 0
4147 0
4148 0
4149 0
4150 2
4151 3
4153 0
4154 1
4155 0
4158 0
4159 1
4160 2
4161 0
4162 0
4163 0
4165 0
4166 0
4167 0
4169 0
4171 0
4173 1
4175 2
4176 0
4178 0
4179 2
4180 0
4181 1
4183 0
4185 0
4188 0
4190 0
4191 0
4192 0
4193 2
4194 0
4195 -1
4196 1
4197 0
4198 2
4199 0
4200 0
4201 0
4202 1
4203 1
4208 0
4209 1
4210 0
4211 0
4213 0
4214 0
4215 0
4216 0
4218 0
4219 0
4221 0
4223 0
4224 2
4226 1
4227 0
4229 3
4230 0
4231 0
4233 1
4234 0
4235 0
4237 0
4239 -1
4240 2
4241 1
4242 0
4243 0
4244 0
4245 1
4246 2
4248 1
4250 1
4253 0
4255 0
4256 -1
4258 0
4260 1
4261 0
4262 1
4265 1
4268 2
4269 0
4271 2
4274 0
4275 0
4276 0
4277 0
4278 3
4279 1
4281 0
4282 2
4283 1
4284 0
4285 0
4286 1
4287 0
4288 0
4289 0
4291 1
4292 2
4294 1
4295 1
4296 0
4297 0
4298 -1
4299 2
4301 -1
4303 0
4304 2
4309 0
4310 0
4311 1
4312 0
4313 0
4316 1
4317 0
4318 0
4321 0
4322 0
4323 0
4326 0
4327 0
4329 0
4330 -1
4331 0
4332 0
4335 0
4336 0
4337 0
4339 2
4340 1
4341 0
4342 0
4343 0
4344 0
4345 1
4350 0
4351 0
4355 1
4356 0
4357 3
4360 -1
4361 0
4362 0
4364 0
4365 0
4366 1
4367 0
4368 0
4370 1
4372 0
4374 -1
4377 -1
4379 0
4380 1
4382 -1
4383 1
4385 0
4386 0
4387 2
4388 0
4389 0
4390 1
4391 1
4392 1
4393 0
4395 0
4396 0
4397 1
4398 2
4400 1
4402 0
4405 0
4407 0
4409 0
4410 0
4411 -1
4412 2
4413 0
4415 0
4417 -1
4418 2
4419 2
4420 -1
4421 0
4422 -1
4424 0
4425 0
4428 0
4429 1
4430 0
4434 0
4435 0
4436 4
4437 -1
4438 0
4439 0
4440 0
4442 0
4443 0
4445 0
4446 0
4448 2
4449 -1
4451 0
4453 2
4454 0
4455 0
4457 0
4459 0
4462 2
4463 1
4465 0
4466 2
4467 0
4468 1
4471 0
4472 0
4473 0
4475 0
4477 -1
4478 1
4479 1
4480 0
4481 0
4483 -1
4485 0
4487 0
4488 2
4489 1
4492 0
4494 0
4495 1
4497 0
4499 0
4502 0
4503 0
4506 0
4507 0
4508 1
4509 0
4510 0
4511 0
4512 0
4514 0
4515 -1
4516 3
4518 0
4519 1
4520 0
4521 1
4522 1
4525 2
4526 0
4527 0
4528 0
4531 -1
4532 0
4536 -1
4537 0
4538 2
4539 1
4540 -1
4542 0
4544 0
4546 0
4548 0
4549 -1
4551 0
4552 2
4558 1
4560 2
4561 0
4562 0
4565 0
4566 3
4567 0
4568 0
4569 0
4571 0
4573 0
4574 0
4575 0
4579 0
4580 0
4582 0
4583 1
4584 0
4585 0
4587 1
4588 1
4589 -1
4590 1
4591 1
4592 0
4595 0
4596 0
4597 0
4598 0
4600 0
4601 0
4603 0
4604 -1
4605 0
4606 1
4608 0
4609 0
4610 1
4611 1
4612 0
4613 -1
4616 1
4618 2
4624 0
4625 0
4626 2
4628 0
4630 0
4631 0
4632 0
4633 1
4635 -1
4636 0
4639 0
4640 0
4642 2
4643 0
4644 -1
4645 0
4647 0
4649 0
4652 0
4653 1
4655 1
4656 -1
4657 0
4658 0
4659 0
4661 0
4662 0
4665 1
4669 1
4670 1
4671 0
4672 1
4674 2
4675 1
4677 0
4680 0
4681 0
4682 0
4683 0
4684 1
4687 0
4690 0
4691 2
4692 1
4695 2
4696 -1
4697 0
4698 1
4700 1
4701 1
4702 0
4704 0
4705 0
4708 1
4710 0
4711 0
4714 0
4715 0
4716 0
4717 0
4718 2
4722 0
4723 1
4725 -1
4726 1
4727 2
4728 1
4729 0
4731 1
4732 0
4733 3
4734 4
4735 0
4736 2
4739 -1
4740 0
4742 0
4743 0
4744 0
4747 0
4748 0
4749 0
4751 0
4752 0
4753 0
4755 0
4756 0
4757 0
4758 0
4762 2
4764 0
4765 0
4766 1
4768 1
4771 0
4773 2
4775 0
4777 1
4778 0
4780 0
4781 0
4782 0
4785 -1
4787 0
4788 0
4789 0
4790 0
4791 0
4792 0
4793 0
4794 0
4795 1
4799 0
4800 0
4802 0
4804 -1
4805 0
4808 -1
4811 0
4814 0
4815 1
4818 0
4820 0
4821 3
4822 0
4824 0
4828 0
4829 0
4830 0
4831 0
4833 0
4834 1
4835 0
4836 0
4837 0
4839 1
4840 1
4841 0
4842 0
4843 0
4844 0
4846 2
4848 2
4850 0
4851 0
4852 0
4853 0
4854 0
4855 6
4856 0
4857 0
4858 2
4860 -1
4861 0
4862 0
4863 -1
4865 0
4868 1
4869 0
4870 0
4871 2
4872 1
4874 0
4875 0
4878 1
4879 1
4881 0
4882 0
4884 2
4886 0
4887 2
4889 0
4890 -1
4892 0
4896 0
4897 0
4898 1
4900 2
4901 0
4902 0
4906 0
4908 0
4909 0
4911 0
4912 5
4913 -1
4916 0
4917 2
4918 0
4920 0
4921 0
4922 0
4923 0
4926 2
4927 0
4929 1
4930 1
4931 0
4932 -1
4933 0
4934 0
4937 2
4938 0
4941 0
4943 3
4944 1
4945 -1
4946 0
4947 2
4951 0
4952 1
4953 0
4955 0
4956 0
4957 1
4959 0
4962 0
4966 -1
4968 0
4970 0
4971 0
4972 0
4974 1
4976 2
4979 0
4982 0
4985 0
4986 2
4987 0
4988 0
4989 0
4991 0
4992 0
4994 0
4995 0
4997 0
4998 1
4999 0
