0 171
1 117
2 16
3 196
4 199
5 80
6 123
7 147
8 167
9 181
10 142
11 201
12 42
13 192
14 27
15 145
16 31
17 132
18 62
19 40
20 1
21 61
22 160
23 39
24 74
25 79
26 90
27 189
28 223
29 13
30 186
31 168
32 159
33 96
34 249
35 229
36 117
37 212
38 64
39 77
40 103
41 110
42 171
43 12
44 111
45 180
46 246
47 60
48 3
49 241
50 162
51 231
52 205
53 196
54 160
55 78
56 48
57 116
58 103
59 165
60 63
61 59
62 137
63 128
64 63
65 187
66 147
67 63
68 67
69 186
70 41
71 239
72 65
73 87
75 15
76 180
77 220
78 99
79 246
80 82
81 91
83 116
84 52
85 172
86 96
87 158
88 185
89 83
90 181
91 197
92 76
93 4
94 177
95 148
96 239
97 129
98 67
99 170
100 59
101 44
102 86
103 92
104 8
105 140
106 136
107 249
108 13
109 158
110 38
111 126
112 161
114 81
115 27
116 49
117 1
118 220
119 178
120 57
121 125
122 83
123 70
124 57
125 170
126 182
127 207
128 43
129 162
130 83
131 189
132 132
133 193
134 171
135 123
136 185
137 165
138 230
139 4
140 90
141 35
142 197
143 172
144 19
146 96
147 47
148 67
149 65
150 180
151 177
152 178
153 34
154 170
155 31
156 212
157 175
158 214
159 30
160 11
161 85
162 160
163 60
164 172
165 173
166 190
167 100
168 125
169 46
170 90
171 0
172 166
173 183
174 118
175 106
176 34
177 249
178 188
179 103
180 171
181 173
182 75
183 63
184 229
185 71
186 71
187 53
188 229
189 58
190 61
191 151
192 132
193 90
194 5
195 35
196 40
197 155
198 99
199 49
200 61
201 74
202 0
203 141
204 242
205 211
206 161
207 5
208 36
209 79
210 138
211 167
212 219
213 85
214 215
215 192
216 201
217 173
218 224
219 142
220 189
221 50
222 125
223 125
224 168
225 70
226 178
227 227
228 206
229 75
230 241
231 161
232 219
233 53
234 59
235 110
236 69
237 154
238 165
239 15
240 132
241 15
242 24
243 141
244 29
245 186
246 103
247 146
248 193
249 77
250 151
251 39
252 232
253 75
254 165
255 151
256 45
257 130
258 46
259 97
260 123
261 7
262 8
263 101
264 242
265 1
266 219
267 231
268 230
269 192
270 99
271 222
272 101
273 26
274 87
275 81
276 78
277 196
278 2
279 136
280 190
282 25
283 5
284 47
285 171
286 148
287 40
288 173
289 81
290 25
291 107
292 53
293 76
294 120
295 119
296 181
297 168
298 147
299 177
300 151
301 61
302 196
303 146
304 230
305 169
306 67
307 161
308 20
309 95
310 173
311 167
312 230
313 154
314 176
315 102
316 1
317 166
318 217
319 233
320 99
321 7
322 96
323 106
324 242
325 116
326 243
327 1
328 10
329 132
330 38
331 146
332 30
333 62
334 151
335 207
336 10
337 177
338 94
339 154
340 116
341 76
342 130
344 63
345 8
346 141
347 133
348 14
349 196
350 145
351 69
352 110
353 7
354 87
355 12
356 7
357 159
358 21
359 66
360 47
361 8
362 236
363 152
364 53
365 114
366 24
367 180
368 78
369 62
370 167
372 140
373 34
374 88
375 67
376 191
377 114
378 102
379 92
380 8
381 166
382 13
383 1
384 68
385 239
386 245
387 118
388 5
389 52
390 197
391 25
392 129
393 42
394 9
395 43
396 165
397 167
398 47
399 114
400 9
401 225
402 158
403 98
404 114
405 127
406 238
407 156
408 91
409 206
410 31
411 21
412 19
413 30
414 38
415 176
416 81
417 69
418 95
419 38
420 177
421 217
422 187
423 131
424 205
425 82
426 86
427 221
428 137
429 132
430 9
431 106
432 101
433 127
434 41
435 55
436 187
437 72
438 49
439 234
440 170
441 192
442 196
443 165
444 80
445 94
446 7
447 130
448 140
449 54
450 8
451 216
452 227
453 118
454 83
455 117
456 199
457 138
458 184
459 93
460 198
461 166
462 118
463 130
464 220
465 242
466 35
467 43
468 217
469 135
470 66
471 245
472 5
473 147
474 130
475 224
476 110
477 217
478 52
479 83
480 136
481 5
482 158
483 179
484 78
485 63
486 11
487 21
488 209
489 239
490 7
491 196
492 69
493 141
494 176
495 81
496 0
497 167
498 8
499 196
501 172
502 22
503 36
504 59
505 184
506 161
509 4
510 205
511 61
512 148
513 125
514 138
516 98
518 152
519 129
520 38
521 114
522 223
523 205
524 109
525 143
526 97
527 103
528 146
529 117
530 153
531 42
532 69
533 93
534 158
535 16
536 140
537 128
538 33
539 43
540 172
541 109
542 165
543 145
544 178
545 165
546 49
547 162
549 102
550 95
551 180
552 242
553 102
554 114
555 229
556 65
557 35
558 102
559 105
560 103
562 27
563 90
564 172
566 69
567 103
568 160
569 100
570 136
571 151
572 99
573 2
574 177
575 173
576 189
577 170
578 12
579 50
580 177
581 175
582 239
583 81
584 37
585 226
586 168
587 226
588 151
589 80
590 137
591 184
592 22
593 206
594 187
595 182
596 164
597 206
598 187
599 151
600 44
601 117
602 75
603 174
604 71
605 41
606 168
607 76
608 229
609 62
610 37
611 13
612 91
613 145
614 94
615 243
616 136
617 20
618 113
619 63
620 106
621 142
622 40
623 102
624 49
625 208
626 13
627 161
628 219
629 7
630 212
631 207
632 206
633 232
634 9
635 170
636 249
637 129
638 25
639 206
640 222
641 61
642 39
643 61
644 237
645 134
646 216
647 76
648 230
649 206
651 187
652 10
653 78
654 206
655 154
656 197
657 120
658 227
659 147
660 145
661 82
662 99
663 62
664 7
665 76
666 177
667 165
668 29
669 108
670 246
671 178
672 101
673 11
674 188
675 100
676 220
678 208
679 180
680 2
681 109
682 188
683 206
684 137
685 92
686 69
687 196
688 177
689 159
690 52
691 131
692 1
693 34
694 0
695 53
696 10
697 171
698 139
699 67
700 244
701 180
702 64
703 114
704 110
705 101
706 30
707 15
708 239
709 83
710 32
711 182
712 101
713 148
714 241
716 102
717 103
718 0
719 3
720 75
722 140
723 192
724 27
725 62
726 43
727 206
728 14
729 34
730 101
731 217
732 82
733 62
734 19
735 5
736 228
737 240
738 91
739 10
740 96
741 107
742 91
743 32
744 171
745 24
746 102
747 79
748 71
749 13
751 129
752 103
753 6
754 165
755 160
756 135
757 42
758 94
759 104
760 99
761 217
762 81
763 97
764 42
765 166
766 58
767 114
768 223
769 146
770 242
771 54
772 142
773 189
774 53
775 101
776 214
777 155
778 102
779 83
780 103
781 3
782 36
783 58
784 118
785 35
786 219
787 83
788 189
789 133
790 101
791 3
792 219
793 86
794 158
795 186
796 52
797 69
798 220
799 72
800 13
801 121
802 59
803 64
804 115
805 53
806 152
807 137
808 20
809 117
810 193
811 64
812 216
813 230
814 103
815 175
816 60
817 196
818 81
819 190
820 84
821 159
822 246
823 158
824 206
825 2
826 223
827 6
828 66
829 163
830 208
831 143
832 71
833 81
834 76
835 108
836 196
837 11
838 125
839 182
840 158
841 205
842 199
843 224
846 246
847 230
848 87
849 79
850 141
852 178
853 8
854 174
855 224
856 158
857 217
858 35
859 106
860 98
861 192
862 31
863 90
864 189
865 79
866 135
867 87
868 23
869 11
870 59
871 82
872 212
873 101
874 22
875 114
876 223
877 61
878 4
879 8
881 173
882 19
883 176
884 180
885 174
886 138
888 102
889 57
890 49
891 61
892 39
893 1
894 100
895 212
896 164
897 18
898 132
899 3
900 168
901 61
902 150
903 209
904 145
905 135
906 21
907 223
908 72
909 37
910 117
911 35
912 146
913 205
914 30
915 158
916 209
917 127
918 228
919 29
920 61
921 7
922 113
923 3
924 196
925 30
926 190
927 217
928 80
929 97
930 3
931 107
932 207
933 114
934 99
936 238
937 206
938 1
939 245
940 243
941 45
942 100
943 38
944 76
945 182
946 232
947 208
948 132
949 133
950 106
951 87
952 77
953 159
954 176
955 92
956 242
957 69
958 76
959 124
960 181
961 33
962 43
963 146
964 30
965 102
966 73
967 206
968 22
969 12
970 167
971 21
972 124
973 147
974 27
975 97
976 234
977 170
978 107
979 123
980 99
981 37
982 227
983 7
984 94
985 138
986 72
987 151
988 223
989 19
990 182
991 151
992 38
993 141
994 111
995 57
996 144
997 135
998 113
999 196
1000 175
1001 117
1002 7
1003 127
1004 181
1005 160
1006 129
1008 104
1009 35
1010 34
1011 141
1013 223
1014 66
1015 114
1016 242
1017 168
1018 77
1019 39
1020 36
1021 161
1022 107
1023 243
1024 64
1025 14
1026 244
1027 5
1028 102
1029 39
1030 141
1031 127
1032 76
1033 72
1034 142
1035 120
1036 103
1037 26
1038 4
1039 234
1040 52
1041 182
1042 175
1043 40
1044 233
1045 135
1046 223
1047 227
1048 57
1049 206
1050 140
1052 180
1053 40
1054 180
1055 35
1057 180
1058 76
1059 223
1060 175
1061 190
1062 5
1063 69
1064 223
1065 167
1066 178
1067 137
1068 187
1069 18
1070 53
1071 229
1072 151
1074 171
1075 214
1076 172
1077 201
1078 57
1079 180
1080 24
1081 204
1082 200
1083 226
1084 159
1085 31
1086 90
1087 222
1088 129
1089 62
1090 183
1091 165
1092 171
1093 49
1094 243
1095 71
1097 132
1098 122
1099 50
1100 143
1101 70
1103 78
1104 19
1105 188
1106 159
1107 60
1108 155
1109 155
1110 130
1111 81
1112 189
1113 6
1114 216
1115 49
1116 51
1117 211
1118 192
1119 82
1120 109
1121 175
1122 15
1123 138
1124 53
1125 35
1126 56
1127 193
1128 97
1129 31
1130 107
1131 243
1132 167
1133 78
1134 232
1135 53
1136 72
1137 8
1139 194
1140 93
1141 147
1142 184
1143 86
1144 172
1145 96
1146 11
1147 223
1148 89
1149 160
1150 15
1151 95
1152 87
1153 244
1154 71
1155 231
1157 244
1158 5
1159 205
1160 127
1161 40
1162 129
1163 159
1165 57
1166 30
1167 48
1168 98
1169 219
1170 70
1171 140
1172 38
1173 62
1174 158
1175 77
1176 97
1177 71
1178 80
1179 208
1180 188
1181 55
1182 169
1183 220
1184 145
1185 234
1186 131
1187 204
1188 245
1189 6
1190 215
1191 177
1192 240
1193 50
1194 47
1195 196
1196 223
1197 73
1198 8
1199 97
1200 92
1201 226
1202 184
1203 188
1204 174
1205 78
1206 146
1207 219
1208 206
1209 180
1210 128
1211 137
1212 147
1213 79
1214 110
1215 155
1216 219
1217 232
1218 66
1219 212
1220 45
1221 87
1222 62
1223 178
1224 12
1225 223
1226 113
1227 67
1228 40
1229 103
1230 2
1232 153
1233 49
1234 3
1235 117
1237 182
1238 27
1239 35
1240 92
1241 49
1242 97
1243 85
1244 2
1245 220
1246 42
1247 1
1248 227
1249 35
1250 29
1251 53
1252 50
1253 20
1255 109
1256 23
1257 96
1258 213
1259 216
1260 129
1261 86
1262 92
1263 29
1264 59
1265 180
1266 101
1267 43
1268 40
1269 8
1270 125
1271 53
1272 213
1273 101
1274 8
1275 134
1276 209
1277 61
1278 245
1279 236
1281 19
1283 8
1284 241
1285 147
1286 15
1287 118
1289 25
1290 86
1291 190
1292 201
1293 233
1294 13
1295 219
1296 105
1297 222
1298 166
1299 0
1300 28
1301 35
1302 107
1303 127
1305 1
1306 154
1307 9
1308 66
1309 77
1310 138
1311 57
1313 7
1314 2
1315 192
1316 129
1317 118
1319 237
1320 246
1321 191
1322 158
1323 30
1324 40
1325 8
1326 226
1327 155
1328 15
1329 196
1330 136
1332 212
1333 61
1334 97
1335 230
1336 242
1337 15
1339 53
1340 182
1341 69
1343 151
1344 82
1345 78
1346 19
1347 155
1348 10
1349 22
1350 224
1351 194
1352 120
1353 35
1354 217
1355 35
1357 166
1358 53
1359 90
1360 64
1361 109
1362 206
1363 206
1364 178
1365 69
1366 135
1367 117
1368 217
1369 93
1370 96
1371 2
1372 196
1373 35
1374 79
1375 5
1376 62
1377 63
1378 192
1380 188
1381 242
1382 64
1384 49
1385 30
1386 28
1387 37
1388 20
1389 42
1391 170
1392 152
1393 172
1394 129
1395 110
1396 61
1397 194
1399 77
1400 101
1401 182
1402 37
1403 40
1404 242
1405 239
1406 63
1407 138
1408 35
1409 199
1410 147
1411 177
1412 103
1413 31
1414 172
1415 207
1416 47
1417 242
1418 86
1419 100
1420 164
1421 83
1422 121
1423 196
1424 77
1425 5
1426 67
1427 177
1429 209
1430 209
1431 169
1432 151
1433 103
1434 62
1436 7
1438 15
1439 161
1440 107
1441 15
1442 74
1443 100
1444 176
1445 123
1446 49
1447 192
1448 82
1449 114
1450 16
1451 212
1452 92
1453 249
1454 226
1455 132
1456 163
1457 59
1458 131
1459 174
1460 23
1461 19
1462 159
1463 167
1464 99
1465 99
1466 144
1467 168
1468 177
1469 196
1470 38
1471 187
1472 97
1473 98
1474 10
1475 216
1476 226
1477 184
1478 209
1479 146
1480 60
1481 188
1482 39
1483 40
1484 146
1486 136
1487 7
1489 69
1490 129
1491 0
1492 145
1493 92
1494 73
1495 142
1496 125
1497 13
1498 86
1499 38
1500 249
1501 184
1502 96
1503 125
1504 31
1505 158
1506 150
1507 76
1508 166
1509 5
1510 220
1512 85
1514 0
1515 145
1517 72
1518 161
1519 108
1520 55
1521 63
1522 62
1523 206
1524 33
1525 102
1526 133
1527 196
1528 87
1529 79
1530 1
1531 118
1532 209
1534 223
1535 238
1536 83
1537 229
1538 3
1539 107
1540 97
1541 12
1542 188
1543 217
1544 35
1545 161
1546 85
1547 189
1549 61
1550 244
1551 49
1552 192
1553 191
1554 43
1555 208
1556 63
1557 83
1558 80
1559 199
1560 136
1563 25
1565 33
1566 135
1567 167
1568 25
1570 3
1571 107
1572 133
1573 50
1574 175
1575 69
1576 3
1577 10
1578 90
1579 57
1581 54
1582 60
1583 43
1584 104
1585 95
1586 0
1587 117
1588 243
1589 3
1590 101
1591 71
1593 118
1594 209
1595 249
1597 206
1599 120
1600 233
1601 231
1602 59
1603 79
1604 96
1605 50
1607 139
1609 147
1610 161
1611 206
1612 139
1613 239
1614 20
1615 176
1616 24
1617 178
1618 165
1619 161
1621 130
1622 133
1623 150
1625 171
1626 82
1627 249
1628 140
1629 233
1630 137
1631 107
1632 15
1633 137
1634 234
1635 208
1636 194
1637 11
1639 42
1640 67
1641 72
1642 169
1643 182
1644 233
1645 146
1646 229
1647 40
1648 175
1649 75
1650 16
1651 38
1652 58
1653 20
1654 94
1655 39
1656 187
1657 120
1658 117
1659 69
1660 92
1661 97
1662 22
1663 188
1664 213
1665 107
1666 237
1667 30
1668 109
1669 114
1670 50
1671 244
1672 209
1674 158
1676 60
1677 11
1678 184
1679 92
1680 108
1681 96
1682 25
1684 13
1685 176
1686 98
1687 36
1688 31
1689 97
1690 126
1691 141
1692 3
1694 44
1695 69
1696 49
1697 99
1698 115
1699 82
1701 25
1702 129
1703 25
1704 141
1705 69
1706 13
1707 175
1708 237
1709 101
1710 78
1711 158
1712 181
1713 87
1715 220
1716 207
1718 181
1719 53
1720 5
1721 96
1722 24
1723 80
1724 10
1725 83
1726 80
1727 229
1728 238
1729 244
1730 212
1731 72
1732 112
1733 61
1734 69
1735 168
1736 161
1737 12
1738 122
1739 78
1740 25
1741 196
1742 233
1743 116
1745 101
1746 59
1747 160
1748 194
1749 206
1750 49
1751 35
1752 189
1753 151
1754 0
1755 233
1756 25
1757 86
1758 160
1759 129
1761 90
1762 104
1764 7
1765 172
1766 31
1767 157
1768 135
1769 113
1770 59
1771 208
1772 196
1773 59
1774 223
1775 206
1776 33
1777 245
1778 148
1779 29
1780 208
1781 57
1782 29
1783 96
1784 172
1785 174
1786 47
1788 83
1789 231
1790 193
1791 63
1792 37
1793 146
1794 97
1795 217
1796 243
1797 196
1798 174
1799 160
1801 117
1802 100
1804 102
1805 144
1806 165
1807 83
1808 230
1809 217
1810 32
1811 59
1813 205
1814 119
1815 18
1816 233
1817 135
1818 146
1819 192
1820 181
1821 189
1822 132
1823 72
1824 64
1825 59
1826 178
1827 18
1828 18
1829 121
1830 142
1831 40
1832 69
1833 175
1834 135
1835 97
1837 19
1839 184
1840 96
1841 77
1842 196
1843 121
1845 87
1846 245
1847 118
1848 223
1849 146
1850 107
1851 34
1852 135
1853 177
1854 71
1855 47
1856 184
1857 185
1858 108
1859 220
1860 43
1861 217
1862 2
1863 2
1864 96
1865 49
1866 40
1867 20
1868 220
1869 182
1870 134
1871 11
1872 97
1873 43
1874 167
1875 196
1876 172
1877 177
1878 217
1879 121
1880 2
1881 146
1882 223
1883 12
1884 95
1885 45
1887 205
1888 83
1889 102
1890 177
1891 191
1892 107
1893 19
1894 195
1895 102
1896 130
1897 90
1898 2
1899 8
1900 49
1902 69
1903 107
1904 142
1906 130
1907 180
1908 146
1909 44
1910 238
1911 102
1912 11
1913 198
1914 115
1915 7
1916 217
1917 164
1918 73
1919 236
1920 227
1921 62
1922 10
1923 155
1924 10
1925 168
1926 7
1927 194
1928 49
1929 55
1930 110
1931 78
1932 184
1933 123
1934 102
1935 47
1936 145
1937 10
1938 114
1939 49
1940 7
1941 59
1942 177
1943 43
1944 72
1945 92
1947 245
1948 158
1949 43
1950 38
1951 104
1952 117
1953 215
1954 83
1955 217
1957 13
1958 124
1959 169
1960 75
1961 108
1962 20
1963 244
1964 127
1965 177
1966 96
1967 239
1968 237
1969 146
1970 62
1971 54
1972 165
1973 67
1974 124
1976 3
1977 177
1978 115
1979 219
1980 5
1982 30
1983 146
1985 30
1986 138
1987 175
1990 108
1991 141
1992 80
1993 92
1994 242
1995 129
1996 108
1997 151
1998 23
2000 161
2001 80
2003 107
2005 209
2006 123
2007 0
2008 239
2009 39
2010 141
2011 208
2012 43
2013 175
2014 43
2015 0
2016 158
2017 102
2018 67
2019 214
2020 92
2021 146
2022 145
2024 181
2025 69
2026 117
2027 227
2028 172
2029 118
2031 153
2032 220
2033 37
2034 125
2035 37
2036 82
2037 124
2038 60
2039 189
2040 117
2041 233
2042 241
2043 142
2044 55
2045 191
2046 196
2047 20
2048 119
2049 54
2050 133
2051 69
2052 169
2053 130
2054 107
2055 30
2056 184
2057 94
2058 167
2059 114
2061 121
2062 188
2063 144
2064 69
2065 231
2067 191
2068 238
2069 155
2070 7
2071 238
2072 164
2073 147
2074 138
2075 67
2076 5
2077 238
2079 161
2080 87
2081 165
2082 97
2083 175
2084 57
2085 22
2086 165
2087 12
2088 208
2089 83
2090 118
2091 209
2092 12
2093 122
2094 57
2095 108
2096 189
2097 97
2098 169
2099 132
2100 80
2101 92
2102 49
2103 184
2104 184
2105 191
2107 191
2108 117
2109 85
2110 231
2111 35
2112 28
2113 184
2114 104
2115 5
2116 117
2117 69
2118 181
2119 39
2121 102
2122 43
2123 222
2124 248
2125 145
2126 95
2127 161
2128 248
2129 33
2130 132
2131 232
2132 191
2133 246
2135 151
2136 247
2137 28
2138 147
2139 55
2140 18
2141 8
2142 153
2143 217
2144 167
2145 20
2146 104
2147 92
2148 57
2149 182
2150 108
2151 107
2152 191
2153 233
2154 114
2155 63
2156 209
2157 166
2158 204
2159 226
2160 174
2161 160
2162 85
2163 92
2164 97
2165 108
2167 104
2168 127
2169 244
2170 180
2171 8
2172 100
2173 78
2174 177
2175 83
2176 77
2177 78
2178 90
2181 58
2182 43
2183 169
2184 160
2185 62
2186 169
2187 83
2188 5
2189 169
2190 150
2191 90
2192 223
2193 169
2195 206
2196 132
2197 133
2198 175
2199 59
2200 25
2201 185
2203 212
2204 239
2206 181
2207 59
2208 209
2211 106
2213 240
2214 135
2215 243
2217 15
2218 169
2219 188
2220 32
2221 245
2222 175
2223 73
2226 55
2227 217
2229 61
2230 52
2232 53
2233 32
2234 131
2235 208
2236 172
2238 31
2239 175
2240 232
2241 127
2242 245
2243 12
2244 55
2245 245
2246 38
2247 33
2248 130
2249 177
2253 34
2254 142
2255 184
2257 138
2258 33
2259 126
2260 114
2261 155
2262 174
2263 169
2264 45
2265 8
2266 101
2267 38
2268 177
2269 43
2270 59
2272 18
2274 121
2275 35
2276 199
2277 92
2279 57
2280 4
2281 77
2282 119
2283 79
2284 129
2286 220
2287 53
2288 82
2289 205
2290 174
2292 184
2293 112
2294 40
2295 13
2296 25
2297 118
2299 233
2300 248
2301 138
2302 144
2303 117
2304 101
2305 8
2306 83
2307 76
2308 79
2309 141
2310 196
2311 40
2312 78
2313 38
2314 95
2315 92
2316 183
2317 81
2318 239
2319 229
2320 60
2321 3
2322 78
2323 206
2324 208
2325 54
2326 12
2327 10
2328 138
2329 182
2331 135
2332 80
2333 155
2334 220
2335 151
2336 119
2337 177
2338 194
2339 164
2340 208
2341 90
2342 61
2343 234
2344 13
2345 206
2346 169
2347 219
2348 3
2349 120
2350 181
2351 184
2352 209
2353 205
2354 47
2355 155
2356 209
2357 176
2358 232
2359 138
2361 96
2362 83
2363 69
2364 78
2365 171
2366 176
2367 117
2369 124
2370 172
2371 137
2373 38
2374 219
2375 7
2376 245
2378 87
2379 146
2380 126
2381 54
2382 226
2383 138
2384 156
2385 7
2386 196
2387 83
2388 188
2389 83
2390 78
2391 135
2392 30
2393 87
2394 33
2395 107
2396 220
2397 178
2398 231
2399 223
2401 58
2403 88
2404 79
2405 238
2406 206
2407 127
2409 211
2410 25
2411 169
2412 171
2413 219
2414 156
2415 151
2416 138
2417 215
2418 145
2419 181
2420 39
2422 226
2425 151
2426 124
2427 27
2428 2
2430 30
2431 126
2432 28
2433 113
2434 127
2435 49
2436 129
2437 134
2438 28
2439 219
2440 155
2441 169
2442 7
2443 230
2444 230
2445 18
2446 101
2447 20
2448 168
2449 151
2450 239
2451 78
2452 82
2453 155
2454 103
2455 49
2456 100
2457 189
2458 196
2460 132
2461 154
2463 239
2464 101
2465 187
2466 211
2467 220
2468 134
2469 196
2470 180
2471 158
2472 206
2473 225
2474 49
2475 35
2476 92
2477 5
2478 90
2479 12
2480 211
2481 119
2482 106
2483 208
2484 189
2485 219
2486 203
2488 133
2489 59
2490 97
2491 177
2492 5
2493 119
2494 169
2495 84
2496 12
2497 97
2498 185
2499 244
2500 54
2501 40
2503 81
2504 156
2505 7
2506 160
2507 39
2508 208
2509 172
2511 104
2512 59
2513 35
2514 35
2515 126
2516 182
2517 81
2518 147
2519 138
2520 236
2521 110
2522 208
2523 107
2524 37
2525 77
2526 15
2527 131
2528 19
2529 3
2530 87
2531 110
2533 175
2534 150
2535 211
2536 8
2537 192
2538 101
2539 138
2540 55
2541 40
2542 3
2543 175
2544 12
2545 82
2546 176
2547 232
2548 182
2549 167
2550 97
2551 101
2552 101
2553 107
2554 184
2555 118
2556 82
2557 139
2558 161
2559 24
2560 206
2561 155
2562 237
2563 31
2564 101
2566 7
2567 38
2568 176
2569 208
2570 35
2571 138
2572 158
2574 168
2576 146
2577 156
2578 159
2579 110
2580 120
2581 108
2582 170
2583 59
2584 45
2585 141
2586 207
2587 227
2588 45
2589 59
2590 171
2591 35
2592 83
2593 25
2594 54
2595 174
2596 12
2597 54
2598 24
2599 220
2600 206
2601 108
2602 40
2603 158
2604 226
2605 8
2606 35
2607 223
2608 133
2609 101
2610 230
2612 49
2613 202
2614 82
2615 96
2616 151
2617 124
2618 47
2619 42
2620 75
2621 156
2622 171
2623 170
2624 223
2625 58
2626 176
2627 223
2629 7
2630 80
2631 167
2632 7
2633 111
2634 177
2635 129
2636 121
2637 249
2641 28
2642 131
2643 234
2644 83
2645 170
2647 199
2648 97
2649 83
2650 10
2651 3
2652 59
2653 54
2654 183
2655 87
2656 47
2657 176
2658 69
2660 192
2661 54
2662 234
2663 108
2664 31
2665 50
2666 206
2667 161
2668 39
2669 127
2670 97
2671 19
2672 131
2673 56
2674 59
2675 118
2676 28
2677 220
2678 60
2679 114
2680 60
2681 219
2682 118
2683 101
2684 33
2685 22
2686 28
2687 59
2688 206
2689 177
2690 114
2691 232
2692 233
2694 172
2695 146
2696 227
2697 209
2698 92
2699 217
2700 104
2701 50
2702 77
2703 181
2705 86
2706 43
2707 234
2708 72
2709 172
2710 19
2711 45
2712 60
2713 151
2714 59
2716 83
2717 219
2718 134
2719 108
2720 72
2721 178
2722 185
2723 216
2724 108
2725 72
2726 232
2727 35
2728 192
2729 183
2730 80
2731 177
2732 97
2733 192
2735 232
2737 75
2738 136
2739 19
2741 100
2742 156
2743 120
2744 248
2745 78
2747 186
2748 208
2749 0
2750 199
2751 151
2752 191
2753 146
2754 6
2756 8
2757 178
2758 39
2759 189
2760 131
2761 101
2762 245
2763 2
2764 32
2765 5
2766 42
2767 216
2768 158
2770 99
2773 35
2774 184
2776 86
2777 219
2778 8
2779 47
2780 60
2781 119
2782 12
2784 209
2785 49
2786 93
2787 168
2788 147
2789 247
2790 175
2791 53
2792 123
2793 155
2794 219
2795 174
2796 83
2797 110
2798 108
2799 168
2800 58
2801 242
2802 135
2804 92
2805 240
2806 175
2807 8
2808 60
2809 19
2810 169
2811 87
2812 94
2814 192
2815 39
2816 155
2817 187
2818 92
2820 147
2822 138
2823 174
2824 78
2825 226
2826 191
2827 141
2828 118
2829 37
2830 25
2831 158
2832 40
2833 77
2834 131
2835 49
2836 32
2837 165
2838 101
2839 18
2840 199
2841 65
2842 2
2843 94
2844 187
2845 192
2846 247
2847 151
2848 83
2849 129
2851 151
2852 217
2853 16
2854 134
2855 219
2856 123
2857 158
2858 171
2859 90
2861 238
2862 59
2863 119
2864 133
2865 75
2866 25
2867 182
2868 161
2869 141
2870 133
2871 122
2872 12
2873 66
2874 196
2875 62
2876 184
2877 83
2878 196
2879 158
2880 43
2881 135
2882 244
2883 30
2884 141
2885 31
2886 159
2887 138
2888 55
2891 169
2892 146
2893 97
2894 75
2895 118
2896 156
2897 8
2898 16
2899 135
2900 84
2901 209
2903 33
2904 3
2905 60
2906 85
2907 169
2909 182
2910 75
2911 60
2912 13
2913 132
2914 83
2915 65
2917 46
2919 101
2920 45
2921 80
2922 141
2923 217
2924 187
2925 107
2926 211
2927 182
2928 161
2929 37
2930 125
2931 35
2932 114
2933 72
2934 239
2935 226
2936 205
2937 239
2938 129
2939 209
2940 49
2941 40
2942 42
2943 29
2944 2
2945 158
2946 181
2947 18
2948 78
2949 3
2950 87
2951 38
2952 182
2953 75
2954 40
2955 178
2956 3
2957 211
2958 55
2959 244
2960 12
2961 1
2962 138
2963 220
2964 76
2965 220
2966 49
2967 189
2968 161
2969 219
2970 141
2971 49
2972 16
2973 32
2974 100
2975 78
2976 171
2977 92
2978 197
2979 114
2980 236
2982 85
2983 127
2984 129
2985 77
2986 87
2987 227
2988 135
2989 1
2990 7
2991 210
2992 62
2994 155
2995 165
2996 118
2997 209
3000 2
3001 151
3002 163
3003 126
3004 12
3005 108
3006 181
3007 5
3008 107
3009 32
3011 12
3012 62
3013 145
3014 92
3015 199
3016 132
3017 108
3018 196
3019 209
3020 142
3021 155
3022 26
3023 147
3024 239
3025 133
3026 114
3027 101
3028 217
3029 96
3031 92
3034 97
3035 62
3036 151
3037 206
3038 126
3039 233
3040 40
3041 102
3042 218
3043 18
3044 12
3045 118
3046 135
3047 206
3048 118
3049 156
3050 25
3051 219
3052 2
3053 205
3054 86
3056 191
3057 239
3058 60
3059 194
3060 118
3061 57
3062 78
3063 153
3064 191
3066 62
3067 245
3068 151
3069 59
3070 151
3071 118
3072 8
3074 83
3075 90
3076 110
3077 22
3078 67
3079 59
3080 194
3081 233
3082 187
3083 147
3084 125
3085 31
3086 54
3087 167
3088 155
3089 205
3090 32
3091 196
3092 90
3093 169
3094 12
3095 35
3096 8
3097 167
3098 63
3101 156
3102 34
3103 134
3104 90
3105 188
3106 144
3109 180
3110 135
3111 62
3112 98
3113 0
3114 40
3115 206
3116 217
3117 175
3118 242
3119 189
3120 69
3121 109
3122 45
3123 62
3124 57
3126 90
3127 129
3130 171
3131 108
3132 59
3133 141
3134 153
3137 75
3138 108
3140 177
3141 206
3142 209
3143 219
3144 101
3145 245
3146 137
3147 169
3150 102
3151 191
3152 45
3153 104
3154 114
3155 69
3156 189
3158 31
3159 83
3160 77
3162 112
3163 130
3165 85
3166 31
3167 236
3168 36
3169 83
3171 96
3173 175
3174 135
3176 53
3177 54
3178 75
3179 69
3180 60
3181 49
3182 25
3183 178
3184 12
3185 158
3186 176
3187 12
3188 144
3189 27
3190 72
3191 6
3192 81
3193 72
3194 85
3195 33
3196 171
3197 235
3198 70
3201 97
3202 52
3203 209
3204 238
3207 77
3208 167
3212 82
3213 20
3214 189
3215 59
3216 171
3217 38
3218 187
3219 238
3220 206
3221 247
3222 54
3223 18
3224 233
3225 38
3226 12
3227 145
3229 2
3230 158
3231 192
3232 158
3233 90
3234 98
3235 236
3236 158
3237 92
3238 234
3240 45
3241 158
3242 108
3243 154
3244 46
3245 223
3246 155
3247 64
3248 182
3250 18
3253 126
3254 169
3255 75
3256 135
3257 113
3258 132
3259 174
3260 209
3261 192
3262 167
3263 87
3264 175
3265 80
3266 114
3268 53
3269 247
3270 7
3271 158
3272 146
3273 85
3274 63
3275 175
3276 88
3277 53
3278 175
3279 114
3280 181
3281 231
3282 107
3283 37
3284 135
3285 175
3286 131
3287 123
3288 233
3289 143
3290 85
3291 247
3292 67
3293 3
3294 17
3295 201
3296 33
3297 50
3298 184
3300 75
3301 63
3302 60
3304 174
3306 174
3307 8
3308 39
3309 146
3310 110
3312 70
3314 10
3315 226
3316 60
3317 12
3318 125
3320 59
3321 60
3322 243
3324 244
3325 238
3326 175
3327 107
3328 192
3329 82
3331 119
3332 59
3333 60
3335 188
3336 17
3337 183
3338 75
3339 223
3340 101
3341 169
3342 146
3343 131
3344 108
3345 93
3346 77
3347 118
3348 209
3349 77
3350 188
3351 34
3352 161
3353 32
3354 178
3355 187
3356 205
3357 100
3359 158
3360 134
3362 80
3363 189
3367 35
3368 212
3369 188
3370 90
3371 182
3373 172
3374 131
3375 77
3376 208
3377 223
3379 2
3380 135
3382 77
3383 206
3384 208
3385 243
3386 60
3387 101
3388 42
3389 161
3390 59
3391 39
3392 35
3393 53
3394 206
3396 40
3397 49
3399 80
3400 59
3401 158
3402 92
3403 107
3404 49
3405 20
3406 69
3407 174
3408 209
3409 248
3410 40
3411 75
3412 232
3413 83
3414 196
3415 124
3416 118
3417 20
3418 62
3420 247
3421 122
3422 155
3423 69
3424 186
3425 199
3426 107
3427 209
3428 33
3430 46
3431 108
3432 174
3433 187
3434 31
3435 76
3436 108
3437 59
3438 59
3439 2
3440 19
3442 78
3443 2
3444 187
3445 182
3447 33
3448 79
3449 126
3450 77
3451 110
3452 159
3453 206
3454 0
3455 37
3456 121
3457 177
3458 7
3459 28
3460 113
3461 141
3462 37
3463 78
3464 208
3465 59
3466 138
3467 92
3468 209
3470 158
3471 3
3472 50
3473 69
3474 69
3475 175
3476 233
3477 123
3478 135
3480 28
3481 188
3482 192
3483 138
3484 184
3485 46
3486 219
3487 71
3490 69
3491 168
3493 97
3494 194
3495 155
3496 169
3497 49
3498 234
3499 69
3500 189
3501 55
3502 53
3503 135
3504 12
3506 227
3507 43
3508 59
3509 220
3510 104
3511 60
3512 18
3513 80
3514 35
3515 182
3516 60
3517 146
3518 182
3519 167
3520 209
3521 151
3523 40
3525 140
3526 158
3527 118
3528 189
3529 79
3531 117
3532 25
3533 176
3534 87
3535 219
3536 31
3537 37
3538 245
3539 187
3540 125
3541 208
3542 244
3543 1
3544 129
3545 2
3546 69
3548 101
3549 199
3550 146
3551 167
3552 232
3553 117
3554 32
3555 220
3556 118
3557 11
3558 7
3559 211
3560 97
3561 5
3562 5
3563 2
3564 169
3565 59
3566 31
3567 199
3568 87
3569 109
3571 35
3572 83
3574 59
3575 219
3576 108
3579 223
3582 185
3583 114
3584 37
3586 30
3588 0
3589 158
3590 135
3591 169
3592 118
3593 211
3594 151
3595 169
3596 79
3598 101
3599 33
3600 35
3602 39
3604 232
3605 174
3606 49
3610 0
3611 209
3612 189
3613 25
3615 3
3616 247
3617 70
3618 57
3619 59
3622 249
3623 151
3624 28
3625 2
3626 161
3627 75
3630 56
3631 12
3632 118
3633 174
3634 40
3635 194
3637 242
3638 28
3639 194
3640 182
3642 117
3643 2
3644 167
3645 182
3646 43
3647 217
3648 35
3649 129
3650 146
3651 31
3652 35
3653 211
3655 61
3656 198
3657 167
3658 31
3659 167
3660 100
3661 239
3662 63
3663 81
3664 6
3665 137
3666 184
3667 59
3668 120
3669 71
3672 5
3673 31
3675 72
3677 209
3678 247
3679 211
3681 188
3683 248
3684 209
3685 234
3686 107
3687 174
3688 34
3689 122
3690 96
3691 90
3692 209
3693 175
3694 158
3695 123
3696 161
3697 169
3698 31
3699 182
3700 31
3701 142
3702 171
3704 129
3705 215
3706 189
3707 0
3708 247
3709 209
3712 60
3713 96
3714 4
3715 102
3716 231
3717 59
3718 92
3719 215
3720 233
3721 186
3722 96
3723 2
3724 174
3725 174
3726 158
3727 112
3728 87
3729 11
3730 7
3732 77
3733 209
3735 18
3736 178
3737 124
3738 238
3739 35
3740 199
3741 220
3743 12
3744 242
3745 126
3747 76
3748 224
3749 7
3750 7
3752 12
3753 174
3754 40
3755 108
3756 174
3757 83
3758 2
3759 220
3761 25
3762 245
3763 108
3764 76
3765 149
3766 108
3767 205
3768 59
3770 60
3771 63
3772 40
3774 35
3776 138
3777 77
3778 53
3779 25
3781 187
3783 205
3785 182
3786 2
3787 47
3788 62
3790 140
3791 97
3792 40
3793 12
3795 95
3796 40
3797 131
3798 177
3799 78
3800 127
3801 158
3802 94
3803 248
3804 16
3805 59
3806 49
3807 182
3808 77
3810 174
3812 124
3813 80
3814 191
3815 141
3816 97
3817 7
3818 0
3819 35
3820 241
3821 216
3822 101
3824 20
3825 33
3826 60
3828 135
3830 2
3831 45
3832 135
3833 209
3834 85
3835 97
3836 211
3837 126
3838 205
3839 171
3840 234
3841 69
3843 59
3844 182
3845 77
3846 174
3848 118
3849 149
3850 47
3851 87
3852 3
3853 199
3855 145
3856 80
3858 187
3859 171
3861 233
3862 169
3863 182
3865 107
3866 65
3867 151
3868 143
3870 171
3871 0
3872 174
3873 2
3874 11
3875 155
3876 174
3877 141
3878 209
3879 61
3880 234
3881 75
3882 59
3883 245
3884 165
3885 169
3886 78
3887 181
3888 24
3889 101
3891 206
3892 151
3893 169
3894 118
3896 81
3897 10
3898 158
3899 234
3900 211
3901 97
3902 122
3903 234
3904 141
3905 46
3906 234
3907 49
3908 40
3909 0
3910 31
3911 72
3912 59
3913 12
3914 112
3915 97
3916 128
3917 12
3918 196
3919 182
3920 17
3921 106
3922 83
3924 245
3925 153
3926 161
3927 35
3928 19
3930 63
3931 180
3932 59
3933 189
3935 169
3936 177
3937 187
3938 156
3939 108
3940 35
3941 96
3942 12
3943 155
3945 232
3946 177
3947 59
3949 42
3950 126
3951 180
3953 199
3954 147
3955 0
3956 199
3957 33
3958 43
3959 69
3960 31
3961 59
3962 33
3963 78
3964 3
3965 2
3966 75
3967 158
3968 106
3970 77
3971 94
3972 122
3973 174
3976 5
3977 244
3978 33
3979 21
3980 223
3981 3
3982 82
3983 49
3985 12
3986 234
3987 37
3988 196
3989 107
3990 77
3991 167
3992 69
3993 2
3994 92
3995 40
3996 75
3997 156
3998 35
3999 54
4000 65
4001 175
4002 191
4003 209
4004 244
4006 209
4008 59
4009 80
4011 209
4012 124
4013 10
4014 140
4015 18
4016 203
4017 40
4018 38
4019 107
4020 158
4021 28
4022 160
4023 94
4024 161
4025 35
4026 40
4027 210
4028 35
4029 118
4030 112
4031 75
4032 169
4033 174
4034 33
4035 95
4036 199
4037 126
4038 118
4039 69
4040 18
4042 28
4043 85
4044 236
4045 133
4046 108
4047 56
4048 169
4049 199
4050 174
4051 59
4052 160
4054 83
4055 82
4056 59
4057 114
4059 110
4060 66
4061 244
4062 18
4063 75
4065 130
4066 49
4067 82
4068 87
4069 169
4070 77
4071 76
4072 80
4073 40
4074 238
4076 234
4078 13
4080 83
4081 35
4082 102
4083 115
4085 167
4086 220
4087 107
4088 87
4089 40
4090 63
4091 15
4092 102
4093 12
4094 235
4095 60
4096 232
4097 174
4099 59
4100 188
4101 108
4102 92
4103 107
4104 184
4105 171
4106 2
4107 45
4110 117
4111 209
4112 77
4113 41
4114 206
4115 174
4116 223
4117 104
4118 18
4119 83
4121 187
4122 244
4123 58
4124 187
4125 156
4126 83
4128 35
4129 5
4130 0
4132 194
4133 223
4135 129
4136 73
4137 145
4138 174
4139 40
4141 59
4142 59
4143 154
4145 209
4146 60
4147 191
4148 170
4149 40
4150 232
4151 54
4152 174
4153 69
4154 244
4155 61
4157 247
4158 83
4159 209
4160 77
4161 174
4162 144
4163 60
4164 108
4165 85
4166 25
4167 194
4169 203
4170 54
4171 206
4172 40
4173 75
4174 174
4175 141
4176 183
4177 184
4178 142
4179 131
4180 137
4181 182
4183 127
4184 189
4185 25
4186 18
4187 174
4188 114
4190 153
4191 49
4192 69
4193 219
4194 175
4195 107
4196 32
4197 19
4198 169
4199 188
4200 161
4201 5
4202 177
4203 97
4204 108
4208 69
4209 126
4210 232
4211 189
4212 234
4213 25
4214 114
4215 117
4216 126
4217 75
4218 19
4219 22
4221 171
4223 107
4224 40
4225 77
4226 177
4227 42
4228 211
4229 40
4230 237
4231 37
4232 108
4233 49
4234 13
4235 189
4236 108
4237 103
4238 108
4239 118
4240 69
4241 206
4242 78
4243 102
4244 189
4245 175
4246 75
4247 35
4248 80
4250 189
4251 174
4253 191
4254 247
4255 177
4256 145
4258 169
4259 28
4260 5
4261 161
4262 124
4263 59
4265 174
4266 174
4268 40
4269 175
4271 118
4273 184
4274 133
4275 117
4276 53
4277 10
4278 133
4279 5
4280 209
4281 92
4282 77
4283 97
4284 146
4285 196
4286 101
4287 8
4288 145
4289 205
4290 234
4291 43
4292 169
4293 59
4294 135
4295 12
4296 245
4297 118
4298 194
4299 169
4300 12
4301 84
4303 12
4304 167
4309 78
4310 138
4311 107
4312 79
4313 175
4315 169
4316 83
4317 182
4318 32
4321 108
4322 136
4323 12
4325 75
4326 15
4327 169
4328 138
4329 77
4330 209
4331 242
4332 101
4333 32
4334 40
4335 65
4336 150
4337 50
4338 158
4339 60
4340 138
4341 63
4342 32
4343 115
4344 83
4345 10
4347 59
4349 40
4350 187
4351 57
4355 110
4356 38
4357 169
4359 234
4360 15
4361 33
4362 33
4364 43
4365 5
4366 83
4367 35
4368 155
4370 184
4372 8
4373 69
4374 49
4377 210
4379 131
4380 2
4381 189
4382 213
4383 73
4384 78
4385 92
4386 102
4387 107
4388 247
4389 107
4390 126
4391 247
4392 172
4393 12
4394 234
4395 13
4396 128
4397 62
4398 40
4399 174
4400 60
4402 158
4403 59
4405 97
4406 40
4407 43
4408 118
4409 54
4410 100
4411 66
4412 110
4413 7
4415 25
4416 182
4417 130
4418 247
4419 174
4420 142
4421 101
4422 58
4424 59
4425 135
4428 209
4429 18
4430 60
4434 33
4435 167
4436 24
4437 209
4438 69
4439 138
4440 110
4442 63
4443 55
4444 104
4445 158
4446 187
4448 186
4449 95
4451 232
4453 184
4454 114
4455 192
4457 1
4459 12
4461 2
4462 248
4463 169
4465 90
4466 31
4467 67
4468 69
4470 59
4471 92
4472 60
4473 245
4475 87
4476 2
4477 33
4478 33
4479 211
4480 182
4481 13
4483 58
4485 124
4486 174
4487 80
4488 77
4489 151
4491 108
4492 174
4493 12
4494 118
4495 35
4497 138
4498 211
4499 33
4500 158
4502 84
4503 171
4506 138
4507 248
4508 249
4509 63
4510 187
4511 31
4512 3
4513 40
4514 156
4515 79
4516 211
4517 12
4518 185
4519 232
4520 100
4521 2
4522 107
4523 124
4524 209
4525 133
4526 80
4527 147
4528 90
4529 209
4530 184
4531 95
4532 180
4534 119
4536 158
4537 30
4538 209
4539 182
4540 82
4542 31
4543 69
4544 35
4546 158
4547 75
4548 11
4549 11
4550 46
4551 233
4552 219
4555 2
4556 35
4557 2
4558 72
4559 169
4560 119
4561 30
4562 119
4563 118
4564 187
4565 6
4566 69
4567 171
4568 83
4569 78
4570 184
4571 156
4573 39
4574 206
4575 35
4578 182
4579 85
4580 226
4582 189
4583 107
4584 59
4585 208
4586 59
4587 78
4588 97
4589 68
4590 49
4591 206
4592 171
4593 73
4595 47
4596 247
4597 232
4598 55
4600 174
4601 247
4602 209
4603 101
4604 71
4605 72
4606 59
4608 87
4609 247
4610 33
4611 126
4612 162
4613 188
4614 211
4616 87
4618 169
4619 40
4620 107
4621 158
4622 169
4623 118
4624 233
4625 3
4626 247
4627 184
4628 247
4630 238
4631 242
4632 39
4633 151
4635 61
4636 31
4637 209
4639 244
4640 20
4642 2
4643 226
4644 213
4645 175
4646 244
4647 61
4648 234
4649 97
4650 209
4651 69
4652 232
4653 35
4654 248
4655 33
4656 116
4657 118
4658 117
4659 107
4661 10
4662 147
4663 40
4664 209
4665 249
4667 73
4669 189
4670 141
4671 53
4672 158
4673 244
4674 169
4675 97
4677 174
4678 59
4680 57
4681 101
4682 60
4683 107
4684 226
4686 72
4687 11
4689 184
4690 23
4691 124
4692 87
4695 18
4696 162
4697 57
4698 238
4700 206
4701 186
4702 176
4704 138
4705 18
4706 18
4707 244
4708 174
4709 35
4710 223
4711 38
4712 72
4713 199
4714 90
4715 40
4716 3
4717 244
4718 78
4719 18
4720 244
4722 226
4723 135
4724 59
4725 43
4726 75
4727 118
4728 49
4729 85
4730 199
4731 209
4732 226
4733 77
4734 171
4735 90
4736 248
4737 59
4739 164
4740 101
4741 2
4742 182
4743 135
4744 135
4745 174
4747 40
4748 161
4749 129
4751 99
4752 10
4753 212
4754 151
4755 205
4756 97
4757 77
4758 155
4759 2
4760 234
4761 75
4762 12
4763 234
4764 30
4765 42
4766 90
4768 97
4770 244
4771 36
4772 108
4773 209
4774 186
4775 220
4777 169
4778 169
4779 59
4780 34
4781 206
4782 196
4783 60
4784 83
4785 138
4787 65
4788 175
4789 175
4790 79
4791 205
4792 42
4793 33
4794 247
4795 171
4796 77
4798 40
4799 135
4800 140
4802 126
4803 199
4804 101
4805 167
4806 169
4807 10
4808 92
4809 73
4811 96
4812 77
4814 232
4815 209
4816 2
4817 199
4818 123
4820 118
4821 220
4822 12
4823 184
4824 191
4827 59
4828 208
4829 226
4830 187
4831 247
4833 0
4834 90
4835 176
4836 117
4837 146
4838 169
4839 129
4840 174
4841 3
4842 40
4843 135
4844 151
4846 60
4847 77
4848 206
4850 193
4851 172
4852 108
4853 220
4854 138
4855 125
4856 208
4857 97
4858 55
4859 46
4860 65
4861 107
4862 233
4863 19
4865 12
4866 209
4867 2
4868 97
4869 13
4870 46
4871 189
4872 13
4874 100
4875 5
4878 133
4879 192
4881 169
4882 7
4884 211
4886 45
4887 192
4888 184
4889 224
4890 156
4891 40
4892 118
4894 10
4896 172
4897 118
4898 3
4899 108
4900 108
4901 25
4902 101
4904 73
4906 209
4908 134
4909 82
4910 59
4911 53
4912 147
4913 216
4916 75
4917 118
4918 10
4919 244
4920 209
4921 18
4922 39
4923 209
4924 169
4925 2
4926 249
4927 112
4929 219
4930 104
4931 177
4932 84
4933 12
4934 59
4935 209
4937 169
4938 90
4940 184
4941 10
4943 169
4944 244
4945 17
4946 110
4947 199
4950 209
4951 108
4952 50
4953 223
4954 199
4955 69
4956 174
4957 138
4959 132
4960 108
4961 108
4962 83
4963 104
4964 199
4965 77
4966 86
4968 112
4969 209
4970 69
4971 126
4972 180
4974 75
4975 72
4976 46
4977 77
4978 234
4979 19
4980 119
4982 53
4985 49
4986 206
4987 35
4988 5
4989 226
4990 77
4991 76
4992 0
4993 40
4994 83
4995 145
4997 0
4998 59
4999 206
