0 0
1 0
2 0
3 0
5 0
6 1
7 0
8 1
9 0
10 0
11 -1
12 0
13 -1
14 0
15 0
16 0
17 0
18 1
20 0
21 0
22 0
23 0
24 -1
25 0
26 2
27 0
28 0
29 0
30 -1
31 0
32 0
33 0
34 2
35 0
36 0
37 0
38 -1
39 0
40 0
41 3
42 1
43 1
44 -1
45 0
46 0
47 0
48 2
49 0
50 -1
51 -1
52 1
53 0
54 0
55 0
56 -1
57 -1
58 -1
59 0
60 0
62 0
63 0
64 0
65 2
66 0
67 0
68 4
69 2
70 -1
71 0
72 0
73 1
75 0
76 0
77 0
78 0
79 0
80 1
81 -1
83 -1
84 -1
85 0
86 0
87 0
88 0
90 1
91 -1
92 0
93 -1
94 0
95 -1
96 1
97 0
98 0
99 -1
101 0
102 -1
103 1
104 0
105 0
106 0
107 1
108 0
109 0
110 0
112 0
114 0
115 -1
116 0
117 -1
119 0
120 1
121 -1
122 3
123 0
124 0
125 0
126 0
127 4
128 0
129 -1
130 0
132 0
133 0
134 0
135 0
136 0
137 0
138 -1
139 -1
140 0
141 1
142 0
143 0
144 0
146 0
147 0
148 0
150 0
151 0
152 0
153 -1
154 -1
155 0
156 0
157 0
158 -1
159 -1
160 0
161 0
162 -1
163 1
164 0
165 0
166 -1
167 0
168 -1
169 1
170 2
171 2
172 0
173 -1
174 3
175 -1
176 0
177 0
178 0
179 0
180 1
181 -1
182 1
183 0
184 0
185 0
186 0
187 0
188 0
189 0
190 1
191 1
192 0
193 0
194 0
195 0
196 0
197 0
198 -1
199 1
200 0
201 -1
202 0
203 0
204 -1
206 0
207 -1
208 1
209 0
211 -1
212 2
213 0
214 0
215 0
216 -1
217 -1
218 -1
219 -1
220 2
221 0
222 -1
223 0
224 1
225 0
226 0
227 -1
228 0
229 0
230 0
231 0
232 1
233 2
234 3
235 2
236 2
237 0
238 0
239 0
240 0
241 0
242 0
243 0
244 0
245 1
246 0
247 0
248 0
249 0
250 0
251 0
252 1
254 0
255 1
256 2
257 0
258 1
259 1
260 0
261 0
262 0
263 1
264 0
265 -1
266 1
267 -1
268 0
269 0
270 0
271 0
272 -1
273 -1
274 0
275 0
277 0
278 0
279 0
280 -1
282 0
283 0
284 -1
285 1
286 -1
287 1
288 -1
289 0
290 0
291 0
292 0
293 0
294 0
295 2
296 0
297 0
298 0
299 1
300 1
301 0
302 0
303 0
304 -1
305 0
306 0
307 0
308 0
309 0
310 0
311 3
312 -1
313 0
314 0
315 0
316 0
317 0
318 0
319 1
320 0
321 0
322 0
323 -1
324 0
325 -1
326 0
327 0
328 0
329 -1
330 1
331 1
332 0
333 0
334 0
335 -1
337 0
338 0
339 0
340 0
341 0
342 -1
344 0
345 0
346 0
347 1
348 -1
349 0
350 0
351 1
352 3
353 1
354 2
356 0
357 -1
358 0
359 -1
360 0
361 0
362 0
363 -1
364 0
365 0
366 0
367 0
368 0
369 0
370 0
372 0
373 0
374 0
375 0
376 1
377 0
378 1
379 0
380 1
381 0
382 0
383 0
384 -1
385 1
386 0
387 2
388 0
389 -1
390 -1
391 0
392 0
393 2
394 -1
395 0
396 0
397 1
398 1
399 0
400 -1
401 -1
402 0
403 -1
404 0
405 0
406 0
407 0
408 -1
409 0
410 1
411 0
412 0
413 0
414 1
415 0
416 0
417 -1
418 0
419 1
420 0
421 0
422 0
423 0
424 0
425 0
426 -1
427 -1
428 0
429 0
430 -1
431 -1
432 0
433 0
434 -1
435 2
436 1
437 2
438 0
440 0
441 1
442 2
443 0
444 1
445 0
446 0
447 1
448 0
449 1
450 0
451 0
452 -1
453 -1
454 0
455 -1
457 0
458 1
459 -1
460 -1
461 0
462 0
463 0
464 1
465 0
466 0
467 0
468 0
469 2
470 -1
471 0
472 0
473 0
474 0
475 -1
476 2
477 0
478 0
479 2
480 -1
481 0
482 0
483 -1
484 0
485 0
486 0
487 -1
489 0
490 0
491 0
492 0
493 2
494 0
495 -1
496 1
497 0
498 1
499 0
501 -1
502 0
503 0
506 0
509 -1
510 0
511 0
512 0
513 0
516 -1
518 0
519 0
520 0
521 0
522 0
523 0
524 0
525 0
527 0
528 0
529 0
530 0
531 2
532 0
533 -1
534 1
535 0
536 0
537 -1
539 0
540 0
541 0
542 0
543 0
544 0
545 0
546 1
547 -1
549 0
550 0
551 0
552 0
553 1
554 0
555 0
556 0
557 3
558 2
559 -1
560 0
562 -1
563 0
564 0
566 2
567 0
568 -1
569 0
570 0
571 1
572 -1
573 2
574 1
575 -1
576 0
577 0
578 1
579 0
580 0
581 0
582 0
583 -1
584 0
585 0
586 0
587 1
588 0
589 2
590 1
592 0
594 0
595 0
596 -1
597 2
598 0
599 0
600 0
601 0
602 1
604 0
605 -1
606 0
607 0
608 0
609 0
610 0
611 0
612 -1
613 0
614 0
615 0
616 0
617 0
618 0
619 0
620 4
621 -1
622 1
623 1
624 0
625 0
626 0
627 -1
628 2
629 1
630 0
631 -1
632 1
633 0
634 -1
635 0
636 1
637 0
638 0
639 1
640 -1
641 0
642 0
643 0
644 -1
645 2
646 0
647 0
648 0
651 2
652 -1
653 2
654 0
655 -1
656 -1
657 0
658 0
659 0
660 0
661 0
662 0
663 0
664 -1
665 0
666 0
667 0
668 0
670 0
671 0
672 0
673 0
674 0
675 0
676 0
678 1
679 0
680 0
681 -1
682 0
683 2
684 0
685 2
686 1
687 0
688 0
689 0
690 0
691 1
692 0
693 0
694 2
695 1
696 1
697 0
698 2
699 -1
701 0
702 0
703 0
704 3
705 0
706 0
707 0
708 0
709 0
710 0
711 0
712 0
713 -1
714 -1
716 0
717 0
718 0
719 3
720 0
722 0
723 0
724 -1
725 1
726 1
727 0
728 -1
729 0
730 0
731 0
732 0
733 0
734 0
735 0
736 0
737 0
738 -1
739 0
740 -1
741 1
742 -1
743 0
744 0
745 0
746 0
747 0
748 0
749 0
751 0
752 -1
753 -1
754 0
755 0
756 0
757 1
758 0
760 0
761 0
762 -1
763 2
764 0
765 0
766 0
767 0
768 0
769 1
770 0
771 0
772 0
773 1
774 1
775 0
776 -1
777 0
778 2
779 0
780 -1
781 0
782 0
783 0
784 0
785 0
787 3
788 1
789 2
790 0
791 0
793 -1
794 2
795 2
796 0
797 1
798 1
799 1
800 0
801 -1
802 2
803 -1
804 0
805 0
806 0
807 1
808 0
809 1
810 0
811 -1
812 0
813 -1
814 0
815 0
817 0
818 -1
819 -1
820 -1
821 -1
822 -1
823 1
824 1
826 0
827 -1
828 0
829 -1
830 1
831 0
832 -1
833 0
834 -1
835 1
836 0
837 0
838 0
839 2
840 2
841 1
843 -1
846 -1
847 0
848 0
849 1
850 0
852 0
853 0
855 -1
856 1
857 0
858 0
859 0
860 -1
861 0
862 0
863 0
864 0
865 0
866 0
867 2
868 -1
869 0
871 0
872 0
873 0
874 -1
875 0
876 0
877 0
878 -1
879 0
881 0
882 1
883 0
884 0
885 0
888 1
889 1
890 0
891 0
892 0
893 0
894 0
895 0
896 -1
897 1
898 0
899 0
900 1
901 -1
902 0
903 0
904 0
905 0
906 -1
907 0
909 -1
910 0
911 2
912 1
913 1
914 0
915 1
916 0
917 1
918 0
919 0
920 0
921 0
922 0
923 0
924 0
925 0
926 0
927 0
928 1
929 0
930 0
931 0
932 0
933 0
934 0
936 -1
937 2
938 0
939 2
940 0
941 0
942 0
943 0
944 0
946 2
947 0
948 0
949 0
950 4
951 2
953 0
954 0
955 1
956 0
957 0
958 -1
959 1
960 0
961 0
962 0
963 0
964 0
965 1
967 1
968 0
969 0
970 0
971 -1
972 1
973 0
974 0
975 2
977 0
978 2
979 0
980 0
981 0
982 0
983 0
984 0
985 0
987 0
988 0
989 1
990 0
991 1
992 0
993 0
994 -1
995 0
996 0
998 0
999 0
1000 0
1001 0
1002 0
1003 0
1004 0
1005 -1
1006 0
1008 3
1009 0
1010 0
1011 0
1013 0
1014 -1
1015 0
1016 0
1017 0
1019 0
1020 0
1021 0
1022 1
1023 0
1024 0
1025 -1
1027 0
1028 1
1029 0
1030 0
1031 0
1032 -1
1034 0
1035 0
1036 0
1037 -1
1038 -1
1040 0
1042 0
1044 1
1045 0
1046 0
1047 0
1048 0
1049 0
1050 0
1052 0
1053 0
1054 0
1055 1
1057 0
1058 0
1059 0
1060 0
1061 -1
1062 0
1063 0
1064 0
1065 0
1066 2
1067 1
1068 0
1069 1
1070 0
1071 0
1072 0
1074 0
1075 -1
1076 0
1077 0
1078 0
1079 0
1080 0
1081 0
1082 -1
1083 0
1084 -1
1085 2
1086 2
1087 -1
1088 2
1089 0
1090 0
1091 0
1092 2
1093 1
1094 0
1095 -1
1097 0
1098 -1
1099 0
1100 0
1101 -1
1103 1
1104 0
1105 0
1106 0
1107 0
1108 -1
1109 2
1110 0
1111 0
1112 0
1113 0
1114 0
1115 0
1116 -1
1117 1
1118 0
1119 0
1120 0
1121 0
1122 0
1123 1
1124 0
1125 0
1126 -1
1127 0
1128 -1
1129 0
1130 0
1131 0
1132 0
1133 1
1134 0
1135 0
1137 1
1139 0
1140 -1
1141 0
1142 0
1143 -1
1144 -1
1145 0
1146 -1
1147 0
1148 -1
1149 0
1150 0
1151 0
1154 0
1155 0
1158 0
1159 0
1160 -1
1161 2
1162 0
1163 0
1165 0
1166 0
1167 4
1168 -1
1169 0
1170 -1
1171 0
1172 0
1173 0
1174 1
1177 -1
1178 0
1179 0
1180 0
1181 1
1182 3
1183 1
1184 0
1185 0
1186 0
1187 -1
1188 0
1189 -1
1190 0
1191 1
1192 0
1193 0
1194 0
1195 0
1196 0
1197 2
1198 1
1199 1
1200 0
1201 1
1203 0
1205 0
1206 0
1207 1
1209 0
1210 0
1211 -1
1212 0
1213 0
1214 1
1215 0
1216 0
1217 1
1218 0
1219 0
1220 0
1221 0
1222 0
1223 0
1225 1
1226 0
1227 -1
1228 0
1229 0
1230 1
1232 0
1234 0
1235 0
1237 0
1238 -1
1239 0
1240 0
1241 0
1242 2
1243 0
1245 0
1246 2
1247 0
1248 0
1249 0
1250 0
1251 0
1252 0
1253 0
1255 0
1256 -1
1257 0
1258 -1
1259 0
1260 0
1261 0
1262 1
1263 0
1265 0
1266 2
1267 0
1269 0
1270 0
1271 0
1272 -1
1273 1
1274 0
1275 0
1277 -1
1278 1
1279 0
1281 1
1283 0
1284 0
1285 0
1286 0
1289 0
1290 0
1291 -1
1292 0
1293 0
1294 0
1295 0
1296 0
1297 -1
1298 0
1299 0
1300 2
1301 2
1302 2
1303 0
1305 0
1306 -1
1307 -1
1308 0
1310 0
1311 1
1313 1
1314 0
1315 1
1316 0
1317 2
1319 0
1320 -1
1321 2
1323 0
1324 1
1325 1
1326 0
1327 1
1328 0
1329 0
1330 0
1332 2
1333 0
1334 1
1335 0
1336 0
1337 0
1339 0
1340 1
1341 0
1343 0
1344 0
1345 1
1346 0
1347 0
1348 0
1349 0
1350 -1
1351 -1
1352 0
1353 2
1354 0
1355 0
1357 0
1358 0
1359 0
1360 -1
1361 0
1362 2
1363 0
1364 0
1365 2
1366 0
1367 0
1368 0
1369 -1
1370 0
1372 0
1373 1
1374 0
1375 0
1376 0
1377 0
1378 0
1380 0
1381 0
1382 0
1384 1
1385 0
1387 0
1388 0
1389 1
1391 -1
1392 -1
1393 0
1394 0
1395 3
1396 0
1397 1
1399 2
1400 1
1401 2
1402 0
1403 2
1404 0
1405 0
1406 0
1407 1
1408 2
1410 0
1411 1
1412 0
1413 0
1414 0
1415 -1
1416 0
1417 -1
1418 0
1419 0
1420 -1
1421 0
1422 0
1423 0
1425 0
1426 -1
1427 0
1429 3
1431 1
1432 1
1433 0
1434 0
1436 0
1438 0
1439 0
1440 1
1441 0
1442 0
1443 0
1444 0
1445 0
1446 0
1447 0
1448 0
1449 0
1450 0
1451 0
1452 1
1453 2
1454 1
1455 0
1456 -1
1457 0
1459 0
1460 -1
1461 2
1462 0
1463 2
1464 0
1465 -1
1466 -1
1467 0
1468 0
1469 0
1470 2
1471 0
1472 1
1473 -1
1474 1
1475 -1
1476 0
1479 0
1480 0
1481 0
1482 1
1483 2
1484 1
1486 0
1487 0
1490 0
1491 1
1492 0
1493 1
1494 3
1495 0
1496 -1
1497 0
1498 0
1499 1
1500 0
1501 3
1502 0
1503 0
1504 1
1506 0
1507 0
1508 0
1509 0
1510 -1
1512 0
1514 0
1515 0
1517 0
1518 0
1520 0
1521 -1
1522 0
1523 2
1524 0
1525 1
1526 1
1527 0
1528 0
1529 0
1530 0
1531 2
1532 2
1534 0
1535 0
1536 0
1537 0
1538 1
1540 1
1541 2
1542 0
1543 1
1544 1
1545 0
1546 -1
1547 0
1549 0
1551 2
1552 0
1553 1
1554 0
1555 0
1556 0
1557 0
1558 0
1560 0
1563 0
1565 1
1566 0
1567 0
1568 0
1570 0
1571 3
1572 1
1573 0
1574 0
1575 0
1576 0
1577 0
1578 1
1579 0
1581 0
1582 0
1583 2
1584 3
1585 0
1586 2
1587 0
1588 0
1589 1
1590 0
1591 0
1593 0
1595 1
1597 2
1599 0
1601 0
1602 0
1603 0
1604 0
1605 0
1607 1
1609 0
1610 0
1611 0
1613 0
1614 -1
1615 0
1616 0
1617 0
1618 0
1619 0
1621 0
1623 0
1625 2
1626 0
1627 2
1628 0
1629 0
1630 1
1631 0
1632 -1
1633 0
1635 0
1636 0
1637 0
1639 1
1640 0
1643 0
1644 0
1645 0
1646 0
1647 3
1648 0
1650 0
1651 0
1652 1
1653 -1
1654 0
1655 0
1656 1
1657 0
1658 0
1659 0
1660 1
1661 2
1662 0
1663 0
1664 -1
1665 0
1666 -1
1667 0
1668 0
1669 0
1670 0
1671 2
1674 0
1676 2
1677 0
1678 2
1679 0
1681 0
1682 0
1684 0
1685 0
1686 -1
1687 0
1688 0
1689 2
1691 1
1692 0
1694 0
1695 1
1696 0
1697 -1
1698 0
1699 1
1701 0
1702 0
1703 0
1704 0
1705 0
1706 -1
1707 0
1708 0
1709 1
1712 0
1713 0
1715 2
1716 0
1718 0
1719 0
1720 0
1721 0
1722 0
1723 1
1724 2
1725 2
1726 1
1727 -1
1728 0
1730 0
1732 0
1733 1
1734 1
1735 0
1736 0
1737 1
1738 0
1739 0
1740 0
1741 0
1742 1
1743 0
1745 3
1747 0
1748 1
1749 0
1750 2
1751 0
1752 0
1753 1
1754 2
1755 1
1756 0
1757 0
1758 0
1759 0
1761 0
1762 3
1764 0
1765 0
1766 0
1767 0
1768 0
1769 0
1771 0
1772 0
1774 0
1775 0
1776 1
1777 0
1778 -1
1779 0
1780 0
1781 0
1782 0
1783 0
1784 -1
1785 1
1786 0
1788 2
1789 -1
1790 0
1791 0
1792 0
1793 2
1794 2
1795 0
1796 0
1797 0
1799 -1
1801 1
1802 -1
1804 0
1805 -1
1806 0
1807 1
1808 -1
1809 3
1810 2
1811 0
1813 1
1815 3
1816 0
1817 0
1818 2
1819 1
1820 0
1821 1
1822 0
1824 0
1825 2
1826 0
1827 2
1829 0
1830 -1
1831 1
1832 1
1833 0
1834 0
1837 0
1839 2
1840 0
1841 1
1842 0
1843 0
1845 2
1846 0
1847 0
1848 0
1849 0
1850 2
1851 -1
1853 0
1854 0
1855 0
1857 0
1858 2
1860 0
1861 0
1863 0
1864 0
1865 0
1866 1
1867 0
1868 0
1869 0
1870 3
1871 0
1873 0
1874 0
1875 0
1876 0
1877 0
1878 0
1879 1
1880 2
1881 0
1882 -1
1883 0
1884 -1
1885 2
1887 0
1888 3
1889 0
1890 1
1891 0
1894 -1
1895 2
1896 1
1897 1
1899 0
1900 0
1902 0
1903 2
1904 0
1906 0
1907 0
1908 1
1909 -1
1910 1
1911 0
1912 0
1913 -1
1914 0
1915 0
1916 0
1917 0
1918 3
1919 0
1920 -1
1921 0
1923 1
1924 2
1925 0
1926 0
1927 1
1928 0
1929 1
1931 0
1933 0
1934 0
1935 -1
1936 0
1938 0
1939 1
1940 0
1941 1
1942 0
1943 1
1944 2
1945 3
1947 0
1948 0
1949 0
1950 0
1951 3
1952 0
1953 -1
1954 0
1955 1
1957 -1
1959 1
1962 0
1964 0
1965 2
1966 0
1967 0
1968 0
1969 0
1970 0
1971 1
1972 0
1973 0
1974 1
1976 0
1977 1
1978 0
1979 2
1980 1
1982 0
1983 0
1985 0
1986 1
1987 0
1991 0
1992 1
1993 0
1994 -1
1995 -1
1997 0
1998 -1
2000 0
2001 0
2003 0
2006 0
2008 1
2009 0
2010 0
2011 2
2012 0
2013 0
2014 2
2015 2
2016 0
2017 3
2018 0
2019 -1
2020 0
2021 1
2022 0
2024 0
2025 0
2026 0
2027 -1
2028 0
2029 0
2031 0
2032 0
2033 0
2034 -1
2035 0
2036 0
2037 2
2038 2
2039 0
2040 0
2041 1
2042 -1
2043 0
2044 0
2045 1
2046 0
2047 0
2049 1
2050 0
2051 2
2053 0
2054 0
2055 0
2056 0
2057 -1
2058 0
2059 0
2061 0
2062 0
2063 0
2064 2
2065 0
2067 0
2068 0
2069 0
2070 0
2071 0
2072 0
2073 0
2075 0
2076 0
2077 0
2079 0
2080 1
2081 0
2082 1
2083 0
2084 1
2085 0
2086 0
2088 0
2089 1
2090 2
2091 0
2092 0
2093 -1
2094 0
2096 1
2097 3
2099 0
2100 2
2101 1
2104 2
2105 1
2107 0
2108 0
2109 0
2110 1
2111 1
2113 1
2114 3
2115 0
2116 0
2117 0
2118 0
2119 0
2121 1
2122 2
2123 -1
2124 2
2125 0
2126 0
2127 0
2128 2
2129 0
2130 0
2131 0
2132 0
2133 0
2135 2
2136 2
2137 2
2138 0
2139 0
2140 2
2141 1
2142 -1
2143 0
2144 0
2145 0
2147 0
2148 0
2149 1
2150 1
2151 2
2152 1
2153 0
2154 -1
2155 0
2156 1
2157 -1
2158 -1
2159 1
2160 2
2161 0
2162 2
2163 0
2164 1
2167 2
2168 0
2170 0
2171 0
2172 0
2174 1
2175 0
2176 0
2177 0
2178 1
2181 0
2182 0
2183 3
2184 -1
2185 0
2187 0
2188 0
2189 3
2190 0
2191 1
2192 0
2195 2
2196 0
2197 0
2198 0
2200 1
2201 0
2203 0
2204 1
2206 0
2208 3
2211 0
2213 0
2214 0
2215 0
2217 -1
2219 0
2220 1
2221 0
2222 1
2226 0
2227 0
2229 0
2230 -1
2232 1
2233 0
2234 2
2235 0
2236 -1
2238 0
2239 0
2240 1
2241 0
2242 0
2243 2
2244 0
2245 0
2246 0
2247 0
2248 0
2249 0
2253 0
2254 0
2257 1
2258 2
2259 1
2260 0
2261 0
2262 2
2263 2
2264 3
2265 2
2266 0
2267 0
2268 0
2269 1
2270 2
2272 0
2274 0
2275 1
2277 0
2279 0
2280 -1
2281 1
2282 2
2283 0
2284 0
2286 0
2287 0
2288 0
2289 1
2290 0
2292 0
2293 1
2294 0
2295 0
2296 0
2297 0
2299 -1
2300 2
2301 0
2302 0
2303 1
2304 0
2305 0
2306 1
2307 -1
2308 1
2309 1
2310 1
2311 2
2312 0
2313 -1
2314 0
2315 0
2316 0
2317 -1
2318 1
2319 -1
2321 0
2322 0
2323 0
2324 0
2325 0
2326 2
2327 1
2328 -1
2329 0
2331 0
2332 0
2333 0
2334 2
2335 1
2336 0
2337 0
2338 0
2339 0
2340 0
2341 1
2342 0
2343 0
2344 0
2346 1
2347 0
2348 0
2349 -1
2350 0
2351 1
2352 2
2353 0
2354 0
2355 1
2357 0
2358 1
2359 3
2361 0
2363 2
2364 1
2365 0
2366 0
2367 0
2369 1
2370 0
2371 1
2373 0
2374 1
2375 1
2376 0
2378 1
2379 1
2380 0
2381 -1
2382 0
2384 0
2385 0
2386 0
2387 1
2388 -1
2389 1
2390 1
2391 1
2392 0
2393 0
2394 1
2395 2
2397 1
2398 0
2399 -1
2401 0
2403 -1
2404 0
2405 0
2406 0
2407 0
2410 0
2412 1
2413 1
2414 2
2415 0
2416 0
2417 0
2418 -1
2420 0
2422 0
2425 0
2426 0
2427 0
2428 1
2430 0
2431 0
2432 1
2433 -1
2434 0
2435 -1
2436 0
2437 2
2438 0
2439 0
2440 1
2441 2
2442 0
2443 0
2444 0
2445 1
2446 0
2447 0
2448 2
2449 2
2450 0
2451 1
2452 0
2453 0
2454 -1
2455 1
2456 -1
2457 1
2458 0
2460 -1
2461 -1
2463 0
2464 0
2465 0
2467 1
2468 2
2469 0
2470 0
2471 0
2472 1
2473 0
2474 1
2475 0
2476 0
2477 0
2478 0
2479 2
2480 3
2482 -1
2483 1
2484 0
2485 1
2486 -1
2488 -1
2490 0
2491 0
2492 0
2494 2
2495 0
2497 0
2498 0
2500 0
2501 3
2503 0
2504 0
2505 1
2506 0
2507 1
2508 0
2509 -1
2511 3
2512 1
2513 1
2514 0
2515 0
2516 3
2517 0
2518 -1
2519 0
2520 0
2522 0
2524 0
2525 2
2526 0
2527 1
2528 2
2529 0
2531 1
2533 0
2534 0
2536 0
2537 0
2538 0
2540 0
2542 0
2543 0
2544 0
2545 0
2546 0
2547 1
2548 0
2549 1
2550 1
2551 1
2552 1
2553 2
2555 1
2556 0
2557 0
2558 -1
2559 0
2560 2
2561 0
2562 -1
2563 1
2564 0
2566 0
2567 0
2568 0
2569 0
2570 2
2571 0
2572 0
2574 -1
2576 0
2577 0
2578 0
2580 0
2582 -1
2584 0
2585 0
2586 -1
2587 0
2588 3
2589 0
2590 1
2591 0
2592 0
2593 0
2594 1
2596 2
2597 2
2598 -1
2599 0
2600 0
2602 3
2603 2
2604 1
2605 0
2606 2
2607 0
2608 0
2609 0
2610 -1
2612 0
2613 0
2614 0
2615 0
2616 0
2617 2
2618 0
2619 0
2621 0
2622 0
2623 1
2624 0
2625 0
2626 1
2627 0
2629 1
2630 0
2631 0
2632 0
2633 -1
2634 1
2635 0
2636 0
2637 0
2641 0
2642 1
2644 0
2645 1
2647 0
2648 1
2649 1
2650 0
2651 1
2652 1
2653 2
2654 -1
2655 1
2656 0
2657 0
2658 0
2660 0
2661 2
2664 0
2665 0
2666 0
2667 0
2668 0
2669 0
2670 2
2671 1
2672 1
2673 -1
2675 0
2676 0
2677 1
2678 2
2679 0
2680 0
2681 0
2682 0
2683 1
2684 2
2685 0
2686 1
2687 3
2688 0
2689 0
2690 0
2691 0
2692 0
2694 0
2695 0
2696 -1
2697 2
2698 0
2699 0
2700 3
2701 0
2702 3
2703 0
2705 0
2706 0
2709 0
2710 0
2711 2
2712 0
2713 0
2714 2
2716 1
2717 0
2718 1
2721 0
2722 0
2723 0
2726 0
2727 2
2728 0
2729 -1
2730 0
2731 0
2732 2
2733 1
2735 0
2737 3
2738 0
2739 1
2741 0
2742 0
2743 0
2744 2
2745 0
2747 -1
2748 1
2749 0
2751 3
2752 1
2753 1
2754 0
2756 0
2757 0
2758 0
2759 1
2760 0
2761 0
2762 0
2763 1
2764 1
2765 0
2766 0
2767 0
2768 0
2770 0
2776 0
2777 1
2778 0
2779 -1
2780 2
2781 3
2782 2
2784 2
2785 0
2786 -1
2787 0
2788 0
2789 2
2790 0
2791 0
2792 0
2793 0
2794 1
2795 0
2797 0
2799 0
2800 1
2801 0
2802 0
2804 1
2805 -1
2806 -1
2807 1
2808 0
2809 1
2811 0
2812 0
2814 0
2815 1
2816 2
2817 0
2818 0
2820 0
2822 0
2823 3
2824 1
2825 1
2826 0
2827 0
2828 0
2829 0
2830 2
2832 2
2834 3
2835 0
2836 0
2837 0
2838 2
2839 0
2841 0
2842 1
2843 0
2844 2
2845 1
2846 2
2847 0
2848 0
2849 0
2851 1
2852 1
2853 0
2854 1
2855 2
2856 0
2857 0
2858 2
2859 2
2861 0
2862 3
2863 3
2864 0
2866 0
2867 0
2868 0
2869 1
2870 1
2871 -1
2873 -1
2874 0
2875 0
2876 2
2877 2
2878 0
2879 2
2880 0
2881 0
2883 0
2884 3
2885 0
2886 -1
2887 1
2888 0
2891 2
2892 1
2893 0
2894 2
2895 0
2896 1
2898 0
2899 1
2900 0
2901 0
2903 1
2904 0
2905 0
2906 0
2907 0
2909 2
2910 1
2911 1
2912 0
2913 0
2914 2
2915 0
2917 2
2919 -1
2920 1
2921 0
2922 0
2923 0
2924 0
2925 1
2926 1
2927 3
2928 1
2929 -1
2930 -1
2931 0
2932 0
2934 0
2935 2
2936 2
2937 -1
2938 0
2940 1
2941 0
2942 2
2943 0
2946 0
2947 0
2948 3
2949 0
2950 1
2951 -1
2952 2
2955 0
2956 1
2957 1
2958 0
2960 0
2961 -1
2962 0
2964 -1
2965 0
2966 0
2967 1
2968 0
2969 1
2970 0
2971 1
2972 0
2973 0
2974 0
2975 0
2976 0
2977 0
2978 -1
2979 0
2980 0
2982 1
2983 0
2984 0
2986 0
2987 0
2988 0
2989 0
2990 0
2991 -1
2992 0
2994 0
2995 0
2996 0
2997 2
3001 0
3002 -1
3003 0
3004 0
3006 0
3007 0
3008 0
3009 1
3011 2
3012 0
3013 0
3014 1
3015 3
3016 0
3018 0
3020 0
3021 0
3022 -1
3023 0
3024 0
3025 0
3026 0
3027 1
3028 1
3029 -1
3031 1
3034 0
3035 0
3036 0
3037 1
3038 2
3039 0
3040 1
3041 0
3042 -1
3043 0
3044 1
3045 0
3046 0
3047 1
3048 0
3049 1
3050 0
3052 3
3053 1
3054 -1
3056 1
3057 0
3058 0
3059 0
3060 2
3061 -1
3063 0
3064 0
3066 0
3067 0
3068 -1
3069 2
3071 1
3072 0
3074 2
3075 -1
3076 2
3077 1
3078 -1
3080 0
3081 0
3082 1
3083 0
3084 0
3085 0
3086 0
3087 -1
3088 0
3089 1
3090 0
3091 1
3092 3
3093 0
3095 2
3096 1
3097 0
3098 0
3101 0
3102 0
3103 2
3104 0
3105 0
3106 0
3109 0
3110 1
3111 0
3112 -1
3113 2
3115 0
3116 0
3117 0
3118 -1
3119 0
3120 0
3121 1
3122 0
3123 0
3124 0
3126 1
3127 0
3130 0
3133 1
3134 0
3140 2
3141 1
3143 2
3144 1
3145 1
3146 0
3147 3
3150 0
3151 0
3152 1
3153 3
3154 0
3155 3
3156 0
3158 0
3159 2
3162 1
3163 0
3165 0
3166 0
3167 0
3168 0
3169 2
3171 0
3173 1
3174 0
3176 0
3177 2
3179 1
3180 2
3181 0
3182 0
3183 0
3184 0
3185 0
3186 0
3187 1
3188 -1
3189 -1
3191 -1
3192 0
3194 2
3195 1
3196 0
3197 0
3198 0
3201 2
3202 -1
3204 0
3208 0
3212 0
3213 0
3214 1
3216 0
3217 0
3218 0
3219 0
3220 2
3221 2
3222 1
3223 3
3224 0
3225 0
3226 1
3227 0
3230 0
3231 0
3233 0
3234 -1
3235 0
3236 2
3237 1
3240 0
3243 -1
3245 0
3246 0
3247 -1
3248 2
3250 2
3253 2
3254 1
3256 1
3257 0
3258 0
3259 3
3261 0
3262 0
3263 1
3264 0
3265 1
3266 0
3268 0
3269 1
3270 0
3271 0
3272 -1
3273 0
3274 0
3275 0
3276 1
3277 0
3278 0
3279 0
3280 0
3281 1
3282 0
3283 0
3284 0
3285 0
3286 1
3287 1
3288 0
3289 0
3290 -1
3291 1
3292 0
3293 1
3294 0
3295 0
3296 1
3297 0
3301 0
3302 2
3304 3
3306 0
3307 0
3308 1
3309 0
3310 2
3312 0
3314 2
3315 0
3316 2
3317 0
3318 0
3322 0
3325 0
3326 0
3327 0
3328 -1
3329 0
3331 2
3333 1
3335 0
3336 0
3337 0
3339 0
3340 1
3341 2
3342 0
3343 1
3345 -1
3347 1
3350 0
3351 0
3352 0
3353 0
3354 1
3355 1
3356 -1
3357 -1
3359 2
3360 3
3362 0
3363 0
3367 2
3368 -1
3369 0
3370 1
3371 2
3373 0
3374 0
3375 1
3376 0
3377 -1
3379 1
3380 0
3382 1
3383 2
3384 1
3385 -1
3386 2
3387 0
3388 0
3389 0
3391 0
3392 1
3393 0
3394 2
3396 3
3397 1
3399 0
3402 0
3403 0
3404 0
3405 -1
3406 2
3407 2
3409 1
3412 0
3413 2
3414 0
3415 0
3416 0
3417 0
3418 0
3420 2
3421 -1
3422 0
3423 2
3424 0
3426 1
3427 3
3428 0
3430 1
3432 0
3433 0
3434 1
3435 0
3439 2
3440 0
3442 0
3443 1
3444 1
3445 0
3447 1
3448 0
3449 0
3451 2
3452 0
3453 1
3454 2
3455 0
3456 0
3457 0
3458 0
3460 0
3461 2
3462 0
3464 0
3465 1
3466 1
3467 0
3470 2
3471 1
3472 0
3473 2
3474 2
3475 0
3476 1
3477 0
3478 0
3481 0
3482 1
3485 0
3486 2
3487 -1
3490 0
3491 0
3493 0
3494 0
3495 0
3496 1
3497 1
3499 2
3500 2
3501 1
3502 0
3503 0
3504 2
3506 0
3507 0
3509 2
3510 3
3511 2
3512 3
3513 0
3514 0
3515 2
3516 0
3517 0
3518 2
3519 2
3520 2
3521 1
3523 0
3525 0
3526 1
3527 0
3528 0
3529 0
3531 0
3532 0
3533 0
3534 2
3535 2
3536 0
3537 0
3538 0
3539 0
3540 0
3541 0
3543 0
3544 0
3545 0
3546 3
3548 0
3549 0
3550 1
3551 0
3552 1
3553 0
3554 0
3555 2
3556 2
3557 0
3558 0
3559 2
3560 2
3561 1
3562 0
3565 2
3566 0
3568 1
3569 0
3571 1
3572 2
3575 2
3579 0
3582 0
3583 0
3584 0
3586 -1
3588 2
3590 1
3591 0
3592 0
3593 3
3594 0
3596 0
3598 0
3600 0
3602 0
3604 0
3606 1
3610 0
3612 0
3613 1
3615 0
3616 0
3617 -1
3618 0
3622 0
3623 0
3624 1
3625 1
3626 0
3627 1
3630 -1
3633 0
3635 0
3637 -1
3638 1
3639 0
3640 0
3642 0
3643 3
3644 1
3645 0
3646 0
3647 1
3648 2
3649 0
3650 0
3651 0
3652 2
3653 2
3655 0
3656 -1
3657 0
3658 0
3659 2
3660 0
3661 1
3662 0
3663 0
3664 0
3665 0
3667 0
3668 0
3669 0
3672 0
3673 0
3675 0
3677 0
3679 0
3681 0
3683 0
3685 0
3686 0
3688 0
3689 0
3690 0
3691 0
3693 1
3695 0
3696 -1
3697 2
3698 0
3699 1
3700 0
3701 0
3702 0
3704 -1
3705 0
3706 0
3707 0
3712 2
3713 0
3714 -1
3715 1
3716 0
3717 2
3718 0
3719 0
3720 1
3721 2
3722 0
3725 0
3726 2
3727 0
3729 0
3730 0
3733 0
3735 0
3736 1
3737 1
3738 0
3739 -1
3741 0
3743 1
3744 0
3745 0
3747 0
3748 0
3749 0
3750 1
3752 0
3753 2
3755 1
3756 1
3757 1
3759 1
3761 0
3762 0
3764 0
3765 -1
3767 0
3770 1
3771 0
3772 3
3778 0
3779 -1
3781 0
3783 0
3785 1
3786 2
3787 0
3788 0
3790 0
3791 1
3795 0
3797 -1
3798 -1
3799 0
3800 -1
3802 0
3803 0
3804 0
3806 0
3807 0
3810 2
3812 1
3813 0
3814 0
3815 0
3816 0
3817 1
3818 3
3819 2
3820 0
3821 0
3822 1
3824 0
3825 0
3826 2
3828 0
3832 0
3833 0
3834 0
3835 2
3837 1
3838 2
3839 2
3841 0
3843 2
3844 2
3848 0
3849 -1
3850 0
3851 0
3852 0
3855 0
3856 1
3858 0
3859 -1
3861 1
3863 1
3865 1
3866 0
3867 0
3868 0
3870 1
3871 2
3874 0
3875 0
3876 0
3877 1
3878 2
3879 0
3881 1
3883 0
3884 1
3886 -1
3887 -1
3888 0
3889 0
3891 1
3892 0
3893 2
3894 1
3896 0
3901 0
3902 0
3904 0
3905 0
3907 0
3908 0
3909 1
3910 0
3912 0
3913 2
3914 0
3915 0
3916 -1
3918 0
3919 0
3920 -1
3921 -1
3922 1
3924 1
3925 0
3926 0
3927 0
3928 0
3930 0
3931 1
3932 1
3933 3
3935 2
3936 0
3937 2
3941 0
3942 0
3943 1
3945 0
3946 1
3947 2
3949 0
3950 2
3951 0
3954 0
3957 0
3958 0
3959 0
3960 0
3961 0
3962 0
3964 0
3965 0
3967 3
3968 0
3970 2
3971 0
3972 0
3976 0
3978 1
3979 -1
3980 0
3981 0
3982 0
3983 0
3985 0
3986 2
3987 -1
3988 0
3989 2
3990 2
3991 0
3992 2
3994 0
3997 0
3998 1
3999 2
4000 1
4001 0
4002 0
4003 0
4004 1
4006 0
4009 1
4011 1
4012 2
4013 0
4014 0
4015 2
4016 -1
4018 1
4019 2
4020 2
4021 0
4022 -1
4023 0
4024 0
4026 1
4027 -1
4028 1
4029 0
4030 0
4031 2
4032 1
4033 2
4034 1
4035 1
4038 2
4039 1
4040 2
4043 -1
4044 0
4045 0
4047 -1
4051 0
4052 0
4054 0
4055 0
4056 1
4057 1
4059 0
4060 -1
4063 1
4065 0
4066 0
4067 0
4068 0
4071 0
4072 0
4074 0
4076 1
4078 0
4080 0
4081 0
4082 1
4083 -1
4085 0
4086 2
4087 0
4088 0
4090 0
4091 0
4092 1
4093 0
4094 0
4095 1
4096 0
4097 0
4100 0
4103 0
4104 0
4105 1
4107 0
4110 0
4111 1
4113 -1
4114 1
4116 0
4117 2
4119 0
4121 0
4123 0
4124 0
4125 2
4126 0
4128 2
4129 0
4130 2
4132 0
4133 0
4135 0
4136 2
4137 0
4138 0
4143 0
4145 0
4147 -1
4148 0
4149 1
4150 2
4151 3
4153 0
4154 1
4155 0
4158 0
4159 1
4160 1
4161 1
4162 0
4163 1
4165 0
4166 0
4167 0
4169 0
4171 0
4173 3
4175 0
4176 0
4178 0
4179 1
4180 0
4181 1
4183 0
4185 0
4187 2
4188 0
4190 0
4191 0
4192 0
4193 1
4194 0
4195 -1
4196 1
4197 1
4198 2
4199 0
4200 0
4201 0
4202 0
4203 2
4208 1
4209 1
4210 1
4211 1
4213 0
4214 0
4215 0
4216 2
4218 0
4219 0
4221 0
4223 0
4224 2
4226 1
4227 0
4229 3
4230 0
4231 0
4233 1
4234 0
4235 0
4237 -1
4239 0
4240 2
4241 2
4242 0
4243 0
4244 0
4245 0
4246 2
4247 3
4248 2
4250 1
4251 3
4253 0
4255 0
4256 0
4258 0
4260 1
4261 0
4262 1
4265 2
4268 2
4269 0
4271 1
4274 0
4275 0
4276 0
4277 0
4278 1
4279 1
4281 0
4282 2
4283 1
4284 1
4285 -1
4286 0
4287 0
4288 0
4289 0
4291 1
4292 3
4294 1
4295 2
4296 0
4297 2
4298 0
4299 2
4301 -1
4303 1
4304 2
4309 0
4310 0
4311 1
4312 0
4313 0
4315 3
4316 2
4317 0
4318 0
4321 3
4322 -1
4323 1
4326 0
4327 0
4329 3
4330 0
4331 0
4332 1
4333 2
4335 0
4336 0
4337 0
4338 2
4339 3
4340 1
4341 0
4342 1
4343 0
4344 0
4345 1
4350 0
4351 1
4355 2
4356 -1
4357 3
4360 -1
4361 0
4362 0
4364 0
4365 0
4366 2
4367 0
4368 0
4370 2
4372 0
4373 -1
4374 0
4377 0
4379 0
4380 1
4382 0
4383 3
4385 0
4386 0
4387 2
4388 2
4389 1
4390 2
4391 1
4392 0
4393 1
4395 0
4396 -1
4397 0
4398 2
4400 2
4402 0
4405 1
4407 0
4409 2
4410 0
4411 -1
4412 3
4413 0
4415 0
4417 0
4418 2
4419 2
4420 -1
4421 0
4422 2
4424 -1
4425 0
4428 0
4429 2
4430 0
4434 0
4435 0
4436 -1
4437 0
4438 0
4439 0
4440 0
4442 0
4443 0
4445 0
4446 0
4448 2
4449 0
4451 1
4453 2
4454 0
4455 1
4457 -1
4459 0
4462 2
4463 1
4465 0
4466 2
4467 0
4468 2
4471 1
4472 0
4473 0
4475 0
4477 0
4478 2
4479 1
4480 1
4481 -1
4483 0
4485 0
4487 1
4488 2
4489 1
4492 1
4493 3
4494 0
4495 2
4497 0
4499 0
4502 0
4503 0
4506 0
4507 1
4508 0
4509 1
4510 0
4511 0
4512 2
4514 0
4515 0
4516 2
4518 0
4519 2
4520 0
4521 2
4522 0
4523 2
4525 1
4526 0
4527 0
4528 0
4531 -1
4532 0
4536 -1
4537 0
4538 2
4539 1
4540 -1
4542 1
4543 2
4544 1
4546 0
4548 0
4549 -1
4551 2
4552 2
4556 2
4557 3
4558 2
4560 3
4561 0
4562 0
4565 0
4566 2
4567 0
4568 0
4569 0
4571 2
4573 0
4574 1
4575 0
4579 1
4580 0
4582 1
4583 1
4584 0
4585 0
4587 2
4588 2
4589 -1
4590 1
4591 1
4592 -1
4595 0
4596 1
4597 1
4598 0
4600 0
4601 1
4603 0
4604 0
4605 1
4606 0
4608 0
4609 0
4610 1
4611 1
4612 -1
4613 -1
4616 1
4618 3
4624 0
4625 0
4626 2
4628 0
4630 0
4631 0
4632 0
4633 1
4635 0
4636 0
4637 3
4639 0
4640 0
4642 2
4643 0
4644 -1
4645 1
4647 0
4649 0
4652 0
4653 0
4654 3
4655 1
4656 -1
4657 0
4658 0
4659 2
4661 0
4662 0
4665 0
4667 2
4669 0
4670 1
4671 0
4672 1
4674 2
4675 1
4677 0
4680 0
4681 0
4682 0
4683 0
4684 2
4687 0
4690 0
4691 1
4692 0
4695 3
4696 -1
4697 -1
4698 1
4700 2
4701 1
4702 0
4704 0
4705 0
4708 2
4710 0
4711 0
4714 0
4715 0
4716 0
4717 0
4718 2
4719 2
4722 0
4723 1
4725 0
4726 2
4727 2
4728 0
4729 0
4731 1
4732 0
4733 1
4734 0
4735 1
4736 2
4739 -1
4740 0
4742 2
4743 0
4744 0
4747 0
4748 0
4749 0
4751 0
4752 2
4753 1
4755 0
4756 2
4757 1
4758 1
4762 2
4764 0
4765 0
4766 1
4768 2
4771 0
4773 3
4775 0
4777 2
4778 0
4780 -1
4781 0
4782 0
4783 3
4785 0
4787 0
4788 0
4789 0
4790 0
4791 1
4792 0
4793 0
4794 0
4795 1
4799 0
4800 -1
4802 0
4804 -1
4805 0
4807 2
4808 0
4809 3
4811 0
4814 0
4815 0
4818 0
4820 0
4821 2
4822 0
4824 0
4828 0
4829 0
4830 0
4831 2
4833 0
4834 1
4835 0
4836 0
4837 0
4838 3
4839 0
4840 2
4841 0
4842 0
4843 0
4844 0
4846 2
4848 2
4850 0
4851 0
4852 0
4853 0
4854 0
4855 -1
4856 0
4857 0
4858 2
4860 0
4861 0
4862 0
4863 -1
4865 0
4866 3
4868 1
4869 0
4870 0
4871 1
4872 0
4874 0
4875 0
4878 1
4879 1
4881 0
4882 0
4884 2
4886 0
4887 2
4888 2
4889 0
4890 0
4892 0
4894 2
4896 0
4897 1
4898 1
4900 1
4901 0
4902 0
4904 3
4906 1
4908 1
4909 0
4911 0
4912 -1
4913 0
4916 0
4917 2
4918 0
4920 1
4921 0
4922 0
4923 0
4924 3
4926 1
4927 0
4929 1
4930 1
4931 0
4932 0
4933 0
4934 0
4937 3
4938 0
4941 0
4943 3
4944 2
4945 -1
4946 1
4947 2
4951 1
4952 0
4953 -1
4955 0
4956 0
4957 1
4959 0
4962 2
4963 2
4966 -1
4968 1
4969 3
4970 1
4971 0
4972 0
4974 1
4975 2
4976 3
4979 0
4982 0
4985 1
4986 2
4987 0
4988 0
4989 1
4991 0
4992 0
4994 1
4995 0
4997 0
4998 2
4999 0
