0 148
1 63
2 85
3 3
5 63
6 212
7 153
8 0
9 147
10 166
11 110
12 107
13 65
14 55
15 107
16 7
17 63
18 154
20 65
21 77
22 153
23 125
24 185
25 10
26 246
27 212
28 240
29 127
30 141
31 77
32 156
33 117
34 208
35 77
36 56
37 83
38 123
39 37
40 218
42 182
43 149
44 167
45 55
46 102
47 3
48 40
49 130
50 27
51 89
52 164
53 242
54 249
55 163
56 238
57 30
58 194
59 183
60 192
62 5
63 249
64 135
65 36
66 115
67 155
68 123
69 142
70 78
71 200
72 127
73 163
75 18
76 129
77 47
78 187
79 32
80 151
81 110
83 239
84 118
85 21
86 221
87 148
88 126
90 151
91 55
92 249
93 82
94 54
95 31
96 227
97 233
98 35
99 119
101 175
102 71
103 112
104 56
105 35
106 126
107 73
108 119
109 77
110 15
112 122
114 18
115 162
116 129
117 162
119 242
120 227
121 186
122 208
123 56
124 138
125 39
126 47
127 56
128 32
129 217
130 112
132 20
133 109
134 11
135 50
136 22
137 145
138 35
139 6
140 129
141 112
142 106
143 146
144 232
146 129
147 179
148 146
150 18
151 57
152 96
153 49
154 171
155 236
156 83
157 231
158 239
159 131
160 9
161 39
162 82
163 3
164 221
165 55
166 175
167 166
168 175
169 164
170 246
171 74
172 57
173 179
174 8
175 43
176 207
177 248
178 56
179 117
180 64
181 162
182 111
183 37
184 183
185 80
186 11
187 207
188 227
189 26
190 111
191 69
192 132
193 193
194 165
195 111
196 162
197 37
198 194
199 244
200 191
201 162
202 1
203 247
204 214
206 80
207 156
208 159
209 63
211 130
212 142
213 113
214 190
215 201
216 209
217 91
218 84
219 110
220 160
221 15
222 16
223 127
224 196
225 102
226 117
227 20
228 227
229 148
230 49
231 13
232 34
233 135
235 182
236 195
237 133
238 42
239 236
240 130
241 20
242 220
243 188
244 110
245 135
246 147
247 248
248 240
249 244
250 127
251 5
252 47
254 179
255 0
256 12
257 136
258 96
259 47
260 106
261 96
262 3
263 3
264 54
265 31
266 164
267 15
268 35
269 35
270 61
271 88
272 175
273 169
274 64
275 212
277 163
278 63
279 235
280 4
282 202
283 218
284 84
285 246
286 86
287 64
288 95
289 23
290 24
291 80
292 186
293 5
294 11
295 51
296 140
297 129
298 105
299 164
300 0
301 186
302 34
303 156
304 88
305 33
306 186
307 193
308 115
309 86
310 84
312 194
313 95
314 18
315 173
316 165
317 146
318 173
319 75
320 61
321 85
322 140
323 108
324 24
325 186
326 5
327 18
328 83
329 212
330 139
331 135
332 61
333 186
334 107
335 226
337 59
338 54
339 35
340 84
341 146
342 118
344 201
345 10
346 107
347 196
348 180
349 63
350 222
351 59
352 72
353 12
354 72
356 96
357 167
358 143
359 162
360 116
361 24
362 168
363 240
364 164
365 25
366 15
367 131
368 155
369 220
370 28
372 175
373 32
374 233
375 147
376 158
377 212
378 96
379 63
380 164
381 96
382 129
383 235
384 20
385 23
386 126
387 2
388 153
389 87
390 14
391 198
392 30
393 51
394 169
395 15
396 204
397 247
398 112
399 120
400 52
401 150
402 165
403 53
404 192
405 149
406 122
407 10
408 209
409 229
410 104
411 218
412 157
413 11
414 149
415 132
416 123
417 20
418 37
419 47
420 201
421 201
422 162
423 99
424 227
425 87
426 6
427 211
428 77
429 49
430 169
431 43
432 178
433 221
434 44
435 151
436 103
437 36
438 9
440 117
441 104
442 64
443 173
444 62
445 45
446 96
447 33
448 35
449 63
450 26
451 18
452 106
453 176
454 240
455 224
457 104
458 205
459 226
460 217
461 79
462 178
463 30
464 0
465 11
466 99
467 113
468 123
469 34
470 123
471 56
472 204
473 49
474 163
475 145
476 101
477 107
478 166
479 237
480 20
481 125
482 10
483 67
484 120
485 150
486 165
487 30
489 198
490 49
491 15
492 222
493 142
494 212
495 144
496 151
497 127
498 63
499 147
501 194
502 138
503 249
506 213
509 194
510 205
511 143
512 86
513 163
516 43
518 224
519 128
520 155
521 83
522 231
523 129
524 249
525 56
527 25
528 146
529 157
530 148
531 51
532 76
533 214
534 173
535 221
536 110
537 95
539 157
540 49
541 175
542 87
543 150
544 163
545 117
546 246
547 16
549 48
550 123
551 147
552 11
553 247
554 175
555 93
556 164
557 72
558 148
559 144
560 187
562 185
563 50
564 63
567 49
568 133
569 201
570 197
571 227
572 58
573 0
574 212
575 211
576 163
577 228
578 200
579 50
580 57
581 242
582 244
583 60
584 143
585 222
586 126
587 148
588 59
589 229
590 196
592 63
594 144
595 42
596 43
597 135
598 202
599 79
600 84
601 168
602 47
604 228
605 44
606 90
607 32
608 173
609 178
610 204
611 202
612 169
613 163
614 27
615 176
616 5
617 68
618 18
619 173
620 95
621 32
622 62
623 163
624 3
625 50
626 119
627 127
628 0
629 196
630 249
631 133
632 47
633 39
634 6
635 13
636 139
637 172
638 15
639 139
640 192
641 138
642 99
643 80
644 217
645 164
646 249
647 236
648 56
651 154
652 110
653 40
654 187
655 91
656 87
657 80
658 99
659 110
660 222
661 63
662 18
663 172
664 191
665 84
666 220
667 93
668 110
670 222
671 131
672 188
673 25
674 107
675 228
676 59
678 147
679 9
680 125
681 152
682 143
683 246
684 99
685 246
686 12
687 172
688 201
689 68
690 18
691 244
692 39
693 175
694 246
695 201
696 23
697 227
698 159
699 152
701 35
702 152
703 122
705 158
706 60
707 244
708 128
709 48
710 35
711 99
712 148
713 184
714 30
716 122
717 203
718 10
720 240
722 233
723 166
724 133
725 0
726 12
727 148
728 225
729 111
730 144
731 90
732 123
733 218
734 131
735 187
736 56
737 144
738 16
739 81
740 128
741 111
742 194
743 15
744 34
745 203
746 96
747 150
748 86
749 203
751 56
752 6
753 27
754 77
755 80
756 227
757 64
758 68
760 222
761 33
762 183
763 36
764 248
765 236
766 81
767 183
768 128
769 47
770 11
771 212
772 147
773 164
774 212
775 165
776 60
777 216
778 246
779 165
780 156
781 144
782 54
783 231
784 107
785 163
787 40
788 247
789 154
790 227
791 81
793 175
794 3
795 182
796 130
797 247
798 195
799 34
800 1
801 88
802 74
803 60
804 62
805 222
806 49
807 135
808 129
809 112
810 27
811 88
812 130
813 91
814 207
815 173
817 56
818 176
819 14
820 136
821 87
822 106
823 159
824 112
826 115
827 175
828 226
829 174
830 10
831 183
832 185
833 157
834 5
835 104
836 186
837 166
838 117
840 19
841 223
843 1
846 184
847 6
848 37
849 170
850 147
852 61
853 57
855 194
856 164
857 131
858 48
859 49
860 219
861 15
862 18
863 204
864 3
865 156
866 129
867 0
868 31
869 192
871 155
872 173
873 165
874 18
875 186
876 146
877 10
878 95
879 218
881 49
882 64
883 47
884 54
885 49
888 104
889 104
890 128
891 59
892 63
893 37
894 117
895 5
896 46
897 34
898 37
899 205
900 47
901 6
902 133
903 111
904 129
905 41
906 134
907 212
909 224
910 15
911 74
912 173
913 28
914 39
915 173
916 75
917 0
918 56
919 203
920 172
921 205
922 1
923 62
924 157
925 31
926 95
927 193
928 47
929 81
930 59
931 39
932 25
933 35
934 150
936 152
937 17
938 63
939 237
940 54
941 28
942 50
943 24
944 25
946 101
947 218
948 28
949 37
950 123
951 34
953 123
954 240
955 164
956 49
957 63
958 123
959 205
960 163
961 231
962 249
963 21
964 218
965 29
967 163
968 33
969 215
970 68
971 145
972 247
973 218
974 240
975 74
977 76
978 142
979 93
980 45
981 25
982 166
983 181
984 24
985 50
987 15
988 204
989 42
990 124
991 164
992 115
993 112
994 137
995 175
996 155
998 1
999 176
1000 183
1001 156
1002 248
1003 148
1004 10
1005 224
1006 165
1008 94
1009 201
1010 105
1011 193
1013 79
1014 224
1015 157
1016 227
1017 21
1019 21
1020 82
1021 181
1022 139
1023 181
1024 35
1025 137
1027 163
1028 48
1029 163
1030 125
1031 205
1032 14
1034 117
1035 205
1036 128
1037 144
1038 32
1040 56
1042 214
1044 158
1045 206
1046 215
1047 132
1048 113
1049 46
1050 207
1052 222
1053 191
1054 99
1055 3
1057 131
1058 24
1059 233
1060 22
1061 137
1062 39
1063 148
1064 155
1065 168
1066 182
1067 34
1068 149
1069 125
1070 127
1071 244
1072 41
1074 41
1075 91
1076 146
1077 186
1078 248
1079 93
1080 205
1081 55
1082 209
1083 130
1084 4
1085 237
1086 246
1087 118
1088 246
1089 146
1090 179
1091 168
1092 182
1093 148
1094 10
1095 126
1097 90
1098 190
1099 122
1100 39
1101 68
1103 124
1104 104
1105 109
1106 97
1107 153
1108 66
1110 138
1111 5
1112 59
1113 45
1114 11
1115 172
1116 161
1117 229
1118 235
1119 61
1120 138
1121 68
1122 166
1123 47
1124 125
1125 220
1126 225
1127 32
1128 38
1129 202
1130 56
1131 21
1132 163
1133 124
1134 9
1135 80
1137 111
1139 133
1140 84
1141 203
1142 193
1143 166
1144 132
1145 129
1146 130
1147 90
1148 177
1149 30
1150 199
1151 138
1154 56
1155 172
1158 9
1159 124
1160 149
1162 63
1163 110
1165 48
1166 37
1167 95
1168 185
1169 201
1170 43
1171 87
1172 11
1173 213
1174 170
1177 224
1178 28
1179 163
1180 150
1181 47
1182 72
1183 12
1184 133
1185 144
1186 165
1187 219
1188 86
1189 100
1190 190
1191 0
1192 243
1193 149
1194 140
1195 163
1196 198
1197 42
1198 135
1199 17
1200 205
1201 75
1203 23
1205 212
1206 168
1207 160
1209 83
1210 176
1211 87
1212 194
1213 48
1214 12
1215 117
1216 172
1217 149
1218 175
1219 131
1220 54
1221 3
1222 149
1223 11
1225 90
1226 84
1227 84
1228 90
1229 50
1230 112
1232 147
1234 3
1235 156
1237 26
1238 184
1239 109
1240 37
1241 59
1242 101
1243 212
1245 10
1246 151
1247 186
1248 133
1249 148
1250 1
1251 37
1252 22
1253 22
1255 130
1256 119
1257 143
1258 132
1259 214
1260 79
1261 242
1262 90
1263 37
1265 49
1266 2
1267 15
1269 146
1270 175
1271 85
1272 31
1273 23
1274 107
1275 204
1277 13
1278 0
1279 61
1281 112
1283 7
1284 146
1285 206
1286 35
1289 130
1290 35
1291 14
1292 84
1293 120
1294 192
1295 193
1296 84
1297 167
1298 33
1299 207
1300 62
1302 142
1303 148
1305 113
1306 31
1307 185
1308 199
1310 235
1311 77
1313 170
1314 79
1315 29
1316 144
1317 246
1319 126
1320 16
1321 74
1323 157
1324 124
1325 81
1326 166
1327 159
1328 4
1329 240
1330 187
1332 17
1333 45
1334 151
1335 233
1336 77
1337 240
1339 125
1340 127
1341 54
1343 77
1344 54
1345 139
1346 79
1347 206
1348 50
1349 105
1350 31
1351 123
1352 176
1354 218
1355 63
1357 236
1358 214
1359 173
1360 118
1361 10
1362 246
1363 155
1364 113
1365 245
1366 81
1367 79
1368 5
1369 43
1370 3
1372 201
1373 201
1374 26
1375 63
1376 15
1377 130
1378 9
1380 84
1381 198
1382 194
1384 111
1385 165
1387 27
1388 22
1389 139
1391 220
1392 98
1393 129
1394 213
1396 39
1397 196
1399 103
1400 42
1401 151
1402 32
1403 154
1404 178
1405 105
1406 249
1407 237
1410 48
1411 160
1412 210
1413 197
1414 143
1415 136
1416 220
1417 20
1418 13
1419 202
1420 55
1421 1
1422 146
1423 172
1425 207
1426 49
1427 203
1429 74
1431 47
1432 42
1433 123
1434 127
1436 99
1438 11
1439 86
1440 41
1441 166
1442 126
1443 165
1444 35
1445 63
1446 79
1447 131
1448 102
1449 22
1450 221
1451 242
1452 64
1454 205
1455 90
1456 209
1457 212
1459 140
1460 167
1461 142
1462 32
1463 246
1464 61
1465 175
1466 106
1467 155
1468 204
1469 33
1470 36
1471 234
1472 200
1473 226
1474 247
1475 27
1476 24
1479 147
1480 79
1481 228
1482 159
1483 38
1484 155
1486 203
1487 115
1490 5
1491 205
1492 85
1493 170
1495 168
1496 55
1497 249
1498 107
1499 112
1500 81
1501 94
1502 181
1503 5
1504 23
1506 133
1507 131
1508 244
1509 113
1510 73
1512 203
1514 90
1515 62
1517 47
1518 155
1520 26
1521 62
1522 223
1523 172
1524 131
1525 73
1526 112
1527 242
1528 172
1529 79
1530 235
1531 142
1532 36
1534 5
1535 201
1536 93
1537 165
1538 151
1540 205
1541 195
1542 128
1543 101
1544 0
1545 24
1546 190
1547 147
1549 77
1551 74
1552 15
1553 229
1554 3
1555 92
1556 115
1557 90
1558 187
1560 155
1563 102
1565 29
1566 50
1567 1
1568 132
1570 81
1572 90
1573 192
1574 216
1575 10
1576 85
1577 130
1578 34
1579 107
1581 57
1582 18
1583 70
1585 37
1586 51
1587 149
1588 203
1589 151
1590 26
1591 87
1593 77
1595 73
1597 74
1599 45
1601 57
1602 236
1603 187
1604 32
1605 39
1607 47
1609 126
1610 147
1611 176
1613 157
1614 214
1615 83
1616 115
1617 130
1618 166
1619 63
1621 18
1623 133
1625 182
1626 68
1628 86
1629 242
1630 151
1631 3
1632 185
1633 29
1635 81
1636 220
1637 102
1639 159
1640 110
1643 155
1644 113
1645 127
1646 129
1647 19
1648 65
1650 26
1651 198
1652 47
1653 89
1654 136
1655 18
1656 23
1657 163
1658 59
1659 173
1660 90
1661 196
1662 181
1663 128
1664 100
1665 236
1666 31
1667 49
1668 122
1669 50
1670 220
1671 17
1674 15
1676 74
1677 11
1678 2
1679 90
1681 172
1682 84
1684 5
1685 126
1686 53
1687 50
1688 39
1689 96
1691 164
1692 77
1694 241
1695 3
1696 140
1697 179
1698 81
1699 127
1701 21
1702 218
1703 83
1704 42
1705 48
1706 241
1707 202
1708 203
1709 34
1712 178
1713 32
1715 182
1716 150
1718 33
1719 153
1720 203
1721 62
1722 5
1723 0
1724 142
1725 51
1726 12
1727 46
1728 240
1730 144
1732 193
1733 247
1734 196
1735 183
1736 178
1737 79
1738 102
1739 86
1740 59
1741 139
1742 196
1743 168
1747 179
1748 104
1749 64
1750 154
1751 172
1752 202
1753 73
1754 182
1755 83
1756 24
1757 179
1758 244
1759 49
1761 13
1762 19
1764 120
1765 57
1766 188
1767 147
1768 146
1769 241
1771 188
1772 39
1774 90
1775 81
1776 188
1777 240
1778 30
1779 202
1780 18
1781 3
1782 175
1783 204
1784 87
1785 173
1786 213
1788 2
1789 190
1790 106
1791 127
1792 45
1793 101
1794 164
1795 63
1796 79
1797 207
1799 156
1801 62
1802 110
1804 222
1805 82
1806 156
1807 42
1808 44
1810 229
1811 240
1813 76
1815 72
1816 54
1817 140
1818 34
1819 182
1820 125
1821 70
1822 54
1824 126
1825 246
1826 244
1827 245
1829 109
1830 214
1831 229
1832 247
1833 79
1834 249
1837 249
1839 176
1840 181
1841 2
1842 214
1843 214
1845 135
1846 138
1847 221
1848 50
1849 218
1850 154
1851 133
1853 151
1854 55
1855 236
1857 186
1858 158
1860 61
1861 152
1863 13
1864 156
1865 46
1866 9
1867 197
1868 176
1869 172
1871 61
1873 227
1874 1
1875 61
1876 197
1877 186
1878 233
1879 12
1880 160
1881 173
1882 156
1883 143
1884 115
1885 200
1887 192
1888 94
1889 153
1890 158
1891 109
1894 53
1895 47
1896 3
1897 111
1899 155
1900 125
1902 99
1903 2
1904 249
1906 188
1907 84
1908 0
1909 167
1910 73
1911 57
1912 234
1913 121
1914 10
1915 236
1916 3
1917 25
1918 104
1919 206
1920 97
1921 81
1923 111
1924 112
1925 242
1926 178
1927 158
1928 39
1929 42
1931 15
1933 196
1934 28
1935 32
1936 146
1938 242
1939 111
1940 57
1941 74
1942 120
1943 21
1944 247
1947 147
1948 37
1949 143
1950 49
1952 5
1953 169
1954 79
1955 135
1957 226
1959 227
1962 133
1964 93
1966 86
1967 11
1968 11
1969 249
1970 203
1971 112
1972 115
1973 212
1974 39
1976 204
1977 207
1978 10
1979 74
1980 83
1982 92
1983 59
1985 92
1986 64
1987 149
1991 120
1992 212
1993 138
1994 43
1995 226
1997 221
1998 82
2000 249
2001 107
2003 201
2006 35
2008 112
2009 81
2010 248
2011 17
2012 90
2013 106
2014 64
2015 195
2016 201
2017 72
2018 105
2019 44
2020 25
2021 34
2022 156
2024 57
2025 119
2026 112
2027 43
2028 202
2029 148
2031 83
2032 0
2033 143
2034 82
2035 168
2036 231
2037 70
2038 195
2039 138
2040 122
2041 42
2042 110
2043 129
2044 119
2045 229
2046 193
2047 54
2049 73
2050 204
2051 96
2053 86
2054 149
2055 3
2056 221
2057 92
2058 146
2059 235
2061 33
2062 143
2063 99
2064 40
2065 249
2067 21
2068 188
2069 15
2070 109
2071 24
2072 107
2073 214
2075 187
2076 221
2077 126
2079 28
2080 2
2081 249
2082 12
2083 66
2084 85
2085 18
2086 10
2088 108
2089 12
2091 57
2092 232
2093 110
2094 249
2096 164
2099 117
2100 2
2101 0
2104 51
2105 47
2107 187
2108 204
2109 79
2110 147
2111 104
2113 63
2115 205
2116 93
2117 32
2118 93
2119 48
2121 111
2122 70
2123 99
2124 142
2125 129
2126 130
2127 5
2128 246
2129 178
2130 107
2131 117
2132 64
2133 20
2135 51
2136 195
2137 38
2138 205
2139 203
2141 173
2142 89
2143 28
2144 138
2145 143
2147 25
2148 227
2149 195
2150 159
2151 182
2152 12
2153 172
2154 95
2155 115
2156 112
2157 95
2158 219
2159 237
2160 101
2161 39
2162 246
2163 230
2164 47
2167 17
2168 204
2170 136
2171 178
2172 140
2174 2
2175 231
2176 248
2177 28
2178 0
2181 10
2182 54
2183 74
2184 213
2185 132
2187 5
2188 133
2189 19
2190 144
2191 47
2192 232
2195 195
2196 43
2197 87
2198 130
2200 172
2201 49
2203 54
2204 112
2206 212
2211 46
2213 234
2214 79
2215 37
2217 186
2219 197
2220 76
2221 48
2222 232
2226 153
2227 244
2229 7
2230 123
2232 64
2233 83
2234 195
2235 24
2236 221
2238 18
2239 201
2240 173
2241 157
2242 55
2243 158
2244 18
2245 203
2246 15
2247 172
2248 131
2249 117
2253 86
2254 80
2257 34
2258 74
2259 128
2260 102
2261 62
2263 142
2264 19
2265 164
2266 193
2267 140
2268 146
2269 47
2270 34
2272 21
2274 212
2275 154
2277 222
2279 135
2280 184
2281 227
2282 12
2283 163
2284 249
2286 81
2287 227
2288 76
2289 111
2290 173
2292 163
2293 111
2294 148
2295 119
2296 105
2297 12
2299 30
2300 246
2301 21
2302 79
2303 204
2304 10
2305 11
2306 227
2307 145
2308 66
2309 47
2310 12
2311 17
2312 3
2313 175
2314 220
2315 155
2316 126
2317 60
2318 64
2319 248
2321 220
2322 83
2323 212
2324 63
2325 205
2326 101
2327 158
2328 60
2329 155
2331 37
2332 128
2333 48
2334 70
2335 205
2336 204
2337 220
2338 150
2339 46
2340 191
2341 41
2342 110
2343 204
2344 179
2346 111
2347 203
2348 47
2349 156
2350 221
2351 34
2352 3
2353 147
2354 130
2355 47
2357 81
2358 81
2361 86
2363 12
2364 117
2365 77
2366 9
2367 240
2369 170
2370 195
2371 23
2373 138
2374 23
2375 73
2376 3
2378 135
2379 227
2380 25
2381 49
2382 173
2384 202
2385 201
2386 9
2387 164
2388 85
2389 246
2390 158
2391 120
2392 240
2393 49
2394 196
2395 64
2397 63
2398 37
2399 212
2401 151
2403 162
2404 133
2405 230
2406 231
2407 85
2410 249
2412 111
2413 135
2414 237
2415 147
2416 77
2417 190
2418 30
2420 150
2422 148
2425 227
2426 247
2427 106
2428 47
2430 148
2431 220
2432 200
2433 1
2434 62
2435 166
2436 39
2437 75
2438 35
2439 223
2440 47
2442 173
2443 226
2444 131
2445 8
2446 22
2447 21
2448 72
2449 237
2450 3
2451 64
2452 176
2453 193
2454 215
2455 26
2456 179
2457 111
2458 207
2460 49
2461 184
2463 197
2464 3
2465 201
2467 73
2468 40
2469 83
2470 65
2471 33
2472 42
2473 68
2474 151
2475 176
2476 58
2477 15
2478 18
2479 245
2480 72
2482 43
2483 34
2484 153
2485 229
2486 190
2488 71
2490 3
2491 125
2492 232
2494 36
2495 136
2497 5
2498 57
2500 156
2501 8
2503 210
2504 201
2505 182
2506 153
2507 170
2508 175
2509 240
2511 94
2512 247
2513 200
2514 26
2515 57
2516 2
2517 131
2518 110
2519 122
2520 213
2522 227
2524 33
2525 245
2526 178
2527 7
2528 154
2529 223
2531 47
2533 232
2534 144
2536 80
2537 201
2538 193
2540 165
2542 54
2543 5
2544 147
2545 32
2546 207
2547 163
2548 111
2549 151
2550 3
2551 74
2552 57
2553 195
2555 135
2556 249
2557 146
2558 221
2559 5
2560 70
2561 48
2562 82
2563 29
2564 242
2566 244
2567 240
2568 179
2569 127
2570 40
2571 199
2572 61
2574 132
2576 192
2577 63
2578 122
2580 213
2582 1
2584 244
2585 233
2586 97
2587 126
2588 8
2589 92
2590 227
2591 223
2592 26
2593 11
2594 47
2596 195
2597 182
2598 241
2599 65
2600 28
2602 19
2603 17
2604 172
2605 192
2606 212
2607 80
2608 93
2609 148
2610 110
2612 86
2613 156
2614 144
2615 63
2616 13
2617 76
2618 146
2619 3
2621 143
2622 26
2623 154
2624 68
2625 218
2626 196
2627 221
2629 135
2630 107
2631 204
2632 57
2633 209
2634 0
2635 215
2636 61
2637 122
2641 152
2642 75
2644 168
2645 196
2647 37
2648 158
2649 73
2650 62
2651 195
2652 47
2653 17
2654 236
2655 50
2656 35
2657 220
2658 244
2660 7
2661 101
2664 26
2665 192
2666 129
2667 110
2668 123
2669 135
2670 74
2671 158
2672 246
2673 174
2675 162
2676 231
2677 218
2678 223
2679 202
2680 223
2681 201
2682 122
2683 229
2684 17
2685 153
2686 40
2687 94
2688 28
2689 229
2690 147
2691 147
2692 33
2694 27
2695 138
2696 97
2697 64
2698 218
2699 178
2701 7
2702 2
2703 37
2705 236
2706 233
2709 83
2710 39
2711 154
2712 204
2713 107
2714 40
2716 164
2717 248
2718 26
2721 198
2722 222
2723 11
2726 201
2727 40
2728 54
2729 55
2730 3
2731 129
2732 64
2733 112
2735 234
2737 72
2738 204
2739 247
2741 37
2742 90
2743 35
2744 142
2745 5
2747 141
2748 42
2749 165
2751 17
2752 12
2753 34
2754 243
2756 99
2757 212
2758 122
2759 227
2760 189
2761 77
2762 79
2763 159
2764 124
2765 156
2766 218
2767 99
2768 201
2770 63
2776 150
2777 40
2778 222
2779 236
2780 40
2781 8
2785 131
2786 121
2787 85
2788 146
2789 74
2790 157
2791 54
2792 93
2793 147
2794 47
2795 112
2797 10
2799 85
2800 42
2801 204
2802 170
2804 26
2805 43
2806 224
2807 81
2808 35
2809 170
2811 201
2812 49
2814 105
2815 170
2816 40
2817 5
2818 129
2820 25
2822 83
2823 74
2824 0
2825 47
2826 149
2827 63
2828 235
2829 25
2830 74
2832 51
2834 8
2835 12
2836 37
2837 165
2838 17
2839 172
2841 90
2842 135
2843 128
2844 74
2845 112
2846 195
2847 107
2848 90
2849 46
2851 229
2852 12
2853 24
2854 21
2855 245
2856 226
2857 236
2858 70
2859 193
2861 68
2862 94
2863 72
2864 146
2866 229
2867 127
2868 15
2869 182
2870 23
2871 89
2873 239
2874 79
2875 5
2876 245
2877 104
2878 163
2879 36
2880 37
2881 59
2883 207
2884 72
2885 188
2886 84
2887 26
2888 18
2891 38
2892 205
2893 61
2894 245
2895 66
2896 247
2898 28
2899 229
2900 136
2901 205
2903 135
2904 85
2905 157
2906 201
2907 192
2909 70
2910 247
2911 64
2912 165
2913 80
2914 182
2915 178
2917 69
2919 43
2920 76
2921 85
2922 80
2923 28
2924 81
2925 244
2926 0
2927 94
2928 158
2929 43
2930 82
2931 25
2932 163
2934 34
2935 33
2936 227
2937 95
2938 165
2940 26
2941 85
2942 69
2943 25
2946 233
2947 50
2948 237
2949 129
2950 50
2951 114
2952 38
2955 125
2956 231
2957 124
2958 56
2960 129
2961 224
2962 218
2964 84
2965 81
2966 202
2967 34
2968 140
2969 160
2970 64
2971 64
2972 221
2973 15
2974 241
2975 57
2976 28
2977 63
2978 167
2979 117
2980 88
2982 159
2983 62
2984 202
2986 148
2987 147
2988 23
2989 131
2990 50
2991 88
2992 81
2994 132
2995 32
2996 41
2997 104
3001 157
3002 91
3003 64
3004 79
3006 147
3007 143
3008 81
3009 247
3011 195
3012 87
3013 215
3014 12
3016 24
3018 32
3020 126
3021 198
3022 210
3023 218
3024 92
3025 57
3026 76
3027 247
3028 64
3029 110
3031 33
3034 227
3035 79
3036 244
3037 195
3038 101
3039 37
3040 64
3041 146
3042 89
3043 81
3044 200
3045 125
3046 202
3047 101
3048 148
3049 231
3050 90
3052 72
3053 204
3054 217
3056 64
3057 84
3058 232
3059 11
3060 40
3061 118
3063 1
3064 138
3066 163
3067 15
3068 156
3069 182
3071 64
3072 59
3074 229
3075 222
3076 74
3077 216
3078 209
3080 153
3081 148
3082 163
3083 126
3084 240
3085 165
3086 165
3087 77
3088 26
3089 170
3090 117
3091 0
3092 19
3093 79
3095 17
3096 164
3097 107
3098 65
3101 28
3102 5
3103 101
3104 178
3105 242
3106 86
3109 197
3110 42
3111 146
3112 53
3113 164
3115 79
3116 61
3117 202
3118 136
3119 163
3120 57
3121 135
3122 22
3123 236
3124 15
3126 33
3127 213
3130 218
3133 40
3134 65
3140 74
3141 231
3143 2
3144 75
3145 221
3146 68
3147 72
3150 80
3151 181
3152 158
3154 28
3156 15
3158 207
3159 195
3162 112
3163 227
3165 83
3166 123
3167 76
3168 81
3169 40
3171 110
3173 81
3174 216
3176 50
3177 40
3179 40
3180 2
3181 59
3182 140
3183 206
3184 204
3185 201
3186 222
3187 164
3188 106
3189 20
3191 108
3192 57
3194 154
3195 193
3196 39
3197 198
3198 102
3201 74
3202 92
3204 176
3208 205
3212 15
3213 83
3214 196
3216 143
3217 83
3218 48
3219 149
3220 75
3221 48
3222 104
3223 72
3224 147
3225 110
3226 21
3227 45
3230 0
3231 122
3233 165
3234 31
3235 133
3237 112
3240 155
3243 114
3245 35
3246 231
3247 156
3248 237
3250 101
3253 142
3254 0
3256 0
3257 179
3258 152
3259 2
3261 138
3262 148
3263 34
3264 223
3265 164
3266 151
3268 90
3269 139
3270 109
3271 125
3272 214
3273 205
3274 11
3275 83
3276 111
3277 21
3278 83
3279 213
3280 244
3281 247
3282 83
3283 202
3284 119
3285 25
3286 164
3287 196
3288 193
3289 248
3290 50
3291 196
3292 129
3293 104
3294 55
3295 126
3296 12
3297 65
3301 117
3302 34
3306 81
3307 147
3308 47
3309 21
3310 237
3312 215
3314 182
3315 20
3316 17
3317 187
3318 33
3322 146
3325 117
3326 83
3327 201
3328 248
3329 59
3331 8
3333 124
3335 113
3336 122
3337 126
3339 79
3340 42
3342 148
3343 135
3345 209
3347 154
3350 197
3351 11
3352 11
3353 220
3354 79
3355 164
3356 106
3357 61
3359 2
3360 208
3362 204
3363 165
3367 23
3368 226
3369 157
3370 201
3371 158
3373 214
3374 32
3375 51
3376 122
3377 128
3379 248
3380 61
3382 173
3383 17
3384 57
3385 121
3386 70
3387 50
3388 181
3389 147
3391 213
3392 12
3393 9
3394 246
3396 19
3397 79
3399 138
3402 178
3403 172
3404 63
3405 210
3406 195
3407 107
3409 151
3412 24
3413 104
3414 147
3415 155
3416 75
3417 22
3418 206
3420 195
3421 190
3422 202
3423 70
3424 113
3426 151
3427 72
3428 99
3430 111
3432 0
3433 9
3434 51
3435 5
3439 74
3440 157
3442 147
3443 212
3444 48
3445 202
3447 12
3448 172
3449 183
3451 101
3452 84
3453 170
3454 51
3455 48
3456 21
3457 187
3458 131
3460 133
3461 142
3462 129
3464 218
3465 229
3466 154
3467 227
3470 33
3471 229
3472 57
3473 36
3474 23
3475 79
3476 124
3477 37
3478 22
3481 90
3482 135
3485 204
3486 205
3487 110
3490 122
3491 24
3493 59
3494 28
3495 48
3496 64
3497 158
3499 245
3500 246
3501 75
3502 201
3503 149
3504 227
3506 35
3507 24
3509 182
3510 40
3511 70
3512 237
3513 83
3514 79
3515 40
3516 220
3517 173
3518 70
3520 154
3521 23
3523 178
3525 128
3526 0
3527 147
3528 172
3529 234
3531 178
3532 155
3533 120
3534 74
3535 3
3536 54
3537 242
3538 155
3539 155
3540 186
3541 63
3543 61
3544 155
3545 172
3546 101
3548 126
3549 249
3550 159
3551 61
3552 47
3553 79
3554 216
3555 73
3556 74
3557 181
3558 198
3559 34
3560 74
3561 0
3562 66
3565 40
3566 162
3568 229
3569 163
3571 158
3572 163
3575 74
3579 81
3582 83
3583 10
3584 122
3586 132
3588 139
3590 170
3591 126
3592 233
3593 208
3594 163
3596 122
3598 236
3600 192
3602 197
3604 63
3606 64
3610 128
3612 204
3613 64
3615 81
3616 48
3617 82
3618 9
3622 81
3623 112
3624 33
3625 196
3626 240
3627 40
3630 87
3633 15
3635 50
3637 110
3638 200
3639 176
3640 63
3642 122
3644 111
3645 79
3646 201
3647 42
3648 70
3649 212
3650 127
3651 62
3652 40
3653 51
3655 176
3656 121
3657 187
3658 207
3660 183
3661 248
3662 37
3663 214
3664 24
3665 93
3667 249
3668 221
3669 11
3672 212
3673 201
3675 15
3677 231
3679 149
3681 216
3683 79
3685 61
3686 77
3688 175
3689 176
3690 50
3691 172
3693 12
3695 244
3696 136
3697 229
3698 131
3699 135
3700 5
3701 33
3702 168
3704 61
3705 144
3706 231
3707 84
3713 84
3714 137
3715 34
3716 47
3717 17
3718 65
3719 122
3720 229
3721 142
3722 115
3725 212
3726 12
3727 163
3729 240
3730 21
3733 87
3735 15
3736 135
3737 170
3738 204
3739 240
3741 7
3743 149
3744 123
3745 235
3747 39
3748 226
3749 140
3750 70
3752 183
3753 151
3755 0
3756 170
3757 140
3759 0
3761 124
3762 165
3764 183
3765 174
3767 37
3770 151
3771 221
3772 19
3778 143
3779 186
3781 203
3783 218
3785 159
3786 2
3787 227
3788 81
3790 131
3791 57
3795 1
3797 237
3798 107
3799 26
3800 97
3802 61
3803 58
3804 55
3806 21
3807 63
3810 2
3812 170
3813 127
3814 79
3815 205
3816 232
3817 0
3819 70
3820 236
3821 49
3822 96
3824 226
3825 86
3826 17
3828 117
3832 125
3833 186
3834 242
3835 154
3837 107
3838 2
3839 111
3841 247
3843 63
3844 74
3848 63
3849 4
3850 202
3851 148
3852 24
3855 50
3856 47
3858 113
3859 95
3861 111
3863 112
3865 12
3866 37
3867 80
3868 126
3870 64
3871 163
3874 198
3875 54
3876 3
3877 73
3878 195
3879 10
3881 90
3883 212
3884 135
3886 121
3887 248
3888 214
3889 113
3891 135
3892 39
3894 227
3896 126
3901 131
3902 240
3904 176
3905 221
3907 3
3908 122
3909 125
3910 163
3912 122
3913 74
3914 113
3915 79
3916 186
3918 231
3919 207
3920 91
3921 78
3922 64
3924 33
3925 1
3926 216
3927 155
3928 163
3930 176
3931 81
3932 124
3933 19
3935 142
3936 187
3937 246
3941 140
3942 150
3943 77
3945 85
3946 111
3947 246
3949 149
3950 142
3951 65
3954 143
3957 63
3958 54
3959 124
3960 220
3961 146
3962 140
3964 231
3965 236
3967 8
3968 32
3970 36
3971 11
3972 126
3976 39
3978 48
3979 31
3980 206
3981 223
3982 81
3983 79
3985 84
3986 57
3987 95
3988 235
3989 195
3990 182
3991 227
3992 74
3994 125
3997 147
3998 159
3999 47
4000 40
4001 21
4002 176
4003 165
4004 57
4006 7
4009 12
4011 246
4012 229
4013 204
4014 218
4016 89
4018 26
4019 40
4020 205
4021 205
4022 91
4023 46
4024 198
4026 34
4027 169
4028 42
4029 15
4030 212
4031 154
4032 0
4033 154
4034 160
4035 159
4038 142
4039 42
4040 154
4043 32
4044 48
4045 164
4047 6
4051 163
4052 95
4054 77
4055 175
4056 47
4057 0
4059 163
4060 49
4063 104
4065 65
4066 223
4067 128
4068 39
4071 241
4072 244
4074 65
4076 2
4078 207
4080 3
4081 5
4082 120
4083 96
4085 24
4086 38
4087 126
4088 244
4090 176
4091 186
4092 229
4093 249
4094 198
4095 2
4096 15
4097 120
4100 244
4103 187
4104 212
4105 34
4107 244
4110 68
4111 76
4113 100
4114 47
4116 39
4117 64
4119 15
4121 166
4123 112
4124 85
4125 223
4126 207
4128 17
4129 147
4130 17
4132 244
4133 129
4135 33
4136 33
4137 122
4138 71
4143 25
4145 82
4147 121
4148 21
4149 129
4150 154
4151 8
4153 130
4154 57
4155 1
4158 218
4159 42
4160 47
4161 90
4162 102
4163 221
4165 197
4166 48
4167 202
4169 49
4171 130
4173 12
4175 29
4176 117
4178 37
4179 47
4180 138
4181 74
4183 244
4185 143
4187 101
4188 186
4190 187
4191 204
4192 172
4193 73
4194 231
4195 132
4196 34
4197 147
4198 69
4199 157
4200 223
4201 54
4202 10
4203 70
4208 59
4209 42
4210 227
4211 90
4213 166
4214 235
4215 147
4216 212
4218 201
4219 146
4221 5
4223 15
4224 74
4226 47
4227 65
4229 72
4230 192
4231 150
4233 34
4234 123
4235 244
4237 194
4239 179
4240 70
4241 2
4242 22
4243 178
4244 46
4245 33
4246 74
4247 94
4248 40
4250 124
4251 70
4253 198
4255 214
4256 230
4258 7
4260 74
4261 21
4262 0
4265 12
4268 69
4269 181
4271 12
4274 22
4275 201
4276 249
4277 90
4278 74
4279 139
4281 148
4282 2
4283 75
4284 213
4285 99
4286 244
4287 163
4288 37
4289 47
4291 42
4292 19
4294 77
4295 195
4296 33
4297 101
4298 5
4299 51
4301 226
4303 47
4304 237
4309 149
4310 235
4311 111
4312 65
4313 59
4316 75
4317 81
4318 122
4321 172
4322 110
4323 170
4326 97
4327 84
4329 173
4330 59
4331 179
4332 62
4335 21
4336 197
4337 96
4338 74
4339 19
4340 135
4341 18
4342 163
4343 10
4344 109
4345 189
4350 227
4351 0
4355 62
4356 123
4357 72
4360 4
4361 155
4362 148
4364 37
4365 198
4366 101
4367 136
4368 5
4370 135
4372 9
4373 19
4374 56
4377 20
4379 168
4380 111
4382 162
4383 158
4385 13
4386 198
4387 17
4388 36
4389 33
4390 70
4391 0
4392 81
4393 124
4395 240
4396 84
4397 42
4398 237
4400 158
4402 205
4405 158
4407 235
4409 172
4410 28
4411 52
4412 19
4413 165
4415 236
4417 199
4418 195
4419 17
4420 175
4421 26
4422 204
4424 130
4425 64
4428 206
4429 142
4430 228
4434 86
4435 28
4436 27
4437 61
4438 216
4439 243
4440 57
4442 65
4443 11
4445 127
4446 204
4448 246
4449 120
4451 151
4453 246
4454 178
4455 34
4457 55
4459 236
4462 111
4463 64
4465 93
4466 74
4467 236
4468 246
4471 173
4472 168
4473 218
4475 193
4477 64
4478 158
4479 12
4480 63
4481 226
4483 15
4485 24
4487 12
4488 64
4489 47
4492 111
4494 76
4495 47
4497 149
4499 5
4502 136
4503 207
4506 212
4507 172
4508 50
4509 0
4510 202
4511 168
4512 216
4514 218
4515 166
4516 237
4518 222
4519 237
4520 175
4521 195
4522 125
4525 2
4526 204
4527 126
4528 107
4531 150
4532 90
4536 214
4537 147
4538 2
4539 164
4540 27
4542 205
4544 151
4546 206
4548 206
4549 108
4551 47
4552 2
4557 72
4558 23
4560 158
4561 157
4562 117
4565 45
4566 74
4567 138
4568 46
4569 131
4571 42
4573 22
4574 64
4575 77
4579 196
4580 107
4582 158
4583 64
4584 175
4585 9
4587 74
4588 0
4589 169
4590 164
4591 64
4592 113
4595 113
4596 113
4597 79
4598 143
4600 198
4601 59
4603 22
4604 228
4605 148
4606 81
4608 28
4609 50
4610 64
4611 23
4612 95
4613 132
4616 0
4618 2
4624 65
4625 26
4626 245
4628 11
4630 200
4631 37
4632 117
4633 196
4635 236
4636 127
4639 173
4640 54
4642 38
4643 129
4644 118
4645 234
4647 76
4649 105
4652 249
4653 111
4654 8
4655 111
4656 43
4657 205
4658 140
4659 246
4661 163
4662 32
4665 163
4667 154
4669 57
4670 135
4671 41
4672 158
4674 237
4675 64
4677 28
4680 164
4681 130
4682 93
4683 203
4684 101
4687 61
4690 18
4691 64
4692 148
4695 72
4696 217
4697 50
4698 34
4700 36
4701 64
4702 244
4704 15
4705 57
4708 36
4710 243
4711 104
4714 153
4715 65
4716 187
4717 35
4718 245
4719 17
4722 147
4723 170
4725 82
4726 40
4727 246
4728 148
4729 57
4731 200
4732 65
4733 182
4734 144
4735 193
4736 101
4739 210
4740 207
4742 164
4743 168
4744 57
4747 85
4748 205
4749 15
4751 32
4752 195
4753 151
4755 90
4756 195
4757 81
4758 15
4762 40
4764 183
4765 125
4766 34
4768 17
4771 56
4773 74
4775 176
4777 237
4778 203
4780 152
4781 204
4782 117
4785 157
4787 199
4788 22
4789 85
4790 80
4791 90
4792 127
4793 222
4794 54
4795 124
4799 83
4800 207
4802 54
4804 118
4805 83
4807 70
4808 120
4811 143
4814 146
4815 148
4818 197
4820 193
4821 72
4822 198
4824 148
4828 93
4829 147
4830 68
4831 195
4833 197
4834 12
4835 168
4836 5
4837 24
4838 72
4839 26
4840 40
4841 59
4842 65
4843 126
4844 191
4846 40
4848 237
4850 197
4851 5
4852 176
4853 56
4854 92
4855 226
4856 80
4857 90
4858 142
4860 122
4861 120
4862 54
4863 118
4865 148
4868 111
4869 220
4870 147
4871 29
4872 42
4874 87
4875 207
4878 139
4879 73
4881 35
4882 197
4884 195
4886 79
4887 245
4889 130
4890 122
4892 146
4894 74
4896 25
4897 75
4898 196
4900 23
4901 172
4902 83
4906 39
4908 149
4909 244
4911 54
4912 132
4913 18
4916 3
4917 70
4918 165
4920 220
4921 90
4922 204
4923 127
4926 2
4927 65
4929 135
4930 135
4931 5
4932 136
4933 13
4934 138
4937 72
4938 197
4941 201
4943 8
4944 237
4945 226
4946 12
4947 101
4951 33
4952 212
4953 166
4955 155
4956 63
4957 34
4959 140
4962 3
4963 70
4966 52
4968 172
4969 94
4970 64
4971 79
4972 179
4974 195
4976 69
4979 213
4982 165
4985 64
4986 195
4987 131
4988 221
4989 139
4991 18
4992 221
4994 170
4995 144
4997 122
4998 0
4999 205
