0 9
1 159
2 48
3 215
5 190
6 22
7 202
8 124
9 223
10 245
11 77
12 95
13 232
14 109
15 139
16 110
17 120
18 8
20 173
21 21
22 107
23 105
24 156
25 22
26 31
27 47
28 229
29 161
30 93
31 217
32 173
33 73
34 50
35 86
36 202
37 176
38 5
39 232
40 37
42 126
43 45
44 151
45 218
46 143
47 87
48 126
49 73
50 236
51 221
52 113
53 171
54 172
55 193
56 60
57 172
58 82
59 51
60 194
62 105
63 187
64 159
65 186
66 170
67 128
68 72
69 222
70 13
71 140
72 9
73 108
75 32
76 104
77 201
78 95
79 180
80 195
81 157
83 213
84 207
85 159
86 96
87 173
88 171
90 126
91 211
92 134
93 227
94 198
95 73
96 78
97 124
98 86
99 69
101 172
102 188
103 53
104 121
105 27
106 121
107 50
108 75
109 148
110 223
112 212
114 181
115 238
116 54
117 238
119 171
120 113
121 129
122 117
123 235
124 228
125 169
126 31
127 197
128 151
129 71
130 215
132 79
133 99
134 44
135 112
136 161
137 98
138 97
139 125
140 230
141 18
142 81
143 134
144 35
146 29
147 129
148 145
150 161
151 235
152 158
153 9
154 184
155 183
156 58
157 166
158 49
159 125
160 203
161 220
162 242
163 90
164 78
165 98
166 209
167 183
168 60
169 177
170 115
171 20
172 228
173 218
174 50
175 142
176 47
177 4
178 232
179 237
180 11
181 157
182 11
183 3
184 62
185 44
186 203
187 57
188 189
189 54
190 120
191 18
192 82
193 128
194 3
195 136
196 227
197 132
198 172
199 84
200 7
201 27
202 238
203 51
204 109
206 22
207 183
208 159
209 42
211 75
212 179
213 145
214 172
215 105
216 60
217 6
218 27
219 63
220 50
221 140
222 156
223 42
224 115
225 143
226 229
227 79
228 21
229 106
230 196
231 68
232 193
233 126
235 8
236 201
237 52
238 18
239 7
240 25
241 152
242 48
243 193
244 226
245 57
246 70
247 115
248 183
249 201
250 70
251 208
252 80
254 49
256 122
257 94
258 117
259 93
260 79
261 66
262 122
263 128
264 183
265 102
266 46
267 169
268 48
269 139
270 161
271 59
272 88
273 130
274 124
275 132
277 158
278 132
279 29
280 221
282 54
283 159
284 94
285 2
286 27
287 114
288 226
289 160
290 17
291 159
292 183
293 62
294 139
295 39
296 87
297 158
298 87
299 105
300 141
301 77
302 29
303 196
304 28
305 105
306 59
307 131
308 132
309 173
310 203
312 27
313 79
314 104
315 0
316 9
317 210
318 126
319 217
320 145
321 54
322 212
323 133
324 121
325 73
326 86
327 81
328 105
329 117
330 186
331 120
332 135
333 213
334 135
335 227
337 124
338 133
339 200
340 218
341 61
342 234
344 230
345 18
346 145
347 64
348 85
349 243
350 228
351 11
352 93
353 140
354 57
356 80
357 55
358 73
359 154
360 68
361 212
362 89
363 54
364 205
365 139
366 212
367 195
368 215
369 47
370 14
372 224
373 210
374 224
375 127
376 95
377 235
378 148
379 95
380 113
381 3
382 103
383 32
384 69
385 169
386 92
387 108
388 33
389 109
390 180
391 96
392 238
393 50
394 77
395 224
396 145
397 70
398 177
399 22
400 74
401 171
402 127
403 101
404 232
405 58
406 184
407 179
408 55
409 237
410 182
411 223
412 106
413 34
414 29
415 172
416 73
417 238
418 7
419 160
420 57
421 233
422 98
423 72
424 169
425 15
426 213
427 130
428 217
429 164
430 207
431 34
432 58
433 230
434 133
435 93
436 16
437 93
438 10
440 89
441 105
442 36
443 148
444 246
445 171
446 111
447 128
448 112
449 44
450 247
451 15
452 25
453 112
454 6
455 79
457 38
458 111
459 98
460 77
461 120
462 15
463 125
464 192
465 238
466 241
467 82
468 128
469 198
470 172
471 137
472 155
473 152
474 159
475 52
476 159
477 198
478 202
479 105
480 183
481 139
482 141
483 74
484 84
485 237
486 34
487 30
489 83
490 119
491 228
492 48
493 18
494 7
495 27
496 215
497 201
498 3
499 132
501 49
502 169
503 5
506 196
509 52
510 122
511 175
512 144
513 127
516 188
518 168
519 145
520 111
521 246
522 110
523 244
524 173
525 156
527 107
528 134
529 68
530 127
531 50
532 143
533 236
534 81
535 158
536 227
537 94
539 82
540 196
541 125
542 209
543 71
544 194
545 226
546 215
547 151
549 108
550 183
551 29
552 244
553 148
554 69
555 92
556 159
557 126
558 42
559 184
560 134
562 207
563 194
564 132
567 144
568 219
569 16
570 89
571 128
572 98
573 8
574 215
575 98
576 229
577 244
578 110
579 124
580 247
581 17
582 45
583 168
584 210
585 33
586 174
587 193
588 112
589 103
590 42
592 3
594 125
595 115
596 142
597 115
598 198
599 189
600 144
601 37
602 62
604 66
605 133
606 0
607 139
608 14
609 208
610 105
611 89
612 207
613 159
614 28
615 196
616 212
617 75
618 145
619 10
620 82
621 174
622 114
623 106
624 116
625 134
626 125
627 171
628 22
629 126
630 27
631 204
632 126
633 61
634 157
635 14
636 186
637 108
638 182
639 147
640 59
641 62
642 25
643 235
644 129
645 124
646 99
647 212
648 92
651 3
652 41
653 108
654 228
655 67
656 164
657 65
658 33
659 171
660 112
661 7
662 27
663 230
664 107
665 154
666 243
667 166
668 28
670 7
671 33
672 44
673 139
674 80
675 7
676 192
678 223
679 237
680 159
681 48
682 225
684 162
685 193
686 139
687 128
688 0
689 209
690 32
691 247
692 145
693 238
694 215
695 237
696 126
697 38
698 21
699 99
701 123
702 119
703 195
705 105
706 209
707 70
708 48
709 37
710 1
711 98
712 237
713 91
714 225
716 116
717 144
718 78
720 164
722 78
723 92
724 204
725 194
726 45
727 182
728 74
729 126
730 229
731 45
732 144
733 244
734 121
735 16
736 107
737 82
738 98
739 181
740 169
741 189
742 157
743 237
744 58
745 225
746 117
747 142
748 119
749 131
751 15
752 183
753 213
754 103
755 19
756 148
757 4
758 59
760 51
761 189
762 30
764 115
765 104
766 121
767 49
768 19
769 205
770 9
771 147
772 19
773 181
774 215
775 225
776 86
777 167
778 103
779 12
780 54
781 72
782 56
783 16
784 35
785 111
787 182
789 233
790 54
791 40
793 242
794 18
795 93
796 28
797 20
798 179
799 95
800 79
801 238
802 177
803 94
804 127
805 131
806 46
807 182
808 138
809 90
810 49
811 242
812 154
813 213
814 29
815 139
817 12
818 78
819 149
820 25
821 121
822 55
823 42
824 223
826 209
827 204
828 234
829 77
830 42
831 200
832 28
833 133
834 37
835 135
836 73
837 48
838 128
840 2
841 169
843 173
846 102
847 119
848 224
849 150
850 224
852 247
853 109
855 119
856 223
857 64
858 155
859 46
860 142
861 139
862 173
863 176
864 141
865 132
866 89
867 192
868 185
869 207
871 161
872 108
873 116
874 198
875 15
876 171
877 103
878 121
879 3
881 12
882 243
883 247
884 10
885 94
888 112
889 70
890 99
891 246
892 29
893 107
894 208
895 183
896 65
897 16
898 44
899 240
900 166
901 59
902 162
903 150
904 89
905 14
906 26
907 24
909 239
910 210
911 192
912 78
913 175
914 20
915 18
916 247
917 205
918 119
919 161
920 96
921 4
922 49
923 192
924 107
925 154
926 213
927 54
928 243
929 83
930 29
931 212
932 59
933 237
934 82
936 30
938 70
939 21
940 68
941 208
942 76
943 86
944 129
946 160
947 61
948 58
949 48
950 96
953 121
954 75
955 120
956 107
957 131
958 94
959 198
960 103
961 240
962 162
963 29
964 244
965 68
967 237
968 83
969 188
970 104
971 243
972 35
973 61
974 91
975 178
977 87
978 57
979 94
980 133
981 171
982 107
983 38
984 51
985 133
987 113
988 134
989 108
990 166
991 57
992 181
993 122
994 28
995 15
996 166
998 99
999 198
1000 168
1001 123
1002 120
1003 21
1004 111
1005 69
1006 127
1009 229
1010 16
1011 84
1013 191
1014 168
1015 140
1016 95
1017 10
1019 211
1020 213
1021 200
1022 217
1023 208
1024 212
1025 26
1027 123
1028 42
1029 159
1030 192
1031 159
1032 234
1034 195
1035 200
1036 9
1037 180
1038 151
1040 34
1042 1
1044 208
1045 132
1046 35
1047 216
1048 153
1049 164
1050 135
1052 87
1053 199
1054 72
1055 223
1057 181
1058 15
1059 219
1060 174
1061 63
1062 230
1063 78
1064 51
1065 183
1066 193
1067 182
1068 111
1069 247
1070 201
1071 83
1072 99
1074 208
1075 154
1076 69
1077 154
1078 193
1079 30
1080 14
1081 46
1082 60
1083 135
1084 60
1085 95
1086 115
1087 121
1088 4
1089 70
1090 81
1091 138
1092 68
1093 22
1094 106
1095 174
1097 68
1098 221
1099 58
1100 135
1101 25
1103 182
1104 24
1105 49
1106 55
1107 137
1108 240
1110 230
1111 58
1112 44
1113 185
1114 212
1115 115
1116 26
1117 24
1118 92
1119 82
1120 198
1121 155
1122 164
1123 105
1124 148
1125 106
1126 43
1127 196
1128 190
1129 162
1130 109
1131 37
1133 120
1134 131
1135 177
1137 189
1139 244
1140 175
1141 46
1142 38
1143 79
1144 5
1145 44
1146 25
1147 124
1148 28
1149 55
1150 240
1151 3
1154 198
1155 228
1158 182
1159 16
1160 45
1162 15
1163 28
1165 87
1166 132
1167 41
1168 49
1169 51
1170 157
1171 146
1172 77
1173 183
1174 105
1177 162
1178 129
1179 21
1180 34
1181 217
1183 4
1184 19
1185 176
1186 139
1187 98
1188 224
1189 13
1190 211
1191 2
1192 150
1193 223
1194 132
1195 218
1196 243
1197 0
1198 20
1200 20
1201 169
1203 65
1205 205
1206 171
1207 165
1209 61
1210 131
1211 73
1212 52
1213 137
1214 105
1215 208
1216 48
1217 169
1218 197
1219 54
1220 195
1221 243
1222 128
1223 97
1225 170
1226 59
1227 204
1228 54
1229 198
1230 115
1232 176
1234 124
1235 34
1237 57
1238 138
1239 226
1240 147
1241 166
1242 136
1243 132
1245 120
1246 140
1247 144
1248 216
1249 96
1250 148
1251 114
1252 224
1253 212
1255 238
1256 162
1257 244
1258 92
1259 241
1260 89
1261 91
1262 186
1263 157
1265 199
1266 177
1267 44
1269 145
1270 226
1271 106
1272 28
1273 217
1274 84
1275 37
1277 29
1278 84
1279 162
1281 78
1283 57
1284 72
1285 88
1286 75
1289 48
1290 181
1291 231
1292 46
1293 229
1294 194
1295 38
1296 77
1297 43
1298 122
1299 184
1300 177
1302 192
1303 21
1305 79
1306 154
1307 225
1308 56
1310 92
1311 199
1313 246
1314 228
1315 42
1316 224
1319 210
1320 102
1321 182
1323 128
1324 120
1325 3
1326 202
1327 11
1328 52
1329 202
1330 166
1332 75
1333 121
1334 215
1335 164
1336 206
1337 154
1339 196
1340 196
1341 9
1343 120
1344 197
1345 192
1346 5
1347 116
1348 159
1349 33
1350 91
1351 69
1352 162
1354 198
1355 183
1357 212
1358 75
1359 103
1360 154
1361 224
1362 4
1363 223
1364 112
1365 186
1366 215
1367 139
1368 20
1369 152
1372 189
1373 127
1374 82
1375 240
1376 83
1377 46
1378 128
1380 140
1381 203
1382 54
1384 120
1385 135
1387 74
1388 99
1389 186
1391 12
1392 63
1393 127
1394 195
1396 83
1397 237
1399 233
1400 95
1401 105
1402 195
1403 105
1404 244
1405 39
1406 89
1410 132
1411 48
1412 133
1413 46
1414 228
1415 48
1416 142
1417 203
1418 21
1419 187
1420 162
1421 15
1422 171
1423 189
1425 132
1426 145
1427 119
1429 113
1431 93
1432 193
1433 99
1434 166
1436 183
1438 1
1439 87
1440 107
1441 152
1442 123
1443 89
1444 116
1445 106
1446 116
1447 197
1448 94
1449 230
1450 70
1451 171
1452 205
1454 201
1455 158
1456 157
1457 10
1459 154
1460 102
1461 113
1462 244
1463 181
1464 46
1465 94
1466 86
1467 196
1468 202
1469 159
1470 182
1471 240
1472 237
1473 234
1474 140
1475 69
1476 134
1479 139
1480 24
1481 79
1482 196
1483 132
1484 70
1486 238
1487 206
1490 189
1491 127
1492 150
1493 247
1495 58
1496 81
1497 212
1498 65
1499 131
1500 127
1502 9
1503 148
1504 179
1506 162
1507 112
1508 193
1509 235
1510 120
1512 125
1514 193
1515 215
1517 159
1518 197
1520 242
1521 134
1522 209
1523 145
1524 25
1525 45
1526 103
1527 72
1528 197
1529 248
1530 33
1531 111
1532 114
1534 129
1535 4
1536 44
1537 112
1538 56
1540 136
1541 222
1542 19
1543 8
1544 64
1545 110
1546 184
1547 126
1549 206
1551 177
1552 120
1553 178
1554 166
1555 174
1556 144
1557 228
1558 72
1560 208
1563 170
1565 42
1566 140
1567 138
1568 118
1570 247
1572 104
1573 199
1574 237
1575 103
1576 243
1577 145
1579 124
1581 135
1582 198
1585 58
1586 141
1587 195
1588 155
1589 243
1590 169
1591 243
1593 47
1595 39
1599 56
1601 194
1602 107
1603 5
1604 73
1605 139
1607 137
1609 230
1610 148
1611 95
1613 12
1614 79
1615 229
1616 195
1617 144
1618 76
1619 127
1621 134
1623 162
1625 117
1626 25
1628 82
1629 109
1630 86
1631 205
1632 91
1633 50
1635 83
1636 184
1637 143
1639 84
1640 161
1643 161
1644 186
1645 120
1646 112
1648 79
1650 78
1651 103
1652 182
1653 157
1654 1
1655 138
1656 8
1657 9
1658 120
1659 57
1660 38
1661 124
1662 86
1663 146
1664 149
1665 44
1666 219
1667 69
1668 119
1669 133
1670 46
1671 215
1674 169
1676 24
1677 216
1678 4
1679 182
1681 159
1682 17
1684 244
1685 162
1686 101
1687 83
1688 54
1689 132
1691 105
1692 248
1694 55
1695 36
1696 161
1697 196
1698 70
1699 196
1701 95
1702 37
1703 211
1704 84
1705 68
1706 69
1707 138
1708 202
1709 124
1712 1
1713 134
1715 39
1716 183
1718 122
1719 9
1720 135
1721 166
1722 229
1723 150
1724 4
1725 192
1726 137
1727 54
1728 203
1730 109
1732 127
1733 247
1734 83
1735 116
1736 162
1737 16
1738 138
1739 194
1740 181
1741 201
1742 103
1743 203
1747 162
1748 243
1749 148
1750 114
1751 182
1752 142
1753 18
1754 21
1755 99
1756 176
1757 28
1758 35
1759 169
1761 236
1764 84
1765 70
1766 48
1767 16
1768 61
1769 98
1771 51
1772 20
1774 64
1775 132
1776 246
1777 62
1778 156
1779 148
1780 33
1781 10
1782 133
1783 10
1784 98
1785 232
1786 72
1788 189
1789 175
1790 67
1791 96
1792 94
1793 18
1794 31
1795 97
1796 195
1797 38
1799 147
1801 124
1802 183
1804 97
1805 73
1806 30
1807 171
1808 63
1810 90
1811 116
1813 95
1815 105
1816 30
1817 51
1818 120
1819 114
1820 230
1821 182
1822 230
1824 194
1825 247
1826 244
1827 84
1829 72
1830 13
1831 240
1832 46
1833 144
1834 29
1837 134
1839 181
1840 94
1841 114
1842 227
1843 129
1845 114
1846 105
1847 57
1848 148
1849 181
1850 126
1851 218
1853 246
1854 225
1855 134
1857 5
1858 114
1860 144
1861 236
1863 16
1864 128
1865 37
1866 70
1867 224
1868 20
1869 150
1871 187
1873 173
1874 239
1875 54
1876 76
1877 109
1878 174
1879 51
1880 165
1881 18
1882 94
1883 138
1884 133
1885 115
1887 121
1889 198
1890 45
1891 236
1894 101
1895 182
1896 182
1897 84
1899 125
1900 68
1902 190
1904 134
1906 14
1907 147
1908 4
1909 28
1910 179
1911 124
1912 240
1913 52
1914 230
1915 208
1916 3
1917 146
1918 31
1919 88
1920 71
1921 210
1923 115
1924 111
1925 15
1926 72
1927 90
1928 81
1929 131
1931 248
1933 163
1934 237
1935 19
1936 99
1938 27
1939 182
1940 103
1941 51
1942 159
1943 112
1944 246
1947 110
1948 198
1949 187
1950 210
1952 3
1953 130
1954 236
1955 31
1957 75
1959 124
1962 242
1964 157
1966 144
1967 92
1968 174
1969 134
1970 212
1972 159
1973 196
1974 237
1976 161
1977 223
1978 224
1979 205
1980 78
1982 12
1983 189
1985 173
1986 42
1987 174
1991 165
1992 22
1993 61
1994 154
1995 28
1997 120
1998 156
2000 54
2001 83
2003 95
2006 12
2008 84
2009 16
2010 158
2011 196
2012 115
2013 188
2014 105
2016 229
2018 187
2019 168
2020 111
2021 78
2022 75
2024 68
2025 25
2026 3
2027 55
2028 161
2029 83
2031 155
2032 217
2033 73
2034 13
2035 161
2036 103
2037 191
2038 222
2039 145
2040 37
2041 45
2042 168
2043 109
2044 73
2045 186
2046 10
2047 42
2049 108
2050 135
2051 39
2053 210
2054 68
2055 166
2056 230
2057 48
2058 169
2059 5
2061 64
2062 6
2063 27
2065 244
2067 240
2068 196
2069 170
2070 176
2071 229
2072 209
2073 129
2075 187
2076 103
2077 9
2079 237
2081 15
2082 104
2083 90
2084 124
2085 132
2086 212
2088 150
2089 57
2091 105
2092 27
2093 5
2094 170
2096 18
2099 184
2100 4
2101 189
2104 53
2105 247
2107 134
2108 159
2109 103
2110 0
2111 21
2113 109
2115 41
2116 132
2117 73
2118 83
2119 215
2121 136
2122 42
2123 94
2124 70
2125 212
2126 69
2127 75
2128 53
2129 181
2130 107
2131 166
2133 164
2135 50
2136 103
2137 53
2138 76
2139 128
2141 223
2142 221
2143 134
2144 187
2145 156
2147 7
2148 197
2150 57
2151 126
2152 105
2153 22
2154 77
2155 145
2156 217
2157 185
2158 207
2160 64
2161 29
2162 70
2163 242
2164 53
2167 176
2168 103
2170 236
2171 161
2172 189
2174 113
2175 150
2176 4
2177 215
2178 192
2181 246
2182 226
2183 215
2184 235
2185 184
2187 70
2188 79
2190 109
2191 53
2192 88
2196 27
2197 72
2198 213
2200 124
2201 69
2203 229
2204 29
2206 212
2211 199
2213 167
2214 58
2215 210
2217 81
2219 211
2220 243
2221 248
2222 194
2226 84
2227 189
2229 87
2230 238
2232 53
2233 145
2234 23
2235 16
2236 39
2238 169
2239 96
2240 108
2241 181
2242 100
2243 89
2244 15
2245 0
2246 95
2247 223
2248 249
2249 208
2253 241
2254 37
2257 50
2259 15
2260 138
2261 248
2263 195
2265 115
2266 189
2267 197
2268 237
2269 53
2270 2
2272 56
2274 141
2275 8
2277 9
2279 122
2280 91
2281 20
2282 36
2283 103
2284 32
2286 247
2287 106
2288 189
2289 4
2290 125
2292 115
2293 42
2294 42
2295 73
2296 138
2297 18
2299 211
2300 137
2301 104
2302 143
2303 210
2304 108
2305 62
2306 51
2307 213
2308 44
2309 31
2310 57
2311 42
2312 166
2313 154
2314 199
2315 169
2316 236
2317 100
2318 111
2319 193
2321 45
2322 179
2323 4
2324 2
2325 120
2326 57
2327 191
2328 59
2329 29
2331 149
2332 48
2333 68
2334 160
2335 103
2336 27
2337 212
2338 244
2339 132
2340 199
2341 187
2342 94
2343 53
2344 27
2346 14
2347 79
2348 126
2349 48
2350 80
2352 145
2353 44
2354 73
2355 132
2357 223
2358 79
2361 238
2363 0
2364 196
2365 201
2366 176
2367 46
2369 170
2370 23
2371 106
2373 193
2374 174
2375 32
2376 193
2378 189
2379 57
2380 129
2381 197
2382 68
2384 5
2385 182
2386 131
2387 120
2388 222
2389 12
2390 37
2391 141
2392 112
2393 144
2394 169
2395 108
2397 18
2398 173
2399 179
2401 215
2403 59
2404 5
2405 19
2406 110
2407 35
2410 210
2412 126
2413 66
2414 53
2415 135
2416 246
2417 81
2418 73
2420 89
2422 61
2425 20
2426 56
2427 157
2428 177
2430 44
2431 9
2432 146
2433 244
2434 115
2435 62
2436 224
2437 114
2438 92
2439 194
2440 159
2442 14
2443 221
2444 32
2445 115
2446 27
2447 196
2450 111
2451 4
2452 143
2453 176
2454 221
2455 89
2456 161
2457 105
2458 95
2460 145
2461 133
2463 190
2464 214
2465 24
2467 179
2468 166
2469 138
2470 104
2471 21
2472 193
2473 150
2474 14
2475 196
2476 172
2477 103
2478 98
2479 87
2482 67
2483 113
2484 95
2485 61
2486 184
2488 188
2490 115
2491 160
2492 38
2494 42
2495 188
2497 138
2498 195
2500 37
2501 103
2503 204
2504 16
2505 93
2506 230
2507 45
2508 92
2509 98
2512 198
2513 90
2514 42
2515 111
2516 39
2517 187
2518 133
2519 166
2520 203
2522 51
2524 61
2525 4
2526 54
2527 174
2528 163
2529 191
2531 105
2533 243
2534 162
2536 117
2537 39
2538 51
2540 237
2542 21
2543 103
2544 51
2545 173
2546 243
2547 92
2548 90
2549 90
2550 103
2551 233
2552 40
2553 10
2555 166
2556 229
2557 129
2558 103
2559 62
2560 127
2561 240
2562 61
2563 3
2564 15
2566 35
2567 195
2568 151
2569 158
2570 141
2571 227
2572 210
2574 226
2576 228
2577 72
2578 54
2580 202
2582 167
2584 9
2585 244
2586 234
2587 243
2589 7
2590 217
2591 198
2592 248
2593 207
2594 105
2596 186
2597 139
2598 227
2599 181
2600 131
2602 53
2603 159
2604 209
2605 128
2606 124
2607 116
2608 184
2609 247
2610 15
2612 82
2613 99
2614 27
2615 111
2616 1
2617 24
2618 9
2619 138
2621 202
2622 0
2623 160
2624 161
2625 224
2626 4
2627 21
2629 31
2630 226
2631 229
2632 103
2633 67
2634 95
2635 150
2636 161
2637 51
2641 98
2642 189
2644 157
2645 103
2647 154
2648 17
2649 90
2650 158
2651 8
2652 132
2654 184
2655 37
2656 16
2657 197
2658 58
2660 229
2661 90
2664 190
2665 199
2666 202
2667 61
2668 30
2669 233
2670 192
2671 126
2672 7
2673 77
2675 79
2676 40
2677 210
2678 123
2679 134
2680 35
2681 57
2682 132
2683 22
2684 114
2685 9
2686 222
2688 173
2689 215
2690 139
2691 187
2692 120
2694 73
2695 21
2696 71
2697 177
2698 215
2699 46
2701 182
2702 114
2703 62
2705 155
2706 27
2709 230
2710 228
2711 31
2712 132
2713 141
2714 105
2716 111
2717 108
2718 140
2721 212
2722 195
2723 88
2726 248
2727 8
2728 181
2729 59
2730 173
2731 128
2732 237
2733 192
2735 190
2738 15
2739 212
2741 16
2742 5
2743 89
2744 182
2745 86
2747 93
2748 223
2749 158
2751 8
2752 31
2754 146
2756 3
2757 106
2758 125
2759 215
2760 248
2761 116
2762 182
2763 78
2764 124
2765 75
2766 228
2767 144
2768 79
2770 148
2776 5
2777 192
2778 159
2779 92
2780 66
2781 163
2785 121
2786 52
2787 51
2788 211
2789 22
2790 61
2791 110
2792 112
2793 4
2794 166
2795 10
2797 78
2799 164
2800 173
2801 126
2802 104
2804 186
2805 240
2806 156
2807 58
2808 144
2809 86
2811 84
2812 69
2814 148
2815 124
2816 23
2817 212
2818 95
2820 12
2822 161
2824 4
2825 122
2826 203
2827 72
2828 9
2829 99
2830 217
2832 105
2835 170
2836 15
2837 37
2838 8
2839 44
2841 229
2842 179
2843 198
2844 35
2845 4
2847 169
2848 127
2849 133
2851 189
2852 21
2853 203
2854 243
2855 84
2856 81
2857 27
2858 192
2859 131
2861 203
2864 162
2866 21
2867 214
2868 83
2869 159
2870 132
2871 184
2873 60
2874 196
2875 199
2877 70
2878 194
2880 224
2881 166
2883 238
2884 160
2885 107
2886 43
2887 39
2888 121
2891 212
2892 31
2893 161
2894 189
2895 14
2896 178
2898 237
2899 113
2900 25
2901 35
2903 84
2904 243
2905 230
2906 86
2907 174
2909 150
2910 68
2911 23
2912 230
2913 33
2914 111
2915 16
2917 93
2919 88
2920 45
2921 94
2922 194
2923 89
2924 222
2925 37
2926 16
2928 224
2929 142
2930 200
2931 150
2932 95
2934 18
2935 158
2936 197
2937 13
2938 209
2940 73
2941 0
2942 40
2943 194
2946 51
2947 51
2948 115
2949 195
2950 37
2951 63
2952 21
2955 61
2956 190
2957 24
2958 183
2960 169
2961 239
2962 86
2964 204
2965 112
2966 134
2967 57
2968 191
2969 50
2970 10
2971 139
2972 201
2973 182
2974 55
2975 247
2976 195
2977 46
2978 118
2979 132
2980 185
2982 139
2983 215
2984 89
2986 158
2987 14
2988 53
2989 15
2990 132
2991 149
2992 150
2994 6
2995 171
2996 215
2997 11
3001 109
3002 67
3003 31
3004 103
3006 86
3007 171
3008 95
3009 4
3011 233
3012 56
3013 188
3014 246
3016 12
3018 109
3020 132
3021 176
3022 43
3023 29
3024 196
3025 132
3026 16
3027 4
3028 86
3029 125
3031 128
3034 171
3035 144
3036 31
3038 53
3039 12
3040 224
3041 148
3042 102
3043 212
3044 76
3045 132
3046 147
3047 39
3048 21
3049 35
3050 140
3053 31
3054 49
3056 182
3057 238
3058 150
3059 185
3060 11
3061 102
3063 238
3064 37
3066 64
3067 0
3068 106
3069 117
3071 233
3072 155
3074 22
3075 206
3076 78
3077 45
3078 185
3080 199
3081 183
3082 148
3083 203
3084 88
3085 135
3086 215
3087 42
3088 95
3089 196
3090 170
3093 104
3095 105
3096 113
3097 196
3098 115
3101 197
3102 209
3103 53
3104 184
3105 49
3106 144
3109 147
3110 139
3111 81
3112 101
3113 18
3115 104
3116 176
3117 1
3118 17
3119 90
3120 33
3121 0
3122 32
3123 52
3124 44
3126 10
3127 203
3130 29
3133 31
3134 131
3140 10
3141 224
3144 189
3145 215
3146 203
3147 8
3150 201
3151 72
3152 4
3154 169
3156 230
3158 33
3159 108
3162 80
3163 4
3165 123
3166 99
3167 76
3168 150
3169 11
3171 225
3173 166
3174 186
3176 169
3179 233
3180 246
3181 111
3182 45
3183 106
3184 198
3185 190
3186 241
3187 201
3188 68
3189 94
3191 149
3192 12
3194 23
3195 208
3196 31
3197 155
3198 143
3201 64
3202 12
3204 249
3208 20
3212 202
3213 244
3214 22
3216 161
3217 51
3218 166
3219 95
3220 4
3221 173
3222 37
3224 230
3225 121
3226 191
3227 75
3230 0
3231 94
3233 83
3234 77
3235 184
3237 7
3240 211
3243 102
3245 27
3246 56
3247 94
3248 58
3250 0
3253 192
3254 159
3256 124
3257 46
3258 164
3259 115
3261 202
3262 192
3263 105
3264 143
3265 21
3266 24
3268 140
3269 24
3270 55
3271 103
3272 218
3273 22
3274 242
3275 170
3276 229
3277 14
3278 161
3279 82
3280 31
3281 181
3282 51
3283 96
3284 73
3285 187
3286 137
3287 158
3288 81
3289 18
3290 108
3291 141
3292 0
3293 246
3294 62
3295 135
3296 135
3297 144
3301 58
3302 0
3306 132
3307 220
3308 182
3309 196
3310 36
3312 56
3314 113
3315 195
3316 4
3317 61
3318 42
3322 162
3325 208
3326 6
3327 189
3328 78
3329 159
3333 66
3335 147
3336 195
3337 144
3339 95
3340 64
3342 61
3343 141
3345 157
3347 111
3350 211
3351 171
3352 164
3353 47
3354 83
3355 114
3356 25
3357 161
3359 0
3362 47
3363 209
3367 4
3368 82
3369 174
3370 228
3371 31
3373 236
3374 211
3375 50
3376 142
3377 75
3379 57
3380 169
3382 120
3383 182
3384 38
3385 175
3386 10
3387 88
3388 15
3389 210
3391 138
3392 115
3393 35
3394 0
3397 208
3399 201
3402 239
3403 117
3404 181
3405 180
3406 45
3407 20
3409 246
3412 29
3413 31
3414 148
3415 237
3416 113
3417 196
3418 170
3420 192
3421 184
3422 203
3423 93
3424 206
3426 90
3428 72
3430 247
3432 132
3433 229
3434 117
3435 208
3439 114
3440 90
3442 167
3443 72
3444 106
3445 46
3447 177
3448 106
3449 238
3451 139
3452 144
3453 246
3454 163
3455 240
3456 152
3457 173
3458 87
3460 142
3461 217
3462 37
3464 33
3465 56
3466 177
3467 135
3470 230
3471 108
3472 230
3473 233
3474 90
3475 16
3476 182
3477 1
3478 208
3481 68
3482 140
3485 235
3486 37
3487 72
3490 244
3491 61
3493 89
3494 48
3495 167
3496 105
3497 20
3499 31
3500 44
3501 169
3502 192
3503 215
3504 14
3506 135
3507 76
3509 50
3511 132
3513 89
3514 237
3515 114
3516 54
3517 145
3520 53
3521 169
3523 109
3525 1
3526 115
3527 103
3528 222
3529 35
3531 48
3532 79
3533 45
3534 53
3535 53
3536 139
3537 17
3538 21
3539 187
3540 32
3541 230
3543 167
3544 95
3545 115
3546 160
3548 70
3549 95
3550 247
3551 72
3552 8
3553 145
3554 70
3555 179
3556 182
3557 144
3558 124
3559 105
3561 117
3562 68
3565 233
3566 154
3568 115
3569 210
3571 83
3572 0
3575 192
3579 140
3582 95
3583 37
3584 89
3586 235
3588 68
3590 38
3591 46
3592 61
3593 66
3594 158
3596 75
3598 25
3600 111
3602 109
3604 29
3606 57
3610 212
3612 181
3613 137
3615 57
3616 191
3617 188
3618 229
3622 124
3623 114
3624 18
3625 159
3626 161
3627 53
3630 200
3633 173
3635 83
3637 172
3638 35
3639 196
3640 12
3642 195
3645 208
3646 126
3647 196
3648 122
3649 29
3650 42
3651 194
3653 8
3655 84
3656 52
3657 134
3658 226
3660 69
3661 193
3662 112
3663 69
3664 210
3665 212
3667 210
3668 21
3669 174
3672 160
3673 120
3675 40
3677 150
3679 186
3681 196
3683 120
3685 181
3686 103
3688 244
3689 131
3690 247
3691 201
3693 90
3695 138
3696 72
3697 237
3698 10
3699 136
3700 223
3701 223
3702 148
3704 161
3705 162
3706 141
3707 49
3713 138
3714 74
3715 83
3716 224
3717 114
3718 132
3719 187
3720 14
3721 8
3722 9
3725 83
3726 4
3727 68
3729 211
3730 174
3733 12
3735 212
3736 70
3737 182
3738 249
3739 54
3741 95
3743 176
3744 91
3745 1
3747 246
3748 73
3749 54
3750 115
3752 232
3753 4
3755 0
3756 66
3757 3
3759 105
3761 90
3762 62
3764 59
3765 185
3767 244
3770 47
3771 241
3778 56
3779 172
3781 15
3783 33
3785 196
3786 95
3787 45
3788 223
3790 27
3791 189
3795 125
3797 84
3798 159
3799 35
3800 71
3802 79
3803 98
3804 98
3806 89
3807 199
3810 166
3812 24
3813 27
3814 222
3815 159
3816 243
3817 217
3819 111
3820 59
3821 212
3822 20
3824 71
3825 144
3826 90
3828 134
3832 230
3833 89
3834 147
3835 31
3837 20
3838 160
3839 42
3841 58
3843 208
3844 246
3848 53
3849 239
3850 128
3851 127
3852 91
3855 115
3856 196
3858 56
3859 168
3861 126
3863 108
3865 64
3866 128
3867 224
3868 56
3870 114
3871 89
3874 237
3875 110
3876 0
3877 18
3878 205
3879 135
3881 124
3883 120
3884 215
3886 102
3887 78
3888 123
3889 147
3891 57
3892 68
3894 124
3896 137
3901 229
3902 144
3904 193
3905 84
3907 159
3908 89
3909 22
3910 140
3912 172
3913 4
3914 42
3915 173
3916 41
3918 84
3919 172
3920 67
3921 13
3922 120
3924 45
3925 25
3926 162
3927 15
3928 29
3930 211
3931 201
3932 57
3935 160
3936 199
3937 11
3941 249
3942 211
3943 7
3945 217
3946 105
3947 93
3949 4
3950 148
3951 148
3954 38
3957 89
3958 12
3959 197
3960 75
3961 161
3962 240
3964 182
3965 81
3968 142
3971 48
3972 62
3976 199
3978 42
3979 63
3980 76
3981 182
3982 159
3983 16
3985 125
3986 201
3987 133
3988 73
3989 114
3990 105
3991 58
3994 182
3997 173
3998 248
3999 243
4000 177
4001 194
4002 196
4003 107
4004 248
4006 87
4011 160
4012 150
4013 148
4014 202
4016 221
4018 122
4019 115
4020 189
4021 224
4022 213
4023 135
4024 169
4026 90
4027 74
4028 64
4029 158
4030 132
4031 68
4032 4
4034 31
4035 179
4038 179
4039 187
4040 181
4043 73
4044 37
4045 113
4047 119
4051 90
4052 69
4054 192
4055 118
4056 11
4057 105
4059 193
4060 235
4063 90
4065 123
4066 246
4067 134
4068 3
4071 118
4072 64
4074 246
4076 53
4078 47
4080 159
4081 6
4082 247
4083 111
4085 127
4086 31
4087 135
4088 182
4090 235
4091 224
4092 115
4093 17
4094 155
4095 53
4096 183
4097 21
4100 111
4103 201
4104 243
4105 29
4107 182
4110 82
4111 208
4113 13
4114 0
4116 16
4117 141
4119 124
4121 107
4123 113
4124 209
4125 83
4126 15
4128 90
4129 193
4132 181
4133 9
4135 103
4136 47
4137 9
4138 133
4143 110
4145 227
4147 239
4148 87
4149 58
4153 101
4154 217
4155 239
4158 39
4159 127
4160 160
4161 87
4162 94
4163 241
4165 134
4166 189
4167 56
4169 226
4171 59
4173 106
4175 114
4176 138
4178 171
4179 22
4180 120
4181 176
4183 170
4185 58
4188 210
4190 41
4191 202
4192 88
4193 120
4194 21
4195 226
4196 105
4197 208
4198 66
4199 148
4200 232
4201 3
4202 80
4203 18
4208 39
4209 126
4210 51
4211 48
4213 92
4214 5
4215 148
4216 248
4218 248
4219 37
4221 183
4223 224
4224 108
4226 87
4227 200
4229 36
4230 37
4231 216
4233 31
4234 86
4235 248
4237 142
4239 62
4240 114
4241 114
4242 38
4243 171
4244 229
4245 132
4248 22
4250 132
4253 243
4255 121
4256 19
4258 182
4260 126
4261 199
4262 53
4265 182
4268 120
4269 210
4274 123
4275 247
4276 129
4277 217
4279 68
4281 33
4282 233
4283 229
4284 203
4285 82
4286 31
4287 122
4288 232
4289 116
4291 21
4292 103
4294 61
4295 31
4296 84
4297 233
4298 200
4299 8
4301 188
4303 126
4304 233
4309 229
4310 86
4311 105
4312 169
4313 244
4316 115
4317 10
4318 173
4321 103
4322 202
4323 42
4326 81
4327 1
4329 120
4330 208
4331 27
4332 84
4335 16
4336 135
4337 24
4339 160
4340 39
4341 161
4342 7
4343 3
4344 236
4345 57
4350 139
4351 54
4355 215
4356 241
4360 52
4361 195
4362 150
4364 3
4365 38
4366 114
4367 9
4368 16
4370 39
4372 120
4374 27
4377 69
4379 156
4380 122
4382 72
4383 38
4385 208
4386 103
4387 29
4388 203
4389 122
4390 21
4391 126
4392 4
4393 211
4395 238
4396 149
4397 126
4400 105
4402 198
4405 31
4407 173
4409 158
4410 161
4411 59
4413 12
4415 6
4417 218
4418 222
4419 53
4420 162
4421 54
4422 95
4424 60
4425 35
4428 16
4429 215
4430 76
4434 61
4435 51
4436 151
4437 59
4438 103
4439 194
4440 45
4442 64
4443 242
4445 9
4446 70
4448 192
4449 159
4451 111
4453 177
4454 225
4455 201
4457 167
4459 14
4463 182
4465 111
4467 202
4468 103
4471 177
4472 150
4473 183
4475 58
4477 9
4478 233
4479 120
4480 139
4481 239
4483 171
4485 173
4487 75
4488 23
4489 223
4492 194
4494 248
4495 194
4497 89
4499 209
4502 155
4503 42
4506 105
4507 197
4508 11
4509 233
4510 209
4511 32
4512 55
4514 79
4515 200
4518 230
4519 199
4520 225
4521 21
4522 103
4525 31
4526 47
4527 202
4528 148
4531 91
4532 86
4536 91
4537 92
4539 126
4540 125
4542 229
4544 20
4546 110
4548 216
4549 133
4551 39
4552 22
4558 31
4561 97
4562 229
4565 157
4567 235
4568 49
4569 83
4571 128
4573 48
4574 161
4575 108
4579 62
4580 103
4582 103
4583 18
4584 97
4585 139
4587 159
4588 145
4589 28
4590 0
4591 247
4592 33
4595 247
4596 197
4597 99
4598 70
4600 54
4601 195
4603 47
4604 44
4605 21
4606 90
4608 218
4609 112
4610 22
4611 217
4612 231
4613 216
4616 57
4618 87
4624 104
4625 107
4626 11
4628 226
4630 178
4631 128
4632 186
4633 192
4635 168
4636 112
4639 70
4640 196
4642 53
4643 134
4644 77
4645 87
4647 111
4649 216
4652 54
4653 84
4655 115
4656 156
4657 150
4658 169
4659 159
4661 237
4662 14
4665 193
4669 182
4670 111
4671 199
4672 205
4674 233
4675 122
4677 51
4680 42
4681 55
4682 109
4683 19
4684 182
4687 176
4690 230
4691 22
4692 105
4696 234
4697 195
4698 140
4700 18
4701 217
4702 128
4704 62
4705 174
4708 4
4710 150
4711 61
4714 84
4715 176
4716 9
4717 92
4718 126
4722 139
4723 24
4725 73
4726 38
4727 11
4728 53
4729 159
4731 24
4732 134
4733 117
4734 15
4735 131
4736 205
4739 49
4740 82
4742 128
4743 109
4744 22
4747 48
4748 20
4749 132
4751 59
4752 24
4753 150
4755 139
4756 90
4757 120
4758 61
4762 35
4764 51
4765 126
4766 4
4768 217
4771 173
4775 84
4777 51
4778 97
4780 15
4781 83
4782 70
4785 150
4787 87
4788 137
4789 47
4790 72
4791 249
4792 115
4793 127
4794 141
4795 108
4799 131
4800 54
4802 230
4804 41
4805 112
4808 10
4811 73
4814 155
4815 111
4818 94
4820 247
4821 163
4822 75
4824 10
4828 82
4829 214
4830 174
4831 42
4833 149
4834 117
4835 32
4836 29
4837 229
4839 42
4840 246
4841 9
4842 208
4843 32
4844 47
4846 186
4848 31
4850 175
4851 83
4852 104
4853 123
4854 86
4855 55
4856 111
4857 22
4858 192
4860 91
4861 116
4862 62
4863 28
4865 20
4868 178
4869 47
4870 44
4871 108
4872 22
4874 30
4875 9
4878 86
4879 114
4881 241
4882 14
4884 126
4886 244
4887 39
4889 238
4890 89
4892 83
4896 169
4897 169
4898 90
4900 4
4901 103
4902 218
4906 37
4908 159
4909 10
4911 30
4912 238
4913 218
4916 235
4917 177
4918 32
4920 229
4921 70
4922 191
4923 127
4926 21
4927 96
4929 192
4930 57
4931 29
4932 155
4933 49
4934 51
4937 105
4938 172
4941 45
4944 87
4945 28
4946 197
4947 114
4951 171
4952 177
4953 172
4955 72
4956 14
4957 166
4959 40
4962 64
4966 55
4968 12
4970 200
4971 72
4972 81
4974 90
4976 93
4979 184
4982 96
4985 201
4986 247
4987 83
4988 247
4989 10
4991 61
4992 97
4994 191
4995 241
4997 127
4998 4
4999 64
