0 0
1 0
2 -1
3 0
5 -1
6 0
7 0
8 0
9 0
10 0
11 0
12 0
13 -1
14 0
15 0
16 0
17 0
18 0
20 0
21 0
22 0
23 0
24 0
25 -1
26 0
27 0
28 0
29 0
30 1
31 0
32 0
33 0
34 1
35 0
36 0
37 0
38 0
39 0
40 0
42 0
43 0
44 -1
45 0
46 0
47 0
48 0
49 0
50 0
51 -1
52 0
53 0
54 -1
56 -1
57 -1
58 0
59 0
60 -1
62 0
63 0
64 0
65 0
66 0
67 0
68 0
69 1
70 -1
71 0
72 0
73 0
75 0
76 0
77 0
78 -1
79 -1
80 0
81 0
83 0
84 -1
85 0
86 0
87 0
88 0
90 0
91 0
92 0
93 0
94 0
95 0
96 0
97 0
98 0
99 0
101 -1
102 0
103 0
104 0
105 0
106 -1
107 0
108 0
109 0
110 0
112 -1
114 0
115 0
116 0
117 0
119 0
120 0
121 0
122 0
123 -1
124 -1
125 0
126 0
127 -1
128 -1
129 -1
130 0
132 -1
133 0
134 0
135 0
136 0
137 -1
138 0
139 0
140 0
141 0
142 -1
143 0
144 0
146 0
147 0
148 0
150 0
151 0
152 0
153 -1
154 0
155 0
156 0
157 0
158 0
159 -1
160 0
161 0
162 0
163 0
164 0
165 -1
166 0
167 0
168 -1
169 0
170 0
171 0
172 0
173 0
174 0
175 0
176 0
177 0
178 0
179 0
180 0
181 -1
182 0
183 0
184 0
185 0
186 -1
187 0
188 0
189 0
190 0
191 0
192 -1
193 0
194 0
195 0
196 -1
197 0
198 -1
199 0
200 0
201 0
202 0
203 0
204 0
206 0
207 -1
208 0
209 0
211 0
212 0
213 0
214 -1
215 0
216 -1
217 -1
218 0
219 -1
220 1
221 0
222 -1
223 0
224 0
225 0
226 0
227 -1
228 0
229 0
230 0
231 2
232 0
233 0
235 0
236 0
237 -1
238 0
239 -1
240 0
241 -1
242 0
244 -1
245 0
246 0
247 0
248 0
249 0
250 0
251 0
252 -1
254 -1
256 0
257 0
258 0
259 1
260 -1
261 0
262 0
263 0
264 0
265 -1
266 0
267 0
268 0
269 -1
270 0
271 0
272 0
273 -1
274 0
275 0
277 0
278 0
279 0
280 -1
282 0
283 0
284 3
285 0
286 0
287 0
288 0
289 0
290 0
291 0
292 -1
293 0
294 0
295 0
296 -1
297 0
298 0
299 0
300 0
301 -1
302 0
303 0
304 -1
305 0
306 -1
307 0
308 0
309 0
310 0
312 -1
313 0
314 0
315 0
316 0
317 0
318 0
319 0
320 0
321 0
322 0
323 0
324 0
325 0
326 0
327 0
328 0
329 0
330 0
331 0
332 0
333 0
334 0
335 0
337 0
338 0
339 0
340 -1
341 0
342 -1
344 0
345 0
346 0
347 0
348 -1
349 0
350 0
351 0
352 0
353 0
354 0
356 0
357 -1
358 -1
359 -1
360 0
361 0
362 0
363 0
364 0
365 0
366 0
367 0
368 0
369 0
370 0
372 0
373 0
374 -1
375 0
376 0
377 0
378 0
379 -1
380 0
381 2
382 0
383 -1
384 0
385 0
386 0
387 0
388 0
389 0
390 -1
391 0
392 0
393 0
394 -1
395 0
396 0
397 0
399 0
400 -1
401 0
402 0
403 -1
404 0
405 0
406 0
407 0
408 -1
409 0
410 0
411 -1
412 0
413 -1
414 0
415 0
416 -1
417 0
418 0
419 0
420 0
422 0
423 0
424 0
425 0
426 0
427 -1
428 0
429 0
430 -1
431 -1
432 0
433 0
434 0
435 0
436 0
437 0
438 0
440 0
441 0
442 0
443 0
444 0
445 -1
446 0
447 0
448 0
449 0
450 -1
451 0
452 0
453 0
454 0
455 0
457 0
458 0
459 0
460 -1
461 0
462 0
463 0
464 0
465 -1
466 0
467 -1
468 0
469 0
470 0
471 -1
472 0
473 -1
474 0
475 -1
476 0
477 0
478 0
479 0
480 -1
481 0
482 0
483 -1
484 0
485 0
486 0
487 0
489 0
490 -1
491 -1
492 0
493 0
494 -1
495 0
496 0
497 0
498 0
499 0
501 0
502 0
503 0
506 0
509 -1
510 0
511 -1
512 0
513 0
516 0
518 -1
519 3
520 0
521 0
522 0
523 0
524 0
525 -1
527 0
528 0
529 0
530 0
531 0
532 0
533 0
534 0
535 0
536 -1
537 0
539 -1
540 0
541 0
542 0
543 -1
544 0
545 0
546 0
547 -1
549 0
550 0
551 0
552 0
553 0
554 -1
555 0
556 0
557 0
558 -1
559 0
560 0
562 0
563 -1
564 0
567 0
568 -1
569 0
570 0
571 0
572 -1
573 0
574 0
575 -1
576 0
577 0
578 0
580 0
581 0
582 0
583 -1
584 0
585 0
586 -1
587 0
588 0
589 0
590 0
592 0
594 0
595 0
596 -1
597 0
598 0
599 0
600 0
601 0
602 -1
605 0
606 0
607 0
608 0
609 0
610 0
611 0
612 0
613 0
614 0
615 0
616 0
617 0
618 0
619 0
620 -1
621 -1
622 0
623 -1
624 0
625 0
626 0
627 0
628 0
629 0
630 0
631 -1
632 0
633 0
634 0
635 0
636 0
637 0
638 0
639 0
640 -1
641 0
642 0
643 2
644 0
645 0
646 0
647 -1
648 -1
651 0
652 -1
653 0
654 0
655 -1
656 0
657 0
658 0
659 0
660 -1
661 0
662 0
663 0
664 0
665 -1
666 0
667 0
668 -1
670 0
671 0
672 -1
673 0
674 -1
675 0
676 0
678 0
679 0
680 0
681 0
682 0
684 0
685 0
686 0
687 0
688 0
689 -1
690 0
691 0
692 0
693 -1
694 0
695 0
696 0
697 0
698 0
699 0
701 0
702 -1
703 -1
705 0
706 0
707 0
708 0
709 0
710 -1
711 0
712 0
713 0
714 -1
716 0
717 -1
718 0
720 -1
722 0
723 0
724 -1
725 0
726 0
727 0
728 -1
729 0
730 0
731 0
732 0
733 0
734 0
735 0
736 0
737 0
738 -1
739 0
740 0
741 0
742 -1
743 0
744 0
745 0
746 0
747 0
748 0
749 0
751 -1
752 -1
753 0
754 0
755 0
756 0
757 0
758 0
760 0
761 0
762 0
764 0
765 0
766 0
767 0
768 -1
769 0
770 0
771 0
772 0
773 0
774 0
775 0
776 -1
777 0
778 0
779 0
780 0
781 0
782 0
783 0
784 -1
785 0
787 0
790 0
793 -1
794 0
795 1
796 0
797 0
798 0
799 0
800 0
801 -1
802 0
803 -1
804 0
805 0
806 0
807 0
808 4
809 0
810 0
811 0
812 0
813 -1
814 0
815 0
817 0
818 0
819 0
820 -1
821 0
822 0
823 0
824 0
826 -1
827 -1
828 4
829 -1
830 0
831 0
832 0
833 -1
834 0
835 0
836 -1
837 0
838 0
840 0
841 0
843 0
846 -1
847 -1
848 0
849 0
850 0
852 0
853 0
855 -1
856 0
857 0
858 0
859 -1
860 -1
861 0
862 0
863 0
864 0
865 0
866 0
867 0
868 0
869 0
871 0
872 0
873 -1
874 -1
875 -1
876 0
877 0
878 0
879 0
881 -1
882 0
883 0
884 0
885 0
888 0
889 0
890 0
891 0
892 0
893 -1
894 0
895 0
896 0
897 0
898 0
899 -1
900 0
901 0
902 0
903 -1
904 0
905 0
906 -1
907 0
909 -1
910 0
911 0
912 0
913 0
914 0
915 0
916 0
917 0
918 0
919 0
920 0
921 0
922 0
923 -1
924 -1
925 -1
926 0
927 0
928 0
929 0
930 0
931 0
932 -1
933 0
934 0
936 0
938 0
939 0
940 0
941 0
942 0
943 0
944 -1
946 0
947 0
948 0
949 0
950 0
953 0
954 0
955 0
956 0
957 0
958 0
959 0
960 0
961 0
962 0
963 0
964 0
965 0
967 0
968 0
969 0
970 0
971 0
972 0
973 0
974 -1
975 0
977 0
978 0
979 0
980 -1
981 0
982 0
983 0
984 0
985 0
987 0
988 0
989 0
990 0
991 0
992 0
993 0
994 -1
995 0
996 0
998 0
999 0
1000 -1
1001 0
1002 0
1003 0
1004 0
1005 -1
1006 0
1009 0
1010 0
1011 0
1013 0
1014 -1
1015 0
1016 0
1017 0
1019 0
1020 -1
1021 -1
1022 0
1023 0
1024 0
1025 -1
1027 0
1028 0
1029 0
1030 0
1031 0
1032 -1
1034 0
1035 0
1036 0
1037 -1
1038 -1
1040 -1
1042 0
1044 0
1045 0
1046 -1
1047 0
1048 0
1049 -1
1050 0
1052 0
1053 0
1054 0
1055 0
1057 0
1058 0
1059 -1
1060 0
1061 -1
1062 0
1063 0
1064 0
1065 -1
1066 0
1067 0
1068 0
1069 0
1070 0
1071 0
1072 0
1074 0
1075 0
1076 -1
1077 0
1078 0
1079 0
1080 0
1081 -1
1082 -1
1083 0
1084 -1
1085 0
1086 0
1087 0
1088 0
1089 0
1090 -1
1091 -1
1092 0
1093 0
1094 0
1095 -1
1097 0
1098 -1
1099 0
1100 0
1101 0
1103 0
1104 -1
1105 0
1106 -1
1107 0
1108 0
1110 0
1111 0
1112 0
1113 -1
1114 0
1115 0
1116 -1
1117 0
1118 0
1119 0
1120 0
1121 0
1122 -1
1123 0
1124 0
1125 0
1126 -1
1127 0
1128 0
1129 -1
1130 0
1131 0
1133 0
1134 0
1135 0
1137 0
1139 0
1140 0
1141 0
1142 0
1143 0
1144 0
1145 0
1146 0
1147 0
1148 -1
1149 0
1150 0
1151 -1
1154 0
1155 0
1158 0
1159 0
1160 -1
1162 0
1163 -1
1165 0
1166 0
1167 0
1168 0
1169 0
1170 -1
1171 0
1172 -1
1173 0
1177 0
1178 0
1179 0
1180 0
1181 0
1183 0
1184 -1
1185 0
1186 0
1187 0
1188 0
1189 -1
1190 0
1191 0
1192 0
1193 0
1194 0
1195 -1
1196 0
1197 0
1198 0
1200 0
1201 0
1203 0
1205 0
1206 0
1207 0
1209 0
1210 0
1211 0
1212 -1
1213 0
1214 0
1215 0
1216 -1
1217 0
1218 0
1219 0
1220 0
1221 0
1222 -1
1223 0
1225 0
1226 -1
1227 -1
1228 0
1229 0
1230 0
1232 0
1234 0
1235 0
1237 0
1238 0
1239 0
1240 0
1241 0
1242 0
1243 0
1245 0
1246 0
1247 0
1248 0
1249 -1
1250 0
1251 0
1252 0
1253 0
1255 -1
1256 -1
1257 0
1258 0
1259 0
1260 0
1261 4
1262 0
1263 -1
1265 -1
1266 0
1267 0
1269 0
1270 -1
1271 2
1272 -1
1273 0
1274 0
1275 0
1277 0
1278 0
1279 0
1281 0
1283 0
1284 0
1285 0
1286 0
1289 -1
1290 0
1291 -1
1292 -1
1293 0
1294 0
1295 0
1296 0
1297 -1
1298 0
1299 -1
1300 0
1302 0
1303 0
1305 -1
1306 0
1307 -1
1308 0
1310 -1
1311 0
1313 0
1314 -1
1315 0
1316 0
1319 0
1320 -1
1321 0
1323 0
1324 0
1325 0
1326 0
1327 0
1328 0
1329 -1
1330 0
1332 0
1333 -1
1334 0
1335 0
1336 0
1337 0
1339 0
1340 0
1341 -1
1343 0
1344 0
1345 0
1346 0
1347 0
1348 0
1349 0
1350 -1
1351 0
1352 0
1354 0
1355 0
1357 -1
1358 0
1359 0
1360 -1
1361 -1
1362 0
1363 0
1364 0
1365 0
1366 0
1367 0
1368 0
1369 -1
1372 0
1373 0
1374 -1
1375 0
1376 0
1377 0
1378 0
1380 0
1381 0
1382 0
1384 0
1385 0
1387 0
1388 0
1389 0
1391 0
1392 -1
1393 0
1394 0
1396 0
1397 0
1399 0
1400 0
1401 0
1402 0
1403 0
1404 0
1405 0
1406 0
1410 0
1411 0
1412 -1
1413 -1
1414 0
1415 0
1416 -1
1417 -1
1418 0
1419 0
1420 0
1421 0
1422 0
1423 0
1425 0
1426 0
1427 -1
1429 0
1431 1
1432 0
1433 0
1434 0
1436 0
1438 0
1439 2
1440 0
1441 -1
1442 -1
1443 0
1444 -1
1445 0
1446 -1
1447 0
1448 0
1449 0
1450 0
1451 0
1452 0
1454 0
1455 0
1456 0
1457 0
1459 -1
1460 -1
1461 0
1462 0
1463 0
1464 -1
1465 0
1466 0
1467 0
1468 -1
1469 0
1470 0
1471 0
1472 0
1473 4
1474 0
1475 -1
1476 0
1479 0
1480 0
1481 3
1482 0
1483 0
1484 0
1486 -1
1487 0
1490 0
1491 0
1492 0
1493 0
1495 0
1496 0
1497 0
1498 0
1499 0
1500 0
1502 0
1503 0
1504 0
1506 0
1507 0
1508 0
1509 0
1510 0
1512 0
1515 0
1517 0
1518 0
1520 -1
1521 0
1522 0
1523 0
1524 0
1525 0
1526 0
1527 0
1528 0
1529 0
1530 0
1531 0
1532 0
1534 0
1535 0
1536 0
1537 0
1538 0
1540 0
1541 0
1542 -1
1543 0
1544 0
1545 0
1546 -1
1547 0
1549 0
1551 0
1552 0
1553 0
1554 0
1555 -1
1556 0
1557 -1
1558 0
1560 0
1563 0
1565 -1
1566 0
1567 0
1568 -1
1570 0
1572 0
1573 -1
1574 0
1575 0
1576 0
1577 0
1579 0
1581 0
1582 0
1585 0
1586 0
1587 0
1588 0
1589 -1
1590 0
1591 0
1593 0
1595 0
1599 -1
1601 0
1602 0
1603 0
1604 4
1605 0
1607 0
1609 0
1610 0
1611 0
1613 0
1614 -1
1615 0
1616 0
1617 0
1618 -1
1619 0
1621 0
1623 0
1625 0
1626 0
1628 -1
1629 0
1630 0
1632 -1
1633 0
1635 0
1636 -1
1637 0
1639 0
1640 0
1643 0
1644 0
1645 0
1646 0
1648 0
1650 0
1651 0
1652 0
1653 -1
1654 0
1655 0
1657 0
1658 0
1659 0
1660 0
1661 -1
1662 0
1663 -1
1664 -1
1665 0
1666 -1
1667 0
1668 0
1669 -1
1670 -1
1671 0
1674 0
1676 0
1677 0
1678 0
1679 0
1681 0
1682 0
1684 0
1685 0
1686 -1
1687 0
1688 0
1689 0
1691 0
1692 0
1694 -1
1695 0
1696 0
1697 0
1698 0
1699 0
1701 0
1702 -1
1703 -1
1704 0
1705 0
1706 0
1707 0
1708 0
1709 0
1712 -1
1713 0
1715 0
1716 0
1718 0
1719 0
1720 0
1721 0
1722 0
1723 -1
1724 0
1725 0
1726 0
1727 0
1728 0
1730 0
1732 0
1733 0
1734 0
1735 0
1736 -1
1737 0
1738 -1
1739 0
1740 0
1741 0
1742 0
1743 0
1747 0
1748 0
1749 0
1750 0
1751 0
1752 0
1753 0
1754 0
1755 0
1756 0
1757 -1
1758 0
1759 0
1761 -1
1764 0
1765 0
1766 0
1767 0
1768 0
1769 -1
1771 0
1772 0
1774 0
1775 0
1776 0
1777 -1
1778 -1
1779 -1
1780 0
1781 -1
1782 -1
1783 0
1784 -1
1785 0
1786 0
1788 0
1789 -1
1790 -1
1791 -1
1792 0
1793 0
1794 0
1795 0
1796 0
1797 0
1799 0
1801 0
1802 -1
1804 0
1805 0
1806 0
1807 0
1808 -1
1810 0
1811 0
1813 0
1815 0
1816 -1
1817 0
1818 0
1819 0
1820 0
1821 0
1822 0
1824 -1
1825 0
1826 0
1827 0
1829 0
1830 0
1831 0
1832 0
1833 0
1834 0
1837 0
1839 0
1840 0
1841 0
1842 -1
1843 -1
1845 0
1846 0
1847 0
1848 0
1849 0
1850 0
1851 -1
1853 0
1854 0
1855 0
1857 0
1860 0
1861 0
1863 0
1864 0
1865 0
1866 0
1867 0
1868 0
1869 0
1871 0
1873 0
1874 0
1875 0
1876 0
1877 0
1878 0
1879 0
1880 0
1881 0
1882 0
1883 0
1884 0
1885 0
1887 0
1889 0
1890 0
1891 -1
1894 -1
1895 0
1896 0
1897 0
1899 0
1900 0
1902 0
1904 0
1906 0
1907 0
1908 0
1909 -1
1910 0
1911 0
1912 -1
1913 -1
1914 -1
1915 0
1916 0
1917 0
1918 0
1919 0
1920 -1
1921 0
1923 0
1924 0
1925 -1
1926 0
1927 0
1928 -1
1929 0
1931 0
1933 0
1934 0
1935 0
1936 0
1938 0
1939 0
1940 0
1941 0
1942 0
1943 0
1944 -1
1947 0
1948 0
1949 0
1950 0
1952 0
1953 -1
1954 -1
1955 0
1957 0
1959 0
1962 -1
1964 -1
1966 -1
1967 0
1968 0
1969 0
1970 0
1972 0
1973 0
1974 0
1976 0
1977 0
1978 -1
1979 0
1980 0
1982 0
1983 0
1985 -1
1986 0
1987 0
1991 0
1992 0
1993 0
1994 -1
1995 -1
1997 0
1998 -1
2000 0
2001 0
2003 0
2006 0
2008 0
2009 0
2010 0
2011 0
2012 0
2013 0
2014 0
2016 0
2018 0
2019 -1
2020 0
2021 0
2022 -1
2024 0
2025 0
2026 0
2027 0
2028 0
2029 0
2031 0
2032 0
2033 -1
2034 0
2035 0
2036 0
2037 0
2039 0
2040 0
2041 0
2042 0
2043 0
2044 0
2045 0
2046 0
2047 0
2049 0
2050 0
2051 0
2053 0
2054 0
2055 -1
2056 0
2057 -1
2058 0
2059 0
2061 0
2062 -1
2063 0
2065 0
2067 0
2068 0
2069 0
2070 0
2071 0
2072 0
2073 0
2075 0
2076 -1
2077 0
2079 0
2081 0
2082 0
2083 0
2084 0
2085 0
2086 0
2088 0
2089 0
2091 0
2092 0
2093 -1
2094 0
2096 0
2099 0
2100 0
2101 0
2104 0
2105 0
2107 0
2108 0
2109 0
2110 0
2111 0
2113 0
2115 0
2116 0
2117 0
2118 0
2119 0
2121 0
2122 0
2123 -1
2124 0
2125 0
2126 -1
2127 0
2128 0
2129 0
2130 0
2131 0
2133 -1
2135 0
2136 0
2137 0
2138 0
2139 0
2141 0
2142 -1
2143 0
2144 0
2145 0
2147 0
2148 0
2150 0
2151 0
2152 0
2153 0
2154 -1
2155 0
2156 0
2157 -1
2158 0
2160 0
2161 0
2162 0
2163 -1
2164 0
2167 0
2168 0
2170 -1
2171 0
2172 0
2174 0
2175 0
2176 0
2177 0
2178 0
2181 -1
2182 0
2183 0
2184 0
2185 0
2187 0
2188 -1
2190 -1
2191 0
2192 0
2196 0
2197 0
2198 0
2200 0
2201 -1
2203 0
2204 0
2206 0
2211 -1
2213 -1
2214 0
2215 0
2217 0
2219 0
2220 0
2221 0
2222 0
2226 0
2227 0
2229 0
2230 -1
2232 0
2233 0
2235 0
2236 0
2238 0
2239 -1
2240 0
2241 0
2242 -1
2243 0
2244 0
2245 0
2246 0
2247 -1
2248 0
2249 0
2253 -1
2254 0
2257 0
2259 0
2260 0
2261 0
2263 -1
2265 0
2266 0
2267 0
2268 0
2270 0
2272 -1
2274 0
2277 0
2279 0
2280 -1
2281 0
2282 0
2283 0
2284 0
2286 0
2287 0
2288 0
2289 0
2290 0
2292 0
2293 0
2294 0
2295 0
2296 -1
2297 0
2299 0
2300 0
2301 0
2302 0
2303 0
2304 0
2305 0
2306 0
2307 0
2308 0
2309 0
2310 0
2311 0
2312 0
2313 0
2314 -1
2315 0
2316 -1
2317 -1
2318 0
2319 0
2321 0
2322 0
2323 0
2324 0
2325 0
2326 0
2327 0
2328 -1
2329 0
2331 -1
2332 0
2333 0
2334 0
2335 0
2336 0
2337 0
2338 -1
2339 0
2340 0
2341 0
2342 0
2343 0
2344 -1
2346 0
2347 -1
2348 0
2349 0
2350 -1
2352 0
2353 0
2354 0
2355 0
2357 0
2358 0
2361 0
2363 0
2364 0
2365 -1
2366 0
2367 0
2369 0
2370 0
2371 0
2373 0
2374 0
2375 0
2376 0
2378 0
2379 0
2380 -1
2381 0
2382 0
2384 0
2385 0
2386 0
2387 0
2389 -1
2390 0
2391 0
2392 0
2393 0
2394 0
2395 0
2397 0
2398 0
2399 0
2401 0
2403 -1
2404 0
2405 -1
2406 0
2407 0
2410 0
2412 0
2413 0
2414 0
2415 0
2416 0
2417 -1
2418 0
2420 0
2422 0
2425 0
2426 0
2427 -1
2428 0
2430 0
2431 0
2432 -1
2433 0
2434 0
2435 0
2436 0
2437 0
2438 -1
2439 0
2440 0
2442 0
2443 -1
2444 -1
2445 0
2446 0
2447 0
2450 0
2451 0
2452 0
2453 0
2454 -1
2455 0
2456 0
2457 0
2458 0
2460 0
2461 0
2463 0
2464 0
2465 0
2467 0
2468 -1
2469 -1
2470 0
2471 0
2473 0
2474 0
2475 0
2476 -1
2477 0
2478 0
2479 0
2482 -1
2483 0
2484 0
2485 0
2486 -1
2488 0
2490 0
2491 0
2492 0
2494 -1
2495 0
2497 0
2498 0
2500 0
2501 0
2503 -1
2504 0
2506 0
2507 0
2508 -1
2509 -1
2512 0
2513 0
2514 0
2515 0
2516 0
2517 0
2518 0
2519 0
2520 0
2522 0
2524 0
2525 0
2526 -1
2527 0
2528 0
2529 0
2531 0
2533 0
2534 0
2536 0
2537 0
2538 0
2540 0
2542 0
2543 0
2544 0
2545 0
2546 0
2547 -1
2548 0
2549 0
2550 -1
2551 0
2552 0
2553 0
2555 0
2556 0
2557 0
2558 0
2559 -1
2560 0
2561 0
2562 0
2563 0
2564 0
2566 -1
2567 0
2568 -1
2569 0
2570 0
2571 -1
2572 0
2574 0
2576 0
2577 0
2578 0
2580 0
2582 0
2584 0
2585 -1
2586 -1
2587 0
2589 -1
2590 0
2591 0
2592 0
2593 0
2594 0
2596 0
2597 0
2598 -1
2599 0
2600 0
2603 0
2604 0
2605 0
2606 0
2607 0
2608 -1
2609 0
2610 0
2612 0
2613 0
2614 0
2615 0
2616 0
2617 0
2618 0
2619 0
2621 0
2622 0
2624 0
2625 0
2626 0
2627 0
2629 0
2630 -1
2631 0
2632 0
2633 -1
2634 0
2635 0
2636 0
2637 0
2641 -1
2642 0
2644 -1
2645 0
2647 0
2648 0
2649 0
2650 0
2652 0
2654 0
2655 0
2656 0
2657 0
2658 0
2660 0
2661 0
2664 -1
2665 0
2666 0
2667 0
2668 0
2669 0
2670 0
2671 0
2672 -1
2673 -1
2675 0
2676 -1
2677 0
2678 0
2679 0
2680 -1
2681 0
2682 0
2683 -1
2684 0
2685 0
2686 -1
2688 0
2689 0
2690 0
2691 0
2692 0
2694 0
2695 0
2696 -1
2697 0
2698 0
2699 0
2701 0
2702 0
2703 0
2705 0
2706 -1
2709 0
2710 0
2711 0
2712 0
2713 -1
2714 0
2716 -1
2717 0
2718 0
2721 0
2722 0
2723 -1
2726 0
2728 0
2729 -1
2730 0
2731 0
2732 0
2733 0
2735 -1
2738 0
2739 0
2741 0
2742 0
2743 0
2744 0
2745 -1
2747 1
2748 0
2749 0
2751 0
2752 0
2754 -1
2756 0
2757 -1
2758 -1
2759 0
2760 0
2761 0
2762 0
2763 0
2764 0
2765 0
2766 0
2767 0
2768 0
2770 0
2776 0
2778 0
2779 -1
2781 0
2785 -1
2786 -1
2787 0
2788 -1
2789 0
2790 -1
2791 0
2792 0
2793 0
2794 0
2795 0
2797 0
2799 -1
2800 0
2801 0
2802 0
2804 0
2805 -1
2806 0
2807 0
2808 -1
2809 0
2811 0
2812 -1
2814 0
2815 0
2817 0
2818 0
2820 2
2822 0
2824 0
2825 0
2826 0
2827 0
2828 0
2829 -1
2830 -1
2832 0
2835 0
2836 0
2837 -1
2838 0
2839 0
2841 0
2842 0
2843 -1
2844 0
2845 0
2847 -1
2848 -1
2849 0
2851 0
2852 0
2853 0
2854 0
2855 0
2856 0
2857 0
2858 0
2859 0
2861 -1
2864 0
2866 0
2867 0
2868 0
2869 0
2870 0
2871 -1
2873 -1
2874 0
2875 0
2877 0
2878 -1
2880 0
2881 0
2883 0
2884 0
2885 0
2886 -1
2887 0
2888 0
2891 0
2892 0
2893 0
2894 0
2895 0
2896 0
2898 0
2899 0
2900 0
2901 0
2903 0
2904 -1
2905 0
2906 0
2907 -1
2909 0
2910 0
2911 0
2912 0
2913 0
2914 0
2915 0
2917 0
2919 0
2920 0
2921 0
2922 0
2923 0
2924 0
2925 0
2926 0
2928 0
2929 -1
2930 0
2931 0
2932 0
2934 0
2935 0
2936 0
2937 -1
2938 -1
2940 0
2941 0
2942 0
2943 0
2946 0
2947 0
2948 0
2949 0
2950 0
2951 -1
2952 0
2955 0
2956 0
2957 0
2958 0
2960 0
2961 -1
2962 0
2964 0
2965 0
2966 0
2967 0
2968 0
2969 0
2970 0
2971 0
2972 -1
2973 0
2974 -1
2975 0
2976 0
2977 0
2978 -1
2979 0
2980 -1
2982 0
2983 0
2984 0
2986 0
2987 0
2988 0
2989 0
2990 0
2991 -1
2992 0
2994 -1
2995 0
2996 0
2997 0
3001 0
3002 -1
3003 0
3004 0
3006 0
3007 0
3008 0
3009 0
3012 -1
3013 0
3014 0
3016 0
3018 0
3020 0
3021 0
3022 -1
3023 0
3024 0
3025 0
3026 0
3027 0
3028 0
3029 0
3031 0
3034 -1
3035 0
3036 0
3038 0
3039 -1
3040 0
3041 0
3042 -1
3043 0
3044 0
3045 0
3046 0
3047 0
3048 0
3049 0
3050 0
3053 0
3054 0
3056 0
3057 0
3058 0
3059 -1
3060 0
3061 0
3063 0
3064 -1
3066 0
3067 0
3068 0
3069 0
3072 0
3074 0
3075 0
3076 0
3077 0
3078 0
3080 0
3081 0
3082 0
3083 0
3084 -1
3085 0
3086 0
3087 0
3088 0
3089 0
3090 4
3093 0
3095 0
3096 0
3097 0
3098 0
3101 0
3102 0
3103 0
3104 0
3105 0
3106 0
3109 0
3110 -1
3111 0
3112 -1
3113 0
3115 0
3116 0
3117 0
3118 0
3119 0
3120 0
3121 0
3122 0
3123 0
3124 0
3126 0
3127 -1
3130 0
3133 0
3134 0
3140 0
3141 0
3144 0
3145 0
3146 0
3150 0
3151 0
3152 0
3154 0
3156 0
3158 0
3159 0
3162 0
3163 0
3165 0
3166 0
3167 0
3168 0
3169 0
3171 0
3173 0
3174 0
3176 0
3180 0
3181 0
3182 0
3183 0
3184 0
3185 0
3186 0
3187 0
3188 0
3189 0
3191 -1
3192 -1
3194 0
3195 0
3197 0
3198 0
3201 0
3202 0
3204 0
3208 0
3212 0
3213 0
3214 0
3216 0
3217 0
3218 0
3219 0
3220 0
3221 -1
3222 0
3224 0
3225 0
3226 0
3227 0
3230 0
3231 0
3233 0
3234 -1
3235 0
3237 0
3240 0
3243 0
3245 0
3246 0
3247 0
3248 0
3250 0
3253 0
3254 0
3256 0
3257 -1
3258 -1
3259 0
3261 0
3262 0
3263 0
3264 0
3265 0
3266 0
3268 0
3269 0
3270 -1
3271 0
3272 0
3273 0
3274 -1
3275 -1
3276 0
3277 0
3278 0
3279 0
3280 0
3281 0
3282 0
3283 0
3284 0
3285 0
3286 -1
3287 -1
3288 0
3289 0
3290 0
3291 0
3292 0
3293 0
3294 -1
3295 0
3296 0
3297 -1
3301 0
3302 0
3306 0
3307 0
3308 0
3309 0
3312 0
3314 0
3315 -1
3316 0
3317 -1
3318 0
3322 0
3325 0
3326 -1
3327 0
3328 0
3329 0
3333 0
3335 0
3336 0
3337 0
3339 0
3340 0
3342 0
3343 0
3345 0
3347 0
3350 -1
3351 0
3352 -1
3353 0
3354 0
3355 0
3356 0
3357 0
3359 0
3362 0
3363 0
3367 0
3368 -1
3369 0
3370 0
3371 0
3373 0
3374 0
3375 1
3376 0
3377 0
3379 0
3380 0
3382 0
3383 0
3384 0
3385 -1
3386 0
3387 0
3388 -1
3389 -1
3391 0
3392 0
3393 0
3394 0
3397 0
3399 0
3402 -1
3403 0
3404 0
3405 -1
3406 -1
3407 0
3409 0
3412 0
3413 0
3414 2
3415 0
3416 0
3417 0
3418 -1
3420 0
3421 -1
3422 0
3423 -1
3424 0
3426 0
3428 0
3430 0
3432 0
3433 0
3434 0
3435 0
3439 0
3440 0
3442 -1
3443 0
3444 0
3445 0
3447 0
3448 0
3449 -1
3451 0
3452 3
3453 0
3454 0
3455 -1
3456 -1
3457 0
3458 0
3460 -1
3461 0
3462 0
3464 0
3465 0
3467 -1
3470 0
3471 0
3472 0
3473 0
3474 0
3475 0
3476 0
3477 -1
3478 0
3481 0
3482 0
3485 0
3486 0
3487 -1
3490 0
3491 0
3493 0
3494 0
3495 -1
3496 0
3497 0
3499 0
3500 -1
3501 0
3502 0
3503 0
3504 0
3506 -1
3507 0
3509 0
3511 0
3513 0
3514 0
3515 0
3516 0
3517 0
3520 0
3521 0
3523 0
3525 0
3526 0
3527 0
3528 0
3529 -1
3531 0
3532 0
3533 0
3535 0
3536 0
3537 0
3538 0
3539 0
3540 0
3541 -1
3543 0
3544 0
3545 0
3546 0
3548 0
3549 0
3550 0
3551 0
3553 0
3554 0
3555 0
3556 0
3557 -1
3558 0
3559 0
3561 1
3562 0
3565 0
3566 -1
3568 0
3569 0
3571 0
3572 0
3575 0
3579 0
3582 0
3583 0
3584 0
3586 -1
3588 0
3590 0
3591 0
3592 -1
3593 0
3594 0
3596 0
3598 0
3600 0
3602 0
3604 0
3606 0
3610 0
3612 0
3613 -1
3615 0
3616 0
3617 0
3618 -1
3622 0
3623 0
3624 0
3625 0
3626 0
3627 0
3630 0
3633 0
3635 0
3637 0
3638 0
3639 0
3640 0
3642 0
3645 0
3646 0
3647 0
3648 0
3649 0
3650 0
3651 0
3655 0
3656 -1
3657 0
3658 0
3660 -1
3661 0
3662 0
3663 -1
3664 0
3665 0
3667 -1
3668 -1
3669 0
3672 0
3673 0
3675 0
3677 0
3679 0
3681 0
3683 0
3685 0
3686 0
3688 0
3689 0
3690 0
3691 0
3693 0
3695 0
3696 0
3697 0
3698 0
3699 0
3700 0
3701 0
3702 0
3704 0
3705 0
3706 -1
3707 0
3713 0
3714 -1
3715 0
3716 0
3717 0
3718 0
3719 0
3720 0
3721 0
3722 0
3725 0
3726 0
3727 0
3729 -1
3730 0
3733 -1
3735 0
3736 0
3737 -1
3738 0
3739 0
3741 0
3743 0
3744 0
3745 0
3747 0
3748 0
3749 0
3750 0
3752 0
3753 0
3755 0
3756 0
3757 0
3759 0
3761 0
3762 0
3764 0
3765 0
3767 0
3770 0
3771 0
3778 -1
3779 -1
3781 0
3783 0
3785 0
3786 0
3787 0
3788 0
3790 -1
3791 0
3795 0
3797 0
3798 0
3799 -1
3800 -1
3802 0
3803 -1
3804 -1
3806 0
3807 0
3810 0
3812 0
3813 0
3815 0
3816 0
3817 0
3819 0
3820 -1
3821 0
3822 0
3824 4
3825 0
3826 0
3828 0
3832 0
3833 0
3834 0
3835 0
3837 0
3838 0
3839 0
3841 0
3843 -1
3844 0
3848 0
3849 -1
3850 3
3851 0
3852 0
3855 0
3856 0
3858 0
3859 -1
3861 0
3863 0
3865 0
3866 0
3867 0
3868 0
3870 0
3871 0
3874 0
3875 0
3876 0
3877 0
3878 0
3879 0
3881 0
3883 0
3884 0
3886 -1
3887 0
3888 0
3889 0
3891 0
3892 0
3894 -1
3896 0
3901 0
3902 0
3904 0
3905 0
3907 0
3908 0
3909 0
3910 0
3912 0
3913 0
3914 0
3915 0
3916 0
3918 0
3919 0
3920 -1
3921 -1
3922 0
3924 0
3925 0
3926 0
3927 0
3928 0
3930 0
3931 0
3932 0
3935 0
3936 0
3937 0
3941 0
3942 0
3943 0
3945 0
3946 0
3947 1
3949 0
3950 0
3951 0
3954 -1
3957 0
3958 0
3959 0
3960 0
3961 0
3962 0
3964 0
3965 0
3968 0
3971 0
3972 0
3976 -1
3978 0
3979 -1
3980 0
3981 0
3982 -1
3983 0
3985 0
3986 0
3987 0
3988 0
3989 0
3990 0
3991 0
3994 0
3997 0
3998 0
3999 0
4000 0
4001 0
4002 0
4003 0
4004 0
4006 0
4012 0
4013 0
4014 -1
4016 -1
4018 0
4019 0
4020 0
4021 0
4022 0
4023 0
4024 0
4026 0
4027 -1
4028 0
4029 0
4030 0
4031 0
4032 0
4034 0
4035 0
4038 0
4039 0
4040 0
4043 0
4044 0
4045 0
4047 0
4051 0
4052 0
4054 0
4055 -1
4056 0
4057 0
4059 0
4060 -1
4063 0
4065 0
4066 0
4067 0
4068 0
4071 -1
4072 0
4074 0
4076 0
4078 0
4080 0
4081 -1
4082 0
4083 0
4085 0
4086 0
4087 -1
4088 0
4090 0
4091 -1
4092 0
4093 0
4094 0
4095 0
4096 0
4097 0
4100 0
4103 -1
4104 0
4105 0
4107 0
4110 0
4111 0
4113 -1
4114 0
4116 0
4117 0
4119 0
4121 -1
4123 0
4124 -1
4125 0
4126 0
4128 0
4129 0
4132 0
4133 0
4135 0
4136 0
4137 0
4138 -1
4143 0
4145 -1
4147 -1
4148 0
4149 0
4153 -1
4154 0
4155 0
4158 0
4159 0
4160 0
4161 0
4162 0
4163 0
4165 0
4166 0
4167 0
4169 0
4171 -1
4173 -1
4175 0
4176 0
4178 0
4179 0
4180 0
4181 0
4183 -1
4185 -1
4188 0
4190 0
4191 0
4192 0
4193 0
4194 0
4195 0
4196 0
4197 0
4199 0
4200 0
4201 0
4202 0
4203 0
4208 0
4209 0
4210 0
4211 0
4213 0
4214 0
4215 -1
4216 0
4218 0
4219 0
4221 -1
4223 0
4224 0
4226 0
4227 0
4230 0
4231 0
4233 0
4234 -1
4235 -1
4237 0
4239 0
4241 0
4242 0
4243 0
4244 0
4245 -1
4248 0
4250 0
4253 0
4255 0
4256 -1
4258 0
4260 0
4261 0
4265 0
4268 0
4269 0
4274 0
4275 0
4276 0
4277 0
4279 0
4281 0
4282 0
4283 0
4284 0
4285 0
4286 0
4287 0
4288 0
4289 0
4291 0
4292 0
4294 0
4295 0
4296 0
4297 0
4298 0
4301 -1
4303 0
4304 0
4309 0
4310 0
4311 0
4312 0
4313 0
4316 0
4317 0
4318 0
4321 0
4322 -1
4323 0
4326 0
4327 0
4329 0
4330 0
4331 0
4332 0
4335 0
4336 -1
4337 0
4339 0
4340 0
4341 0
4342 0
4343 0
4344 -1
4345 0
4350 0
4351 0
4355 0
4356 -1
4360 -1
4361 0
4362 -1
4364 0
4365 0
4367 0
4368 0
4370 0
4372 0
4374 -1
4377 0
4379 -1
4380 0
4382 0
4383 0
4385 0
4386 0
4387 0
4388 0
4389 0
4390 0
4391 0
4392 0
4393 0
4395 0
4396 -1
4397 0
4400 0
4402 0
4405 0
4407 0
4409 0
4410 0
4411 -1
4413 0
4415 0
4417 -1
4418 0
4419 0
4420 -1
4421 0
4422 0
4424 0
4425 0
4428 0
4429 0
4430 0
4434 0
4435 0
4436 -1
4437 -1
4438 0
4439 0
4440 0
4442 0
4443 -1
4445 0
4446 0
4448 0
4449 0
4451 0
4453 0
4454 0
4455 0
4457 0
4459 0
4463 0
4465 0
4467 0
4468 0
4472 0
4473 0
4475 0
4477 0
4478 0
4479 0
4480 0
4481 0
4483 0
4485 0
4487 0
4488 0
4489 0
4492 0
4494 0
4495 0
4497 0
4499 -1
4502 0
4503 0
4506 0
4507 -1
4508 0
4509 0
4510 0
4511 0
4512 -1
4514 -1
4515 0
4518 0
4519 0
4520 0
4521 0
4522 0
4525 0
4526 0
4527 0
4528 0
4531 -1
4532 0
4536 -1
4537 0
4539 0
4540 0
4542 0
4544 0
4546 -1
4548 0
4549 0
4551 0
4552 0
4558 0
4561 0
4562 0
4565 0
4567 0
4568 0
4569 0
4571 0
4573 0
4574 0
4575 0
4579 2
4580 0
4582 0
4583 0
4584 -1
4585 0
4587 0
4588 0
4589 -1
4590 0
4591 0
4592 0
4595 0
4596 0
4597 0
4598 0
4600 0
4601 0
4603 0
4604 0
4605 0
4606 0
4608 0
4609 -1
4610 0
4611 0
4612 -1
4613 0
4616 0
4618 0
4624 0
4625 -1
4626 0
4628 -1
4630 -1
4631 0
4632 0
4635 0
4636 0
4639 0
4640 0
4643 0
4644 -1
4645 0
4647 0
4649 0
4652 0
4653 0
4655 0
4656 -1
4657 0
4658 0
4659 0
4661 0
4662 0
4665 0
4669 0
4670 0
4671 0
4672 0
4674 0
4675 0
4677 0
4680 0
4681 -1
4682 0
4683 0
4684 0
4687 0
4690 0
4692 0
4696 -1
4697 0
4698 0
4700 0
4701 0
4702 0
4704 -1
4705 0
4708 0
4710 0
4711 0
4714 0
4715 0
4716 0
4717 -1
4718 0
4722 0
4723 0
4725 -1
4726 -1
4727 0
4728 0
4729 0
4731 -1
4732 0
4733 0
4734 0
4735 0
4736 0
4739 0
4740 -1
4742 0
4743 0
4744 0
4747 0
4748 0
4749 0
4751 -1
4752 0
4753 0
4755 0
4756 0
4757 0
4758 0
4762 0
4764 0
4765 0
4766 0
4768 0
4771 -1
4775 0
4777 0
4778 -1
4780 0
4781 0
4782 0
4785 0
4787 0
4788 0
4789 0
4790 0
4791 0
4792 0
4793 0
4794 -1
4795 0
4799 0
4800 0
4802 0
4804 -1
4805 0
4808 0
4811 0
4814 0
4815 0
4818 0
4820 0
4821 0
4822 0
4824 0
4828 -1
4829 0
4830 0
4831 0
4833 -1
4834 0
4835 0
4836 0
4837 0
4839 0
4840 0
4841 -1
4842 0
4843 0
4844 -1
4846 0
4848 0
4850 -1
4851 0
4852 0
4853 0
4854 0
4855 -1
4856 0
4857 0
4858 0
4860 -1
4861 0
4862 0
4863 -1
4865 0
4868 0
4869 0
4870 0
4871 0
4872 0
4874 -1
4875 0
4878 0
4879 0
4881 0
4882 0
4884 0
4886 0
4887 0
4889 0
4890 0
4892 0
4896 0
4897 0
4898 0
4900 0
4901 0
4902 -1
4906 0
4908 0
4909 0
4911 -1
4912 0
4913 0
4916 -1
4917 0
4918 0
4920 0
4921 0
4922 0
4923 0
4926 0
4927 0
4929 0
4930 0
4931 0
4932 0
4933 0
4934 0
4937 0
4938 -1
4941 0
4944 0
4945 -1
4946 0
4947 0
4951 0
4952 0
4953 -1
4955 0
4956 0
4957 0
4959 0
4962 0
4966 0
4968 -1
4970 0
4971 0
4972 -1
4974 0
4976 0
4979 0
4982 -1
4985 0
4986 0
4987 0
4988 0
4989 0
4991 0
4992 0
4994 0
4995 0
4997 0
4998 0
4999 0
