0 0
1 1
2 0
3 1
5 0
6 1
7 0
8 2
9 2
10 0
11 -1
12 0
13 -1
14 0
15 0
16 0
17 3
18 3
20 0
21 2
22 -1
23 2
24 -1
25 1
26 1
27 0
28 2
29 0
30 4
31 1
32 -1
33 0
34 4
35 0
36 0
37 0
38 0
39 0
40 0
42 1
43 0
44 0
45 0
46 0
47 1
48 0
49 -1
50 0
51 0
52 1
53 0
54 -1
55 3
56 0
57 -1
58 -1
59 0
60 0
62 1
63 0
64 1
65 2
66 0
67 0
68 -1
69 -1
70 -1
71 1
72 0
73 1
75 0
76 0
77 -1
78 2
79 -1
80 -1
81 0
83 0
84 -1
85 -1
86 0
87 0
88 0
90 1
91 -1
92 0
93 0
94 0
95 0
96 2
97 1
98 2
99 -1
101 0
102 0
103 1
104 0
105 0
106 0
107 -1
108 0
109 0
110 2
112 0
114 0
115 -1
116 0
117 5
119 0
120 1
121 -1
122 4
123 0
124 -1
125 -1
126 1
127 0
128 -1
129 0
130 1
132 -1
133 -1
134 2
135 0
136 0
137 0
138 0
139 0
140 2
141 1
142 0
143 0
144 0
146 0
147 0
148 0
150 0
151 2
152 3
153 0
154 0
155 0
156 -1
157 2
158 -1
159 -1
160 0
161 1
162 0
163 3
164 2
165 -1
166 1
167 -1
168 -1
169 3
170 3
171 -1
172 0
173 -1
174 3
175 -1
176 0
177 3
178 2
179 0
180 1
181 0
182 -1
183 0
184 0
185 0
186 0
187 1
188 0
189 0
190 2
191 1
192 0
193 0
194 0
195 3
196 -1
197 0
198 0
199 1
200 0
201 -1
202 0
203 1
204 0
206 2
207 -1
208 0
209 2
211 0
212 1
213 -1
214 -1
215 1
216 -1
217 0
218 0
219 -1
220 -1
221 2
222 -1
223 2
224 1
225 0
226 0
227 0
228 2
229 -1
230 0
231 0
232 1
233 3
235 3
236 2
237 -1
238 3
239 -1
240 0
241 -1
242 0
243 3
244 -1
245 3
246 0
247 1
248 0
249 2
250 2
251 0
252 -1
254 -1
256 1
257 0
258 4
259 4
260 0
261 3
262 1
263 0
264 0
265 -1
266 0
267 0
268 0
269 -1
270 0
271 -1
272 0
273 -1
274 1
275 0
277 -1
278 2
279 -1
280 0
282 0
283 1
284 0
285 2
286 0
287 3
288 -1
289 3
290 0
291 2
292 0
293 0
294 0
295 3
296 -1
297 -1
298 0
299 0
300 1
301 -1
302 2
303 0
304 -1
305 1
306 0
307 0
308 0
309 0
310 0
312 0
313 0
314 0
315 -1
316 0
317 0
318 2
319 1
320 0
321 0
322 0
323 0
324 0
325 0
326 0
327 0
328 1
329 1
330 0
331 1
332 0
333 -1
334 0
335 -1
337 2
338 0
339 0
340 0
341 0
342 -1
344 2
345 1
346 0
347 1
348 -1
349 2
350 0
351 -1
352 4
353 2
354 3
356 3
357 0
358 0
359 -1
360 1
361 0
362 0
363 0
364 3
365 0
366 0
367 0
368 0
369 0
370 0
372 0
373 0
374 -1
375 0
376 0
377 2
378 0
379 -1
380 3
381 -1
382 2
383 0
384 0
385 0
386 -1
387 1
388 0
389 0
390 -1
391 2
392 -1
393 4
394 -1
395 0
396 0
397 0
398 3
399 1
400 -1
401 0
402 2
403 -1
404 -1
405 0
406 0
407 1
408 -1
409 0
410 1
411 2
412 0
413 0
414 0
415 0
416 -1
417 0
418 0
419 3
420 1
422 0
423 0
424 0
425 0
426 0
427 -1
428 1
429 -1
430 -1
431 -1
432 0
433 0
434 0
435 3
436 2
437 4
438 2
440 0
441 2
442 -1
443 2
444 2
445 0
446 1
447 0
448 0
449 0
450 2
451 0
452 -1
453 2
454 0
455 0
457 0
458 0
459 0
460 -1
461 0
462 0
463 0
464 3
465 0
466 -1
467 0
468 0
469 0
470 0
471 0
472 0
473 -1
474 2
475 -1
476 1
477 2
478 0
479 2
480 -1
481 1
482 1
483 -1
484 2
485 0
486 0
487 0
489 0
490 -1
491 0
492 0
493 3
494 0
495 0
496 2
497 1
498 0
499 2
501 0
502 0
503 -1
506 0
509 0
510 1
511 -1
512 0
513 2
516 0
518 -1
519 0
520 2
521 2
522 0
523 0
524 0
525 -1
527 5
528 0
529 -1
530 2
531 4
532 0
533 0
534 0
535 1
536 0
537 -1
539 0
540 -1
541 -1
542 -1
543 0
544 0
545 0
546 3
547 -1
549 1
550 0
551 0
552 0
553 0
554 0
555 0
556 1
557 1
558 -1
559 0
560 0
562 -1
563 -1
564 2
567 0
568 0
569 0
570 0
571 0
572 -1
573 3
574 2
575 -1
576 2
577 0
578 0
579 3
580 2
581 0
582 2
583 -1
584 0
585 0
586 0
587 1
588 0
589 2
590 2
592 0
594 0
595 2
596 -1
597 3
598 0
599 0
600 0
601 0
602 0
605 -1
606 0
607 0
608 0
609 -1
610 1
611 0
612 -1
613 1
614 0
615 0
616 0
617 -1
618 0
619 2
620 0
621 -1
622 1
623 0
624 0
625 0
626 0
627 0
628 0
629 2
630 0
631 -1
632 2
633 0
634 0
635 0
636 0
637 1
638 3
639 0
640 -1
641 0
642 0
643 -1
644 0
645 2
646 0
647 0
648 -1
651 -1
652 -1
653 -1
654 0
655 -1
656 -1
657 -1
658 0
659 0
660 -1
661 0
662 0
663 1
664 -1
665 0
666 2
667 0
668 -1
670 -1
671 0
672 0
673 0
674 -1
675 0
676 3
678 2
679 2
680 1
681 0
682 0
684 -1
685 1
686 0
687 0
688 0
689 0
690 0
691 1
692 0
693 -1
694 1
695 0
696 -1
697 0
698 2
699 0
701 0
702 -1
703 0
705 1
706 -1
707 0
708 0
709 0
710 0
711 0
712 0
713 -1
714 -1
716 0
717 0
718 2
720 0
722 2
723 0
724 -1
725 -1
726 0
727 0
728 -1
729 2
730 0
731 2
732 0
733 0
734 0
735 0
736 -1
737 -1
738 -1
739 0
740 0
741 0
742 0
743 0
744 0
745 0
746 1
747 0
748 -1
749 0
751 0
752 0
753 0
754 2
755 -1
756 0
757 1
758 -1
760 -1
761 2
762 -1
764 1
765 0
766 0
767 0
768 0
769 -1
770 0
771 0
772 -1
773 0
774 2
775 0
776 0
777 0
778 2
779 0
780 0
781 0
782 0
783 0
784 0
785 -1
787 3
790 0
791 3
793 -1
794 2
795 4
796 -1
797 0
798 2
799 0
800 0
801 -1
802 2
803 0
804 0
805 0
806 0
807 0
808 0
809 1
810 0
811 -1
812 0
813 -1
814 0
815 0
817 2
818 2
819 -1
820 0
821 -1
822 -1
823 2
824 2
826 0
827 -1
828 -1
829 -1
830 2
831 0
832 0
833 0
834 0
835 0
836 -1
837 0
838 0
840 3
841 0
843 0
846 -1
847 -1
848 -1
849 0
850 -1
852 2
853 5
855 -1
856 2
857 2
858 0
859 0
860 -1
861 0
862 0
863 0
864 1
865 0
866 0
867 3
868 -1
869 -1
871 0
872 3
873 0
874 0
875 -1
876 0
877 0
878 0
879 2
881 -1
882 0
883 2
884 2
885 0
888 0
889 0
890 0
891 2
892 0
893 0
894 0
895 0
896 0
897 0
898 0
899 0
900 2
901 -1
902 0
903 0
904 0
905 0
906 -1
907 0
909 -1
910 0
911 1
912 2
913 -1
914 2
915 1
916 1
917 3
918 -1
919 0
920 -1
921 2
922 -1
923 -1
924 0
925 -1
926 0
927 0
928 0
929 0
930 2
931 0
932 -1
933 0
934 0
936 0
938 2
939 2
940 0
941 0
942 0
943 0
944 0
946 3
947 0
948 0
949 0
950 0
953 0
954 0
955 2
956 -1
957 -1
958 0
959 0
960 2
961 0
962 0
963 0
964 0
965 2
967 0
968 0
969 0
970 0
971 0
972 2
973 0
974 -1
975 -1
977 0
978 1
979 0
980 0
981 0
982 0
983 -1
984 0
985 0
987 -1
988 0
989 1
990 2
991 2
992 2
993 1
994 -1
995 0
996 2
998 0
999 2
1000 -1
1001 0
1002 1
1003 2
1004 1
1005 -1
1006 0
1009 2
1010 0
1011 1
1013 0
1014 -1
1015 -1
1016 0
1017 2
1019 -1
1020 0
1021 0
1022 1
1023 -1
1024 0
1025 -1
1027 0
1028 0
1029 2
1030 1
1031 0
1032 -1
1034 0
1035 0
1036 0
1037 -1
1038 -1
1040 -1
1042 0
1044 0
1045 1
1046 0
1047 0
1048 0
1049 0
1050 0
1052 0
1053 0
1054 0
1055 2
1057 0
1058 0
1059 0
1060 2
1061 -1
1062 0
1063 1
1064 0
1065 0
1066 3
1067 2
1068 2
1069 2
1070 2
1071 0
1072 0
1074 0
1075 -1
1076 0
1077 -1
1078 3
1079 0
1080 1
1081 -1
1082 -1
1083 0
1084 -1
1085 0
1086 1
1087 -1
1088 3
1089 0
1090 -1
1091 0
1092 1
1093 1
1094 1
1095 -1
1097 2
1098 0
1099 0
1100 0
1101 -1
1103 1
1104 0
1105 0
1106 0
1107 0
1108 -1
1110 2
1111 0
1112 0
1113 -1
1114 0
1115 1
1116 -1
1117 0
1118 -1
1119 0
1120 0
1121 -1
1122 0
1123 1
1124 0
1125 2
1126 -1
1127 0
1128 -1
1129 0
1130 0
1131 0
1133 2
1134 0
1135 3
1137 2
1139 -1
1140 -1
1141 0
1142 0
1143 0
1144 0
1145 0
1146 -1
1147 2
1148 -1
1149 0
1150 -1
1151 0
1154 2
1155 0
1158 1
1159 -1
1160 0
1162 -1
1163 -1
1165 0
1166 0
1167 0
1168 0
1169 0
1170 0
1171 0
1172 -1
1173 -1
1174 3
1177 0
1178 0
1179 2
1180 -1
1181 1
1183 3
1184 -1
1185 0
1186 2
1187 -1
1188 0
1189 -1
1190 -1
1191 3
1192 0
1193 0
1194 0
1195 0
1196 0
1197 -1
1198 1
1200 2
1201 0
1203 -1
1205 1
1206 0
1207 1
1209 0
1210 2
1211 -1
1212 0
1213 0
1214 2
1215 0
1216 0
1217 0
1218 0
1219 0
1220 -1
1221 0
1222 0
1223 -1
1225 0
1226 -1
1227 0
1228 0
1229 -1
1230 3
1232 0
1234 0
1235 0
1237 1
1238 0
1239 0
1240 0
1241 2
1242 3
1243 0
1245 1
1246 2
1247 0
1248 0
1249 0
1250 0
1251 1
1252 0
1253 0
1255 0
1256 -1
1257 0
1258 -1
1259 -1
1260 0
1261 0
1262 2
1263 -1
1265 -1
1266 1
1267 0
1269 0
1270 0
1271 -1
1272 -1
1273 1
1274 -1
1275 0
1277 0
1278 2
1279 0
1281 2
1283 3
1284 0
1285 0
1286 0
1289 0
1290 2
1291 -1
1292 0
1293 0
1294 0
1295 0
1296 -1
1297 -1
1298 2
1299 0
1300 3
1302 1
1303 2
1305 -1
1306 -1
1307 -1
1308 0
1310 0
1311 0
1313 2
1314 0
1315 2
1316 0
1319 0
1320 -1
1321 2
1323 0
1324 2
1325 0
1326 -1
1327 2
1328 -1
1329 0
1330 2
1332 0
1333 0
1334 2
1335 0
1336 -1
1337 0
1339 0
1340 2
1341 0
1343 2
1344 0
1345 3
1346 0
1347 0
1348 1
1349 0
1350 -1
1351 0
1352 0
1354 0
1355 0
1357 0
1358 0
1359 2
1360 0
1361 -1
1362 1
1363 2
1364 0
1365 2
1366 0
1367 0
1368 2
1369 -1
1372 1
1373 0
1374 0
1375 0
1376 2
1377 0
1378 0
1380 -1
1381 0
1382 0
1384 1
1385 -1
1387 -1
1388 0
1389 0
1391 1
1392 -1
1393 0
1394 0
1396 0
1397 0
1399 3
1400 0
1401 1
1402 -1
1403 0
1404 0
1405 2
1406 0
1410 0
1411 0
1412 0
1413 0
1414 0
1415 0
1416 0
1417 -1
1418 1
1419 0
1420 0
1421 -1
1422 0
1423 0
1425 0
1426 -1
1427 0
1429 3
1431 4
1432 1
1433 0
1434 0
1436 -1
1438 0
1439 -1
1440 0
1441 0
1442 0
1443 0
1444 -1
1445 -1
1446 0
1447 0
1448 0
1449 2
1450 0
1451 0
1452 3
1454 2
1455 1
1456 0
1457 1
1459 -1
1460 -1
1461 2
1462 -1
1463 2
1464 0
1465 0
1466 0
1467 0
1468 0
1469 1
1470 2
1471 -1
1472 0
1473 -1
1474 0
1475 0
1476 0
1479 0
1480 2
1481 0
1482 0
1483 0
1484 2
1486 0
1487 0
1490 0
1491 0
1492 0
1493 2
1495 0
1496 0
1497 0
1498 -1
1499 0
1500 0
1502 0
1503 0
1504 1
1506 0
1507 2
1508 -1
1509 0
1510 0
1512 0
1514 3
1515 2
1517 2
1518 0
1520 0
1521 0
1522 0
1523 0
1524 0
1525 2
1526 2
1527 0
1528 -1
1529 0
1530 0
1531 2
1532 3
1534 -1
1535 2
1536 0
1537 0
1538 -1
1540 3
1541 3
1542 -1
1543 3
1544 2
1545 0
1546 0
1547 3
1549 0
1551 -1
1552 2
1553 2
1554 1
1555 -1
1556 0
1557 0
1558 0
1560 0
1563 0
1565 0
1566 2
1567 0
1568 -1
1570 2
1572 0
1573 -1
1574 0
1575 0
1576 -1
1577 0
1579 2
1581 0
1582 2
1585 -1
1586 2
1587 0
1588 0
1589 0
1590 0
1591 -1
1593 0
1595 1
1599 0
1601 0
1602 0
1603 0
1604 -1
1605 0
1607 0
1609 2
1610 0
1611 -1
1613 -1
1614 0
1615 0
1616 0
1617 0
1618 0
1619 0
1621 0
1623 0
1625 3
1626 0
1628 0
1629 -1
1630 -1
1631 -1
1632 -1
1633 1
1635 0
1636 -1
1637 0
1639 2
1640 0
1643 0
1644 2
1645 2
1646 0
1648 0
1650 2
1651 0
1652 1
1653 0
1654 0
1655 0
1656 4
1657 0
1658 2
1659 1
1660 0
1661 2
1662 0
1663 0
1664 -1
1665 0
1666 -1
1667 0
1668 0
1669 0
1670 0
1671 2
1674 0
1676 2
1677 0
1678 1
1679 1
1681 2
1682 0
1684 0
1685 0
1686 -1
1687 0
1688 0
1689 0
1691 2
1692 0
1694 0
1695 -1
1696 0
1697 0
1698 0
1699 2
1701 0
1702 -1
1703 0
1704 2
1705 2
1706 0
1707 0
1708 0
1709 2
1712 0
1713 0
1715 1
1716 -1
1718 2
1719 0
1720 -1
1721 -1
1722 -1
1723 0
1724 0
1725 3
1726 0
1727 0
1728 -1
1730 0
1732 0
1733 1
1734 0
1735 0
1736 -1
1737 0
1738 0
1739 0
1740 0
1741 2
1742 2
1743 0
1747 0
1748 0
1749 2
1750 3
1751 0
1752 0
1753 1
1754 2
1755 0
1756 0
1757 -1
1758 0
1759 0
1761 0
1764 2
1765 0
1766 0
1767 0
1768 0
1769 -1
1771 0
1772 2
1774 0
1775 0
1776 1
1777 -1
1778 -1
1779 0
1780 -1
1781 2
1782 0
1783 2
1784 0
1785 0
1786 0
1788 2
1789 0
1790 -1
1791 -1
1792 0
1793 1
1794 1
1795 5
1796 0
1797 0
1799 0
1801 1
1802 0
1804 -1
1805 0
1806 0
1807 0
1808 -1
1810 1
1811 -1
1813 0
1815 3
1816 -1
1817 0
1818 2
1819 3
1820 0
1821 1
1822 0
1824 -1
1825 2
1826 -1
1827 1
1829 0
1830 -1
1831 0
1832 0
1833 0
1834 0
1837 0
1839 0
1840 0
1841 3
1842 -1
1843 0
1845 2
1846 1
1847 1
1848 2
1849 2
1850 1
1851 -1
1853 0
1854 0
1855 0
1857 -1
1860 0
1861 0
1863 0
1864 0
1865 0
1866 0
1867 0
1868 1
1869 0
1871 0
1873 0
1874 0
1875 0
1876 0
1877 0
1878 -1
1879 0
1880 -1
1881 2
1882 0
1883 0
1884 0
1885 1
1887 0
1889 0
1890 2
1891 0
1894 -1
1895 2
1896 1
1897 2
1899 0
1900 -1
1902 0
1904 0
1906 2
1907 0
1908 1
1909 -1
1910 1
1911 3
1912 -1
1913 0
1914 0
1915 0
1916 0
1917 -1
1918 2
1919 0
1920 0
1921 0
1923 -1
1924 1
1925 0
1926 0
1927 1
1928 0
1929 0
1931 0
1933 3
1934 0
1935 0
1936 0
1938 0
1939 1
1940 2
1941 0
1942 0
1943 0
1944 2
1947 0
1948 0
1949 0
1950 0
1952 -1
1953 -1
1954 0
1955 1
1957 0
1959 1
1962 0
1964 0
1966 0
1967 -1
1968 0
1969 0
1970 0
1972 2
1973 0
1974 0
1976 0
1977 2
1978 -1
1979 4
1980 2
1982 2
1983 1
1985 0
1986 2
1987 0
1991 3
1992 3
1993 0
1994 -1
1995 -1
1997 2
1998 -1
2000 0
2001 0
2003 0
2006 -1
2008 2
2009 0
2010 2
2011 0
2012 1
2013 -1
2014 1
2016 1
2018 0
2019 -1
2020 0
2021 2
2022 -1
2024 2
2025 -1
2026 0
2027 0
2028 0
2029 0
2031 0
2032 -1
2033 0
2034 -1
2035 -1
2036 2
2037 -1
2038 3
2039 0
2040 0
2041 0
2042 0
2043 0
2044 0
2045 2
2046 2
2047 2
2049 2
2050 0
2051 3
2053 0
2054 2
2055 2
2056 0
2057 0
2058 0
2059 0
2061 2
2062 0
2063 0
2065 0
2067 0
2068 0
2069 0
2070 0
2071 0
2072 -1
2073 0
2075 0
2076 0
2077 0
2079 0
2081 0
2082 0
2083 2
2084 1
2085 0
2086 0
2088 0
2089 1
2091 3
2092 -1
2093 -1
2094 0
2096 1
2099 0
2100 3
2101 0
2104 3
2105 2
2107 0
2108 -1
2109 2
2110 -1
2111 2
2113 0
2115 -1
2116 0
2117 0
2118 2
2119 0
2121 3
2122 0
2123 -1
2124 0
2125 0
2126 0
2127 0
2128 2
2129 0
2130 0
2131 0
2133 -1
2135 -1
2136 2
2137 1
2138 0
2139 0
2141 2
2142 0
2143 0
2144 0
2145 0
2147 0
2148 0
2150 2
2151 0
2152 1
2153 1
2154 -1
2155 0
2156 -1
2157 -1
2158 -1
2160 2
2161 0
2162 0
2163 -1
2164 3
2167 0
2168 2
2170 0
2171 0
2172 2
2174 -1
2175 0
2176 1
2177 0
2178 3
2181 2
2182 -1
2183 2
2184 0
2185 5
2187 0
2188 0
2190 -1
2191 1
2192 0
2196 0
2197 0
2198 -1
2200 2
2201 0
2203 0
2204 0
2206 0
2211 0
2213 -1
2214 0
2215 0
2217 0
2219 0
2220 0
2221 2
2222 0
2226 2
2227 0
2229 0
2230 0
2232 1
2233 -1
2234 3
2235 2
2236 3
2238 2
2239 0
2240 3
2241 2
2242 -1
2243 0
2244 -1
2245 2
2246 0
2247 0
2248 0
2249 0
2253 -1
2254 0
2257 1
2259 0
2260 0
2261 0
2263 0
2265 1
2266 0
2267 0
2268 0
2269 3
2270 1
2272 -1
2274 1
2277 0
2279 3
2280 -1
2281 2
2282 -1
2283 2
2284 0
2286 2
2287 1
2288 -1
2289 1
2290 0
2292 1
2293 1
2294 1
2295 0
2296 0
2297 2
2299 -1
2300 0
2301 0
2302 0
2303 0
2304 1
2305 0
2306 0
2307 0
2308 0
2309 1
2310 1
2311 2
2312 1
2313 -1
2314 0
2315 0
2316 0
2317 -1
2318 2
2319 2
2321 0
2322 -1
2323 2
2324 3
2325 2
2326 1
2327 0
2328 -1
2329 0
2331 0
2332 0
2333 2
2334 3
2335 2
2336 0
2337 0
2338 0
2339 0
2340 0
2341 0
2342 0
2343 1
2344 0
2346 0
2347 0
2348 0
2349 0
2350 -1
2352 0
2353 0
2354 -1
2355 0
2357 2
2358 0
2361 0
2363 2
2364 0
2365 -1
2366 0
2367 0
2369 0
2370 3
2371 2
2373 1
2374 0
2375 0
2376 1
2378 1
2379 1
2380 0
2381 0
2382 2
2384 -1
2385 1
2386 0
2387 2
2389 -1
2390 0
2391 2
2392 0
2393 -1
2394 0
2395 1
2397 1
2398 0
2399 3
2401 1
2403 -1
2404 -1
2405 -1
2406 0
2407 0
2410 0
2412 3
2413 1
2414 1
2415 0
2416 2
2417 -1
2418 -1
2420 0
2422 0
2425 2
2426 0
2427 0
2428 3
2430 0
2431 0
2432 -1
2433 0
2434 2
2435 0
2436 0
2437 3
2438 0
2439 0
2440 2
2442 0
2443 -1
2444 0
2445 1
2446 0
2447 0
2450 2
2451 1
2452 0
2453 0
2454 -1
2455 0
2456 0
2457 -1
2458 0
2460 -1
2461 0
2463 0
2464 0
2465 0
2467 1
2468 2
2469 0
2470 0
2471 0
2472 3
2473 -1
2474 0
2475 0
2476 0
2477 0
2478 0
2479 0
2482 -1
2483 1
2484 0
2485 0
2486 0
2488 0
2490 1
2491 3
2492 0
2494 0
2495 0
2497 0
2498 2
2500 0
2501 0
2503 -1
2504 0
2506 0
2507 0
2508 0
2509 -1
2512 0
2513 1
2514 2
2515 1
2516 -1
2517 0
2518 -1
2519 1
2520 0
2522 0
2524 0
2525 1
2526 0
2527 0
2528 4
2529 2
2531 1
2533 0
2534 0
2536 4
2537 1
2538 -1
2540 0
2542 2
2543 2
2544 0
2545 0
2546 1
2547 0
2548 1
2549 1
2550 2
2551 3
2552 0
2553 -1
2555 1
2556 0
2557 0
2558 2
2559 0
2560 0
2561 0
2562 0
2563 -1
2564 -1
2566 0
2567 0
2568 -1
2569 2
2570 2
2571 0
2572 0
2574 -1
2576 0
2577 0
2578 -1
2580 0
2582 0
2584 0
2585 -1
2586 0
2587 0
2589 -1
2590 -1
2591 0
2592 2
2593 -1
2594 1
2596 0
2597 0
2598 0
2599 2
2600 0
2602 3
2603 0
2604 0
2605 0
2606 2
2607 0
2608 0
2609 0
2610 0
2612 0
2613 0
2614 0
2615 2
2616 0
2617 2
2618 0
2619 -1
2621 0
2622 0
2624 0
2625 0
2626 -1
2627 0
2629 1
2630 0
2631 -1
2632 1
2633 -1
2634 2
2635 0
2636 0
2637 0
2641 0
2642 2
2644 0
2645 2
2647 -1
2648 0
2649 1
2650 0
2652 0
2654 0
2655 -1
2656 0
2657 0
2658 0
2660 0
2661 2
2664 -1
2665 -1
2666 0
2667 0
2668 0
2669 1
2670 4
2671 1
2672 0
2673 -1
2675 0
2676 0
2677 0
2678 0
2679 0
2680 0
2681 3
2682 0
2683 0
2684 3
2685 0
2686 3
2688 0
2689 1
2690 0
2691 0
2692 2
2694 0
2695 1
2696 0
2697 3
2698 0
2699 0
2701 1
2702 1
2703 0
2705 0
2706 -1
2709 2
2710 0
2711 0
2712 0
2713 1
2714 1
2716 2
2717 1
2718 0
2721 0
2722 0
2723 0
2726 2
2728 2
2729 -1
2730 0
2731 0
2732 0
2733 4
2735 0
2738 0
2739 0
2741 0
2742 0
2743 0
2744 1
2745 0
2747 4
2748 2
2749 -1
2751 4
2752 1
2754 0
2756 2
2757 -1
2758 -1
2759 0
2760 2
2761 0
2762 1
2763 -1
2764 1
2765 -1
2766 3
2767 0
2768 0
2770 -1
2776 0
2778 2
2779 -1
2781 4
2785 0
2786 0
2787 2
2788 0
2789 -1
2790 0
2791 0
2792 0
2793 1
2794 0
2795 1
2797 2
2799 0
2800 0
2801 2
2802 -1
2804 2
2805 0
2806 0
2807 0
2808 0
2809 0
2811 2
2812 -1
2814 0
2815 0
2816 -1
2817 0
2818 0
2820 -1
2822 0
2824 1
2825 1
2826 0
2827 0
2828 0
2829 0
2830 3
2832 2
2835 0
2836 0
2837 -1
2838 4
2839 0
2841 0
2842 2
2843 0
2844 -1
2845 1
2847 -1
2848 0
2849 -1
2851 2
2852 2
2853 0
2854 0
2855 0
2856 0
2857 0
2858 3
2859 2
2861 0
2864 0
2866 2
2867 0
2868 0
2869 2
2870 0
2871 0
2873 0
2874 0
2875 0
2877 -1
2878 -1
2880 0
2881 2
2883 0
2884 3
2885 0
2886 -1
2887 1
2888 -1
2891 -1
2892 1
2893 0
2894 -1
2895 0
2896 2
2898 0
2899 1
2900 0
2901 0
2903 2
2904 0
2905 0
2906 0
2907 0
2909 -1
2910 2
2911 1
2912 0
2913 0
2914 0
2915 0
2917 4
2919 -1
2920 -1
2921 0
2922 2
2923 0
2924 3
2925 -1
2926 0
2928 0
2929 -1
2930 0
2931 0
2932 0
2934 1
2935 2
2936 0
2937 -1
2938 0
2940 0
2941 2
2942 0
2943 0
2946 0
2947 2
2948 1
2949 0
2950 0
2951 -1
2952 0
2955 0
2956 -1
2957 0
2958 0
2960 0
2961 -1
2962 0
2964 0
2965 0
2966 0
2967 1
2968 2
2969 4
2970 2
2971 0
2972 2
2973 2
2974 0
2975 0
2976 0
2977 0
2978 -1
2979 0
2980 -1
2982 2
2983 2
2984 0
2986 2
2987 0
2988 3
2989 0
2990 0
2991 -1
2992 2
2994 -1
2995 0
2996 0
2997 1
3001 0
3002 -1
3003 1
3004 2
3006 0
3007 0
3008 0
3009 1
3012 0
3013 0
3014 2
3016 0
3018 0
3020 0
3021 0
3022 -1
3023 2
3024 0
3025 0
3026 0
3027 1
3028 0
3029 0
3031 0
3034 0
3035 0
3036 3
3038 2
3039 -1
3040 0
3041 0
3042 -1
3043 0
3044 0
3045 0
3046 0
3047 1
3048 2
3049 0
3050 2
3053 1
3054 0
3056 1
3057 0
3058 0
3059 -1
3060 2
3061 0
3063 0
3064 0
3066 2
3067 2
3068 2
3069 1
3072 0
3074 3
3075 0
3076 2
3077 0
3078 -1
3080 -1
3081 0
3082 0
3083 0
3084 0
3085 0
3086 2
3087 2
3088 0
3089 0
3090 0
3093 0
3095 2
3096 1
3097 2
3098 1
3101 0
3102 0
3103 3
3104 0
3105 -1
3106 0
3109 0
3110 0
3111 -1
3112 -1
3113 1
3115 0
3116 0
3117 0
3118 0
3119 1
3120 0
3121 0
3122 0
3123 0
3124 -1
3126 0
3127 0
3130 0
3133 3
3134 2
3140 2
3141 0
3144 0
3145 2
3146 0
3150 0
3151 0
3152 0
3154 0
3156 0
3158 0
3159 2
3162 2
3163 1
3165 0
3166 0
3167 0
3168 0
3169 3
3171 0
3173 2
3174 0
3176 2
3180 1
3181 2
3182 0
3183 2
3184 0
3185 0
3186 0
3187 1
3188 2
3189 0
3191 0
3192 0
3194 0
3195 0
3196 3
3197 0
3198 0
3201 0
3202 0
3204 0
3208 0
3212 0
3213 0
3214 1
3216 0
3217 0
3218 2
3219 0
3220 1
3221 0
3222 0
3224 2
3225 0
3226 0
3227 0
3230 0
3231 0
3233 0
3234 -1
3235 -1
3237 0
3240 0
3243 -1
3245 0
3246 0
3247 -1
3248 0
3250 2
3253 2
3254 1
3256 2
3257 -1
3258 -1
3259 1
3261 -1
3262 3
3263 1
3264 0
3265 0
3266 2
3268 2
3269 0
3270 -1
3271 2
3272 0
3273 3
3274 0
3275 0
3276 0
3277 2
3278 -1
3279 0
3280 1
3281 0
3282 0
3283 0
3284 0
3285 0
3286 0
3287 -1
3288 -1
3289 2
3290 0
3291 -1
3292 0
3293 2
3294 -1
3295 0
3296 0
3297 -1
3301 0
3302 0
3306 0
3307 1
3308 2
3309 0
3312 0
3314 1
3315 0
3316 1
3317 0
3318 2
3322 0
3325 0
3326 -1
3327 1
3328 2
3329 2
3333 2
3335 0
3336 -1
3337 0
3339 0
3340 2
3342 0
3343 1
3345 0
3347 2
3350 -1
3351 0
3352 -1
3353 0
3354 0
3355 3
3356 -1
3357 0
3359 0
3362 0
3363 0
3367 2
3368 -1
3369 -1
3370 0
3371 1
3373 0
3374 0
3375 4
3376 0
3377 0
3379 1
3380 0
3382 2
3383 2
3384 0
3385 0
3386 2
3387 0
3388 -1
3389 0
3391 0
3392 1
3393 0
3394 2
3397 -1
3399 1
3402 0
3403 1
3404 0
3405 -1
3406 -1
3407 2
3409 0
3412 0
3413 2
3414 0
3415 2
3416 1
3417 0
3418 0
3420 2
3421 0
3422 -1
3423 3
3424 -1
3426 2
3428 0
3430 2
3432 0
3433 -1
3434 -1
3435 0
3439 1
3440 2
3442 -1
3443 0
3444 2
3445 0
3447 1
3448 0
3449 0
3451 0
3452 0
3453 2
3454 4
3455 -1
3456 0
3457 2
3458 0
3460 -1
3461 1
3462 0
3464 -1
3465 0
3466 3
3467 -1
3470 2
3471 2
3472 0
3473 3
3474 1
3475 0
3476 0
3477 -1
3478 0
3481 0
3482 2
3485 2
3486 -1
3487 -1
3490 0
3491 -1
3493 0
3494 0
3495 -1
3496 1
3497 1
3499 1
3500 -1
3501 0
3502 3
3503 0
3504 2
3506 0
3507 0
3509 3
3511 -1
3513 0
3514 0
3515 3
3516 0
3517 0
3520 3
3521 0
3523 0
3525 0
3526 3
3527 2
3528 -1
3529 0
3531 0
3532 0
3533 2
3534 3
3535 3
3536 0
3537 0
3538 2
3539 0
3540 0
3541 0
3543 0
3544 0
3545 3
3546 3
3548 0
3549 0
3550 2
3551 0
3553 0
3554 -1
3555 1
3556 1
3557 0
3558 2
3559 1
3561 3
3562 0
3565 3
3566 -1
3568 1
3569 0
3571 0
3572 -1
3575 4
3579 2
3582 0
3583 0
3584 0
3586 -1
3588 2
3590 0
3591 5
3592 0
3593 2
3594 2
3596 0
3598 0
3600 2
3602 0
3604 2
3606 -1
3610 0
3612 0
3613 0
3615 1
3616 -1
3617 -1
3618 0
3622 1
3623 3
3624 1
3625 2
3626 0
3627 -1
3630 0
3633 0
3635 2
3637 0
3638 0
3639 0
3640 0
3642 0
3645 -1
3646 1
3647 0
3648 1
3649 0
3650 2
3651 0
3655 1
3656 0
3657 0
3658 0
3660 -1
3661 2
3662 0
3663 0
3664 0
3665 2
3667 -1
3668 0
3669 -1
3672 3
3673 0
3675 -1
3677 0
3679 2
3681 0
3683 2
3685 0
3686 2
3688 0
3689 0
3690 1
3691 1
3693 1
3695 0
3696 0
3697 0
3698 0
3699 4
3700 0
3701 2
3702 -1
3704 0
3705 0
3706 0
3707 0
3713 0
3714 -1
3715 0
3716 0
3717 1
3718 0
3719 0
3720 0
3721 3
3722 0
3725 0
3726 1
3727 2
3729 0
3730 -1
3733 0
3735 0
3736 0
3737 1
3738 0
3739 0
3741 0
3743 0
3744 -1
3745 0
3747 2
3748 0
3749 0
3750 3
3752 2
3753 1
3755 1
3756 -1
3757 0
3759 1
3761 1
3762 -1
3764 -1
3765 -1
3767 0
3770 0
3771 0
3778 0
3779 0
3781 0
3783 -1
3785 0
3786 0
3787 2
3788 2
3790 0
3791 2
3795 0
3797 1
3798 2
3799 0
3800 0
3802 0
3803 -1
3804 -1
3806 0
3807 0
3810 2
3812 2
3813 -1
3814 3
3815 1
3816 0
3817 1
3819 2
3820 -1
3821 0
3822 2
3824 0
3825 0
3826 1
3828 0
3832 0
3833 0
3834 0
3835 1
3837 0
3838 3
3839 2
3841 0
3843 0
3844 0
3848 1
3849 -1
3850 0
3851 0
3852 0
3855 1
3856 0
3858 -1
3859 -1
3861 1
3863 1
3865 2
3866 1
3867 -1
3868 -1
3870 3
3871 0
3874 0
3875 2
3876 2
3877 1
3878 3
3879 -1
3881 2
3883 2
3884 -1
3886 -1
3887 2
3888 0
3889 0
3891 2
3892 1
3894 2
3896 0
3901 2
3902 -1
3904 1
3905 2
3907 2
3908 0
3909 2
3910 0
3912 0
3913 1
3914 2
3915 0
3916 0
3918 2
3919 5
3920 -1
3921 -1
3922 1
3924 2
3925 0
3926 0
3927 0
3928 0
3930 -1
3931 2
3932 -1
3935 3
3936 0
3937 3
3941 0
3942 0
3943 0
3945 1
3946 1
3947 4
3949 1
3950 0
3951 -1
3954 -1
3957 0
3958 0
3959 0
3960 0
3961 0
3962 0
3964 1
3965 0
3968 0
3971 0
3972 -1
3976 0
3978 2
3979 -1
3980 0
3981 -1
3982 2
3983 0
3985 0
3986 1
3987 0
3988 -1
3989 3
3990 2
3991 0
3994 2
3997 0
3998 0
3999 0
4000 3
4001 0
4002 0
4003 0
4004 0
4006 2
4011 3
4012 0
4013 2
4014 0
4016 -1
4018 1
4019 3
4020 0
4021 0
4022 -1
4023 0
4024 0
4026 1
4027 -1
4028 2
4029 1
4030 0
4031 0
4032 1
4034 1
4035 1
4038 1
4039 0
4040 0
4043 -1
4044 0
4045 1
4047 -1
4051 2
4052 -1
4054 -1
4055 -1
4056 3
4057 1
4059 3
4060 0
4063 1
4065 0
4066 2
4067 0
4068 0
4071 -1
4072 0
4074 0
4076 1
4078 0
4080 2
4081 -1
4082 2
4083 0
4085 0
4086 1
4087 0
4088 3
4090 -1
4091 0
4092 1
4093 0
4094 0
4095 2
4096 0
4097 1
4100 2
4103 -1
4104 0
4105 0
4107 1
4110 0
4111 0
4113 -1
4114 0
4116 0
4117 0
4119 0
4121 0
4123 -1
4124 0
4125 0
4126 0
4128 2
4129 2
4132 2
4133 0
4135 2
4136 0
4137 0
4138 0
4143 -1
4145 -1
4147 -1
4148 0
4149 0
4153 -1
4154 1
4155 0
4158 1
4159 0
4160 2
4161 0
4162 0
4163 -1
4165 0
4166 0
4167 0
4169 -1
4171 0
4173 0
4175 -1
4176 0
4178 0
4179 1
4180 0
4181 0
4183 0
4185 0
4188 0
4190 0
4191 0
4192 -1
4193 2
4194 2
4195 -1
4196 1
4197 0
4198 3
4199 0
4200 2
4201 0
4202 1
4203 1
4208 3
4209 2
4210 0
4211 0
4213 -1
4214 0
4215 2
4216 2
4218 3
4219 0
4221 -1
4223 0
4224 1
4226 -1
4227 -1
4230 -1
4231 0
4233 1
4234 -1
4235 2
4237 0
4239 0
4241 3
4242 0
4243 0
4244 0
4245 2
4248 2
4250 0
4253 0
4255 0
4256 -1
4258 1
4260 1
4261 0
4265 2
4268 2
4269 0
4274 -1
4275 2
4276 0
4277 1
4279 1
4281 -1
4282 3
4283 0
4284 0
4285 0
4286 1
4287 1
4288 0
4289 0
4291 2
4292 0
4294 0
4295 1
4296 2
4297 1
4298 0
4299 3
4301 -1
4303 2
4304 3
4309 0
4310 -1
4311 1
4312 0
4313 0
4316 1
4317 2
4318 0
4321 2
4322 0
4323 0
4326 -1
4327 0
4329 -1
4330 0
4331 0
4332 2
4335 0
4336 0
4337 0
4339 3
4340 1
4341 0
4342 0
4343 -1
4344 0
4345 3
4350 0
4351 0
4355 2
4356 -1
4360 -1
4361 0
4362 -1
4364 0
4365 2
4366 3
4367 0
4368 2
4370 1
4372 2
4374 -1
4377 -1
4379 0
4380 1
4382 0
4383 0
4385 0
4386 0
4387 0
4388 0
4389 2
4390 2
4391 2
4392 2
4393 -1
4395 -1
4396 -1
4397 1
4400 1
4402 -1
4405 1
4407 0
4409 -1
4410 0
4411 -1
4413 0
4415 0
4417 0
4418 -1
4419 1
4420 0
4421 0
4422 0
4424 0
4425 0
4428 0
4429 2
4430 0
4434 0
4435 0
4436 0
4437 -1
4438 -1
4439 0
4440 0
4442 2
4443 0
4445 0
4446 0
4448 3
4449 0
4451 2
4453 3
4454 -1
4455 2
4457 0
4459 0
4463 1
4465 3
4467 0
4468 2
4472 0
4473 -1
4475 0
4477 0
4478 3
4479 2
4480 2
4481 0
4483 0
4485 0
4487 0
4488 3
4489 2
4492 0
4494 2
4495 2
4497 0
4499 -1
4502 0
4503 2
4506 2
4507 0
4508 1
4509 -1
4510 0
4511 0
4512 0
4514 0
4515 0
4518 0
4519 0
4520 -1
4521 2
4522 1
4525 1
4526 0
4527 0
4528 0
4531 -1
4532 0
4536 -1
4537 -1
4539 1
4540 0
4542 0
4544 1
4546 -1
4548 0
4549 0
4551 -1
4552 3
4558 1
4561 0
4562 -1
4565 0
4567 2
4568 0
4569 0
4571 0
4573 0
4574 0
4575 2
4579 0
4580 2
4582 2
4583 3
4584 0
4585 0
4587 0
4588 0
4589 -1
4590 0
4591 2
4592 0
4595 2
4596 0
4597 0
4598 0
4600 -1
4601 -1
4603 0
4604 0
4605 2
4606 2
4608 -1
4609 0
4610 2
4611 0
4612 -1
4613 0
4616 1
4618 0
4624 0
4625 0
4626 0
4628 -1
4630 0
4631 0
4632 0
4635 -1
4636 0
4639 0
4640 0
4642 3
4643 0
4644 -1
4645 0
4647 2
4649 0
4652 0
4653 2
4655 1
4656 -1
4657 0
4658 0
4659 0
4661 2
4662 0
4665 1
4669 2
4670 2
4671 0
4672 3
4674 2
4675 3
4677 0
4680 -1
4681 -1
4682 0
4683 0
4684 1
4687 0
4690 0
4691 3
4692 1
4696 0
4697 0
4698 1
4700 0
4701 1
4702 0
4704 0
4705 -1
4708 1
4710 0
4711 0
4714 1
4715 0
4716 0
4717 0
4718 0
4722 2
4723 2
4725 -1
4726 0
4727 3
4728 1
4729 1
4731 2
4732 0
4733 1
4734 0
4735 0
4736 3
4739 0
4740 0
4742 0
4743 0
4744 1
4747 0
4748 2
4749 0
4751 -1
4752 2
4753 0
4755 0
4756 1
4757 2
4758 0
4762 0
4764 0
4765 1
4766 1
4768 3
4771 -1
4775 2
4777 0
4778 0
4780 0
4781 0
4782 0
4785 -1
4787 0
4788 0
4789 -1
4790 0
4791 0
4792 1
4793 2
4794 1
4795 2
4799 2
4800 0
4802 0
4804 0
4805 0
4808 0
4811 0
4814 0
4815 1
4818 0
4820 0
4821 3
4822 0
4824 0
4828 0
4829 0
4830 0
4831 0
4833 -1
4834 3
4835 0
4836 -1
4837 0
4839 2
4840 2
4841 0
4842 0
4843 0
4844 0
4846 0
4848 1
4850 -1
4851 0
4852 0
4853 0
4854 0
4855 -1
4856 -1
4857 1
4858 1
4860 -1
4861 0
4862 0
4863 -1
4865 0
4868 2
4869 0
4870 0
4871 1
4872 2
4874 -1
4875 0
4878 0
4879 3
4881 0
4882 2
4884 -1
4886 0
4887 1
4889 0
4890 0
4892 0
4896 2
4897 0
4898 1
4900 1
4901 0
4902 0
4906 0
4908 0
4909 -1
4911 0
4912 0
4913 0
4916 0
4917 1
4918 0
4920 0
4921 0
4922 2
4923 0
4926 1
4927 0
4929 3
4930 3
4931 0
4932 0
4933 0
4934 2
4937 -1
4938 0
4941 1
4944 0
4945 -1
4946 0
4947 3
4951 0
4952 3
4953 0
4955 0
4956 0
4957 2
4959 0
4962 2
4966 -1
4968 -1
4970 -1
4971 0
4972 -1
4974 1
4976 4
4979 0
4982 -1
4985 1
4986 2
4987 0
4988 1
4989 0
4991 0
4992 0
4994 0
4995 0
4997 0
4998 3
4999 0
