0 19
1 204
2 154
3 111
4 116
5 156
6 22
7 140
8 242
9 89
10 192
11 170
12 93
13 162
14 48
15 137
16 105
17 21
18 59
19 94
20 12
21 113
22 68
23 162
24 84
25 124
26 168
27 105
28 105
29 148
30 23
31 12
32 160
33 58
34 59
35 245
36 67
37 147
38 140
39 180
40 140
41 1
42 194
43 70
44 55
45 11
46 170
47 96
48 9
49 44
50 163
51 34
52 154
53 27
54 157
55 41
56 159
57 46
58 11
59 108
60 21
61 195
62 41
63 49
64 37
65 205
66 165
67 37
68 46
69 130
70 133
71 195
72 219
73 1
74 40
75 142
76 164
77 208
78 12
79 2
80 129
81 181
82 95
83 239
84 45
85 149
86 204
87 173
88 105
89 152
90 165
91 249
92 234
93 181
94 89
95 90
96 193
97 161
98 213
99 98
100 28
101 98
102 22
103 161
104 8
105 164
106 98
107 154
108 31
109 51
110 194
111 161
112 82
113 23
114 44
115 210
116 199
117 140
118 162
119 58
120 37
121 213
122 141
123 11
124 68
125 174
126 112
127 227
128 0
129 45
130 195
131 154
132 146
133 234
134 37
135 245
136 66
137 104
138 104
139 186
140 105
141 122
142 120
143 150
144 233
145 200
146 174
147 89
148 163
149 212
150 51
151 105
152 141
153 62
154 88
155 231
156 112
157 66
158 22
159 179
160 240
161 5
162 43
163 162
164 124
165 88
166 84
167 145
168 99
169 130
170 155
171 122
172 9
173 175
174 102
175 17
176 146
177 154
178 62
179 149
180 202
181 104
182 1
183 52
184 209
185 198
186 107
187 143
188 12
189 27
190 193
191 202
192 201
193 169
194 41
195 73
196 218
197 96
198 166
199 19
200 124
201 55
202 195
203 24
204 227
205 36
206 223
207 202
208 51
209 178
210 28
211 94
212 24
213 174
214 32
215 71
216 160
217 22
218 46
219 66
220 154
221 37
222 45
223 11
224 164
225 68
226 164
227 164
228 248
229 35
230 210
231 24
232 73
233 24
234 38
235 24
236 128
237 246
238 11
239 142
240 145
241 82
242 54
243 137
244 138
245 130
246 51
247 162
248 84
249 28
250 247
251 62
252 141
253 103
254 213
255 1
256 154
257 201
258 40
259 202
260 204
261 113
262 130
263 102
264 59
265 223
266 19
267 31
268 26
269 19
270 98
271 48
272 93
273 55
274 96
275 37
276 142
277 12
278 109
279 149
280 186
281 116
282 219
283 213
284 165
285 195
286 88
287 96
288 48
289 74
290 185
291 24
292 154
293 2
294 37
295 1
296 231
297 105
298 82
299 58
300 123
301 51
302 68
303 151
304 10
305 6
306 44
307 102
308 147
309 149
310 60
311 56
312 176
313 210
314 155
315 165
316 37
317 176
318 73
319 147
320 127
321 204
322 74
323 50
324 179
325 48
326 146
327 27
328 141
329 41
330 27
331 136
332 143
333 188
334 247
335 54
336 151
337 124
338 54
339 163
340 15
341 66
342 155
343 218
344 51
345 195
346 129
347 193
348 91
349 143
350 193
351 8
352 130
353 68
354 173
355 189
356 112
357 127
358 4
359 176
360 174
361 168
362 235
363 210
364 59
365 24
366 245
367 194
368 216
369 224
370 13
371 39
372 22
373 231
374 26
375 22
376 58
377 137
378 162
379 168
380 168
381 37
382 186
383 41
384 241
385 105
386 138
387 202
388 73
389 10
390 139
391 192
392 149
393 96
394 55
395 62
396 21
397 168
398 48
399 124
400 15
401 107
402 93
403 3
404 24
405 142
406 189
407 6
408 139
409 70
410 190
411 245
412 122
413 220
414 169
415 0
416 108
417 202
418 213
419 136
420 112
421 53
422 19
423 154
424 58
425 85
426 209
427 57
428 202
429 127
430 47
431 32
432 56
433 243
434 148
435 105
436 34
437 130
438 74
439 182
440 52
441 146
442 231
443 21
444 74
445 178
446 73
447 178
448 209
449 123
450 102
451 140
452 160
453 180
454 95
455 58
456 1
457 93
458 115
459 69
460 14
461 227
462 28
463 165
464 8
465 41
466 6
467 87
468 155
469 122
470 170
471 41
472 53
473 127
474 51
475 60
476 1
477 155
478 159
479 105
480 242
481 168
482 154
483 15
484 8
485 213
486 126
487 192
488 109
489 74
490 142
491 123
492 41
493 130
494 124
495 232
496 195
497 234
498 62
499 12
500 95
501 242
502 12
503 138
504 95
505 191
506 73
507 42
508 101
509 139
510 219
511 25
512 53
513 54
514 122
515 79
516 186
517 20
518 192
519 199
520 87
521 149
522 9
523 212
524 11
525 185
526 119
527 245
528 231
529 126
530 88
531 141
532 1
533 133
534 165
535 162
536 12
537 178
538 141
539 155
540 229
541 145
542 124
543 220
544 242
545 108
546 38
547 120
548 152
549 12
550 178
551 122
552 178
553 85
554 108
555 244
556 92
557 211
558 240
559 3
560 10
561 40
562 170
563 147
564 54
565 123
566 23
567 148
568 175
569 88
570 22
571 247
572 186
573 23
574 79
575 159
576 195
577 21
578 188
579 113
580 94
581 4
582 66
583 144
584 108
585 248
586 34
587 28
588 247
589 137
590 169
591 89
592 204
593 61
594 128
595 39
596 64
597 58
598 87
599 213
600 163
601 67
602 248
603 79
604 143
605 99
606 155
607 107
608 111
609 4
610 73
611 26
612 55
613 162
614 44
615 235
616 54
617 143
618 186
619 213
620 127
621 230
622 40
623 173
624 72
625 116
626 146
627 202
628 136
629 209
630 0
631 77
632 128
633 191
634 81
635 73
636 180
637 12
638 105
639 209
640 226
641 178
642 174
643 124
644 2
645 231
646 11
647 88
648 77
649 101
650 103
651 248
652 94
653 94
654 9
655 29
656 170
657 102
658 125
659 54
660 82
661 235
662 41
663 113
664 194
665 25
666 94
667 88
668 210
669 1
670 192
671 64
672 147
673 37
674 242
675 228
676 8
677 103
678 205
679 235
680 180
681 51
682 198
683 16
684 9
685 213
686 158
687 68
688 62
689 0
690 148
691 6
692 178
693 41
694 72
695 209
696 70
697 231
698 202
699 54
700 42
701 218
702 213
703 126
704 28
705 204
706 58
707 18
708 147
709 231
710 56
711 191
712 62
713 88
714 67
715 1
716 179
717 44
718 6
719 0
720 42
721 35
722 98
723 147
724 126
725 174
726 123
727 191
728 99
729 74
730 157
731 43
732 194
733 34
734 129
735 59
736 69
737 33
738 46
739 89
740 161
741 5
742 167
743 62
744 224
745 213
746 59
747 169
748 192
749 25
750 116
751 245
752 140
753 228
754 137
755 149
756 197
757 28
758 175
759 106
760 232
761 70
762 125
763 189
764 202
765 26
766 62
767 54
768 240
769 124
770 98
771 119
772 169
773 195
774 0
775 143
776 97
777 233
778 25
779 117
780 170
781 93
782 102
783 41
784 61
785 128
786 182
787 123
788 89
789 65
790 113
791 158
792 141
793 66
794 205
795 130
796 167
797 180
798 1
799 79
800 222
801 56
802 36
803 37
804 213
805 235
806 48
807 193
808 166
809 213
810 26
811 33
812 160
813 18
814 88
815 180
816 116
817 124
818 108
819 18
820 64
821 84
822 144
823 203
824 87
825 103
826 222
827 183
828 166
829 63
830 24
831 149
832 67
833 178
834 227
835 196
836 143
837 168
838 98
839 124
840 8
841 211
842 200
843 104
844 103
845 109
846 121
847 246
848 23
849 58
850 24
851 103
852 113
853 237
854 83
855 139
856 70
857 41
858 211
859 145
860 22
861 161
862 8
863 70
864 130
865 160
866 70
867 152
868 207
869 127
870 38
871 56
872 229
873 85
874 21
875 108
876 95
877 111
878 215
879 150
880 101
881 167
882 138
883 164
884 31
885 70
886 194
887 103
888 34
889 168
890 201
891 74
892 5
893 145
894 58
895 73
896 49
897 93
898 54
899 61
900 4
901 58
902 148
903 92
904 235
905 5
906 131
907 124
908 101
909 98
910 5
911 138
912 93
913 87
914 125
915 203
916 103
917 137
918 88
919 48
920 234
921 205
922 77
923 194
924 152
925 127
926 84
927 162
928 25
929 93
930 43
931 158
932 113
933 67
934 21
935 79
936 85
937 158
938 98
939 4
940 0
941 203
942 9
943 103
944 235
945 216
946 62
947 113
948 242
949 154
950 185
951 1
952 96
953 178
954 68
955 169
956 9
957 85
958 26
959 70
960 89
961 216
962 205
963 180
964 179
965 34
966 103
967 129
968 213
969 72
970 180
971 60
972 65
973 26
974 163
975 19
976 103
977 127
978 19
979 243
980 104
981 114
982 21
983 220
984 98
985 94
986 101
987 58
988 155
989 152
990 71
991 168
992 182
993 96
994 81
995 105
996 222
997 134
998 9
999 234
1000 169
1001 105
1002 125
1003 58
1004 6
1005 232
1006 44
1007 116
1008 106
1009 218
1010 243
1011 247
1012 96
1013 155
1014 88
1015 105
1016 88
1017 180
1018 116
1019 240
1020 54
1021 188
1022 122
1023 246
1024 18
1025 91
1026 103
1027 41
1028 26
1029 227
1030 229
1031 107
1032 146
1033 115
1034 204
1035 82
1036 54
1037 69
1038 86
1039 23
1040 246
1041 134
1042 180
1043 96
1044 85
1045 155
1046 65
1047 44
1048 59
1049 136
1050 197
1051 233
1052 174
1053 42
1054 154
1055 70
1056 38
1057 89
1058 144
1059 31
1060 222
1061 10
1062 70
1063 124
1064 89
1065 35
1066 24
1067 13
1068 141
1069 42
1070 74
1071 105
1072 72
1073 182
1074 164
1075 167
1076 238
1077 170
1078 197
1079 27
1080 175
1081 206
1082 232
1083 112
1084 37
1085 154
1086 89
1087 163
1088 108
1089 231
1090 44
1091 204
1092 94
1093 1
1094 8
1095 210
1096 36
1097 50
1098 156
1099 12
1100 127
1101 157
1102 115
1103 197
1104 188
1105 143
1106 166
1107 23
1108 212
1109 203
1110 142
1111 232
1112 147
1113 153
1114 53
1115 247
1116 215
1117 95
1118 13
1119 62
1120 37
1121 111
1122 227
1123 43
1124 234
1125 61
1126 104
1127 82
1128 93
1129 5
1130 62
1131 243
1132 34
1133 134
1134 94
1135 155
1136 103
1137 102
1138 109
1139 6
1140 69
1141 119
1142 237
1143 148
1144 150
1145 168
1146 132
1147 51
1148 118
1149 66
1150 51
1151 98
1152 72
1153 196
1154 144
1155 234
1156 247
1157 92
1158 194
1159 4
1160 126
1161 39
1162 88
1163 143
1164 38
1165 173
1166 12
1167 226
1168 33
1169 162
1170 170
1171 228
1172 93
1173 202
1174 89
1175 115
1176 115
1177 22
1178 147
1179 202
1180 223
1181 27
1182 109
1183 6
1184 198
1185 116
1186 70
1187 18
1188 5
1189 169
1190 29
1191 89
1192 238
1193 9
1194 165
1195 204
1196 102
1197 23
1198 23
1199 6
1200 237
1201 102
1202 1
1203 142
1204 23
1205 89
1206 240
1207 8
1208 158
1209 162
1210 37
1211 67
1212 142
1213 112
1214 182
1215 136
1216 247
1217 4
1218 148
1219 12
1220 85
1221 202
1222 25
1223 168
1224 65
1225 74
1226 44
1227 144
1228 123
1229 245
1230 180
1231 95
1232 245
1233 115
1234 157
1235 213
1236 72
1237 211
1238 148
1239 23
1240 119
1241 168
1242 109
1243 247
1244 72
1245 42
1246 216
1247 144
1248 64
1249 117
1250 170
1251 234
1252 65
1253 228
1254 109
1255 53
1256 144
1257 180
1258 97
1259 21
1260 184
1261 107
1262 199
1263 144
1264 72
1265 209
1266 150
1267 155
1268 35
1269 94
1270 246
1271 89
1272 148
1273 164
1274 41
1275 195
1276 1
1277 113
1278 74
1279 27
1280 101
1281 113
1282 182
1283 227
1284 245
1285 126
1286 140
1287 128
1288 103
1289 126
1290 18
1291 57
1292 84
1293 202
1294 31
1295 129
1296 22
1297 198
1298 242
1299 142
1300 92
1301 236
1302 122
1303 193
1304 135
1305 166
1306 77
1307 57
1308 245
1309 134
1310 247
1311 194
1312 115
1313 89
1314 79
1315 147
1316 95
1317 1
1318 79
1319 54
1320 125
1321 19
1322 182
1323 66
1324 23
1325 70
1326 73
1327 124
1328 230
1329 43
1330 53
1331 36
1332 105
1333 213
1334 161
1335 44
1336 19
1337 125
1338 200
1339 179
1340 134
1341 19
1342 101
1343 102
1344 193
1345 96
1346 222
1347 85
1348 122
1349 162
1350 244
1351 67
1352 82
1353 28
1354 165
1355 122
1356 40
1357 66
1358 164
1359 112
1360 88
1361 224
1362 193
1363 205
1364 193
1365 203
1366 147
1367 173
1368 213
1369 86
1370 235
1371 103
1372 127
1373 1
1374 146
1375 158
1376 151
1377 174
1378 94
1379 42
1380 127
1381 216
1382 235
1383 35
1384 41
1385 126
1386 6
1387 127
1388 243
1389 36
1390 95
1391 132
1392 48
1393 168
1394 155
1395 135
1396 111
1397 201
1398 136
1399 103
1400 80
1401 28
1402 56
1403 39
1404 223
1405 85
1406 143
1407 195
1408 83
1409 115
1410 87
1411 155
1412 198
1413 190
1414 193
1415 132
1416 166
1417 104
1418 242
1419 41
1420 186
1421 134
1422 162
1423 67
1424 115
1425 12
1426 164
1427 109
1428 115
1429 38
1430 103
1431 130
1432 141
1433 145
1434 243
1435 36
1436 188
1437 1
1438 204
1439 16
1440 79
1441 77
1442 172
1443 179
1444 124
1445 37
1446 134
1447 62
1448 199
1449 137
1450 4
1451 24
1452 205
1453 130
1454 158
1455 105
1456 57
1457 83
1458 95
1459 191
1460 99
1461 6
1462 127
1463 5
1464 219
1465 18
1466 33
1467 109
1468 117
1469 242
1470 231
1471 34
1472 119
1473 198
1474 237
1475 229
1476 123
1477 109
1478 42
1479 193
1480 135
1481 85
1482 62
1483 109
1484 151
1485 236
1486 179
1487 222
1488 36
1489 1
1490 201
1491 224
1492 223
1493 87
1494 23
1495 44
1496 179
1497 64
1498 239
1499 165
1500 89
1501 128
1502 143
1503 178
1504 5
1505 95
1506 169
1507 166
1508 37
1509 59
1510 59
1511 83
1512 161
1513 28
1514 95
1515 188
1516 103
1517 24
1518 79
1519 40
1520 65
1521 150
1522 143
1523 115
1524 216
1525 212
1526 61
1527 142
1528 95
1529 137
1530 164
1531 93
1532 23
1533 116
1534 211
1535 5
1536 94
1537 41
1538 71
1539 168
1540 19
1541 40
1542 187
1543 115
1544 61
1545 68
1546 240
1547 247
1548 116
1549 67
1550 23
1551 65
1552 219
1553 71
1554 105
1555 19
1556 231
1557 212
1558 62
1559 237
1560 108
1561 72
1562 95
1563 197
1564 109
1565 202
1566 67
1567 136
1568 65
1569 236
1570 165
1571 6
1572 211
1573 223
1574 92
1575 123
1576 77
1577 211
1578 12
1579 111
1580 72
1581 85
1582 161
1583 0
1584 35
1585 9
1586 115
1587 87
1588 9
1589 0
1590 115
1591 244
1592 116
1593 94
1594 109
1595 180
1596 116
1597 151
1598 95
1599 25
1600 79
1601 108
1602 101
1603 199
1604 212
1605 31
1606 218
1607 219
1608 182
1609 33
1610 62
1611 128
1612 5
1613 212
1614 198
1615 9
1616 178
1617 154
1618 84
1619 31
1620 23
1621 235
1622 56
1623 220
1624 38
1625 59
1626 25
1627 40
1628 66
1629 188
1630 58
1631 161
1632 82
1633 37
1634 83
1635 100
1636 152
1637 50
1638 1
1639 202
1640 185
1641 95
1642 103
1643 72
1644 154
1645 193
1646 199
1647 39
1648 80
1649 182
1650 85
1651 19
1652 94
1653 8
1654 142
1655 112
1656 13
1657 238
1658 68
1659 20
1660 85
1661 154
1662 93
1663 29
1664 187
1665 93
1666 76
1667 68
1668 58
1669 209
1670 4
1671 109
1672 1
1673 72
1674 231
1675 135
1676 19
1677 216
1678 154
1679 89
1680 35
1681 98
1682 224
1683 95
1684 145
1685 165
1686 214
1687 80
1688 169
1689 155
1690 247
1691 6
1692 169
1693 95
1694 88
1695 95
1696 56
1697 11
1698 73
1699 61
1700 101
1701 175
1702 0
1703 25
1704 122
1705 237
1706 4
1707 164
1708 144
1709 71
1710 197
1711 237
1712 85
1713 20
1714 39
1715 151
1716 179
1717 28
1718 95
1719 4
1720 234
1721 64
1722 127
1723 94
1724 1
1725 28
1726 173
1727 124
1728 110
1729 30
1730 111
1731 95
1732 58
1733 210
1734 8
1735 24
1736 155
1737 117
1738 82
1739 197
1740 204
1741 234
1742 89
1743 148
1744 83
1745 61
1746 42
1747 4
1748 73
1749 36
1750 202
1751 112
1752 70
1753 154
1754 129
1755 1
1756 6
1757 111
1758 157
1759 180
1760 42
1761 59
1762 23
1763 101
1764 40
1765 213
1766 164
1767 242
1768 233
1769 145
1770 101
1771 203
1772 209
1773 101
1774 199
1775 24
1776 136
1777 174
1778 64
1779 107
1780 195
1781 158
1782 160
1783 137
1784 155
1785 36
1786 142
1787 42
1788 216
1789 126
1790 114
1791 169
1792 143
1793 42
1794 79
1795 164
1796 145
1797 68
1798 116
1799 2
1800 135
1801 195
1802 41
1803 95
1804 173
1805 9
1806 54
1807 200
1808 29
1809 155
1810 43
1811 85
1812 135
1813 168
1814 182
1815 247
1816 155
1817 59
1818 27
1819 130
1820 222
1821 85
1822 111
1823 196
1824 21
1825 68
1826 70
1827 28
1828 109
1829 34
1830 132
1831 96
1832 197
1833 211
1834 68
1835 79
1836 40
1837 136
1838 236
1839 95
1840 228
1841 237
1842 123
1843 94
1844 36
1845 72
1846 5
1847 182
1848 213
1849 211
1850 112
1851 49
1852 109
1853 96
1854 207
1855 54
1856 103
1857 122
1858 72
1859 151
1860 27
1861 176
1862 196
1863 95
1864 66
1865 58
1866 36
1867 66
1868 164
1869 158
1870 42
1871 146
1872 71
1873 168
1874 35
1875 152
1876 142
1877 122
1878 204
1879 228
1880 96
1881 8
1882 148
1883 231
1884 94
1885 102
1886 115
1887 122
1888 184
1889 6
1890 247
1891 80
1892 94
1893 80
1894 86
1895 205
1896 113
1897 117
1898 94
1899 71
1900 72
1901 95
1902 72
1903 151
1904 21
1905 35
1906 136
1907 228
1908 130
1909 33
1910 95
1911 95
1912 110
1913 50
1914 147
1915 223
1916 113
1917 142
1918 38
1919 201
1920 49
1921 146
1922 151
1923 19
1924 28
1925 168
1926 146
1927 135
1928 112
1929 58
1930 96
1931 89
1932 36
1933 242
1934 168
1935 185
1936 190
1937 85
1938 34
1939 102
1940 178
1941 101
1942 93
1943 129
1944 103
1945 204
1946 36
1947 243
1948 195
1949 0
1950 122
1951 72
1952 234
1953 31
1954 16
1955 161
1956 182
1957 46
1958 61
1959 71
1960 23
1961 182
1962 117
1963 103
1964 147
1965 112
1966 243
1967 201
1968 166
1969 231
1970 70
1971 70
1972 77
1973 88
1974 248
1975 103
1976 155
1977 85
1978 102
1979 151
1980 12
1981 40
1982 178
1983 126
1984 40
1985 145
1986 122
1987 222
1988 115
1989 1
1990 102
1991 247
1992 194
1993 155
1994 232
1995 27
1996 109
1997 130
1998 120
1999 115
2000 124
2001 162
2002 180
2003 158
2004 96
2005 38
2006 154
2007 151
2008 62
2009 0
2010 8
2011 234
2012 56
2013 238
2014 199
2015 151
2016 161
2017 87
2018 74
2019 69
2020 161
2021 122
2022 138
2023 101
2024 102
2025 134
2026 41
2027 9
2028 175
2029 5
2030 103
2031 6
2032 70
2033 234
2034 33
2035 150
2036 154
2037 135
2038 237
2039 67
2040 113
2041 56
2042 160
2043 54
2044 9
2045 123
2046 142
2047 113
2048 36
2049 102
2050 58
2051 103
2052 79
2053 149
2054 85
2055 67
2056 23
2057 37
2058 247
2059 64
2060 79
2061 109
2062 138
2063 238
2064 197
2065 92
2066 135
2067 188
2068 194
2069 5
2070 190
2071 162
2072 27
2073 19
2074 200
2075 21
2076 94
2077 162
2078 135
2079 136
2080 83
2081 67
2082 92
2083 50
2084 105
2085 113
2086 125
2087 203
2088 189
2089 72
2090 136
2091 109
2092 237
2093 51
2094 168
2095 16
2096 194
2097 36
2098 109
2099 228
2100 73
2101 92
2102 123
2103 36
2104 28
2105 117
2106 39
2107 222
2108 5
2109 36
2110 105
2111 19
2112 6
2113 20
2114 79
2115 185
2116 154
2117 103
2118 193
2119 87
2120 233
2121 161
2122 94
2123 45
2124 134
2125 199
2126 43
2127 4
2128 211
2129 150
2130 143
2131 202
2132 58
2133 132
2134 72
2135 96
2136 180
2137 208
2138 187
2139 13
2140 1
2141 130
2142 240
2143 89
2144 138
2145 111
2146 42
2147 147
2148 4
2149 89
2150 72
2151 154
2152 122
2153 194
2154 127
2155 179
2156 109
2157 123
2158 64
2159 191
2160 35
2161 66
2162 102
2163 162
2164 36
2165 42
2166 28
2167 95
2168 12
2169 79
2170 12
2171 224
2172 9
2173 0
2174 247
2175 189
2176 28
2177 38
2178 9
2179 103
2180 72
2181 73
2182 228
2183 130
2184 174
2185 68
2186 20
2187 136
2188 204
2189 35
2190 187
2191 87
2192 50
2193 38
2194 103
2195 112
2196 220
2197 180
2198 188
2199 135
2200 19
2201 62
2202 72
2203 204
2204 235
2205 83
2206 147
2207 35
2208 35
2209 1
2210 116
2211 82
2212 216
2213 217
2214 85
2215 194
2216 42
2217 107
2218 101
2219 9
2220 19
2221 129
2222 184
2223 116
2224 79
2225 23
2226 134
2227 174
2228 38
2229 21
2230 25
2231 79
2232 124
2233 85
2234 23
2235 169
2236 41
2237 109
2238 216
2239 161
2240 212
2241 123
2242 113
2243 109
2244 154
2245 124
2246 154
2247 130
2248 213
2249 72
2250 109
2251 28
2252 40
2253 178
2254 74
2255 161
2256 28
2257 130
2258 247
2259 103
2260 109
2261 169
2262 20
2263 96
2264 247
2265 13
2266 231
2267 119
2268 5
2269 34
2270 8
2271 96
2272 36
2273 35
2274 193
2275 28
2276 95
2277 96
2278 72
2279 168
2280 18
2281 154
2282 8
2283 202
2284 0
2285 208
2286 72
2287 152
2288 188
2289 193
2290 70
2291 28
2292 23
2293 174
2294 83
2295 80
2296 134
2297 23
2298 182
2299 162
2300 70
2301 19
2302 145
2303 102
2304 87
2305 161
2306 94
2307 82
2308 62
2309 161
2310 168
2311 115
2312 123
2313 62
2314 107
2315 180
2316 82
2317 230
2318 124
2319 179
2320 36
2321 56
2322 61
2323 195
2324 147
2325 23
2326 36
2327 203
2328 216
2329 106
2330 35
2331 169
2332 0
2333 80
2334 93
2335 203
2336 30
2337 56
2338 228
2339 203
2340 211
2341 168
2342 127
2343 123
2344 74
2345 115
2346 101
2347 85
2348 165
2349 1
2350 174
2351 38
2352 85
2353 58
2354 238
2355 234
2356 42
2357 138
2358 129
2359 95
2360 182
2361 26
2362 218
2363 123
2364 154
2365 96
2366 201
2367 149
2368 35
2369 117
2370 185
2371 204
2372 182
2373 158
2374 71
2375 138
2376 202
2377 28
2378 102
2379 195
2380 195
2381 203
2382 16
2383 1
2384 83
2385 66
2386 113
2387 122
2388 31
2389 123
2390 122
2391 0
2392 228
2393 102
2394 161
2395 65
2396 136
2397 219
2398 209
2399 143
2400 20
2401 67
2402 83
2403 13
2404 41
2405 103
2406 30
2407 220
2408 28
2409 182
2410 237
2411 134
2412 73
2413 193
2414 129
2415 247
2416 1
2417 76
2418 113
2419 193
2420 16
2421 103
2422 40
2423 96
2424 83
2425 130
2426 38
2427 153
2428 95
2429 103
2430 192
2431 94
2432 116
2433 125
2434 169
2435 174
2436 235
2437 211
2438 151
2439 216
2440 247
2441 115
2442 89
2443 69
2444 145
2445 28
2446 198
2447 155
2448 35
2449 85
2450 130
2451 216
2452 80
2453 247
2454 107
2455 212
2456 50
2457 247
2458 114
2459 36
2460 74
2461 228
2462 39
2463 110
2464 74
2465 28
2466 83
2467 130
2468 19
2469 67
2470 146
2471 1
2472 1
2473 50
2474 8
2475 85
2476 92
2477 158
2478 168
2479 216
2480 83
2481 103
2482 153
2483 193
2484 87
2485 247
2486 206
2487 79
2488 28
2489 109
2490 1
2491 126
2492 247
2493 28
2494 61
2495 44
2496 171
2497 158
2498 224
2499 35
2500 154
2501 38
2502 42
2503 25
2504 71
2505 174
2506 37
2507 50
2508 199
2509 155
2510 116
2511 79
2512 38
2513 103
2514 202
2515 93
2516 95
2517 160
2518 133
2519 38
2520 113
2521 36
2522 6
2523 72
2524 56
2525 103
2526 9
2527 119
2528 112
2529 79
2530 152
2531 101
2532 200
2533 25
2534 142
2535 83
2536 229
2537 212
2538 199
2539 205
2540 222
2541 36
2542 162
2543 62
2544 94
2545 158
2546 201
2547 85
2548 237
2549 156
2550 36
2551 1
2552 126
2553 203
2554 72
2555 70
2556 243
2557 24
2558 58
2559 146
2560 216
2561 100
2562 97
2563 92
2564 4
2565 42
2566 61
2567 136
2568 237
2569 94
2570 38
2571 173
2572 28
2573 116
2574 12
2575 208
2576 43
2577 92
2578 51
2579 96
2580 180
2581 72
2582 143
2583 71
2584 136
2585 150
2586 178
2587 157
2588 130
2589 1
2590 51
2591 205
2592 162
2593 157
2594 36
2595 72
2596 28
2597 102
2598 144
2599 154
2600 103
2601 40
2602 39
2603 195
2604 61
2605 111
2606 19
2607 58
2608 129
2609 87
2610 44
2611 236
2612 218
2613 138
2614 16
2615 142
2616 36
2617 35
2618 4
2619 115
2620 79
2621 28
2622 248
2623 202
2624 138
2625 124
2626 6
2627 199
2628 23
2629 243
2630 165
2631 19
2632 154
2633 47
2634 203
2635 199
2636 31
2637 203
2638 20
2639 20
2640 182
2641 211
2642 122
2643 42
2644 128
2645 70
2646 79
2647 38
2648 102
2649 101
2650 70
2651 16
2652 106
2653 59
2654 148
2655 28
2656 66
2657 87
2658 112
2659 233
2660 89
2661 89
2662 38
2663 79
2664 70
2665 158
2666 96
2667 74
2668 158
2669 147
2670 92
2671 188
2672 20
2673 69
2674 23
2675 23
2676 135
2677 129
2678 83
2679 161
2680 92
2681 8
2682 196
2683 85
2684 96
2685 179
2686 237
2687 106
2688 85
2689 92
2690 137
2691 102
2692 203
2693 116
2694 62
2695 194
2696 9
2697 28
2698 236
2699 150
2700 83
2701 149
2702 42
2703 34
2704 101
2705 210
2706 147
2707 116
2708 196
2709 195
2710 68
2711 247
2712 195
2713 0
2714 79
2715 189
2716 103
2717 36
2718 203
2719 116
2720 130
2721 191
2722 62
2723 149
2724 109
2725 101
2726 0
2727 28
2728 89
2729 167
2730 147
2731 61
2732 42
2733 151
2734 182
2735 171
2736 16
2737 23
2738 213
2739 58
2740 182
2741 66
2742 23
2743 98
2744 205
2745 180
2746 189
2747 23
2748 193
2749 95
2750 200
2751 205
2752 0
2753 6
2754 183
2755 72
2756 152
2757 201
2758 0
2759 87
2760 135
2761 162
2762 80
2763 96
2764 13
2765 25
2766 180
2767 175
2768 95
2769 83
2770 97
2771 42
2772 1
2773 71
2774 72
2775 115
2776 82
2777 36
2778 102
2779 51
2780 128
2781 122
2782 248
2783 182
2784 40
2785 8
2786 97
2787 243
2788 248
2789 70
2790 41
2791 223
2792 105
2793 162
2794 36
2795 205
2796 152
2797 79
2798 1
2799 182
2800 93
2801 4
2802 190
2803 103
2804 223
2805 225
2806 201
2807 110
2808 191
2809 102
2810 237
2811 8
2812 77
2813 42
2814 6
2815 147
2816 72
2817 222
2818 237
2819 83
2820 204
2821 103
2822 200
2823 70
2824 72
2825 102
2826 72
2827 155
2828 40
2829 135
2830 247
2831 19
2832 218
2833 96
2834 193
2835 61
2836 138
2837 92
2838 194
2839 83
2840 79
2841 5
2842 83
2843 77
2844 113
2845 162
2846 61
2847 96
2848 94
2849 80
2850 103
2851 141
2852 12
2853 150
2854 43
2855 103
2856 247
2857 136
2858 202
2859 152
2860 20
2861 240
2862 106
2863 1
2864 203
2865 208
2866 127
2867 130
2868 147
2869 130
2870 202
2871 50
2872 129
2873 211
2874 199
2875 43
2876 1
2877 150
2878 28
2879 191
2880 202
2881 70
2882 218
2883 94
2884 130
2885 168
2886 56
2887 95
2888 180
2889 200
2890 28
2891 237
2892 147
2893 165
2894 103
2895 72
2896 123
2897 164
2898 73
2899 13
2900 9
2901 83
2902 135
2903 123
2904 243
2905 94
2906 191
2907 182
2908 38
2909 152
2910 103
2911 96
2912 58
2913 209
2914 102
2915 109
2916 38
2917 40
2918 218
2919 169
2920 94
2921 34
2922 194
2923 203
2924 248
2925 112
2926 28
2927 85
2928 155
2929 204
2930 198
2931 136
2932 224
2933 79
2934 27
2935 23
2936 70
2937 155
2938 154
2939 85
2940 119
2941 42
2942 101
2943 45
2944 40
2945 195
2946 180
2947 1
2948 129
2949 19
2950 123
2951 12
2952 130
2953 79
2954 35
2955 93
2956 134
2957 35
2958 85
2959 42
2960 212
2961 108
2962 96
2963 35
2964 228
2965 20
2966 141
2967 19
2968 27
2969 162
2970 89
2971 224
2972 143
2973 79
2974 66
2975 216
2976 122
2977 61
2978 3
2979 158
2980 85
2981 40
2982 236
2983 138
2984 68
2985 115
2986 130
2987 74
2988 112
2989 36
2990 112
2991 69
2992 119
2993 42
2994 188
2995 89
2996 122
2997 154
2998 36
2999 72
3000 28
3001 129
3002 131
3003 211
3004 109
3005 96
3006 62
3007 178
3008 101
3009 70
3010 38
3011 30
3012 41
3013 111
3014 50
3015 38
3016 111
3017 248
3018 165
3019 211
3020 176
3021 34
3022 44
3023 192
3024 111
3025 176
3026 212
3027 96
3028 234
3029 54
3030 36
3031 87
3032 101
3033 83
3034 28
3035 6
3036 96
3037 216
3038 109
3039 8
3040 95
3041 6
3042 86
3043 72
3044 40
3045 19
3046 35
3047 19
3048 89
3049 103
3050 129
3051 247
3052 39
3053 212
3054 26
3055 233
3056 109
3057 243
3058 23
3059 110
3060 173
3061 58
3062 70
3063 243
3064 94
3065 36
3066 25
3067 204
3068 1
3069 23
3070 8
3071 83
3072 13
3073 23
3074 79
3075 70
3076 79
3077 34
3078 2
3079 35
3080 70
3081 0
3082 136
3083 243
3084 3
3085 56
3086 87
3087 16
3088 234
3089 34
3090 34
3091 194
3092 200
3093 35
3094 129
3095 36
3096 74
3097 79
3098 242
3099 79
3100 196
3101 162
3102 74
3103 136
3104 222
3105 204
3106 26
3107 79
3108 130
3109 142
3110 122
3111 134
3112 160
3113 112
3114 40
3115 129
3116 62
3117 191
3118 64
3119 191
3120 106
3121 62
3122 101
3123 27
3124 58
3125 19
3126 202
3127 136
3128 40
3129 79
3130 231
3131 129
3132 36
3133 161
3134 66
3135 35
3136 38
3137 103
3138 28
3139 40
3140 129
3141 233
3142 35
3143 136
3144 34
3145 164
3146 126
3147 101
3148 38
3149 101
3150 8
3151 180
3152 129
3153 116
3154 243
3155 211
3156 61
3157 28
3158 6
3159 83
3160 95
3161 96
3162 138
3163 124
3164 233
3165 155
3166 13
3167 92
3168 147
3169 92
3170 72
3171 199
3172 1
3173 9
3174 0
3175 182
3176 94
3177 158
3178 202
3179 20
3180 94
3181 123
3182 129
3183 50
3184 136
3185 109
3186 51
3187 92
3188 160
3189 139
3190 95
3191 230
3192 160
3193 116
3194 28
3195 203
3196 89
3197 129
3198 132
3199 72
3200 96
3201 42
3202 51
3203 96
3204 1
3205 103
3206 95
3207 79
3208 224
3209 103
3210 96
3211 42
3212 162
3213 158
3214 8
3215 154
3216 95
3217 58
3218 113
3219 129
3220 87
3221 152
3222 1
3223 135
3224 113
3225 168
3226 196
3227 21
3228 35
3229 95
3230 96
3231 0
3232 151
3233 204
3234 131
3235 100
3236 203
3237 13
3238 196
3239 42
3240 180
3241 94
3242 23
3243 239
3244 40
3245 191
3246 36
3247 53
3248 93
3249 83
3250 182
3251 79
3252 28
3253 89
3254 36
3255 79
3256 58
3257 7
3258 62
3259 79
3260 1
3261 87
3262 168
3263 102
3264 165
3265 151
3266 150
3267 79
3268 243
3269 216
3270 123
3271 70
3272 112
3273 130
3274 238
3275 165
3276 66
3277 123
3278 42
3279 168
3280 5
3281 56
3282 36
3283 190
3284 19
3285 52
3286 222
3287 123
3288 79
3289 21
3290 194
3291 95
3292 227
3293 248
3294 210
3295 84
3296 128
3297 74
3298 23
3299 23
3300 79
3301 137
3302 154
3303 101
3304 36
3305 40
3306 20
3307 161
3308 247
3309 137
3310 95
3311 103
3312 223
3313 79
3314 154
3315 94
3316 202
3317 130
3318 90
3319 101
3320 103
3321 208
3322 204
3323 38
3324 103
3325 202
3326 156
3327 203
3328 138
3329 222
3330 103
3331 1
3332 79
3333 233
3334 1
3335 73
3336 146
3337 51
3338 96
3339 195
3340 122
3341 35
3342 147
3343 89
3344 96
3345 77
3346 35
3347 154
3348 72
3349 200
3350 43
3351 111
3352 6
3353 34
3354 8
3355 161
3356 158
3357 206
3358 115
3359 102
3360 195
3361 23
3362 36
3363 42
3364 28
3365 72
3366 40
3367 102
3368 56
3369 212
3370 35
3371 151
3372 95
3373 0
3374 28
3375 216
3376 184
3377 199
3378 116
3379 1
3380 196
3381 40
3382 83
3383 112
3384 240
3385 204
3386 161
3387 119
3388 28
3389 36
3390 79
3391 184
3392 112
3393 80
3394 122
3395 135
3396 205
3397 200
3398 182
3399 58
3400 28
3401 231
3402 150
3403 95
3404 169
3405 89
3406 96
3407 36
3408 72
3409 112
3410 28
3411 1
3412 24
3413 94
3414 150
3415 93
3416 234
3417 58
3418 169
3419 95
3420 79
3421 185
3422 193
3423 123
3424 8
3425 36
3426 85
3427 36
3428 158
3429 72
3430 40
3431 28
3432 38
3433 70
3434 5
3435 235
3436 103
3437 233
3438 233
3439 42
3440 152
3441 130
3442 71
3443 154
3444 195
3445 202
3446 135
3447 85
3448 194
3449 93
3450 28
3451 101
3452 179
3453 35
3454 112
3455 238
3456 126
3457 194
3458 62
3459 72
3460 183
3461 202
3462 204
3463 158
3464 24
3465 96
3466 247
3467 240
3468 42
3469 101
3470 92
3471 102
3472 191
3473 20
3474 89
3475 155
3476 102
3477 6
3478 61
3479 23
3480 129
3481 138
3482 95
3483 203
3484 116
3485 28
3486 119
3487 166
3488 72
3489 196
3490 135
3491 143
3492 20
3493 35
3494 209
3495 70
3496 40
3497 102
3498 39
3499 240
3500 36
3501 103
3502 162
3503 0
3504 89
3505 96
3506 90
3507 168
3508 95
3509 83
3510 79
3511 122
3512 36
3513 123
3514 247
3515 135
3516 196
3517 19
3518 8
3519 85
3520 96
3521 180
3522 182
3523 79
3524 28
3525 220
3526 1
3527 122
3528 103
3529 92
3530 72
3531 93
3532 62
3533 80
3534 123
3535 94
3536 96
3537 178
3538 87
3539 173
3540 107
3541 36
3542 79
3543 143
3544 105
3545 36
3546 38
3547 103
3548 87
3549 95
3550 36
3551 147
3552 231
3553 179
3554 79
3555 83
3556 122
3557 0
3558 155
3559 28
3560 130
3561 124
3562 218
3563 72
3564 23
3565 36
3566 79
3567 173
3568 24
3569 228
3570 103
3571 28
3572 92
3573 1
3574 101
3575 130
3576 103
3577 83
3578 72
3579 62
3580 182
3581 130
3582 193
3583 142
3584 111
3585 79
3586 127
3587 83
3588 165
3589 136
3590 152
3591 182
3592 168
3593 116
3594 28
3595 96
3596 136
3597 72
3598 65
3599 247
3600 28
3601 42
3602 149
3603 115
3604 67
3605 115
3606 116
3607 109
3608 96
3609 1
3610 205
3611 189
3612 102
3613 219
3614 28
3615 180
3616 171
3617 64
3618 147
3619 152
3620 28
3621 95
3622 136
3623 129
3624 165
3625 103
3626 65
3627 38
3628 115
3629 1
3630 210
3631 151
3632 20
3633 123
3634 23
3635 152
3636 182
3637 169
3638 128
3639 224
3640 247
3641 35
3642 19
3643 103
3644 94
3645 123
3646 209
3647 38
3648 112
3649 173
3650 24
3651 161
3652 136
3653 116
3654 101
3655 141
3656 238
3657 34
3658 231
3659 138
3660 192
3661 13
3662 105
3663 205
3664 176
3665 190
3666 40
3667 72
3668 211
3669 209
3670 218
3671 72
3672 12
3673 95
3674 115
3675 35
3676 96
3677 189
3678 109
3679 42
3680 135
3681 136
3682 28
3683 89
3684 79
3685 35
3686 85
3687 95
3688 179
3689 228
3690 150
3691 72
3692 122
3693 128
3694 72
3695 248
3696 27
3697 20
3698 123
3699 197
3700 89
3701 204
3702 173
3703 96
3704 175
3705 7
3706 36
3707 164
3708 72
3709 36
3710 196
3711 23
3712 1
3713 103
3714 207
3715 19
3716 89
3717 96
3718 180
3719 187
3720 72
3721 1
3722 179
3723 42
3724 28
3725 28
3726 5
3727 0
3728 1
3729 138
3730 203
3731 28
3732 130
3733 72
3734 38
3735 28
3736 204
3737 101
3738 94
3739 195
3740 95
3741 23
3742 23
3743 109
3744 205
3745 89
3746 1
3747 66
3748 88
3749 138
3750 136
3751 95
3752 8
3753 109
3754 42
3755 40
3756 101
3757 35
3758 83
3759 130
3760 83
3761 157
3762 162
3763 28
3764 142
3765 75
3766 40
3767 224
3768 38
3769 72
3770 94
3771 54
3772 205
3773 103
3774 79
3775 72
3776 216
3777 218
3778 34
3779 161
3780 1
3781 161
3782 103
3783 96
3784 23
3785 28
3786 28
3787 173
3788 228
3789 42
3790 14
3791 85
3792 103
3793 234
3794 95
3795 168
3796 72
3797 8
3798 161
3799 71
3800 184
3801 158
3802 90
3803 94
3804 94
3805 135
3806 85
3807 71
3808 109
3809 23
3810 152
3811 115
3812 79
3813 219
3814 38
3815 154
3816 171
3817 21
3818 92
3819 136
3820 78
3821 62
3822 24
3823 103
3824 151
3825 101
3826 79
3827 72
3828 169
3829 101
3830 83
3831 112
3832 16
3833 72
3834 62
3835 92
3836 42
3837 216
3838 193
3839 182
3840 79
3841 247
3842 20
3843 42
3844 136
3845 130
3846 109
3847 1
3848 193
3849 221
3850 92
3851 136
3852 6
3853 95
3854 135
3855 152
3856 158
3857 1
3858 129
3859 16
3860 1
3861 122
3862 109
3863 19
3864 40
3865 205
3866 136
3867 161
3868 24
3869 182
3870 190
3871 130
3872 36
3873 1
3874 80
3875 24
3876 79
3877 195
3878 1
3879 5
3880 79
3881 95
3882 109
3883 8
3884 166
3885 28
3886 248
3887 54
3888 164
3889 158
3890 23
3891 89
3892 194
3893 103
3894 128
3895 72
3896 222
3897 94
3898 216
3899 40
3900 96
3901 208
3902 224
3903 135
3904 96
3905 40
3906 28
3907 79
3908 101
3909 165
3910 165
3911 28
3912 102
3913 16
3914 162
3915 65
3916 146
3917 158
3918 199
3919 93
3920 131
3921 29
3922 211
3923 28
3924 195
3925 74
3926 188
3927 28
3928 222
3929 116
3930 43
3931 242
3932 20
3933 123
3934 101
3935 42
3936 161
3937 19
3938 165
3939 40
3940 72
3941 124
3942 189
3943 195
3944 95
3945 162
3946 5
3947 96
3948 40
3949 96
3950 247
3951 209
3952 72
3953 38
3954 31
3955 42
3956 96
3957 1
3958 13
3959 112
3960 119
3961 20
3962 136
3963 165
3964 129
3965 94
3966 83
3967 103
3968 25
3969 1
3970 115
3971 27
3972 68
3973 79
3974 95
3975 42
3976 72
3977 128
3978 122
3979 185
3980 179
3981 134
3982 71
3983 6
3984 72
3985 92
3986 1
3987 65
3988 164
3989 72
3990 28
3991 1
3992 19
3993 1
3994 152
3995 72
3996 36
3997 205
3998 1
3999 8
4000 201
4001 16
4002 212
4003 40
4004 36
4005 72
4006 95
4007 182
4008 1
4009 109
4010 109
4011 1
4012 106
4013 89
4014 185
4015 28
4016 246
4017 92
4018 56
4019 203
4020 96
4021 208
4022 107
4023 33
4024 6
4025 95
4026 20
4027 33
4028 1
4029 154
4030 134
4031 35
4032 128
4033 92
4034 93
4035 51
4036 109
4037 129
4038 96
4039 151
4040 1
4041 35
4042 182
4043 202
4044 8
4045 8
4046 38
4047 45
4048 96
4049 79
4050 94
4051 1
4052 64
4053 96
4054 123
4055 243
4056 5
4057 155
4058 96
4059 95
4060 166
4061 109
4062 72
4063 116
4064 20
4065 211
4066 195
4067 42
4068 72
4069 182
4070 109
4071 52
4072 173
4073 42
4074 5
4075 42
4076 79
4077 182
4078 175
4079 28
4080 136
4081 205
4082 42
4083 235
4084 28
4085 102
4086 5
4087 119
4088 70
4089 72
4090 150
4091 102
4092 94
4093 28
4094 85
4095 70
4096 2
4097 38
4098 40
4099 79
4100 52
4101 35
4102 36
4103 85
4104 116
4105 122
4106 96
4107 92
4108 40
4109 101
4110 119
4111 189
4112 130
4113 177
4114 89
4115 23
4116 150
4117 20
4118 36
4119 85
4120 35
4121 202
4122 95
4123 23
4124 134
4125 5
4126 42
4127 28
4128 205
4129 96
4130 211
4131 79
4132 9
4133 147
4134 28
4135 233
4136 83
4137 165
4138 38
4139 103
4140 35
4141 36
4142 95
4143 54
4144 103
4145 94
4146 28
4147 247
4148 41
4149 23
4150 155
4151 180
4152 20
4153 195
4154 42
4155 123
4156 95
4157 191
4158 6
4159 42
4160 83
4161 72
4162 7
4163 102
4164 23
4165 152
4166 211
4167 31
4168 79
4169 27
4170 94
4171 152
4172 8
4173 135
4174 72
4175 147
4176 148
4177 20
4178 107
4179 20
4180 21
4181 8
4182 115
4183 205
4184 20
4185 130
4186 95
4187 28
4188 180
4189 101
4190 228
4191 219
4192 180
4193 83
4194 209
4195 72
4196 247
4197 96
4198 233
4199 219
4200 117
4201 113
4202 72
4203 89
4204 95
4205 72
4206 95
4207 40
4208 94
4209 161
4210 72
4211 40
4212 106
4213 85
4214 13
4215 227
4216 94
4217 109
4218 27
4219 158
4220 42
4221 237
4222 79
4223 8
4224 115
4225 83
4226 8
4227 202
4228 83
4229 109
4230 44
4231 228
4232 36
4233 34
4234 125
4235 136
4236 79
4237 92
4238 35
4239 42
4240 135
4241 36
4242 101
4243 122
4244 122
4245 199
4246 103
4247 72
4248 92
4249 182
4250 95
4251 95
4252 72
4253 36
4254 129
4255 94
4256 58
4257 1
4258 95
4259 247
4260 9
4261 211
4262 151
4263 83
4264 200
4265 83
4266 28
4267 23
4268 95
4269 4
4270 96
4271 208
4272 95
4273 35
4274 1
4275 111
4276 111
4277 128
4278 151
4279 222
4280 103
4281 195
4282 28
4283 94
4284 58
4285 58
4286 158
4287 73
4288 62
4289 23
4290 200
4291 93
4292 42
4293 95
4294 248
4295 89
4296 122
4297 105
4298 213
4299 233
4300 233
4301 145
4302 182
4303 72
4304 173
4305 115
4306 101
4307 95
4308 135
4309 128
4310 112
4311 203
4312 111
4313 41
4314 109
4315 96
4316 211
4317 103
4318 42
4319 1
4320 95
4321 182
4322 82
4323 28
4324 103
4325 116
4326 198
4327 72
4328 28
4329 40
4330 218
4331 6
4332 122
4333 61
4334 95
4335 101
4336 198
4337 223
4338 151
4339 247
4340 16
4341 157
4342 6
4343 162
4344 134
4345 122
4346 130
4347 135
4348 28
4349 83
4350 71
4351 193
4352 1
4353 95
4354 79
4355 72
4356 134
4357 36
4358 135
4359 79
4360 2
4361 28
4362 85
4363 30
4364 58
4365 122
4366 106
4367 102
4368 72
4369 182
4370 42
4371 96
4372 40
4373 195
4374 94
4375 96
4376 72
4377 69
4378 83
4379 103
4380 116
4381 134
4382 88
4383 79
4384 94
4385 0
4386 197
4387 19
4388 20
4389 195
4390 72
4391 211
4392 9
4393 112
4394 106
4395 204
4396 160
4397 238
4398 42
4399 96
4400 123
4401 1
4402 92
4403 38
4404 135
4405 205
4406 23
4407 5
4408 35
4409 109
4410 175
4411 26
4412 96
4413 4
4414 109
4415 89
4416 115
4417 71
4418 128
4419 36
4420 31
4421 40
4422 136
4423 109
4424 28
4425 72
4426 72
4427 42
4428 189
4429 79
4430 5
4431 182
4432 28
4433 28
4434 40
4435 94
4436 179
4437 79
4438 19
4439 190
4440 23
4441 103
4442 188
4443 134
4444 1
4445 123
4446 102
4447 103
4448 130
4449 137
4450 130
4451 112
4452 79
4453 38
4454 188
4455 102
4456 28
4457 143
4458 72
4459 103
4460 42
4461 196
4462 122
4463 130
4464 36
4465 85
4466 61
4467 44
4468 5
4469 1
4470 36
4471 155
4472 89
4473 143
4474 103
4475 202
4476 196
4477 130
4478 1
4479 95
4480 8
4481 68
4482 36
4483 36
4484 95
4485 115
4486 35
4487 211
4488 35
4489 28
4490 35
4491 28
4492 115
4493 211
4494 71
4495 19
4496 95
4497 103
4498 36
4499 28
4500 19
4501 38
4502 68
4503 95
4504 39
4505 1
4506 158
4507 38
4508 95
4509 149
4510 128
4511 173
4512 188
4513 115
4514 128
4515 72
4516 36
4517 61
4518 212
4519 158
4520 201
4521 35
4522 8
4523 231
4524 95
4525 42
4526 70
4527 157
4528 155
4529 36
4530 20
4531 95
4532 123
4533 236
4534 35
4535 72
4536 96
4537 88
4538 95
4539 152
4540 23
4541 135
4542 79
4543 72
4544 40
4545 1
4546 195
4547 135
4548 129
4549 19
4550 36
4551 247
4552 122
4553 40
4554 208
4555 95
4556 182
4557 134
4558 182
4559 83
4560 95
4561 74
4562 79
4563 130
4564 94
4565 145
4566 40
4567 130
4568 191
4569 40
4570 36
4571 211
4572 96
4573 155
4574 95
4575 136
4576 20
4577 79
4578 248
4579 113
4580 94
4581 79
4582 112
4583 205
4584 95
4585 212
4586 79
4587 103
4588 28
4589 207
4590 147
4591 152
4592 195
4593 72
4594 42
4595 82
4596 180
4597 102
4598 243
4599 95
4600 95
4601 247
4602 189
4603 28
4604 192
4605 130
4606 40
4607 182
4608 93
4609 109
4610 92
4611 8
4612 99
4613 93
4614 23
4615 28
4616 79
4617 38
4618 130
4619 35
4620 6
4621 8
4622 109
4623 36
4624 40
4625 203
4626 152
4627 96
4628 6
4629 40
4630 34
4631 98
4632 174
4633 195
4634 40
4635 223
4636 122
4637 96
4638 83
4639 101
4640 245
4641 72
4642 39
4643 1
4644 90
4645 6
4646 103
4647 212
4648 40
4649 19
4650 208
4651 247
4652 219
4653 36
4654 152
4655 123
4656 198
4657 191
4658 40
4659 70
4660 96
4661 94
4662 4
4663 109
4664 36
4665 112
4666 42
4667 28
4668 83
4669 70
4670 182
4671 95
4672 72
4673 154
4674 40
4675 195
4676 95
4677 42
4678 130
4679 42
4680 195
4681 195
4682 79
4683 89
4684 23
4685 40
4686 83
4687 113
4688 103
4689 28
4690 245
4691 123
4692 135
4693 101
4694 94
4695 189
4696 69
4697 224
4698 79
4699 103
4700 119
4701 130
4702 142
4703 72
4704 96
4705 1
4706 72
4707 28
4708 72
4709 92
4710 62
4711 150
4712 182
4713 40
4714 189
4715 109
4716 5
4717 1
4718 152
4719 109
4720 1
4721 96
4722 89
4723 61
4724 103
4725 1
4726 103
4727 130
4728 247
4729 1
4730 36
4731 196
4732 1
4733 130
4734 87
4735 138
4736 35
4737 83
4738 36
4739 107
4740 58
4741 101
4742 19
4743 13
4744 35
4745 116
4746 1
4747 35
4748 201
4749 70
4750 72
4751 21
4752 123
4753 87
4754 89
4755 23
4756 203
4757 96
4758 136
4759 95
4760 116
4761 28
4762 1
4763 109
4764 21
4765 208
4766 1
4767 42
4768 136
4769 109
4770 95
4771 26
4772 189
4773 28
4774 95
4775 96
4776 79
4777 135
4778 233
4779 83
4780 6
4781 94
4782 13
4783 103
4784 218
4785 129
4786 79
4787 168
4788 122
4789 9
4790 51
4791 72
4792 93
4793 113
4794 247
4795 205
4796 23
4797 36
4798 115
4799 180
4800 64
4801 40
4802 19
4803 39
4804 38
4805 180
4806 40
4807 94
4808 28
4809 83
4810 115
4811 179
4812 36
4813 101
4814 136
4815 95
4816 1
4817 101
4818 150
4819 1
4820 8
4821 72
4822 101
4823 38
4824 93
4825 79
4826 72
4827 23
4828 173
4829 247
4830 34
4831 94
4832 103
4833 152
4834 162
4835 36
4836 155
4837 95
4838 28
4839 74
4840 72
4841 211
4842 35
4843 67
4844 119
4845 35
4846 112
4847 36
4848 117
4849 72
4850 185
4851 178
4852 38
4853 1
4854 92
4855 14
4856 212
4857 93
4858 193
4859 36
4860 218
4861 89
4862 89
4863 136
4864 23
4865 35
4866 28
4867 35
4868 161
4869 127
4870 79
4871 28
4872 247
4873 83
4874 157
4875 174
4876 135
4877 200
4878 190
4879 130
4880 95
4881 40
4882 142
4883 208
4884 122
4885 1
4886 216
4887 36
4888 83
4889 232
4890 195
4891 130
4892 72
4893 79
4894 136
4895 101
4896 67
4897 1
4898 212
4899 35
4900 95
4901 150
4902 5
4903 101
4904 130
4905 20
4906 130
4907 95
4908 94
4909 164
4910 102
4911 154
4912 223
4913 82
4914 95
4915 208
4916 96
4917 96
4918 28
4919 28
4920 28
4921 182
4922 136
4923 182
4924 130
4925 116
4926 1
4927 13
4928 109
4929 58
4930 103
4931 85
4932 228
4933 19
4934 28
4935 218
4936 36
4937 28
4938 158
4939 103
4940 40
4941 0
4942 38
4943 79
4944 1
4945 192
4946 28
4947 28
4948 72
4949 109
4950 83
4951 38
4952 28
4953 137
4954 79
4955 205
4956 36
4957 83
4958 182
4959 142
4960 189
4961 40
4962 36
4963 38
4964 40
4965 208
4966 133
4967 30
4968 147
4969 40
4970 130
4971 136
4972 240
4973 28
4974 189
4975 83
4976 28
4977 28
4978 101
4979 95
4980 103
4981 40
4982 16
4983 28
4984 1
4985 193
4986 129
4987 96
4988 168
4989 94
4990 136
4991 27
4992 151
4993 103
4994 189
4995 243
4996 42
4997 109
4998 28
4999 85
