0 28
1 234
2 131
3 166
5 88
6 62
7 236
8 36
9 4
10 56
11 24
12 25
13 134
14 137
15 28
16 240
17 126
18 233
20 152
21 236
22 214
23 161
24 118
25 127
26 133
27 28
28 221
29 186
30 61
31 126
32 30
33 53
34 106
35 17
36 178
37 135
38 43
39 237
40 235
42 71
43 63
44 115
45 148
46 31
47 207
48 221
49 118
50 121
51 78
52 89
53 186
54 43
56 29
57 9
58 130
59 11
60 184
62 207
63 120
64 166
65 155
66 109
67 241
68 28
69 61
70 162
71 127
72 25
73 74
75 125
76 226
77 126
78 63
79 5
80 30
81 73
83 41
84 181
85 74
86 16
87 240
88 225
90 234
91 9
92 23
93 92
94 134
95 24
96 169
97 246
98 63
99 8
101 170
102 202
103 49
104 174
105 227
106 200
107 0
108 24
109 114
110 169
112 59
114 211
115 205
116 113
117 9
119 23
120 246
121 200
122 224
123 169
124 137
125 64
126 163
127 129
128 203
129 108
130 163
132 100
133 227
134 114
135 89
136 178
137 220
138 185
139 87
140 127
141 86
142 53
143 1
144 186
146 56
147 154
148 156
150 134
151 237
152 0
153 134
154 105
155 105
156 84
157 171
158 181
159 51
160 153
161 127
162 24
163 18
164 127
165 213
166 25
167 1
168 122
169 234
170 0
171 179
172 130
173 108
174 234
175 67
176 94
177 132
178 236
179 63
180 234
181 149
182 234
183 205
184 103
185 84
186 70
187 151
188 193
189 137
190 77
191 106
192 200
193 139
194 139
195 234
196 41
197 94
198 90
199 96
200 157
201 175
202 131
203 62
204 118
206 63
207 134
208 16
209 155
211 82
212 49
213 25
214 116
215 245
216 41
217 131
218 154
219 238
220 106
221 82
222 167
223 237
224 217
225 200
226 227
227 226
228 93
229 222
230 63
231 83
232 126
233 246
235 106
236 157
237 8
238 26
239 229
240 87
241 229
242 109
244 170
245 234
246 63
247 234
248 226
249 47
250 114
251 195
252 151
254 101
256 151
257 8
258 61
259 61
260 146
261 71
262 0
263 56
264 2
265 21
266 64
267 171
268 80
269 25
270 107
271 11
272 2
273 19
274 36
275 82
277 0
278 193
279 63
280 24
282 230
283 74
284 8
285 110
286 152
287 234
288 103
289 246
290 108
291 27
292 205
293 178
294 77
295 106
296 25
297 166
298 114
299 77
300 71
301 21
302 82
303 16
304 248
305 246
306 23
307 25
308 16
309 228
310 43
312 200
313 56
314 94
315 211
316 226
317 122
318 77
319 193
320 186
321 226
322 28
323 143
324 20
325 75
326 10
327 148
328 246
329 126
330 117
331 234
332 56
333 38
334 139
335 65
337 133
338 165
339 230
340 143
341 42
342 238
344 63
345 166
346 137
347 151
348 66
349 199
350 237
351 245
352 61
353 4
354 224
356 0
357 78
358 53
359 73
360 86
361 11
362 93
363 31
364 246
365 84
366 209
367 205
368 124
369 152
370 152
372 137
373 35
374 94
375 209
376 128
377 89
378 225
379 83
380 224
381 114
382 155
383 134
384 149
385 47
386 154
387 234
388 25
389 91
390 144
391 94
392 9
393 106
394 121
395 16
396 25
397 28
399 234
400 58
401 55
402 237
403 191
404 145
405 23
406 69
407 246
408 181
409 240
410 89
411 36
412 114
413 164
414 48
415 185
416 206
417 196
418 114
419 26
420 221
422 228
423 103
424 145
425 31
426 29
427 238
428 0
429 100
430 3
431 24
432 109
433 150
434 43
435 224
436 188
437 61
438 34
440 183
441 34
442 106
443 237
444 89
445 9
446 36
447 128
448 211
449 237
450 145
451 91
452 12
453 48
454 154
455 167
457 225
458 198
459 41
460 12
461 83
462 152
463 195
464 234
465 170
466 42
467 186
468 28
469 63
470 55
471 139
472 43
473 131
474 179
475 29
476 127
477 36
478 174
479 132
480 103
481 247
482 231
483 50
484 62
485 235
486 38
487 11
489 80
490 130
491 84
492 91
493 224
494 200
495 90
496 63
497 0
498 124
499 89
501 122
502 240
503 160
506 170
509 147
510 166
511 121
512 130
513 124
516 38
518 196
519 182
520 0
521 48
522 157
523 35
524 64
525 100
527 122
528 35
529 51
530 133
531 106
532 174
533 24
534 130
535 36
536 248
537 196
539 180
540 114
541 174
542 247
543 153
544 16
545 200
546 26
547 67
549 89
550 23
551 83
552 186
553 17
554 248
555 109
556 166
557 193
558 64
559 213
560 130
562 115
563 83
564 27
567 55
568 147
569 51
570 72
571 211
572 100
573 224
574 247
575 14
576 184
577 72
578 15
580 245
581 104
582 163
583 202
584 178
585 103
586 55
587 36
588 124
589 47
590 64
592 184
594 59
595 98
596 8
597 132
598 124
599 28
600 35
601 211
602 7
605 1
606 48
607 25
608 16
609 239
610 62
611 83
612 181
613 231
614 116
615 63
616 7
617 28
618 205
619 27
620 43
621 129
622 224
623 76
624 193
625 7
626 85
627 11
628 16
629 188
630 105
631 136
632 34
633 52
634 238
635 17
636 117
637 217
638 27
639 210
640 248
641 134
642 87
643 235
644 107
645 193
646 227
647 54
648 9
651 27
652 129
653 231
654 209
655 85
656 185
657 240
658 83
659 152
660 25
661 117
662 226
663 48
664 76
665 202
666 155
667 82
668 68
670 10
671 28
672 10
673 157
674 0
675 225
676 234
678 171
679 221
680 0
681 55
682 8
684 29
685 71
686 94
687 56
688 193
689 178
690 90
691 110
692 35
693 11
694 132
695 155
696 0
697 170
698 184
699 174
701 211
702 3
703 147
705 36
706 170
707 135
708 91
709 182
710 43
711 69
712 63
713 167
714 29
716 28
717 244
718 133
720 55
722 133
723 42
724 67
725 63
726 77
727 98
728 204
729 74
730 59
731 193
732 169
733 139
734 137
735 25
736 130
737 105
738 243
739 134
740 114
741 89
742 90
743 241
744 80
745 8
746 151
747 8
748 42
749 98
751 103
752 28
753 14
754 36
755 232
756 28
757 0
758 108
760 96
761 27
762 129
764 89
765 128
766 9
767 228
768 195
769 106
770 184
771 152
772 130
773 23
774 246
775 87
776 52
777 70
778 133
779 211
780 146
781 189
782 198
783 51
784 44
785 2
787 106
790 56
793 53
794 246
795 61
796 244
797 128
798 247
799 94
800 120
801 147
802 233
803 10
804 63
805 28
806 87
807 77
808 147
809 234
810 91
811 101
812 72
813 177
814 55
815 4
817 4
818 49
819 14
820 183
821 103
822 39
823 110
824 77
826 194
827 72
828 111
829 162
830 77
831 174
832 187
833 148
834 150
835 20
836 118
837 11
838 150
840 106
841 235
843 225
846 57
847 154
848 128
849 178
850 179
852 83
853 107
855 200
856 124
857 139
858 176
859 182
860 53
861 51
862 134
863 189
864 151
865 54
866 186
867 26
868 158
869 92
871 130
872 234
873 186
874 63
875 42
876 87
877 64
878 118
879 48
881 240
882 98
883 128
884 128
885 69
888 198
889 55
890 129
891 127
892 124
893 175
894 10
895 56
896 64
897 128
898 155
899 104
900 161
901 31
902 78
903 52
904 242
905 236
906 144
907 28
909 32
910 59
911 166
912 36
913 21
914 246
915 0
916 245
917 18
918 131
919 241
920 2
921 245
922 33
923 179
924 52
925 92
926 206
927 28
928 195
929 80
930 98
931 134
932 208
933 137
934 176
936 152
938 4
939 83
940 186
941 227
942 28
943 55
944 72
946 234
947 56
948 23
949 23
950 241
953 107
954 24
955 47
956 43
957 25
958 196
959 94
960 247
961 210
962 108
963 230
964 11
965 4
967 225
968 110
969 164
970 227
971 105
972 51
973 185
974 21
975 34
977 161
978 46
979 241
980 180
981 107
982 200
983 241
984 2
985 186
987 0
988 8
989 132
990 221
991 237
992 86
993 179
994 213
995 129
996 171
998 120
999 83
1000 67
1001 56
1002 126
1003 25
1004 222
1005 122
1006 34
1009 190
1010 109
1011 36
1013 152
1014 8
1015 0
1016 84
1017 211
1019 33
1020 14
1021 6
1022 126
1023 55
1024 205
1025 50
1027 171
1028 51
1029 27
1030 132
1031 150
1032 92
1034 31
1035 55
1036 10
1037 249
1038 243
1040 220
1042 104
1044 195
1045 222
1046 195
1047 153
1048 184
1049 182
1050 128
1052 222
1053 93
1054 23
1055 63
1057 171
1058 91
1059 146
1060 211
1061 218
1062 237
1063 127
1064 63
1065 226
1066 26
1067 18
1068 124
1069 222
1070 126
1071 194
1072 137
1074 186
1075 200
1076 119
1077 94
1078 126
1079 59
1080 237
1081 52
1082 150
1083 184
1084 73
1085 236
1086 89
1087 137
1088 224
1089 48
1090 24
1091 183
1092 151
1093 18
1094 27
1095 170
1097 34
1098 78
1099 174
1100 76
1101 53
1103 221
1104 51
1105 167
1106 53
1107 135
1108 120
1110 82
1111 211
1112 222
1113 187
1114 56
1115 127
1116 140
1117 70
1118 101
1119 178
1120 63
1121 164
1122 134
1123 231
1124 184
1125 51
1126 158
1127 28
1128 30
1129 149
1130 56
1131 163
1133 231
1134 34
1135 0
1137 23
1139 23
1140 21
1141 152
1142 242
1143 109
1144 43
1145 89
1146 203
1147 28
1148 41
1149 120
1150 55
1151 169
1154 63
1155 83
1158 0
1159 44
1160 173
1162 125
1163 67
1165 52
1166 205
1167 182
1168 167
1169 27
1170 116
1171 87
1172 121
1173 56
1177 200
1178 72
1179 184
1180 228
1181 0
1183 234
1184 88
1185 116
1186 188
1187 136
1188 55
1189 22
1190 1
1191 132
1192 79
1193 155
1194 76
1195 104
1196 34
1197 83
1198 89
1200 145
1201 124
1203 93
1205 132
1206 35
1207 126
1209 211
1210 25
1211 180
1212 167
1213 113
1214 246
1215 227
1216 200
1217 236
1218 152
1219 137
1220 147
1221 16
1222 209
1223 107
1225 109
1226 142
1227 53
1228 242
1229 126
1230 0
1232 107
1234 94
1235 35
1237 221
1238 142
1239 118
1240 2
1241 237
1242 106
1243 125
1245 193
1246 193
1247 189
1248 243
1249 171
1250 128
1251 74
1252 109
1253 55
1255 90
1256 100
1257 104
1258 20
1259 91
1260 72
1261 187
1262 231
1263 116
1265 28
1266 26
1267 25
1269 94
1270 200
1271 114
1272 218
1273 151
1274 27
1275 93
1277 128
1278 245
1279 130
1281 247
1283 127
1284 248
1285 24
1286 28
1289 195
1290 83
1291 215
1292 101
1293 83
1294 76
1295 242
1296 24
1297 219
1298 89
1299 213
1300 0
1302 18
1303 25
1305 93
1306 238
1307 181
1308 51
1310 131
1311 117
1313 221
1314 241
1315 63
1316 104
1319 170
1320 92
1321 77
1323 9
1324 89
1325 139
1326 79
1327 0
1328 136
1329 69
1330 34
1332 125
1333 13
1334 77
1335 52
1336 236
1337 69
1339 236
1340 25
1341 242
1343 232
1344 195
1345 234
1346 213
1347 11
1348 127
1349 51
1350 159
1351 146
1352 120
1354 171
1355 170
1357 90
1358 170
1359 89
1360 121
1361 137
1362 166
1363 95
1364 27
1365 34
1366 82
1367 205
1368 114
1369 183
1372 166
1373 145
1374 31
1375 160
1376 199
1377 42
1378 150
1380 60
1381 6
1382 139
1384 246
1385 17
1387 112
1388 55
1389 192
1391 207
1392 8
1393 184
1394 44
1396 80
1397 64
1399 46
1400 156
1401 110
1402 174
1403 236
1404 35
1405 166
1406 80
1410 76
1411 17
1412 85
1413 9
1414 226
1415 29
1416 202
1417 129
1418 217
1419 109
1420 165
1421 79
1422 87
1423 23
1425 83
1426 229
1427 167
1429 89
1431 61
1432 166
1433 59
1434 237
1436 227
1438 182
1439 139
1440 195
1441 42
1442 11
1443 35
1444 55
1445 16
1446 94
1447 31
1448 174
1449 28
1450 222
1451 55
1452 110
1454 184
1455 246
1456 220
1457 126
1459 201
1460 220
1461 163
1462 107
1463 82
1464 109
1465 137
1466 184
1467 63
1468 130
1469 0
1470 34
1471 168
1472 48
1473 218
1474 241
1475 32
1476 200
1479 84
1480 171
1481 143
1482 17
1483 70
1484 56
1486 156
1487 76
1490 63
1491 139
1492 70
1493 193
1495 31
1496 213
1497 137
1498 47
1499 240
1500 63
1502 10
1503 16
1504 18
1506 111
1507 236
1508 151
1509 137
1510 237
1512 87
1515 17
1517 179
1518 124
1520 108
1521 120
1522 125
1523 226
1524 55
1525 47
1526 113
1527 242
1528 107
1529 51
1530 205
1531 145
1532 234
1534 23
1535 47
1536 135
1537 83
1538 81
1540 106
1541 106
1542 107
1543 106
1544 221
1545 157
1546 116
1547 132
1549 185
1551 95
1552 222
1553 70
1554 126
1555 109
1556 248
1557 137
1558 170
1560 232
1563 108
1565 227
1566 23
1567 118
1568 141
1570 63
1572 76
1573 20
1574 44
1575 94
1576 76
1577 28
1579 89
1581 173
1582 63
1585 44
1586 161
1587 226
1588 244
1589 198
1590 227
1591 186
1593 76
1595 133
1599 104
1601 128
1602 178
1603 31
1604 3
1605 84
1607 93
1609 188
1610 83
1611 150
1613 23
1614 167
1615 34
1616 213
1617 213
1618 94
1619 179
1621 9
1623 24
1625 132
1626 147
1628 9
1629 101
1630 17
1632 92
1633 0
1635 135
1636 107
1637 31
1639 222
1640 42
1643 232
1644 135
1645 126
1646 171
1648 107
1650 77
1651 124
1652 132
1653 243
1654 6
1655 69
1657 94
1658 34
1659 133
1660 98
1661 217
1662 56
1663 76
1664 243
1665 139
1666 14
1667 67
1668 244
1669 104
1670 87
1671 86
1674 171
1676 77
1677 164
1678 132
1679 246
1681 193
1682 6
1684 225
1685 107
1686 39
1687 157
1688 25
1689 93
1691 4
1692 70
1694 187
1695 61
1696 24
1697 82
1698 222
1699 184
1701 51
1702 93
1703 102
1704 27
1705 23
1706 220
1707 53
1708 134
1709 133
1712 69
1713 87
1715 46
1716 131
1718 82
1719 226
1720 205
1721 82
1722 137
1723 130
1724 4
1725 224
1726 93
1727 114
1728 183
1730 209
1732 94
1733 217
1734 93
1735 10
1736 53
1737 173
1738 148
1739 28
1740 98
1741 231
1742 127
1743 149
1747 142
1748 192
1749 237
1750 151
1751 47
1752 130
1753 71
1754 47
1755 15
1756 176
1757 65
1758 195
1759 226
1761 24
1764 246
1765 28
1766 91
1767 124
1768 63
1769 67
1771 124
1772 27
1774 145
1775 240
1776 231
1777 129
1778 73
1779 152
1780 205
1781 161
1782 6
1783 157
1784 167
1785 207
1786 118
1788 193
1789 187
1790 121
1791 130
1792 149
1793 46
1794 0
1795 9
1796 93
1797 242
1799 183
1801 74
1802 56
1804 236
1805 21
1806 130
1807 174
1808 39
1810 190
1811 31
1813 113
1815 18
1816 200
1817 240
1818 245
1819 233
1820 156
1821 245
1822 48
1824 103
1825 64
1826 52
1827 138
1829 137
1830 75
1831 157
1832 51
1833 8
1834 94
1837 55
1839 139
1840 154
1841 71
1842 92
1843 201
1845 133
1846 231
1847 4
1848 89
1849 63
1850 18
1851 99
1853 225
1854 29
1855 200
1857 92
1860 73
1861 85
1863 34
1864 230
1865 226
1866 139
1867 207
1868 207
1869 35
1871 23
1873 56
1874 92
1875 56
1876 186
1877 174
1878 171
1879 13
1880 0
1881 36
1882 213
1883 183
1884 104
1885 161
1887 42
1889 152
1890 51
1891 85
1894 204
1895 193
1896 86
1897 60
1899 55
1900 110
1902 210
1904 209
1906 17
1907 230
1908 233
1909 112
1910 18
1911 224
1912 160
1913 108
1914 94
1915 59
1916 171
1917 240
1918 77
1919 118
1920 165
1921 131
1923 89
1924 127
1925 9
1926 109
1927 95
1928 147
1929 16
1931 240
1933 224
1934 124
1935 104
1936 42
1938 130
1939 166
1940 83
1941 157
1942 64
1943 51
1944 44
1947 76
1948 28
1949 242
1950 185
1952 16
1953 50
1954 6
1955 245
1957 170
1959 77
1962 30
1964 35
1966 239
1967 154
1968 198
1969 186
1970 63
1972 190
1973 82
1974 130
1976 55
1977 139
1978 230
1979 106
1980 169
1982 48
1983 231
1985 232
1986 193
1987 94
1991 26
1992 18
1993 170
1994 154
1995 92
1997 237
1998 100
2000 227
2001 107
2003 83
2006 235
2008 89
2009 241
2010 184
2011 236
2012 46
2013 203
2014 245
2016 184
2018 11
2019 119
2020 225
2021 36
2022 31
2024 77
2025 38
2026 25
2027 164
2028 104
2029 193
2031 120
2032 84
2033 119
2034 53
2035 149
2036 222
2037 173
2039 56
2040 240
2041 171
2042 29
2043 109
2044 220
2045 51
2046 193
2047 133
2049 133
2050 225
2051 0
2053 101
2054 63
2055 77
2056 84
2057 31
2058 28
2059 178
2061 86
2062 214
2063 148
2065 211
2067 87
2068 230
2069 157
2070 105
2071 211
2072 194
2073 69
2075 137
2076 194
2077 80
2079 63
2081 195
2082 232
2083 124
2084 89
2085 28
2086 93
2088 214
2089 86
2091 246
2092 12
2093 91
2094 109
2096 166
2099 53
2100 71
2101 23
2104 46
2105 46
2107 209
2108 222
2109 222
2110 139
2111 222
2113 31
2115 90
2116 94
2117 85
2118 127
2119 161
2121 233
2122 13
2123 42
2124 64
2125 114
2126 32
2127 25
2128 161
2129 221
2130 211
2131 225
2133 149
2135 224
2136 231
2137 86
2138 76
2139 171
2141 237
2142 111
2143 200
2144 107
2145 8
2147 94
2148 35
2150 126
2151 179
2152 0
2153 0
2154 119
2155 156
2156 74
2157 148
2158 40
2160 246
2161 124
2162 84
2163 143
2164 71
2167 20
2168 246
2170 213
2171 118
2172 63
2174 166
2175 152
2176 95
2177 241
2178 18
2181 199
2182 101
2183 245
2184 93
2185 174
2187 222
2188 87
2190 35
2191 166
2192 202
2196 174
2197 79
2198 158
2200 222
2201 85
2203 55
2204 83
2206 194
2211 2
2213 120
2214 31
2215 170
2217 72
2219 189
2220 160
2221 4
2222 94
2226 117
2227 64
2229 48
2230 248
2232 246
2233 153
2235 193
2236 110
2238 139
2239 56
2240 132
2241 25
2242 119
2243 195
2244 91
2245 221
2246 25
2247 185
2248 225
2249 28
2253 226
2254 135
2257 62
2259 25
2260 1
2261 34
2263 242
2265 234
2266 63
2267 128
2268 155
2270 26
2272 248
2274 133
2277 84
2279 126
2280 191
2281 62
2282 106
2283 193
2284 8
2286 124
2287 245
2288 155
2289 163
2290 248
2292 0
2293 245
2294 237
2295 111
2296 33
2297 237
2299 174
2300 194
2301 30
2302 174
2303 35
2304 231
2305 137
2306 23
2307 200
2308 135
2309 26
2310 77
2311 155
2312 83
2313 8
2314 51
2315 240
2316 183
2317 24
2318 62
2319 151
2321 109
2322 62
2323 47
2324 234
2325 18
2326 217
2327 60
2328 59
2329 28
2331 203
2332 170
2333 64
2334 233
2335 179
2336 108
2337 152
2338 213
2339 198
2340 76
2341 155
2342 174
2343 246
2344 170
2346 188
2347 118
2348 145
2349 189
2350 247
2352 225
2353 62
2354 41
2355 63
2357 237
2358 149
2361 227
2363 98
2364 139
2365 71
2366 178
2367 80
2369 30
2370 233
2371 151
2373 127
2374 7
2375 79
2376 0
2378 86
2379 71
2380 167
2381 174
2382 86
2384 20
2385 4
2386 64
2387 77
2389 199
2390 7
2391 124
2392 51
2393 28
2394 150
2395 86
2397 89
2398 139
2399 234
2401 34
2403 228
2404 175
2405 108
2406 97
2407 232
2410 42
2412 234
2413 62
2414 46
2415 225
2416 139
2417 147
2418 220
2420 30
2422 128
2425 89
2426 44
2427 111
2428 0
2430 76
2431 178
2432 173
2433 195
2434 217
2435 11
2436 241
2437 46
2438 20
2439 156
2440 46
2442 23
2443 115
2444 125
2445 96
2446 8
2447 10
2450 77
2451 237
2452 63
2453 143
2454 220
2455 93
2456 154
2457 89
2458 4
2460 229
2461 228
2463 120
2464 16
2465 226
2467 0
2468 98
2469 22
2470 94
2471 128
2473 183
2474 17
2475 236
2476 239
2477 51
2478 131
2479 210
2482 12
2483 132
2484 76
2485 70
2486 244
2488 164
2490 166
2491 132
2492 145
2494 44
2495 85
2497 59
2498 145
2500 225
2501 192
2503 33
2504 192
2506 127
2507 168
2508 131
2509 29
2512 83
2513 98
2514 47
2515 207
2516 0
2517 130
2518 116
2519 110
2520 107
2522 157
2524 23
2525 96
2526 8
2527 9
2528 61
2529 82
2531 245
2533 222
2534 187
2536 106
2537 169
2538 54
2540 10
2542 25
2543 222
2544 137
2545 225
2546 110
2547 11
2548 18
2549 190
2550 94
2551 224
2552 51
2553 124
2555 62
2556 134
2557 72
2558 247
2559 56
2560 13
2561 15
2562 114
2563 27
2564 170
2566 209
2567 56
2568 243
2569 199
2570 98
2571 69
2572 31
2574 200
2576 107
2577 76
2578 227
2580 7
2582 59
2584 198
2585 189
2586 165
2587 28
2589 25
2590 161
2591 155
2592 48
2593 42
2594 0
2596 173
2597 179
2598 75
2599 237
2600 155
2603 64
2604 241
2605 56
2606 89
2607 211
2608 186
2609 193
2610 11
2612 154
2613 131
2614 213
2615 89
2616 154
2617 34
2618 125
2619 59
2621 227
2622 27
2624 152
2625 94
2626 18
2627 84
2629 110
2630 178
2631 211
2632 246
2633 73
2634 124
2635 160
2636 195
2637 16
2641 119
2642 34
2644 119
2645 113
2647 101
2648 6
2649 231
2650 27
2652 51
2654 183
2655 45
2656 240
2657 105
2658 48
2660 139
2661 117
2664 178
2665 195
2666 52
2667 28
2668 186
2669 217
2670 106
2671 161
2672 150
2673 99
2675 200
2676 168
2677 23
2678 56
2679 230
2680 54
2681 71
2682 170
2683 192
2684 233
2685 170
2686 95
2688 230
2689 98
2690 139
2691 227
2692 193
2694 228
2695 231
2696 142
2697 233
2698 184
2699 129
2701 166
2702 132
2703 152
2705 1
2706 29
2709 184
2710 7
2711 124
2712 94
2713 47
2714 110
2716 127
2717 4
2718 10
2721 42
2722 195
2723 90
2726 34
2728 25
2729 129
2730 23
2731 157
2732 4
2733 106
2735 189
2738 28
2739 139
2741 64
2742 90
2743 56
2744 233
2745 227
2747 61
2748 83
2749 36
2751 106
2752 166
2754 152
2756 36
2757 126
2758 101
2759 44
2760 64
2761 242
2762 221
2763 169
2764 46
2765 174
2766 74
2767 59
2768 85
2770 80
2776 248
2778 27
2779 9
2781 61
2785 200
2786 202
2787 63
2788 214
2789 95
2790 192
2791 76
2792 64
2793 86
2794 10
2795 49
2797 247
2799 104
2800 56
2801 89
2802 59
2804 34
2805 153
2806 167
2807 205
2808 196
2809 113
2811 184
2812 40
2814 171
2815 109
2817 9
2818 237
2820 64
2822 43
2824 132
2825 74
2826 148
2827 200
2828 207
2829 230
2830 18
2832 113
2835 6
2836 55
2837 226
2838 233
2839 128
2841 128
2842 89
2843 128
2844 51
2845 246
2847 114
2848 225
2849 195
2851 18
2852 84
2853 105
2854 173
2855 94
2856 29
2857 202
2858 132
2859 83
2861 21
2864 69
2866 188
2867 2
2868 23
2869 71
2870 82
2871 21
2873 181
2874 56
2875 200
2877 44
2878 230
2880 240
2881 171
2883 8
2884 106
2885 90
2886 38
2887 89
2888 41
2891 93
2892 89
2893 43
2894 155
2895 60
2896 98
2898 77
2899 246
2900 69
2901 135
2903 245
2904 195
2905 128
2906 183
2907 235
2909 232
2910 221
2911 190
2912 221
2913 114
2914 77
2915 63
2917 106
2919 52
2920 221
2921 174
2922 36
2923 52
2924 188
2925 10
2926 94
2928 178
2929 183
2930 228
2931 241
2932 124
2934 62
2935 127
2936 148
2937 3
2938 186
2940 149
2941 44
2942 64
2943 222
2946 240
2947 80
2948 96
2949 52
2950 54
2951 68
2952 17
2955 84
2956 88
2957 94
2958 226
2960 186
2961 213
2962 56
2964 53
2965 94
2966 101
2967 245
2968 152
2969 234
2970 245
2971 27
2972 83
2973 89
2974 53
2975 70
2976 171
2977 1
2978 19
2979 137
2980 120
2982 45
2983 17
2984 59
2986 77
2987 222
2988 233
2989 42
2990 63
2991 218
2992 54
2994 141
2995 149
2996 124
2997 47
3001 42
3002 187
3003 94
3004 86
3006 205
3007 72
3008 139
3009 26
3012 153
3013 6
3014 135
3016 225
3018 232
3020 205
3021 105
3022 204
3023 63
3024 200
3025 83
3026 155
3027 166
3028 55
3029 225
3031 10
3034 9
3035 209
3036 234
3038 86
3039 169
3040 128
3041 25
3042 162
3043 137
3044 197
3045 16
3046 31
3047 233
3048 83
3049 59
3050 34
3053 207
3054 154
3056 95
3057 42
3058 104
3059 12
3060 179
3061 115
3063 30
3064 87
3066 145
3067 47
3068 27
3069 126
3072 186
3074 246
3075 155
3076 247
3077 145
3078 68
3080 54
3081 43
3082 56
3083 69
3084 164
3085 11
3086 89
3087 135
3088 171
3089 93
3090 119
3093 35
3095 188
3096 0
3097 64
3098 207
3101 107
3102 42
3103 132
3104 105
3105 170
3106 185
3109 241
3110 13
3111 243
3112 57
3113 166
3115 72
3116 55
3117 35
3118 120
3119 83
3120 54
3121 124
3122 76
3123 72
3124 82
3126 63
3127 214
3130 80
3133 106
3134 27
3140 221
3141 152
3144 117
3145 237
3146 69
3150 222
3151 105
3152 34
3154 56
3156 87
3158 235
3159 113
3162 193
3163 127
3165 137
3166 228
3167 105
3168 44
3169 95
3171 149
3173 221
3174 240
3176 246
3180 161
3181 62
3182 155
3183 184
3184 63
3185 72
3186 9
3187 18
3188 25
3189 229
3191 165
3192 139
3194 13
3195 94
3197 72
3198 31
3201 34
3202 93
3204 56
3208 89
3212 28
3213 59
3214 18
3216 56
3217 63
3218 34
3219 193
3220 4
3221 30
3222 54
3224 63
3225 227
3226 30
3227 125
3230 198
3231 87
3233 225
3234 58
3235 85
3237 235
3240 152
3243 32
3245 118
3246 178
3247 196
3248 209
3250 45
3253 245
3254 222
3256 77
3257 93
3258 165
3259 95
3261 129
3262 110
3263 234
3264 151
3265 51
3266 60
3268 98
3269 13
3270 119
3271 23
3272 69
3273 18
3274 53
3275 168
3276 113
3277 49
3278 35
3279 100
3280 77
3281 125
3282 184
3283 23
3284 32
3285 171
3286 157
3287 172
3288 202
3289 86
3290 82
3291 77
3292 124
3293 60
3294 90
3295 10
3296 109
3297 101
3301 174
3302 198
3306 97
3307 0
3308 222
3309 63
3312 210
3314 71
3315 131
3316 233
3317 104
3318 237
3322 232
3325 225
3326 136
3327 222
3328 49
3329 161
3333 93
3335 70
3336 183
3337 154
3339 23
3340 63
3342 93
3343 49
3345 146
3347 82
3350 165
3351 31
3352 194
3353 152
3354 10
3355 166
3356 116
3357 87
3359 13
3362 200
3363 42
3367 237
3368 85
3369 198
3370 7
3371 4
3373 35
3374 31
3375 106
3376 105
3377 43
3379 0
3380 31
3382 77
3383 192
3384 195
3385 154
3386 28
3387 76
3388 174
3389 189
3391 33
3392 246
3393 6
3394 34
3397 105
3399 4
3402 24
3403 71
3404 184
3405 99
3406 161
3407 27
3409 94
3412 34
3413 84
3414 114
3415 207
3416 71
3417 23
3418 70
3420 96
3421 116
3422 149
3423 132
3424 36
3426 193
3428 31
3430 222
3432 109
3433 60
3434 71
3435 11
3439 132
3440 198
3442 97
3443 23
3444 188
3445 107
3447 18
3448 47
3449 8
3451 84
3452 248
3453 135
3454 61
3455 186
3456 239
3457 28
3458 83
3460 14
3461 0
3462 20
3464 25
3465 153
3467 242
3470 63
3471 110
3472 10
3473 18
3474 132
3475 232
3476 145
3477 23
3478 24
3481 98
3482 245
3485 237
3486 145
3487 185
3490 186
3491 80
3493 105
3494 153
3495 120
3496 231
3497 231
3499 4
3500 23
3501 124
3502 132
3503 51
3504 184
3506 2
3507 171
3509 26
3511 16
3513 118
3514 84
3515 233
3516 54
3517 114
3520 233
3521 48
3523 205
3525 108
3526 166
3527 89
3528 245
3529 232
3531 194
3532 239
3533 113
3535 18
3536 241
3537 202
3538 34
3539 70
3540 87
3541 139
3543 183
3544 183
3545 0
3546 132
3548 16
3549 178
3550 86
3551 195
3553 171
3554 157
3555 26
3556 95
3557 239
3558 222
3559 246
3561 224
3562 93
3565 233
3566 181
3568 188
3569 42
3571 240
3572 193
3575 61
3579 155
3582 28
3583 56
3584 84
3586 205
3588 27
3590 15
3591 174
3592 135
3593 4
3594 27
3596 174
3598 118
3600 193
3602 29
3604 171
3606 46
3610 87
3612 64
3613 31
3615 166
3616 210
3617 187
3618 197
3622 231
3623 234
3624 166
3625 188
3626 154
3627 233
3630 107
3633 94
3635 145
3637 85
3638 44
3639 16
3640 194
3642 94
3645 153
3646 166
3647 207
3648 77
3649 64
3650 188
3651 25
3655 83
3656 165
3657 185
3658 129
3660 8
3661 151
3662 171
3663 87
3664 167
3665 128
3667 24
3668 10
3669 174
3672 110
3673 139
3675 64
3677 242
3679 155
3681 94
3683 124
3685 25
3686 36
3688 109
3689 184
3690 246
3691 126
3693 98
3695 130
3696 226
3697 10
3698 184
3699 106
3700 25
3701 188
3702 205
3704 55
3705 158
3706 198
3707 55
3713 183
3714 37
3715 51
3716 56
3717 166
3718 63
3719 242
3720 156
3721 233
3722 42
3725 10
3726 4
3727 80
3729 81
3730 209
3733 211
3735 2
3736 84
3737 223
3738 240
3739 137
3741 139
3743 202
3744 12
3745 248
3747 193
3748 85
3749 137
3750 138
3752 207
3753 221
3755 77
3756 110
3757 124
3759 231
3761 161
3762 84
3764 9
3765 12
3767 195
3770 232
3771 211
3778 24
3779 32
3781 91
3783 25
3785 64
3786 93
3787 190
3788 63
3790 147
3791 221
3795 200
3797 27
3798 89
3799 113
3800 180
3802 195
3803 131
3804 201
3806 168
3807 44
3810 188
3812 192
3813 125
3815 166
3816 109
3817 71
3819 63
3820 201
3821 114
3822 246
3824 121
3825 79
3826 138
3828 211
3832 70
3833 10
3834 174
3835 163
3837 27
3838 166
3839 64
3841 240
3843 220
3844 15
3848 217
3849 164
3850 87
3851 225
3852 187
3855 46
3856 236
3858 7
3859 201
3861 245
3863 247
3865 46
3866 184
3867 199
3868 198
3870 86
3871 44
3874 241
3875 210
3876 222
3877 151
3878 166
3879 139
3881 28
3883 188
3884 63
3886 99
3887 151
3888 211
3889 44
3891 231
3892 151
3894 84
3896 161
3901 48
3902 202
3904 246
3905 83
3907 222
3908 35
3909 127
3910 157
3912 213
3913 138
3914 137
3915 76
3916 175
3918 222
3919 118
3920 213
3921 187
3922 223
3924 222
3925 153
3926 116
3927 91
3928 63
3930 148
3931 237
3932 132
3935 233
3936 241
3937 233
3941 240
3942 202
3943 214
3945 0
3946 89
3947 61
3949 86
3950 236
3951 172
3954 197
3957 23
3958 139
3959 28
3960 183
3961 152
3962 23
3964 245
3965 242
3968 119
3971 87
3972 59
3976 229
3978 28
3979 112
3980 195
3981 97
3982 51
3983 89
3985 152
3986 126
3987 55
3988 196
3989 106
3990 86
3991 56
3994 161
3997 23
3998 114
3999 83
4000 224
4001 80
4002 139
4003 137
4004 135
4006 4
4012 59
4013 222
4014 2
4016 219
4018 163
4019 138
4020 83
4021 25
4022 21
4023 226
4024 155
4026 161
4027 140
4028 117
4029 127
4030 152
4031 193
4032 155
4034 132
4035 161
4038 49
4039 195
4040 150
4043 118
4044 113
4045 18
4047 91
4051 83
4052 35
4054 224
4055 212
4056 224
4057 89
4059 126
4060 205
4063 217
4065 31
4066 145
4067 176
4068 83
4071 123
4072 130
4074 230
4076 71
4078 55
4080 47
4081 115
4082 193
4083 64
4085 171
4086 231
4087 157
4088 166
4090 114
4091 207
4092 231
4093 6
4094 109
4095 132
4096 154
4097 132
4100 82
4103 145
4104 135
4105 84
4107 246
4110 55
4111 153
4113 40
4114 223
4116 240
4117 44
4119 230
4121 195
4123 18
4124 178
4125 109
4126 103
4128 98
4129 62
4132 98
4133 232
4135 77
4136 225
4137 139
4138 30
4143 198
4145 92
4147 99
4148 242
4149 31
4153 162
4154 48
4155 244
4158 231
4159 155
4160 245
4161 76
4162 31
4163 196
4165 154
4166 84
4167 52
4169 38
4171 107
4173 44
4175 0
4176 116
4178 135
4179 4
4180 193
4181 189
4183 148
4185 97
4188 93
4190 105
4191 130
4192 59
4193 237
4194 223
4195 91
4196 127
4197 195
4199 152
4200 241
4201 25
4202 151
4203 163
4208 0
4209 245
4210 80
4211 56
4213 129
4214 248
4215 179
4216 184
4218 18
4219 152
4221 226
4223 23
4224 161
4226 151
4227 91
4230 150
4231 40
4233 18
4234 235
4235 245
4237 178
4239 23
4241 0
4242 241
4243 128
4244 48
4245 124
4248 157
4250 157
4253 96
4255 118
4256 81
4258 221
4260 190
4261 54
4265 245
4268 89
4269 195
4274 43
4275 222
4276 69
4277 4
4279 110
4281 237
4282 26
4283 60
4284 52
4285 23
4286 245
4287 126
4288 205
4289 2
4291 241
4292 13
4294 210
4295 4
4296 188
4297 166
4298 9
4301 21
4303 188
4304 106
4309 45
4310 76
4311 188
4312 137
4313 148
4316 231
4317 84
4318 94
4321 179
4322 43
4323 241
4326 24
4327 149
4329 237
4330 189
4331 107
4332 236
4335 120
4336 152
4337 157
4339 233
4340 231
4341 76
4342 101
4343 28
4344 116
4345 138
4350 160
4351 230
4355 133
4356 9
4360 22
4361 194
4362 35
4364 10
4365 198
4367 154
4368 241
4370 166
4372 126
4374 42
4377 40
4379 196
4380 0
4382 182
4383 173
4385 87
4386 10
4387 48
4388 176
4389 246
4390 139
4391 34
4392 163
4393 22
4395 180
4396 243
4397 96
4400 246
4402 227
4405 4
4407 225
4409 62
4410 23
4411 42
4413 83
4415 115
4417 67
4418 132
4419 132
4420 196
4421 225
4422 152
4424 56
4425 51
4428 55
4429 227
4430 25
4434 118
4435 76
4436 115
4437 92
4438 173
4439 173
4440 237
4442 190
4443 72
4445 79
4446 84
4448 106
4449 51
4451 63
4453 132
4454 213
4455 89
4457 35
4459 80
4463 4
4465 246
4467 9
4468 161
4472 55
4473 137
4475 35
4477 31
4478 18
4479 4
4480 83
4481 238
4483 226
4485 94
4487 107
4488 224
4489 222
4492 232
4494 128
4495 207
4497 76
4499 185
4502 1
4503 245
4506 96
4507 30
4508 233
4509 234
4510 239
4511 130
4512 243
4514 24
4515 31
4518 25
4519 15
4520 213
4521 34
4522 86
4525 0
4526 137
4527 23
4528 82
4531 12
4532 214
4536 73
4537 182
4539 86
4540 118
4542 176
4544 96
4546 168
4548 164
4549 143
4551 0
4552 18
4558 161
4561 105
4562 80
4565 152
4567 207
4568 154
4569 93
4571 200
4573 55
4574 152
4575 94
4579 17
4580 86
4582 221
4583 233
4584 174
4585 241
4587 128
4588 124
4589 112
4590 17
4591 98
4592 2
4595 221
4596 171
4597 87
4598 155
4600 227
4601 87
4603 70
4604 63
4605 80
4606 98
4608 149
4609 109
4610 18
4611 82
4612 162
4613 22
4616 234
4618 128
4624 28
4625 214
4626 173
4628 208
4630 168
4631 25
4632 10
4635 29
4636 48
4639 44
4640 16
4643 200
4644 177
4645 23
4647 246
4649 67
4652 185
4653 96
4655 231
4656 218
4657 176
4658 145
4659 161
4661 51
4662 193
4665 126
4669 64
4670 163
4671 70
4672 233
4674 34
4675 233
4677 10
4680 237
4681 3
4682 241
4683 176
4684 245
4687 31
4690 114
4692 166
4696 53
4697 35
4698 247
4700 247
4701 82
4702 130
4704 227
4705 42
4708 231
4710 7
4711 93
4714 98
4715 80
4716 94
4717 178
4718 44
4722 246
4723 190
4725 244
4726 178
4727 224
4728 132
4729 126
4731 157
4732 9
4733 151
4734 118
4735 184
4736 233
4739 149
4740 186
4742 9
4743 90
4744 34
4747 87
4748 221
4749 44
4751 131
4752 110
4753 176
4755 155
4756 110
4757 169
4758 84
4762 241
4764 155
4765 0
4766 89
4768 18
4771 9
4775 25
4777 64
4778 55
4780 125
4781 155
4782 161
4785 176
4787 109
4788 137
4789 101
4790 241
4791 63
4792 89
4793 169
4794 96
4795 77
4799 80
4800 227
4802 80
4804 104
4805 178
4808 222
4811 53
4814 195
4815 18
4818 9
4820 237
4821 61
4822 239
4824 237
4828 180
4829 114
4830 31
4831 186
4833 201
4834 224
4835 109
4836 27
4837 31
4839 223
4840 124
4841 130
4842 170
4843 7
4844 76
4846 173
4848 192
4850 121
4851 211
4852 205
4853 64
4854 15
4855 119
4856 36
4857 4
4858 179
4860 136
4861 27
4862 194
4863 112
4865 221
4868 45
4869 94
4870 16
4871 245
4872 128
4874 220
4875 211
4878 45
4879 106
4881 69
4882 36
4884 217
4886 186
4887 4
4889 105
4890 195
4892 80
4896 207
4897 113
4898 190
4900 166
4901 84
4902 22
4906 56
4908 84
4909 86
4911 72
4912 164
4913 149
4916 150
4917 132
4918 134
4920 13
4921 242
4922 217
4923 13
4926 18
4927 59
4929 18
4930 166
4931 80
4932 1
4933 42
4934 47
4937 132
4938 29
4941 155
4944 44
4945 67
4946 93
4947 233
4951 170
4952 234
4953 73
4955 87
4956 128
4957 188
4959 124
4962 89
4966 78
4968 25
4970 23
4971 43
4972 21
4974 216
4976 61
4979 104
4982 152
4985 133
4986 161
4987 80
4988 74
4989 161
4991 31
4992 55
4994 10
4995 107
4997 145
4998 234
4999 27
