0 212
1 79
2 212
3 0
5 41
6 49
7 174
8 116
9 5
10 126
11 34
12 242
13 5
14 127
15 112
16 40
17 212
18 240
20 81
21 112
22 95
23 112
24 164
25 240
26 31
27 27
28 225
29 201
30 213
31 191
32 137
33 16
34 88
35 78
36 228
37 7
38 171
39 232
40 187
41 213
42 199
43 56
44 177
45 91
46 147
47 14
48 49
49 48
50 190
51 51
52 31
53 73
54 65
55 187
56 34
57 111
58 127
59 20
60 48
62 49
63 82
64 76
65 245
66 138
67 203
68 163
69 44
70 4
71 134
72 139
73 207
75 67
76 228
77 200
78 239
79 75
80 245
81 184
83 209
84 30
85 180
86 139
87 139
88 204
90 167
91 198
92 223
93 8
94 116
95 8
96 203
97 134
98 108
99 127
101 50
102 54
103 199
104 109
105 127
106 83
107 88
108 90
109 14
110 81
112 95
114 13
115 189
116 248
117 221
119 182
120 57
121 194
122 44
123 126
124 85
125 136
126 14
127 127
128 80
129 4
130 153
132 20
133 220
134 52
135 37
136 241
137 160
138 111
139 98
140 57
141 243
142 151
143 48
144 33
146 135
147 221
148 171
150 152
151 167
152 56
153 106
154 215
155 241
156 138
157 150
158 209
159 234
160 21
161 242
162 58
163 57
164 27
165 244
166 102
167 206
168 209
169 167
170 92
171 69
172 100
173 222
174 15
175 22
176 241
177 207
178 142
179 178
180 14
181 105
182 31
183 206
184 219
185 117
186 8
187 10
188 247
189 81
190 134
191 69
192 0
193 150
194 79
195 191
196 225
197 11
198 6
199 207
200 19
201 32
202 7
203 28
204 220
206 150
207 121
208 81
209 178
211 160
212 38
213 10
214 151
215 116
216 45
217 30
218 93
219 90
220 240
221 134
222 98
223 108
224 37
225 144
226 159
227 189
228 79
229 207
230 55
231 57
232 116
233 199
234 103
235 38
236 5
237 30
238 134
239 35
240 100
241 235
242 33
243 69
244 21
245 167
246 108
247 72
248 127
249 31
250 203
251 182
252 133
254 226
255 133
256 124
257 95
258 89
259 44
260 86
261 121
262 242
263 165
264 83
265 211
266 207
267 139
268 117
269 238
270 221
271 50
272 50
273 176
274 180
275 187
277 56
278 49
279 0
280 193
282 95
283 180
284 36
285 242
286 55
287 92
288 183
289 223
290 154
291 205
292 160
293 100
294 74
295 92
296 159
297 219
298 20
299 27
300 116
301 175
302 134
303 23
304 102
305 14
306 194
307 159
308 11
309 173
310 151
311 115
312 132
313 244
314 142
315 89
316 223
317 41
318 71
319 212
320 154
321 76
322 139
323 151
324 65
325 114
326 33
327 201
328 153
329 237
330 27
331 243
332 36
333 36
334 88
335 163
337 56
338 101
339 154
340 169
341 100
342 221
344 191
345 203
346 160
347 14
348 42
349 49
350 159
351 237
352 15
353 46
354 69
356 180
357 53
358 80
359 189
360 121
361 10
362 166
363 55
364 14
365 112
366 33
367 226
368 31
369 139
370 41
372 194
373 0
374 80
375 68
376 37
377 56
378 28
379 231
380 44
381 230
382 220
383 64
384 120
385 38
386 3
387 116
388 76
389 68
390 208
391 33
392 172
393 199
394 70
395 74
396 35
397 203
398 237
399 159
400 43
401 55
402 88
403 236
404 76
405 3
406 80
407 207
408 149
409 247
410 247
411 108
412 81
413 87
414 144
415 95
416 239
417 166
418 214
419 56
420 27
421 109
422 228
423 230
424 237
425 29
426 66
427 164
428 230
429 189
430 128
431 99
432 79
433 20
434 217
435 167
436 27
437 92
438 191
440 12
441 46
442 31
443 180
444 243
445 8
446 232
447 68
448 181
449 203
450 134
451 127
452 45
453 116
454 241
455 142
457 203
458 5
459 105
460 249
461 218
462 245
463 23
464 88
465 142
466 7
467 37
468 179
469 232
470 66
471 74
472 100
473 224
474 52
475 164
476 2
477 191
478 30
479 242
480 135
481 0
482 153
483 196
484 69
485 159
486 1
487 119
489 10
490 61
491 104
492 247
493 207
494 106
495 218
496 56
497 71
498 37
499 159
501 3
502 182
503 141
506 41
509 123
510 5
511 113
512 30
513 182
516 246
518 246
519 220
520 191
521 181
522 48
523 228
524 41
525 100
527 5
528 139
529 84
530 72
531 38
532 153
533 169
534 124
535 14
536 106
537 114
539 19
540 219
541 108
542 174
543 125
544 5
545 33
546 37
547 157
549 191
550 80
551 74
552 65
553 136
554 139
555 18
556 5
557 197
558 20
559 39
560 150
562 156
563 247
564 19
566 19
567 117
568 36
569 245
570 244
571 203
572 13
573 92
574 200
575 149
576 203
577 95
578 20
579 205
580 121
581 178
582 144
583 192
584 220
585 224
586 234
587 14
588 5
589 57
590 214
592 19
594 36
595 72
596 87
597 197
598 89
599 27
600 125
601 150
602 10
604 206
605 47
606 33
607 186
608 214
609 168
610 237
611 85
612 70
613 5
614 54
615 245
616 168
617 114
618 114
619 191
620 53
621 192
622 116
623 150
624 37
625 228
626 105
627 159
628 27
629 205
630 239
631 58
632 52
633 100
634 34
635 83
636 89
637 35
638 159
639 5
640 171
641 35
642 241
643 106
644 211
645 92
646 135
647 13
648 120
651 134
652 7
653 2
654 160
655 188
656 60
657 214
658 91
659 36
660 35
661 81
662 144
663 76
664 112
665 216
666 139
667 241
668 189
670 1
671 224
672 219
673 174
674 238
675 206
676 133
678 40
679 16
680 116
681 233
682 114
683 71
684 100
685 243
686 40
687 33
688 46
689 244
690 101
691 19
692 35
693 160
694 92
695 49
696 237
697 247
698 69
699 192
701 224
702 108
703 12
704 44
705 81
706 239
707 181
708 228
709 19
710 77
711 13
712 72
713 93
714 6
716 20
717 100
718 27
719 197
720 179
722 204
723 138
724 58
725 165
726 71
727 231
728 196
729 49
730 48
731 139
732 104
733 239
734 73
735 204
736 202
737 86
738 170
739 14
740 181
741 203
742 39
743 121
744 247
745 138
746 133
747 137
748 55
749 93
751 77
752 221
753 125
754 207
755 182
756 168
757 167
758 1
760 194
761 165
762 111
763 166
764 240
765 150
766 223
767 73
768 185
769 71
770 127
771 139
772 224
773 14
774 214
775 81
776 60
777 33
778 160
779 3
780 87
781 142
782 135
783 10
784 138
785 144
787 44
788 57
789 148
790 247
791 214
793 201
794 81
795 44
796 75
797 46
798 69
799 197
800 246
801 154
802 15
803 50
804 240
805 77
806 50
807 232
808 16
809 14
810 54
811 190
812 18
813 114
814 84
815 56
817 238
818 247
819 94
820 21
821 189
822 151
823 49
824 56
826 110
827 39
828 51
829 96
830 200
831 174
832 26
833 9
834 33
835 71
836 221
837 6
838 171
839 57
840 69
841 40
843 67
846 246
847 18
848 191
849 33
850 28
852 10
853 214
855 93
856 71
857 5
858 165
859 8
860 119
861 134
862 230
863 5
864 203
865 86
866 138
867 115
868 128
869 241
871 224
872 180
873 132
874 5
875 20
876 159
877 172
878 93
879 153
881 198
882 139
883 230
884 142
885 41
888 237
889 136
890 160
891 89
892 56
893 152
894 245
895 77
896 75
897 46
898 138
899 214
900 223
901 132
902 58
903 219
904 20
905 107
906 188
907 56
909 142
910 19
911 38
912 38
913 205
914 106
915 49
916 247
917 107
918 120
919 132
920 191
921 237
922 8
923 242
924 117
925 90
926 210
927 89
928 150
929 242
930 109
931 79
932 83
933 3
934 3
936 20
937 223
938 174
939 89
940 220
941 81
942 98
943 11
944 0
946 44
947 81
948 20
949 107
950 249
951 116
953 120
954 233
955 81
956 198
957 165
958 189
959 14
960 187
961 205
962 142
963 109
964 33
965 29
967 5
968 134
969 79
970 7
971 93
972 79
973 154
974 130
975 232
977 137
978 203
979 100
980 135
981 186
982 171
983 137
984 80
985 77
987 237
988 81
989 235
990 138
991 153
992 121
993 180
994 4
995 187
996 241
998 53
999 234
1000 36
1001 204
1002 205
1003 112
1004 121
1005 111
1006 68
1008 115
1009 212
1010 198
1011 180
1013 61
1014 172
1015 230
1016 194
1017 109
1019 137
1020 3
1021 141
1022 69
1023 9
1024 68
1025 122
1027 165
1028 81
1029 231
1030 28
1031 214
1032 102
1034 100
1035 5
1036 234
1037 4
1038 217
1040 202
1042 91
1044 232
1045 231
1046 33
1047 120
1048 88
1049 19
1050 51
1052 160
1053 205
1054 106
1055 56
1057 228
1058 100
1059 181
1060 138
1061 43
1062 219
1063 14
1064 205
1065 79
1066 243
1067 165
1068 247
1069 31
1070 56
1071 109
1072 49
1074 207
1075 119
1076 186
1077 117
1078 20
1079 182
1080 172
1081 47
1082 140
1083 241
1084 158
1085 200
1086 199
1087 190
1088 214
1089 29
1090 192
1091 100
1092 232
1093 27
1094 230
1095 29
1097 12
1098 45
1099 78
1100 64
1101 93
1103 35
1104 148
1105 224
1106 84
1107 79
1108 49
1109 178
1110 215
1111 172
1112 237
1113 39
1114 137
1115 76
1116 59
1117 205
1118 77
1119 95
1120 204
1121 3
1122 50
1123 52
1124 27
1125 228
1126 131
1127 80
1128 38
1129 49
1130 74
1131 26
1132 234
1133 79
1134 81
1135 237
1137 223
1139 138
1140 39
1141 1
1142 203
1143 189
1144 248
1145 224
1146 131
1147 205
1148 17
1149 90
1150 150
1151 104
1154 87
1155 159
1158 57
1159 139
1160 206
1161 46
1162 0
1163 98
1165 135
1166 10
1167 190
1168 169
1169 116
1170 98
1171 132
1172 204
1173 104
1174 237
1177 55
1178 73
1179 69
1180 141
1181 69
1182 44
1183 69
1184 211
1185 179
1186 19
1187 147
1188 73
1189 4
1190 24
1191 14
1192 147
1193 35
1194 228
1195 223
1196 142
1197 2
1198 69
1199 40
1200 235
1201 247
1203 144
1205 232
1206 100
1207 240
1209 106
1210 181
1211 239
1212 144
1213 76
1214 69
1215 72
1216 49
1217 191
1218 206
1219 106
1220 205
1221 116
1222 144
1223 228
1225 205
1226 21
1227 137
1228 212
1229 181
1230 240
1232 29
1234 109
1235 77
1237 89
1238 161
1239 109
1240 234
1241 241
1242 207
1243 136
1245 109
1246 153
1247 51
1248 66
1249 3
1250 66
1251 7
1252 168
1253 23
1255 73
1256 202
1257 182
1258 216
1259 138
1260 244
1261 51
1262 81
1263 87
1265 134
1266 31
1267 207
1269 40
1270 113
1271 107
1272 47
1273 207
1274 10
1275 57
1277 129
1278 19
1279 48
1281 31
1283 191
1284 218
1285 66
1286 77
1289 215
1290 84
1291 94
1292 64
1293 72
1294 86
1295 71
1296 120
1297 156
1298 57
1299 138
1300 199
1301 235
1302 69
1303 134
1305 129
1306 51
1307 145
1308 248
1310 179
1311 107
1313 81
1314 166
1315 199
1316 110
1317 31
1319 21
1320 222
1321 44
1323 224
1324 247
1325 203
1326 160
1327 71
1328 202
1329 141
1330 117
1332 38
1333 127
1334 242
1335 30
1336 235
1337 168
1339 109
1340 5
1341 72
1343 247
1344 73
1345 167
1346 244
1347 40
1348 31
1349 226
1350 128
1351 41
1352 144
1353 38
1354 41
1355 207
1357 13
1358 221
1359 134
1360 209
1361 20
1362 56
1363 205
1364 166
1365 203
1366 165
1367 205
1368 180
1369 22
1370 81
1372 41
1373 153
1374 81
1375 224
1376 212
1377 204
1378 37
1380 80
1381 66
1382 55
1384 203
1385 80
1387 80
1388 26
1389 69
1391 186
1392 102
1393 245
1394 16
1395 92
1396 205
1397 134
1399 146
1400 245
1401 27
1402 3
1403 148
1404 93
1405 225
1406 29
1407 207
1408 143
1410 235
1411 57
1412 1
1413 144
1414 179
1415 90
1416 16
1417 172
1418 83
1419 16
1420 93
1421 95
1422 182
1423 245
1425 89
1426 172
1427 152
1429 92
1431 27
1432 240
1433 101
1434 201
1436 95
1438 95
1439 142
1440 133
1441 141
1442 60
1443 80
1444 138
1445 219
1446 73
1447 10
1448 224
1449 138
1450 245
1451 0
1452 61
1453 92
1454 148
1455 237
1456 162
1457 14
1459 180
1460 63
1461 243
1462 110
1463 146
1464 132
1465 41
1466 105
1467 35
1468 65
1469 57
1470 107
1471 144
1472 205
1473 34
1474 178
1475 132
1476 79
1479 76
1480 191
1481 54
1482 14
1483 44
1484 191
1486 130
1487 65
1490 127
1491 31
1492 218
1493 214
1494 15
1495 244
1496 137
1497 206
1498 134
1499 56
1500 200
1501 148
1502 3
1503 21
1504 57
1506 169
1507 80
1508 166
1509 134
1510 116
1512 138
1514 212
1515 214
1517 203
1518 116
1520 3
1521 81
1522 205
1523 148
1524 228
1525 237
1526 85
1527 48
1528 89
1529 7
1530 29
1531 232
1532 2
1534 142
1535 56
1536 91
1537 191
1538 78
1540 31
1541 38
1542 75
1543 234
1544 182
1545 142
1546 132
1547 205
1549 181
1551 214
1552 11
1553 182
1554 243
1555 76
1556 179
1557 212
1558 247
1560 65
1563 220
1565 203
1566 5
1567 142
1568 100
1570 247
1571 213
1572 203
1573 75
1574 33
1575 27
1576 218
1577 225
1578 71
1579 81
1581 159
1582 7
1583 205
1584 92
1585 84
1586 203
1587 81
1588 206
1589 191
1590 0
1591 151
1593 52
1595 167
1597 2
1599 244
1601 205
1602 46
1603 223
1604 26
1605 35
1607 237
1609 61
1610 33
1611 228
1613 205
1614 90
1615 150
1616 137
1617 134
1618 211
1619 35
1621 106
1623 216
1625 242
1626 244
1627 116
1628 154
1629 142
1630 37
1631 71
1632 110
1633 57
1635 137
1636 228
1637 147
1639 167
1640 90
1643 81
1644 121
1645 121
1646 35
1647 146
1648 95
1650 35
1651 136
1652 205
1653 141
1654 244
1655 138
1656 49
1657 137
1658 178
1659 112
1660 203
1661 153
1662 13
1663 151
1664 99
1665 228
1666 202
1667 224
1668 61
1669 81
1670 214
1671 148
1674 231
1676 146
1677 154
1678 199
1679 242
1681 27
1682 173
1684 23
1685 79
1686 122
1687 26
1688 5
1689 56
1691 165
1692 20
1694 51
1695 242
1696 138
1697 68
1698 237
1699 49
1701 150
1702 61
1703 144
1704 207
1705 79
1706 110
1707 224
1708 114
1709 237
1712 138
1713 179
1715 191
1716 84
1718 159
1719 41
1720 180
1721 65
1722 201
1723 212
1724 69
1725 243
1726 205
1727 181
1728 84
1730 71
1732 205
1733 181
1734 31
1735 7
1736 154
1737 178
1738 64
1739 95
1740 35
1741 89
1742 237
1743 58
1745 165
1747 206
1748 191
1749 134
1750 38
1751 56
1752 138
1753 69
1754 146
1755 89
1756 11
1757 82
1758 198
1759 83
1761 242
1762 44
1764 212
1765 180
1766 139
1767 230
1768 20
1769 216
1771 178
1772 139
1774 245
1775 69
1776 116
1777 239
1778 98
1779 130
1780 204
1781 245
1782 93
1783 23
1784 215
1785 46
1786 160
1788 134
1789 211
1790 105
1791 118
1792 154
1793 166
1794 2
1795 7
1796 29
1797 95
1799 48
1801 49
1802 135
1804 76
1805 105
1806 171
1807 223
1808 188
1809 197
1810 33
1811 13
1813 31
1815 92
1816 191
1817 121
1818 69
1819 44
1820 52
1821 14
1822 178
1824 78
1825 203
1826 37
1827 146
1829 7
1830 45
1831 153
1832 10
1833 61
1834 150
1837 231
1839 92
1840 210
1841 180
1842 132
1843 179
1845 44
1846 40
1847 166
1848 230
1849 49
1850 38
1851 4
1853 107
1854 75
1855 13
1857 135
1858 124
1860 139
1861 79
1863 19
1864 142
1865 191
1866 56
1867 201
1868 245
1869 49
1870 103
1871 223
1873 247
1874 152
1875 178
1876 35
1877 179
1878 160
1879 173
1880 44
1881 69
1882 218
1883 73
1884 130
1885 89
1887 107
1888 150
1889 212
1890 46
1891 36
1894 97
1895 76
1896 214
1897 52
1899 228
1900 78
1902 234
1903 203
1904 198
1906 136
1907 221
1908 37
1909 125
1910 107
1911 19
1912 75
1913 8
1914 182
1915 206
1916 200
1917 95
1918 15
1919 234
1920 105
1921 214
1923 153
1924 92
1925 91
1926 223
1927 134
1928 159
1929 223
1931 104
1933 57
1934 134
1935 48
1936 201
1938 33
1939 237
1940 35
1941 153
1942 205
1943 223
1944 2
1945 197
1947 218
1948 14
1949 215
1950 121
1951 44
1952 81
1953 47
1954 228
1955 28
1957 221
1959 5
1962 84
1964 241
1965 15
1966 244
1967 48
1968 98
1969 228
1970 76
1971 207
1972 75
1973 40
1974 49
1976 74
1977 89
1978 16
1979 203
1980 207
1982 8
1983 150
1985 48
1986 242
1987 201
1991 76
1992 200
1993 225
1994 206
1995 110
1997 109
1998 185
2000 57
2001 10
2003 5
2006 50
2008 71
2009 78
2010 187
2011 200
2012 165
2013 137
2014 31
2015 49
2016 247
2017 2
2018 239
2019 177
2020 104
2021 200
2022 48
2024 76
2025 3
2026 19
2027 54
2028 26
2029 46
2031 178
2032 237
2033 178
2034 34
2035 0
2036 223
2037 232
2038 16
2039 7
2040 81
2041 139
2042 90
2043 144
2044 233
2045 139
2046 65
2047 40
2049 38
2050 159
2051 165
2053 241
2054 247
2055 205
2056 14
2057 174
2058 7
2059 154
2061 134
2062 224
2063 66
2064 81
2065 248
2067 220
2068 212
2069 109
2070 244
2071 79
2072 3
2073 221
2075 127
2076 76
2077 77
2079 212
2080 232
2081 137
2082 148
2083 114
2084 27
2085 142
2086 106
2088 6
2089 148
2090 92
2091 148
2092 26
2093 152
2094 231
2096 167
2097 62
2099 206
2100 153
2101 223
2104 44
2105 139
2107 139
2108 72
2109 109
2110 200
2111 207
2113 5
2114 44
2115 150
2116 104
2117 142
2118 230
2119 76
2121 237
2122 49
2123 55
2124 205
2125 33
2126 91
2127 79
2128 92
2129 247
2130 0
2131 89
2132 56
2133 120
2135 44
2136 197
2137 38
2138 113
2139 178
2140 89
2141 116
2142 45
2143 212
2144 205
2145 201
2147 61
2148 178
2149 89
2150 146
2151 38
2152 203
2153 56
2154 135
2155 234
2156 31
2157 194
2158 246
2159 139
2160 148
2161 130
2162 92
2163 234
2164 200
2167 146
2168 104
2170 77
2171 41
2172 84
2174 28
2175 245
2176 207
2177 49
2178 150
2181 88
2182 109
2183 44
2184 154
2185 241
2187 159
2188 129
2189 2
2190 190
2191 237
2192 90
2195 15
2196 114
2197 232
2198 141
2200 56
2201 13
2203 3
2204 237
2206 37
2208 103
2211 58
2213 18
2214 224
2215 127
2217 132
2219 80
2220 235
2221 29
2222 224
2226 141
2227 205
2229 78
2230 8
2232 240
2233 245
2234 200
2235 150
2236 0
2238 159
2239 107
2240 166
2241 19
2242 91
2243 146
2244 89
2245 223
2246 205
2247 242
2248 182
2249 212
2253 95
2254 159
2257 167
2258 92
2259 243
2260 220
2261 3
2262 148
2263 31
2264 62
2265 207
2266 166
2267 61
2268 234
2269 33
2270 242
2272 191
2274 107
2275 38
2277 37
2279 134
2280 8
2281 167
2282 124
2283 88
2284 168
2286 49
2287 19
2288 20
2289 207
2290 109
2292 71
2293 167
2294 203
2295 45
2296 154
2297 79
2299 111
2300 146
2301 139
2302 147
2303 40
2304 81
2305 238
2306 203
2307 114
2308 71
2309 28
2310 191
2311 203
2312 191
2313 73
2314 218
2315 61
2316 1
2317 190
2318 57
2319 203
2321 214
2322 72
2323 5
2324 237
2325 19
2326 143
2327 234
2328 6
2329 224
2331 3
2332 72
2333 3
2334 69
2335 191
2336 139
2337 214
2338 226
2339 182
2340 205
2341 116
2342 218
2343 52
2344 85
2346 148
2347 77
2348 205
2349 227
2350 19
2351 166
2352 199
2353 134
2354 139
2355 237
2357 144
2358 139
2359 15
2361 181
2363 19
2364 14
2365 167
2366 81
2367 138
2369 79
2370 150
2371 31
2373 138
2374 49
2375 223
2376 133
2378 19
2379 69
2380 121
2381 13
2382 79
2384 228
2385 178
2386 40
2387 46
2388 51
2389 240
2390 247
2391 237
2392 84
2393 77
2394 57
2395 207
2397 71
2398 159
2399 89
2401 49
2403 176
2404 73
2405 61
2406 61
2407 87
2410 224
2412 167
2413 88
2414 203
2415 27
2416 232
2417 34
2418 95
2420 141
2422 232
2425 88
2426 40
2427 4
2428 69
2430 35
2431 49
2432 40
2433 183
2434 178
2435 231
2436 33
2437 27
2438 19
2439 79
2440 232
2441 2
2442 5
2443 202
2444 130
2445 116
2446 13
2447 227
2448 199
2449 146
2450 159
2451 231
2452 144
2453 245
2454 26
2455 214
2456 185
2457 166
2458 9
2460 134
2461 98
2463 246
2464 203
2465 72
2467 133
2468 89
2469 159
2470 100
2471 182
2472 167
2473 249
2474 14
2475 10
2476 7
2477 20
2478 223
2479 40
2480 146
2482 99
2483 124
2484 139
2485 56
2486 131
2488 142
2490 56
2491 41
2492 223
2494 148
2495 98
2497 5
2498 35
2500 10
2501 103
2503 24
2504 245
2505 207
2506 40
2507 100
2508 20
2509 3
2511 213
2512 212
2513 37
2514 31
2515 56
2516 197
2517 186
2518 128
2519 239
2520 0
2522 89
2524 227
2525 124
2526 12
2527 5
2528 38
2529 26
2531 56
2533 84
2534 51
2536 28
2537 49
2538 214
2540 84
2542 191
2543 79
2544 139
2545 80
2546 33
2547 27
2548 52
2549 137
2550 153
2551 203
2552 65
2553 49
2555 203
2556 65
2557 109
2558 81
2559 85
2560 203
2561 186
2562 30
2563 207
2564 73
2566 61
2567 142
2568 90
2569 232
2570 146
2571 204
2572 231
2574 129
2576 228
2577 231
2578 220
2580 220
2582 130
2584 231
2585 152
2586 8
2587 141
2588 44
2589 89
2590 49
2591 5
2592 69
2593 218
2594 203
2596 46
2597 124
2598 55
2599 247
2600 52
2602 143
2603 69
2604 139
2605 13
2606 44
2607 57
2608 150
2609 0
2610 155
2612 173
2613 130
2614 118
2615 35
2616 10
2617 178
2618 64
2619 205
2621 7
2622 7
2623 107
2624 52
2625 219
2626 107
2627 248
2629 144
2630 46
2631 37
2632 5
2633 170
2634 40
2635 16
2636 223
2637 139
2641 139
2642 46
2644 142
2645 173
2647 247
2648 212
2649 14
2650 231
2651 214
2652 52
2653 167
2654 186
2655 242
2656 182
2657 168
2658 212
2660 72
2661 232
2664 205
2665 36
2666 3
2667 74
2668 33
2669 40
2670 203
2671 33
2672 245
2673 164
2675 77
2676 3
2677 49
2678 199
2679 76
2680 134
2681 153
2682 139
2683 182
2684 200
2685 100
2686 234
2687 115
2688 7
2689 234
2690 219
2691 76
2692 205
2694 95
2695 187
2696 53
2697 124
2698 3
2699 10
2700 15
2701 57
2702 2
2703 77
2705 132
2706 142
2709 76
2710 139
2711 38
2712 10
2713 223
2714 56
2716 27
2717 205
2718 49
2721 95
2722 223
2723 80
2726 212
2727 124
2728 180
2729 12
2730 139
2731 212
2732 124
2733 167
2735 206
2737 15
2738 83
2739 37
2741 33
2742 72
2743 13
2744 124
2745 89
2747 213
2748 31
2749 219
2751 213
2752 49
2753 207
2754 113
2756 74
2757 134
2758 20
2759 109
2760 10
2761 19
2762 100
2763 14
2764 223
2765 132
2766 238
2767 80
2768 165
2770 218
2776 100
2777 237
2778 72
2779 11
2780 182
2781 92
2782 245
2784 148
2785 7
2786 8
2787 241
2788 198
2789 62
2790 139
2791 150
2792 174
2793 27
2794 242
2795 167
2797 27
2799 153
2800 207
2801 220
2802 178
2804 109
2805 22
2806 226
2807 224
2808 7
2809 182
2811 56
2812 86
2814 205
2815 165
2816 27
2817 144
2818 138
2820 33
2822 0
2823 2
2824 27
2825 69
2826 81
2827 49
2828 203
2829 173
2830 37
2832 153
2834 15
2835 245
2836 228
2837 168
2838 243
2839 247
2841 212
2842 200
2843 249
2844 69
2845 14
2846 235
2847 28
2848 46
2849 211
2851 207
2852 203
2853 73
2854 79
2855 203
2856 91
2857 142
2858 92
2859 237
2861 84
2862 115
2863 15
2864 247
2866 89
2867 49
2868 182
2869 14
2870 14
2871 249
2873 45
2874 41
2875 168
2876 15
2877 237
2878 19
2879 212
2880 79
2881 223
2883 21
2884 38
2885 72
2886 54
2887 2
2888 76
2891 62
2892 165
2893 73
2894 56
2895 112
2896 37
2898 0
2899 89
2900 118
2901 205
2903 89
2904 73
2905 135
2906 52
2907 225
2909 237
2910 148
2911 2
2912 138
2913 37
2914 31
2915 76
2917 197
2919 233
2920 223
2921 150
2922 230
2923 33
2924 168
2925 89
2926 167
2927 44
2928 223
2929 175
2930 105
2931 109
2932 134
2934 49
2935 44
2936 159
2937 95
2938 73
2940 81
2941 159
2942 46
2943 218
2946 85
2947 242
2948 146
2949 85
2950 27
2951 135
2952 38
2955 76
2956 223
2957 166
2958 77
2960 191
2961 135
2962 31
2964 224
2965 205
2966 19
2967 92
2968 223
2969 240
2970 116
2971 180
2972 19
2973 77
2974 80
2975 89
2976 37
2977 178
2978 145
2979 20
2980 95
2982 26
2983 178
2984 244
2986 205
2987 0
2988 234
2989 239
2990 40
2991 123
2992 33
2994 95
2995 168
2996 7
2997 46
3001 231
3002 229
3003 212
3004 228
3006 28
3007 80
3008 89
3009 46
3011 191
3012 5
3013 224
3014 201
3015 44
3016 35
3018 79
3020 172
3021 214
3022 216
3023 220
3024 73
3025 56
3026 20
3027 203
3028 31
3029 135
3031 207
3034 223
3035 20
3036 166
3037 191
3038 124
3039 219
3040 69
3041 77
3042 145
3043 231
3044 245
3045 207
3046 142
3047 49
3048 231
3049 207
3050 3
3052 134
3053 191
3054 210
3056 234
3057 48
3058 72
3059 211
3060 146
3061 233
3063 51
3064 134
3066 21
3067 223
3068 225
3069 92
3071 243
3072 52
3074 37
3075 139
3076 2
3077 81
3078 222
3080 100
3081 228
3082 28
3083 246
3084 18
3085 142
3086 49
3087 48
3088 56
3089 214
3090 135
3091 71
3092 92
3093 134
3095 69
3096 242
3097 19
3098 106
3101 109
3102 61
3103 143
3104 36
3105 198
3106 3
3109 168
3110 40
3111 206
3112 97
3113 38
3115 20
3116 228
3117 35
3118 86
3119 77
3120 35
3121 56
3122 205
3123 142
3124 134
3126 237
3127 86
3130 74
3133 28
3134 73
3140 146
3141 134
3143 237
3144 165
3145 78
3146 75
3147 166
3150 200
3151 135
3152 46
3153 103
3154 100
3155 2
3156 61
3158 74
3159 153
3162 214
3163 205
3165 212
3166 7
3167 23
3168 178
3169 103
3171 80
3173 144
3174 72
3176 85
3177 92
3179 76
3180 143
3181 231
3182 178
3183 218
3184 225
3185 0
3186 237
3187 5
3188 39
3189 183
3191 222
3192 186
3194 107
3195 203
3196 121
3197 26
3198 147
3201 92
3202 86
3204 166
3208 20
3212 136
3213 220
3214 31
3216 212
3217 138
3218 165
3219 166
3220 2
3221 191
3222 40
3223 92
3224 231
3225 13
3226 81
3227 127
3230 89
3231 228
3233 223
3234 195
3235 202
3236 166
3237 237
3240 5
3243 163
3245 3
3246 148
3247 9
3248 44
3250 46
3253 69
3254 89
3256 57
3257 24
3258 72
3259 92
3261 77
3262 207
3263 31
3264 52
3265 46
3266 214
3268 35
3269 56
3270 29
3271 205
3272 179
3273 57
3274 75
3275 37
3276 5
3277 173
3278 72
3279 85
3280 203
3281 26
3282 19
3283 154
3284 129
3285 84
3286 223
3287 107
3288 52
3289 49
3290 247
3291 153
3292 33
3293 135
3294 117
3295 64
3296 178
3297 56
3301 40
3302 167
3304 92
3306 20
3307 89
3308 92
3309 231
3310 2
3312 66
3314 167
3315 205
3316 38
3317 225
3318 218
3322 206
3325 134
3326 75
3327 134
3328 5
3329 220
3331 124
3333 109
3335 159
3336 193
3337 189
3339 37
3340 89
3341 237
3342 159
3343 200
3345 82
3347 200
3350 220
3351 244
3352 127
3353 41
3354 134
3355 134
3356 95
3357 202
3359 146
3360 44
3362 79
3363 0
3367 38
3368 110
3369 235
3370 153
3371 234
3373 235
3374 74
3375 240
3376 211
3377 129
3379 71
3380 138
3382 167
3383 124
3384 100
3385 227
3386 31
3387 135
3388 13
3389 154
3391 36
3392 165
3393 48
3394 242
3396 15
3397 165
3399 0
3402 73
3403 27
3404 231
3405 86
3406 46
3407 69
3409 237
3412 14
3413 92
3414 212
3415 231
3416 200
3417 64
3418 65
3420 143
3421 120
3422 52
3423 38
3424 212
3426 146
3427 197
3428 138
3430 56
3432 72
3433 135
3434 37
3435 135
3439 31
3440 138
3442 191
3443 242
3444 165
3445 27
3447 203
3448 153
3449 160
3451 2
3452 110
3453 134
3454 124
3455 75
3456 233
3457 10
3458 205
3460 34
3461 69
3462 178
3464 230
3465 212
3466 207
3467 144
3470 27
3471 40
3472 81
3473 92
3474 243
3475 81
3476 165
3477 74
3478 220
3481 220
3482 38
3485 191
3486 124
3487 171
3490 20
3491 81
3493 205
3494 20
3495 135
3496 56
3497 27
3499 52
3500 103
3501 49
3502 81
3503 23
3504 146
3506 214
3507 89
3509 197
3510 197
3511 199
3512 15
3513 81
3514 191
3515 2
3516 248
3517 134
3518 57
3519 247
3520 31
3521 56
3523 232
3525 12
3526 166
3527 230
3528 72
3529 40
3531 72
3532 135
3533 224
3534 124
3535 56
3536 167
3537 154
3538 134
3539 245
3540 192
3541 232
3543 168
3544 20
3545 203
3546 15
3548 77
3549 153
3550 56
3551 152
3552 237
3553 138
3554 40
3555 38
3556 92
3557 33
3558 228
3559 92
3560 38
3561 180
3562 220
3565 2
3566 27
3568 203
3569 41
3571 49
3572 237
3575 44
3579 241
3582 10
3583 100
3584 85
3586 48
3588 124
3590 40
3591 56
3592 231
3593 213
3594 116
3596 223
3598 228
3600 73
3602 203
3604 231
3606 178
3610 142
3612 56
3613 205
3615 228
3616 90
3617 8
3618 40
3622 167
3623 49
3624 242
3625 203
3626 86
3627 203
3630 209
3633 10
3635 227
3637 90
3638 135
3639 205
3640 10
3642 0
3643 15
3644 212
3645 165
3646 14
3647 237
3648 31
3649 61
3650 205
3651 28
3652 207
3653 2
3655 49
3656 8
3657 81
3658 79
3659 148
3660 172
3661 237
3662 104
3663 175
3664 16
3665 61
3667 142
3668 85
3669 65
3672 165
3673 89
3675 69
3677 139
3679 72
3681 220
3683 207
3685 231
3686 5
3688 168
3689 139
3690 35
3691 207
3693 16
3695 23
3696 226
3697 153
3698 79
3699 16
3700 76
3701 81
3702 41
3704 206
3705 216
3706 182
3707 77
3712 2
3713 154
3714 99
3715 237
3716 159
3717 207
3718 228
3719 169
3720 37
3721 44
3722 48
3725 247
3726 31
3727 77
3729 154
3730 235
3733 88
3735 159
3736 134
3737 89
3738 0
3739 129
3741 79
3743 182
3744 86
3745 57
3747 150
3748 51
3749 33
3750 165
3752 205
3753 31
3755 247
3756 139
3757 232
3759 88
3761 33
3762 159
3764 189
3765 229
3767 223
3770 245
3771 19
3772 92
3778 142
3779 104
3781 19
3783 74
3785 207
3786 2
3787 247
3788 205
3790 193
3791 27
3795 61
3797 44
3798 187
3799 61
3800 246
3802 68
3803 231
3804 85
3806 234
3807 138
3810 124
3812 165
3813 76
3814 154
3815 107
3816 13
3817 56
3818 31
3819 92
3820 185
3821 130
3822 89
3824 175
3825 0
3826 124
3828 139
3832 35
3833 139
3834 0
3835 237
3837 205
3838 57
3839 124
3841 19
3843 146
3844 44
3848 241
3849 43
3850 95
3851 167
3852 3
3855 78
3856 109
3858 73
3859 132
3861 89
3863 167
3865 212
3866 207
3867 56
3868 152
3870 203
3871 197
3874 66
3875 153
3876 27
3877 14
3878 2
3879 19
3881 203
3883 112
3884 68
3886 20
3887 203
3888 226
3889 139
3891 38
3892 200
3893 148
3894 139
3896 171
3901 10
3902 51
3904 187
3905 242
3907 191
3908 212
3909 27
3910 14
3912 10
3913 212
3914 247
3915 144
3916 183
3918 191
3919 200
3920 99
3921 128
3922 46
3924 134
3925 20
3926 142
3927 212
3928 20
3930 215
3931 240
3932 10
3933 92
3935 146
3936 107
3937 237
3941 212
3942 3
3943 107
3945 10
3946 165
3947 44
3949 109
3950 38
3951 72
3954 86
3957 10
3958 247
3959 241
3960 95
3961 231
3962 223
3964 182
3965 77
3967 197
3968 175
3970 148
3971 130
3972 61
3976 76
3978 203
3979 185
3980 61
3981 223
3982 234
3983 228
3985 132
3986 2
3987 118
3988 40
3989 199
3990 116
3991 0
3992 2
3994 89
3997 245
3998 44
3999 38
4000 167
4001 228
4002 7
4003 27
4004 49
4006 148
4009 134
4011 200
4012 72
4013 247
4014 35
4015 2
4016 34
4018 33
4019 124
4020 124
4021 89
4022 98
4023 246
4024 3
4026 191
4027 236
4028 173
4029 207
4030 23
4031 153
4032 109
4033 31
4034 14
4035 78
4038 199
4039 31
4040 200
4043 106
4044 78
4045 28
4047 164
4051 27
4052 154
4054 203
4055 36
4056 167
4057 159
4059 116
4060 186
4063 72
4065 181
4066 107
4067 182
4068 56
4071 55
4072 231
4074 237
4076 69
4078 215
4080 56
4081 152
4082 116
4083 247
4085 179
4086 167
4087 107
4088 56
4090 20
4091 132
4092 203
4093 225
4094 235
4095 69
4096 41
4097 14
4100 189
4103 219
4104 77
4105 166
4107 191
4110 85
4111 223
4113 25
4114 14
4116 248
4117 212
4119 247
4121 241
4123 61
4124 224
4125 124
4126 205
4128 165
4129 27
4130 237
4132 16
4133 29
4135 205
4136 31
4137 40
4138 138
4143 84
4145 104
4147 72
4148 35
4149 237
4150 15
4151 124
4153 73
4154 153
4155 168
4158 238
4159 247
4160 167
4161 203
4162 147
4163 71
4165 142
4166 245
4167 154
4169 168
4171 138
4173 197
4175 57
4176 54
4178 13
4179 245
4180 0
4181 205
4183 16
4185 182
4187 92
4188 73
4190 221
4191 179
4192 49
4193 200
4194 0
4195 41
4196 69
4197 31
4198 72
4199 61
4200 182
4201 247
4202 57
4203 57
4208 10
4209 116
4210 153
4211 200
4213 234
4214 0
4215 28
4216 27
4218 165
4219 13
4221 223
4223 7
4224 148
4226 167
4227 228
4229 143
4230 18
4231 130
4233 205
4234 218
4235 231
4237 75
4239 179
4240 2
4241 143
4242 91
4243 104
4244 153
4245 20
4246 212
4247 15
4248 31
4250 242
4251 92
4253 152
4255 74
4256 235
4258 200
4260 74
4261 154
4262 247
4265 2
4268 199
4269 142
4271 40
4274 205
4275 180
4276 48
4277 91
4278 165
4279 16
4281 205
4282 146
4283 165
4284 237
4285 20
4286 182
4287 19
4288 182
4289 112
4291 207
4292 2
4294 245
4295 146
4296 159
4297 38
4298 174
4299 212
4301 118
4303 31
4304 46
4309 150
4310 74
4311 46
4312 68
4313 33
4315 44
4316 148
4317 89
4318 135
4321 44
4322 55
4323 166
4326 185
4327 52
4329 15
4330 223
4331 168
4332 237
4333 5
4335 79
4336 210
4337 137
4338 19
4339 213
4340 71
4341 218
4342 40
4343 20
4344 36
4345 232
4350 61
4351 165
4355 148
4356 63
4357 15
4360 206
4361 46
4362 5
4364 138
4365 29
4366 20
4367 228
4368 191
4370 146
4372 57
4373 15
4374 152
4377 193
4379 179
4380 143
4382 1
4383 197
4385 109
4386 52
4387 71
4388 234
4389 56
4390 2
4391 153
4392 224
4393 81
4395 1
4396 246
4397 120
4398 44
4400 71
4402 231
4405 242
4407 121
4409 2
4410 9
4411 131
4412 44
4413 108
4415 215
4417 110
4418 214
4419 212
4420 36
4421 0
4422 243
4424 204
4425 146
4428 231
4429 27
4430 109
4434 107
4435 165
4436 211
4437 179
4438 166
4439 52
4440 5
4442 66
4443 35
4445 205
4446 109
4448 124
4449 7
4451 14
4453 19
4454 85
4455 56
4457 95
4459 77
4462 38
4463 237
4465 77
4466 234
4467 114
4468 44
4471 237
4472 52
4473 205
4475 14
4477 200
4478 2
4479 200
4480 69
4481 53
4483 112
4485 152
4487 207
4488 197
4489 199
4492 56
4493 146
4494 20
4495 15
4497 182
4499 219
4502 175
4503 106
4506 52
4507 148
4508 27
4509 14
4510 110
4511 138
4512 214
4514 95
4515 174
4516 69
4518 121
4519 182
4520 171
4521 203
4522 230
4523 40
4525 56
4526 223
4527 1
4528 89
4531 168
4532 234
4536 74
4537 138
4538 38
4539 191
4540 80
4542 40
4543 92
4544 14
4546 191
4548 154
4549 125
4551 107
4552 44
4556 232
4557 0
4558 146
4560 15
4561 223
4562 46
4565 51
4566 2
4567 153
4568 109
4569 165
4571 71
4573 29
4574 116
4575 56
4579 14
4580 107
4582 27
4583 71
4584 204
4585 228
4587 19
4588 44
4589 47
4590 191
4591 203
4592 205
4595 81
4596 242
4597 245
4598 220
4600 138
4601 49
4603 72
4604 137
4605 31
4606 49
4608 241
4609 33
4610 203
4611 167
4612 113
4613 248
4616 69
4618 44
4624 142
4625 23
4626 237
4628 138
4630 33
4631 127
4632 205
4633 69
4635 206
4636 10
4637 15
4639 139
4640 78
4642 72
4643 79
4644 188
4645 56
4647 100
4649 134
4652 223
4653 49
4654 146
4655 207
4656 118
4657 109
4658 7
4659 146
4661 56
4662 168
4665 240
4667 31
4669 27
4670 200
4671 159
4672 205
4674 146
4675 153
4677 46
4680 69
4681 61
4682 57
4683 228
4684 143
4687 61
4690 183
4691 71
4692 237
4695 148
4696 47
4697 136
4698 237
4700 5
4701 146
4702 52
4704 46
4705 27
4708 146
4710 11
4711 79
4714 20
4715 166
4716 219
4717 138
4718 49
4719 146
4722 203
4723 234
4725 95
4726 31
4727 240
4728 159
4729 27
4731 134
4732 191
4733 38
4734 129
4735 139
4736 232
4739 117
4740 37
4742 71
4743 247
4744 20
4747 225
4748 134
4749 223
4751 21
4752 2
4753 205
4755 52
4756 165
4757 116
4758 212
4762 124
4764 226
4765 240
4766 5
4768 56
4771 141
4773 44
4775 19
4777 146
4778 72
4780 83
4781 212
4782 248
4783 197
4785 73
4787 19
4788 212
4789 144
4790 27
4791 237
4792 240
4793 19
4794 247
4795 56
4799 165
4800 129
4802 166
4804 79
4805 191
4807 242
4808 203
4809 92
4811 168
4814 178
4815 242
4818 48
4820 116
4821 243
4822 245
4824 207
4828 219
4829 5
4830 132
4831 2
4833 212
4834 14
4835 20
4836 219
4837 139
4838 44
4839 0
4840 2
4841 234
4842 109
4843 11
4844 109
4846 197
4848 139
4850 63
4851 109
4852 79
4853 225
4854 73
4855 8
4856 121
4857 139
4858 62
4860 141
4861 167
4862 77
4863 233
4865 237
4866 44
4868 19
4869 241
4870 200
4871 49
4872 182
4874 93
4875 121
4878 234
4879 133
4881 139
4882 73
4884 46
4886 40
4887 153
4888 247
4889 54
4890 20
4892 212
4894 69
4896 23
4897 37
4898 81
4900 240
4901 214
4902 166
4904 15
4906 69
4908 203
4909 49
4911 109
4912 175
4913 144
4916 56
4917 38
4918 0
4920 203
4921 205
4922 173
4923 27
4924 213
4926 247
4927 72
4929 167
4930 203
4931 223
4932 66
4933 79
4934 89
4937 15
4938 3
4941 109
4943 15
4944 197
4945 24
4946 167
4947 15
4951 27
4952 89
4953 104
4955 73
4956 231
4957 165
4959 35
4962 197
4963 203
4966 22
4968 237
4969 124
4970 27
4971 109
4972 119
4974 81
4975 2
4976 15
4979 134
4982 73
4985 57
4986 247
4987 79
4988 49
4989 27
4991 9
4992 7
4994 20
4995 95
4997 5
4998 2
4999 242
