0 42
1 167
2 44
3 225
5 194
6 233
7 132
8 224
9 66
10 76
11 3
12 198
13 224
14 227
15 116
16 24
17 44
18 190
19 129
20 227
21 116
22 162
23 116
24 127
25 190
26 151
27 124
28 230
29 68
30 158
31 234
32 157
33 164
34 198
35 21
36 92
37 99
38 216
39 24
40 66
41 240
42 198
43 129
44 171
45 163
46 45
47 15
48 39
49 118
50 89
51 243
52 125
53 167
54 57
55 28
56 89
57 142
58 132
59 227
60 130
62 92
63 178
64 132
65 22
66 130
67 234
68 216
69 158
70 196
71 230
72 233
73 190
75 85
76 219
77 97
78 132
79 155
80 94
81 142
83 117
84 188
85 28
86 233
87 153
88 224
90 125
91 71
92 130
93 231
94 224
95 82
96 28
97 108
98 58
99 132
101 2
102 126
103 125
104 190
105 35
106 181
107 198
108 208
109 151
110 137
111 97
112 105
114 90
115 93
116 136
117 104
119 119
120 177
121 58
122 97
123 66
124 106
125 181
126 246
127 132
128 4
129 74
130 121
131 198
132 105
133 83
134 222
135 13
136 145
137 66
138 142
139 154
140 24
141 24
142 89
143 167
144 32
146 119
147 130
148 34
149 217
150 172
151 124
152 15
153 104
154 170
155 76
156 221
157 39
158 117
159 207
160 236
161 0
162 46
163 24
164 44
165 11
166 102
167 114
168 33
169 198
170 173
171 198
172 242
173 150
174 246
175 247
176 167
177 190
178 219
179 216
180 198
181 127
182 190
183 68
184 225
185 25
186 174
187 184
188 28
189 73
190 108
191 109
192 105
193 88
194 92
195 125
196 245
197 110
198 80
199 28
200 44
201 60
202 198
203 177
204 228
205 141
206 88
207 224
208 244
209 106
210 125
211 50
212 97
213 92
214 209
215 153
216 134
217 115
218 126
219 114
220 190
221 108
222 69
223 93
224 110
225 162
226 226
227 93
228 111
229 190
230 115
231 230
232 224
233 190
234 156
235 198
236 7
237 134
238 108
239 10
240 242
241 9
242 120
243 121
244 214
245 198
246 93
247 108
248 132
249 198
250 151
251 119
252 97
254 2
255 97
256 15
257 12
258 158
259 97
260 164
261 50
262 109
263 51
264 181
265 107
266 50
267 78
268 228
269 121
270 104
271 234
272 125
273 89
274 15
275 224
277 15
278 129
279 104
280 154
282 162
283 224
284 139
285 109
286 11
287 158
288 71
289 104
290 168
291 137
292 180
293 242
294 234
295 141
296 5
297 44
298 12
299 121
300 151
301 214
302 140
303 52
304 90
305 151
306 68
307 244
308 41
309 197
310 49
311 218
312 2
313 126
314 219
315 0
316 234
317 66
318 66
319 62
320 83
321 35
322 180
323 192
324 228
325 142
326 12
327 43
328 97
329 219
330 225
331 13
332 139
333 183
334 151
335 80
337 15
338 175
339 34
340 82
341 85
342 219
344 99
345 224
346 153
347 125
348 40
349 219
350 104
351 198
352 198
353 140
354 5
355 212
356 28
357 30
358 193
359 93
360 28
361 99
362 36
363 235
364 125
365 116
366 58
367 234
368 5
369 167
370 153
372 93
373 12
374 243
375 90
376 13
377 125
378 177
379 92
380 246
381 222
382 34
383 21
384 231
385 109
386 10
387 15
388 116
389 170
390 238
391 207
392 130
393 15
394 89
395 99
396 93
397 92
398 234
399 44
400 144
401 114
402 198
403 65
404 132
405 56
406 47
407 151
408 71
409 99
410 39
411 58
412 137
413 96
414 56
415 43
416 35
417 97
418 58
419 99
420 137
421 233
422 151
423 198
424 125
425 166
426 161
427 148
428 222
429 80
430 48
431 131
432 39
433 237
434 74
435 222
436 185
437 198
438 137
439 240
440 79
441 36
442 184
443 99
444 177
445 17
446 230
447 114
448 233
449 42
450 173
451 132
452 25
453 28
454 15
455 44
457 190
458 14
459 134
460 95
461 142
462 124
463 164
464 124
465 104
466 5
467 110
468 110
469 13
470 46
471 137
472 93
473 43
474 130
475 49
476 124
477 226
478 127
479 124
480 58
481 119
482 124
483 19
484 97
485 44
486 199
487 171
489 125
490 207
491 44
492 50
493 15
494 119
495 130
496 15
497 66
498 116
499 44
501 104
502 104
503 165
506 180
509 23
510 153
511 148
512 127
513 197
514 177
516 89
518 30
519 193
520 5
521 2
522 88
523 226
524 66
525 114
527 66
528 219
529 249
530 35
531 198
532 44
533 149
534 151
535 222
536 108
537 90
538 124
539 173
540 222
541 10
542 116
543 25
544 224
545 120
546 110
547 48
549 222
550 155
551 125
552 155
553 70
554 233
555 64
556 153
557 173
558 112
559 49
560 167
562 150
563 50
564 36
566 61
567 1
568 242
569 186
570 11
571 190
572 118
573 141
574 121
575 71
576 224
577 93
578 75
579 99
580 28
581 207
582 10
583 210
584 83
585 56
586 123
587 15
588 50
589 177
590 152
591 190
592 36
593 39
594 88
595 185
596 210
597 61
598 217
599 109
600 87
601 176
602 111
603 67
604 235
605 82
606 12
607 114
608 123
609 193
610 222
611 34
612 23
613 180
614 1
615 227
616 85
617 130
618 114
619 234
620 69
621 16
622 190
623 176
624 177
625 92
626 11
627 44
628 206
629 105
630 4
631 18
632 75
633 10
634 159
635 181
636 240
637 104
638 109
639 153
640 216
641 152
642 233
643 108
644 155
645 173
646 58
647 167
648 1
651 140
652 50
653 226
654 78
655 49
656 3
657 12
658 58
659 93
660 43
661 225
662 93
663 110
664 116
665 199
666 14
667 76
668 93
670 154
671 218
672 244
673 116
674 230
675 208
676 97
678 81
679 83
680 50
681 130
682 38
683 54
684 68
685 61
686 201
687 152
688 0
689 243
690 113
691 240
692 242
693 28
694 29
695 186
696 5
697 184
698 222
699 235
701 232
702 58
703 25
704 240
705 204
706 132
707 118
708 99
709 173
710 218
711 145
712 206
713 23
714 58
716 204
717 242
718 5
719 36
720 72
722 222
723 5
724 178
725 108
726 224
727 145
728 19
729 234
730 143
731 78
732 13
733 166
734 14
735 125
736 148
737 1
738 48
739 246
740 2
741 190
742 48
743 28
744 184
745 104
746 97
747 165
748 11
749 134
751 234
752 2
753 87
754 125
755 108
756 169
757 198
758 200
760 93
761 51
762 2
763 4
764 198
765 118
766 226
767 167
768 157
769 224
770 132
771 7
772 165
773 125
774 172
775 105
776 154
777 32
778 143
779 112
780 210
781 221
782 128
783 99
784 212
785 75
786 206
787 121
788 24
789 88
790 99
791 56
792 15
793 114
794 22
795 158
796 115
797 121
798 121
799 72
800 17
801 248
802 27
803 142
804 125
805 62
806 142
807 13
808 169
809 125
810 243
811 159
812 16
813 33
814 85
815 137
816 172
817 230
818 233
819 135
820 20
821 93
822 159
823 14
824 5
826 26
827 6
828 30
829 55
830 230
831 181
832 34
833 114
834 58
835 153
836 62
837 120
838 216
839 24
840 124
841 201
843 115
846 1
847 134
848 124
849 163
850 177
852 28
853 140
855 23
856 50
857 66
858 206
859 82
860 171
861 206
862 125
863 50
864 15
865 133
866 221
867 201
868 196
869 76
871 32
872 224
873 176
874 233
875 12
876 44
877 114
878 188
879 225
881 71
882 145
883 246
884 237
885 153
886 198
888 73
889 70
890 66
891 230
892 125
893 140
894 104
895 44
896 16
897 240
898 186
899 22
900 39
901 130
902 18
903 245
904 104
905 13
906 6
907 15
909 104
910 108
911 5
912 0
913 226
914 227
915 184
916 151
917 13
918 30
919 142
920 105
921 105
922 174
923 125
924 168
925 43
926 179
927 222
928 143
929 198
930 78
931 145
932 181
933 232
934 104
936 128
937 212
938 116
939 152
940 47
941 98
942 20
943 70
944 227
945 217
946 121
947 62
948 104
949 177
950 17
951 190
953 69
954 208
955 218
956 69
957 51
958 232
959 5
960 28
961 73
962 39
963 28
964 12
965 4
967 14
968 108
969 42
970 92
971 95
972 7
973 164
974 211
975 61
977 243
978 129
979 242
980 58
981 96
982 216
983 57
984 228
985 128
987 246
988 12
989 106
990 98
991 173
992 190
993 190
994 74
995 190
996 78
997 185
998 17
999 41
1000 39
1001 125
1002 226
1003 116
1004 28
1005 105
1006 118
1008 212
1009 128
1010 133
1011 28
1013 52
1014 90
1015 222
1016 80
1017 66
1019 26
1020 232
1021 193
1022 109
1023 68
1024 170
1025 189
1027 110
1028 218
1029 234
1030 177
1031 140
1032 90
1033 156
1034 43
1035 76
1036 35
1037 174
1038 202
1040 16
1041 78
1042 163
1044 13
1045 99
1046 237
1047 69
1048 15
1049 173
1050 17
1052 66
1053 14
1054 108
1055 5
1057 234
1058 242
1059 10
1060 75
1061 48
1062 226
1063 15
1064 234
1065 92
1066 177
1067 41
1068 15
1069 50
1070 222
1071 180
1072 42
1074 99
1075 117
1076 38
1077 1
1078 152
1079 244
1080 242
1081 178
1082 102
1083 28
1084 66
1085 44
1086 151
1087 89
1088 120
1089 81
1090 150
1091 232
1092 201
1093 0
1094 124
1095 197
1097 25
1098 53
1099 116
1100 215
1101 134
1103 143
1104 39
1105 163
1106 85
1107 221
1108 99
1109 106
1110 118
1111 227
1112 5
1113 131
1114 115
1115 61
1116 91
1117 42
1118 99
1119 139
1120 222
1121 162
1122 234
1123 75
1124 99
1125 39
1126 127
1127 83
1128 97
1129 125
1130 151
1131 200
1132 81
1133 7
1134 128
1135 99
1137 62
1139 99
1140 45
1141 20
1142 54
1143 242
1144 21
1145 163
1146 187
1147 226
1148 77
1149 114
1150 130
1151 108
1152 61
1154 210
1155 99
1158 230
1159 145
1160 26
1161 98
1162 186
1163 161
1165 147
1166 125
1167 89
1168 82
1169 66
1170 46
1171 90
1172 137
1173 230
1174 109
1177 115
1178 219
1179 109
1180 26
1181 5
1182 129
1183 121
1184 157
1185 94
1186 121
1187 23
1188 221
1189 174
1190 146
1191 151
1192 25
1193 237
1194 221
1195 186
1196 139
1197 141
1198 121
1199 201
1200 106
1201 14
1203 237
1205 24
1206 143
1207 190
1208 212
1209 119
1210 2
1211 110
1212 10
1213 41
1214 124
1215 220
1216 128
1217 73
1218 68
1219 119
1220 129
1221 15
1222 249
1223 219
1225 221
1226 161
1227 188
1228 245
1229 2
1230 28
1232 197
1233 166
1234 239
1235 137
1237 173
1238 63
1239 224
1240 123
1241 180
1242 50
1243 70
1245 50
1246 217
1247 1
1248 20
1249 75
1250 46
1251 99
1252 169
1253 248
1255 233
1256 148
1257 41
1258 82
1259 130
1260 101
1261 168
1262 185
1263 210
1264 27
1265 225
1266 184
1267 50
1269 201
1270 16
1271 61
1272 238
1273 99
1274 92
1275 97
1277 180
1278 230
1279 130
1281 99
1283 137
1284 93
1285 46
1286 234
1287 75
1289 239
1290 155
1291 103
1292 100
1293 119
1294 9
1295 153
1296 231
1297 150
1298 230
1299 39
1300 184
1301 205
1302 121
1303 108
1305 170
1306 79
1307 74
1308 197
1310 240
1311 177
1313 104
1314 24
1315 50
1316 163
1317 190
1319 154
1320 130
1321 246
1322 206
1323 122
1324 223
1325 99
1326 224
1327 224
1328 16
1329 26
1330 216
1332 124
1333 108
1334 121
1335 188
1336 34
1337 163
1339 76
1340 78
1341 128
1343 50
1344 234
1345 198
1346 56
1347 201
1348 125
1349 234
1350 209
1351 66
1352 12
1353 124
1354 28
1355 190
1357 118
1358 219
1359 220
1360 117
1361 12
1362 137
1363 111
1364 230
1365 111
1366 51
1367 105
1368 125
1369 131
1370 105
1372 170
1373 240
1374 244
1375 140
1376 244
1377 28
1378 110
1380 47
1381 161
1382 235
1384 92
1385 79
1387 243
1388 168
1389 124
1391 38
1392 115
1393 104
1394 120
1395 67
1396 167
1397 244
1399 67
1400 75
1401 240
1402 165
1403 73
1404 17
1405 217
1406 41
1407 190
1408 72
1410 106
1411 173
1412 133
1413 237
1414 44
1415 38
1416 193
1417 142
1418 181
1419 83
1420 87
1421 75
1422 108
1423 244
1425 0
1426 130
1427 110
1429 5
1430 240
1431 158
1432 15
1433 175
1434 68
1436 10
1438 43
1439 10
1440 240
1441 57
1442 231
1443 193
1444 137
1445 222
1446 88
1447 28
1448 165
1449 221
1450 186
1451 104
1452 4
1453 124
1454 111
1455 44
1456 135
1457 67
1458 190
1459 111
1460 210
1461 177
1462 85
1463 67
1464 130
1465 170
1466 134
1467 12
1468 169
1469 177
1470 70
1471 10
1472 39
1473 3
1474 37
1475 180
1476 42
1479 110
1480 42
1481 243
1482 151
1483 245
1484 204
1486 211
1487 168
1490 35
1491 184
1492 107
1493 123
1494 67
1495 155
1496 85
1497 114
1498 104
1499 226
1500 97
1501 7
1502 162
1503 161
1504 61
1505 121
1506 174
1507 193
1508 230
1509 108
1510 190
1512 67
1514 44
1515 123
1517 15
1518 190
1520 122
1521 186
1522 226
1523 73
1524 184
1525 226
1526 136
1527 10
1528 24
1529 234
1530 197
1531 177
1532 141
1534 139
1535 246
1536 147
1537 99
1538 166
1539 151
1540 151
1541 109
1542 64
1543 172
1544 147
1545 10
1546 7
1547 42
1549 233
1551 152
1552 70
1553 183
1554 177
1555 70
1556 172
1557 5
1558 28
1560 126
1563 57
1565 15
1566 233
1567 62
1568 88
1570 28
1571 0
1572 28
1573 157
1574 120
1575 246
1576 143
1577 121
1578 224
1579 204
1581 226
1582 223
1583 73
1584 124
1585 155
1586 14
1587 105
1588 107
1589 225
1590 94
1591 49
1593 73
1594 141
1595 141
1597 217
1599 57
1600 166
1601 99
1602 245
1603 10
1604 164
1605 39
1607 225
1609 140
1610 163
1611 7
1612 15
1613 184
1614 38
1615 10
1616 155
1617 44
1618 216
1619 88
1621 225
1622 22
1623 84
1625 124
1626 26
1627 190
1628 34
1629 39
1630 41
1631 224
1632 232
1633 24
1635 64
1636 105
1637 25
1639 198
1640 242
1643 220
1644 190
1645 151
1646 10
1647 111
1648 107
1649 141
1650 139
1651 70
1652 226
1653 228
1654 155
1655 221
1656 14
1657 25
1658 123
1659 70
1660 184
1661 177
1662 180
1663 203
1664 31
1665 15
1666 64
1667 169
1668 120
1669 12
1670 140
1671 129
1674 184
1676 151
1677 164
1678 190
1679 121
1681 222
1682 166
1684 248
1685 221
1686 138
1687 200
1688 78
1689 5
1690 151
1691 110
1692 152
1694 30
1695 109
1696 204
1697 2
1698 109
1699 145
1701 88
1702 120
1703 143
1704 190
1705 7
1706 11
1707 163
1708 68
1709 185
1710 56
1712 99
1713 94
1715 73
1716 80
1718 44
1719 76
1720 151
1721 101
1722 80
1723 220
1724 124
1725 177
1726 185
1727 234
1728 160
1730 76
1732 137
1733 167
1734 15
1735 125
1736 164
1737 169
1738 215
1739 75
1740 186
1741 5
1742 137
1743 195
1745 123
1747 232
1748 222
1749 24
1750 124
1751 151
1752 226
1753 124
1754 129
1755 220
1756 70
1757 149
1758 133
1759 21
1761 15
1762 27
1764 44
1765 224
1766 92
1767 222
1768 218
1769 174
1771 120
1772 233
1773 245
1774 237
1775 198
1776 28
1777 35
1778 154
1779 63
1780 109
1781 204
1782 134
1783 21
1784 2
1785 240
1786 118
1788 51
1789 160
1790 191
1791 46
1792 164
1793 110
1794 121
1795 219
1796 207
1797 237
1798 245
1799 88
1801 234
1802 227
1804 201
1805 87
1806 80
1807 39
1808 49
1809 173
1810 37
1811 153
1813 99
1815 29
1816 73
1817 190
1818 5
1819 97
1820 88
1821 151
1822 207
1824 197
1825 145
1826 110
1827 67
1829 111
1830 192
1831 158
1832 7
1833 47
1834 145
1837 50
1839 67
1840 200
1841 54
1842 130
1843 51
1845 109
1846 41
1847 24
1848 222
1849 219
1850 246
1851 84
1852 70
1853 61
1854 16
1855 233
1857 119
1858 67
1859 5
1860 233
1861 2
1862 98
1863 240
1864 10
1865 125
1866 67
1867 122
1868 44
1869 73
1870 156
1871 186
1872 204
1873 151
1874 4
1875 32
1876 10
1877 220
1878 76
1879 21
1880 27
1881 137
1882 210
1883 14
1884 214
1885 128
1887 177
1888 249
1889 226
1890 44
1891 249
1892 73
1893 75
1894 65
1895 166
1896 227
1897 75
1899 73
1900 81
1902 206
1903 14
1904 30
1906 70
1907 167
1908 13
1909 68
1910 13
1911 108
1912 25
1913 182
1914 172
1915 107
1916 121
1917 114
1918 129
1919 119
1920 187
1921 186
1922 110
1923 173
1924 240
1925 119
1926 105
1927 172
1928 0
1929 104
1930 158
1931 24
1932 240
1933 230
1934 220
1935 242
1936 122
1938 162
1939 5
1940 10
1941 245
1942 223
1943 204
1944 67
1945 225
1947 242
1948 15
1949 153
1950 224
1951 29
1952 105
1953 59
1954 7
1955 177
1957 2
1959 14
1962 101
1964 176
1965 67
1966 57
1967 219
1968 82
1969 184
1970 51
1971 50
1972 157
1973 35
1974 39
1976 5
1977 36
1978 193
1979 73
1980 125
1982 17
1983 143
1985 118
1986 198
1987 122
1991 116
1992 121
1993 0
1994 235
1995 232
1997 224
1998 127
2000 124
2001 125
2003 145
2006 222
2007 14
2008 233
2009 52
2010 224
2011 121
2012 207
2013 160
2014 145
2015 73
2016 190
2017 217
2018 132
2019 159
2020 61
2021 0
2022 90
2024 110
2025 183
2026 24
2027 155
2028 200
2029 29
2031 193
2032 246
2033 120
2034 196
2035 140
2036 221
2037 61
2038 37
2039 5
2040 0
2041 111
2042 210
2043 43
2044 208
2045 223
2046 248
2047 41
2048 72
2049 246
2050 44
2051 201
2053 28
2054 153
2055 219
2056 67
2057 116
2058 92
2059 248
2061 51
2062 193
2063 20
2064 22
2065 21
2067 169
2068 44
2069 180
2070 155
2071 223
2072 85
2073 139
2074 73
2075 227
2076 35
2077 137
2079 226
2080 61
2081 11
2082 73
2083 57
2084 44
2085 104
2086 227
2087 98
2088 183
2089 226
2090 121
2091 245
2092 205
2093 244
2094 92
2096 124
2097 110
2099 11
2100 24
2101 62
2102 137
2104 158
2105 143
2107 78
2108 108
2109 92
2110 230
2111 151
2113 153
2114 158
2115 88
2116 177
2117 128
2118 125
2119 35
2121 222
2122 226
2123 188
2124 237
2125 80
2126 122
2127 145
2128 129
2129 145
2130 12
2131 0
2132 125
2133 95
2135 198
2136 61
2137 124
2138 64
2139 120
2140 240
2141 224
2142 53
2143 0
2144 39
2145 43
2147 4
2148 4
2149 206
2150 28
2151 97
2152 190
2153 125
2154 186
2155 207
2156 67
2157 58
2158 87
2159 111
2160 245
2161 161
2162 0
2163 41
2164 121
2167 190
2168 24
2170 234
2171 76
2172 122
2174 61
2175 183
2176 190
2177 5
2178 88
2181 124
2182 54
2183 158
2184 34
2185 54
2186 129
2187 42
2188 76
2189 67
2190 203
2191 5
2192 157
2193 217
2195 151
2196 38
2197 61
2198 243
2200 42
2201 180
2203 162
2204 225
2206 110
2208 72
2211 238
2213 6
2214 147
2215 58
2217 118
2219 207
2220 164
2221 166
2222 57
2226 155
2227 125
2229 197
2230 17
2232 224
2233 147
2234 24
2235 88
2236 119
2238 225
2239 116
2240 13
2241 206
2242 120
2243 50
2244 222
2245 222
2246 125
2247 109
2248 108
2249 44
2253 114
2254 44
2257 109
2258 29
2259 61
2260 83
2261 56
2262 129
2263 67
2264 13
2265 151
2266 51
2267 4
2268 110
2269 32
2270 158
2272 27
2274 13
2275 109
2277 177
2279 220
2280 82
2281 158
2282 198
2283 125
2284 120
2286 137
2287 51
2288 152
2289 151
2290 50
2292 190
2293 246
2294 15
2295 134
2296 106
2297 221
2299 119
2300 151
2301 50
2302 87
2303 120
2304 62
2305 121
2306 50
2307 90
2308 66
2309 177
2310 5
2311 14
2312 125
2313 92
2314 242
2315 4
2316 154
2317 25
2318 24
2319 167
2320 0
2321 218
2322 22
2323 224
2324 5
2325 24
2326 61
2327 94
2328 147
2329 169
2331 56
2332 185
2333 112
2334 158
2335 62
2336 111
2337 22
2338 10
2339 120
2340 226
2341 28
2342 90
2343 246
2344 197
2346 129
2347 73
2348 99
2349 136
2350 0
2351 94
2352 129
2353 220
2354 239
2355 5
2356 245
2357 162
2358 111
2359 158
2361 167
2362 245
2363 72
2364 198
2365 109
2366 62
2367 222
2369 7
2370 88
2371 184
2373 39
2374 73
2375 111
2376 124
2378 173
2379 222
2380 15
2381 153
2382 7
2384 223
2385 248
2386 41
2387 44
2388 79
2389 190
2390 190
2391 73
2392 162
2393 226
2394 177
2395 78
2396 245
2397 76
2398 244
2399 225
2401 184
2403 87
2404 219
2405 4
2406 183
2407 96
2409 158
2410 32
2412 222
2413 246
2414 184
2415 124
2416 24
2417 209
2418 104
2419 61
2420 207
2422 177
2425 158
2426 72
2427 86
2428 124
2430 10
2431 99
2432 94
2433 100
2434 207
2435 50
2436 58
2437 217
2438 173
2439 73
2440 61
2441 73
2442 92
2443 148
2444 63
2445 190
2446 239
2447 136
2448 92
2449 5
2450 44
2451 14
2452 143
2453 220
2454 9
2455 4
2456 157
2457 110
2458 38
2460 227
2461 69
2463 53
2464 28
2465 220
2466 27
2467 97
2468 72
2469 105
2470 43
2471 51
2472 67
2473 192
2474 198
2475 184
2476 153
2477 186
2478 226
2479 4
2480 15
2481 245
2482 131
2483 151
2484 184
2485 246
2486 187
2488 139
2490 246
2491 239
2492 221
2494 14
2495 20
2496 160
2497 54
2498 105
2500 15
2501 156
2503 59
2504 98
2505 99
2506 108
2507 249
2508 185
2509 12
2511 27
2512 98
2513 110
2514 15
2515 15
2516 61
2517 38
2518 31
2519 94
2520 244
2522 173
2523 206
2524 9
2525 50
2526 87
2527 111
2528 173
2529 106
2530 54
2531 129
2533 57
2534 79
2535 141
2536 177
2537 184
2538 218
2540 56
2542 125
2543 99
2544 50
2545 47
2546 12
2547 5
2548 204
2549 160
2550 124
2551 223
2552 160
2553 73
2555 50
2556 101
2557 224
2558 137
2559 21
2560 14
2561 213
2562 148
2563 184
2564 10
2566 81
2567 226
2568 232
2569 173
2570 226
2571 184
2572 223
2574 180
2576 88
2577 14
2578 83
2579 198
2580 120
2582 215
2584 50
2585 35
2586 82
2587 155
2588 97
2589 124
2590 99
2591 54
2592 246
2593 143
2594 28
2596 206
2597 50
2598 210
2599 190
2600 226
2602 98
2603 109
2604 111
2605 54
2606 121
2607 121
2608 167
2609 244
2610 33
2612 166
2613 211
2614 236
2615 10
2616 151
2617 4
2618 136
2619 128
2620 72
2621 125
2622 7
2623 13
2624 10
2625 109
2626 116
2627 52
2629 107
2630 0
2631 110
2632 180
2633 231
2634 201
2635 193
2636 39
2637 153
2641 153
2642 240
2644 75
2645 21
2647 153
2648 217
2649 151
2650 92
2651 140
2652 212
2653 198
2654 33
2655 97
2656 140
2657 120
2658 62
2660 51
2661 61
2664 226
2665 165
2666 128
2667 125
2668 140
2669 41
2670 14
2671 32
2672 98
2673 45
2674 201
2675 67
2676 128
2677 73
2678 15
2679 41
2680 173
2681 124
2682 111
2683 172
2684 24
2685 43
2686 37
2687 22
2688 184
2689 4
2690 234
2691 51
2692 73
2694 139
2695 125
2696 17
2697 15
2698 237
2699 184
2700 158
2701 121
2702 245
2703 73
2705 130
2706 92
2709 132
2710 145
2711 124
2712 223
2713 5
2714 67
2716 206
2717 223
2718 14
2720 158
2721 237
2722 234
2723 126
2726 244
2727 190
2728 190
2729 126
2730 92
2731 147
2732 151
2733 121
2735 96
2737 198
2738 100
2739 13
2741 80
2742 206
2743 2
2744 54
2745 173
2747 158
2748 137
2749 44
2750 129
2751 153
2752 73
2753 151
2754 16
2756 184
2757 41
2758 12
2759 233
2760 67
2761 61
2762 26
2763 15
2764 62
2765 38
2766 24
2767 57
2768 72
2770 114
2773 94
2774 67
2776 43
2777 42
2778 51
2779 35
2780 37
2781 67
2782 218
2784 27
2785 223
2786 69
2787 78
2788 69
2789 51
2790 99
2791 242
2792 181
2793 0
2794 246
2795 129
2796 73
2797 29
2798 27
2799 0
2800 15
2801 193
2802 4
2804 7
2805 229
2806 105
2807 26
2808 7
2809 172
2811 15
2812 133
2814 226
2815 51
2816 206
2817 88
2818 237
2820 43
2822 217
2823 29
2824 0
2825 129
2826 220
2827 99
2828 190
2829 197
2830 166
2831 61
2832 217
2834 121
2835 22
2836 145
2837 228
2838 177
2839 15
2841 0
2842 158
2843 174
2844 226
2845 151
2846 205
2847 177
2848 0
2849 101
2851 15
2852 190
2853 111
2854 7
2855 223
2856 120
2857 217
2858 124
2859 62
2861 26
2862 212
2863 67
2864 184
2866 225
2867 198
2868 244
2869 109
2870 198
2871 192
2873 87
2874 54
2875 37
2876 27
2877 217
2878 0
2879 22
2880 190
2881 62
2883 214
2884 109
2885 51
2886 243
2887 24
2888 70
2891 22
2892 51
2893 223
2894 67
2895 13
2896 51
2897 226
2898 108
2899 206
2900 46
2901 67
2903 206
2904 7
2905 244
2906 185
2907 240
2909 73
2910 29
2911 240
2912 104
2913 35
2914 151
2915 110
2917 158
2919 7
2920 245
2921 167
2922 109
2923 172
2924 37
2925 173
2926 198
2927 5
2928 12
2929 214
2930 134
2931 50
2932 35
2934 184
2935 24
2936 220
2937 43
2938 221
2940 22
2941 245
2942 220
2943 90
2945 109
2946 81
2947 27
2948 14
2949 4
2950 137
2951 137
2952 198
2953 141
2954 24
2955 13
2956 75
2957 72
2958 105
2960 129
2961 227
2962 198
2963 137
2964 80
2965 5
2966 24
2967 24
2968 12
2969 190
2970 28
2971 14
2972 36
2973 137
2974 168
2975 173
2976 13
2977 81
2978 209
2979 186
2980 139
2982 205
2983 207
2984 193
2986 223
2987 227
2988 4
2989 120
2990 41
2991 45
2992 147
2994 39
2995 119
2996 29
2997 158
3000 27
3001 153
3002 55
3003 128
3004 151
3006 177
3007 169
3008 217
3009 206
3011 212
3012 28
3013 80
3014 249
3015 73
3016 10
3017 111
3018 92
3020 130
3021 36
3022 82
3023 193
3024 145
3025 99
3026 12
3027 223
3028 99
3029 12
3031 184
3034 198
3035 139
3036 24
3037 73
3038 151
3039 109
3040 198
3041 62
3042 86
3043 42
3044 128
3045 28
3046 221
3047 42
3048 190
3049 151
3050 162
3052 183
3053 62
3054 161
3056 172
3057 88
3058 108
3059 157
3060 153
3061 180
3063 79
3064 206
3066 236
3067 184
3068 24
3069 27
3070 190
3071 61
3072 62
3074 201
3075 28
3076 24
3077 162
3078 107
3080 139
3081 219
3082 13
3083 17
3084 6
3085 10
3086 14
3087 237
3088 99
3089 123
3090 123
3091 224
3092 217
3093 156
3095 124
3096 222
3097 24
3098 119
3101 28
3102 83
3103 156
3104 107
3105 30
3106 80
3109 193
3110 51
3111 208
3112 135
3113 246
3115 204
3116 92
3117 237
3118 9
3119 204
3120 237
3121 222
3122 129
3123 12
3124 108
3126 137
3127 30
3130 184
3133 177
3134 90
3140 184
3141 36
3142 72
3143 226
3144 201
3145 21
3146 157
3147 94
3150 124
3151 119
3152 217
3153 156
3154 122
3155 14
3156 4
3158 246
3159 240
3160 240
3162 123
3163 222
3165 226
3166 99
3167 214
3168 120
3169 173
3171 47
3173 112
3174 156
3176 52
3177 145
3178 24
3179 70
3180 173
3181 223
3182 81
3183 38
3184 121
3185 94
3186 225
3187 153
3188 159
3189 211
3191 191
3192 38
3194 116
3195 5
3196 99
3197 9
3198 25
3201 0
3202 126
3203 27
3204 61
3207 67
3208 147
3212 116
3213 47
3214 198
3216 44
3217 221
3218 41
3219 173
3220 73
3221 73
3222 51
3223 29
3224 151
3225 233
3226 185
3227 35
3230 230
3231 111
3232 73
3233 167
3234 8
3235 203
3236 51
3237 5
3240 28
3241 128
3243 227
3244 141
3245 162
3246 221
3247 93
3248 121
3250 29
3253 246
3254 72
3255 72
3256 121
3257 195
3258 119
3259 29
3260 240
3261 5
3262 99
3263 184
3264 221
3265 225
3266 12
3268 56
3269 73
3270 41
3271 5
3272 220
3273 97
3274 16
3275 13
3276 76
3277 70
3278 119
3279 52
3280 190
3281 200
3282 24
3283 248
3284 66
3285 249
3286 75
3287 116
3288 139
3289 2
3290 190
3291 240
3292 58
3293 183
3294 126
3295 100
3296 169
3297 222
3300 29
3301 132
3302 198
3304 27
3306 98
3307 109
3308 222
3309 125
3310 124
3312 46
3314 124
3315 226
3316 24
3317 24
3318 114
3321 198
3322 85
3325 44
3326 191
3327 173
3328 54
3329 168
3331 67
3332 240
3333 145
3335 222
3336 82
3337 85
3339 13
3340 44
3341 42
3342 206
3343 121
3345 149
3347 24
3348 141
3350 248
3351 11
3352 119
3353 54
3354 119
3355 206
3356 212
3357 64
3359 14
3360 124
3362 92
3363 220
3367 0
3368 162
3369 164
3370 173
3371 4
3373 164
3374 190
3375 50
3376 53
3377 170
3379 224
3380 62
3382 141
3383 151
3384 249
3385 52
3386 15
3387 123
3388 190
3389 164
3391 249
3392 94
3393 107
3394 0
3396 111
3397 51
3399 44
3400 42
3401 5
3402 73
3403 240
3404 78
3405 34
3406 206
3407 29
3409 246
3412 15
3413 5
3414 73
3415 190
3416 121
3417 215
3418 101
3420 156
3421 17
3422 42
3423 124
3424 158
3426 184
3427 240
3428 73
3430 198
3432 94
3433 172
3434 13
3435 119
3436 156
3439 129
3440 204
3442 111
3443 158
3444 51
3445 158
3447 153
3448 222
3449 224
3451 141
3452 11
3453 206
3454 246
3455 157
3456 249
3457 15
3458 137
3460 209
3461 109
3462 193
3463 111
3464 15
3465 29
3466 50
3467 107
3470 217
3471 201
3472 218
3473 5
3474 61
3475 62
3476 51
3477 99
3478 37
3481 47
3482 121
3485 198
3486 54
3487 248
3490 172
3491 12
3493 0
3494 36
3495 119
3496 67
3497 0
3499 112
3500 61
3501 92
3502 104
3503 106
3504 246
3506 12
3507 5
3509 177
3510 240
3511 190
3512 29
3513 221
3514 246
3515 226
3516 166
3517 220
3518 24
3519 184
3520 198
3521 246
3523 24
3525 25
3526 206
3527 198
3528 172
3529 51
3531 119
3532 120
3533 169
3534 246
3535 5
3536 97
3537 9
3538 244
3539 123
3540 188
3541 61
3543 228
3544 104
3545 151
3546 5
3548 225
3549 158
3550 137
3551 172
3552 5
3553 73
3554 41
3555 124
3556 67
3557 232
3558 219
3559 198
3560 97
3561 190
3562 47
3563 67
3564 72
3565 129
3566 0
3568 190
3569 170
3571 42
3572 5
3575 97
3579 92
3582 125
3583 122
3584 106
3586 90
3588 151
3590 166
3591 15
3592 151
3593 72
3594 224
3596 137
3598 7
3600 42
3602 28
3604 50
3605 73
3606 81
3610 39
3611 153
3612 5
3613 12
3615 176
3616 191
3617 17
3618 41
3622 246
3623 39
3624 0
3625 129
3626 168
3627 14
3630 117
3631 98
3633 67
3634 72
3635 9
3637 114
3638 56
3639 73
3640 246
3642 44
3643 67
3644 98
3645 61
3646 184
3647 226
3648 151
3649 32
3650 137
3651 24
3652 50
3653 129
3655 234
3656 95
3657 185
3658 184
3659 185
3660 90
3661 226
3662 108
3663 69
3664 228
3665 32
3667 245
3668 52
3669 228
3672 108
3673 0
3675 27
3677 111
3678 72
3679 98
3681 228
3683 190
3684 240
3685 223
3686 153
3688 162
3689 118
3690 43
3691 125
3693 205
3695 9
3696 233
3697 156
3698 42
3699 205
3700 177
3701 186
3702 76
3704 107
3705 84
3706 4
3707 99
3712 240
3713 164
3714 159
3715 226
3716 108
3717 15
3718 223
3719 146
3720 110
3721 27
3722 43
3725 190
3726 109
3727 225
3729 52
3730 47
3733 27
3735 42
3736 36
3737 128
3738 226
3739 224
3741 223
3743 147
3744 30
3745 24
3747 118
3748 69
3749 32
3750 108
3752 223
3753 129
3755 67
3756 129
3757 61
3759 198
3761 152
3762 44
3764 80
3765 55
3767 73
3768 98
3770 220
3771 36
3772 111
3774 121
3776 129
3778 139
3779 230
3781 0
3783 125
3785 190
3786 158
3787 167
3788 75
3790 95
3791 217
3793 5
3795 83
3797 198
3798 66
3799 37
3800 79
3801 39
3802 114
3803 50
3804 81
3805 156
3806 201
3807 111
3810 14
3812 51
3813 110
3814 106
3815 177
3816 239
3817 99
3818 14
3819 121
3820 16
3821 211
3822 24
3824 69
3825 98
3826 190
3828 145
3831 51
3832 32
3833 50
3834 44
3835 5
3836 156
3837 204
3838 61
3839 15
3841 206
3843 151
3844 29
3846 141
3848 28
3849 55
3850 139
3851 246
3852 220
3855 52
3856 145
3858 167
3859 145
3861 0
3863 246
3865 185
3866 28
3867 67
3868 119
3870 145
3871 177
3873 67
3874 20
3875 124
3876 29
3877 125
3878 240
3879 44
3881 190
3882 156
3883 116
3884 90
3886 237
3887 153
3888 2
3889 111
3891 124
3892 97
3893 129
3894 7
3896 101
3900 158
3901 15
3902 243
3904 190
3905 198
3907 137
3908 98
3909 0
3910 151
3912 129
3913 75
3914 190
3915 237
3916 211
3918 36
3919 97
3920 209
3921 31
3922 217
3924 108
3925 139
3926 204
3927 29
3928 75
3930 210
3931 15
3932 14
3933 246
3935 129
3936 13
3937 44
3939 240
3940 24
3941 44
3942 212
3943 13
3945 15
3946 201
3947 158
3949 190
3950 121
3951 36
3953 73
3954 133
3955 50
3957 67
3958 99
3959 50
3960 162
3961 14
3962 62
3964 4
3965 245
3966 67
3967 206
3968 20
3970 73
3971 214
3972 207
3973 67
3976 61
3978 125
3979 155
3980 123
3981 75
3982 147
3983 42
3985 14
3986 141
3987 236
3988 35
3989 246
3990 190
3991 220
3992 29
3994 36
3995 67
3996 72
3997 204
3998 24
3999 97
4000 5
4001 39
4002 73
4003 158
4004 67
4006 67
4009 206
4011 240
4012 183
4013 28
4014 218
4015 29
4016 196
4017 129
4018 123
4019 50
4020 15
4021 206
4022 200
4023 79
4024 58
4025 61
4026 5
4027 135
4028 166
4029 190
4030 106
4031 72
4032 7
4033 14
4034 15
4035 197
4037 217
4038 198
4039 14
4040 240
4043 206
4044 132
4045 177
4047 148
4048 240
4051 124
4052 168
4054 190
4055 88
4056 124
4057 244
4059 190
4060 33
4061 42
4063 94
4065 219
4066 13
4067 172
4068 125
4071 68
4072 184
4074 67
4076 240
4078 210
4080 151
4081 183
4082 151
4083 151
4085 51
4086 246
4087 110
4088 99
4090 12
4091 43
4092 151
4093 24
4094 164
4095 246
4096 239
4097 129
4100 101
4102 70
4103 5
4104 245
4105 110
4107 5
4110 4
4111 212
4112 158
4113 241
4114 151
4116 81
4117 98
4119 14
4121 180
4123 120
4124 152
4125 198
4126 29
4128 201
4129 125
4130 73
4132 248
4133 81
4135 10
4136 67
4137 13
4138 128
4139 42
4141 67
4143 232
4145 72
4147 108
4148 93
4149 29
4150 151
4151 223
4153 125
4154 72
4155 120
4158 121
4159 129
4160 198
4161 42
4162 16
4163 153
4165 162
4166 62
4167 205
4169 80
4171 14
4172 27
4173 245
4175 230
4176 69
4178 118
4179 98
4180 119
4181 44
4183 193
4185 119
4186 223
4187 158
4188 92
4190 10
4191 172
4192 151
4193 240
4194 244
4195 224
4196 0
4197 125
4198 22
4199 193
4200 152
4201 151
4202 61
4203 24
4204 67
4208 151
4209 190
4210 24
4211 97
4213 120
4214 12
4215 177
4216 217
4218 94
4219 208
4221 39
4223 67
4224 129
4226 124
4227 15
4229 206
4230 148
4231 9
4233 185
4234 130
4235 129
4237 11
4239 94
4240 124
4241 173
4242 147
4243 206
4244 24
4245 218
4246 245
4247 121
4248 184
4250 124
4251 67
4253 120
4254 185
4255 5
4256 164
4258 141
4260 122
4261 47
4262 176
4265 240
4268 224
4269 218
4271 201
4274 137
4275 39
4276 167
4277 112
4278 201
4279 37
4281 137
4282 15
4283 94
4284 0
4285 244
4286 207
4287 0
4288 108
4289 70
4290 245
4291 15
4292 129
4293 67
4294 22
4295 246
4296 44
4297 97
4298 116
4299 183
4301 195
4303 246
4304 98
4309 88
4310 137
4311 217
4312 170
4313 119
4315 158
4316 14
4317 29
4318 172
4321 27
4322 115
4323 61
4326 157
4327 245
4328 61
4329 158
4330 128
4331 163
4332 137
4333 54
4334 158
4335 99
4336 46
4337 101
4338 94
4339 24
4340 54
4341 242
4342 201
4343 139
4344 75
4345 177
4349 141
4350 4
4351 51
4355 67
4356 78
4357 141
4360 68
4361 109
4362 153
4364 221
4365 41
4366 56
4367 184
4368 125
4370 129
4372 24
4373 158
4374 51
4377 3
4379 206
4380 156
4381 185
4382 71
4383 240
4385 153
4386 75
4387 50
4388 4
4389 15
4390 121
4391 173
4392 122
4393 206
4395 69
4396 95
4397 199
4398 50
4399 240
4400 151
4402 14
4405 217
4406 240
4407 190
4409 0
4410 68
4411 89
4412 240
4413 32
4415 180
4416 94
4417 165
4418 152
4419 128
4420 114
4421 220
4422 13
4424 15
4425 137
4428 145
4429 240
4430 180
4434 177
4435 51
4436 228
4437 240
4438 72
4439 39
4440 224
4442 46
4443 208
4445 223
4446 66
4448 198
4449 234
4451 151
4453 94
4454 248
4455 50
4457 130
4459 246
4461 98
4462 109
4463 42
4465 226
4466 32
4467 114
4468 246
4470 67
4471 99
4472 42
4473 184
4475 198
4476 98
4477 97
4478 206
4479 240
4480 124
4481 17
4483 13
4485 172
4487 151
4488 24
4489 224
4492 129
4493 14
4494 147
4495 246
4497 94
4499 158
4502 214
4503 108
4506 204
4507 73
4508 121
4509 151
4510 112
4511 73
4512 56
4513 14
4514 56
4515 116
4516 240
4517 212
4518 184
4519 183
4520 83
4521 67
4522 198
4523 94
4525 151
4526 219
4527 133
4528 225
4531 163
4532 41
4534 141
4536 125
4537 186
4538 240
4539 185
4540 83
4542 41
4543 240
4544 15
4546 137
4547 141
4548 164
4549 163
4551 13
4552 246
4556 72
4557 183
4558 67
4560 158
4561 219
4562 141
4563 15
4564 220
4565 133
4566 240
4567 124
4568 54
4569 51
4570 67
4571 153
4573 41
4574 190
4575 99
4579 151
4580 61
4582 29
4583 153
4584 198
4585 99
4586 27
4587 72
4588 198
4589 238
4590 226
4591 145
4592 223
4593 29
4595 226
4596 246
4597 172
4598 248
4600 42
4601 42
4602 111
4603 220
4604 87
4605 27
4606 42
4608 190
4609 147
4610 153
4611 198
4612 171
4613 197
4614 198
4616 109
4618 198
4620 121
4623 42
4624 221
4625 106
4626 225
4628 226
4630 147
4631 132
4632 137
4633 124
4635 242
4636 223
4637 223
4639 129
4640 197
4642 183
4643 223
4644 48
4645 62
4647 232
4649 24
4651 151
4652 184
4653 42
4654 145
4655 92
4656 195
4657 54
4658 125
4659 50
4661 5
4662 32
4665 151
4667 67
4669 5
4670 97
4671 44
4672 42
4674 67
4675 97
4677 245
4678 72
4680 109
4681 110
4682 173
4683 223
4684 72
4687 120
4690 71
4691 180
4692 137
4695 111
4696 82
4697 166
4698 44
4700 54
4701 198
4702 10
4704 0
4705 240
4708 42
4710 13
4711 111
4714 162
4715 206
4716 222
4717 42
4718 111
4719 129
4722 224
4723 183
4724 141
4725 221
4726 42
4727 190
4728 44
4729 222
4731 156
4732 29
4733 97
4734 76
4735 145
4736 110
4739 30
4740 61
4741 246
4742 50
4743 153
4744 139
4747 72
4748 225
4749 221
4751 211
4752 24
4753 105
4754 67
4755 220
4756 201
4757 15
4758 44
4759 223
4762 125
4764 233
4765 224
4766 224
4768 42
4770 198
4771 165
4772 111
4773 27
4774 27
4775 206
4777 67
4778 183
4779 67
4780 181
4781 128
4782 52
4783 220
4784 0
4785 73
4787 51
4788 44
4789 242
4790 225
4791 137
4792 190
4793 121
4794 223
4795 167
4798 245
4799 172
4800 78
4802 24
4804 176
4805 226
4806 29
4807 0
4808 125
4809 198
4811 32
4814 41
4815 141
4818 90
4820 190
4821 61
4822 172
4824 224
4828 5
4829 28
4830 111
4831 173
4833 185
4834 15
4835 44
4836 0
4837 92
4838 27
4839 108
4840 27
4841 4
4842 50
4843 51
4844 54
4846 61
4848 7
4850 210
4851 118
4852 14
4853 240
4854 73
4855 182
4856 233
4857 223
4858 116
4860 172
4861 246
4862 137
4863 92
4865 42
4866 158
4868 61
4869 90
4870 141
4871 137
4872 120
4874 134
4875 28
4878 207
4879 97
4881 190
4882 118
4884 240
4886 201
4887 0
4888 67
4889 126
4890 206
4891 198
4892 42
4894 73
4896 136
4897 13
4898 128
4900 190
4901 147
4902 61
4904 198
4906 158
4908 151
4909 99
4910 156
4911 180
4912 133
4913 43
4916 15
4917 24
4918 206
4920 223
4921 42
4922 70
4923 124
4924 158
4925 156
4926 15
4927 110
4929 246
4930 42
4931 14
4932 161
4933 92
4934 158
4935 156
4937 27
4938 204
4941 76
4943 27
4944 240
4945 238
4946 124
4947 158
4951 217
4952 222
4953 230
4954 29
4955 145
4956 67
4957 94
4959 237
4962 173
4963 14
4966 49
4968 5
4969 67
4970 158
4971 66
4972 150
4974 212
4975 29
4976 158
4979 206
4982 111
4985 121
4986 111
4987 223
4988 92
4989 206
4991 235
4992 111
4993 42
4994 37
4995 107
4997 92
4998 158
4999 217
