0 208
1 49
2 239
3 207
5 236
6 41
7 4
8 41
9 63
10 220
11 199
12 28
13 61
14 171
15 99
16 136
17 136
18 100
20 61
21 81
22 75
23 216
24 7
25 178
26 187
27 226
28 143
29 79
30 72
31 100
32 227
33 236
34 229
35 146
36 120
37 26
38 218
39 42
40 241
42 105
43 79
44 134
45 193
46 107
47 234
48 32
49 55
50 248
51 219
52 12
53 35
54 193
55 49
56 170
57 160
58 112
59 1
60 167
62 123
63 90
64 207
65 223
66 133
67 167
68 76
69 22
70 242
71 201
72 94
73 12
75 249
76 61
77 154
78 63
79 228
80 32
81 29
83 71
84 88
85 8
86 112
87 45
88 209
90 100
91 141
92 28
93 149
94 209
95 60
96 45
97 42
98 140
99 227
101 220
102 210
103 100
104 58
105 1
106 209
107 216
108 109
109 49
110 239
112 223
114 190
115 52
116 165
117 29
119 193
120 67
121 209
122 64
123 241
124 130
125 19
126 187
127 241
128 135
129 139
130 125
132 1
133 107
134 143
135 100
136 244
137 71
138 52
139 115
140 63
141 169
142 5
143 17
144 163
146 136
147 218
148 245
150 76
151 45
152 100
153 1
154 29
155 237
156 26
157 97
158 71
159 112
160 127
161 63
162 90
163 22
164 67
165 88
166 171
167 218
168 29
169 22
170 22
171 187
172 98
173 59
174 162
175 182
176 38
177 94
178 28
179 133
180 169
181 218
182 22
183 97
184 143
185 125
186 213
187 122
188 136
189 119
190 125
191 25
192 52
193 221
194 26
195 144
196 46
197 130
198 140
199 201
200 11
201 120
202 55
203 45
204 59
206 130
207 28
208 207
209 116
211 8
212 25
213 11
214 149
215 41
216 170
217 186
218 108
219 14
220 216
221 122
222 82
223 63
224 161
225 73
226 95
227 171
228 53
229 122
230 75
231 45
232 154
233 41
235 229
236 113
237 218
238 85
239 143
240 76
241 203
242 3
243 131
244 35
245 22
246 189
247 19
248 241
249 63
250 201
251 167
252 105
254 171
256 154
257 35
258 128
259 229
260 108
261 216
262 100
263 16
264 246
265 248
266 26
267 97
268 73
269 45
270 237
271 160
272 71
273 157
274 63
275 11
277 45
278 61
279 239
280 109
282 111
283 143
284 59
285 105
286 218
287 24
288 86
289 142
290 6
291 45
292 220
293 16
294 143
295 83
296 133
297 201
298 239
299 169
300 12
301 84
302 81
303 61
304 171
305 45
306 120
307 226
308 26
309 172
310 115
312 171
313 246
314 244
315 79
316 123
317 58
318 26
319 144
320 231
321 249
322 61
323 179
324 215
325 14
326 215
327 38
328 12
329 100
330 10
331 24
332 231
333 109
334 42
335 71
337 144
338 127
339 137
340 184
341 167
342 88
344 94
345 41
346 95
347 105
348 54
349 61
350 209
351 136
352 64
353 169
354 64
356 67
357 157
358 108
359 186
360 201
361 76
362 226
363 200
364 12
365 45
366 61
367 28
368 133
369 244
370 119
372 38
373 35
374 198
375 99
376 87
377 11
378 194
379 123
380 24
381 67
382 111
383 246
384 55
385 41
386 200
387 41
388 203
389 29
390 230
391 236
392 58
393 64
394 40
395 208
396 130
397 133
398 154
399 81
400 243
401 140
402 99
403 69
404 45
405 163
406 84
407 154
408 7
409 144
410 41
411 234
412 240
413 237
414 159
415 35
416 227
417 58
418 67
419 161
420 122
421 98
422 29
423 52
424 178
425 95
426 84
427 47
428 49
429 143
430 228
431 135
432 244
433 4
434 103
435 25
436 43
437 216
438 98
440 210
441 87
442 83
443 99
444 49
445 177
446 41
447 119
448 1
449 112
450 181
451 28
452 104
453 112
454 88
455 14
457 226
458 122
459 170
460 135
461 61
462 95
463 141
464 83
465 209
466 7
467 119
468 61
469 44
470 60
471 120
472 167
473 171
474 178
475 76
476 194
477 221
478 218
479 187
480 120
481 122
482 154
483 101
484 49
485 241
486 173
487 186
489 130
490 141
491 201
492 102
493 113
494 208
495 112
496 125
497 45
498 136
499 81
501 120
502 62
503 224
506 38
509 248
510 49
511 248
512 35
513 221
516 108
518 237
519 165
520 100
521 42
522 217
523 214
524 26
525 71
527 220
528 15
529 205
530 249
531 106
532 130
533 23
534 178
535 154
536 29
537 71
539 95
540 52
541 29
542 164
543 210
544 122
545 140
546 146
547 145
549 45
550 200
551 26
552 222
553 146
554 171
555 30
556 12
557 22
558 159
559 84
560 107
562 139
563 42
564 67
567 55
568 174
569 159
570 13
571 130
572 200
573 24
574 154
575 248
576 239
577 34
578 188
579 83
580 12
581 193
582 169
583 88
584 107
585 167
586 130
587 49
588 53
589 83
590 19
592 221
594 17
595 113
596 186
597 83
598 123
599 61
600 129
601 1
602 221
604 62
605 103
606 19
607 140
608 194
609 198
610 216
611 51
612 68
613 45
614 59
615 249
616 75
617 95
618 38
619 169
620 213
621 129
622 154
623 111
624 123
625 112
626 210
627 28
628 169
629 122
630 65
631 158
632 3
633 3
634 135
635 151
636 189
637 41
638 98
639 181
640 240
641 200
642 227
643 131
644 59
645 22
646 130
647 75
648 48
651 194
652 58
653 144
654 99
655 2
656 137
657 123
658 61
659 140
660 61
661 11
662 112
663 240
664 62
665 31
666 34
667 123
668 170
670 132
671 167
672 194
673 125
674 67
675 140
676 100
678 16
679 3
680 49
681 186
682 102
684 38
685 187
686 19
687 221
688 62
689 199
690 197
691 98
692 227
693 220
694 187
695 122
696 100
697 130
698 178
699 190
701 246
702 58
703 224
705 98
706 112
707 3
708 35
709 45
710 38
711 102
712 122
713 7
714 7
716 130
717 248
718 100
720 200
722 49
723 140
724 5
725 207
726 122
727 41
728 36
729 12
730 15
731 194
732 241
733 209
734 38
735 52
736 141
737 48
738 40
739 123
740 99
741 19
742 58
743 26
744 208
745 102
746 105
747 95
748 76
749 198
751 38
752 120
753 185
754 154
755 51
756 116
757 105
758 177
760 123
761 98
762 143
764 12
765 140
766 140
767 14
768 231
769 83
770 112
771 53
772 62
773 12
774 201
775 244
776 183
777 223
778 216
779 17
780 190
781 17
782 240
783 144
784 181
785 159
787 229
789 156
790 44
791 56
793 190
794 22
795 229
796 88
797 32
798 24
799 44
800 34
801 17
802 156
803 28
804 178
805 240
806 1
807 89
808 163
809 41
810 218
811 7
812 129
813 71
814 48
815 122
817 241
818 131
819 155
820 182
821 52
822 93
823 44
824 201
826 222
827 39
828 80
829 155
830 19
831 209
832 108
833 227
834 97
835 32
836 200
837 65
838 146
840 162
841 169
843 28
846 80
847 7
848 8
849 56
850 100
852 8
853 28
855 247
856 44
857 112
858 223
859 168
860 14
861 178
862 120
863 27
864 100
865 30
866 163
867 43
868 93
869 29
871 163
872 49
873 167
874 133
875 200
876 73
877 19
878 48
879 99
881 215
882 83
883 4
884 3
885 55
888 178
889 223
890 35
891 201
892 63
893 141
894 8
895 239
896 215
897 159
898 130
899 53
900 19
901 71
902 93
903 32
904 6
905 207
906 110
907 123
909 68
910 221
911 187
912 67
913 193
914 205
915 216
916 240
917 10
918 86
919 76
920 154
921 169
922 84
923 41
924 152
925 147
926 247
927 119
928 79
929 119
930 189
931 38
932 11
933 244
934 141
936 7
938 98
939 44
940 96
941 27
942 57
943 27
944 119
946 138
947 38
948 239
949 209
950 168
951 22
953 86
954 39
955 159
956 86
957 26
958 193
959 94
960 67
961 181
962 108
963 27
964 200
965 56
967 79
968 169
969 193
970 167
971 129
972 79
973 165
974 34
975 229
977 189
978 144
979 38
980 167
981 198
982 61
983 65
984 75
985 130
987 42
988 27
989 66
990 196
991 122
992 143
993 100
994 2
995 52
996 97
998 182
999 133
1000 108
1001 130
1002 63
1003 194
1004 122
1005 71
1006 143
1009 113
1010 225
1011 42
1013 6
1014 117
1015 67
1016 178
1017 119
1019 150
1020 14
1021 48
1022 100
1023 7
1024 38
1025 9
1027 178
1028 159
1029 45
1030 25
1031 142
1032 147
1034 65
1035 65
1036 246
1037 20
1038 90
1040 218
1042 109
1044 79
1045 167
1046 236
1047 84
1048 11
1049 52
1050 127
1052 241
1053 61
1054 244
1055 133
1057 97
1058 59
1059 209
1060 65
1061 243
1062 208
1063 45
1064 119
1065 244
1066 25
1067 142
1068 133
1069 49
1070 234
1071 244
1072 244
1074 227
1075 14
1076 88
1077 28
1078 159
1079 167
1080 249
1081 182
1082 117
1083 171
1084 71
1085 100
1086 83
1087 58
1088 81
1089 97
1090 108
1091 102
1092 10
1093 83
1094 11
1095 143
1097 192
1098 219
1099 114
1100 51
1101 5
1103 196
1104 122
1105 109
1106 23
1107 97
1108 188
1110 8
1111 8
1112 226
1113 84
1114 246
1115 181
1116 191
1117 32
1118 1
1119 193
1120 123
1121 13
1122 209
1123 196
1124 234
1125 119
1126 204
1127 177
1128 79
1129 237
1130 209
1131 245
1133 144
1134 125
1135 201
1137 3
1139 200
1140 13
1141 231
1142 119
1143 38
1144 129
1145 167
1146 5
1147 79
1148 202
1149 46
1150 227
1151 241
1154 76
1155 63
1158 187
1159 181
1160 116
1162 201
1163 149
1165 111
1166 52
1167 55
1168 145
1169 99
1170 31
1171 141
1172 190
1173 143
1174 98
1177 38
1178 17
1179 12
1180 84
1181 216
1183 144
1184 173
1185 39
1186 207
1187 88
1188 237
1189 92
1190 182
1191 100
1192 199
1193 181
1194 16
1195 42
1196 181
1197 44
1198 154
1200 70
1201 44
1203 142
1205 144
1206 236
1207 131
1209 79
1210 123
1211 112
1212 186
1213 4
1214 178
1215 227
1216 119
1217 221
1218 174
1219 119
1220 224
1221 63
1222 159
1223 112
1225 16
1226 213
1227 17
1228 16
1229 63
1230 154
1232 167
1234 123
1235 7
1237 136
1238 182
1239 102
1240 112
1241 97
1242 187
1243 151
1245 133
1246 98
1247 199
1248 150
1249 111
1250 30
1251 42
1252 167
1253 152
1255 137
1256 200
1257 193
1258 197
1259 190
1260 96
1261 23
1262 98
1263 102
1265 95
1266 105
1267 99
1269 97
1270 29
1271 131
1272 77
1273 216
1274 45
1275 44
1277 237
1278 24
1279 237
1281 154
1283 201
1284 55
1285 96
1286 220
1289 107
1290 165
1291 195
1292 245
1293 98
1294 198
1295 133
1296 17
1297 204
1298 22
1299 102
1300 216
1302 64
1303 201
1305 141
1306 139
1307 153
1308 246
1310 200
1311 81
1313 223
1314 119
1315 94
1316 6
1319 183
1320 47
1321 169
1323 221
1324 144
1325 221
1326 28
1327 83
1328 139
1329 172
1330 222
1332 4
1333 67
1334 22
1335 61
1336 151
1337 48
1339 49
1340 42
1341 205
1343 53
1344 167
1345 22
1346 114
1347 62
1348 45
1349 61
1350 93
1351 29
1352 193
1354 123
1355 38
1357 245
1358 7
1359 98
1360 14
1361 167
1362 100
1363 24
1364 4
1365 32
1366 169
1367 94
1368 45
1369 233
1370 187
1372 63
1373 159
1374 133
1375 172
1376 45
1377 120
1378 125
1380 152
1381 127
1382 203
1384 41
1385 37
1387 148
1388 177
1389 98
1391 112
1392 160
1393 26
1394 198
1396 123
1397 201
1399 89
1400 10
1401 32
1402 59
1403 19
1404 48
1405 41
1406 27
1410 152
1411 144
1412 84
1413 102
1414 42
1415 39
1416 116
1417 120
1418 151
1419 30
1420 199
1421 141
1422 65
1423 194
1425 94
1426 11
1427 46
1429 144
1431 128
1432 22
1433 91
1434 221
1436 17
1438 35
1439 1
1440 208
1441 65
1442 86
1443 65
1444 35
1445 234
1446 65
1447 244
1448 193
1449 107
1450 42
1451 102
1452 56
1454 44
1455 41
1456 78
1457 125
1459 112
1460 147
1461 105
1462 176
1463 187
1464 236
1465 120
1466 129
1467 16
1468 173
1469 169
1470 87
1471 224
1472 98
1473 135
1474 223
1475 147
1476 65
1479 194
1480 119
1481 129
1482 49
1483 83
1484 227
1486 132
1487 173
1490 226
1491 208
1492 15
1493 196
1495 48
1496 7
1497 65
1498 125
1499 49
1500 178
1502 107
1503 30
1504 169
1506 93
1507 37
1508 85
1509 244
1510 45
1512 65
1514 83
1515 4
1517 22
1518 143
1520 27
1521 123
1522 100
1523 122
1524 193
1525 100
1526 192
1527 140
1528 112
1529 44
1530 246
1531 169
1532 83
1534 107
1535 100
1536 217
1537 123
1538 56
1540 187
1541 187
1542 48
1543 175
1544 196
1545 198
1546 84
1547 154
1549 234
1551 10
1552 178
1553 121
1554 131
1555 167
1556 227
1557 221
1558 38
1560 223
1563 231
1565 136
1566 15
1567 59
1568 185
1570 130
1572 130
1573 217
1574 119
1575 44
1576 62
1577 8
1579 240
1581 133
1582 62
1585 107
1586 83
1587 98
1588 174
1589 125
1590 98
1591 115
1593 119
1595 105
1599 224
1601 62
1602 15
1603 167
1604 231
1605 133
1607 122
1609 165
1610 62
1611 62
1613 205
1614 59
1615 244
1616 108
1617 35
1618 48
1619 159
1621 130
1623 33
1625 25
1626 84
1628 112
1629 200
1630 106
1631 122
1632 23
1633 67
1635 225
1636 119
1637 62
1639 201
1640 248
1643 15
1644 26
1645 99
1646 159
1648 172
1650 122
1651 205
1652 70
1653 23
1654 74
1655 174
1656 175
1657 215
1658 56
1659 4
1660 24
1661 22
1662 38
1663 176
1664 92
1665 140
1666 40
1667 172
1668 172
1669 130
1670 27
1671 41
1674 123
1676 201
1677 210
1678 162
1679 41
1681 122
1682 172
1684 107
1685 237
1686 155
1687 192
1688 8
1689 133
1691 10
1692 159
1694 80
1695 24
1696 214
1697 171
1698 240
1699 99
1701 107
1702 215
1703 172
1704 201
1705 181
1706 170
1707 23
1708 28
1709 67
1712 65
1713 227
1715 24
1716 65
1718 201
1719 28
1720 52
1721 70
1722 167
1723 79
1724 24
1725 106
1726 98
1727 52
1728 13
1730 209
1732 214
1733 81
1734 178
1735 130
1736 108
1737 217
1738 65
1739 140
1740 142
1741 142
1742 4
1743 91
1747 237
1748 56
1749 122
1750 128
1751 83
1752 112
1753 25
1754 24
1755 16
1756 15
1757 145
1758 188
1759 62
1761 227
1764 94
1765 62
1766 227
1767 63
1768 133
1769 233
1771 121
1772 240
1774 98
1775 45
1776 136
1777 209
1778 247
1779 222
1780 220
1781 51
1782 199
1783 126
1784 29
1785 123
1786 35
1788 19
1789 5
1790 185
1791 197
1792 172
1793 89
1794 216
1795 209
1796 75
1797 163
1799 111
1801 122
1802 140
1804 45
1805 39
1806 167
1807 73
1808 77
1810 56
1811 174
1813 12
1815 235
1816 200
1817 209
1818 22
1819 106
1820 205
1821 169
1822 75
1824 11
1825 22
1826 207
1827 187
1829 200
1830 233
1831 136
1832 63
1833 210
1834 159
1837 140
1839 94
1840 57
1841 128
1842 14
1843 76
1845 105
1846 159
1847 19
1848 234
1849 178
1850 235
1851 92
1853 178
1854 248
1855 95
1857 170
1858 187
1860 29
1861 190
1863 181
1864 133
1865 99
1866 62
1867 35
1868 221
1869 163
1871 136
1873 119
1874 59
1875 97
1876 55
1877 190
1878 209
1879 206
1880 131
1881 67
1882 7
1883 17
1884 137
1885 144
1887 209
1889 167
1890 169
1891 248
1894 238
1895 169
1896 87
1897 87
1899 95
1900 87
1902 108
1904 245
1906 151
1907 200
1908 89
1909 170
1910 10
1911 4
1912 96
1913 233
1914 181
1915 108
1916 63
1917 61
1918 83
1919 17
1920 231
1921 87
1923 194
1924 41
1925 227
1926 244
1927 169
1928 130
1929 122
1931 122
1933 128
1934 201
1935 174
1936 227
1938 140
1939 169
1940 239
1941 89
1942 221
1943 62
1944 122
1947 130
1948 52
1949 17
1950 171
1952 45
1953 9
1954 15
1955 10
1957 190
1959 53
1962 86
1964 190
1966 193
1967 102
1968 232
1969 65
1970 99
1971 128
1972 75
1973 146
1974 159
1976 209
1977 136
1978 116
1979 187
1980 99
1982 96
1983 136
1985 214
1986 41
1987 15
1991 106
1992 41
1993 112
1994 218
1995 218
1997 94
1998 55
2000 99
2001 244
2003 221
2006 94
2008 194
2009 51
2010 234
2011 22
2012 142
2013 150
2014 24
2016 181
2018 119
2019 153
2020 99
2021 100
2022 218
2024 142
2025 228
2026 11
2027 248
2028 6
2029 221
2031 214
2032 144
2033 140
2034 33
2035 111
2036 240
2037 142
2038 211
2039 73
2040 112
2041 111
2042 174
2043 79
2044 40
2045 53
2046 116
2047 125
2049 154
2050 133
2051 194
2053 55
2054 16
2055 41
2056 144
2057 52
2058 95
2059 107
2061 159
2062 130
2063 184
2065 107
2067 152
2068 79
2069 8
2070 199
2071 209
2072 239
2073 88
2075 79
2076 159
2077 130
2079 26
2080 156
2081 198
2082 122
2083 240
2084 240
2085 141
2086 42
2088 74
2089 144
2091 16
2092 150
2093 1
2094 130
2096 216
2099 17
2100 105
2101 159
2104 25
2105 87
2107 61
2108 249
2109 62
2110 94
2111 79
2113 95
2115 130
2116 178
2117 59
2118 234
2119 142
2121 83
2122 144
2123 76
2124 19
2125 205
2126 40
2127 95
2128 138
2129 208
2130 239
2131 234
2132 24
2133 86
2135 64
2136 83
2137 156
2138 163
2139 61
2141 178
2142 104
2143 167
2144 95
2145 7
2147 97
2148 236
2150 154
2151 105
2152 100
2153 67
2154 46
2155 61
2156 201
2157 38
2158 170
2160 24
2161 124
2162 142
2163 6
2164 22
2167 32
2168 45
2170 7
2171 102
2172 215
2174 169
2175 181
2176 41
2177 181
2178 144
2181 178
2182 61
2183 144
2184 198
2185 55
2187 221
2188 29
2190 48
2191 83
2192 114
2196 58
2197 97
2198 104
2200 178
2201 237
2203 34
2204 178
2206 4
2211 91
2213 96
2214 214
2215 130
2217 76
2219 129
2220 212
2221 142
2222 6
2226 222
2227 159
2229 159
2230 48
2232 100
2233 15
2234 229
2235 1
2236 136
2238 130
2239 99
2240 169
2241 63
2242 129
2243 44
2244 120
2245 208
2246 123
2247 178
2248 167
2249 8
2253 61
2254 42
2257 22
2259 234
2260 193
2261 51
2263 178
2265 83
2266 226
2267 215
2268 236
2269 56
2270 216
2272 15
2274 106
2275 25
2277 234
2279 142
2280 219
2281 131
2282 83
2283 208
2284 13
2286 136
2287 122
2288 3
2289 142
2290 209
2292 49
2293 41
2294 62
2295 33
2296 173
2297 122
2299 190
2300 94
2301 223
2302 73
2303 97
2304 122
2305 123
2306 122
2307 38
2308 181
2309 106
2310 3
2311 196
2312 26
2313 190
2314 16
2315 192
2316 84
2317 199
2318 131
2319 216
2321 53
2322 205
2323 178
2324 240
2325 194
2326 24
2327 10
2328 86
2329 217
2331 59
2332 73
2333 192
2334 156
2335 45
2336 65
2337 181
2338 174
2339 97
2340 79
2341 97
2342 190
2343 159
2344 35
2346 49
2347 76
2348 87
2349 30
2350 49
2352 239
2353 49
2354 88
2355 178
2357 32
2358 16
2361 200
2363 196
2364 99
2365 49
2366 79
2367 35
2369 73
2370 161
2371 105
2373 123
2374 98
2375 3
2376 49
2378 169
2379 131
2380 38
2381 237
2382 79
2384 95
2385 56
2386 151
2387 41
2388 124
2389 94
2390 167
2391 178
2392 244
2393 220
2394 131
2395 41
2397 201
2398 99
2399 81
2401 98
2403 109
2404 38
2405 173
2406 50
2407 97
2410 193
2412 131
2413 105
2414 113
2415 123
2416 94
2417 31
2418 59
2420 34
2422 122
2425 63
2426 136
2427 20
2428 22
2430 221
2431 15
2432 212
2433 137
2434 85
2435 29
2436 51
2437 113
2438 28
2439 181
2440 22
2442 119
2443 14
2444 132
2445 113
2446 237
2447 124
2450 19
2451 98
2452 240
2453 181
2454 108
2455 56
2456 174
2457 221
2458 15
2460 234
2461 145
2463 179
2464 26
2465 3
2467 81
2468 89
2469 172
2470 167
2471 32
2472 41
2473 31
2474 216
2475 26
2476 186
2477 207
2478 244
2479 121
2482 242
2483 100
2484 97
2485 51
2486 80
2488 174
2490 41
2491 159
2492 98
2494 19
2495 31
2497 112
2498 19
2500 143
2501 113
2503 182
2504 217
2505 229
2506 63
2507 152
2508 140
2509 190
2512 83
2513 32
2514 201
2515 99
2516 64
2517 79
2518 31
2519 19
2520 88
2522 98
2524 245
2525 89
2526 231
2527 62
2528 25
2529 50
2531 41
2533 223
2534 104
2536 207
2537 26
2538 169
2540 217
2542 226
2543 62
2544 95
2545 213
2546 167
2547 28
2548 19
2549 212
2550 122
2551 22
2552 50
2553 32
2555 41
2556 137
2557 7
2558 201
2559 53
2560 144
2561 126
2562 186
2563 131
2564 102
2566 206
2567 76
2568 218
2569 239
2570 12
2571 35
2572 76
2574 29
2576 102
2577 119
2578 53
2580 141
2582 183
2584 98
2585 65
2586 231
2587 198
2589 239
2590 41
2591 119
2592 41
2593 76
2594 41
2596 144
2597 216
2598 88
2599 61
2600 236
2602 162
2603 235
2604 244
2605 61
2606 234
2607 11
2608 38
2609 144
2610 117
2612 193
2613 177
2614 5
2615 240
2616 102
2617 121
2618 37
2619 73
2621 28
2622 205
2623 81
2624 193
2625 8
2626 81
2627 189
2629 19
2630 130
2631 119
2632 94
2633 71
2634 19
2635 6
2636 107
2637 52
2641 190
2642 122
2644 17
2645 206
2647 7
2648 73
2649 100
2650 45
2651 175
2652 223
2653 187
2654 227
2655 122
2656 8
2657 114
2658 201
2660 239
2661 156
2664 130
2665 217
2666 214
2667 1
2668 35
2669 10
2670 128
2671 56
2672 125
2673 40
2675 117
2676 50
2677 8
2678 42
2679 208
2680 79
2681 187
2682 227
2683 169
2684 64
2685 112
2686 89
2688 61
2689 66
2690 63
2691 123
2692 53
2694 248
2695 94
2696 182
2697 216
2698 205
2699 95
2701 89
2702 113
2703 28
2705 193
2706 236
2709 123
2710 26
2711 12
2712 8
2713 56
2714 113
2716 11
2717 119
2718 32
2721 108
2722 107
2723 198
2726 159
2727 24
2728 8
2729 1
2730 62
2731 3
2732 235
2733 25
2735 75
2738 123
2739 249
2741 61
2742 32
2743 55
2744 187
2745 61
2747 72
2748 44
2749 143
2751 72
2752 169
2754 107
2756 28
2757 146
2758 167
2759 144
2760 178
2761 239
2762 217
2763 154
2764 113
2765 237
2766 239
2767 35
2768 172
2770 209
2776 244
2777 175
2778 159
2779 52
2780 126
2781 72
2785 1
2786 149
2787 123
2788 222
2789 156
2790 111
2791 53
2792 146
2793 178
2794 41
2795 49
2797 154
2799 8
2800 136
2801 70
2802 121
2804 159
2805 31
2806 71
2807 236
2808 171
2809 194
2811 178
2812 231
2814 1
2815 196
2816 43
2817 244
2818 16
2820 203
2822 27
2824 144
2825 83
2826 163
2827 95
2828 1
2829 62
2830 161
2832 89
2834 162
2835 27
2836 95
2837 245
2838 161
2839 119
2841 223
2842 22
2843 57
2844 12
2845 154
2847 67
2848 123
2849 176
2851 24
2852 98
2853 172
2854 6
2855 122
2856 218
2857 174
2858 144
2859 221
2861 80
2864 200
2866 125
2867 8
2868 62
2869 100
2870 201
2871 104
2873 14
2874 26
2875 227
2877 181
2878 226
2880 112
2881 16
2883 96
2884 229
2885 133
2886 59
2887 201
2888 190
2891 12
2892 98
2893 95
2894 53
2895 81
2896 196
2898 98
2899 24
2900 179
2901 16
2903 41
2904 227
2905 16
2906 172
2907 99
2909 32
2910 98
2911 89
2912 178
2913 11
2914 216
2915 130
2917 156
2919 129
2920 223
2921 55
2922 11
2923 53
2924 126
2925 119
2926 63
2928 226
2929 31
2930 109
2931 95
2932 125
2934 100
2935 45
2936 167
2937 46
2938 15
2940 79
2941 181
2942 194
2943 8
2946 107
2947 244
2948 113
2949 6
2950 44
2951 47
2952 25
2955 45
2956 152
2957 3
2958 1
2960 73
2961 186
2962 209
2964 59
2965 119
2966 205
2967 169
2968 15
2969 216
2970 154
2971 11
2972 194
2973 122
2974 23
2975 98
2976 98
2977 214
2978 157
2979 140
2980 190
2982 212
2983 146
2984 152
2986 201
2987 194
2988 142
2989 35
2990 123
2991 68
2992 87
2994 172
2995 65
2996 32
2997 98
3001 58
3002 242
3003 32
3004 240
3006 143
3007 231
3008 26
3009 113
3011 24
3012 55
3013 7
3014 51
3016 15
3018 112
3020 112
3021 111
3022 233
3023 215
3024 244
3025 26
3026 181
3027 41
3028 27
3029 171
3031 122
3034 130
3035 63
3036 144
3038 187
3039 234
3040 119
3041 63
3042 145
3043 119
3044 212
3045 42
3046 17
3047 216
3048 208
3049 53
3050 87
3053 130
3054 149
3056 19
3057 248
3058 152
3059 84
3060 187
3061 204
3063 179
3064 95
3066 30
3067 240
3068 144
3069 229
3071 187
3072 159
3074 87
3075 61
3076 100
3077 32
3078 170
3080 97
3081 123
3082 178
3083 74
3084 231
3085 119
3086 8
3087 217
3088 15
3089 19
3090 231
3091 113
3093 172
3095 25
3096 24
3097 122
3098 61
3101 130
3102 244
3103 113
3104 172
3105 141
3106 29
3109 224
3110 19
3111 17
3112 166
3113 216
3115 214
3116 58
3117 108
3118 84
3119 79
3120 65
3121 144
3122 95
3123 193
3124 45
3126 122
3127 177
3130 8
3133 25
3134 205
3140 194
3141 200
3144 161
3145 189
3146 39
3147 43
3150 63
3151 15
3152 144
3154 65
3156 217
3158 143
3159 113
3162 121
3163 122
3165 239
3166 237
3167 6
3168 51
3169 138
3171 140
3173 223
3174 196
3176 245
3177 43
3179 10
3180 144
3181 201
3182 163
3183 159
3184 123
3185 111
3186 249
3187 178
3188 199
3189 249
3191 80
3192 249
3194 85
3195 16
3196 123
3197 96
3198 227
3201 144
3202 21
3204 240
3208 125
3212 239
3213 222
3214 216
3216 8
3217 167
3218 205
3219 44
3220 196
3221 3
3222 87
3224 8
3225 29
3226 217
3227 143
3230 22
3231 73
3233 208
3234 36
3235 74
3237 94
3240 123
3243 68
3245 141
3246 123
3247 190
3248 12
3250 196
3253 22
3254 221
3256 169
3257 184
3258 143
3259 24
3261 55
3262 41
3263 83
3264 45
3265 142
3266 81
3268 223
3269 83
3270 39
3271 136
3272 46
3273 49
3274 7
3275 224
3276 221
3277 207
3278 223
3279 245
3280 97
3281 66
3282 44
3283 48
3284 147
3285 181
3286 144
3287 85
3288 73
3289 194
3290 94
3291 22
3292 205
3293 89
3294 203
3295 165
3296 121
3297 209
3301 227
3302 216
3306 3
3307 154
3308 83
3309 221
3310 83
3312 96
3314 105
3315 200
3316 25
3317 119
3318 19
3322 217
3325 15
3326 114
3327 3
3328 131
3329 126
3333 196
3335 178
3336 176
3337 193
3339 172
3340 136
3342 240
3343 216
3345 180
3347 83
3350 163
3351 236
3352 38
3353 38
3354 56
3355 169
3356 84
3357 108
3359 100
3362 244
3363 76
3367 41
3368 109
3369 75
3370 181
3371 126
3373 76
3374 55
3375 105
3376 127
3377 35
3379 49
3380 193
3382 49
3383 24
3384 121
3385 59
3386 201
3387 111
3388 227
3389 163
3391 236
3392 169
3393 223
3394 98
3397 53
3399 51
3402 102
3403 100
3404 123
3405 174
3406 169
3407 154
3409 159
3412 42
3413 113
3414 249
3415 208
3416 106
3417 173
3418 172
3420 156
3421 84
3422 15
3423 128
3424 221
3426 12
3428 193
3430 201
3432 214
3433 10
3434 85
3435 62
3439 89
3440 41
3442 167
3443 52
3444 159
3445 1
3447 83
3448 131
3449 190
3451 159
3452 172
3453 188
3454 229
3455 173
3456 6
3457 209
3458 133
3460 80
3461 235
3462 111
3464 99
3465 176
3466 187
3467 181
3470 119
3471 142
3472 53
3473 196
3474 187
3475 53
3476 169
3477 209
3478 5
3481 116
3482 100
3485 239
3486 26
3487 112
3490 34
3491 130
3493 111
3494 102
3495 163
3496 83
3497 194
3499 89
3500 83
3501 178
3502 187
3503 192
3504 178
3506 249
3507 130
3509 64
3510 156
3511 201
3513 65
3514 94
3515 156
3516 51
3517 201
3518 161
3520 24
3521 201
3523 143
3525 199
3526 24
3527 208
3528 136
3529 236
3531 215
3532 119
3533 70
3534 187
3535 194
3536 244
3537 231
3538 3
3539 16
3540 218
3541 178
3543 129
3544 65
3545 154
3546 235
3548 205
3549 140
3550 125
3551 17
3552 113
3553 167
3554 181
3555 105
3556 235
3557 65
3558 133
3559 83
3561 105
3562 116
3565 113
3566 186
3568 41
3569 76
3571 181
3572 19
3575 64
3579 15
3582 208
3583 119
3584 223
3586 61
3588 154
3590 56
3591 120
3592 111
3593 138
3594 45
3596 17
3598 237
3600 15
3602 76
3604 239
3606 142
3610 102
3612 133
3613 53
3615 87
3616 173
3617 219
3618 10
3622 63
3623 105
3624 154
3625 178
3626 231
3627 24
3630 237
3633 123
3635 225
3637 185
3638 126
3639 125
3640 26
3642 244
3645 214
3646 83
3647 201
3648 41
3649 146
3650 239
3651 94
3653 113
3655 123
3656 74
3657 209
3658 28
3660 186
3661 216
3662 178
3663 168
3664 23
3665 203
3667 174
3668 189
3669 236
3672 87
3673 98
3675 41
3677 27
3679 121
3681 192
3683 62
3685 28
3686 143
3688 51
3689 26
3690 169
3691 154
3693 70
3695 37
3696 38
3697 79
3698 130
3699 66
3700 221
3701 142
3702 143
3704 108
3705 93
3706 19
3707 58
3713 34
3714 9
3715 122
3716 178
3717 22
3718 133
3719 96
3720 83
3721 64
3722 227
3725 159
3726 196
3727 79
3729 224
3730 51
3733 123
3735 42
3736 125
3737 3
3738 123
3739 244
3741 99
3743 114
3744 210
3745 123
3747 159
3748 23
3749 136
3750 10
3752 200
3753 32
3755 136
3756 32
3757 136
3759 100
3761 196
3762 143
3764 246
3765 242
3767 244
3770 56
3771 241
3778 174
3779 7
3781 102
3783 52
3785 45
3786 169
3787 133
3788 98
3790 96
3791 32
3795 218
3797 12
3798 164
3799 56
3800 173
3802 95
3803 7
3804 218
3806 214
3807 27
3810 24
3812 196
3813 131
3814 50
3815 207
3816 6
3817 216
3819 12
3820 141
3821 132
3822 169
3824 23
3825 95
3826 229
3828 193
3832 51
3833 112
3834 237
3835 89
3837 98
3838 24
3839 83
3841 194
3843 172
3844 24
3848 122
3849 145
3850 73
3851 119
3852 13
3855 81
3856 49
3858 53
3859 186
3861 98
3863 216
3865 113
3866 130
3867 94
3868 239
3870 24
3871 178
3874 127
3875 240
3876 178
3877 105
3878 24
3879 234
3881 181
3883 169
3884 12
3886 248
3887 216
3888 28
3889 130
3891 216
3892 49
3894 136
3896 141
3901 123
3902 34
3904 49
3905 239
3907 167
3908 236
3909 45
3910 240
3912 248
3913 24
3914 141
3915 111
3916 237
3918 62
3919 102
3920 82
3921 36
3922 89
3924 194
3925 88
3926 111
3927 95
3928 32
3930 65
3931 45
3932 89
3935 113
3936 123
3937 187
3941 122
3942 13
3943 146
3945 49
3946 19
3947 229
3949 41
3950 100
3951 131
3954 225
3957 119
3958 26
3959 32
3960 13
3961 15
3962 244
3964 19
3965 244
3968 34
3971 6
3972 141
3976 98
3978 44
3979 40
3980 224
3981 212
3982 51
3983 130
3985 190
3986 49
3987 31
3988 209
3989 229
3990 22
3991 53
3994 207
3997 61
3998 154
3999 226
4000 105
4001 15
4002 42
4003 209
4004 136
4006 8
4011 25
4012 163
4013 42
4014 249
4016 93
4018 142
4019 175
4020 45
4021 11
4022 185
4023 177
4024 111
4026 87
4027 9
4028 56
4029 99
4030 152
4031 98
4032 223
4034 83
4035 56
4038 25
4039 144
4040 22
4043 35
4044 194
4045 24
4047 186
4051 62
4052 86
4054 19
4055 148
4056 24
4057 142
4059 49
4060 171
4063 24
4065 130
4066 178
4067 65
4068 123
4071 139
4072 122
4074 8
4076 25
4078 35
4080 63
4081 108
4082 178
4083 75
4085 133
4086 201
4087 99
4088 12
4090 201
4091 1
4092 41
4093 130
4094 34
4095 138
4096 200
4097 105
4100 207
4103 201
4104 53
4105 194
4107 12
4110 227
4111 27
4113 118
4114 22
4116 159
4117 32
4119 73
4121 190
4123 70
4124 236
4125 44
4126 112
4128 89
4129 67
4130 89
4132 51
4133 198
4135 12
4136 167
4137 94
4138 231
4143 215
4145 190
4147 185
4148 79
4149 167
4150 229
4153 190
4154 3
4155 210
4158 45
4159 32
4160 187
4161 27
4162 27
4163 120
4165 17
4166 49
4167 198
4169 172
4171 190
4173 32
4175 100
4176 34
4178 240
4179 175
4180 16
4181 136
4183 17
4185 107
4188 112
4190 244
4191 97
4192 62
4193 154
4194 4
4195 200
4196 22
4197 27
4198 89
4199 111
4200 133
4201 8
4202 131
4203 161
4208 201
4209 154
4210 208
4211 209
4213 55
4214 200
4215 67
4216 239
4218 41
4219 129
4221 239
4223 79
4224 98
4226 216
4227 7
4229 162
4230 165
4231 150
4233 142
4234 143
4235 94
4237 73
4239 237
4240 128
4241 194
4242 34
4243 130
4244 45
4245 122
4248 144
4250 144
4253 205
4255 7
4256 114
4258 63
4260 169
4261 116
4262 113
4265 144
4268 100
4269 107
4274 167
4275 221
4276 248
4277 126
4279 189
4281 42
4282 128
4283 142
4284 8
4285 200
4286 189
4287 4
4288 209
4289 146
4291 44
4292 138
4294 53
4295 144
4296 22
4297 83
4298 244
4299 113
4301 219
4303 98
4304 89
4309 3
4310 61
4311 113
4312 119
4313 163
4316 32
4317 44
4318 244
4321 100
4322 120
4323 205
4326 48
4327 102
4329 201
4330 214
4331 174
4332 154
4335 15
4336 232
4337 70
4339 162
4340 41
4341 112
4342 122
4343 79
4344 59
4345 87
4350 173
4351 239
4355 45
4356 193
4360 129
4361 51
4362 111
4364 130
4365 56
4366 126
4367 248
4368 244
4370 131
4372 216
4374 29
4377 23
4379 76
4380 100
4382 183
4383 144
4385 193
4386 62
4387 87
4388 121
4389 63
4390 44
4391 87
4392 142
4393 224
4395 6
4396 176
4397 127
4400 144
4402 27
4405 3
4407 200
4409 4
4410 111
4411 14
4413 239
4415 39
4417 13
4418 89
4419 87
4420 1
4421 79
4422 226
4424 52
4425 41
4428 53
4429 44
4430 130
4434 193
4435 53
4436 228
4437 102
4438 159
4439 181
4440 94
4442 127
4443 237
4445 130
4446 97
4448 25
4449 62
4451 123
4453 187
4454 236
4455 169
4457 193
4459 35
4463 169
4465 201
4466 175
4467 38
4468 10
4471 201
4472 15
4473 76
4475 209
4477 27
4478 24
4479 100
4480 63
4481 139
4483 239
4485 48
4487 130
4488 128
4489 63
4492 32
4494 163
4495 63
4497 53
4499 143
4502 179
4503 169
4506 116
4507 167
4508 22
4509 144
4510 152
4511 244
4512 163
4514 108
4515 112
4518 119
4519 56
4520 17
4521 87
4522 49
4525 41
4526 73
4527 30
4528 125
4531 174
4532 159
4536 160
4537 52
4539 98
4540 248
4542 181
4544 240
4546 70
4548 114
4549 182
4551 146
4552 187
4558 41
4561 217
4562 244
4565 149
4566 156
4567 239
4568 200
4569 159
4571 73
4573 224
4574 209
4575 44
4579 11
4580 45
4582 122
4583 83
4584 58
4585 172
4587 122
4588 178
4589 82
4590 10
4591 144
4592 26
4595 136
4596 42
4597 172
4598 217
4600 16
4601 236
4603 198
4604 141
4605 167
4606 24
4608 236
4609 181
4610 41
4611 154
4612 147
4613 193
4616 216
4618 12
4624 167
4625 212
4626 89
4628 112
4630 126
4631 42
4632 163
4633 83
4635 55
4636 249
4639 98
4640 81
4642 0
4643 65
4644 40
4645 209
4647 189
4649 102
4652 141
4653 196
4655 169
4656 5
4657 111
4658 240
4659 154
4661 16
4662 141
4665 45
4669 22
4670 22
4671 240
4672 87
4674 113
4675 216
4677 16
4680 100
4681 23
4682 209
4683 237
4684 83
4687 65
4690 107
4691 41
4692 22
4695 138
4696 145
4697 224
4698 178
4700 169
4701 49
4702 181
4704 112
4705 73
4708 32
4710 62
4711 136
4714 159
4715 209
4716 130
4717 76
4718 113
4722 42
4723 126
4725 59
4726 119
4727 25
4728 83
4729 100
4731 32
4732 35
4733 64
4734 7
4735 240
4736 89
4739 237
4740 27
4742 136
4743 209
4744 223
4747 226
4748 32
4749 201
4751 129
4752 44
4753 79
4755 224
4756 113
4757 201
4758 136
4762 12
4764 38
4765 67
4766 100
4768 187
4771 199
4773 24
4775 226
4777 83
4778 1
4780 151
4781 181
4782 51
4785 116
4787 119
4788 227
4789 239
4790 28
4791 44
4792 178
4793 221
4794 196
4795 122
4799 79
4800 143
4802 119
4804 71
4805 44
4808 133
4811 108
4814 17
4815 32
4818 8
4820 41
4821 64
4822 227
4824 26
4828 8
4829 49
4830 193
4831 196
4833 76
4834 131
4835 140
4836 234
4837 227
4839 187
4840 41
4841 111
4842 35
4843 61
4844 35
4846 156
4848 196
4850 193
4851 95
4852 15
4853 99
4854 163
4855 149
4856 49
4857 16
4858 64
4860 84
4861 49
4862 122
4863 68
4865 178
4868 175
4869 8
4870 234
4871 12
4872 144
4874 129
4875 38
4878 70
4879 106
4881 237
4882 28
4884 113
4886 244
4887 24
4889 48
4890 231
4892 167
4896 75
4897 89
4898 89
4900 22
4901 169
4902 27
4906 8
4908 201
4909 19
4911 141
4912 182
4913 220
4916 201
4917 229
4918 200
4920 8
4921 3
4922 75
4923 201
4926 113
4927 198
4929 216
4930 169
4931 227
4932 31
4933 119
4934 240
4937 162
4938 248
4941 16
4943 162
4944 12
4945 135
4946 12
4947 229
4951 130
4952 10
4953 120
4955 73
4956 226
4957 89
4959 236
4962 12
4966 18
4968 94
4970 27
4971 95
4972 109
4974 196
4976 162
4979 167
4982 140
4985 4
4986 87
4987 167
4988 240
4989 122
4991 15
4992 28
4994 56
4995 140
4997 244
4998 83
4999 144
