0 38
1 197
2 71
3 214
5 29
6 179
7 183
8 22
9 197
10 65
11 45
12 65
13 18
14 173
15 160
16 187
17 107
18 19
20 33
21 116
22 234
23 214
24 112
25 215
26 214
27 209
28 187
29 6
30 55
31 69
32 192
33 16
34 203
35 91
36 162
37 17
38 139
39 99
40 57
42 84
43 107
44 7
45 163
46 3
47 107
48 224
49 18
50 72
51 231
52 197
53 114
54 236
55 158
56 82
57 68
58 33
59 162
60 130
62 57
63 226
64 132
65 198
66 71
67 191
68 162
69 154
70 13
71 92
72 156
73 158
75 116
76 38
77 22
78 120
79 178
80 205
81 121
83 211
84 146
85 57
86 247
87 40
88 38
90 180
91 125
92 98
93 204
94 111
95 216
96 109
97 36
98 125
99 49
101 111
102 45
103 212
104 173
105 144
106 141
107 150
108 235
109 53
110 27
112 210
114 94
115 130
116 234
117 173
119 225
120 158
121 157
122 21
123 175
124 157
125 223
126 147
127 60
128 201
129 140
130 214
132 130
133 191
134 175
135 92
136 125
137 204
138 60
139 237
140 27
141 132
142 31
143 151
144 95
146 149
147 54
148 129
150 142
151 32
152 179
153 162
154 15
155 190
156 248
157 57
158 82
159 38
160 88
161 27
162 185
163 116
164 161
165 138
166 225
167 94
168 142
169 212
170 132
171 150
172 220
173 190
174 154
175 159
176 191
177 197
178 27
179 36
180 214
181 8
182 212
183 33
184 130
185 152
186 193
187 166
188 160
189 209
190 132
191 203
192 157
193 107
194 120
195 166
196 146
197 33
198 6
199 133
200 32
201 111
202 200
203 86
204 72
206 57
207 37
208 132
209 30
211 248
212 51
213 156
214 245
215 113
216 64
217 162
218 168
219 146
220 150
221 171
222 135
223 187
224 170
225 167
226 15
227 18
228 181
229 86
230 152
231 2
232 161
233 197
235 154
236 234
237 112
238 170
239 187
240 15
241 117
242 108
243 69
244 162
245 5
246 223
247 166
248 120
249 22
250 120
251 181
252 222
254 191
256 147
257 173
258 203
259 21
260 134
261 84
262 179
263 209
264 221
265 138
266 113
267 10
268 18
269 120
270 94
271 142
272 142
273 28
274 219
275 197
277 158
278 99
279 27
280 138
282 26
283 109
284 97
285 212
286 190
287 116
288 144
289 116
290 16
291 171
292 65
293 38
294 187
295 116
296 38
297 2
298 27
299 166
300 69
301 79
302 20
303 228
304 37
305 197
306 18
307 209
308 156
309 151
310 236
312 37
313 130
314 232
315 209
316 149
317 8
318 196
319 90
320 163
321 152
322 130
323 136
324 210
325 135
326 210
327 75
328 158
329 85
330 63
331 234
332 151
333 31
334 50
335 23
337 243
338 88
339 50
340 174
341 78
342 23
344 156
345 47
346 18
347 147
348 184
349 99
350 57
351 196
352 21
353 234
354 238
356 69
357 242
358 46
359 82
360 92
361 173
362 128
363 225
364 47
365 2
366 36
367 111
368 30
369 26
370 209
372 65
373 114
374 98
375 2
376 220
377 22
378 71
379 99
380 92
381 158
382 181
383 24
384 49
385 92
386 49
387 132
388 156
389 68
390 199
391 15
392 225
393 51
394 153
395 156
396 157
397 99
398 85
399 9
400 164
401 125
402 248
403 4
404 53
405 191
406 72
407 85
408 82
409 43
410 86
411 215
412 2
413 74
414 93
415 173
416 101
417 8
418 117
419 203
420 197
421 166
422 168
423 141
424 113
425 3
426 146
427 164
428 2
429 126
430 201
431 102
432 191
433 43
434 159
435 21
436 122
437 84
438 113
440 31
441 113
442 85
443 109
444 22
445 26
446 22
447 95
448 162
449 98
450 73
451 144
452 201
453 103
454 23
455 135
457 209
458 177
459 202
460 240
461 99
462 165
463 125
464 212
465 78
466 168
467 221
468 228
469 126
470 216
471 65
472 101
473 125
474 2
475 8
476 117
477 187
478 68
479 147
480 65
481 179
482 47
483 172
484 92
485 109
486 66
487 68
489 247
490 207
491 39
492 94
493 92
494 50
495 27
496 90
497 161
498 10
499 43
501 68
502 38
503 194
506 103
509 25
510 161
511 204
512 232
513 160
516 134
518 8
519 156
520 5
521 219
522 77
523 237
524 171
525 142
527 18
528 16
529 224
530 243
531 51
532 3
533 25
534 58
535 161
536 94
537 41
539 194
540 215
541 83
542 109
543 76
544 53
545 18
546 233
547 140
549 197
550 139
551 80
552 137
553 129
554 144
555 207
556 197
557 85
558 171
559 138
560 95
562 102
563 57
564 53
567 37
568 46
569 128
570 15
571 157
572 221
573 19
574 116
575 204
576 10
577 200
578 169
579 47
580 40
581 245
582 214
583 83
584 26
585 130
586 141
587 158
588 6
589 116
590 43
592 246
594 245
595 132
596 8
597 9
598 30
599 38
600 163
601 157
602 126
604 161
605 31
606 133
607 18
608 152
609 95
610 150
611 126
612 211
613 158
614 0
615 117
616 174
617 125
618 65
619 22
620 144
621 94
622 85
623 98
624 10
625 10
626 79
627 144
628 92
629 133
630 76
631 35
632 196
633 220
634 153
635 129
636 100
637 180
638 86
639 169
640 105
641 18
642 101
643 53
644 235
645 243
646 247
647 20
648 190
651 86
652 112
653 90
654 197
655 102
656 141
657 120
658 33
659 98
660 247
661 9
662 157
663 128
664 198
665 140
666 114
667 196
668 81
670 126
671 157
672 86
673 243
674 69
675 125
676 5
678 10
679 1
680 161
681 94
682 54
684 167
685 147
686 220
687 50
688 99
689 165
690 174
691 113
692 139
693 111
694 9
695 198
696 47
697 111
698 120
699 68
701 130
702 131
703 101
705 227
706 37
707 224
708 151
709 152
710 3
711 79
712 32
713 23
714 168
716 247
717 68
718 59
720 139
722 47
723 208
724 140
725 43
726 219
727 180
728 242
729 161
730 228
731 243
732 24
733 130
734 49
735 103
736 228
737 237
738 102
739 50
740 2
741 53
742 24
743 248
744 246
745 54
746 203
747 49
748 173
749 36
751 111
752 18
753 81
754 22
755 244
756 10
757 5
758 88
760 128
761 53
762 60
764 171
765 114
766 83
767 41
768 163
769 212
770 247
771 221
772 10
773 126
774 166
775 157
776 193
777 177
778 9
779 173
780 225
781 194
782 244
783 223
784 198
785 126
787 123
789 214
790 156
791 92
793 83
794 179
795 55
796 72
797 219
798 20
799 93
800 42
801 76
802 96
803 27
804 93
805 160
806 139
807 20
808 16
809 179
810 68
811 225
812 76
813 155
814 139
815 224
817 219
818 59
819 70
820 25
821 103
822 104
823 17
824 40
826 126
827 25
828 110
829 242
830 92
831 105
832 186
833 101
834 30
835 244
836 213
837 18
838 43
840 238
841 152
843 103
846 240
847 112
848 130
849 220
850 117
852 80
853 141
855 8
856 160
857 247
858 221
859 33
860 72
861 40
862 162
863 29
864 150
865 244
866 181
867 123
868 61
869 112
871 29
872 85
873 221
874 99
875 208
876 101
877 234
878 144
879 156
881 10
882 234
883 243
884 193
885 144
888 62
889 221
890 37
891 32
892 126
893 157
894 38
895 149
896 171
897 71
898 232
899 191
900 43
901 68
902 70
903 205
904 191
905 214
906 44
907 38
909 34
910 126
911 5
912 22
913 186
914 90
915 147
916 224
917 238
918 26
919 125
920 90
921 132
922 226
923 47
924 169
925 202
926 3
927 209
928 246
929 130
930 234
931 111
932 39
933 144
934 137
936 15
938 90
939 156
940 98
941 3
942 236
943 200
944 75
946 214
947 157
948 149
949 157
950 207
953 157
954 97
955 113
956 75
957 24
958 139
959 156
960 5
961 198
962 163
963 247
964 37
965 243
967 246
968 43
969 188
970 157
971 15
972 210
973 11
974 74
975 233
977 113
978 56
979 130
980 210
981 26
982 141
983 163
984 152
985 137
987 80
988 200
989 91
990 93
991 86
992 107
993 179
994 81
995 60
996 38
998 226
999 10
1000 45
1001 78
1002 161
1003 32
1004 93
1005 155
1006 30
1009 122
1010 198
1011 57
1013 236
1014 112
1015 69
1016 93
1017 247
1019 218
1020 202
1021 192
1022 69
1023 97
1024 111
1025 184
1027 152
1028 160
1029 2
1030 238
1031 214
1032 64
1034 18
1035 139
1036 246
1037 28
1038 185
1040 186
1042 134
1044 6
1045 33
1046 114
1047 0
1048 24
1049 130
1050 108
1052 215
1053 193
1054 157
1055 36
1057 33
1058 206
1059 78
1060 225
1061 164
1062 38
1063 22
1064 99
1065 130
1066 51
1067 20
1068 107
1069 86
1070 22
1071 228
1072 144
1074 236
1075 41
1076 168
1077 33
1078 80
1079 198
1080 126
1081 245
1082 175
1083 225
1084 155
1085 39
1086 92
1087 142
1088 147
1089 99
1090 46
1091 216
1092 233
1093 20
1094 109
1095 141
1097 244
1098 110
1099 151
1100 220
1101 230
1103 224
1104 128
1105 102
1106 138
1107 193
1108 29
1110 107
1111 50
1112 126
1113 79
1114 246
1115 196
1116 115
1117 177
1118 191
1119 15
1120 99
1121 134
1122 60
1123 40
1124 120
1125 10
1126 52
1127 26
1128 205
1129 200
1130 247
1131 67
1133 90
1134 243
1135 69
1137 156
1139 125
1140 72
1141 114
1142 181
1143 33
1144 163
1145 99
1146 89
1147 38
1148 195
1149 134
1150 15
1151 27
1154 225
1155 156
1158 147
1159 193
1160 17
1162 20
1163 45
1165 194
1166 60
1167 144
1168 41
1169 215
1170 140
1171 98
1172 186
1173 209
1174 40
1177 18
1178 213
1179 32
1180 81
1181 5
1183 166
1184 1
1185 25
1186 214
1187 218
1188 65
1189 124
1190 188
1191 166
1192 165
1193 77
1194 36
1195 210
1196 169
1197 120
1198 47
1200 119
1201 93
1203 145
1205 166
1206 125
1207 69
1209 50
1210 130
1211 6
1212 82
1213 122
1214 219
1215 139
1216 167
1217 17
1218 94
1219 157
1220 3
1221 215
1222 39
1223 18
1225 77
1226 101
1227 188
1228 29
1229 27
1230 22
1232 237
1234 57
1235 190
1237 30
1238 159
1239 190
1240 191
1241 99
1242 238
1243 183
1245 248
1246 86
1247 192
1248 185
1249 75
1250 36
1251 80
1252 36
1253 26
1255 223
1256 38
1257 190
1258 58
1259 168
1260 245
1261 89
1262 40
1263 74
1265 125
1266 238
1267 120
1269 33
1270 68
1271 150
1272 195
1273 147
1274 171
1275 93
1277 225
1278 20
1279 192
1281 59
1283 53
1284 37
1285 213
1286 111
1289 191
1290 149
1291 52
1292 174
1293 71
1294 98
1295 198
1296 143
1297 52
1298 132
1299 46
1300 150
1302 21
1303 32
1305 181
1306 153
1307 146
1308 160
1310 157
1311 233
1313 95
1314 75
1315 120
1316 95
1319 105
1320 135
1321 180
1323 156
1324 90
1325 219
1326 130
1327 180
1328 140
1329 216
1330 223
1332 119
1333 116
1334 90
1335 1
1336 129
1337 49
1339 92
1340 103
1341 220
1343 181
1344 75
1345 69
1346 131
1347 50
1348 215
1349 232
1350 148
1351 8
1352 42
1354 38
1355 144
1357 145
1358 112
1359 86
1360 146
1361 247
1362 47
1363 59
1364 179
1365 169
1366 132
1367 24
1368 53
1369 72
1372 2
1373 169
1374 105
1375 192
1376 120
1377 208
1378 43
1380 73
1381 88
1382 27
1384 62
1385 183
1387 164
1388 105
1389 234
1391 103
1392 54
1393 120
1394 181
1396 60
1397 62
1399 100
1400 233
1401 227
1402 72
1403 180
1404 163
1405 40
1406 191
1410 207
1411 119
1412 79
1413 46
1414 24
1415 41
1416 66
1417 173
1418 170
1419 207
1420 76
1421 26
1422 200
1423 90
1425 187
1426 117
1427 146
1429 243
1431 21
1432 5
1433 207
1434 187
1436 151
1438 157
1439 65
1440 38
1441 83
1442 111
1443 125
1444 15
1445 107
1446 18
1447 78
1448 173
1449 65
1450 248
1451 94
1452 62
1454 246
1455 92
1456 186
1457 92
1459 78
1460 135
1461 238
1462 25
1463 39
1464 114
1465 18
1466 125
1467 99
1468 26
1469 234
1470 113
1471 136
1472 113
1473 153
1474 6
1475 249
1476 83
1479 32
1480 99
1481 194
1482 214
1483 122
1484 162
1486 145
1487 95
1490 36
1491 246
1492 181
1493 93
1495 139
1496 54
1497 173
1498 22
1499 197
1500 126
1502 95
1503 11
1504 47
1506 104
1507 67
1508 51
1509 111
1510 187
1512 200
1514 179
1515 116
1517 132
1518 30
1520 241
1521 1
1522 122
1523 126
1524 83
1525 5
1526 145
1527 98
1528 18
1529 128
1530 27
1531 62
1532 166
1534 191
1535 47
1536 77
1537 38
1538 229
1540 84
1541 238
1542 83
1543 154
1544 128
1545 181
1546 0
1547 166
1549 120
1551 100
1552 2
1553 169
1554 158
1555 6
1556 131
1557 120
1558 208
1560 1
1563 245
1565 38
1566 125
1567 97
1568 217
1570 247
1572 232
1573 11
1574 169
1575 10
1576 160
1577 38
1579 171
1581 224
1582 99
1585 193
1586 180
1587 174
1588 46
1589 47
1590 108
1591 236
1593 193
1595 5
1599 76
1601 99
1602 157
1603 75
1604 186
1605 36
1607 128
1609 40
1610 38
1611 187
1613 71
1614 23
1615 228
1616 225
1617 83
1618 65
1619 120
1621 130
1623 14
1625 21
1626 25
1628 157
1629 125
1630 129
1631 227
1632 14
1633 69
1635 152
1636 50
1637 105
1639 197
1640 206
1643 77
1644 107
1645 2
1646 71
1648 163
1650 86
1651 126
1652 116
1653 240
1654 188
1655 94
1656 123
1657 221
1658 113
1659 5
1660 20
1661 59
1662 18
1663 114
1664 35
1665 65
1666 153
1667 74
1668 204
1669 95
1670 95
1671 40
1674 95
1676 227
1677 0
1678 21
1679 133
1681 90
1682 245
1684 191
1685 225
1686 70
1687 11
1688 57
1689 248
1691 9
1692 40
1694 81
1695 154
1696 191
1697 57
1698 86
1699 107
1701 181
1702 126
1703 66
1704 2
1705 246
1706 72
1707 31
1708 18
1709 47
1712 83
1713 125
1715 56
1716 236
1718 92
1719 228
1720 111
1721 127
1722 247
1723 193
1724 116
1725 147
1726 220
1727 57
1728 216
1730 187
1732 3
1733 233
1734 93
1735 36
1736 54
1737 73
1738 49
1739 125
1740 122
1741 92
1742 179
1743 143
1747 200
1748 56
1749 187
1750 51
1751 133
1752 38
1753 147
1754 116
1755 244
1756 192
1757 81
1758 26
1759 27
1761 200
1764 215
1765 10
1766 208
1767 32
1768 156
1769 185
1771 198
1772 227
1774 113
1775 224
1776 30
1777 141
1778 121
1779 160
1780 111
1781 227
1782 188
1783 113
1784 112
1785 33
1786 83
1788 243
1789 89
1790 14
1791 88
1792 49
1793 238
1794 5
1795 141
1796 67
1797 26
1799 200
1801 187
1802 15
1804 152
1805 204
1806 210
1807 78
1808 110
1810 234
1811 68
1813 56
1815 20
1816 37
1817 36
1818 116
1819 203
1820 56
1821 133
1822 223
1824 120
1825 20
1826 122
1827 233
1829 162
1830 235
1831 169
1832 197
1833 138
1834 156
1837 163
1839 156
1840 131
1841 21
1842 146
1843 49
1845 84
1846 86
1847 113
1848 197
1849 93
1850 214
1851 89
1853 215
1854 72
1855 208
1857 135
1858 180
1860 206
1861 186
1863 169
1864 209
1865 120
1866 38
1867 162
1868 24
1869 16
1871 149
1873 98
1874 204
1875 130
1876 165
1877 46
1878 24
1879 91
1880 69
1881 85
1882 97
1883 190
1884 108
1885 62
1887 78
1889 33
1890 43
1891 31
1894 4
1895 90
1896 227
1897 56
1899 26
1900 234
1902 134
1904 67
1906 129
1907 15
1908 214
1909 249
1910 9
1911 22
1912 77
1913 188
1914 246
1915 163
1916 248
1917 38
1918 132
1919 151
1920 245
1921 58
1923 53
1924 93
1925 144
1926 26
1927 56
1928 29
1929 126
1931 11
1933 21
1934 86
1935 15
1936 18
1938 75
1939 133
1940 248
1941 119
1942 227
1943 193
1944 128
1947 98
1948 38
1949 165
1950 18
1952 53
1953 12
1954 29
1955 9
1957 94
1959 181
1962 10
1964 76
1966 232
1967 54
1968 145
1969 114
1970 160
1972 62
1973 39
1974 160
1976 78
1977 99
1978 149
1979 123
1980 161
1982 26
1983 10
1985 181
1986 40
1987 3
1991 51
1992 166
1993 111
1994 68
1995 131
1997 107
1998 38
2000 246
2001 157
2003 107
2006 187
2008 86
2009 126
2010 109
2011 214
2012 147
2013 79
2014 214
2016 10
2018 157
2019 31
2020 248
2021 158
2022 68
2024 20
2025 25
2026 27
2027 31
2028 101
2029 215
2031 194
2032 132
2033 131
2034 140
2035 192
2036 120
2037 100
2038 63
2039 125
2040 125
2041 232
2042 97
2043 210
2044 41
2045 181
2046 107
2047 132
2049 47
2050 99
2051 47
2053 165
2054 38
2055 132
2056 53
2057 50
2058 165
2059 3
2061 73
2062 39
2063 16
2065 157
2067 101
2068 50
2069 160
2070 159
2071 103
2072 120
2073 235
2075 209
2076 128
2077 247
2079 160
2081 75
2082 223
2083 219
2084 128
2085 125
2086 248
2088 194
2089 47
2091 36
2092 239
2093 173
2094 6
2096 5
2099 190
2100 238
2101 160
2104 21
2105 56
2107 160
2108 53
2109 57
2110 215
2111 77
2113 18
2115 193
2116 126
2117 138
2118 109
2119 234
2121 180
2122 234
2123 173
2124 132
2125 71
2126 64
2127 144
2128 96
2129 248
2130 50
2131 120
2133 78
2135 51
2136 132
2137 147
2138 194
2139 99
2141 219
2142 81
2143 78
2144 139
2145 168
2147 181
2148 200
2150 47
2151 212
2152 47
2153 47
2154 72
2155 17
2156 197
2157 192
2158 79
2160 20
2161 174
2162 119
2163 194
2164 150
2167 58
2168 197
2170 151
2171 173
2172 160
2174 243
2175 221
2176 133
2177 107
2178 180
2181 120
2182 108
2183 234
2184 77
2185 200
2187 93
2188 94
2190 114
2191 212
2192 245
2196 112
2197 169
2198 231
2200 32
2201 54
2203 139
2204 126
2206 174
2211 207
2213 42
2214 157
2215 157
2217 216
2219 194
2220 174
2221 116
2222 165
2226 62
2227 227
2229 11
2230 83
2232 85
2233 191
2234 203
2235 98
2236 196
2238 103
2239 156
2240 47
2241 120
2242 213
2243 93
2244 37
2245 57
2246 38
2247 86
2248 247
2249 38
2253 221
2254 248
2257 147
2259 209
2260 163
2261 73
2263 177
2265 132
2266 248
2267 219
2268 232
2269 133
2270 84
2272 139
2274 59
2275 154
2277 86
2279 179
2280 201
2281 179
2282 19
2283 36
2284 31
2286 160
2287 40
2288 198
2289 214
2290 50
2292 47
2293 133
2294 38
2295 110
2296 106
2297 161
2299 94
2300 93
2301 137
2302 157
2303 221
2304 171
2305 209
2306 126
2307 208
2308 93
2309 21
2310 30
2311 224
2312 107
2313 151
2314 193
2315 244
2316 79
2317 237
2318 179
2319 147
2321 181
2322 227
2323 227
2324 227
2325 47
2326 100
2327 100
2328 10
2329 33
2331 87
2332 37
2333 244
2334 9
2335 171
2336 66
2337 246
2338 46
2339 30
2340 198
2341 210
2342 54
2343 161
2344 139
2346 214
2347 151
2348 56
2349 108
2350 69
2352 246
2353 243
2354 82
2355 248
2357 248
2358 221
2361 144
2363 244
2364 160
2365 47
2366 95
2367 225
2369 192
2370 123
2371 59
2373 80
2374 220
2375 152
2376 161
2378 132
2379 150
2380 3
2381 151
2382 196
2384 192
2385 62
2386 20
2387 40
2388 132
2389 27
2390 193
2391 219
2392 228
2393 103
2394 116
2395 227
2397 161
2398 160
2399 59
2401 86
2403 41
2404 3
2405 75
2406 189
2407 198
2410 173
2412 5
2413 150
2414 96
2415 149
2416 215
2417 159
2418 31
2420 42
2422 126
2425 187
2426 1
2427 70
2428 212
2430 126
2431 3
2432 244
2433 221
2434 170
2435 142
2436 108
2437 96
2438 192
2439 17
2440 233
2442 33
2443 102
2444 145
2445 56
2446 131
2447 67
2450 113
2451 86
2452 107
2453 205
2454 204
2455 67
2456 112
2457 80
2458 181
2460 92
2461 202
2463 218
2464 187
2465 11
2467 59
2468 122
2469 106
2470 98
2471 193
2472 161
2473 79
2474 147
2475 128
2476 83
2477 43
2478 101
2479 1
2482 13
2483 133
2484 246
2485 244
2486 153
2488 0
2490 47
2491 227
2492 113
2494 113
2495 31
2497 191
2498 174
2500 38
2501 56
2503 45
2504 169
2505 154
2506 53
2507 177
2508 75
2509 168
2512 32
2513 227
2514 62
2515 80
2516 9
2517 169
2518 25
2519 234
2520 94
2522 113
2524 174
2525 214
2526 173
2527 50
2528 21
2529 1
2531 92
2533 221
2534 48
2536 84
2537 215
2538 20
2540 77
2542 27
2543 36
2544 225
2545 139
2546 36
2547 18
2548 62
2549 189
2550 86
2551 212
2552 193
2553 128
2555 243
2556 130
2557 46
2558 116
2559 101
2560 119
2561 223
2562 65
2563 117
2564 8
2566 91
2567 173
2568 216
2569 27
2570 177
2571 216
2572 83
2574 68
2576 151
2577 6
2578 191
2580 130
2582 207
2584 20
2585 232
2586 66
2587 165
2589 38
2590 47
2591 210
2592 132
2593 131
2594 166
2596 56
2597 47
2598 204
2599 99
2600 114
2602 154
2603 122
2604 26
2605 33
2606 107
2607 27
2608 95
2609 90
2610 68
2612 139
2613 207
2614 89
2615 107
2616 46
2617 193
2618 127
2619 42
2621 157
2622 2
2623 123
2624 83
2625 38
2626 147
2627 62
2629 180
2630 3
2631 130
2632 197
2633 142
2634 90
2635 181
2636 33
2637 57
2641 216
2642 224
2644 139
2645 129
2647 190
2648 26
2649 47
2650 215
2651 154
2652 6
2654 237
2655 20
2656 215
2657 139
2658 113
2660 246
2661 96
2664 221
2665 191
2666 194
2667 65
2668 163
2669 9
2670 123
2671 113
2672 119
2673 89
2675 94
2676 1
2677 209
2678 209
2679 38
2680 169
2681 147
2682 162
2683 122
2684 154
2685 125
2686 154
2688 33
2689 129
2690 187
2691 209
2692 57
2694 138
2695 171
2696 45
2697 212
2698 156
2699 37
2701 59
2702 180
2703 130
2705 190
2706 49
2709 38
2710 128
2711 40
2712 99
2713 133
2714 62
2716 22
2717 196
2718 40
2721 97
2722 33
2723 11
2726 169
2727 19
2728 50
2729 37
2730 50
2731 169
2732 20
2733 203
2735 11
2738 209
2739 32
2741 30
2742 58
2743 162
2744 96
2745 33
2747 55
2748 126
2749 80
2751 55
2752 214
2754 33
2756 103
2757 179
2758 29
2759 224
2760 113
2761 246
2762 228
2763 109
2764 122
2765 8
2766 99
2767 236
2768 49
2770 111
2776 167
2777 214
2778 187
2779 157
2780 189
2781 55
2785 37
2786 45
2787 24
2788 145
2789 100
2790 73
2791 77
2792 9
2793 227
2794 90
2795 47
2797 59
2799 221
2800 156
2801 92
2802 137
2804 128
2805 190
2806 146
2807 139
2808 208
2809 122
2811 120
2812 106
2814 98
2815 224
2816 123
2817 247
2818 36
2820 171
2822 75
2824 234
2825 92
2826 75
2827 83
2828 165
2829 26
2830 123
2832 214
2835 137
2836 144
2837 223
2838 154
2839 99
2841 10
2842 179
2843 207
2844 86
2845 47
2847 132
2848 38
2849 200
2851 234
2852 197
2853 114
2854 169
2855 197
2856 54
2857 134
2858 133
2859 120
2861 102
2864 3
2866 132
2867 27
2868 193
2869 116
2870 132
2871 201
2873 211
2874 120
2875 83
2877 169
2878 248
2880 232
2881 181
2883 213
2884 21
2885 71
2886 45
2887 40
2888 168
2891 220
2892 161
2893 3
2894 95
2895 233
2896 177
2898 86
2899 116
2900 159
2901 169
2903 92
2904 165
2905 77
2906 216
2907 109
2909 220
2910 40
2911 96
2912 224
2913 53
2914 5
2915 247
2917 21
2919 29
2920 99
2921 37
2922 109
2923 193
2924 189
2925 193
2926 2
2928 221
2929 31
2930 102
2931 191
2932 243
2934 47
2935 158
2936 105
2937 14
2938 191
2940 137
2941 196
2942 113
2943 99
2946 103
2947 18
2948 56
2949 95
2950 177
2951 164
2952 147
2955 32
2956 176
2957 95
2958 103
2960 181
2961 138
2962 247
2964 216
2965 95
2966 223
2967 166
2968 125
2969 212
2970 62
2971 2
2972 53
2973 2
2974 79
2975 40
2976 71
2977 101
2978 148
2979 162
2980 232
2982 229
2983 129
2984 108
2986 40
2987 71
2988 96
2989 208
2990 246
2991 249
2992 234
2994 106
2995 236
2996 248
2997 62
3001 112
3002 201
3003 107
3004 171
3006 103
3007 83
3008 156
3009 147
3011 166
3012 236
3013 188
3014 224
3016 165
3018 10
3020 111
3021 192
3022 240
3023 156
3024 65
3025 156
3026 198
3027 166
3028 3
3029 162
3031 126
3034 26
3035 152
3036 47
3038 212
3039 27
3040 16
3041 27
3042 230
3043 105
3044 56
3045 38
3046 46
3047 85
3048 99
3049 6
3050 223
3053 103
3054 206
3056 19
3057 97
3058 198
3059 79
3060 212
3061 195
3063 218
3064 98
3066 169
3067 40
3068 117
3069 84
3071 238
3072 198
3074 40
3075 36
3076 59
3077 128
3078 249
3080 128
3081 221
3082 120
3083 188
3084 76
3085 130
3086 57
3087 10
3088 125
3089 223
3090 131
3093 163
3095 238
3096 116
3097 39
3098 99
3101 157
3102 144
3103 180
3104 236
3105 37
3106 94
3109 114
3110 119
3111 76
3112 4
3113 47
3115 200
3116 83
3117 45
3118 134
3119 99
3120 181
3121 132
3122 191
3123 200
3124 219
3126 171
3127 11
3130 103
3133 238
3134 32
3140 43
3141 139
3144 63
3145 117
3146 138
3147 55
3150 2
3151 29
3152 133
3154 139
3156 181
3158 27
3159 56
3162 36
3163 161
3165 209
3166 54
3167 76
3168 223
3169 122
3171 16
3173 36
3174 62
3176 179
3179 238
3180 224
3181 92
3182 191
3183 160
3184 99
3185 16
3186 108
3187 219
3188 225
3189 39
3191 35
3192 32
3194 123
3195 6
3196 99
3197 76
3198 83
3201 113
3202 11
3204 187
3208 243
3212 246
3213 88
3214 179
3216 33
3217 38
3218 224
3219 93
3220 128
3221 176
3222 145
3224 103
3225 94
3226 1
3227 197
3230 9
3231 237
3233 246
3234 52
3235 25
3237 120
3240 246
3243 64
3245 167
3246 38
3247 8
3248 220
3250 177
3253 212
3254 160
3256 243
3257 207
3258 160
3259 238
3261 8
3262 212
3263 5
3264 59
3265 234
3266 100
3268 196
3269 133
3270 25
3271 156
3272 235
3273 133
3274 45
3275 176
3276 133
3277 59
3278 16
3279 67
3280 228
3281 129
3282 248
3283 165
3284 64
3285 95
3286 43
3287 222
3288 143
3289 92
3290 2
3291 180
3292 197
3293 100
3294 117
3295 11
3296 210
3297 141
3301 144
3302 9
3306 177
3307 22
3308 92
3309 160
3310 212
3312 137
3314 84
3315 125
3316 238
3317 98
3318 92
3322 176
3325 3
3326 106
3327 160
3328 147
3329 113
3333 62
3335 224
3336 0
3337 131
3339 225
3340 10
3342 128
3343 150
3345 213
3347 90
3350 137
3351 83
3352 27
3353 33
3354 244
3355 47
3356 31
3357 46
3359 214
3362 144
3363 173
3367 92
3368 235
3369 119
3370 198
3371 73
3373 139
3374 37
3375 84
3376 108
3377 125
3379 161
3380 162
3382 197
3383 96
3384 105
3385 72
3386 2
3387 6
3388 37
3389 101
3391 143
3392 234
3393 6
3394 90
3397 75
3399 40
3402 45
3403 180
3404 130
3405 182
3406 234
3407 32
3409 248
3412 219
3413 180
3414 40
3415 209
3416 147
3417 191
3418 136
3420 154
3421 138
3422 192
3423 21
3424 120
3426 197
3428 173
3430 86
3432 191
3433 63
3434 154
3435 141
3439 9
3440 214
3442 133
3443 209
3444 17
3445 49
3447 180
3448 5
3449 46
3451 160
3452 131
3453 181
3454 154
3455 6
3456 192
3457 157
3458 99
3460 110
3461 166
3462 77
3464 60
3465 45
3466 147
3467 193
3470 105
3471 56
3472 95
3473 166
3474 238
3475 198
3476 47
3477 75
3478 102
3481 73
3482 85
3485 38
3486 93
3487 130
3490 245
3491 130
3493 16
3494 139
3495 75
3496 47
3497 197
3499 214
3500 220
3501 93
3502 238
3503 223
3504 126
3506 117
3507 33
3509 203
3511 32
3513 151
3514 248
3515 96
3516 113
3517 92
3520 180
3521 224
3523 130
3525 76
3526 132
3527 80
3528 219
3529 192
3531 71
3532 137
3533 122
3534 203
3535 47
3536 181
3537 76
3538 128
3539 128
3540 190
3541 187
3543 200
3544 15
3545 85
3546 166
3548 93
3549 125
3550 133
3551 216
3552 96
3553 95
3554 36
3555 51
3556 100
3557 236
3558 80
3559 243
3561 150
3562 169
3565 56
3566 155
3568 132
3569 8
3571 193
3572 92
3575 84
3579 228
3582 10
3583 78
3584 193
3586 130
3588 158
3590 119
3591 162
3592 169
3593 214
3594 22
3596 151
3598 83
3600 247
3602 112
3604 160
3606 122
3610 15
3612 73
3613 247
3615 40
3616 137
3617 201
3618 170
3622 2
3623 150
3624 47
3625 197
3626 151
3627 96
3630 83
3633 38
3635 244
3637 230
3638 223
3639 53
3640 30
3642 98
3645 192
3646 132
3647 32
3648 197
3649 132
3650 17
3651 120
3653 19
3655 99
3656 42
3657 232
3658 37
3660 112
3661 147
3662 32
3663 16
3664 23
3665 71
3667 97
3668 244
3669 83
3672 62
3673 53
3675 92
3677 157
3679 77
3681 174
3683 36
3685 247
3686 57
3688 58
3689 107
3690 243
3691 158
3693 122
3695 174
3696 247
3697 77
3698 57
3699 63
3700 27
3701 56
3702 103
3704 94
3705 52
3706 166
3707 139
3713 237
3714 44
3715 93
3716 156
3717 212
3718 99
3719 236
3720 214
3721 154
3722 18
3725 126
3726 197
3727 50
3729 241
3730 220
3733 130
3735 160
3736 90
3737 189
3738 10
3739 103
3741 187
3743 45
3744 31
3745 105
3747 160
3748 14
3749 50
3750 100
3752 37
3753 128
3755 160
3756 17
3757 171
3759 5
3761 40
3762 187
3764 149
3765 13
3767 157
3770 244
3771 141
3778 46
3779 206
3781 112
3783 130
3785 62
3786 20
3787 17
3788 90
3790 42
3791 93
3795 142
3797 86
3798 80
3799 122
3800 88
3802 165
3803 114
3804 0
3806 136
3807 181
3810 96
3812 189
3813 59
3814 73
3815 234
3816 181
3817 59
3819 86
3820 237
3821 11
3822 243
3824 102
3825 38
3826 100
3828 94
3832 220
3833 98
3834 94
3835 122
3837 40
3838 180
3839 20
3841 220
3843 216
3844 127
3848 166
3849 25
3850 125
3851 50
3852 87
3855 214
3856 92
3858 6
3859 190
3861 40
3863 84
3865 20
3866 157
3867 24
3868 177
3870 214
3871 224
3874 207
3875 86
3876 86
3877 84
3878 133
3879 187
3881 209
3883 20
3884 32
3886 239
3887 59
3888 18
3889 187
3891 212
3892 47
3894 30
3896 57
3901 30
3902 76
3904 161
3905 99
3907 232
3908 236
3909 53
3910 128
3912 23
3913 96
3914 18
3915 6
3916 163
3918 10
3919 112
3920 102
3921 13
3922 100
3924 152
3925 190
3926 16
3927 208
3928 126
3930 76
3931 40
3932 20
3935 56
3936 160
3937 238
3941 224
3942 185
3943 119
3945 85
3946 92
3947 21
3949 227
3950 132
3951 179
3954 56
3957 6
3958 120
3959 149
3960 46
3961 236
3962 26
3964 132
3965 95
3968 45
3971 237
3972 26
3976 39
3978 126
3979 249
3980 236
3981 17
3982 11
3983 232
3985 190
3986 158
3987 25
3988 167
3989 238
3990 84
3991 33
3994 20
3997 33
3998 132
3999 160
4000 84
4001 65
4002 120
4003 141
4004 73
4006 107
4011 21
4012 95
4013 107
4014 53
4016 104
4018 214
4019 100
4020 53
4021 109
4022 135
4023 95
4024 6
4026 113
4027 44
4028 100
4029 80
4030 221
4031 86
4032 169
4034 214
4035 62
4038 51
4039 174
4040 116
4043 151
4044 127
4045 20
4047 82
4051 57
4052 149
4054 47
4055 104
4056 5
4057 243
4059 158
4060 225
4063 9
4065 130
4066 171
4067 192
4068 38
4071 28
4072 93
4074 57
4076 21
4078 139
4080 17
4081 216
4082 219
4083 90
4085 38
4086 197
4087 248
4088 227
4090 53
4091 111
4092 62
4093 29
4094 236
4095 21
4096 208
4097 9
4100 92
4103 133
4104 181
4105 243
4107 197
4110 83
4111 29
4113 148
4114 233
4116 53
4117 113
4119 157
4121 15
4123 116
4124 236
4125 128
4126 111
4128 122
4129 69
4132 62
4133 29
4135 40
4136 101
4137 156
4138 192
4143 128
4145 54
4147 35
4148 181
4149 191
4153 131
4154 160
4155 23
4158 227
4159 71
4160 238
4161 33
4162 78
4163 208
4165 54
4166 161
4167 194
4169 245
4171 83
4173 248
4175 47
4176 245
4178 17
4179 122
4180 57
4181 137
4183 45
4185 17
4188 38
4190 6
4191 77
4192 221
4193 117
4194 233
4195 162
4196 179
4197 191
4198 180
4199 191
4200 248
4201 57
4202 5
4203 170
4208 158
4209 166
4210 38
4211 130
4213 37
4214 144
4215 179
4216 248
4218 20
4219 15
4221 120
4223 77
4224 128
4226 150
4227 206
4229 154
4230 117
4231 74
4233 20
4234 27
4235 17
4237 139
4239 15
4240 123
4241 47
4242 101
4243 95
4244 53
4245 93
4248 133
4250 177
4253 234
4255 151
4256 241
4258 2
4260 56
4261 244
4262 166
4265 133
4268 179
4269 191
4274 33
4275 160
4276 97
4277 73
4279 243
4281 187
4282 203
4283 123
4284 193
4285 98
4286 113
4287 116
4288 111
4289 43
4291 93
4292 9
4294 1
4295 62
4296 20
4297 166
4298 33
4299 19
4301 201
4303 62
4304 96
4309 177
4310 77
4311 20
4312 130
4313 143
4316 227
4317 93
4318 33
4321 166
4322 125
4323 93
4326 213
4327 15
4329 32
4330 192
4331 25
4332 116
4335 191
4336 108
4337 116
4339 21
4340 47
4341 77
4342 220
4343 10
4344 31
4345 56
4350 198
4351 50
4355 166
4356 15
4360 66
4361 152
4362 26
4364 95
4365 145
4366 189
4367 235
4368 165
4370 5
4372 116
4374 8
4377 138
4379 173
4380 47
4382 149
4383 122
4385 139
4386 10
4387 90
4388 1
4389 2
4390 156
4391 132
4392 9
4393 106
4395 241
4396 74
4397 244
4400 243
4402 232
4405 73
4407 162
4409 92
4410 26
4411 82
4413 107
4415 14
4417 185
4418 20
4419 56
4420 208
4421 209
4422 93
4424 78
4425 90
4428 98
4429 246
4430 247
4434 46
4435 77
4436 201
4437 186
4438 189
4439 169
4440 219
4442 113
4443 188
4445 38
4446 107
4448 21
4449 36
4451 38
4453 238
4454 49
4455 243
4457 163
4459 139
4463 214
4465 32
4467 18
4468 20
4471 180
4472 125
4473 46
4475 157
4477 3
4478 214
4479 20
4480 187
4481 153
4483 126
4485 114
4487 130
4488 203
4489 53
4492 244
4494 33
4495 160
4497 29
4499 187
4502 159
4503 243
4506 73
4507 77
4508 9
4509 133
4510 108
4511 26
4512 143
4514 31
4515 50
4518 33
4519 229
4520 131
4521 90
4522 92
4525 133
4526 78
4527 105
4528 39
4531 0
4532 223
4536 155
4537 50
4539 197
4540 97
4542 198
4544 2
4546 127
4548 118
4549 42
4551 116
4552 214
4558 62
4561 33
4562 65
4565 97
4567 27
4568 37
4569 193
4571 144
4573 200
4574 209
4575 36
4579 39
4580 40
4582 227
4583 180
4584 8
4585 98
4587 93
4588 93
4589 249
4590 233
4591 234
4592 120
4595 196
4596 209
4597 139
4598 6
4600 95
4601 49
4603 193
4604 98
4605 247
4606 56
4608 236
4609 30
4610 132
4611 92
4612 240
4613 143
4616 5
4618 126
4624 33
4625 145
4626 96
4628 187
4630 244
4631 120
4632 36
4633 166
4635 131
4636 234
4639 93
4640 119
4642 56
4643 83
4644 64
4645 57
4647 92
4649 0
4652 165
4653 56
4655 20
4656 14
4657 194
4658 128
4659 85
4661 10
4662 98
4665 109
4669 214
4670 147
4671 62
4672 180
4674 234
4675 84
4677 77
4680 243
4681 14
4682 130
4683 232
4684 243
4687 83
4690 232
4691 197
4692 85
4696 230
4697 125
4698 40
4700 166
4701 22
4702 198
4704 130
4705 157
4708 2
4710 126
4711 128
4714 17
4715 78
4716 95
4717 163
4718 234
4722 27
4723 189
4725 138
4726 232
4727 84
4728 180
4729 92
4731 93
4732 162
4733 203
4734 97
4735 120
4736 96
4739 8
4740 3
4742 156
4743 171
4744 36
4747 16
4748 128
4749 62
4751 125
4752 224
4753 210
4755 114
4756 56
4757 32
4758 126
4762 71
4764 232
4765 161
4766 92
4768 214
4771 97
4775 246
4777 119
4778 144
4780 183
4781 193
4782 17
4785 126
4787 77
4788 225
4789 27
4790 228
4791 248
4792 2
4793 187
4794 56
4795 197
4799 50
4800 130
4802 50
4804 46
4805 210
4808 171
4811 188
4814 163
4815 17
4818 105
4820 53
4821 154
4822 26
4824 80
4828 193
4829 22
4830 49
4831 128
4833 49
4834 84
4835 236
4836 22
4837 225
4839 233
4840 93
4841 77
4842 18
4843 248
4844 165
4846 100
4848 189
4850 49
4851 103
4852 125
4853 53
4854 169
4855 159
4856 109
4857 30
4858 238
4860 124
4861 187
4862 152
4863 34
4865 171
4868 122
4869 209
4870 120
4871 40
4872 113
4874 131
4875 18
4878 127
4879 21
4881 190
4882 65
4884 166
4886 98
4887 243
4889 245
4890 163
4892 191
4896 171
4897 100
4898 100
4900 150
4901 132
4902 241
4906 105
4908 32
4909 224
4911 26
4912 25
4913 3
4916 113
4917 123
4918 173
4920 17
4921 108
4922 56
4923 116
4926 20
4927 95
4929 150
4930 92
4931 18
4932 25
4933 78
4934 32
4937 154
4938 138
4941 77
4944 224
4945 201
4946 223
4947 238
4951 157
4952 9
4953 8
4955 101
4956 126
4957 20
4959 98
4962 197
4966 61
4968 120
4970 26
4971 236
4972 235
4974 100
4976 154
4979 221
4982 65
4985 132
4986 234
4987 103
4988 215
4989 113
4991 157
4992 247
4994 174
4995 49
4997 30
4998 132
4999 92
