0 3
1 226
2 31
3 153
5 112
6 144
7 208
8 220
9 245
10 127
11 171
12 168
13 44
14 151
15 63
16 74
17 142
18 204
20 142
21 208
22 178
23 228
24 199
25 220
26 207
27 194
28 60
29 65
30 36
31 66
32 154
33 154
34 241
35 84
36 244
37 81
38 165
39 90
40 214
42 241
43 177
44 212
45 239
46 137
47 43
48 148
49 210
50 42
51 213
52 11
53 14
54 93
55 220
56 105
57 71
58 2
59 80
60 80
62 30
63 248
64 208
65 109
66 170
67 112
68 17
69 0
70 59
71 109
72 13
73 100
75 186
76 118
77 174
78 91
79 93
80 109
81 155
83 70
84 163
85 168
86 60
87 144
88 245
90 103
91 82
92 96
93 171
94 245
95 171
96 100
97 226
98 164
99 12
101 155
102 124
103 173
104 71
105 2
106 186
107 204
108 232
109 103
110 75
112 65
114 14
115 186
116 223
117 50
119 215
120 194
121 169
122 6
123 245
124 97
125 101
126 146
127 169
128 42
129 9
130 51
132 50
133 180
134 8
135 63
136 150
137 224
138 96
139 176
140 90
141 16
142 139
143 58
144 110
146 65
147 14
148 154
150 35
151 136
152 11
153 152
154 200
155 108
156 67
157 75
158 157
159 211
160 188
161 48
162 248
163 194
164 192
165 106
166 70
167 167
168 131
169 69
170 95
171 146
172 229
173 205
174 191
175 213
176 47
177 43
178 50
179 178
180 11
181 182
182 103
183 61
184 96
185 225
186 171
187 30
188 92
189 67
190 10
191 241
192 226
193 153
194 3
195 144
196 60
197 55
198 93
199 43
200 31
201 127
202 13
203 21
204 4
206 118
207 245
208 153
209 61
211 224
212 183
213 194
214 236
215 43
216 213
217 199
218 124
219 199
220 69
221 142
222 243
223 227
224 153
225 12
226 240
227 237
228 142
229 43
230 209
231 174
232 220
233 204
235 221
236 144
237 163
238 10
239 142
240 58
241 225
242 158
243 146
244 19
245 103
246 63
247 109
248 169
249 100
250 92
251 89
252 115
254 71
255 207
256 103
257 17
258 238
259 241
260 123
261 194
262 136
263 147
264 46
265 182
266 177
267 60
268 154
269 136
270 128
271 224
272 201
273 105
274 103
275 69
277 136
278 206
279 170
280 213
282 178
283 168
284 85
285 207
286 163
287 116
288 82
289 52
290 15
291 238
292 224
293 159
294 126
295 0
296 81
297 148
298 169
299 194
300 43
301 125
302 10
303 111
304 157
305 220
306 80
307 148
308 74
309 35
310 213
312 80
313 180
314 152
315 31
316 240
317 126
318 245
319 31
320 15
321 63
322 83
323 1
324 86
325 34
326 12
327 159
328 195
329 192
330 26
331 231
332 106
333 76
334 69
335 233
337 100
338 77
339 39
340 125
341 110
342 210
344 90
345 11
346 245
347 204
348 28
349 13
350 206
351 144
352 6
353 21
354 221
356 103
357 57
358 93
359 233
360 43
361 126
362 67
363 246
364 220
365 31
366 65
367 150
368 30
369 150
370 177
372 80
373 14
374 180
375 177
376 153
377 136
378 51
379 206
380 187
381 146
382 180
383 225
384 123
385 48
386 2
387 11
388 169
389 71
390 179
391 110
392 71
393 221
394 117
395 195
396 142
397 90
398 194
399 148
400 32
401 246
402 214
403 37
404 109
405 94
406 15
407 103
408 121
409 90
410 90
411 227
412 244
413 80
414 74
415 35
416 110
417 108
418 63
419 249
420 66
421 112
422 8
423 30
424 66
425 35
426 125
427 73
428 103
429 186
430 198
431 198
432 244
433 63
434 59
435 115
436 6
437 173
438 148
440 189
441 31
442 11
443 43
444 194
445 78
446 90
447 226
448 83
449 126
450 142
451 12
452 213
453 245
454 108
455 122
457 66
458 66
459 18
460 57
461 244
462 118
463 111
464 69
465 159
466 8
467 67
468 211
469 21
470 125
471 83
472 65
473 17
474 75
475 163
476 116
477 144
478 167
479 26
480 215
481 38
482 144
483 5
484 136
485 66
486 62
487 134
489 92
490 149
491 166
492 47
493 194
494 63
495 8
496 174
497 245
498 67
499 228
501 237
502 55
503 15
506 126
509 199
510 177
511 167
512 163
513 229
516 64
518 19
519 97
520 192
521 206
522 2
523 75
524 112
525 122
527 245
528 244
529 104
530 109
531 221
532 90
533 49
534 69
535 136
536 80
537 34
539 3
540 126
541 164
542 12
543 19
544 177
545 211
546 175
547 105
549 90
550 189
551 206
552 86
553 132
554 47
555 217
556 11
557 16
558 74
559 64
560 8
562 160
563 177
564 228
567 219
568 85
569 109
570 93
571 112
572 108
573 48
574 174
575 205
576 100
577 17
578 12
579 90
580 43
581 94
582 208
583 184
584 86
585 46
586 211
587 69
588 177
589 51
590 114
592 148
594 165
595 132
596 200
597 0
598 81
599 92
600 19
601 8
602 51
604 162
605 59
606 74
607 58
608 63
609 54
610 192
611 223
612 73
613 92
614 205
615 226
616 97
617 80
618 80
619 148
620 1
621 163
622 220
623 142
624 109
625 244
626 123
627 195
628 26
629 3
630 2
631 242
632 109
633 91
634 181
635 88
636 21
637 67
638 148
639 66
640 88
641 152
642 244
643 153
644 172
645 53
646 211
647 170
648 141
651 175
652 126
653 26
654 30
655 129
656 82
657 89
658 61
659 219
660 169
661 67
662 210
663 109
664 67
665 119
666 108
667 8
668 184
670 113
671 178
672 228
673 229
674 146
675 56
676 136
678 12
679 22
680 220
681 167
682 14
683 11
684 209
685 249
686 101
687 91
688 3
689 106
690 20
691 31
692 118
693 224
694 138
695 148
696 194
697 92
698 146
699 163
701 178
702 152
703 217
705 153
706 211
707 238
708 108
709 31
710 96
711 152
712 109
713 121
714 4
716 211
717 122
718 100
720 55
722 30
723 152
724 248
725 10
726 43
727 66
728 5
729 238
730 50
731 238
732 75
733 211
734 142
735 43
736 4
737 141
738 40
739 43
740 83
741 66
742 182
743 43
744 66
745 50
746 115
747 22
748 137
749 217
751 244
752 14
753 139
754 11
755 29
756 223
757 115
758 234
760 159
761 109
762 96
763 79
764 220
765 108
766 244
767 34
768 41
769 11
770 55
771 177
772 178
773 115
774 114
775 244
776 82
777 110
778 207
779 35
780 200
781 237
782 91
783 90
784 38
785 12
787 187
788 98
789 183
790 177
791 147
793 58
794 153
795 241
796 219
797 153
798 183
799 138
800 141
801 189
802 221
803 155
804 103
805 226
806 30
807 249
808 154
809 136
810 41
811 182
812 41
813 200
814 219
815 100
817 144
818 192
819 120
820 213
821 186
822 40
823 81
824 146
826 7
827 18
828 236
829 179
830 146
831 186
832 41
833 209
834 215
835 177
836 55
837 54
838 88
840 16
841 101
843 209
846 213
847 205
848 144
849 158
850 51
852 83
853 29
855 182
856 43
857 245
858 109
859 125
860 216
861 67
862 168
863 177
864 195
865 234
866 89
867 98
868 9
869 8
871 104
872 168
873 186
874 44
875 209
876 81
877 227
878 124
879 192
881 217
882 238
883 207
884 211
885 126
888 66
889 132
890 126
891 238
892 92
893 162
894 75
895 75
896 239
897 153
898 38
899 38
900 153
901 122
902 196
903 21
904 55
905 21
906 129
907 92
909 122
910 148
911 53
912 115
913 240
914 169
915 90
916 66
917 228
918 141
919 58
920 51
921 51
922 1
923 174
924 180
925 216
926 49
927 90
928 109
929 136
930 66
931 240
932 24
933 2
934 2
936 210
937 153
938 229
939 249
940 111
941 67
942 156
943 211
944 63
946 6
947 142
948 74
949 67
950 125
951 48
953 82
954 76
955 109
956 39
957 67
958 162
959 103
960 220
961 240
962 151
963 112
964 215
965 104
967 112
968 31
969 244
970 13
971 41
972 31
973 222
974 113
975 231
977 46
978 26
979 211
980 110
981 246
982 154
983 149
984 7
985 148
987 66
988 31
989 197
990 114
991 98
992 168
993 103
994 59
995 168
996 244
998 176
999 74
1000 85
1001 43
1002 206
1003 10
1004 100
1005 71
1006 60
1008 194
1009 67
1010 222
1011 43
1013 149
1014 47
1015 11
1016 101
1017 177
1019 154
1020 184
1021 15
1022 48
1023 58
1024 224
1025 87
1027 63
1028 109
1029 144
1030 51
1031 29
1032 117
1034 151
1035 112
1036 211
1037 33
1038 68
1040 4
1042 76
1044 98
1045 13
1046 110
1047 185
1048 220
1049 238
1050 188
1052 168
1053 13
1054 118
1055 177
1057 118
1058 237
1059 92
1060 215
1061 202
1062 3
1063 69
1064 81
1065 108
1066 183
1067 10
1068 206
1069 103
1070 92
1071 177
1072 13
1074 177
1075 107
1076 122
1077 137
1078 12
1079 12
1080 166
1081 242
1082 157
1083 108
1084 127
1085 26
1086 115
1087 121
1088 132
1089 149
1090 239
1091 151
1092 231
1093 98
1094 11
1095 46
1097 230
1098 236
1099 2
1100 45
1101 41
1103 74
1104 174
1105 35
1106 85
1107 142
1108 144
1110 14
1111 226
1112 90
1113 64
1114 137
1115 38
1116 102
1117 148
1118 244
1119 237
1120 195
1121 56
1122 13
1123 109
1124 174
1125 142
1126 212
1127 111
1128 221
1129 47
1130 83
1131 72
1132 158
1133 31
1134 31
1135 66
1137 67
1139 152
1140 121
1141 19
1142 100
1143 159
1144 219
1145 94
1146 18
1147 238
1148 140
1149 4
1150 244
1151 226
1154 200
1155 166
1158 26
1159 3
1160 137
1162 31
1163 49
1165 110
1166 30
1167 124
1168 176
1169 220
1170 176
1171 58
1172 126
1173 238
1174 238
1177 219
1178 152
1179 103
1180 41
1181 204
1182 95
1183 48
1184 82
1185 23
1186 148
1187 70
1188 210
1189 59
1190 161
1191 136
1192 167
1193 109
1194 142
1195 166
1196 12
1197 48
1198 207
1199 132
1200 45
1201 98
1203 101
1205 238
1206 162
1207 204
1209 109
1210 177
1211 110
1212 34
1213 10
1214 136
1215 89
1216 21
1217 238
1218 184
1219 38
1220 118
1221 168
1222 147
1223 244
1225 3
1226 125
1227 219
1228 31
1229 90
1230 220
1232 46
1234 177
1235 8
1237 3
1238 119
1239 193
1240 211
1241 60
1242 146
1243 132
1245 177
1246 26
1247 19
1248 125
1249 94
1250 78
1251 60
1252 86
1253 7
1255 152
1256 163
1257 50
1258 20
1259 164
1260 93
1261 185
1262 109
1263 159
1265 118
1266 26
1267 103
1269 55
1270 246
1271 228
1272 9
1273 207
1274 100
1275 194
1277 200
1278 21
1279 50
1281 174
1283 51
1284 8
1285 156
1286 60
1289 80
1290 61
1291 120
1292 7
1293 10
1294 234
1295 112
1296 82
1297 235
1298 146
1299 152
1300 173
1302 16
1303 166
1305 47
1306 181
1307 161
1308 154
1310 55
1311 21
1313 38
1314 21
1315 204
1316 15
1317 115
1319 62
1320 190
1321 116
1323 88
1324 66
1325 174
1326 44
1327 43
1328 134
1329 15
1330 154
1332 221
1333 101
1334 207
1335 154
1336 45
1337 54
1339 192
1340 30
1341 109
1343 66
1344 89
1345 103
1346 180
1347 29
1348 136
1349 108
1350 9
1351 193
1352 55
1354 83
1355 43
1357 75
1358 210
1359 31
1360 117
1361 12
1362 26
1363 81
1364 228
1365 90
1366 109
1367 81
1368 214
1369 181
1370 238
1372 206
1373 144
1374 63
1375 35
1376 166
1377 224
1378 175
1380 15
1381 27
1382 178
1384 90
1385 217
1387 42
1388 234
1389 194
1391 246
1392 233
1393 38
1394 149
1396 81
1397 31
1399 138
1400 10
1401 66
1402 56
1403 98
1404 15
1405 194
1406 162
1407 26
1410 86
1411 90
1412 185
1413 152
1414 12
1415 85
1416 61
1417 150
1418 24
1419 219
1420 205
1421 162
1422 55
1423 109
1425 195
1426 226
1427 17
1429 48
1431 138
1432 204
1433 20
1434 229
1436 162
1438 17
1439 210
1440 136
1441 189
1442 141
1443 111
1444 164
1445 238
1446 164
1447 30
1448 94
1449 152
1450 67
1451 210
1452 24
1454 100
1455 66
1456 68
1457 103
1459 136
1460 107
1461 231
1462 189
1463 53
1464 2
1465 155
1466 182
1467 38
1468 54
1469 51
1470 153
1471 215
1472 238
1473 40
1474 104
1475 70
1476 244
1479 109
1480 206
1481 41
1482 69
1483 0
1484 13
1486 113
1487 180
1490 12
1491 136
1492 152
1493 101
1495 93
1496 167
1497 162
1498 63
1499 174
1500 174
1501 98
1502 162
1503 188
1504 51
1506 243
1507 111
1508 228
1509 38
1510 220
1512 152
1514 238
1515 101
1517 146
1518 44
1520 46
1521 226
1522 148
1523 66
1524 118
1525 51
1526 45
1527 215
1528 75
1529 3
1530 178
1531 21
1532 48
1534 2
1535 174
1536 149
1537 195
1538 158
1540 136
1541 53
1542 93
1543 208
1544 29
1545 151
1546 237
1547 144
1549 66
1551 132
1552 229
1553 114
1554 146
1555 38
1556 211
1557 31
1558 44
1560 86
1563 4
1565 100
1566 112
1567 122
1568 237
1570 206
1572 177
1573 54
1574 91
1575 100
1576 170
1577 206
1578 11
1579 142
1581 238
1582 60
1583 148
1585 154
1586 90
1587 109
1588 56
1589 98
1590 109
1591 236
1593 38
1595 115
1597 48
1599 111
1601 206
1602 244
1603 240
1604 234
1605 147
1607 238
1609 178
1610 65
1611 244
1613 144
1614 4
1615 142
1616 85
1617 164
1618 141
1619 89
1621 67
1623 243
1625 207
1626 106
1628 180
1629 237
1630 203
1631 100
1632 182
1633 26
1635 137
1636 67
1637 178
1639 103
1640 163
1643 152
1644 92
1645 43
1646 109
1647 26
1648 94
1650 114
1651 74
1652 21
1653 172
1654 106
1655 128
1656 148
1657 154
1658 46
1659 175
1660 90
1661 148
1662 108
1663 19
1664 129
1665 14
1666 216
1667 61
1668 46
1669 38
1670 12
1671 207
1674 206
1676 116
1677 189
1678 221
1679 136
1681 144
1682 162
1684 180
1685 108
1686 37
1687 39
1688 30
1689 92
1691 114
1692 12
1694 213
1695 174
1696 89
1697 201
1698 51
1699 144
1701 152
1702 61
1703 74
1704 11
1705 3
1706 42
1707 56
1708 159
1709 98
1712 152
1713 215
1715 98
1716 54
1718 238
1719 112
1720 168
1721 197
1722 2
1723 52
1724 194
1725 183
1726 148
1727 83
1728 86
1730 44
1732 142
1733 166
1734 103
1735 60
1736 189
1737 149
1738 180
1739 35
1740 114
1741 249
1742 133
1743 33
1747 167
1748 3
1749 153
1750 241
1751 11
1752 142
1753 207
1754 115
1755 81
1756 110
1757 68
1758 222
1759 104
1761 44
1762 191
1764 75
1765 92
1766 206
1767 100
1768 74
1769 161
1771 158
1772 238
1774 109
1775 103
1776 245
1777 91
1778 49
1779 113
1780 192
1781 89
1782 205
1783 45
1784 34
1785 238
1786 47
1788 175
1789 123
1790 18
1791 77
1792 217
1793 153
1794 146
1795 238
1796 46
1797 61
1799 55
1801 144
1802 237
1804 109
1805 182
1806 22
1807 153
1808 105
1810 65
1811 34
1813 100
1815 16
1816 13
1817 92
1818 115
1819 221
1820 67
1821 183
1822 65
1824 88
1825 146
1826 153
1827 0
1829 8
1830 213
1831 238
1832 51
1833 149
1834 240
1837 150
1839 168
1840 156
1841 204
1842 184
1843 237
1845 187
1846 91
1847 31
1848 100
1849 66
1850 6
1851 59
1853 21
1854 76
1855 150
1857 122
1858 0
1860 126
1861 108
1863 240
1864 12
1865 195
1866 177
1867 151
1868 67
1869 3
1871 3
1873 195
1874 162
1875 162
1876 164
1877 55
1878 126
1879 24
1880 187
1881 146
1882 200
1883 128
1884 234
1885 148
1887 75
1888 10
1889 240
1890 133
1891 76
1894 25
1895 114
1896 147
1897 109
1899 142
1900 158
1902 56
1903 90
1904 230
1906 132
1907 164
1908 31
1909 213
1910 175
1911 228
1912 4
1913 176
1914 74
1915 85
1916 48
1917 2
1918 173
1919 110
1920 64
1921 147
1923 21
1924 95
1925 61
1926 244
1927 153
1928 240
1929 153
1931 67
1933 133
1934 153
1935 128
1936 2
1938 211
1939 66
1940 226
1941 249
1942 206
1943 240
1944 0
1947 109
1948 214
1949 128
1950 127
1952 226
1953 5
1954 152
1955 133
1957 164
1959 60
1962 165
1964 150
1966 93
1967 50
1968 156
1969 108
1970 169
1971 146
1972 86
1973 229
1974 206
1976 90
1977 195
1978 22
1979 90
1980 43
1982 78
1983 3
1985 80
1986 146
1987 110
1991 101
1992 100
1993 195
1994 56
1995 189
1997 92
1998 4
2000 103
2001 92
2003 177
2006 13
2008 26
2009 158
2010 214
2011 183
2012 10
2013 149
2014 146
2015 21
2016 195
2017 26
2018 65
2019 160
2020 226
2021 26
2022 210
2024 114
2025 23
2026 21
2027 182
2028 39
2029 238
2031 94
2032 238
2033 17
2034 40
2035 38
2036 3
2037 21
2038 223
2039 60
2040 75
2041 3
2042 4
2043 74
2044 23
2045 3
2046 86
2047 229
2049 103
2050 3
2051 109
2053 47
2054 112
2055 166
2056 69
2057 169
2058 60
2059 7
2061 38
2062 61
2063 125
2064 10
2065 94
2067 86
2068 153
2069 112
2070 106
2071 150
2072 91
2073 122
2075 211
2076 38
2077 142
2079 81
2080 98
2081 239
2082 90
2083 170
2084 174
2085 215
2086 10
2088 106
2089 174
2091 195
2092 39
2093 17
2094 112
2096 204
2099 17
2100 249
2101 3
2104 221
2105 148
2107 83
2108 147
2109 126
2110 92
2111 177
2113 83
2115 75
2116 31
2117 237
2118 214
2119 101
2121 144
2122 21
2123 137
2124 148
2125 91
2126 85
2127 244
2128 116
2129 192
2130 227
2131 144
2132 90
2133 82
2135 6
2136 95
2137 241
2138 94
2139 65
2141 168
2142 1
2143 75
2144 206
2145 58
2147 22
2148 46
2149 98
2150 69
2151 183
2152 100
2153 174
2154 50
2155 110
2156 174
2157 159
2158 64
2159 133
2160 138
2161 113
2162 95
2163 110
2164 48
2167 0
2168 21
2170 108
2171 193
2172 22
2174 249
2175 109
2176 174
2177 81
2178 67
2181 103
2182 47
2183 53
2184 15
2185 150
2187 195
2188 201
2189 221
2190 82
2191 51
2192 180
2195 116
2196 200
2197 244
2198 41
2200 136
2201 8
2203 17
2204 90
2206 10
2211 247
2213 124
2214 162
2215 12
2217 58
2219 41
2220 135
2221 104
2222 149
2226 217
2227 206
2229 65
2230 78
2232 69
2233 89
2234 26
2235 14
2236 38
2238 60
2239 148
2240 31
2241 238
2242 219
2243 220
2244 195
2245 96
2246 13
2247 100
2248 12
2249 75
2253 209
2254 81
2257 103
2258 26
2259 194
2260 86
2261 65
2263 174
2264 191
2265 11
2266 31
2267 22
2268 211
2269 91
2270 174
2272 13
2274 203
2275 221
2277 75
2279 153
2280 57
2281 204
2282 103
2283 220
2284 54
2286 3
2287 67
2288 12
2289 100
2290 177
2292 11
2293 103
2294 177
2295 181
2296 15
2297 31
2299 118
2300 115
2301 8
2302 178
2303 89
2304 153
2305 195
2306 177
2307 159
2308 92
2309 249
2310 3
2311 90
2312 81
2313 128
2314 170
2315 104
2316 123
2317 123
2318 26
2319 174
2321 211
2322 147
2323 177
2324 13
2325 31
2326 98
2327 158
2328 93
2329 61
2331 110
2332 147
2333 158
2334 48
2335 81
2336 150
2337 109
2338 14
2339 55
2340 238
2341 245
2342 8
2343 152
2344 93
2346 146
2347 164
2348 3
2349 39
2350 238
2351 153
2352 220
2353 63
2354 71
2355 51
2357 74
2358 240
2361 60
2363 153
2364 69
2365 204
2366 153
2367 152
2369 31
2370 166
2371 146
2373 89
2374 238
2375 148
2376 204
2378 21
2379 103
2380 245
2381 14
2382 3
2384 118
2385 22
2386 101
2387 238
2388 62
2389 115
2390 177
2391 206
2392 219
2393 240
2394 98
2395 174
2397 43
2398 238
2399 133
2401 144
2403 1
2404 152
2405 86
2406 149
2407 80
2410 35
2412 115
2413 207
2414 51
2415 144
2416 238
2417 57
2418 167
2420 124
2422 148
2425 220
2426 29
2427 59
2428 103
2430 109
2431 60
2432 132
2433 222
2434 84
2435 47
2436 229
2437 21
2438 240
2439 31
2440 21
2442 144
2443 199
2444 113
2445 26
2446 118
2447 135
2448 53
2449 146
2450 238
2451 148
2452 147
2453 109
2454 234
2455 114
2456 106
2457 109
2458 246
2460 96
2461 57
2463 185
2464 92
2465 147
2467 183
2468 231
2469 3
2470 209
2471 74
2472 204
2473 176
2474 207
2475 206
2476 201
2477 229
2478 240
2479 132
2480 138
2482 32
2483 204
2484 60
2485 144
2486 213
2488 151
2490 100
2491 13
2492 3
2494 26
2495 49
2497 112
2498 10
2500 30
2501 191
2503 161
2504 89
2505 183
2506 147
2507 94
2508 210
2509 151
2511 36
2512 31
2513 67
2514 103
2515 100
2516 6
2517 91
2518 119
2519 91
2520 128
2522 238
2524 135
2525 0
2526 93
2527 112
2528 116
2529 222
2531 11
2533 154
2534 185
2536 51
2537 144
2538 109
2540 219
2542 144
2543 240
2544 150
2545 189
2546 12
2547 100
2548 153
2549 154
2550 81
2551 194
2552 86
2553 21
2555 174
2556 54
2557 126
2558 240
2559 97
2560 98
2561 88
2562 143
2563 146
2564 210
2566 24
2567 151
2568 93
2569 148
2570 26
2571 83
2572 47
2574 71
2576 164
2577 177
2578 86
2580 54
2582 141
2584 206
2585 35
2586 78
2587 124
2588 191
2589 66
2590 144
2591 112
2592 100
2593 164
2594 66
2596 21
2597 95
2598 167
2599 83
2600 152
2602 16
2603 183
2604 142
2605 118
2606 173
2607 146
2608 108
2609 109
2610 71
2612 35
2613 19
2614 119
2615 74
2616 83
2617 104
2618 97
2619 3
2621 206
2622 81
2623 175
2624 152
2625 240
2626 52
2627 223
2629 229
2630 81
2631 109
2632 112
2633 139
2634 132
2635 86
2636 60
2637 92
2641 126
2642 148
2644 215
2645 84
2647 193
2648 21
2649 115
2650 195
2651 114
2652 89
2653 183
2654 58
2655 43
2656 159
2657 239
2658 148
2660 147
2661 130
2664 81
2665 86
2666 162
2667 126
2668 151
2669 101
2670 26
2671 158
2672 52
2673 73
2675 47
2676 94
2677 195
2678 173
2679 147
2680 67
2681 90
2682 47
2683 29
2684 79
2685 209
2686 158
2687 98
2688 195
2689 84
2690 226
2691 147
2692 3
2694 167
2695 168
2696 176
2697 204
2698 65
2699 195
2701 146
2702 146
2703 75
2705 2
2706 151
2709 147
2710 60
2711 48
2712 92
2713 238
2714 51
2716 98
2717 13
2718 206
2721 17
2722 150
2723 93
2726 63
2727 0
2728 168
2729 111
2730 81
2731 67
2732 95
2733 146
2735 46
2737 36
2738 104
2739 52
2741 186
2742 147
2743 108
2744 116
2745 240
2747 36
2748 11
2749 81
2751 191
2752 238
2753 11
2754 137
2756 83
2757 10
2758 211
2759 206
2760 90
2761 166
2762 35
2763 103
2764 31
2765 237
2766 194
2767 106
2768 147
2770 96
2776 2
2777 21
2778 118
2779 74
2780 29
2781 221
2785 60
2786 1
2787 240
2788 39
2789 16
2790 60
2791 170
2792 208
2793 195
2794 174
2795 204
2797 174
2799 51
2800 100
2801 97
2802 104
2804 177
2805 57
2806 34
2807 94
2808 60
2809 114
2811 100
2812 141
2814 150
2815 10
2816 26
2817 89
2818 147
2820 12
2822 67
2823 48
2824 51
2825 115
2826 38
2827 13
2828 44
2829 46
2830 175
2832 21
2834 191
2835 153
2836 8
2837 154
2838 16
2839 206
2841 75
2842 207
2843 125
2844 207
2845 103
2846 135
2847 98
2848 31
2849 141
2851 11
2852 66
2853 152
2854 14
2855 51
2856 219
2857 215
2858 0
2859 144
2861 76
2862 231
2863 191
2864 126
2866 21
2867 60
2868 12
2869 95
2870 103
2871 57
2873 57
2874 92
2875 54
2876 187
2877 238
2878 166
2879 31
2880 47
2881 75
2883 62
2884 221
2885 147
2886 172
2887 146
2888 215
2891 138
2892 109
2893 152
2894 66
2895 10
2896 175
2898 67
2899 148
2900 49
2901 206
2903 148
2904 211
2905 91
2906 89
2907 195
2909 98
2910 174
2911 138
2912 63
2913 166
2914 115
2915 147
2917 221
2919 56
2920 3
2921 150
2922 103
2923 211
2924 86
2925 75
2926 204
2927 6
2928 31
2929 213
2930 172
2931 126
2932 63
2934 51
2935 173
2936 75
2937 237
2938 152
2940 67
2941 240
2942 153
2943 8
2946 54
2947 112
2948 0
2949 54
2950 30
2951 23
2952 221
2955 109
2956 142
2957 67
2958 244
2960 195
2961 237
2962 43
2964 167
2965 81
2966 238
2967 16
2968 118
2969 115
2970 103
2971 103
2972 166
2973 238
2974 41
2975 148
2976 153
2977 94
2978 198
2979 210
2980 56
2982 72
2983 24
2984 111
2986 144
2987 109
2988 132
2989 65
2990 147
2991 199
2992 229
2994 35
2995 219
2996 75
2997 21
3001 47
3002 32
3003 31
3004 75
3006 148
3007 189
3008 238
3009 31
3011 133
3012 126
3013 35
3014 91
3016 152
3018 108
3020 96
3021 89
3022 119
3023 86
3024 152
3025 100
3026 29
3027 144
3028 48
3029 246
3031 100
3034 81
3035 74
3036 31
3037 133
3038 116
3039 90
3040 43
3041 81
3042 198
3043 81
3044 147
3045 43
3046 151
3047 90
3048 90
3049 177
3050 158
3052 10
3053 13
3054 49
3056 158
3057 122
3058 147
3059 141
3060 207
3061 107
3063 1
3064 142
3066 27
3067 81
3068 240
3069 16
3071 194
3072 109
3074 109
3075 13
3076 146
3077 142
3078 134
3080 65
3081 67
3082 148
3083 185
3084 124
3085 74
3086 60
3087 2
3088 112
3089 29
3090 162
3091 100
3092 6
3093 152
3095 183
3096 26
3097 75
3098 38
3101 83
3102 94
3103 98
3104 54
3105 15
3106 237
3109 86
3110 29
3111 17
3112 120
3113 115
3115 211
3116 108
3117 50
3118 185
3119 31
3120 55
3121 174
3122 150
3123 55
3124 148
3126 238
3127 234
3130 60
3133 130
3134 170
3140 115
3141 38
3143 21
3144 203
3145 46
3146 134
3147 175
3150 174
3151 110
3152 21
3154 162
3156 61
3158 195
3159 51
3162 74
3163 3
3165 166
3166 150
3167 39
3168 104
3169 116
3171 189
3173 211
3174 147
3176 97
3177 53
3179 208
3180 98
3181 3
3182 46
3183 170
3184 81
3185 67
3186 90
3187 177
3188 64
3189 230
3191 172
3192 88
3194 249
3195 66
3196 92
3197 41
3198 137
3201 138
3202 141
3204 148
3208 229
3212 29
3213 97
3214 11
3216 240
3217 89
3218 67
3219 31
3220 48
3221 238
3222 114
3223 138
3224 206
3225 34
3226 89
3227 211
3230 148
3231 31
3233 226
3234 9
3235 4
3237 66
3240 100
3243 184
3245 162
3246 195
3247 58
3248 95
3250 31
3253 183
3254 148
3256 26
3257 20
3258 169
3259 0
3261 8
3262 92
3263 11
3264 67
3265 21
3266 208
3268 38
3269 26
3270 56
3271 238
3272 50
3273 174
3274 93
3275 89
3276 11
3277 24
3278 74
3279 97
3280 92
3281 72
3282 31
3283 15
3284 193
3285 22
3286 31
3287 52
3288 109
3289 144
3290 92
3291 51
3292 12
3293 158
3294 225
3295 7
3296 46
3297 83
3301 215
3302 204
3306 147
3307 98
3308 53
3309 144
3310 48
3312 125
3314 241
3315 47
3316 53
3317 240
3318 227
3322 61
3325 118
3326 223
3327 67
3328 174
3329 135
3331 6
3333 240
3335 81
3336 19
3337 35
3339 89
3340 148
3342 31
3343 48
3345 145
3347 183
3350 180
3351 111
3352 55
3353 83
3354 142
3355 148
3356 17
3357 4
3359 146
3360 6
3362 8
3363 89
3367 0
3368 42
3369 97
3370 206
3371 158
3373 4
3374 83
3375 207
3376 113
3377 8
3379 43
3380 128
3382 103
3383 48
3384 91
3385 189
3386 146
3387 110
3388 164
3389 222
3391 239
3392 10
3393 12
3394 26
3396 6
3397 67
3399 142
3402 211
3403 136
3404 144
3405 185
3406 153
3407 146
3409 90
3412 168
3413 0
3414 3
3415 195
3416 183
3417 111
3418 93
3420 98
3421 123
3422 152
3423 53
3424 67
3426 136
3427 191
3428 164
3430 174
3432 147
3433 101
3434 203
3435 65
3439 194
3440 109
3442 240
3443 174
3444 38
3445 112
3447 177
3448 51
3449 83
3451 174
3452 111
3453 109
3454 241
3455 86
3456 149
3457 92
3458 240
3460 236
3461 16
3462 178
3464 103
3465 89
3466 207
3467 91
3470 66
3471 132
3472 67
3473 0
3474 194
3475 109
3476 10
3477 66
3478 106
3481 7
3482 115
3485 206
3486 214
3487 239
3490 151
3491 75
3493 142
3494 215
3495 65
3496 174
3497 98
3499 10
3500 6
3501 144
3502 31
3503 197
3504 48
3506 169
3507 150
3509 95
3510 116
3511 53
3512 116
3513 118
3514 144
3515 174
3516 22
3517 67
3518 194
3520 174
3521 174
3523 206
3525 106
3526 130
3527 43
3528 109
3529 215
3531 89
3532 65
3533 46
3534 116
3535 174
3536 245
3537 15
3538 38
3539 38
3540 167
3541 90
3543 165
3544 55
3545 100
3546 221
3548 226
3549 47
3550 207
3551 56
3552 90
3553 89
3554 147
3555 204
3556 116
3557 151
3558 75
3559 0
3560 115
3561 103
3562 180
3565 48
3566 193
3568 100
3569 44
3571 238
3572 51
3575 6
3579 150
3582 144
3583 65
3584 223
3586 152
3588 204
3590 29
3591 44
3592 60
3593 79
3594 220
3596 108
3598 108
3600 50
3602 193
3604 177
3606 24
3610 210
3612 92
3613 166
3615 109
3616 111
3617 181
3618 114
3622 220
3623 166
3624 136
3625 144
3626 123
3627 90
3630 131
3633 174
3635 222
3637 232
3638 24
3639 226
3640 144
3642 118
3644 21
3645 89
3646 103
3647 51
3648 48
3649 88
3650 240
3651 90
3652 194
3653 174
3655 144
3656 171
3657 75
3658 3
3660 71
3661 194
3662 31
3663 78
3664 165
3665 46
3667 237
3668 97
3669 239
3672 38
3673 148
3675 136
3677 81
3679 109
3681 45
3683 92
3685 126
3686 177
3688 223
3689 206
3690 63
3691 136
3693 197
3695 135
3696 47
3697 51
3698 240
3699 223
3700 147
3701 109
3702 92
3704 167
3705 243
3706 114
3707 244
3713 15
3714 99
3715 51
3716 21
3717 48
3718 75
3719 78
3720 153
3721 221
3722 215
3725 177
3726 100
3727 166
3729 180
3730 97
3733 214
3735 240
3736 228
3737 3
3738 75
3739 108
3741 81
3743 132
3744 123
3745 100
3747 75
3748 236
3749 91
3750 208
3752 193
3753 100
3755 177
3756 81
3757 238
3759 69
3761 158
3762 81
3764 186
3765 202
3767 75
3770 109
3771 228
3772 6
3778 237
3779 164
3781 108
3783 144
3785 100
3786 183
3787 112
3788 148
3790 141
3791 195
3795 219
3797 95
3798 214
3799 223
3800 19
3802 47
3803 71
3804 219
3806 110
3807 89
3810 116
3812 114
3813 10
3814 39
3815 228
3816 14
3817 174
3819 116
3820 111
3821 234
3822 228
3824 1
3825 164
3826 116
3828 71
3832 147
3833 126
3834 164
3835 26
3837 238
3838 98
3839 0
3841 21
3843 245
3844 221
3848 240
3849 198
3850 162
3851 43
3852 110
3855 88
3856 98
3858 170
3859 122
3861 21
3863 115
3865 31
3866 44
3867 43
3868 91
3870 194
3871 48
3874 27
3875 144
3876 100
3877 241
3878 16
3879 228
3881 66
3883 153
3884 90
3886 50
3887 174
3888 96
3889 75
3891 204
3892 204
3894 81
3896 239
3901 92
3902 19
3904 214
3905 43
3907 206
3908 118
3909 192
3910 136
3912 126
3913 21
3914 126
3915 12
3916 123
3918 240
3919 83
3920 198
3921 129
3922 148
3924 52
3925 122
3926 211
3927 75
3928 101
3930 159
3931 69
3932 51
3933 221
3935 48
3936 75
3937 98
3941 75
3942 110
3943 52
3945 100
3946 114
3947 187
3949 206
3950 53
3951 109
3954 234
3957 144
3958 195
3959 81
3960 149
3961 150
3962 240
3964 29
3965 244
3967 191
3968 78
3970 98
3971 234
3972 149
3976 109
3978 26
3979 42
3980 61
3981 31
3982 65
3983 244
3985 128
3986 136
3987 161
3988 227
3989 241
3990 183
3991 67
3992 26
3994 21
3997 118
3998 53
3999 136
4000 241
4001 118
4002 238
4003 174
4004 206
4006 92
4009 109
4011 207
4012 74
4013 112
4014 63
4016 105
4018 91
4019 138
4020 69
4021 21
4022 176
4023 62
4024 110
4026 238
4027 87
4028 104
4029 168
4030 7
4031 98
4032 81
4033 115
4034 103
4035 24
4038 187
4039 174
4040 183
4043 152
4044 158
4045 98
4047 199
4051 177
4052 15
4054 100
4055 85
4056 103
4057 228
4059 103
4060 200
4063 74
4065 13
4066 67
4067 215
4068 100
4071 35
4072 51
4074 13
4076 146
4078 108
4080 100
4081 35
4082 43
4083 92
4085 12
4086 115
4087 31
4088 66
4090 63
4091 58
4092 66
4093 3
4094 111
4095 146
4096 44
4097 204
4100 24
4103 81
4104 67
4105 153
4107 51
4110 239
4111 75
4113 87
4114 115
4116 154
4117 31
4119 177
4121 193
4123 104
4124 61
4125 220
4126 150
4128 132
4129 192
4130 90
4132 223
4133 149
4135 238
4136 100
4137 229
4138 55
4143 154
4145 164
4147 122
4148 147
4149 13
4150 95
4151 95
4153 164
4154 240
4155 239
4158 66
4159 81
4160 207
4161 112
4162 178
4163 92
4165 128
4166 67
4167 111
4169 54
4171 164
4173 173
4175 194
4176 15
4178 170
4179 114
4180 89
4181 21
4183 149
4185 215
4187 0
4188 164
4190 89
4191 211
4192 81
4193 146
4194 63
4195 126
4196 207
4197 92
4198 114
4199 94
4200 229
4201 92
4202 51
4203 183
4208 66
4209 43
4210 148
4211 136
4213 151
4214 152
4215 21
4216 66
4218 109
4219 128
4221 238
4223 148
4224 194
4226 204
4227 14
4229 79
4230 217
4231 141
4233 133
4234 96
4235 81
4237 154
4239 151
4240 115
4241 98
4242 85
4243 142
4244 195
4245 229
4246 31
4247 36
4248 26
4250 194
4251 0
4253 104
4255 71
4256 7
4258 43
4260 133
4261 217
4262 238
4265 48
4268 241
4269 50
4271 132
4274 3
4275 43
4276 210
4277 104
4278 10
4279 104
4281 238
4282 53
4283 10
4284 206
4285 152
4286 74
4287 228
4288 12
4289 203
4291 11
4292 95
4294 109
4295 11
4296 238
4297 95
4298 74
4299 21
4301 242
4303 100
4304 21
4309 67
4310 195
4311 148
4312 92
4313 110
4316 144
4317 238
4318 110
4321 173
4322 233
4323 153
4326 93
4327 210
4329 187
4330 142
4331 165
4332 66
4335 118
4336 156
4337 223
4338 21
4339 36
4340 43
4341 170
4342 132
4343 74
4344 165
4345 31
4350 149
4351 114
4355 30
4356 233
4357 79
4360 163
4361 81
4362 83
4364 38
4365 104
4366 74
4367 34
4368 13
4370 48
4372 146
4373 191
4374 35
4377 64
4379 2
4380 51
4382 62
4383 138
4385 126
4386 89
4387 66
4388 158
4389 174
4390 146
4391 21
4392 94
4393 67
4395 234
4396 141
4397 113
4398 173
4400 66
4402 206
4405 177
4407 44
4409 115
4410 209
4411 160
4412 191
4413 169
4415 34
4417 15
4418 114
4419 31
4420 239
4421 109
4422 51
4424 30
4425 48
4428 13
4429 98
4430 126
4434 152
4435 89
4436 18
4437 55
4438 67
4439 89
4440 177
4442 156
4443 164
4445 150
4446 112
4448 116
4449 240
4451 136
4453 21
4454 97
4455 26
4457 35
4459 244
4462 0
4463 51
4465 31
4466 158
4467 80
4468 6
4471 66
4472 152
4473 150
4475 43
4477 66
4478 146
4479 26
4480 136
4481 57
4483 109
4485 17
4487 177
4488 0
4489 173
4492 194
4494 12
4495 173
4497 74
4499 238
4502 1
4503 10
4506 67
4507 100
4508 136
4509 103
4510 217
4511 89
4512 89
4514 237
4515 12
4516 16
4518 177
4519 132
4520 54
4521 66
4522 103
4525 26
4526 244
4527 62
4528 66
4531 93
4532 65
4536 47
4537 38
4538 0
4539 238
4540 134
4542 29
4544 43
4546 90
4548 39
4549 236
4551 228
4552 187
4557 10
4558 138
4560 187
4561 118
4562 81
4565 171
4566 26
4567 13
4568 126
4569 109
4571 92
4573 162
4574 115
4575 174
4579 115
4580 21
4582 194
4583 100
4584 126
4585 152
4587 21
4588 173
4589 218
4590 21
4591 90
4592 13
4595 142
4596 136
4597 67
4598 93
4600 89
4601 206
4603 151
4604 54
4605 43
4606 81
4608 118
4609 211
4610 174
4611 103
4612 70
4613 61
4616 115
4618 6
4624 55
4625 180
4626 249
4628 118
4630 132
4631 229
4632 244
4633 48
4635 94
4636 98
4639 66
4640 24
4642 132
4643 150
4644 105
4645 92
4647 91
4649 118
4652 8
4653 3
4654 116
4655 11
4656 119
4657 112
4658 81
4659 115
4661 144
4662 165
4665 69
4667 194
4669 194
4670 194
4671 81
4672 31
4674 48
4675 90
4677 240
4680 146
4681 17
4682 206
4683 14
4684 26
4687 61
4690 124
4691 100
4692 174
4695 183
4696 218
4697 110
4698 90
4700 66
4701 220
4702 38
4704 238
4705 144
4708 174
4710 12
4711 153
4714 211
4715 226
4716 81
4717 152
4718 21
4719 116
4722 245
4723 65
4725 17
4726 100
4727 53
4728 148
4729 174
4731 109
4732 60
4733 221
4734 193
4735 206
4736 21
4739 93
4740 89
4742 100
4743 83
4744 12
4747 148
4748 67
4749 75
4751 62
4752 48
4753 148
4755 55
4756 114
4757 136
4758 75
4762 115
4764 47
4765 69
4766 11
4768 16
4771 41
4773 138
4775 238
4777 48
4778 55
4780 88
4781 31
4782 22
4785 211
4787 67
4788 118
4789 12
4790 66
4791 66
4792 168
4793 3
4794 13
4795 194
4799 109
4800 92
4802 75
4804 200
4805 144
4807 26
4808 112
4811 239
4814 35
4815 92
4818 12
4820 220
4821 79
4822 38
4824 92
4828 238
4829 11
4830 2
4831 26
4833 142
4834 11
4835 50
4836 81
4837 108
4838 191
4839 109
4840 146
4841 110
4842 83
4843 12
4844 193
4846 26
4848 31
4850 233
4851 126
4852 8
4853 195
4854 55
4855 236
4856 192
4857 81
4858 79
4860 205
4861 69
4862 238
4863 184
4865 66
4868 175
4869 81
4870 103
4871 81
4872 101
4874 124
4875 44
4878 158
4879 183
4881 193
4882 89
4884 21
4886 211
4887 51
4889 124
4890 50
4892 81
4894 241
4896 7
4897 10
4898 153
4900 69
4901 114
4902 31
4906 43
4908 100
4909 133
4911 126
4912 1
4913 159
4916 30
4917 116
4918 89
4920 112
4921 3
4922 65
4923 195
4926 98
4927 55
4929 204
4930 90
4931 150
4932 176
4933 81
4934 195
4937 36
4938 237
4941 177
4943 191
4944 0
4945 9
4946 103
4947 221
4951 144
4952 133
4953 244
4955 118
4956 238
4957 10
4959 215
4962 0
4963 51
4966 235
4968 174
4969 116
4970 144
4971 44
4972 143
4974 109
4976 6
4979 75
4982 210
4985 26
4986 238
4987 244
4988 206
4989 51
4991 80
4992 81
4994 114
4995 17
4997 126
4998 48
4999 174
