0 236
1 84
2 74
3 165
5 125
6 200
7 2
8 235
9 147
10 212
11 83
12 218
13 45
14 223
15 228
16 102
17 171
18 65
20 218
21 51
22 128
23 228
24 125
25 5
26 145
27 179
28 185
29 184
30 50
31 97
32 0
33 20
34 147
35 22
36 164
37 7
38 64
39 54
40 163
42 24
43 120
44 216
45 66
46 117
47 114
48 6
49 107
50 223
51 47
52 22
53 108
54 38
55 171
56 64
57 6
58 167
59 86
60 40
62 80
63 216
64 24
65 124
66 116
67 14
68 205
69 150
70 19
71 81
72 185
73 69
75 169
76 91
77 147
78 15
79 8
80 34
81 229
83 31
84 59
85 185
86 136
87 55
88 92
90 240
91 37
92 10
93 64
94 91
95 202
96 103
97 64
98 243
99 175
101 147
102 173
103 51
104 147
105 5
106 126
107 13
108 53
109 101
110 84
112 134
114 29
115 103
116 219
117 107
119 127
120 15
121 91
122 145
123 128
124 113
125 101
126 26
127 170
128 216
129 99
130 199
132 169
133 224
134 200
135 167
136 173
137 95
138 163
139 226
140 80
141 127
142 68
143 177
144 25
146 249
147 10
148 169
150 238
151 55
152 13
153 48
154 23
155 198
156 148
157 117
158 227
159 138
160 225
161 247
162 44
163 24
164 193
165 93
166 180
167 127
168 55
169 207
170 21
171 102
172 28
173 122
174 150
175 49
176 178
177 45
178 213
179 166
180 179
181 184
182 169
183 129
184 50
185 196
186 146
187 57
188 100
189 141
190 22
191 94
192 188
193 194
194 208
195 123
196 227
197 228
198 4
199 97
200 96
201 114
202 237
203 15
204 82
206 36
207 114
208 233
209 71
211 115
212 113
213 31
214 9
215 81
216 37
217 1
218 149
219 148
220 28
221 210
222 149
223 207
224 51
225 117
226 27
227 48
228 37
229 127
230 111
231 239
232 171
233 171
235 80
236 37
237 46
238 51
239 55
240 156
241 18
242 153
243 150
244 73
245 80
246 79
247 190
248 22
249 96
250 38
251 77
252 145
254 94
255 55
256 147
257 97
258 145
259 13
260 223
261 65
262 13
263 34
264 59
265 195
266 180
267 164
268 34
269 84
270 93
271 65
272 120
273 30
274 114
275 130
277 81
278 153
279 191
280 128
282 160
283 80
284 160
285 163
286 98
287 184
288 132
289 15
290 76
291 111
292 97
293 69
294 217
295 21
296 185
297 203
298 46
299 28
300 2
301 192
302 165
303 132
304 135
305 6
306 168
307 157
308 189
309 120
310 56
312 48
313 208
314 91
315 1
316 107
317 181
318 91
319 206
320 93
321 2
322 119
323 19
324 144
325 178
326 79
327 92
328 102
329 65
330 221
331 51
332 46
333 63
334 130
335 24
337 243
338 225
339 110
340 103
341 121
342 87
344 148
345 114
346 231
347 243
348 85
349 28
350 28
351 102
352 179
353 107
354 150
356 65
357 209
358 20
359 39
360 94
361 118
362 186
363 141
364 103
365 199
366 248
367 189
368 201
369 178
370 54
372 135
373 77
374 162
375 11
376 14
377 136
378 211
379 31
380 136
381 102
382 144
383 147
384 34
385 222
386 148
387 59
388 64
389 231
390 58
391 200
392 18
393 13
394 91
395 97
396 187
397 220
398 86
399 28
400 106
401 115
402 150
403 85
404 200
405 67
406 3
407 86
408 72
409 197
410 48
411 51
412 6
413 52
414 98
415 125
416 21
417 211
418 102
419 200
420 215
421 103
422 59
423 102
424 7
425 59
426 43
427 48
428 94
429 180
430 133
431 17
432 156
433 155
434 90
435 101
436 194
437 179
438 93
440 129
441 48
442 101
443 114
444 2
445 187
446 80
447 139
448 107
449 135
450 121
451 46
452 75
453 45
454 140
455 161
457 231
458 13
459 61
460 151
461 111
462 71
463 176
464 102
465 236
466 106
467 167
468 147
469 130
470 37
471 33
472 106
473 59
474 60
475 10
476 103
477 245
478 45
479 80
480 168
481 9
482 102
483 1
484 5
485 48
486 225
487 35
489 118
490 194
491 180
492 161
493 102
494 199
495 97
496 208
497 200
498 22
499 17
501 164
502 210
503 83
506 100
509 192
510 128
511 109
512 98
513 84
516 173
518 162
519 208
520 36
521 60
522 17
523 87
524 55
525 188
527 147
528 177
529 196
530 84
531 13
532 117
533 216
534 92
535 86
536 24
537 217
539 167
540 5
541 242
542 162
543 99
544 38
545 27
546 51
547 122
549 208
550 183
551 46
552 202
553 2
554 70
555 26
556 60
557 135
558 200
559 25
560 182
562 53
563 40
564 28
567 169
568 25
569 194
570 8
571 100
572 234
573 179
574 179
575 78
576 243
577 87
578 85
579 21
580 203
581 76
582 55
583 26
584 93
585 111
586 16
587 86
588 70
589 102
590 34
592 65
594 133
595 122
596 46
597 51
598 194
599 100
600 160
601 88
602 114
604 35
605 90
606 204
607 200
608 241
609 63
610 36
611 91
612 138
613 60
614 76
615 233
616 248
617 14
618 194
619 203
620 187
621 88
622 111
623 184
624 59
625 182
626 53
627 54
628 57
629 169
630 149
631 85
632 209
633 108
634 25
635 65
636 221
637 213
638 113
639 95
640 101
641 28
642 106
643 239
644 133
645 247
646 201
647 134
648 15
651 163
652 1
653 185
654 11
655 17
656 196
657 59
658 242
659 116
660 245
661 28
662 190
663 22
664 92
665 246
666 19
667 36
668 77
670 196
671 42
672 96
673 199
674 102
675 35
676 102
678 97
679 62
680 185
681 31
682 143
684 139
685 86
686 15
687 89
688 81
689 64
690 219
691 138
692 92
693 123
694 179
695 6
696 21
697 231
698 57
699 31
701 129
702 96
703 6
705 200
706 199
707 168
708 217
709 24
710 184
711 156
712 34
713 242
714 93
716 243
717 106
718 229
720 37
722 229
723 208
724 85
725 15
726 243
727 11
728 63
729 84
730 133
731 37
732 81
733 91
734 200
735 6
736 128
737 9
738 246
739 118
740 222
741 235
742 146
743 139
744 172
745 59
746 55
747 91
748 142
749 112
751 52
752 97
753 105
754 15
755 22
756 147
757 243
758 9
760 13
761 238
762 57
764 218
765 156
766 147
767 161
768 17
769 84
770 152
771 204
772 56
773 185
774 132
775 143
776 26
777 116
778 114
779 37
780 230
781 133
782 83
783 186
784 23
785 138
787 102
788 24
789 34
790 208
791 35
793 52
794 193
795 96
796 139
797 135
798 102
799 14
800 63
801 153
802 55
803 74
804 147
805 28
806 24
807 170
808 129
809 71
810 224
811 56
812 108
813 230
814 153
815 248
817 24
818 232
819 44
820 159
821 163
822 75
823 94
824 23
826 64
827 17
828 129
829 49
830 211
831 14
832 76
833 153
834 115
835 70
836 195
837 249
838 153
840 102
841 132
843 164
846 125
847 142
848 164
849 91
850 15
852 29
853 22
855 117
856 107
857 91
858 173
859 187
860 23
861 101
862 203
863 14
864 212
865 71
866 87
867 18
868 3
869 54
871 68
872 69
873 184
874 45
875 215
876 82
877 114
878 37
879 136
881 18
882 128
883 247
884 125
885 230
888 167
889 120
890 161
891 60
892 123
893 84
894 93
895 130
896 17
897 218
898 28
899 192
900 38
901 158
902 1
903 192
904 87
905 65
906 0
907 179
909 179
910 77
911 36
912 193
913 109
914 42
915 51
916 115
917 64
918 128
919 197
920 22
921 22
922 63
923 180
924 146
925 174
926 71
927 27
928 52
929 118
930 134
931 186
932 22
933 238
934 195
936 23
938 185
939 26
940 64
941 149
942 90
943 126
944 74
946 241
947 10
948 54
949 28
950 187
951 69
953 208
954 53
955 165
956 196
957 152
958 217
959 247
960 51
961 192
962 154
963 100
964 91
965 164
967 181
968 10
969 173
970 220
971 10
972 52
973 110
974 175
975 22
977 14
978 96
979 34
980 153
981 204
982 206
983 173
984 214
985 23
987 136
988 82
989 38
990 142
991 170
992 69
993 13
994 188
995 135
996 37
998 63
999 130
1000 71
1001 140
1002 16
1003 62
1004 136
1005 28
1006 11
1009 122
1010 202
1011 38
1013 124
1014 114
1015 153
1016 179
1017 100
1019 30
1020 106
1021 133
1022 97
1023 173
1024 186
1025 3
1027 241
1028 230
1029 60
1030 102
1031 155
1032 178
1034 149
1035 204
1036 153
1037 30
1038 9
1040 52
1042 68
1044 62
1045 39
1046 128
1047 58
1048 199
1049 37
1050 37
1052 239
1053 92
1054 218
1055 107
1057 189
1058 200
1059 25
1060 117
1061 64
1062 223
1063 180
1064 18
1065 97
1066 86
1067 241
1068 158
1069 203
1070 200
1071 125
1072 227
1074 95
1075 174
1076 177
1077 107
1078 81
1079 164
1080 147
1081 150
1082 50
1083 111
1084 37
1085 190
1086 21
1087 138
1088 169
1089 223
1090 122
1091 195
1092 50
1093 102
1094 57
1095 16
1097 37
1098 47
1099 120
1100 15
1101 75
1103 142
1104 46
1105 105
1106 209
1107 128
1108 0
1110 103
1111 172
1112 60
1113 49
1114 164
1115 152
1116 47
1117 109
1118 13
1119 46
1120 97
1121 75
1122 1
1123 138
1124 210
1125 55
1126 124
1127 224
1128 0
1129 155
1130 220
1131 113
1132 72
1133 111
1134 153
1135 97
1137 139
1139 186
1140 109
1141 246
1142 122
1143 184
1144 189
1145 35
1146 75
1147 1
1148 13
1149 154
1150 46
1151 86
1154 107
1155 170
1158 80
1159 195
1160 99
1162 11
1163 246
1165 58
1166 101
1167 183
1168 43
1169 235
1170 151
1171 218
1172 192
1173 15
1174 158
1177 89
1178 177
1179 51
1180 44
1181 84
1182 5
1183 211
1184 85
1185 1
1186 51
1187 34
1188 158
1189 19
1190 9
1191 136
1192 19
1193 153
1194 164
1195 92
1196 64
1197 1
1198 21
1200 37
1201 107
1203 59
1205 199
1206 133
1207 28
1209 91
1210 157
1211 221
1212 46
1213 113
1214 103
1215 149
1216 217
1217 98
1218 174
1219 97
1220 75
1221 136
1222 112
1223 218
1225 116
1226 144
1227 46
1228 93
1229 21
1230 185
1232 62
1234 107
1235 153
1237 188
1238 175
1239 125
1240 17
1241 88
1242 86
1243 22
1245 136
1246 28
1247 4
1248 58
1249 13
1250 73
1251 206
1252 133
1253 43
1255 134
1256 112
1257 20
1258 113
1259 106
1260 124
1261 129
1262 91
1263 52
1265 136
1266 55
1267 147
1269 223
1270 11
1271 18
1272 41
1273 55
1274 31
1275 188
1277 31
1278 185
1279 154
1281 229
1283 101
1284 54
1285 44
1286 243
1289 134
1290 129
1291 44
1292 15
1293 91
1294 144
1295 78
1296 83
1297 53
1298 12
1299 192
1300 200
1302 239
1303 62
1305 234
1306 41
1307 38
1308 59
1310 242
1311 96
1313 19
1314 185
1315 227
1316 133
1319 38
1320 46
1321 147
1323 89
1324 111
1325 208
1326 239
1327 200
1328 0
1329 37
1330 188
1332 221
1333 51
1334 208
1335 28
1336 18
1337 164
1339 135
1340 207
1341 93
1343 95
1344 152
1345 239
1346 44
1347 117
1348 240
1349 119
1350 125
1351 230
1352 154
1354 220
1355 91
1357 134
1358 106
1359 50
1360 177
1361 162
1362 239
1363 169
1364 170
1365 8
1366 189
1367 137
1368 26
1369 17
1370 165
1372 103
1373 24
1374 188
1375 59
1376 24
1377 39
1378 153
1380 103
1381 225
1382 164
1384 103
1385 150
1387 105
1388 43
1389 221
1391 55
1392 92
1393 204
1394 133
1396 186
1397 169
1399 70
1400 169
1401 138
1402 105
1403 114
1404 202
1405 65
1406 91
1407 29
1410 41
1411 94
1412 128
1413 125
1414 204
1415 104
1416 192
1417 14
1418 65
1419 68
1420 154
1421 92
1422 82
1423 89
1425 13
1426 51
1427 143
1429 28
1431 179
1432 60
1433 71
1434 138
1436 106
1438 1
1439 97
1440 96
1441 37
1442 202
1443 20
1444 189
1445 57
1446 14
1447 29
1448 117
1449 158
1450 185
1451 127
1452 37
1454 147
1455 203
1456 225
1457 94
1459 230
1460 70
1461 2
1462 124
1463 102
1464 46
1465 164
1466 88
1467 201
1468 37
1469 6
1470 126
1471 0
1472 208
1473 129
1474 106
1475 70
1476 70
1479 22
1480 6
1481 117
1482 94
1483 74
1484 46
1486 14
1487 37
1490 34
1491 147
1492 23
1493 242
1495 67
1496 66
1497 104
1498 7
1499 222
1500 150
1502 98
1503 73
1504 162
1506 1
1507 167
1508 193
1509 199
1510 94
1512 241
1514 203
1515 155
1517 136
1518 115
1520 52
1521 34
1522 59
1523 208
1524 106
1525 102
1526 26
1527 108
1528 170
1529 186
1530 147
1531 228
1532 215
1534 164
1535 243
1536 164
1537 208
1538 0
1540 169
1541 59
1542 17
1543 138
1544 183
1545 46
1546 47
1547 214
1549 147
1551 196
1552 86
1553 44
1554 80
1555 92
1556 62
1557 1
1558 243
1560 144
1563 125
1565 227
1566 161
1567 178
1568 125
1570 118
1572 14
1573 128
1574 64
1575 135
1576 10
1577 168
1578 239
1579 46
1581 6
1582 130
1585 148
1586 80
1587 115
1588 106
1589 26
1590 141
1591 10
1593 23
1595 24
1599 128
1601 148
1602 24
1603 188
1604 20
1605 72
1607 148
1609 242
1610 164
1611 169
1613 218
1614 104
1615 4
1616 106
1617 77
1618 147
1619 48
1621 97
1623 1
1625 163
1626 75
1628 188
1629 144
1630 22
1631 239
1632 124
1633 150
1635 188
1636 46
1637 117
1639 218
1640 181
1643 68
1644 153
1645 16
1646 152
1648 61
1650 164
1651 126
1652 46
1653 47
1654 68
1655 87
1656 22
1657 38
1658 64
1659 15
1660 14
1661 96
1662 158
1663 17
1664 19
1665 132
1666 25
1667 64
1668 178
1669 153
1670 153
1671 31
1674 6
1676 179
1677 58
1678 55
1679 80
1681 131
1682 76
1684 91
1685 64
1686 85
1687 71
1688 186
1689 84
1691 170
1692 10
1694 209
1695 24
1696 78
1697 94
1698 79
1699 207
1701 138
1702 51
1703 125
1704 38
1705 37
1706 67
1707 8
1708 38
1709 22
1712 70
1713 223
1715 114
1716 242
1718 13
1719 135
1720 84
1721 196
1722 121
1723 192
1724 192
1725 168
1726 148
1727 222
1728 3
1730 97
1732 46
1733 78
1734 74
1735 15
1736 209
1737 99
1738 175
1739 142
1740 108
1741 145
1742 15
1743 44
1747 154
1748 25
1749 24
1750 207
1751 51
1752 83
1753 94
1754 163
1755 63
1756 76
1757 150
1758 44
1759 199
1761 95
1764 243
1765 220
1766 227
1767 46
1768 37
1769 63
1771 204
1772 208
1774 169
1775 237
1776 23
1777 15
1778 73
1779 73
1780 51
1781 110
1782 52
1783 176
1784 31
1785 146
1786 138
1788 38
1789 47
1790 17
1791 150
1792 41
1793 203
1794 86
1795 218
1796 242
1797 75
1799 204
1801 245
1802 51
1804 18
1805 8
1806 59
1807 206
1808 10
1810 47
1811 14
1813 97
1815 150
1816 206
1817 123
1818 86
1819 147
1820 2
1821 168
1822 38
1824 16
1825 213
1826 175
1827 97
1829 121
1830 56
1831 83
1832 15
1833 105
1834 104
1837 82
1839 29
1840 43
1841 13
1842 46
1843 82
1845 48
1846 147
1847 101
1848 240
1849 17
1850 101
1851 30
1853 199
1854 61
1855 164
1857 178
1858 80
1860 181
1861 95
1863 92
1864 89
1865 51
1866 220
1867 88
1868 208
1869 153
1871 143
1873 243
1874 178
1875 201
1876 46
1877 91
1878 36
1879 15
1880 28
1881 193
1882 230
1883 87
1884 226
1885 98
1887 228
1889 102
1890 54
1891 216
1894 85
1895 102
1896 101
1897 112
1899 152
1900 196
1902 68
1904 176
1906 65
1907 152
1908 189
1909 153
1910 59
1911 101
1912 49
1913 151
1914 162
1915 216
1916 247
1917 22
1918 164
1919 44
1920 99
1921 184
1923 152
1924 164
1925 204
1926 156
1927 83
1928 92
1929 91
1931 139
1933 50
1934 166
1935 46
1936 27
1938 144
1939 46
1940 147
1941 24
1942 119
1943 188
1944 85
1947 52
1948 171
1949 143
1950 100
1952 191
1953 1
1954 216
1955 22
1957 152
1959 174
1962 85
1964 23
1966 98
1967 15
1968 113
1969 177
1970 189
1971 86
1972 112
1973 2
1974 184
1976 6
1977 39
1978 162
1979 59
1980 103
1982 164
1983 69
1985 234
1986 235
1987 142
1991 86
1992 18
1993 167
1994 174
1995 93
1997 147
1998 112
2000 211
2001 74
2003 69
2006 21
2008 31
2009 175
2010 60
2011 2
2012 169
2013 75
2014 13
2016 38
2018 244
2019 26
2020 199
2021 193
2022 174
2024 24
2025 75
2026 135
2027 173
2028 216
2029 139
2031 63
2032 57
2033 20
2034 56
2035 78
2036 158
2037 175
2038 85
2039 28
2040 137
2041 66
2042 69
2043 92
2044 53
2045 124
2046 127
2047 189
2049 102
2050 62
2051 200
2053 7
2054 14
2055 40
2056 114
2057 228
2058 107
2059 86
2061 51
2062 103
2063 216
2065 91
2067 91
2068 227
2069 116
2070 216
2071 249
2072 59
2073 82
2075 244
2076 199
2077 249
2079 166
2080 48
2081 218
2082 92
2083 10
2084 64
2085 249
2086 34
2088 19
2089 147
2091 38
2092 1
2093 148
2094 116
2096 180
2099 109
2100 169
2101 89
2104 50
2105 188
2107 182
2108 191
2109 88
2110 86
2111 39
2113 231
2115 13
2116 228
2117 124
2118 240
2119 43
2121 214
2122 248
2123 104
2124 114
2125 189
2126 120
2127 205
2128 148
2129 59
2130 147
2131 102
2132 147
2133 196
2135 13
2136 162
2137 199
2138 17
2139 153
2141 147
2142 47
2143 27
2144 6
2145 27
2147 64
2148 58
2149 119
2150 200
2151 102
2152 243
2153 28
2154 153
2155 144
2156 102
2157 192
2158 64
2159 92
2160 50
2161 38
2162 101
2163 85
2164 217
2167 95
2168 62
2170 14
2171 70
2172 72
2174 152
2175 91
2176 45
2177 201
2178 55
2181 5
2182 182
2183 132
2184 113
2185 178
2187 79
2188 70
2190 9
2191 84
2192 25
2195 179
2196 173
2197 65
2198 105
2200 164
2201 74
2203 75
2204 131
2206 34
2211 90
2213 49
2214 67
2215 141
2217 156
2219 9
2220 47
2221 189
2222 117
2226 112
2227 7
2229 189
2230 37
2232 135
2233 63
2234 102
2235 111
2236 51
2238 201
2239 126
2240 42
2241 62
2242 66
2243 129
2244 46
2245 215
2246 22
2247 164
2248 97
2249 166
2253 14
2254 86
2257 13
2258 179
2259 13
2260 202
2261 187
2263 74
2265 42
2266 34
2267 59
2268 93
2269 60
2270 212
2272 46
2274 2
2275 28
2277 199
2279 168
2280 58
2281 180
2282 102
2283 51
2284 160
2286 152
2287 64
2288 78
2289 64
2290 54
2292 38
2293 237
2294 171
2295 53
2296 125
2297 103
2299 218
2300 148
2301 173
2302 117
2303 77
2304 230
2305 13
2306 24
2307 227
2308 92
2309 15
2310 24
2311 31
2312 169
2313 164
2314 188
2315 176
2316 62
2317 26
2318 24
2319 232
2321 133
2322 179
2323 55
2324 179
2325 185
2326 113
2327 83
2328 26
2329 104
2331 52
2332 217
2333 90
2334 179
2335 40
2336 154
2337 43
2338 46
2339 41
2340 92
2341 95
2342 6
2343 139
2344 223
2346 55
2347 6
2348 135
2349 41
2350 180
2351 50
2352 168
2353 102
2354 107
2355 38
2357 129
2358 143
2361 115
2363 127
2364 211
2365 247
2366 62
2367 137
2369 30
2370 48
2371 243
2373 84
2374 13
2375 188
2376 86
2378 170
2379 169
2380 74
2381 204
2382 38
2384 83
2385 194
2386 153
2387 147
2388 90
2389 5
2390 108
2391 52
2392 125
2393 210
2394 199
2395 230
2397 103
2398 148
2399 86
2401 230
2403 162
2404 186
2405 85
2406 85
2407 23
2410 249
2412 171
2413 80
2414 180
2415 131
2416 199
2417 9
2418 87
2420 30
2422 14
2425 22
2426 175
2427 3
2428 16
2430 148
2431 153
2432 85
2433 175
2434 155
2435 143
2436 69
2437 73
2438 179
2439 26
2440 2
2442 54
2443 109
2444 219
2445 116
2446 173
2447 43
2448 136
2449 29
2450 28
2451 174
2452 207
2453 154
2454 128
2455 202
2456 61
2457 180
2458 138
2460 51
2461 44
2463 223
2464 127
2465 64
2467 147
2468 92
2469 125
2470 91
2471 78
2472 81
2473 3
2474 51
2475 94
2476 234
2477 101
2478 184
2479 58
2482 17
2483 84
2484 135
2485 70
2486 47
2488 173
2490 169
2491 52
2492 98
2494 134
2495 159
2497 116
2498 69
2500 13
2501 26
2503 85
2504 156
2505 65
2506 243
2507 30
2508 242
2509 217
2512 164
2513 52
2514 123
2515 86
2516 200
2517 184
2518 56
2519 50
2520 128
2522 24
2524 110
2525 70
2526 106
2527 220
2528 179
2529 90
2531 185
2533 142
2534 1
2536 55
2537 80
2538 169
2540 62
2542 113
2543 46
2544 45
2545 226
2546 59
2547 16
2548 142
2549 19
2550 15
2551 243
2552 37
2553 217
2555 243
2556 186
2557 177
2558 51
2559 79
2560 28
2561 49
2562 188
2563 163
2564 200
2566 192
2567 131
2568 122
2569 81
2570 52
2571 70
2572 107
2574 100
2576 48
2577 54
2578 224
2580 41
2582 175
2584 7
2585 221
2586 99
2587 56
2589 5
2590 57
2591 23
2592 215
2593 138
2594 243
2596 30
2597 163
2598 173
2599 29
2600 154
2602 102
2603 18
2604 229
2605 139
2606 167
2607 147
2608 23
2609 22
2610 200
2612 64
2613 71
2614 1
2615 46
2616 95
2617 47
2618 219
2619 175
2621 18
2622 235
2623 22
2624 59
2625 46
2626 162
2627 110
2629 135
2630 24
2631 121
2632 243
2633 37
2634 179
2635 151
2636 143
2637 197
2641 95
2642 93
2644 25
2645 22
2647 188
2648 76
2649 102
2650 111
2651 17
2652 188
2653 179
2654 198
2655 13
2656 194
2657 53
2658 148
2660 34
2661 94
2664 195
2665 128
2666 246
2667 118
2668 59
2669 155
2670 196
2671 38
2672 50
2673 0
2675 33
2676 85
2677 139
2678 140
2679 176
2680 128
2681 48
2682 125
2683 184
2684 199
2685 45
2686 85
2688 197
2689 134
2690 28
2691 244
2692 52
2694 70
2695 15
2696 99
2697 51
2698 127
2699 39
2701 241
2702 65
2703 241
2705 106
2706 162
2709 147
2710 11
2711 228
2712 18
2713 91
2714 188
2716 81
2717 94
2718 164
2721 104
2722 74
2723 146
2726 188
2727 218
2728 118
2729 138
2730 243
2731 153
2732 179
2733 55
2735 49
2738 126
2739 38
2741 194
2742 83
2743 116
2744 36
2745 15
2747 50
2748 18
2749 203
2751 91
2752 38
2753 39
2754 17
2756 6
2757 200
2758 14
2759 230
2760 94
2761 96
2762 88
2763 86
2764 14
2765 174
2766 80
2767 216
2768 105
2770 214
2776 242
2777 57
2778 48
2779 16
2780 85
2781 94
2785 130
2786 151
2787 48
2788 103
2789 18
2790 234
2791 46
2792 22
2793 26
2794 16
2795 78
2797 229
2799 96
2800 147
2801 14
2802 173
2804 202
2805 49
2806 161
2807 172
2808 45
2809 113
2811 22
2812 64
2814 119
2815 242
2816 113
2817 45
2818 14
2820 18
2822 78
2824 86
2825 16
2826 25
2827 140
2828 100
2829 228
2830 18
2832 163
2834 211
2835 58
2836 148
2837 138
2838 171
2839 70
2841 127
2842 51
2843 187
2844 59
2845 15
2847 101
2848 1
2849 90
2851 197
2852 70
2853 109
2854 151
2855 231
2856 127
2857 77
2858 73
2859 194
2861 3
2863 36
2864 14
2866 78
2867 80
2868 10
2869 94
2870 130
2871 47
2873 64
2874 164
2875 206
2876 70
2877 173
2878 102
2879 125
2880 243
2881 88
2883 37
2884 102
2885 96
2886 103
2887 64
2888 46
2891 34
2892 147
2893 93
2894 173
2895 26
2896 44
2898 166
2899 88
2900 159
2901 17
2903 222
2904 10
2905 147
2906 48
2907 24
2909 153
2910 60
2911 41
2912 148
2913 2
2914 163
2915 175
2917 145
2919 17
2920 75
2921 31
2922 94
2923 66
2924 64
2925 186
2926 147
2927 50
2928 54
2929 90
2930 67
2931 23
2932 72
2934 51
2935 86
2936 58
2937 153
2938 184
2940 202
2941 92
2942 147
2943 36
2946 97
2947 33
2948 92
2949 246
2950 13
2951 68
2952 51
2955 22
2956 0
2957 178
2958 57
2960 77
2961 59
2962 50
2964 46
2965 152
2966 176
2967 26
2968 178
2969 28
2970 130
2971 150
2972 86
2973 238
2974 209
2975 169
2976 27
2977 37
2978 125
2979 149
2980 128
2982 150
2983 155
2984 8
2986 164
2987 241
2988 164
2989 46
2990 208
2991 52
2992 56
2994 125
2995 223
2996 227
2997 206
3001 231
3002 17
3003 217
3004 242
3006 244
3007 223
3008 200
3009 88
3011 89
3012 23
3013 173
3014 56
3016 37
3018 97
3020 39
3021 76
3022 30
3023 38
3024 227
3025 84
3026 195
3027 97
3028 48
3029 46
3031 139
3034 228
3035 112
3036 81
3038 102
3039 28
3040 48
3041 203
3042 9
3043 45
3044 85
3045 123
3046 67
3047 24
3048 187
3049 25
3050 160
3053 39
3054 43
3056 113
3057 149
3058 25
3059 49
3060 128
3061 8
3063 63
3064 24
3066 150
3067 97
3068 55
3069 65
3071 81
3072 106
3074 37
3075 218
3076 229
3077 116
3078 109
3080 128
3081 198
3082 233
3083 56
3084 52
3085 129
3086 184
3087 31
3088 138
3089 43
3090 129
3091 103
3093 209
3095 51
3096 136
3097 179
3098 238
3101 54
3102 206
3103 52
3104 198
3105 224
3106 98
3109 223
3110 150
3111 122
3112 85
3113 180
3115 209
3116 14
3117 68
3118 76
3119 229
3120 188
3121 147
3122 98
3123 198
3124 179
3126 189
3127 146
3130 139
3133 15
3134 194
3140 69
3141 138
3144 169
3145 147
3146 3
3147 113
3150 94
3151 133
3152 9
3154 149
3156 89
3158 2
3159 71
3162 37
3163 84
3165 140
3166 161
3167 44
3168 83
3169 188
3171 144
3173 35
3174 226
3176 132
3177 127
3179 15
3180 44
3181 88
3182 125
3183 55
3184 189
3185 129
3186 247
3187 55
3188 88
3189 155
3191 19
3192 55
3194 22
3195 143
3196 187
3197 159
3198 117
3201 199
3202 64
3204 97
3208 164
3212 236
3213 202
3214 197
3216 166
3217 164
3218 113
3219 115
3220 1
3221 125
3222 113
3224 101
3225 103
3226 58
3227 221
3230 11
3231 106
3233 172
3234 3
3235 25
3237 36
3240 116
3243 59
3245 59
3246 46
3247 217
3248 153
3250 158
3253 2
3254 126
3256 247
3257 150
3258 96
3259 51
3261 208
3262 127
3263 240
3264 213
3265 46
3266 59
3268 216
3269 10
3270 209
3271 135
3272 66
3273 163
3274 52
3275 125
3276 182
3277 189
3278 78
3279 86
3280 100
3281 59
3282 244
3283 64
3284 8
3285 187
3286 50
3287 86
3288 122
3289 233
3290 222
3291 59
3292 204
3293 146
3294 169
3295 15
3296 64
3297 97
3301 127
3302 84
3306 117
3307 247
3308 48
3309 100
3310 80
3312 151
3314 102
3315 74
3316 96
3317 125
3318 207
3322 154
3325 149
3326 125
3327 107
3328 232
3329 73
3333 25
3335 167
3336 105
3337 62
3339 120
3340 147
3342 138
3343 80
3345 225
3347 228
3350 9
3351 67
3352 146
3353 178
3354 125
3355 81
3356 75
3357 61
3359 28
3362 107
3363 229
3367 167
3368 46
3369 113
3370 24
3371 73
3373 216
3374 220
3375 13
3376 91
3377 204
3379 200
3380 149
3382 84
3383 26
3384 106
3385 128
3386 135
3387 90
3388 158
3389 246
3391 30
3392 223
3393 109
3394 180
3397 78
3399 97
3402 198
3403 169
3404 59
3405 30
3406 162
3407 12
3409 37
3412 237
3413 153
3414 165
3415 187
3416 26
3417 43
3418 99
3420 187
3421 47
3422 56
3423 180
3424 48
3426 179
3427 65
3428 59
3430 164
3432 41
3433 103
3434 162
3435 34
3439 26
3440 128
3442 103
3443 247
3444 18
3445 15
3447 128
3448 26
3449 74
3451 207
3452 160
3453 19
3454 102
3455 49
3456 17
3457 15
3458 1
3460 3
3461 94
3462 20
3464 51
3465 47
3466 15
3467 37
3470 46
3471 27
3472 59
3473 59
3474 18
3475 8
3476 144
3477 195
3478 1
3481 64
3482 46
3485 102
3486 13
3487 72
3490 124
3491 121
3493 8
3494 246
3495 49
3496 15
3497 191
3499 37
3500 16
3501 107
3502 164
3503 43
3504 140
3506 165
3507 37
3509 86
3510 52
3511 84
3513 178
3514 197
3515 128
3516 71
3517 157
3518 150
3520 48
3521 130
3523 185
3525 64
3526 15
3527 50
3528 17
3529 128
3531 176
3532 164
3533 4
3534 243
3535 57
3536 24
3537 76
3538 231
3539 144
3540 4
3541 15
3543 66
3544 82
3545 185
3546 102
3548 79
3549 97
3550 17
3551 93
3552 97
3553 115
3554 144
3555 55
3556 22
3557 98
3558 1
3559 51
3561 2
3562 164
3565 188
3566 107
3568 97
3569 181
3571 125
3572 1
3575 179
3579 160
3582 243
3583 48
3584 226
3586 55
3588 135
3590 173
3591 91
3592 234
3593 163
3594 60
3596 124
3598 156
3600 138
3602 46
3604 164
3606 196
3610 153
3612 115
3613 117
3615 35
3616 49
3617 75
3618 103
3622 138
3623 40
3624 51
3625 169
3626 244
3627 184
3630 204
3633 235
3635 71
3637 68
3638 85
3639 233
3640 218
3642 115
3644 164
3645 78
3646 38
3647 207
3648 101
3649 208
3650 94
3651 179
3652 39
3653 80
3655 157
3656 151
3657 205
3658 214
3660 6
3661 232
3662 236
3663 176
3664 105
3665 34
3667 146
3668 110
3669 117
3672 22
3673 86
3675 212
3677 91
3679 178
3681 224
3683 70
3685 29
3686 15
3688 202
3689 194
3690 46
3691 28
3693 225
3695 175
3696 115
3697 59
3698 189
3699 150
3700 86
3701 167
3702 103
3704 61
3705 1
3706 146
3707 107
3713 20
3714 75
3715 10
3716 148
3717 111
3718 249
3719 9
3720 144
3721 65
3722 45
3725 74
3726 148
3727 229
3729 125
3730 113
3733 5
3735 10
3736 101
3737 30
3738 210
3739 100
3741 136
3743 1
3744 58
3745 24
3747 37
3748 20
3749 141
3750 72
3752 245
3753 174
3755 36
3756 17
3757 65
3759 243
3761 142
3762 233
3764 69
3765 49
3767 202
3770 49
3771 247
3778 109
3779 120
3781 120
3783 22
3785 94
3786 69
3787 182
3788 129
3790 216
3791 59
3795 120
3797 57
3798 94
3799 146
3800 99
3802 143
3803 234
3804 93
3806 58
3807 86
3810 102
3812 151
3813 169
3814 44
3815 101
3816 25
3817 55
3819 247
3820 69
3821 132
3822 12
3824 129
3825 98
3826 17
3828 149
3832 163
3833 186
3834 127
3835 84
3837 111
3838 101
3839 123
3841 148
3843 106
3844 153
3848 128
3849 49
3850 160
3851 215
3852 8
3855 155
3856 135
3858 49
3859 26
3861 107
3863 26
3865 72
3866 94
3867 94
3868 83
3870 131
3871 153
3874 144
3875 46
3876 243
3877 94
3878 41
3879 22
3881 1
3883 199
3884 214
3886 0
3887 232
3888 1
3889 1
3891 163
3892 80
3894 174
3896 147
3901 82
3902 63
3904 60
3905 59
3907 48
3908 124
3909 135
3910 92
3912 173
3913 183
3914 161
3915 9
3916 189
3918 138
3919 138
3920 17
3921 19
3922 1
3924 46
3925 63
3926 209
3927 46
3928 38
3930 122
3931 150
3932 14
3933 50
3935 163
3936 188
3937 128
3941 148
3942 30
3943 96
3945 97
3946 147
3947 13
3949 158
3950 2
3951 51
3954 103
3957 195
3958 37
3959 205
3960 53
3961 61
3962 178
3964 117
3965 156
3967 96
3968 225
3970 139
3971 41
3972 144
3976 50
3978 161
3979 117
3980 44
3981 0
3982 73
3983 14
3985 108
3986 200
3987 90
3988 247
3989 48
3990 94
3991 70
3992 18
3994 101
3997 147
3998 84
3999 229
4000 200
4001 117
4002 233
4003 229
4004 13
4006 64
4009 72
4011 80
4012 47
4013 136
4014 165
4016 47
4018 36
4019 234
4020 28
4021 28
4022 41
4023 187
4024 93
4026 147
4027 1
4028 150
4029 80
4030 228
4031 37
4032 174
4034 94
4035 59
4038 113
4039 143
4040 22
4043 127
4044 113
4045 101
4047 142
4051 242
4052 71
4054 5
4055 48
4056 97
4057 15
4059 171
4060 55
4063 146
4065 130
4066 59
4067 64
4068 6
4071 125
4072 134
4074 206
4076 217
4078 178
4080 136
4081 129
4082 203
4083 163
4085 204
4086 211
4087 15
4088 137
4090 138
4091 243
4092 69
4093 76
4094 159
4095 217
4096 107
4097 78
4100 128
4103 55
4104 26
4105 236
4107 137
4110 64
4111 216
4113 19
4114 28
4116 72
4117 52
4119 107
4121 184
4123 162
4124 10
4125 230
4126 65
4128 109
4129 13
4130 31
4132 1
4133 246
4135 37
4136 106
4137 64
4138 19
4143 59
4145 15
4147 0
4148 242
4149 70
4150 5
4151 92
4153 46
4154 24
4155 178
4158 26
4159 46
4160 84
4161 109
4162 117
4163 107
4165 125
4166 208
4167 83
4169 64
4171 168
4173 184
4175 150
4176 129
4178 70
4179 50
4180 48
4181 173
4183 99
4185 103
4188 7
4190 198
4191 248
4192 153
4193 22
4194 98
4195 100
4196 240
4197 59
4198 232
4199 41
4200 34
4201 208
4202 13
4203 2
4208 206
4209 136
4210 244
4211 211
4213 35
4214 86
4215 26
4216 147
4218 113
4219 46
4221 37
4223 218
4224 31
4226 13
4227 146
4229 215
4230 128
4231 58
4233 165
4234 40
4235 97
4237 91
4239 1
4240 2
4241 24
4242 1
4243 148
4244 179
4245 110
4246 187
4248 218
4250 164
4253 83
4255 24
4256 85
4258 52
4260 34
4261 146
4262 55
4265 204
4268 94
4269 98
4271 50
4274 242
4275 59
4276 177
4277 64
4278 110
4279 164
4281 21
4282 94
4283 103
4284 59
4285 122
4286 69
4287 147
4288 62
4289 4
4291 54
4292 163
4294 64
4295 161
4296 190
4297 84
4298 14
4299 232
4301 159
4303 22
4304 102
4309 133
4310 13
4311 69
4312 181
4313 8
4316 200
4317 27
4318 67
4321 40
4322 248
4323 43
4326 133
4327 223
4329 84
4330 216
4331 149
4332 51
4335 30
4336 73
4337 128
4339 241
4340 40
4341 184
4342 206
4343 162
4344 216
4345 92
4350 41
4351 228
4355 50
4356 174
4357 221
4360 0
4361 176
4362 192
4364 164
4365 223
4366 188
4367 104
4368 44
4370 40
4372 80
4374 152
4377 64
4379 141
4380 180
4382 110
4383 216
4385 95
4386 126
4387 31
4388 225
4389 12
4390 181
4391 41
4392 144
4393 30
4395 63
4396 46
4397 13
4398 181
4400 200
4402 214
4405 59
4407 97
4409 193
4410 61
4411 88
4412 114
4413 37
4415 8
4417 30
4418 17
4419 164
4420 89
4421 141
4422 14
4424 11
4425 178
4428 148
4429 227
4430 35
4434 120
4435 93
4436 216
4437 126
4438 9
4439 26
4440 243
4442 150
4443 52
4445 94
4446 116
4448 80
4449 119
4451 48
4453 50
4454 78
4455 150
4457 66
4459 187
4462 215
4463 158
4465 101
4466 183
4467 69
4468 169
4471 147
4472 3
4473 106
4475 122
4477 217
4478 39
4479 72
4480 13
4481 35
4483 14
4485 226
4487 107
4488 193
4489 147
4492 69
4494 3
4495 148
4497 99
4499 180
4502 159
4503 236
4506 26
4507 64
4508 96
4509 39
4510 64
4511 4
4512 209
4514 106
4515 14
4516 128
4518 28
4519 225
4520 78
4521 26
4522 102
4525 94
4526 106
4527 38
4528 26
4531 30
4532 144
4536 1
4537 148
4538 80
4539 243
4540 226
4542 64
4544 26
4546 85
4548 58
4549 19
4551 51
4552 136
4558 230
4560 194
4561 218
4562 121
4565 90
4566 162
4567 112
4568 230
4569 176
4571 181
4573 43
4574 59
4575 227
4579 22
4580 185
4582 126
4583 135
4584 37
4585 46
4587 228
4588 179
4589 37
4590 51
4591 167
4592 222
4595 1
4596 138
4597 105
4598 144
4600 224
4601 105
4603 19
4604 35
4605 14
4606 64
4608 122
4609 187
4610 128
4611 2
4612 23
4613 58
4616 48
4618 80
4624 91
4625 146
4626 9
4628 213
4630 85
4631 152
4632 87
4633 94
4635 69
4636 17
4639 78
4640 189
4642 164
4643 70
4644 64
4645 242
4647 88
4649 58
4652 201
4653 112
4655 31
4656 41
4657 23
4658 7
4659 135
4661 38
4662 226
4665 171
4669 97
4670 102
4671 96
4672 164
4674 138
4675 113
4677 93
4680 191
4681 209
4682 71
4683 46
4684 102
4687 149
4690 223
4691 55
4692 240
4695 48
4696 99
4697 41
4698 210
4700 135
4701 65
4702 4
4704 241
4705 36
4708 1
4710 128
4711 164
4714 112
4715 157
4716 131
4717 218
4718 9
4722 158
4723 151
4725 124
4726 106
4727 163
4728 102
4729 247
4731 192
4732 70
4733 50
4734 70
4735 194
4736 101
4739 41
4740 167
4742 139
4743 97
4744 56
4747 74
4748 205
4749 248
4751 144
4752 128
4753 153
4755 46
4756 128
4757 80
4758 110
4762 52
4764 13
4765 21
4766 239
4768 10
4771 162
4773 208
4775 157
4777 55
4778 37
4780 65
4781 82
4782 223
4785 153
4787 242
4788 117
4789 10
4790 24
4791 97
4792 218
4793 101
4794 46
4795 164
4799 91
4800 164
4802 200
4804 184
4805 178
4808 119
4811 20
4814 159
4815 239
4818 106
4820 29
4821 50
4822 14
4824 184
4828 167
4829 127
4830 142
4831 41
4833 46
4834 2
4835 4
4836 191
4837 70
4839 213
4840 44
4841 246
4842 181
4843 219
4844 23
4846 229
4848 179
4850 109
4851 186
4852 172
4853 102
4854 26
4855 216
4856 86
4857 35
4858 162
4860 30
4861 50
4862 7
4863 160
4865 191
4868 46
4869 178
4870 150
4871 31
4872 206
4874 10
4875 100
4878 26
4879 147
4881 32
4882 200
4884 102
4886 175
4887 65
4889 144
4890 124
4892 27
4896 132
4897 219
4898 10
4900 55
4901 208
4902 125
4906 38
4908 164
4909 195
4911 184
4912 41
4913 92
4916 184
4917 138
4918 157
4920 182
4921 66
4922 175
4923 11
4926 130
4927 97
4929 180
4930 55
4931 39
4932 159
4933 227
4934 102
4937 163
4938 62
4941 156
4943 10
4944 198
4945 246
4946 237
4947 207
4951 172
4952 81
4953 1
4955 152
4956 184
4957 50
4959 37
4962 86
4966 75
4968 5
4970 138
4971 70
4972 122
4974 19
4976 145
4979 25
4982 72
4985 145
4986 1
4987 189
4988 245
4989 74
4991 45
4992 147
4994 91
4995 242
4997 97
4998 114
4999 86
