0 -1
1 -1
2 0
3 -1
5 1
6 -1
7 2
8 -1
9 -1
10 -1
11 3
12 -1
13 -1
14 4
15 5
16 -1
17 -1
18 -1
20 -1
21 -1
22 6
23 5
24 7
25 -1
26 -1
27 5
28 -1
29 140
30 8
31 2
32 9
33 10
34 8
35 -1
36 11
37 12
38 13
39 -1
40 8
41 -1
42 -1
43 14
44 15
45 16
46 -1
47 -1
48 -1
49 17
50 18
51 19
52 -1
53 -1
54 14
55 103
56 20
57 -1
58 -1
59 2
60 146
62 -1
63 6
64 -1
65 21
66 22
67 132
68 -1
69 -1
70 23
71 -1
72 -1
73 -1
75 24
76 -1
77 17
78 25
79 26
80 27
81 28
83 2
84 -1
85 -1
86 -1
87 -1
88 -1
90 -1
91 -1
92 -1
93 -1
94 -1
95 29
96 -1
97 -1
98 -1
99 -1
101 17
102 30
103 -1
104 -1
105 5
106 31
107 8
108 32
109 -1
110 -1
112 33
114 34
115 -1
116 -1
117 -1
119 -1
120 25
121 -1
122 -1
123 -1
124 -1
125 -1
126 2
127 2
128 15
129 35
130 -1
132 -1
133 -1
134 -1
135 -1
136 75
137 36
138 -1
139 -1
140 -1
141 -1
142 7
143 37
144 38
146 -1
147 -1
148 24
150 -1
151 -1
152 8
153 5
154 39
155 -1
156 -1
157 40
158 124
159 -1
160 41
161 -1
162 42
163 -1
164 -1
165 -1
166 -1
167 -1
168 43
169 5
170 -1
171 -1
172 76
173 141
174 -1
175 44
176 -1
177 -1
178 -1
179 -1
180 -1
181 -1
182 2
183 -1
184 -1
185 13
186 145
187 -1
188 -1
189 -1
190 52
191 -1
192 45
193 -1
194 46
195 2
196 28
197 47
198 48
199 -1
200 49
201 8
202 -1
203 -1
204 50
206 -1
207 -1
208 -1
209 51
211 -1
212 5
213 2
214 43
215 -1
216 5
217 5
218 -1
219 52
220 -1
221 -1
222 -1
223 5
224 -1
225 -1
226 53
227 5
228 5
229 -1
230 2
231 2
232 103
233 -1
234 8
235 2
236 5
237 54
238 -1
239 -1
240 117
241 46
242 55
243 -1
244 56
245 -1
246 -1
247 -1
248 -1
249 -1
250 -1
251 -1
252 -1
254 2
255 -1
256 -1
257 -1
258 -1
259 8
260 18
261 -1
262 -1
263 -1
264 -1
265 7
266 105
267 57
268 -1
269 -1
270 -1
271 -1
272 -1
273 7
274 -1
275 2
277 -1
278 55
279 75
280 27
282 58
283 2
284 58
285 -1
286 59
287 -1
288 14
289 60
290 61
291 2
292 2
293 62
294 -1
295 -1
296 -1
297 -1
298 -1
299 2
300 2
301 63
302 -1
303 14
304 2
305 -1
306 -1
307 -1
308 -1
309 14
310 64
311 65
312 -1
313 46
314 -1
315 -1
316 -1
317 66
318 -1
319 148
320 -1
321 133
322 -1
323 23
324 67
325 68
326 -1
327 5
328 -1
329 -1
330 -1
331 -1
332 69
333 70
334 2
335 -1
337 -1
338 41
339 71
340 72
341 -1
342 73
344 27
345 -1
346 -1
347 -1
348 74
349 -1
350 -1
351 -1
352 -1
353 -1
354 -1
356 -1
357 75
358 10
359 149
360 -1
361 -1
362 -1
363 -1
364 -1
365 76
366 48
367 -1
368 -1
369 -1
370 -1
372 -1
373 -1
374 4
375 77
376 78
377 -1
378 2
379 2
380 -1
381 17
382 67
383 -1
384 -1
385 79
386 52
387 -1
388 -1
389 -1
390 80
391 -1
392 46
393 -1
394 81
395 -1
396 -1
397 -1
398 2
399 -1
400 82
401 -1
402 -1
403 74
404 -1
405 -1
406 -1
407 2
408 83
409 0
410 5
411 -1
412 -1
413 84
414 59
415 7
416 76
417 2
418 -1
419 -1
420 -1
421 2
422 85
423 -1
424 12
425 -1
426 18
427 5
428 -1
429 86
430 87
431 88
432 117
433 89
434 90
435 -1
436 -1
437 -1
438 -1
440 91
441 -1
442 133
443 -1
444 2
445 92
446 -1
447 2
448 -1
449 -1
450 -1
451 59
452 93
453 -1
454 -1
455 94
457 -1
458 -1
459 -1
460 -1
461 -1
462 -1
463 95
464 5
465 -1
466 -1
467 -1
468 -1
469 2
470 63
471 54
472 -1
473 96
474 -1
475 97
476 -1
477 44
478 144
479 2
480 -1
481 5
482 -1
483 98
484 -1
485 -1
486 41
487 99
489 -1
490 -1
491 -1
492 94
493 -1
494 -1
495 -1
496 100
497 -1
498 -1
499 -1
501 101
502 -1
503 3
506 100
509 63
510 -1
511 102
512 59
513 103
516 30
518 4
519 46
520 -1
521 -1
522 88
523 73
524 -1
525 -1
527 65
528 37
529 13
530 103
531 -1
532 -1
533 6
534 -1
535 -1
536 -1
537 104
539 -1
540 -1
541 -1
542 -1
543 35
544 -1
545 53
546 2
547 141
549 100
550 105
551 -1
552 29
553 2
554 106
555 107
556 -1
557 34
558 -1
559 38
560 -1
562 32
563 146
564 2
566 -1
567 -1
568 38
569 -1
570 26
571 -1
572 143
573 -1
574 -1
575 134
576 -1
577 73
578 -1
579 -1
580 -1
581 61
582 -1
583 107
584 -1
585 2
586 65
587 -1
588 106
589 -1
590 -1
592 -1
594 87
595 -1
596 54
597 2
598 -1
599 -1
600 58
601 108
602 8
604 99
605 90
606 -1
607 -1
608 -1
609 70
610 -1
611 -1
612 -1
613 -1
614 61
615 -1
616 48
617 -1
618 -1
619 -1
620 92
621 108
622 2
623 -1
624 -1
625 -1
626 32
627 -1
628 109
629 -1
630 -1
631 74
632 18
633 -1
634 38
635 -1
636 76
637 -1
638 -1
639 36
640 -1
641 -1
642 -1
643 -1
644 87
645 65
646 -1
647 33
648 25
651 8
652 -1
653 -1
654 77
655 88
656 13
657 96
658 2
659 22
660 44
661 86
662 -1
663 142
664 147
665 114
666 23
667 -1
668 -1
670 13
671 5
672 49
673 76
674 -1
675 99
676 -1
678 -1
679 110
680 -1
681 2
682 118
683 -1
684 2
685 2
686 111
687 130
688 -1
689 18
690 -1
691 -1
692 5
693 2
694 -1
695 -1
696 -1
697 -1
698 -1
699 2
701 -1
702 49
703 -1
704 -1
705 -1
706 -1
707 -1
708 104
709 112
710 140
711 -1
712 27
713 113
714 -1
716 -1
717 82
718 8
719 8
720 5
722 8
723 46
724 74
725 60
726 -1
727 77
728 70
729 -1
730 87
731 -1
732 -1
733 -1
734 -1
735 -1
736 6
737 43
738 114
739 -1
740 79
741 -1
742 145
743 2
744 -1
745 85
746 8
747 81
748 115
749 116
751 -1
752 2
753 126
754 60
755 96
756 -1
757 -1
758 43
760 128
761 -1
762 109
763 41
764 -1
765 117
766 -1
767 94
768 88
769 2
770 -1
771 5
772 64
773 17
774 14
775 118
776 107
777 22
778 8
779 5
780 2
781 87
782 3
783 -1
784 39
785 -1
787 -1
788 -1
789 -1
790 100
791 99
793 84
794 -1
795 -1
796 2
797 -1
798 -1
799 78
800 70
801 55
802 -1
803 0
804 65
805 -1
806 112
807 2
808 91
809 -1
810 -1
811 64
812 -1
813 2
814 55
815 48
817 -1
818 -1
819 42
820 119
821 8
822 93
823 2
824 -1
826 18
827 88
828 91
829 44
830 2
831 78
832 61
833 120
834 -1
835 106
836 7
837 -1
838 17
839 109
840 28
841 14
843 -1
846 1
847 115
848 11
849 81
850 -1
852 34
853 -1
855 40
856 -1
857 -1
858 30
859 92
860 39
861 -1
862 -1
863 132
864 -1
865 51
866 73
867 46
868 135
869 -1
871 7
872 -1
873 -1
874 -1
875 -1
876 50
877 8
878 63
879 -1
881 46
882 6
883 65
884 7
885 2
888 -1
889 14
890 94
891 -1
892 2
893 -1
894 -1
895 2
896 88
897 -1
898 86
899 63
900 28
901 121
902 98
903 63
904 73
905 -1
906 9
907 5
909 5
910 -1
911 -1
912 -1
913 102
914 5
915 2
916 -1
917 -1
918 6
919 0
920 52
921 -1
922 70
923 -1
924 -1
925 122
926 51
927 53
928 84
929 -1
930 33
931 -1
932 142
933 -1
934 7
936 39
937 90
938 -1
939 59
940 18
941 -1
942 90
943 31
944 0
946 -1
947 -1
948 -1
949 -1
950 92
951 -1
953 46
954 32
955 -1
956 13
957 -1
958 104
959 65
960 -1
961 63
962 67
963 100
964 -1
965 20
967 66
968 -1
969 30
970 -1
971 97
972 84
973 71
974 123
975 96
977 -1
978 49
979 -1
980 120
981 5
982 148
983 75
984 -1
985 39
987 -1
988 50
989 14
990 115
991 2
992 -1
993 8
994 -1
995 -1
996 -1
998 70
999 2
1000 -1
1001 -1
1002 -1
1003 -1
1004 -1
1005 -1
1006 77
1008 19
1009 -1
1010 29
1011 -1
1013 21
1014 8
1015 -1
1016 5
1017 100
1019 7
1020 82
1021 87
1022 2
1023 75
1024 -1
1025 135
1027 -1
1028 2
1029 -1
1030 -1
1031 89
1032 68
1034 -1
1035 5
1036 55
1037 7
1038 43
1040 84
1042 7
1044 110
1045 -1
1046 27
1047 80
1048 -1
1049 5
1050 63
1052 -1
1053 147
1054 -1
1055 -1
1057 -1
1058 -1
1059 38
1060 40
1061 18
1062 4
1063 -1
1064 46
1065 2
1066 -1
1067 -1
1068 121
1069 -1
1070 -1
1071 7
1072 124
1074 36
1075 122
1076 37
1077 -1
1078 -1
1079 -1
1080 139
1081 5
1082 125
1083 -1
1084 5
1085 -1
1086 -1
1087 -1
1088 46
1089 4
1090 141
1091 7
1092 125
1093 -1
1094 -1
1095 65
1097 5
1098 19
1099 14
1100 111
1101 93
1103 115
1104 54
1105 126
1106 75
1107 6
1108 9
1109 127
1110 2
1111 -1
1112 -1
1113 44
1114 101
1115 -1
1116 19
1117 102
1118 128
1119 69
1120 -1
1121 93
1122 -1
1123 -1
1124 -1
1125 43
1126 21
1127 -1
1128 -1
1129 132
1130 -1
1131 14
1132 -1
1133 -1
1134 17
1135 2
1137 2
1139 -1
1140 102
1141 114
1142 -1
1143 140
1144 13
1145 99
1146 93
1147 -1
1148 5
1149 67
1150 54
1151 -1
1154 17
1155 2
1158 -1
1159 7
1160 35
1161 28
1162 77
1163 114
1165 80
1166 133
1167 105
1168 18
1169 -1
1170 -1
1171 137
1172 63
1173 60
1174 121
1177 130
1178 37
1179 -1
1180 42
1181 103
1182 -1
1183 -1
1184 74
1185 98
1186 -1
1187 27
1188 121
1189 23
1190 43
1191 -1
1192 23
1193 55
1194 11
1195 5
1196 18
1197 -1
1198 -1
1199 90
1200 63
1201 -1
1203 96
1205 76
1206 87
1207 -1
1209 -1
1210 -1
1211 -1
1212 54
1213 14
1214 -1
1215 -1
1216 104
1217 59
1218 -1
1219 -1
1220 93
1221 -1
1222 116
1223 137
1225 22
1226 67
1227 107
1228 -1
1229 -1
1230 -1
1232 110
1234 17
1235 120
1237 45
1238 123
1239 7
1240 -1
1241 108
1242 -1
1243 -1
1245 -1
1246 -1
1247 48
1248 80
1249 5
1250 56
1251 -1
1252 87
1253 18
1255 33
1256 116
1257 10
1258 14
1259 -1
1260 21
1261 91
1262 -1
1263 84
1265 -1
1266 -1
1267 65
1269 4
1270 -1
1271 46
1272 127
1273 -1
1274 2
1275 45
1277 2
1278 -1
1279 67
1281 8
1283 -1
1284 -1
1285 42
1286 -1
1289 33
1290 -1
1291 42
1292 111
1293 -1
1294 67
1295 -1
1296 3
1297 32
1298 -1
1299 63
1300 -1
1301 5
1302 -1
1303 -1
1305 143
1306 127
1307 14
1308 129
1310 76
1311 49
1313 23
1314 -1
1315 124
1316 87
1317 -1
1319 14
1320 69
1321 65
1323 130
1324 -1
1325 46
1326 2
1327 -1
1328 9
1329 63
1330 45
1332 -1
1333 -1
1334 100
1335 86
1336 46
1337 11
1339 2
1340 5
1341 -1
1343 36
1344 138
1345 -1
1346 -1
1347 40
1348 -1
1349 -1
1350 1
1351 2
1352 67
1353 -1
1354 -1
1355 -1
1357 33
1358 -1
1359 -1
1360 37
1361 4
1362 -1
1363 24
1364 2
1365 -1
1366 -1
1367 -1
1368 2
1369 88
1370 -1
1372 -1
1373 -1
1374 45
1375 129
1376 -1
1377 -1
1378 17
1380 72
1381 41
1382 101
1384 -1
1385 5
1387 126
1388 18
1389 76
1391 43
1392 147
1393 -1
1394 87
1395 8
1396 -1
1397 -1
1399 106
1400 24
1401 -1
1402 126
1403 8
1404 29
1405 -1
1406 -1
1407 34
1408 69
1410 127
1411 2
1412 27
1413 7
1414 -1
1415 -1
1416 63
1417 -1
1418 -1
1419 7
1420 67
1421 -1
1422 50
1423 130
1425 -1
1426 2
1427 59
1429 -1
1431 -1
1432 2
1433 51
1434 -1
1436 -1
1438 5
1439 2
1440 49
1441 5
1442 -1
1443 10
1444 -1
1445 109
1446 -1
1447 34
1448 -1
1449 121
1450 -1
1451 -1
1452 63
1453 8
1454 65
1455 -1
1456 41
1457 -1
1459 2
1460 106
1461 2
1462 21
1463 17
1464 69
1465 57
1466 108
1467 -1
1468 63
1469 -1
1470 31
1471 9
1472 -1
1473 -1
1474 82
1475 131
1476 131
1479 52
1480 54
1481 114
1482 2
1483 0
1484 59
1486 -1
1487 5
1490 27
1491 65
1492 39
1493 113
1494 -1
1495 -1
1496 16
1497 -1
1498 -1
1499 79
1500 -1
1501 -1
1502 59
1503 56
1504 -1
1506 98
1507 -1
1508 -1
1509 -1
1510 2
1512 -1
1514 -1
1515 89
1517 -1
1518 -1
1520 84
1521 27
1522 129
1523 46
1524 -1
1525 17
1526 107
1527 -1
1528 2
1529 -1
1530 -1
1531 5
1532 -1
1534 11
1535 85
1536 -1
1537 46
1538 9
1540 -1
1541 -1
1542 88
1543 -1
1544 105
1545 107
1546 19
1547 -1
1549 -1
1551 -1
1552 2
1553 42
1554 -1
1555 147
1556 110
1557 -1
1558 -1
1560 67
1563 1
1565 -1
1566 94
1567 68
1568 1
1570 -1
1571 -1
1572 132
1573 6
1574 67
1575 -1
1576 97
1577 -1
1578 -1
1579 -1
1581 -1
1582 2
1583 -1
1584 5
1585 -1
1586 -1
1587 -1
1588 82
1589 -1
1590 -1
1591 97
1593 39
1595 -1
1597 -1
1599 27
1601 52
1602 -1
1603 45
1604 10
1605 83
1607 52
1609 -1
1610 101
1611 24
1613 137
1614 -1
1615 48
1616 82
1617 -1
1618 125
1619 5
1621 -1
1623 98
1625 -1
1626 93
1627 -1
1628 45
1629 67
1630 142
1631 2
1632 21
1633 -1
1635 -1
1636 54
1637 -1
1639 -1
1640 66
1643 7
1644 120
1645 -1
1646 138
1647 8
1648 -1
1650 101
1651 31
1652 -1
1653 19
1654 7
1655 73
1656 96
1657 14
1658 -1
1659 111
1660 132
1661 49
1662 121
1663 88
1664 23
1665 -1
1666 38
1667 27
1668 68
1669 120
1670 55
1671 2
1674 -1
1676 5
1677 80
1678 -1
1679 -1
1681 133
1682 61
1684 -1
1685 -1
1686 74
1687 51
1688 -1
1689 -1
1691 2
1692 97
1694 75
1695 -1
1696 134
1697 2
1698 -1
1699 5
1701 -1
1702 -1
1703 1
1704 -1
1705 5
1706 -1
1707 26
1708 14
1709 -1
1712 106
1713 18
1715 8
1716 113
1718 -1
1719 2
1720 -1
1721 13
1722 -1
1723 63
1724 -1
1725 -1
1726 52
1727 79
1728 135
1730 -1
1732 69
1733 -1
1734 0
1735 -1
1736 75
1737 -1
1738 123
1739 115
1740 -1
1741 -1
1742 60
1743 42
1745 5
1747 67
1748 38
1749 -1
1750 5
1751 -1
1752 3
1753 -1
1754 8
1755 70
1756 61
1757 5
1758 42
1759 76
1761 36
1762 2
1764 136
1765 -1
1766 124
1767 -1
1768 -1
1769 70
1771 5
1772 46
1774 24
1775 -1
1776 39
1777 25
1778 56
1779 56
1780 -1
1781 71
1782 84
1783 95
1784 2
1785 -1
1786 -1
1788 14
1789 19
1790 88
1791 5
1792 127
1793 -1
1794 -1
1795 137
1796 -1
1797 93
1799 5
1801 44
1802 -1
1804 46
1805 26
1806 129
1807 -1
1808 97
1809 5
1810 19
1811 -1
1813 -1
1815 8
1816 148
1817 2
1818 2
1819 17
1820 -1
1821 -1
1822 14
1824 65
1825 -1
1826 123
1827 -1
1829 -1
1830 64
1831 -1
1832 111
1833 126
1834 -1
1837 50
1839 -1
1840 18
1841 8
1842 69
1843 50
1845 -1
1846 -1
1847 133
1848 -1
1849 -1
1850 -1
1851 7
1853 -1
1854 -1
1855 57
1857 68
1858 2
1860 66
1861 36
1863 147
1864 130
1865 -1
1866 -1
1867 108
1868 46
1869 120
1870 -1
1871 118
1873 -1
1874 68
1875 -1
1876 107
1877 -1
1878 -1
1879 111
1880 -1
1881 -1
1882 2
1883 73
1884 41
1885 59
1887 5
1888 -1
1889 -1
1890 -1
1891 15
1894 74
1895 65
1896 133
1897 116
1899 138
1900 13
1902 7
1903 86
1904 95
1906 -1
1907 138
1908 13
1909 55
1910 -1
1911 -1
1912 44
1913 -1
1914 4
1915 15
1916 65
1917 96
1918 57
1919 42
1920 35
1921 140
1923 -1
1924 -1
1925 -1
1926 117
1927 3
1928 5
1929 -1
1931 -1
1933 -1
1934 -1
1935 107
1936 53
1938 67
1939 -1
1940 139
1941 112
1942 -1
1943 45
1944 -1
1945 -1
1947 84
1948 -1
1949 118
1950 -1
1951 79
1952 -1
1953 98
1954 15
1955 52
1957 138
1959 122
1962 74
1964 -1
1965 69
1966 59
1967 60
1968 14
1969 37
1970 -1
1971 2
1972 116
1973 133
1974 140
1976 -1
1977 149
1978 4
1979 122
1980 -1
1982 20
1983 62
1985 143
1986 -1
1987 115
1991 2
1992 46
1993 17
1994 122
1995 -1
1997 -1
1998 116
2000 2
2001 0
2003 62
2006 -1
2008 2
2009 123
2010 2
2011 2
2012 24
2013 93
2014 139
2015 5
2016 -1
2017 -1
2018 -1
2019 107
2020 -1
2021 -1
2022 122
2024 -1
2025 93
2026 -1
2027 30
2028 6
2029 -1
2031 70
2032 109
2033 10
2034 64
2035 134
2036 121
2037 123
2038 -1
2039 -1
2040 -1
2041 16
2042 62
2043 5
2044 32
2045 21
2046 -1
2047 -1
2049 17
2050 -1
2051 -1
2053 12
2054 -1
2055 146
2056 -1
2057 47
2058 -1
2059 105
2061 -1
2062 72
2063 6
2064 111
2065 -1
2067 81
2068 124
2069 22
2070 15
2071 -1
2072 96
2073 50
2075 -1
2076 76
2077 -1
2079 -1
2080 5
2081 -1
2082 5
2083 97
2084 -1
2085 -1
2086 -1
2088 23
2089 17
2090 -1
2091 -1
2092 98
2093 27
2094 22
2096 -1
2097 -1
2099 102
2100 -1
2101 130
2104 125
2105 -1
2107 -1
2108 -1
2109 108
2110 2
2111 -1
2113 -1
2114 65
2115 128
2116 47
2117 21
2118 -1
2119 18
2121 -1
2122 -1
2123 -1
2124 8
2125 -1
2126 14
2127 -1
2128 52
2129 -1
2130 65
2131 65
2132 139
2133 13
2135 -1
2136 -1
2137 78
2138 88
2139 17
2140 -1
2141 -1
2142 19
2143 53
2144 -1
2145 53
2147 20
2148 80
2149 -1
2150 -1
2151 17
2152 136
2153 -1
2154 120
2155 67
2156 -1
2157 63
2158 27
2159 28
2160 5
2161 14
2162 -1
2163 74
2164 -1
2167 36
2168 -1
2170 132
2171 106
2172 83
2174 -1
2175 81
2176 -1
2177 -1
2178 43
2181 60
2182 -1
2183 -1
2184 14
2185 -1
2187 -1
2188 106
2189 8
2190 43
2191 103
2192 38
2195 5
2196 75
2197 -1
2198 126
2200 -1
2201 0
2203 93
2204 133
2206 -1
2208 55
2211 90
2213 44
2214 -1
2215 -1
2217 117
2219 43
2220 19
2221 13
2222 40
2226 116
2227 12
2229 13
2230 63
2232 -1
2233 70
2234 -1
2235 -1
2236 2
2238 -1
2239 31
2240 5
2241 -1
2242 16
2243 -1
2244 59
2245 -1
2246 -1
2247 101
2248 -1
2249 -1
2253 -1
2254 105
2257 -1
2258 -1
2259 139
2260 29
2261 92
2262 -1
2263 0
2264 -1
2265 5
2266 27
2267 -1
2268 -1
2269 -1
2270 -1
2272 54
2274 2
2275 -1
2277 76
2279 -1
2280 80
2281 -1
2282 -1
2283 -1
2284 58
2286 138
2287 13
2288 134
2289 13
2290 -1
2292 -1
2293 -1
2294 -1
2295 32
2296 1
2297 -1
2299 -1
2300 52
2301 30
2302 -1
2303 -1
2304 2
2305 -1
2306 112
2307 124
2308 147
2309 -1
2310 -1
2311 2
2312 -1
2313 11
2314 45
2315 95
2316 110
2317 107
2318 -1
2319 -1
2321 87
2322 8
2323 -1
2324 -1
2325 -1
2326 5
2327 3
2328 107
2329 -1
2331 84
2332 104
2333 90
2334 -1
2335 146
2336 67
2337 18
2338 54
2339 127
2340 147
2341 36
2342 146
2343 133
2344 4
2346 -1
2347 -1
2348 2
2349 127
2350 -1
2351 125
2352 -1
2353 -1
2354 17
2355 14
2357 -1
2358 118
2359 -1
2361 -1
2363 -1
2364 2
2365 -1
2366 110
2367 -1
2369 7
2370 5
2371 -1
2373 -1
2374 128
2375 -1
2376 -1
2378 2
2379 -1
2380 0
2381 5
2382 28
2384 3
2385 -1
2386 17
2387 17
2388 90
2389 -1
2390 -1
2391 84
2392 7
2393 -1
2394 76
2395 2
2397 -1
2398 6
2399 2
2401 2
2403 4
2404 -1
2405 -1
2406 -1
2407 39
2410 -1
2412 -1
2413 -1
2414 86
2415 -1
2416 103
2417 43
2418 73
2420 7
2422 78
2425 -1
2426 123
2427 135
2428 -1
2430 52
2431 55
2432 -1
2433 123
2434 89
2435 -1
2436 62
2437 -1
2438 -1
2439 107
2440 2
2441 -1
2442 -1
2443 102
2444 -1
2445 36
2446 75
2447 18
2448 -1
2449 34
2450 -1
2451 122
2452 5
2453 67
2454 27
2455 29
2456 -1
2457 -1
2458 -1
2460 2
2461 42
2463 18
2464 -1
2465 18
2467 17
2468 45
2469 1
2470 -1
2471 -1
2472 -1
2473 135
2474 -1
2475 2
2476 143
2477 -1
2478 140
2479 80
2480 2
2482 88
2483 -1
2484 2
2485 106
2486 19
2488 30
2490 -1
2491 -1
2492 59
2494 33
2495 119
2497 22
2498 62
2500 139
2501 -1
2503 74
2504 117
2505 -1
2506 136
2507 7
2508 -1
2509 104
2511 -1
2512 -1
2513 84
2514 2
2515 2
2516 -1
2517 140
2518 64
2519 125
2520 27
2522 112
2524 71
2525 106
2526 82
2527 -1
2528 -1
2529 90
2531 65
2533 115
2534 98
2536 -1
2537 -1
2538 24
2540 110
2542 -1
2543 -1
2544 144
2545 -1
2546 129
2547 65
2548 115
2549 23
2550 25
2551 136
2552 5
2553 -1
2555 -1
2556 -1
2557 37
2558 2
2559 -1
2560 86
2561 44
2562 -1
2563 8
2564 -1
2566 63
2567 133
2568 141
2569 -1
2570 84
2571 -1
2572 -1
2574 100
2576 5
2577 -1
2578 -1
2580 127
2582 123
2584 12
2585 86
2586 35
2587 64
2588 -1
2589 60
2590 -1
2591 -1
2592 -1
2593 -1
2594 136
2596 7
2597 8
2598 75
2599 34
2600 67
2602 28
2603 -1
2604 28
2605 2
2606 -1
2607 65
2608 39
2609 -1
2610 -1
2612 -1
2613 51
2614 98
2615 -1
2616 36
2617 19
2618 -1
2619 123
2621 46
2622 -1
2623 142
2624 85
2625 -1
2626 -1
2627 71
2629 2
2630 0
2631 -1
2632 136
2633 5
2634 5
2635 -1
2636 118
2637 -1
2641 36
2642 -1
2644 38
2645 142
2647 -1
2648 61
2649 17
2650 2
2651 -1
2652 -1
2653 5
2654 -1
2655 -1
2656 -1
2657 32
2658 -1
2660 -1
2661 -1
2664 7
2665 6
2666 114
2667 -1
2668 129
2669 89
2670 -1
2671 14
2672 125
2673 9
2675 -1
2676 74
2677 2
2678 -1
2679 95
2680 27
2681 -1
2682 7
2683 -1
2684 76
2685 144
2686 -1
2687 -1
2688 0
2689 33
2690 -1
2691 -1
2692 -1
2694 131
2695 -1
2696 35
2697 2
2698 -1
2699 -1
2700 65
2701 76
2702 -1
2703 -1
2705 -1
2706 4
2709 -1
2710 77
2711 47
2712 46
2713 -1
2714 -1
2716 -1
2717 2
2718 57
2721 -1
2722 0
2723 145
2726 45
2727 137
2728 -1
2729 -1
2730 -1
2731 17
2732 5
2733 -1
2735 44
2737 2
2738 31
2739 14
2741 -1
2742 3
2743 22
2744 -1
2745 25
2747 8
2748 46
2749 -1
2751 -1
2752 14
2753 149
2754 88
2756 -1
2757 -1
2758 -1
2759 2
2760 -1
2761 49
2762 108
2763 -1
2764 -1
2765 122
2766 -1
2767 6
2768 -1
2770 -1
2776 113
2777 109
2778 5
2779 65
2780 -1
2781 -1
2782 43
2784 2
2785 -1
2786 -1
2787 5
2788 72
2789 46
2790 143
2791 107
2792 -1
2793 2
2794 65
2795 -1
2797 8
2799 49
2800 17
2801 -1
2802 30
2804 29
2805 44
2806 -1
2807 -1
2808 144
2809 14
2811 -1
2812 27
2814 -1
2815 113
2816 -1
2817 144
2818 -1
2820 46
2822 134
2823 2
2824 105
2825 -1
2826 38
2827 -1
2828 -1
2829 47
2830 46
2832 8
2834 2
2835 80
2836 27
2837 -1
2838 2
2839 -1
2841 -1
2842 2
2843 92
2844 96
2845 60
2846 90
2847 -1
2848 -1
2849 90
2851 -1
2852 106
2853 -1
2854 7
2855 -1
2856 -1
2857 -1
2858 -1
2859 -1
2861 135
2862 -1
2863 -1
2864 132
2866 -1
2867 -1
2868 -1
2869 -1
2870 2
2871 19
2873 20
2874 57
2875 148
2876 -1
2877 75
2878 65
2879 7
2880 136
2881 108
2883 63
2884 -1
2885 49
2886 72
2887 -1
2888 59
2891 -1
2892 -1
2893 -1
2894 75
2895 107
2896 42
2898 -1
2899 108
2900 119
2901 -1
2903 79
2904 97
2905 139
2906 -1
2907 -1
2909 120
2910 -1
2911 127
2912 27
2913 133
2914 8
2915 123
2917 -1
2919 88
2920 93
2921 2
2922 -1
2923 16
2924 18
2925 -1
2926 17
2927 65
2928 -1
2929 90
2930 -1
2931 -1
2932 83
2934 -1
2935 -1
2936 80
2937 120
2938 -1
2940 29
2941 -1
2942 -1
2943 -1
2946 -1
2947 -1
2948 -1
2949 114
2950 8
2951 7
2952 -1
2955 -1
2956 9
2957 68
2958 109
2960 -1
2961 -1
2962 -1
2964 107
2965 138
2966 95
2967 -1
2968 68
2969 -1
2970 2
2971 -1
2972 2
2973 -1
2974 75
2975 105
2976 53
2977 63
2978 1
2979 -1
2980 6
2982 5
2983 89
2984 26
2986 101
2987 -1
2988 20
2989 59
2990 46
2991 84
2992 64
2994 1
2995 18
2996 124
2997 -1
3001 -1
3002 88
3003 104
3004 -1
3006 -1
3007 18
3008 -1
3009 108
3011 -1
3012 39
3013 30
3014 64
3015 -1
3016 5
3018 -1
3020 149
3021 61
3022 7
3023 14
3024 124
3025 -1
3026 7
3027 2
3028 5
3029 -1
3031 2
3034 47
3035 116
3036 -1
3037 2
3038 17
3039 -1
3040 -1
3041 -1
3042 43
3043 144
3044 74
3045 2
3046 -1
3047 -1
3048 -1
3049 38
3050 58
3052 -1
3053 149
3054 18
3056 14
3057 -1
3058 38
3059 44
3060 -1
3061 26
3063 70
3064 112
3066 5
3067 2
3068 -1
3069 -1
3071 -1
3072 -1
3074 5
3075 137
3076 8
3077 22
3078 102
3080 6
3081 -1
3082 -1
3083 64
3084 84
3085 -1
3086 -1
3087 2
3088 -1
3089 18
3090 91
3091 -1
3092 -1
3093 75
3095 -1
3096 -1
3097 -1
3098 -1
3101 -1
3102 148
3103 64
3104 -1
3105 -1
3106 59
3109 18
3110 5
3111 141
3112 74
3113 -1
3115 75
3116 132
3117 7
3118 61
3119 28
3120 -1
3121 65
3122 59
3123 -1
3124 -1
3126 -1
3127 145
3130 -1
3133 -1
3134 -1
3140 -1
3141 -1
3143 -1
3144 24
3145 -1
3146 135
3147 5
3150 -1
3151 87
3152 -1
3153 84
3154 -1
3155 -1
3156 130
3158 -1
3159 51
3162 5
3163 -1
3165 -1
3166 94
3167 42
3168 3
3169 -1
3171 67
3173 99
3174 -1
3176 14
3177 -1
3179 111
3180 -1
3181 108
3182 1
3183 43
3184 13
3185 -1
3186 65
3187 43
3188 108
3189 89
3191 23
3192 43
3194 -1
3195 118
3196 -1
3197 119
3198 -1
3201 76
3202 20
3204 -1
3208 101
3212 -1
3213 29
3214 -1
3216 -1
3217 -1
3218 14
3219 -1
3220 -1
3221 1
3222 14
3223 27
3224 -1
3225 -1
3226 80
3227 76
3230 77
3231 -1
3233 -1
3234 135
3235 38
3236 -1
3237 -1
3240 22
3243 85
3245 85
3246 54
3247 104
3248 -1
3250 -1
3253 2
3254 31
3256 65
3257 5
3258 49
3259 2
3261 -1
3262 -1
3263 -1
3264 -1
3265 59
3266 129
3268 6
3269 97
3270 75
3271 -1
3272 16
3273 -1
3274 84
3275 1
3276 -1
3277 13
3278 134
3279 105
3280 -1
3281 -1
3282 -1
3283 -1
3284 26
3285 92
3286 125
3287 -1
3288 141
3289 -1
3290 79
3291 96
3292 -1
3293 145
3294 24
3295 111
3296 -1
3297 -1
3301 -1
3302 -1
3304 -1
3306 -1
3307 -1
3308 -1
3309 100
3310 -1
3312 -1
3314 17
3315 0
3316 49
3317 1
3318 5
3322 67
3325 -1
3326 1
3327 -1
3328 -1
3329 56
3331 -1
3333 38
3335 -1
3336 126
3337 110
3339 14
3340 17
3341 -1
3342 -1
3343 -1
3345 41
3347 5
3350 43
3351 -1
3352 54
3353 -1
3354 7
3355 -1
3356 93
3357 -1
3359 86
3360 52
3362 -1
3363 28
3367 -1
3368 69
3369 14
3370 -1
3371 -1
3373 6
3374 -1
3375 8
3376 81
3377 5
3379 -1
3380 -1
3382 -1
3383 -1
3384 82
3385 27
3386 -1
3387 90
3388 121
3389 114
3391 7
3392 4
3393 102
3394 86
3396 8
3397 134
3399 2
3402 -1
3403 -1
3404 -1
3405 7
3406 -1
3407 -1
3409 5
3412 -1
3413 55
3414 -1
3415 -1
3416 2
3417 18
3418 35
3420 -1
3421 19
3422 64
3423 -1
3424 -1
3426 5
3427 -1
3428 -1
3430 -1
3432 127
3433 72
3434 -1
3435 27
3439 -1
3440 6
3442 72
3443 65
3444 46
3445 -1
3447 -1
3448 -1
3449 0
3451 -1
3452 58
3453 23
3454 8
3455 44
3456 88
3457 60
3458 -1
3460 135
3461 -1
3462 10
3464 -1
3465 19
3466 60
3467 63
3470 59
3471 -1
3472 85
3473 85
3474 46
3475 26
3476 67
3477 7
3478 98
3481 18
3482 -1
3485 -1
3486 -1
3487 83
3490 21
3491 -1
3493 26
3494 114
3495 44
3496 60
3497 -1
3499 -1
3500 65
3501 -1
3502 101
3503 18
3504 -1
3506 -1
3507 5
3509 -1
3510 84
3511 -1
3512 -1
3513 68
3514 -1
3515 -1
3516 51
3517 -1
3518 -1
3519 28
3520 5
3521 2
3523 -1
3525 27
3526 25
3527 -1
3528 -1
3529 27
3531 -1
3532 67
3533 48
3534 -1
3535 109
3536 -1
3537 61
3538 -1
3539 67
3540 48
3541 25
3543 16
3544 50
3545 -1
3546 65
3548 -1
3549 -1
3550 -1
3551 -1
3552 107
3553 -1
3554 67
3555 8
3556 142
3557 59
3558 -1
3559 -1
3560 8
3561 2
3562 20
3565 -1
3566 -1
3568 -1
3569 66
3571 7
3572 -1
3575 -1
3579 -1
3582 -1
3583 5
3584 -1
3586 43
3588 -1
3590 30
3591 -1
3592 143
3593 -1
3594 2
3596 21
3598 117
3600 -1
3602 -1
3604 57
3606 13
3610 55
3612 -1
3613 40
3615 99
3616 44
3617 93
3618 72
3622 5
3623 146
3624 -1
3625 -1
3626 -1
3627 -1
3630 5
3633 -1
3635 51
3637 7
3638 -1
3639 -1
3640 -1
3642 -1
3643 -1
3644 101
3645 134
3646 14
3647 5
3648 -1
3649 46
3650 2
3651 -1
3652 -1
3653 -1
3655 -1
3656 -1
3657 -1
3658 -1
3659 -1
3660 -1
3661 -1
3662 -1
3663 95
3664 126
3665 -1
3667 114
3668 71
3669 40
3672 142
3673 2
3675 -1
3677 81
3679 68
3681 -1
3683 106
3685 34
3686 60
3688 29
3689 -1
3690 -1
3691 -1
3693 41
3695 123
3696 -1
3697 85
3698 -1
3699 5
3700 2
3701 -1
3702 -1
3704 -1
3705 98
3706 145
3707 -1
3712 14
3713 10
3714 93
3715 -1
3716 27
3717 2
3718 -1
3719 43
3720 67
3721 -1
3722 144
3725 0
3726 -1
3727 28
3729 1
3730 14
3733 -1
3735 -1
3736 -1
3737 7
3738 -1
3739 100
3741 -1
3743 98
3744 80
3745 112
3747 -1
3748 10
3749 -1
3750 -1
3752 44
3753 122
3755 -1
3756 -1
3757 -1
3759 -1
3761 115
3762 -1
3764 62
3765 44
3767 29
3770 44
3771 65
3772 8
3778 102
3779 14
3781 14
3783 -1
3785 2
3786 -1
3787 -1
3788 -1
3790 6
3791 85
3795 14
3797 -1
3798 2
3799 145
3800 35
3802 118
3803 143
3804 -1
3806 80
3807 105
3810 125
3812 7
3813 24
3814 42
3815 -1
3816 38
3817 -1
3818 -1
3819 65
3820 62
3821 14
3822 -1
3824 91
3825 59
3826 -1
3828 -1
3832 8
3833 -1
3834 -1
3835 -1
3837 2
3838 -1
3839 2
3841 -1
3843 -1
3844 120
3848 -1
3849 44
3850 58
3851 -1
3852 26
3855 89
3856 2
3858 44
3859 107
3861 -1
3863 2
3865 83
3866 -1
3867 -1
3868 3
3870 133
3871 -1
3874 -1
3875 107
3876 -1
3877 -1
3878 127
3879 52
3881 -1
3883 76
3884 -1
3886 9
3887 -1
3888 -1
3889 5
3891 8
3892 -1
3893 -1
3894 122
3896 125
3901 -1
3902 70
3904 2
3905 -1
3907 5
3908 21
3909 -1
3910 5
3912 -1
3913 105
3914 94
3915 43
3916 13
3918 -1
3919 -1
3920 88
3921 23
3922 5
3924 59
3925 70
3926 75
3927 59
3928 14
3930 141
3931 -1
3932 -1
3933 8
3935 8
3936 45
3937 6
3941 -1
3942 7
3943 49
3945 2
3946 -1
3947 8
3949 121
3950 2
3951 -1
3954 72
3957 7
3958 5
3959 -1
3960 32
3961 -1
3962 68
3964 40
3965 117
3967 49
3968 41
3970 2
3971 127
3972 67
3976 125
3978 94
3979 40
3980 42
3981 9
3982 56
3983 -1
3985 -1
3986 -1
3987 90
3988 65
3989 5
3990 2
3991 131
3992 46
3994 -1
3997 17
3998 -1
3999 28
4000 -1
4001 40
4002 -1
4003 28
4004 -1
4006 13
4009 83
4011 -1
4012 -1
4013 -1
4014 -1
4015 -1
4016 19
4018 -1
4019 143
4020 -1
4021 -1
4022 127
4023 92
4024 -1
4026 125
4027 98
4028 5
4029 -1
4030 47
4031 -1
4032 122
4033 2
4034 2
4035 -1
4038 5
4039 118
4040 -1
4043 -1
4044 14
4045 -1
4047 115
4051 -1
4052 51
4054 -1
4055 5
4056 -1
4057 25
4059 103
4060 43
4063 145
4065 2
4066 129
4067 27
4068 -1
4071 1
4072 33
4074 148
4076 -1
4078 -1
4080 -1
4081 91
4082 -1
4083 8
4085 -1
4086 2
4087 111
4088 -1
4090 -1
4091 136
4092 62
4093 61
4094 119
4095 -1
4096 17
4097 -1
4100 6
4103 -1
4104 107
4105 -1
4107 -1
4110 -1
4111 15
4113 23
4114 86
4116 83
4117 84
4119 17
4121 -1
4123 4
4124 97
4125 2
4126 -1
4128 44
4129 -1
4130 2
4132 5
4133 114
4135 -1
4136 -1
4137 -1
4138 23
4143 96
4145 111
4147 9
4148 113
4149 131
4150 -1
4151 -1
4153 107
4154 -1
4155 68
4158 2
4159 69
4160 -1
4161 -1
4162 -1
4163 17
4165 7
4166 46
4167 3
4169 27
4171 -1
4173 -1
4175 -1
4176 91
4178 106
4179 125
4180 5
4181 30
4183 35
4185 72
4187 -1
4188 12
4190 -1
4191 48
4192 120
4193 52
4194 59
4195 100
4196 -1
4197 85
4198 5
4199 127
4200 -1
4201 46
4202 -1
4203 2
4208 -1
4209 -1
4210 -1
4211 2
4213 99
4214 105
4215 2
4216 65
4218 14
4219 69
4221 -1
4223 -1
4224 2
4226 8
4227 -1
4229 0
4230 6
4231 80
4233 -1
4234 146
4235 2
4237 81
4239 4
4240 2
4241 -1
4242 98
4243 -1
4244 5
4245 71
4246 -1
4247 -1
4248 137
4250 11
4251 -1
4253 3
4255 -1
4256 74
4258 -1
4260 -1
4261 145
4262 43
4265 -1
4268 2
4269 59
4271 125
4274 113
4275 -1
4276 37
4277 18
4278 89
4279 20
4281 -1
4282 -1
4283 72
4284 -1
4285 -1
4286 62
4287 -1
4288 -1
4289 -1
4291 -1
4292 8
4294 27
4295 94
4296 -1
4297 -1
4298 78
4299 5
4301 119
4303 85
4304 -1
4309 -1
4310 128
4311 62
4312 66
4313 26
4315 90
4316 -1
4317 53
4318 -1
4321 -1
4322 48
4323 18
4326 87
4327 18
4329 -1
4330 15
4331 -1
4332 2
4333 116
4335 7
4336 56
4337 6
4338 14
4339 -1
4340 146
4341 140
4342 148
4343 4
4344 15
4345 147
4350 127
4351 47
4355 -1
4356 122
4357 -1
4360 9
4361 95
4362 63
4364 11
4365 18
4366 -1
4367 -1
4368 -1
4370 -1
4372 -1
4373 -1
4374 -1
4377 27
4379 -1
4380 -1
4382 71
4383 -1
4385 36
4386 31
4387 2
4388 41
4389 -1
4390 66
4391 127
4392 -1
4393 7
4395 70
4396 107
4397 5
4398 66
4400 -1
4402 -1
4405 85
4407 -1
4409 -1
4410 -1
4411 108
4412 -1
4413 5
4415 26
4417 7
4418 -1
4419 -1
4420 130
4421 -1
4422 78
4424 -1
4425 -1
4428 81
4429 -1
4430 99
4434 14
4435 -1
4436 15
4437 31
4438 43
4439 107
4440 -1
4442 5
4443 84
4445 2
4446 22
4448 -1
4449 -1
4451 5
4453 125
4454 134
4455 -1
4457 16
4459 -1
4462 -1
4463 121
4465 -1
4466 105
4467 62
4468 -1
4471 -1
4472 -1
4473 -1
4475 -1
4477 -1
4478 149
4479 -1
4480 128
4481 91
4483 78
4485 -1
4487 17
4488 -1
4489 -1
4492 62
4493 86
4494 -1
4495 -1
4497 35
4499 -1
4502 119
4503 -1
4506 107
4507 27
4508 -1
4509 -1
4510 18
4511 48
4512 -1
4514 82
4515 78
4516 -1
4518 -1
4519 -1
4520 134
4521 -1
4522 -1
4523 -1
4525 -1
4526 -1
4527 14
4528 2
4531 7
4532 67
4536 -1
4537 52
4538 -1
4539 149
4540 -1
4542 27
4543 8
4544 -1
4546 -1
4548 80
4549 23
4551 -1
4552 -1
4556 -1
4557 -1
4558 2
4560 -1
4561 137
4562 -1
4565 90
4566 -1
4567 -1
4568 2
4569 95
4571 66
4573 18
4574 85
4575 124
4579 142
4580 -1
4582 31
4583 2
4584 5
4585 69
4587 47
4588 5
4589 63
4590 -1
4591 -1
4592 79
4595 5
4596 -1
4597 126
4598 67
4600 -1
4601 126
4603 23
4604 99
4605 -1
4606 18
4608 -1
4609 92
4610 -1
4611 2
4612 39
4613 80
4616 -1
4618 17
4624 -1
4625 145
4626 43
4628 -1
4630 -1
4631 -1
4632 73
4633 -1
4635 62
4636 -1
4637 -1
4639 -1
4640 -1
4642 -1
4643 131
4644 18
4645 113
4647 108
4649 80
4652 -1
4653 116
4654 -1
4655 2
4656 127
4657 39
4658 12
4659 2
4661 14
4662 -1
4665 103
4667 79
4669 -1
4670 -1
4671 49
4672 101
4674 37
4675 5
4677 -1
4680 5
4681 75
4682 51
4683 107
4684 65
4687 -1
4690 4
4691 43
4692 -1
4695 5
4696 35
4697 127
4698 -1
4700 2
4701 -1
4702 48
4704 -1
4705 -1
4708 -1
4710 27
4711 -1
4714 116
4715 -1
4716 133
4717 -1
4718 43
4719 5
4722 2
4723 7
4725 21
4726 -1
4727 -1
4728 -1
4729 -1
4731 63
4732 131
4733 8
4734 106
4735 -1
4736 -1
4739 127
4740 -1
4742 2
4743 -1
4744 64
4747 0
4748 -1
4749 48
4751 67
4752 27
4753 120
4755 69
4756 27
4757 -1
4758 -1
4762 84
4764 128
4765 -1
4766 -1
4768 97
4771 4
4773 -1
4775 -1
4777 -1
4778 5
4780 -1
4781 -1
4782 4
4783 -1
4785 120
4787 113
4788 40
4789 97
4790 112
4791 -1
4792 -1
4793 -1
4794 107
4795 57
4799 -1
4800 57
4802 -1
4804 -1
4805 68
4807 -1
4808 -1
4809 -1
4811 10
4814 119
4815 -1
4818 -1
4820 34
4821 -1
4822 -1
4824 -1
4828 -1
4829 -1
4830 115
4831 127
4833 107
4834 2
4835 48
4836 -1
4837 131
4838 -1
4839 -1
4840 -1
4841 114
4842 66
4843 -1
4844 39
4846 -1
4848 5
4850 102
4851 -1
4852 -1
4853 -1
4854 107
4855 6
4856 2
4857 99
4858 -1
4860 7
4861 8
4862 12
4863 58
4865 -1
4866 139
4868 107
4869 -1
4870 -1
4871 2
4872 148
4874 97
4875 -1
4878 107
4879 17
4881 37
4882 -1
4884 -1
4886 123
4887 -1
4888 -1
4889 67
4890 21
4892 53
4894 -1
4896 14
4897 -1
4898 97
4900 -1
4901 46
4902 1
4904 34
4906 28
4908 57
4909 7
4911 -1
4912 127
4913 5
4916 -1
4917 -1
4918 -1
4920 -1
4921 16
4922 123
4923 77
4924 34
4926 2
4927 -1
4929 -1
4930 43
4931 149
4932 119
4933 124
4934 -1
4937 8
4938 110
4941 117
4943 97
4944 -1
4945 114
4946 -1
4947 -1
4951 -1
4952 -1
4953 -1
4955 138
4956 -1
4957 125
4959 5
4962 -1
4963 -1
4966 93
4968 -1
4969 -1
4970 -1
4971 106
4972 141
4974 23
4975 -1
4976 -1
4979 38
4982 83
4985 -1
4986 5
4987 -1
4988 44
4989 0
4991 144
4992 -1
4994 81
4995 113
4997 2
4998 -1
4999 -1
