0 -1
1 2
2 13
3 0
4 -1
5 1
6 -1
7 2
8 -1
9 -1
10 -1
11 2
12 -1
13 2
14 3
15 83
16 2
17 2
18 -1
19 2
20 -1
21 4
22 5
23 83
24 5
25 6
26 -1
27 -1
28 2
29 -1
30 2
31 2
32 2
33 7
34 2
35 79
36 77
37 1
38 10
39 2
40 2
41 -1
42 -1
43 8
44 -1
45 9
46 -1
47 -1
48 -1
49 -1
50 10
51 11
52 -1
53 27
54 12
55 13
56 72
57 2
58 2
59 2
60 64
61 2
62 13
63 88
64 -1
65 14
66 15
67 2
68 -1
69 -1
70 16
71 -1
72 -1
73 2
75 17
76 -1
77 -1
78 -1
79 1
80 18
81 2
83 2
84 2
85 2
86 40
87 19
88 -1
89 2
90 2
91 20
92 -1
93 80
94 -1
95 21
96 -1
97 -1
98 22
99 -1
100 2
101 2
102 -1
103 -1
104 -1
105 23
106 1
107 2
108 24
109 -1
110 2
111 25
112 16
114 2
115 -1
116 -1
117 -1
118 2
119 13
120 -1
121 8
122 2
123 -1
124 64
125 -1
126 2
127 2
128 83
129 16
130 -1
131 -1
132 78
133 16
134 -1
135 -1
136 -1
137 2
138 2
139 1
140 -1
141 13
142 18
143 -1
144 26
146 -1
147 -1
148 17
149 27
150 -1
151 -1
152 -1
153 8
154 -1
155 -1
156 -1
157 16
158 -1
159 -1
160 28
161 2
162 16
163 2
164 -1
165 -1
166 -1
167 -1
168 -1
169 2
170 13
171 -1
172 29
173 16
174 40
175 14
176 -1
177 2
178 -1
179 -1
180 -1
181 2
182 -1
183 -1
184 -1
185 18
186 16
187 2
188 2
189 2
190 89
191 -1
192 -1
193 18
194 30
195 2
196 2
197 20
198 -1
199 2
200 31
201 -1
202 2
203 2
204 32
205 13
206 -1
207 -1
208 33
209 2
210 2
211 -1
212 -1
213 -1
214 34
215 13
216 20
217 20
218 16
219 20
220 46
221 2
222 16
223 8
224 4
225 -1
226 35
227 8
228 -1
229 -1
230 2
231 -1
232 13
233 -1
234 -1
235 2
236 -1
237 16
238 -1
239 -1
240 -1
241 2
242 2
243 -1
244 -1
245 -1
246 2
247 -1
248 38
249 -1
250 -1
251 -1
252 2
253 2
254 2
255 2
256 -1
257 2
258 -1
259 -1
260 10
261 36
262 -1
263 -1
264 37
265 5
266 2
267 87
268 -1
269 2
270 13
271 -1
272 2
273 5
274 2
275 2
276 -1
277 27
278 2
279 38
280 20
282 39
283 -1
284 39
285 40
286 16
287 -1
288 8
289 90
290 41
291 2
292 2
293 14
294 -1
295 2
296 2
297 2
298 10
299 -1
300 2
301 79
302 0
303 8
304 2
305 -1
306 20
307 2
308 11
309 8
310 42
311 2
312 -1
313 30
314 -1
315 -1
316 -1
317 2
318 -1
319 10
320 -1
321 13
322 16
323 16
324 43
325 2
326 2
327 -1
328 2
329 36
330 -1
331 4
332 16
333 16
334 2
335 -1
336 85
337 -1
338 28
339 44
340 2
341 -1
342 45
344 5
345 -1
346 -1
347 76
348 16
349 -1
350 -1
351 2
352 -1
353 26
354 -1
355 20
356 36
357 82
358 7
359 8
360 2
361 46
362 -1
363 2
364 -1
365 13
366 8
367 -1
368 -1
369 -1
370 13
372 2
373 -1
374 10
375 2
376 2
377 -1
378 2
379 -1
380 -1
381 2
382 47
383 16
384 -1
385 78
386 20
387 -1
388 -1
389 -1
390 48
391 49
392 -1
393 2
394 50
395 -1
396 35
397 2
398 2
399 40
400 51
401 52
402 -1
403 16
404 -1
405 -1
406 16
407 2
408 1
409 -1
410 -1
411 -1
412 86
413 53
414 16
415 5
416 -1
417 2
418 54
419 -1
420 -1
421 2
422 8
423 -1
424 1
425 37
426 54
427 -1
428 -1
429 29
430 16
431 55
432 -1
433 56
434 16
435 -1
436 16
437 -1
438 16
439 -1
440 16
441 -1
442 76
443 -1
444 2
445 57
446 2
447 -1
448 -1
449 2
450 13
451 -1
452 58
453 2
454 -1
455 59
456 -1
457 -1
458 -1
459 60
460 18
461 2
462 -1
463 -1
464 -1
465 -1
466 -1
467 2
468 2
469 2
470 61
471 -1
472 2
473 8
474 -1
475 62
476 -1
477 -1
478 6
479 -1
480 8
481 -1
482 2
483 16
484 2
485 64
486 28
487 63
488 2
489 46
490 16
491 64
492 59
493 -1
494 -1
495 2
496 2
497 2
498 -1
499 -1
501 8
502 2
503 2
504 2
505 -1
506 2
509 79
510 -1
511 84
512 16
513 -1
514 -1
516 -1
518 10
519 30
520 -1
521 -1
522 55
523 45
524 19
525 65
526 2
527 2
528 -1
529 18
530 6
531 2
532 -1
533 88
534 -1
535 2
536 -1
537 68
538 -1
539 2
540 -1
541 26
542 62
543 16
544 -1
545 35
546 2
547 16
549 2
550 2
551 13
552 21
553 2
554 -1
555 16
556 -1
557 2
558 -1
559 26
560 85
562 24
563 64
564 -1
566 2
567 78
568 26
569 16
570 1
571 2
572 -1
573 -1
574 -1
575 66
576 2
577 45
578 16
579 2
580 -1
581 41
582 19
583 16
584 16
585 2
586 2
587 2
588 -1
589 25
590 -1
591 -1
592 -1
593 2
594 16
595 16
596 16
597 2
598 -1
599 2
600 39
601 -1
602 -1
603 2
604 63
605 16
606 -1
607 49
608 -1
609 16
610 -1
611 53
612 16
613 -1
614 41
615 33
616 8
617 16
618 18
619 13
620 57
621 -1
622 2
623 2
624 37
625 -1
626 24
627 -1
628 -1
629 78
630 16
631 16
632 -1
633 27
634 -1
635 -1
636 -1
637 -1
638 64
639 2
640 -1
641 71
642 2
643 -1
644 16
645 2
646 -1
647 16
648 -1
649 20
651 2
652 -1
653 2
654 2
655 55
656 18
657 8
658 -1
659 15
660 -1
661 29
662 -1
663 -1
664 2
665 52
666 16
667 -1
668 -1
669 -1
670 18
671 -1
672 31
673 13
674 2
675 63
676 2
678 2
679 3
680 2
681 -1
682 1
683 -1
684 -1
685 2
686 13
687 36
688 -1
689 67
690 -1
691 -1
692 -1
693 2
694 -1
695 81
696 2
697 -1
698 -1
699 -1
700 -1
701 -1
702 31
703 81
704 2
705 49
706 -1
707 20
708 68
709 2
710 -1
711 2
712 -1
713 27
714 -1
716 2
717 51
718 -1
719 2
720 83
722 -1
723 30
724 16
725 90
726 2
727 2
728 16
729 2
730 16
731 20
732 -1
733 53
734 49
735 13
736 5
737 34
738 52
739 46
740 78
741 -1
742 16
743 -1
744 -1
745 8
746 2
747 50
748 69
749 70
751 -1
752 2
753 16
754 -1
755 8
756 2
757 -1
758 34
759 -1
760 75
761 -1
762 -1
763 28
764 -1
765 -1
766 2
767 59
768 55
769 -1
770 -1
771 20
772 42
773 2
774 8
775 1
776 16
777 15
778 -1
779 20
780 2
781 16
782 2
783 -1
784 -1
785 35
786 -1
787 25
788 2
789 -1
790 2
791 63
792 -1
793 53
794 -1
795 -1
796 -1
797 2
798 -1
799 2
800 16
801 2
802 -1
803 13
804 2
805 71
806 2
807 2
808 16
809 -1
810 16
811 42
812 27
813 2
814 2
815 8
816 67
817 2
818 -1
819 16
820 58
821 2
822 58
823 2
824 -1
825 78
826 67
827 55
828 16
829 14
830 2
831 2
832 41
833 2
834 -1
835 -1
836 5
837 -1
838 2
839 -1
840 2
841 -1
842 26
843 -1
846 1
847 69
848 77
849 50
850 2
852 2
853 -1
854 -1
855 16
856 -1
857 -1
858 -1
859 57
860 -1
861 64
862 2
863 2
864 -1
865 2
866 45
867 2
868 16
869 13
870 20
871 18
872 2
873 2
874 2
875 -1
876 32
877 -1
878 61
879 -1
881 2
882 5
883 2
884 5
885 2
886 2
888 2
889 8
890 59
891 2
892 2
893 6
894 16
895 2
896 55
897 -1
898 29
899 -1
900 2
901 91
902 16
903 -1
904 45
905 2
906 2
907 -1
908 2
909 -1
910 -1
911 -1
912 -1
913 -1
914 -1
915 -1
916 -1
917 -1
918 5
919 -1
920 8
921 -1
922 16
923 -1
924 16
925 -1
926 2
927 35
928 -1
929 46
930 16
931 -1
932 79
933 -1
934 5
936 -1
937 16
938 -1
939 -1
940 67
941 16
942 16
943 1
944 13
945 2
946 13
947 -1
948 13
949 -1
950 57
951 2
952 2
953 -1
954 24
955 0
956 18
957 -1
958 68
959 2
960 -1
961 -1
962 5
963 2
964 53
965 72
966 -1
967 2
968 -1
969 -1
970 2
971 62
972 53
973 44
974 -1
975 8
976 -1
977 16
978 31
979 -1
980 2
981 20
982 10
983 -1
984 -1
985 -1
986 -1
987 -1
988 32
989 12
990 69
991 2
992 2
993 -1
994 65
995 2
996 20
997 8
998 16
999 2
1000 2
1001 -1
1002 2
1003 16
1004 -1
1005 71
1006 2
1008 -1
1009 16
1010 21
1011 -1
1013 14
1014 -1
1015 -1
1016 23
1017 2
1018 -1
1019 5
1020 51
1021 16
1022 2
1023 -1
1024 -1
1025 16
1026 -1
1027 -1
1028 2
1029 -1
1030 -1
1031 56
1032 2
1033 8
1034 16
1035 20
1036 2
1037 5
1038 34
1039 -1
1040 53
1041 8
1042 18
1043 2
1044 3
1045 -1
1046 20
1047 48
1048 -1
1049 83
1050 61
1052 -1
1053 2
1054 -1
1055 -1
1057 -1
1058 49
1059 26
1060 16
1061 67
1062 3
1063 2
1064 -1
1065 2
1066 2
1067 -1
1068 91
1069 -1
1070 2
1071 -1
1072 -1
1074 2
1075 8
1076 -1
1077 26
1078 -1
1079 73
1080 26
1081 74
1082 -1
1083 2
1084 -1
1085 -1
1086 13
1087 35
1088 2
1089 3
1090 16
1091 5
1092 -1
1093 54
1094 -1
1095 2
1097 20
1098 11
1099 8
1100 13
1101 58
1103 69
1104 16
1105 16
1106 82
1107 5
1108 2
1109 16
1110 2
1111 -1
1112 2
1113 14
1114 8
1115 -1
1116 11
1117 -1
1118 75
1119 16
1120 2
1121 58
1122 -1
1123 35
1124 -1
1125 -1
1126 14
1127 16
1128 2
1129 2
1130 2
1131 8
1132 1
1133 2
1134 2
1135 2
1136 2
1137 -1
1139 -1
1140 84
1141 52
1142 -1
1143 -1
1144 10
1145 63
1146 58
1147 -1
1148 74
1149 5
1150 16
1151 -1
1152 2
1153 -1
1154 -1
1155 2
1157 -1
1158 -1
1159 5
1160 16
1161 2
1162 2
1163 52
1165 48
1166 76
1167 2
1168 54
1169 -1
1170 18
1171 -1
1172 -1
1173 -1
1174 2
1175 -1
1176 2
1177 36
1178 36
1179 2
1180 16
1181 6
1182 -1
1183 2
1184 16
1185 16
1186 2
1187 18
1188 91
1189 16
1190 34
1191 -1
1192 16
1193 2
1194 77
1195 -1
1196 67
1197 -1
1198 13
1199 16
1200 61
1201 -1
1202 -1
1203 8
1204 63
1205 13
1206 16
1207 46
1208 49
1209 8
1210 2
1211 -1
1212 16
1213 8
1214 -1
1215 16
1216 68
1217 16
1218 -1
1219 2
1220 58
1221 -1
1222 70
1223 -1
1224 16
1225 15
1226 47
1227 -1
1228 16
1229 2
1230 2
1232 3
1233 -1
1234 -1
1235 2
1237 -1
1238 -1
1239 5
1240 -1
1241 -1
1242 -1
1243 -1
1244 -1
1245 -1
1246 71
1247 -1
1248 48
1249 -1
1250 -1
1251 2
1252 16
1253 54
1255 16
1256 70
1257 7
1258 8
1259 -1
1260 14
1261 16
1262 53
1263 53
1264 -1
1265 -1
1266 -1
1267 2
1268 2
1269 3
1270 -1
1271 2
1272 16
1273 -1
1274 -1
1275 -1
1276 -1
1277 2
1278 -1
1279 5
1281 -1
1283 76
1284 13
1285 16
1286 -1
1287 -1
1289 16
1290 -1
1291 16
1292 13
1293 8
1294 47
1295 -1
1296 2
1297 24
1298 2
1299 -1
1300 -1
1301 -1
1302 -1
1303 16
1305 6
1306 16
1307 12
1308 73
1309 -1
1310 13
1311 31
1313 16
1314 2
1315 90
1316 16
1317 -1
1319 12
1320 16
1321 2
1322 -1
1323 36
1324 2
1325 30
1326 -1
1327 2
1328 2
1329 61
1330 -1
1332 -1
1333 4
1334 2
1335 29
1336 2
1337 77
1339 2
1340 8
1341 16
1343 2
1344 6
1345 -1
1346 16
1347 16
1348 2
1349 16
1350 1
1351 2
1352 5
1353 16
1354 -1
1355 -1
1357 16
1358 -1
1359 -1
1360 -1
1361 10
1362 -1
1363 17
1364 2
1365 1
1366 11
1367 -1
1368 2
1369 55
1370 0
1371 -1
1372 2
1373 -1
1374 -1
1375 73
1376 2
1377 -1
1378 2
1380 2
1381 28
1382 8
1384 2
1385 74
1386 -1
1387 16
1388 54
1389 -1
1391 -1
1392 2
1393 -1
1394 16
1395 2
1396 -1
1397 78
1399 -1
1400 17
1401 16
1402 16
1403 -1
1404 21
1405 -1
1406 53
1407 2
1408 -1
1409 26
1410 16
1411 2
1412 20
1413 5
1414 -1
1415 -1
1416 79
1417 -1
1418 -1
1419 18
1420 5
1421 -1
1422 32
1423 36
1424 -1
1425 2
1426 2
1427 -1
1429 71
1430 8
1431 2
1432 -1
1433 2
1434 35
1436 -1
1438 20
1439 2
1440 31
1441 20
1442 -1
1443 7
1444 -1
1445 -1
1446 -1
1447 2
1448 -1
1449 -1
1450 -1
1451 13
1452 61
1453 -1
1454 2
1455 2
1456 28
1457 -1
1458 -1
1459 2
1460 -1
1461 13
1462 14
1463 2
1464 16
1465 87
1466 -1
1467 -1
1468 61
1469 -1
1470 1
1471 2
1472 30
1473 16
1474 51
1475 13
1476 13
1477 -1
1478 2
1479 89
1480 16
1481 52
1482 2
1483 -1
1484 -1
1486 2
1487 20
1489 -1
1490 -1
1491 2
1492 -1
1493 -1
1494 -1
1495 -1
1496 9
1497 -1
1498 -1
1499 78
1500 -1
1501 -1
1502 16
1503 -1
1504 62
1505 23
1506 16
1507 -1
1508 2
1509 -1
1510 2
1512 -1
1514 2
1515 56
1517 -1
1518 -1
1519 2
1520 53
1521 18
1522 73
1523 30
1524 2
1525 2
1526 16
1527 -1
1528 2
1529 -1
1530 16
1531 83
1532 2
1534 77
1535 20
1536 -1
1537 30
1538 2
1539 2
1540 -1
1541 -1
1542 55
1543 35
1544 2
1545 -1
1546 11
1547 -1
1549 2
1550 -1
1551 18
1552 2
1553 16
1554 2
1555 2
1556 -1
1557 -1
1558 2
1559 -1
1560 43
1563 1
1565 -1
1566 59
1567 2
1568 1
1570 46
1571 -1
1572 2
1573 5
1574 43
1575 2
1576 62
1577 20
1578 -1
1579 -1
1581 2
1582 2
1583 8
1584 -1
1585 89
1586 2
1587 52
1588 51
1589 16
1590 2
1591 62
1593 6
1594 12
1595 -1
1597 2
1599 20
1600 10
1601 20
1602 2
1603 -1
1604 7
1605 1
1607 20
1609 26
1610 8
1611 17
1612 -1
1613 -1
1614 -1
1615 -1
1616 51
1617 -1
1618 -1
1619 -1
1621 2
1622 20
1623 16
1625 40
1626 58
1627 -1
1628 -1
1629 47
1630 -1
1631 -1
1632 14
1633 -1
1634 -1
1635 65
1636 16
1637 -1
1639 -1
1640 2
1641 -1
1642 16
1643 18
1644 2
1645 2
1646 6
1647 -1
1648 60
1649 16
1650 8
1651 1
1652 86
1653 11
1654 18
1655 45
1656 8
1657 12
1658 80
1659 13
1660 2
1661 31
1662 91
1663 55
1664 16
1665 2
1666 26
1667 18
1668 2
1669 2
1670 -1
1671 2
1672 -1
1674 81
1676 -1
1677 48
1678 -1
1679 -1
1680 -1
1681 13
1682 41
1684 53
1685 -1
1686 16
1687 2
1688 -1
1689 2
1690 36
1691 2
1692 62
1694 82
1695 2
1696 66
1697 2
1698 2
1699 8
1701 16
1702 -1
1703 1
1704 -1
1705 -1
1706 -1
1707 1
1708 12
1709 -1
1710 -1
1711 2
1712 2
1713 1
1715 -1
1716 27
1718 -1
1719 2
1720 -1
1721 18
1722 -1
1723 79
1724 -1
1725 2
1726 20
1727 78
1728 16
1729 -1
1730 2
1731 -1
1732 -1
1733 -1
1734 -1
1735 -1
1736 82
1737 -1
1738 -1
1739 69
1740 27
1741 -1
1742 90
1743 16
1745 20
1746 51
1747 5
1748 26
1749 2
1750 -1
1751 -1
1752 2
1753 -1
1754 2
1755 16
1756 41
1757 74
1758 16
1759 13
1761 2
1762 2
1764 22
1765 2
1766 -1
1767 86
1768 20
1769 16
1770 2
1771 -1
1772 30
1773 20
1774 17
1775 2
1776 -1
1777 -1
1778 -1
1779 -1
1780 2
1781 44
1782 53
1783 -1
1784 -1
1785 2
1786 16
1788 12
1789 11
1790 55
1791 74
1792 16
1793 -1
1794 -1
1795 -1
1796 26
1797 58
1798 52
1799 20
1801 -1
1802 -1
1804 2
1805 1
1806 73
1807 -1
1808 62
1809 23
1810 -1
1811 2
1813 2
1814 1
1815 2
1816 10
1817 2
1818 -1
1819 -1
1820 2
1821 20
1822 12
1823 2
1824 2
1825 -1
1826 -1
1827 2
1828 69
1829 -1
1830 42
1831 2
1832 13
1833 16
1834 -1
1835 8
1837 32
1839 2
1840 54
1841 -1
1842 16
1843 32
1845 -1
1846 16
1847 -1
1848 2
1849 -1
1850 -1
1851 5
1852 -1
1853 2
1854 60
1855 87
1856 -1
1857 2
1858 -1
1859 -1
1860 2
1861 2
1862 -1
1863 2
1864 36
1865 4
1866 2
1867 -1
1868 2
1869 2
1870 -1
1871 1
1872 48
1873 2
1874 2
1875 10
1876 -1
1877 -1
1878 -1
1879 13
1880 2
1881 -1
1882 2
1883 45
1884 28
1885 16
1887 83
1888 65
1889 -1
1890 13
1891 83
1892 -1
1893 12
1894 16
1895 2
1896 -1
1897 70
1898 2
1899 6
1900 -1
1902 18
1903 29
1904 -1
1906 -1
1907 6
1908 10
1909 2
1910 37
1911 2
1912 14
1913 18
1914 10
1915 83
1916 2
1917 8
1918 -1
1919 16
1920 16
1921 -1
1922 26
1923 -1
1924 -1
1925 -1
1926 -1
1927 2
1928 -1
1929 -1
1930 2
1931 -1
1932 -1
1933 2
1934 -1
1935 -1
1936 35
1937 85
1938 43
1939 -1
1940 26
1941 2
1942 16
1943 -1
1944 -1
1945 -1
1947 53
1948 -1
1949 1
1950 2
1951 -1
1952 38
1953 16
1954 83
1955 -1
1957 6
1958 20
1959 -1
1960 2
1961 -1
1962 16
1963 -1
1964 -1
1965 -1
1966 16
1967 -1
1968 8
1969 -1
1970 11
1971 2
1972 70
1973 13
1974 -1
1976 81
1977 8
1978 10
1979 -1
1980 -1
1982 72
1983 14
1985 6
1986 -1
1987 69
1990 -1
1991 2
1992 2
1993 -1
1994 -1
1995 16
1996 2
1997 2
1998 70
2000 2
2001 13
2003 14
2005 71
2006 40
2007 -1
2008 -1
2009 -1
2010 -1
2011 13
2012 17
2013 58
2014 26
2015 20
2016 2
2017 90
2018 2
2019 16
2020 -1
2021 -1
2022 8
2024 2
2025 58
2026 2
2027 -1
2028 88
2029 -1
2031 16
2032 -1
2033 7
2034 42
2035 66
2036 91
2037 -1
2038 16
2039 71
2040 -1
2041 9
2042 14
2043 -1
2044 24
2045 14
2046 -1
2047 11
2048 -1
2049 2
2050 16
2051 -1
2052 2
2053 1
2054 -1
2055 64
2056 -1
2057 20
2058 -1
2059 2
2061 -1
2062 2
2063 88
2064 13
2065 53
2067 50
2068 90
2069 15
2070 83
2071 -1
2072 8
2073 32
2074 -1
2075 2
2076 13
2077 -1
2079 -1
2080 8
2081 -1
2082 -1
2083 62
2084 -1
2085 -1
2086 -1
2087 43
2088 16
2089 2
2090 -1
2091 -1
2092 16
2093 5
2094 15
2095 -1
2096 2
2097 -1
2098 77
2099 84
2100 2
2101 36
2102 20
2103 -1
2104 -1
2105 65
2107 85
2108 38
2109 15
2110 -1
2111 -1
2112 -1
2113 -1
2114 2
2115 -1
2116 20
2117 14
2118 2
2119 -1
2121 -1
2122 8
2123 -1
2124 -1
2125 11
2126 8
2127 -1
2128 20
2129 2
2130 2
2131 2
2132 26
2133 18
2135 2
2136 10
2137 2
2138 55
2139 2
2140 32
2141 2
2142 11
2143 35
2144 81
2145 -1
2146 28
2147 72
2148 48
2149 16
2150 2
2151 2
2152 22
2153 40
2154 2
2155 47
2156 2
2157 79
2158 18
2159 2
2160 -1
2161 12
2162 -1
2163 16
2164 -1
2165 -1
2167 2
2168 16
2169 -1
2170 2
2171 -1
2172 1
2173 2
2174 -1
2175 50
2176 -1
2177 -1
2178 -1
2181 -1
2182 85
2183 8
2184 8
2185 -1
2186 -1
2187 2
2188 -1
2189 -1
2190 34
2191 6
2192 26
2193 2
2195 -1
2196 -1
2197 2
2198 16
2199 2
2200 -1
2201 13
2203 58
2204 13
2206 -1
2207 2
2208 2
2211 16
2213 14
2214 -1
2215 2
2217 -1
2218 -1
2219 34
2220 11
2221 10
2222 16
2223 -1
2226 70
2227 1
2229 10
2230 61
2232 2
2233 16
2234 -1
2235 2
2236 2
2238 -1
2239 1
2240 8
2241 16
2242 -1
2243 -1
2244 -1
2245 -1
2246 -1
2247 8
2248 2
2249 -1
2253 16
2254 2
2255 2
2257 -1
2258 8
2259 26
2260 21
2261 57
2262 -1
2263 19
2264 37
2265 -1
2266 -1
2267 -1
2268 -1
2269 -1
2270 -1
2272 16
2274 2
2275 40
2276 25
2277 13
2279 -1
2280 48
2281 -1
2282 2
2283 2
2284 39
2286 6
2287 10
2288 66
2289 45
2290 13
2292 -1
2293 2
2294 -1
2295 24
2296 1
2297 -1
2299 -1
2300 20
2301 -1
2302 -1
2303 -1
2304 2
2305 2
2306 2
2307 -1
2308 2
2309 2
2310 -1
2311 2
2312 -1
2313 77
2314 -1
2315 -1
2316 -1
2317 16
2318 -1
2319 -1
2320 -1
2321 16
2322 2
2323 -1
2324 2
2325 2
2326 -1
2327 2
2328 16
2329 -1
2331 53
2332 68
2333 16
2334 -1
2335 64
2336 5
2337 -1
2338 16
2339 16
2340 2
2341 2
2342 81
2343 -1
2344 3
2345 2
2346 19
2347 81
2348 2
2349 16
2350 -1
2351 -1
2352 20
2353 54
2354 -1
2355 12
2356 -1
2357 -1
2358 1
2359 -1
2361 52
2362 26
2363 -1
2364 2
2365 -1
2366 3
2367 -1
2369 5
2370 -1
2371 13
2373 2
2374 75
2375 65
2376 2
2378 2
2379 2
2380 13
2381 20
2382 2
2383 -1
2384 2
2385 16
2386 2
2387 2
2388 16
2389 6
2390 -1
2391 53
2392 5
2393 2
2394 13
2395 2
2396 2
2397 -1
2398 5
2399 2
2401 2
2403 10
2404 -1
2405 -1
2406 -1
2407 -1
2409 2
2410 -1
2411 8
2412 -1
2413 2
2414 29
2415 13
2416 2
2417 34
2418 45
2419 2
2420 5
2422 2
2425 -1
2426 -1
2427 16
2428 2
2430 20
2431 2
2432 -1
2433 -1
2434 56
2435 -1
2436 14
2437 -1
2438 23
2439 16
2440 2
2441 2
2442 13
2443 84
2444 -1
2445 -1
2446 -1
2447 54
2448 -1
2449 2
2450 64
2451 -1
2452 8
2453 5
2454 20
2455 21
2456 60
2457 -1
2458 -1
2460 2
2461 16
2463 -1
2464 -1
2465 67
2466 2
2467 -1
2468 -1
2469 1
2470 -1
2471 -1
2472 27
2473 16
2474 4
2475 2
2476 6
2477 -1
2478 -1
2479 48
2480 2
2481 -1
2482 55
2483 2
2484 2
2485 2
2486 11
2488 -1
2489 2
2490 -1
2491 -1
2492 16
2493 8
2494 -1
2495 58
2496 16
2497 15
2498 14
2499 -1
2500 26
2501 -1
2503 16
2504 -1
2505 36
2506 22
2507 5
2508 26
2509 68
2511 2
2512 -1
2513 -1
2514 2
2515 2
2516 -1
2517 -1
2518 42
2519 -1
2520 20
2521 -1
2522 2
2523 -1
2524 44
2525 -1
2526 51
2527 2
2528 2
2529 16
2530 -1
2531 2
2533 69
2534 16
2535 2
2536 2
2537 13
2538 17
2539 -1
2540 3
2541 2
2542 64
2543 -1
2544 -1
2545 1
2546 73
2547 2
2548 69
2549 16
2550 -1
2551 22
2552 20
2553 68
2554 -1
2555 -1
2556 -1
2557 -1
2558 2
2559 2
2560 -1
2561 14
2562 65
2563 2
2564 49
2566 79
2567 13
2568 16
2569 27
2570 53
2571 -1
2572 -1
2574 2
2576 -1
2577 -1
2578 16
2579 2
2580 16
2581 -1
2582 -1
2583 -1
2584 1
2585 -1
2586 16
2587 42
2588 2
2589 -1
2590 -1
2591 -1
2592 -1
2593 16
2594 22
2595 22
2596 5
2597 2
2598 -1
2599 2
2600 5
2601 -1
2602 2
2603 78
2604 2
2605 2
2606 -1
2607 2
2608 -1
2609 38
2610 49
2612 80
2613 2
2614 16
2615 -1
2616 2
2617 -1
2618 -1
2619 -1
2620 16
2621 -1
2622 -1
2623 -1
2624 8
2625 86
2626 62
2627 44
2629 2
2630 13
2631 -1
2632 22
2633 20
2634 23
2635 18
2636 1
2637 -1
2641 2
2642 16
2643 -1
2644 26
2645 79
2647 65
2648 41
2649 2
2650 2
2651 55
2652 65
2653 -1
2654 13
2655 75
2656 16
2657 24
2658 89
2660 8
2661 2
2662 -1
2663 19
2664 5
2665 5
2666 -1
2667 46
2668 -1
2669 56
2670 -1
2671 12
2672 -1
2673 2
2674 -1
2675 13
2676 16
2677 -1
2678 -1
2679 -1
2680 20
2681 -1
2682 5
2683 2
2684 13
2685 6
2686 -1
2687 65
2688 -1
2689 16
2690 64
2691 2
2692 35
2694 -1
2695 2
2696 16
2697 -1
2698 -1
2699 -1
2700 2
2701 13
2702 -1
2703 13
2705 2
2706 10
2707 -1
2708 2
2709 16
2710 2
2711 20
2712 -1
2713 -1
2714 65
2716 8
2717 2
2718 -1
2719 -1
2720 -1
2721 -1
2722 13
2723 16
2724 -1
2725 -1
2726 -1
2727 -1
2728 46
2729 35
2730 2
2731 2
2732 23
2733 2
2735 14
2737 2
2738 1
2739 12
2741 16
2742 2
2743 15
2744 -1
2745 -1
2747 2
2748 -1
2749 2
2750 16
2751 -1
2752 12
2753 8
2754 55
2756 -1
2757 -1
2758 16
2759 2
2760 2
2761 31
2762 -1
2763 2
2764 16
2765 -1
2766 2
2767 -1
2768 16
2770 -1
2773 5
2774 2
2776 27
2777 13
2778 8
2779 2
2780 16
2781 2
2782 34
2784 2
2785 -1
2786 18
2787 -1
2788 2
2789 2
2790 6
2791 -1
2792 -1
2793 2
2794 2
2795 -1
2796 2
2797 -1
2798 -1
2799 31
2800 2
2801 -1
2802 -1
2804 21
2805 14
2806 59
2807 -1
2808 -1
2809 8
2810 -1
2811 -1
2812 18
2814 16
2815 27
2816 -1
2817 6
2818 -1
2820 2
2822 66
2823 2
2824 2
2825 2
2826 26
2827 -1
2828 2
2829 20
2830 2
2831 2
2832 2
2833 2
2834 2
2835 48
2836 -1
2837 -1
2838 2
2839 -1
2840 16
2841 13
2842 2
2843 57
2844 8
2845 19
2846 16
2847 -1
2848 -1
2849 16
2851 -1
2852 -1
2853 -1
2854 18
2855 -1
2856 13
2857 -1
2858 -1
2859 18
2861 16
2862 65
2863 -1
2864 2
2865 22
2866 -1
2867 40
2868 -1
2869 -1
2870 2
2871 11
2872 16
2873 72
2874 87
2875 10
2876 -1
2877 -1
2878 2
2879 5
2880 22
2881 15
2882 -1
2883 61
2884 -1
2885 31
2886 2
2887 87
2888 -1
2891 -1
2892 16
2893 16
2894 -1
2895 -1
2896 16
2897 76
2898 -1
2899 -1
2900 58
2901 -1
2903 78
2904 62
2905 26
2906 -1
2907 2
2909 2
2910 2
2911 16
2912 5
2913 13
2914 2
2915 -1
2917 2
2919 55
2920 58
2921 -1
2922 -1
2923 9
2924 67
2925 -1
2926 2
2927 2
2928 13
2929 16
2930 -1
2931 -1
2932 1
2933 13
2934 -1
2935 2
2936 48
2937 2
2938 2
2939 13
2940 21
2941 2
2942 2
2943 -1
2944 -1
2945 -1
2946 -1
2947 -1
2948 -1
2949 52
2950 75
2951 -1
2952 4
2953 -1
2954 13
2955 -1
2956 2
2957 2
2958 -1
2959 -1
2960 -1
2961 73
2962 -1
2963 -1
2964 -1
2965 6
2966 -1
2967 86
2968 2
2969 46
2970 2
2971 -1
2972 2
2973 -1
2974 82
2975 2
2976 35
2977 -1
2978 1
2979 16
2980 5
2982 9
2983 56
2984 1
2985 -1
2986 8
2987 -1
2988 72
2989 -1
2990 30
2991 53
2992 42
2994 1
2995 10
2996 -1
2997 2
3000 2
3001 -1
3002 55
3003 68
3004 -1
3005 23
3006 13
3007 10
3008 49
3009 -1
3011 -1
3012 -1
3013 -1
3014 42
3015 -1
3016 20
3017 -1
3018 2
3019 2
3020 8
3021 41
3022 5
3023 12
3024 -1
3025 2
3026 5
3027 2
3028 -1
3029 -1
3031 -1
3034 20
3035 70
3036 -1
3037 2
3038 2
3039 40
3040 -1
3041 2
3042 34
3043 -1
3044 16
3045 2
3046 -1
3047 -1
3048 35
3049 26
3050 39
3051 40
3052 -1
3053 8
3054 54
3056 8
3057 16
3058 26
3059 14
3060 -1
3061 1
3062 -1
3063 16
3064 2
3066 9
3067 2
3068 2
3069 36
3070 -1
3071 -1
3072 2
3074 20
3075 -1
3076 -1
3077 15
3078 84
3079 2
3080 5
3081 13
3082 33
3083 42
3084 53
3085 -1
3086 2
3087 -1
3088 16
3089 -1
3090 16
3091 -1
3092 -1
3093 -1
3094 -1
3095 4
3096 -1
3097 -1
3098 -1
3101 13
3102 10
3103 -1
3104 13
3105 16
3106 16
3109 10
3110 9
3111 16
3112 16
3113 2
3114 2
3115 82
3116 2
3117 18
3118 41
3119 2
3120 -1
3121 2
3122 16
3123 -1
3124 54
3126 -1
3127 16
3130 13
3131 2
3132 -1
3133 2
3134 18
3137 2
3138 -1
3140 14
3141 16
3142 12
3143 64
3144 17
3145 16
3146 16
3147 20
3150 -1
3151 16
3152 34
3153 -1
3154 16
3155 2
3156 -1
3158 -1
3159 2
3160 2
3162 20
3163 2
3165 -1
3166 59
3167 16
3168 2
3169 -1
3171 43
3173 63
3174 1
3176 8
3177 2
3178 -1
3179 13
3180 16
3181 -1
3182 1
3183 -1
3184 -1
3185 -1
3186 2
3187 -1
3188 -1
3189 56
3190 -1
3191 16
3192 -1
3193 2
3194 -1
3195 1
3196 35
3197 58
3198 -1
3201 13
3202 72
3203 8
3204 2
3207 2
3208 8
3212 -1
3213 21
3214 -1
3215 -1
3216 -1
3217 -1
3218 8
3219 52
3220 -1
3221 1
3222 8
3223 -1
3224 -1
3225 2
3226 48
3227 -1
3229 26
3230 2
3231 2
3232 -1
3233 -1
3234 16
3235 26
3236 -1
3237 -1
3238 -1
3240 15
3241 -1
3242 -1
3243 8
3244 -1
3245 8
3246 16
3247 68
3248 -1
3250 -1
3253 13
3254 -1
3255 16
3256 2
3257 74
3258 31
3259 2
3260 16
3261 -1
3262 -1
3263 -1
3264 -1
3265 -1
3266 73
3268 88
3269 62
3270 82
3271 2
3272 -1
3273 40
3274 53
3275 1
3276 85
3277 10
3278 66
3279 -1
3280 2
3281 -1
3282 2
3283 80
3284 1
3285 57
3286 -1
3287 2
3288 16
3289 33
3290 78
3291 8
3292 -1
3293 16
3294 17
3295 13
3296 80
3297 2
3298 -1
3300 16
3301 13
3302 2
3304 2
3306 52
3307 2
3308 64
3309 2
3310 2
3312 18
3314 2
3315 13
3316 31
3317 1
3318 8
3320 2
3321 2
3322 5
3324 2
3325 16
3326 1
3327 26
3328 -1
3329 -1
3331 2
3332 14
3333 26
3335 2
3336 16
3337 -1
3338 -1
3339 8
3340 2
3341 -1
3342 -1
3343 2
3344 -1
3345 28
3346 -1
3347 83
3348 -1
3349 -1
3350 34
3351 -1
3352 16
3353 -1
3354 5
3355 8
3356 -1
3357 60
3359 29
3360 -1
3362 -1
3363 2
3367 -1
3368 16
3369 8
3370 -1
3371 -1
3373 88
3374 2
3375 -1
3376 50
3377 20
3379 2
3380 16
3382 2
3383 16
3384 51
3385 20
3386 2
3387 16
3388 91
3389 52
3390 2
3391 5
3392 1
3393 84
3394 29
3396 -1
3397 66
3399 2
3400 67
3401 -1
3402 -1
3403 -1
3404 2
3405 -1
3406 -1
3407 2
3408 2
3409 83
3410 -1
3411 26
3412 2
3413 2
3414 0
3415 35
3416 2
3417 54
3418 16
3420 -1
3421 11
3422 42
3423 -1
3424 -1
3425 16
3426 -1
3427 -1
3428 2
3430 -1
3431 -1
3432 16
3433 2
3434 62
3435 -1
3436 -1
3437 26
3438 26
3439 -1
3440 5
3442 2
3443 2
3444 2
3445 -1
3447 -1
3448 86
3449 13
3450 -1
3451 2
3452 39
3453 16
3454 2
3455 14
3456 55
3457 19
3458 -1
3459 20
3460 16
3461 -1
3462 7
3463 2
3464 2
3465 -1
3466 6
3467 61
3468 2
3470 -1
3471 52
3472 8
3473 8
3474 2
3475 1
3476 47
3477 5
3478 16
3480 2
3481 67
3482 -1
3483 2
3484 -1
3485 -1
3486 75
3487 1
3490 14
3491 -1
3493 1
3494 52
3495 14
3496 -1
3497 38
3498 -1
3499 -1
3500 2
3501 -1
3502 8
3503 54
3504 -1
3506 0
3507 20
3508 64
3509 2
3510 2
3511 2
3512 -1
3513 2
3514 -1
3515 -1
3516 2
3517 -1
3518 40
3519 2
3520 83
3521 2
3523 -1
3525 18
3526 -1
3527 -1
3528 -1
3529 20
3531 -1
3532 43
3533 -1
3534 13
3535 -1
3536 -1
3537 41
3538 -1
3539 43
3540 -1
3541 -1
3542 -1
3543 9
3544 32
3545 2
3546 2
3548 2
3549 2
3550 -1
3551 -1
3552 -1
3553 52
3554 47
3555 2
3556 -1
3557 16
3558 -1
3559 -1
3560 75
3561 2
3562 72
3563 -1
3564 2
3565 65
3566 -1
3567 -1
3568 -1
3569 2
3571 5
3572 -1
3574 2
3575 -1
3576 -1
3579 -1
3582 2
3583 -1
3584 1
3586 -1
3588 2
3589 1
3590 -1
3591 -1
3592 6
3593 2
3594 -1
3595 31
3596 14
3598 -1
3599 20
3600 -1
3602 2
3604 87
3605 -1
3606 18
3610 2
3611 2
3612 -1
3613 16
3615 63
3616 14
3617 58
3618 2
3619 2
3622 -1
3623 64
3624 -1
3625 78
3626 2
3627 2
3630 20
3631 43
3632 6
3633 -1
3634 -1
3635 2
3637 18
3638 -1
3639 33
3640 -1
3642 52
3643 -1
3644 8
3645 66
3646 12
3647 8
3648 64
3649 30
3650 2
3651 -1
3652 -1
3653 2
3655 -1
3656 18
3657 -1
3658 -1
3659 -1
3660 81
3661 -1
3662 -1
3663 -1
3664 16
3665 -1
3666 -1
3667 52
3668 44
3669 16
3672 -1
3673 -1
3675 -1
3677 50
3678 14
3679 2
3681 16
3683 -1
3684 33
3685 -1
3686 -1
3687 -1
3688 21
3689 18
3690 -1
3691 40
3692 -1
3693 28
3694 23
3695 -1
3696 -1
3697 8
3698 -1
3699 -1
3700 2
3701 -1
3702 -1
3704 60
3705 16
3706 16
3707 -1
3708 -1
3709 -1
3712 8
3713 7
3714 58
3715 -1
3716 -1
3717 2
3718 -1
3719 34
3720 47
3721 -1
3722 6
3723 2
3724 2
3725 -1
3726 -1
3727 2
3728 2
3729 1
3730 8
3732 -1
3733 -1
3735 -1
3736 -1
3737 5
3738 2
3739 2
3740 -1
3741 -1
3743 16
3744 48
3745 2
3747 20
3748 7
3749 2
3750 1
3752 -1
3753 -1
3754 13
3755 -1
3756 -1
3757 -1
3758 -1
3759 -1
3761 69
3762 -1
3763 -1
3764 14
3765 14
3766 -1
3767 21
3768 -1
3770 14
3771 2
3772 -1
3774 -1
3776 3
3777 -1
3778 84
3779 8
3781 8
3783 -1
3785 2
3786 14
3787 85
3788 -1
3790 88
3791 8
3792 -1
3793 -1
3795 8
3796 78
3797 2
3798 -1
3799 16
3800 16
3801 -1
3802 1
3803 6
3804 -1
3805 20
3806 48
3807 2
3808 2
3810 -1
3812 -1
3813 17
3814 16
3815 -1
3816 26
3817 -1
3818 2
3819 2
3820 14
3821 8
3822 2
3824 16
3825 16
3826 55
3828 16
3830 -1
3831 37
3832 -1
3833 -1
3834 13
3835 2
3836 2
3837 -1
3838 -1
3839 2
3840 -1
3841 -1
3843 51
3844 2
3845 -1
3846 -1
3848 -1
3849 14
3850 39
3851 -1
3852 1
3853 -1
3855 56
3856 2
3858 14
3859 -1
3861 -1
3862 8
3863 2
3865 1
3866 2
3867 -1
3868 2
3870 13
3871 -1
3872 2
3873 2
3874 80
3875 -1
3876 22
3877 -1
3878 16
3879 89
3880 -1
3881 -1
3882 8
3883 13
3884 -1
3885 64
3886 2
3887 -1
3888 -1
3889 20
3891 2
3892 -1
3893 81
3894 -1
3896 -1
3897 8
3898 8
3899 25
3900 2
3901 32
3902 16
3903 -1
3904 -1
3905 -1
3906 -1
3907 8
3908 14
3909 -1
3910 -1
3911 78
3912 -1
3913 2
3914 59
3915 34
3916 10
3917 -1
3918 16
3919 16
3920 55
3921 16
3922 20
3924 -1
3925 16
3926 -1
3927 -1
3928 12
3930 16
3931 -1
3932 2
3933 2
3935 -1
3936 -1
3937 5
3938 -1
3939 2
3940 90
3941 89
3942 -1
3943 31
3945 2
3946 16
3947 -1
3949 91
3950 13
3951 -1
3953 -1
3954 2
3955 -1
3956 25
3957 -1
3958 20
3959 -1
3960 24
3961 51
3962 2
3963 -1
3964 16
3965 -1
3966 20
3967 31
3968 28
3970 -1
3971 16
3972 47
3973 2
3976 -1
3977 -1
3978 59
3979 16
3980 16
3981 2
3982 -1
3983 16
3985 -1
3986 -1
3987 16
3988 2
3989 -1
3990 2
3991 13
3992 2
3993 2
3994 -1
3995 2
3996 16
3997 2
3998 6
3999 2
4000 -1
4001 16
4002 33
4003 2
4004 -1
4006 -1
4008 26
4009 1
4011 2
4012 11
4013 -1
4014 0
4015 16
4016 11
4017 2
4018 -1
4019 -1
4020 2
4021 64
4022 16
4023 57
4024 16
4025 -1
4026 -1
4027 16
4028 -1
4029 2
4030 20
4031 -1
4032 -1
4033 2
4034 2
4035 37
4036 20
4037 78
4038 -1
4039 1
4040 -1
4042 13
4043 13
4044 8
4045 -1
4046 -1
4047 69
4048 -1
4049 2
4050 -1
4051 -1
4052 2
4054 6
4055 -1
4056 -1
4057 -1
4059 13
4060 -1
4061 -1
4062 2
4063 16
4065 -1
4066 -1
4067 18
4068 -1
4069 2
4070 2
4071 1
4072 16
4073 -1
4074 10
4076 -1
4078 -1
4080 2
4081 16
4082 -1
4083 2
4085 -1
4086 2
4087 13
4088 -1
4089 78
4090 35
4091 22
4092 14
4093 41
4094 58
4095 -1
4096 -1
4097 23
4099 22
4100 5
4101 -1
4102 -1
4103 69
4104 2
4105 -1
4106 -1
4107 -1
4110 80
4111 83
4112 -1
4113 16
4114 29
4115 29
4116 1
4117 -1
4118 -1
4119 -1
4121 2
4122 -1
4123 -1
4124 62
4125 2
4126 -1
4128 14
4129 -1
4130 2
4132 -1
4133 52
4135 20
4136 -1
4137 -1
4138 16
4139 2
4141 2
4142 26
4143 8
4145 13
4146 5
4147 2
4148 27
4149 -1
4150 -1
4151 2
4152 13
4153 -1
4154 -1
4155 2
4157 44
4158 2
4159 -1
4160 2
4161 -1
4162 24
4163 -1
4164 -1
4165 5
4166 30
4167 2
4169 18
4170 33
4171 20
4172 2
4173 2
4174 2
4175 -1
4176 16
4177 -1
4178 -1
4179 -1
4180 8
4181 -1
4183 -1
4184 8
4185 2
4186 -1
4187 19
4188 1
4190 13
4191 8
4192 2
4193 -1
4194 16
4195 2
4196 -1
4197 8
4198 20
4199 16
4200 -1
4201 -1
4202 2
4203 2
4204 2
4208 2
4209 -1
4210 2
4211 2
4212 -1
4213 63
4214 2
4215 2
4216 2
4217 16
4218 8
4219 16
4221 20
4223 -1
4224 2
4225 -1
4226 2
4227 -1
4228 13
4229 -1
4230 5
4231 48
4232 25
4233 0
4234 64
4235 2
4236 -1
4237 50
4238 2
4239 -1
4240 2
4241 -1
4242 16
4243 89
4244 23
4245 44
4246 -1
4247 -1
4248 -1
4250 77
4251 -1
4253 2
4254 60
4255 -1
4256 16
4258 -1
4259 13
4260 -1
4261 16
4262 -1
4263 -1
4265 -1
4266 -1
4268 -1
4269 16
4271 -1
4273 -1
4274 27
4275 2
4276 -1
4277 67
4278 56
4279 72
4280 -1
4281 13
4282 -1
4283 2
4284 -1
4285 -1
4286 14
4287 2
4288 16
4289 37
4290 -1
4291 13
4292 2
4293 -1
4294 18
4295 59
4296 -1
4297 2
4298 2
4299 20
4300 20
4301 58
4303 -1
4304 2
4309 16
4310 75
4311 14
4312 2
4313 1
4315 16
4316 -1
4317 35
4318 16
4321 -1
4322 8
4323 -1
4325 2
4326 16
4327 -1
4328 -1
4329 2
4330 83
4331 16
4332 2
4333 -1
4334 2
4335 5
4336 -1
4337 5
4338 8
4339 13
4340 -1
4341 -1
4342 -1
4343 10
4344 83
4345 2
4347 -1
4349 13
4350 16
4351 20
4355 2
4356 -1
4357 -1
4359 -1
4360 2
4361 -1
4362 -1
4364 77
4365 10
4366 65
4367 -1
4368 16
4370 -1
4372 -1
4373 2
4374 -1
4377 18
4379 2
4380 -1
4381 16
4382 44
4383 -1
4384 52
4385 -1
4386 1
4387 -1
4388 28
4389 2
4390 2
4391 16
4392 -1
4393 -1
4394 -1
4395 16
4396 -1
4397 74
4398 2
4399 16
4400 49
4402 -1
4403 -1
4405 8
4406 2
4407 -1
4408 -1
4409 2
4410 60
4411 -1
4412 2
4413 20
4415 1
4416 -1
4417 5
4418 55
4419 -1
4420 36
4421 2
4422 2
4424 -1
4425 -1
4428 50
4429 -1
4430 63
4434 8
4435 -1
4436 83
4437 -1
4438 34
4439 16
4440 2
4442 74
4443 53
4444 16
4445 2
4446 15
4448 2
4449 16
4451 -1
4453 -1
4454 -1
4455 -1
4457 9
4459 35
4461 -1
4462 -1
4463 91
4465 76
4466 2
4467 14
4468 -1
4470 2
4471 -1
4472 -1
4473 -1
4475 -1
4476 -1
4477 2
4478 8
4479 1
4480 -1
4481 16
4483 2
4485 1
4486 -1
4487 -1
4488 2
4489 -1
4491 13
4492 14
4493 -1
4494 2
4495 -1
4497 16
4498 86
4499 40
4500 2
4502 58
4503 -1
4506 -1
4507 18
4508 -1
4509 -1
4510 67
4511 -1
4512 82
4513 2
4514 51
4515 2
4516 1
4517 16
4518 71
4519 28
4520 66
4521 -1
4522 25
4523 16
4524 31
4525 2
4526 -1
4527 12
4528 2
4529 13
4530 -1
4531 20
4532 47
4534 -1
4536 -1
4537 20
4538 2
4539 8
4540 1
4542 18
4543 2
4544 2
4546 -1
4547 16
4548 48
4549 16
4550 -1
4551 -1
4552 -1
4555 2
4556 -1
4557 -1
4558 2
4559 8
4560 -1
4561 -1
4562 -1
4563 -1
4564 77
4565 16
4566 35
4567 -1
4568 2
4569 -1
4570 2
4571 2
4573 -1
4574 8
4575 -1
4578 -1
4579 -1
4580 -1
4582 1
4583 2
4584 20
4585 16
4586 52
4587 20
4588 23
4589 61
4590 4
4591 2
4592 78
4593 2
4595 20
4596 -1
4597 16
4598 47
4600 16
4601 16
4602 50
4603 16
4604 63
4605 2
4606 67
4608 13
4609 57
4610 -1
4611 13
4612 -1
4613 48
4614 -1
4616 -1
4618 2
4619 -1
4620 2
4621 13
4622 49
4623 -1
4624 -1
4625 16
4626 34
4627 -1
4628 -1
4630 16
4631 -1
4632 45
4633 -1
4635 14
4636 -1
4637 13
4639 -1
4640 11
4642 -1
4643 13
4644 67
4645 27
4646 -1
4647 -1
4648 -1
4649 48
4650 2
4651 2
4652 -1
4653 -1
4654 6
4655 -1
4656 16
4657 -1
4658 1
4659 2
4661 12
4662 1
4663 -1
4664 13
4665 13
4667 -1
4669 86
4670 -1
4671 31
4672 8
4673 -1
4674 -1
4675 -1
4677 -1
4678 8
4680 38
4681 82
4682 2
4683 -1
4684 2
4686 2
4687 16
4689 -1
4690 3
4691 -1
4692 -1
4695 -1
4696 16
4697 16
4698 2
4700 2
4701 2
4702 -1
4704 -1
4705 -1
4706 46
4707 -1
4708 -1
4709 5
4710 20
4711 -1
4712 51
4713 2
4714 70
4715 2
4716 13
4717 -1
4718 34
4719 20
4720 -1
4722 -1
4723 18
4724 55
4725 14
4726 51
4727 -1
4728 54
4729 2
4730 2
4731 -1
4732 13
4733 2
4734 -1
4735 18
4736 -1
4737 -1
4739 16
4740 2
4741 2
4742 2
4743 2
4744 42
4745 2
4747 -1
4748 -1
4749 8
4751 47
4752 20
4753 2
4754 2
4755 16
4756 20
4757 2
4758 -1
4759 -1
4760 16
4761 -1
4762 -1
4763 -1
4764 75
4765 -1
4766 -1
4768 62
4770 2
4771 10
4772 16
4773 30
4774 2
4775 -1
4777 19
4778 20
4779 2
4780 -1
4781 32
4782 3
4783 20
4784 -1
4785 2
4787 27
4788 16
4789 62
4790 2
4791 2
4792 -1
4793 -1
4794 -1
4795 87
4796 -1
4798 2
4799 8
4800 87
4802 49
4803 51
4804 2
4805 2
4806 32
4807 20
4808 16
4809 -1
4811 7
4812 2
4814 -1
4815 2
4816 2
4817 26
4818 2
4820 -1
4821 2
4822 16
4823 2
4824 -1
4827 20
4828 2
4829 -1
4830 69
4831 16
4833 -1
4834 2
4835 -1
4836 38
4837 -1
4838 -1
4839 -1
4840 16
4841 52
4842 2
4843 -1
4844 -1
4846 -1
4847 2
4848 -1
4850 84
4851 -1
4852 -1
4853 -1
4854 16
4855 88
4856 2
4857 63
4858 62
4859 -1
4860 5
4861 2
4862 1
4863 39
4865 -1
4866 -1
4867 2
4868 16
4869 -1
4870 -1
4871 2
4872 10
4874 62
4875 2
4878 16
4879 -1
4881 -1
4882 49
4884 -1
4886 -1
4887 -1
4888 -1
4889 43
4890 14
4891 2
4892 35
4894 2
4896 8
4897 -1
4898 62
4899 -1
4900 -1
4901 30
4902 1
4904 -1
4906 2
4908 -1
4909 5
4910 16
4911 2
4912 16
4913 -1
4916 2
4917 -1
4918 -1
4919 -1
4920 85
4921 -1
4922 -1
4923 2
4924 2
4925 -1
4926 2
4927 2
4929 -1
4930 -1
4931 8
4932 58
4933 90
4934 25
4935 83
4937 2
4938 1
4940 -1
4941 -1
4943 62
4944 19
4945 52
4946 2
4947 -1
4950 20
4951 -1
4952 8
4953 -1
4954 2
4955 6
4956 2
4957 -1
4959 20
4960 -1
4961 -1
4962 -1
4963 -1
4964 2
4965 -1
4966 58
4968 6
4969 2
4970 16
4971 2
4972 16
4974 16
4975 -1
4976 2
4977 -1
4978 2
4979 26
4980 8
4982 1
4985 -1
4986 20
4987 -1
4988 -1
4989 13
4990 -1
4991 6
4992 2
4993 2
4994 50
4995 27
4997 2
4998 2
4999 -1
