0 -1
1 -1
2 0
3 -1
5 1
6 -1
7 -1
8 -1
9 -1
10 -1
11 2
12 -1
13 -1
14 3
15 -1
16 -1
17 -1
18 -1
20 -1
21 4
22 5
23 -1
24 6
25 -1
26 -1
27 -1
28 -1
29 7
30 -1
31 -1
32 8
33 9
34 -1
35 10
36 -1
37 11
38 -1
39 -1
40 -1
42 -1
43 12
44 33
45 13
46 14
47 -1
48 15
49 16
50 -1
51 17
52 -1
53 -1
54 -1
56 -1
57 18
58 -1
59 -1
60 19
62 -1
63 20
64 -1
65 21
66 22
67 -1
68 -1
69 -1
70 23
71 -1
72 -1
73 -1
75 -1
76 -1
77 -1
78 24
79 25
80 26
81 -1
83 27
84 -1
85 -1
86 -1
87 -1
88 -1
90 -1
91 -1
92 -1
93 -1
94 -1
95 28
96 -1
97 -1
98 142
99 -1
101 -1
102 29
103 -1
104 -1
105 -1
106 30
107 -1
108 31
109 -1
110 -1
112 -1
114 -1
115 -1
116 -1
117 -1
119 -1
120 24
121 -1
122 -1
123 -1
124 -1
125 -1
126 32
127 -1
128 33
129 102
130 -1
132 -1
133 -1
134 -1
135 -1
136 128
137 -1
138 -1
139 -1
140 -1
141 -1
142 34
143 -1
144 35
146 -1
147 -1
148 -1
150 -1
151 -1
152 -1
153 -1
154 36
155 37
156 -1
157 38
158 39
159 -1
160 40
161 -1
162 -1
163 -1
164 -1
165 41
166 -1
167 -1
168 42
169 -1
170 -1
171 -1
172 43
173 44
174 -1
175 45
176 -1
177 -1
178 -1
179 -1
180 -1
181 46
182 -1
183 -1
184 -1
185 100
186 47
187 -1
188 -1
189 -1
190 -1
191 -1
192 48
193 -1
194 -1
195 -1
196 -1
197 49
198 -1
199 -1
200 50
201 -1
202 -1
203 -1
204 -1
206 -1
207 -1
208 -1
209 -1
211 -1
212 -1
213 -1
214 -1
215 -1
216 51
217 -1
218 -1
219 141
220 -1
221 -1
222 -1
223 -1
224 4
225 14
226 52
227 -1
228 -1
229 -1
230 -1
231 -1
232 -1
233 -1
235 -1
236 53
237 54
238 -1
239 -1
240 -1
241 55
242 56
244 57
245 -1
246 -1
247 -1
248 -1
249 -1
250 -1
251 -1
252 -1
254 139
256 -1
257 -1
258 -1
259 -1
260 -1
261 -1
262 -1
263 -1
264 -1
265 58
266 -1
267 150
268 -1
269 -1
270 -1
271 107
272 -1
273 59
274 -1
275 -1
277 -1
278 56
279 -1
280 60
282 147
283 -1
284 147
285 -1
286 61
287 -1
288 62
289 -1
290 63
291 -1
292 -1
293 149
294 -1
295 -1
296 -1
297 -1
298 -1
299 -1
300 -1
301 64
302 -1
303 62
304 -1
305 -1
306 -1
307 -1
308 -1
309 12
310 -1
312 -1
313 65
314 -1
315 -1
316 -1
317 66
318 -1
319 -1
320 41
321 143
322 -1
323 23
324 -1
325 67
326 -1
327 68
328 -1
329 -1
330 -1
331 4
332 69
333 70
334 -1
335 -1
337 -1
338 40
339 71
340 72
341 -1
342 -1
344 -1
345 -1
346 -1
347 -1
348 73
349 -1
350 -1
351 -1
352 -1
353 -1
354 -1
356 -1
357 74
358 9
359 -1
360 -1
361 -1
362 -1
363 -1
364 -1
365 -1
366 -1
367 -1
368 -1
369 -1
370 123
372 120
373 -1
374 75
375 -1
376 76
377 -1
378 -1
379 -1
380 -1
381 77
382 78
383 -1
384 -1
385 -1
386 141
387 -1
388 -1
389 -1
390 79
391 -1
392 -1
393 -1
394 148
395 -1
396 -1
397 -1
399 -1
400 80
401 -1
402 -1
403 73
404 -1
405 -1
406 81
407 -1
408 82
409 -1
410 -1
411 -1
412 -1
413 83
414 61
415 6
416 -1
417 -1
418 -1
419 -1
420 -1
422 84
423 -1
424 11
425 -1
426 85
427 -1
428 -1
429 43
430 86
431 87
432 -1
433 -1
434 88
435 -1
436 -1
437 -1
438 -1
440 89
441 107
442 -1
443 -1
444 -1
445 90
446 -1
447 91
448 -1
449 -1
450 -1
451 146
452 92
453 -1
454 -1
455 119
457 -1
458 -1
459 -1
460 37
461 -1
462 -1
463 93
464 -1
465 -1
466 -1
467 -1
468 -1
469 -1
470 53
471 -1
472 -1
473 94
474 -1
475 95
476 -1
477 -1
478 -1
479 -1
480 -1
481 -1
482 -1
483 96
484 -1
485 -1
486 40
487 -1
489 -1
490 -1
491 -1
492 119
493 -1
494 -1
495 -1
496 -1
497 -1
498 -1
499 -1
501 -1
502 -1
503 -1
506 97
509 64
510 -1
511 98
512 61
513 -1
516 29
518 75
519 65
520 -1
521 -1
522 87
523 99
524 -1
525 -1
527 144
528 -1
529 100
530 -1
531 -1
532 14
533 20
534 68
535 -1
536 -1
537 101
539 -1
540 -1
541 -1
542 -1
543 102
544 -1
545 52
546 -1
547 -1
549 97
550 -1
551 -1
552 28
553 -1
554 103
555 104
556 -1
557 120
558 -1
559 35
560 -1
562 31
563 19
564 -1
567 -1
568 35
569 -1
570 25
571 -1
572 -1
573 -1
574 -1
575 105
576 116
577 99
578 73
580 -1
581 63
582 -1
583 104
584 -1
585 -1
586 106
587 -1
588 103
589 -1
590 -1
592 107
594 86
595 -1
596 54
597 -1
598 -1
599 -1
600 147
601 108
602 -1
605 88
606 -1
607 -1
608 -1
609 -1
610 -1
611 -1
612 -1
613 -1
614 63
615 -1
616 -1
617 -1
618 -1
619 -1
620 90
621 108
622 -1
623 46
624 -1
625 -1
626 31
627 -1
628 -1
629 -1
630 -1
631 73
632 -1
633 -1
634 35
635 -1
636 -1
637 -1
638 -1
639 -1
640 -1
641 -1
642 -1
643 -1
644 86
645 -1
646 -1
647 -1
648 24
651 -1
652 -1
653 -1
654 -1
655 87
656 100
657 94
658 -1
659 22
660 -1
661 43
662 -1
663 10
664 109
665 110
666 23
667 -1
668 -1
670 100
671 -1
672 50
673 -1
674 -1
675 -1
676 -1
678 18
679 -1
680 -1
681 27
682 111
684 91
685 -1
686 112
687 140
688 -1
689 113
690 -1
691 -1
692 68
693 -1
694 -1
695 15
696 -1
697 -1
698 -1
699 27
701 -1
702 50
703 15
705 -1
706 -1
707 -1
708 101
709 114
710 7
711 -1
712 -1
713 115
714 41
716 116
717 80
718 -1
720 -1
722 -1
723 -1
724 73
725 145
726 116
727 -1
728 70
729 -1
730 86
731 -1
732 -1
733 -1
734 -1
735 -1
736 5
737 -1
738 110
739 -1
740 -1
741 -1
742 47
743 91
744 -1
745 84
746 -1
747 148
748 -1
749 117
751 -1
752 -1
753 118
754 145
755 94
756 -1
757 -1
758 -1
760 -1
761 -1
762 -1
764 -1
765 -1
766 -1
767 119
768 87
769 -1
770 -1
771 -1
772 -1
773 16
774 62
775 111
776 104
777 22
778 -1
779 51
780 -1
781 86
782 2
783 -1
784 36
785 -1
787 -1
790 97
793 83
794 -1
795 -1
796 91
797 120
798 -1
799 76
800 70
801 56
802 -1
803 0
804 144
805 -1
806 114
807 -1
808 89
809 -1
810 -1
811 -1
812 -1
813 -1
814 56
815 -1
817 -1
818 -1
819 -1
820 121
821 -1
822 92
823 139
824 -1
826 113
827 87
828 89
829 45
830 -1
831 76
832 63
833 122
834 -1
835 103
836 58
837 -1
838 -1
840 -1
841 62
843 -1
846 1
847 -1
848 -1
849 148
850 -1
852 -1
853 -1
855 38
856 -1
857 -1
858 29
859 90
860 36
861 -1
862 -1
863 -1
864 -1
865 -1
866 99
867 55
868 81
869 123
871 34
872 -1
873 46
874 -1
875 -1
876 -1
877 -1
878 53
879 -1
881 55
882 5
883 -1
884 6
885 -1
888 -1
889 12
890 119
891 -1
892 -1
893 -1
894 -1
895 -1
896 87
897 -1
898 43
899 64
900 -1
901 -1
902 96
903 64
904 99
905 -1
906 8
907 -1
909 -1
910 -1
911 -1
912 -1
913 98
914 -1
915 -1
916 -1
917 -1
918 5
919 -1
920 -1
921 -1
922 70
923 -1
924 47
925 124
926 -1
927 52
928 83
929 -1
930 -1
931 -1
932 10
933 -1
934 58
936 36
938 -1
939 146
940 113
941 -1
942 88
943 30
944 0
946 -1
947 -1
948 -1
949 -1
950 90
953 65
954 31
955 -1
956 100
957 -1
958 101
959 -1
960 -1
961 64
962 125
963 97
964 -1
965 126
967 66
968 -1
969 29
970 -1
971 95
972 83
973 71
974 127
975 94
977 -1
978 -1
979 -1
980 122
981 -1
982 -1
983 128
984 -1
985 36
987 -1
988 -1
989 136
990 -1
991 -1
992 -1
993 -1
994 -1
995 120
996 -1
998 70
999 -1
1000 18
1001 -1
1002 -1
1003 -1
1004 -1
1005 -1
1006 -1
1009 -1
1010 28
1011 -1
1013 21
1014 -1
1015 -1
1016 -1
1017 97
1019 59
1020 80
1021 86
1022 -1
1023 128
1024 -1
1025 81
1027 -1
1028 -1
1029 -1
1030 -1
1031 -1
1032 67
1034 -1
1035 -1
1036 56
1037 59
1038 -1
1040 83
1042 34
1044 129
1045 -1
1046 60
1047 -1
1048 -1
1049 -1
1050 53
1052 -1
1053 109
1054 -1
1055 -1
1057 -1
1058 -1
1059 35
1060 38
1061 113
1062 3
1063 -1
1064 -1
1065 -1
1066 -1
1067 -1
1068 -1
1069 -1
1070 -1
1071 6
1072 -1
1074 -1
1075 124
1076 -1
1077 -1
1078 -1
1079 -1
1080 -1
1081 130
1082 131
1083 -1
1084 -1
1085 -1
1086 -1
1087 -1
1088 -1
1089 3
1090 44
1091 58
1092 131
1093 -1
1094 -1
1095 106
1097 51
1098 17
1099 12
1100 112
1101 92
1103 -1
1104 54
1105 118
1106 74
1107 5
1108 8
1110 -1
1111 -1
1112 -1
1113 45
1114 -1
1115 -1
1116 17
1117 98
1118 -1
1119 69
1120 -1
1121 92
1122 -1
1123 -1
1124 -1
1125 42
1126 21
1127 -1
1128 8
1129 -1
1130 -1
1131 132
1133 -1
1134 -1
1135 -1
1137 91
1139 -1
1140 98
1141 110
1142 -1
1143 7
1144 -1
1145 -1
1146 92
1147 -1
1148 130
1149 125
1150 54
1151 -1
1154 -1
1155 -1
1158 -1
1159 58
1160 -1
1162 -1
1163 110
1165 79
1166 -1
1167 -1
1168 85
1169 -1
1170 37
1171 133
1172 64
1173 145
1177 140
1178 -1
1179 -1
1180 134
1181 -1
1183 -1
1184 73
1185 96
1186 -1
1187 26
1188 -1
1189 23
1190 -1
1191 -1
1192 23
1193 56
1194 -1
1195 68
1196 113
1197 -1
1198 -1
1200 53
1201 -1
1203 94
1205 -1
1206 86
1207 -1
1209 -1
1210 -1
1211 -1
1212 54
1213 132
1214 -1
1215 -1
1216 101
1217 61
1218 -1
1219 -1
1220 92
1221 -1
1222 117
1223 133
1225 22
1226 78
1227 135
1228 -1
1229 -1
1230 -1
1232 129
1234 16
1235 122
1237 -1
1238 -1
1239 6
1240 -1
1241 108
1242 -1
1243 -1
1245 -1
1246 -1
1247 -1
1248 79
1249 -1
1250 57
1251 -1
1252 86
1253 85
1255 -1
1256 117
1257 9
1258 132
1259 -1
1260 21
1261 89
1262 -1
1263 83
1265 -1
1266 -1
1267 144
1269 3
1270 -1
1271 55
1272 -1
1273 -1
1274 -1
1275 48
1277 27
1278 -1
1279 125
1281 -1
1283 -1
1284 123
1285 134
1286 -1
1289 -1
1290 -1
1291 134
1292 112
1293 -1
1294 78
1295 44
1296 2
1297 31
1298 -1
1299 64
1300 -1
1302 -1
1303 -1
1305 -1
1306 -1
1307 136
1308 -1
1310 -1
1311 50
1313 23
1314 -1
1315 -1
1316 86
1319 136
1320 69
1321 144
1323 140
1324 -1
1325 -1
1326 -1
1327 -1
1328 8
1329 53
1330 48
1332 -1
1333 4
1334 97
1335 43
1336 55
1337 -1
1339 -1
1340 -1
1341 -1
1343 -1
1344 137
1345 -1
1346 -1
1347 -1
1348 -1
1349 -1
1350 1
1351 -1
1352 125
1354 -1
1355 -1
1357 -1
1358 -1
1359 -1
1360 -1
1361 75
1362 -1
1363 -1
1364 -1
1365 25
1366 -1
1367 -1
1368 32
1369 87
1372 -1
1373 -1
1374 48
1375 -1
1376 -1
1377 -1
1378 -1
1380 -1
1381 40
1382 -1
1384 -1
1385 130
1387 118
1388 85
1389 -1
1391 42
1392 109
1393 -1
1394 86
1396 -1
1397 -1
1399 103
1400 -1
1401 -1
1402 -1
1403 -1
1404 28
1405 107
1406 -1
1410 138
1411 139
1412 60
1413 6
1414 -1
1415 -1
1416 64
1417 -1
1418 -1
1419 34
1420 125
1421 -1
1422 -1
1423 140
1425 -1
1426 -1
1427 -1
1429 -1
1431 -1
1432 -1
1433 -1
1434 -1
1436 -1
1438 -1
1439 -1
1440 50
1441 51
1442 -1
1443 9
1444 -1
1445 -1
1446 -1
1447 -1
1448 14
1449 -1
1450 -1
1451 -1
1452 -1
1454 -1
1455 -1
1456 40
1457 -1
1459 -1
1460 103
1461 143
1462 21
1463 77
1464 69
1465 150
1466 108
1467 -1
1468 53
1469 -1
1470 30
1471 8
1472 -1
1473 89
1474 80
1475 -1
1476 -1
1479 -1
1480 54
1481 110
1482 139
1483 0
1484 146
1486 -1
1487 51
1490 -1
1491 144
1492 36
1493 -1
1495 -1
1496 13
1497 -1
1498 -1
1499 -1
1500 -1
1502 61
1503 57
1504 -1
1506 96
1507 -1
1508 -1
1509 -1
1510 -1
1512 -1
1515 -1
1517 -1
1518 -1
1520 83
1521 26
1522 -1
1523 65
1524 -1
1525 77
1526 104
1527 -1
1528 -1
1529 -1
1530 -1
1531 -1
1532 -1
1534 -1
1535 -1
1536 -1
1537 -1
1538 8
1540 -1
1541 -1
1542 87
1543 -1
1544 -1
1545 135
1546 17
1547 -1
1549 -1
1551 100
1552 -1
1553 -1
1554 -1
1555 109
1556 129
1557 -1
1558 116
1560 -1
1563 1
1565 -1
1566 119
1567 67
1568 1
1570 -1
1572 -1
1573 5
1574 -1
1575 120
1576 95
1577 -1
1579 -1
1581 18
1582 -1
1585 -1
1586 -1
1587 -1
1588 80
1589 104
1590 -1
1591 95
1593 36
1595 -1
1599 60
1601 141
1602 -1
1603 48
1604 9
1605 82
1607 141
1609 -1
1610 -1
1611 -1
1613 133
1614 -1
1615 -1
1616 80
1617 -1
1618 131
1619 -1
1621 -1
1623 -1
1625 -1
1626 92
1628 48
1629 78
1630 10
1632 21
1633 -1
1635 -1
1636 54
1637 14
1639 -1
1640 66
1643 34
1644 122
1645 -1
1646 137
1648 -1
1650 -1
1651 30
1652 -1
1653 17
1654 34
1655 99
1657 136
1658 -1
1659 -1
1660 -1
1661 -1
1662 -1
1663 87
1664 23
1665 -1
1666 35
1667 26
1668 67
1669 122
1670 56
1671 -1
1674 15
1676 -1
1677 79
1678 -1
1679 -1
1681 -1
1682 63
1684 -1
1685 -1
1686 73
1687 -1
1688 -1
1689 18
1691 -1
1692 95
1694 74
1695 -1
1696 105
1697 139
1698 -1
1699 -1
1701 -1
1702 -1
1703 1
1704 -1
1705 -1
1706 -1
1707 25
1708 136
1709 -1
1712 103
1713 -1
1715 -1
1716 115
1718 -1
1719 -1
1720 -1
1721 100
1722 -1
1723 64
1724 36
1725 -1
1726 141
1727 -1
1728 81
1730 -1
1732 69
1733 -1
1734 0
1735 -1
1736 74
1737 -1
1738 127
1739 -1
1740 -1
1741 -1
1742 145
1743 134
1747 125
1748 -1
1749 -1
1750 -1
1751 -1
1752 2
1753 -1
1754 -1
1755 70
1756 63
1757 130
1758 134
1759 -1
1761 -1
1764 142
1765 -1
1766 39
1767 -1
1768 -1
1769 -1
1771 -1
1772 -1
1774 -1
1775 -1
1776 36
1777 24
1778 57
1779 57
1780 -1
1781 71
1782 83
1783 93
1784 27
1785 -1
1786 -1
1788 136
1789 17
1790 87
1791 130
1792 -1
1793 -1
1794 -1
1795 133
1796 -1
1797 92
1799 -1
1801 -1
1802 -1
1804 55
1805 25
1806 -1
1807 -1
1808 95
1810 17
1811 -1
1813 -1
1815 -1
1816 -1
1817 -1
1818 -1
1819 -1
1820 18
1821 -1
1822 136
1824 106
1825 -1
1826 127
1827 -1
1829 -1
1830 -1
1831 2
1832 112
1833 118
1834 -1
1837 -1
1839 -1
1840 85
1841 -1
1842 69
1843 -1
1845 -1
1846 -1
1847 -1
1848 -1
1849 -1
1850 -1
1851 59
1853 -1
1854 -1
1855 150
1857 67
1860 66
1861 -1
1863 109
1864 140
1865 4
1866 -1
1867 108
1868 -1
1869 122
1871 111
1873 116
1874 -1
1875 -1
1876 135
1877 -1
1878 -1
1879 112
1880 -1
1881 -1
1882 -1
1883 99
1884 40
1885 61
1887 -1
1889 -1
1890 123
1891 33
1894 73
1895 106
1896 -1
1897 117
1899 137
1900 -1
1902 34
1904 93
1906 -1
1907 137
1908 -1
1909 56
1910 -1
1911 -1
1912 45
1913 37
1914 75
1915 33
1916 -1
1917 94
1918 150
1919 134
1920 102
1921 7
1923 -1
1924 -1
1925 -1
1926 -1
1927 -1
1928 68
1929 -1
1931 -1
1933 -1
1934 -1
1935 135
1936 52
1938 -1
1939 -1
1940 -1
1941 114
1942 -1
1943 48
1944 73
1947 83
1948 -1
1949 -1
1950 -1
1952 -1
1953 96
1954 33
1955 -1
1957 137
1959 -1
1962 73
1964 36
1966 61
1967 -1
1968 132
1969 -1
1970 -1
1972 117
1973 143
1974 7
1976 15
1977 -1
1978 75
1979 -1
1980 -1
1982 126
1983 -1
1985 -1
1986 -1
1987 -1
1991 -1
1992 55
1993 -1
1994 124
1995 -1
1997 -1
1998 117
2000 -1
2001 0
2003 -1
2006 -1
2008 -1
2009 -1
2010 -1
2011 143
2012 -1
2013 92
2014 -1
2016 -1
2018 -1
2019 104
2020 -1
2021 -1
2022 124
2024 -1
2025 92
2026 120
2027 29
2028 -1
2029 -1
2031 70
2032 -1
2033 9
2034 -1
2035 105
2036 -1
2037 127
2039 -1
2040 -1
2041 13
2042 149
2043 68
2044 31
2045 21
2046 -1
2047 -1
2049 77
2050 -1
2051 -1
2053 11
2054 -1
2055 19
2056 -1
2057 49
2058 -1
2059 -1
2061 -1
2062 72
2063 20
2065 -1
2067 -1
2068 39
2069 22
2070 33
2071 -1
2072 94
2073 -1
2075 -1
2076 -1
2077 -1
2079 -1
2081 -1
2082 68
2083 95
2084 -1
2085 -1
2086 -1
2088 23
2089 -1
2091 -1
2092 96
2093 -1
2094 22
2096 -1
2099 98
2100 -1
2101 140
2104 131
2105 -1
2107 -1
2108 -1
2109 108
2110 -1
2111 -1
2113 -1
2115 -1
2116 49
2117 21
2118 -1
2119 85
2121 -1
2122 -1
2123 -1
2124 -1
2125 -1
2126 12
2127 -1
2128 141
2129 -1
2130 144
2131 106
2133 -1
2135 -1
2136 75
2137 -1
2138 87
2139 -1
2141 -1
2142 17
2143 52
2144 15
2145 52
2147 126
2148 79
2150 -1
2151 77
2152 142
2153 -1
2154 122
2155 78
2156 -1
2157 64
2158 26
2160 -1
2161 136
2162 -1
2163 73
2164 -1
2167 -1
2168 -1
2170 -1
2171 103
2172 82
2174 -1
2175 148
2176 -1
2177 -1
2178 42
2181 -1
2182 -1
2183 62
2184 132
2185 -1
2187 -1
2188 103
2190 -1
2191 -1
2192 35
2196 128
2197 -1
2198 118
2200 -1
2201 0
2203 92
2204 -1
2206 -1
2211 88
2213 45
2214 -1
2215 -1
2217 -1
2219 -1
2220 17
2221 -1
2222 38
2226 117
2227 11
2229 -1
2230 53
2232 -1
2233 70
2235 -1
2236 -1
2238 -1
2239 30
2240 -1
2241 -1
2242 13
2243 89
2244 146
2245 -1
2246 -1
2247 -1
2248 -1
2249 -1
2253 -1
2254 -1
2257 -1
2259 -1
2260 28
2261 90
2263 0
2265 -1
2266 -1
2267 -1
2268 41
2270 -1
2272 54
2274 -1
2277 -1
2279 -1
2280 79
2281 -1
2282 -1
2283 -1
2284 147
2286 137
2287 -1
2288 105
2289 -1
2290 123
2292 -1
2293 -1
2294 -1
2295 31
2296 1
2297 -1
2299 -1
2300 141
2301 29
2302 14
2303 -1
2304 -1
2305 -1
2306 114
2307 39
2308 109
2309 -1
2310 -1
2311 27
2312 -1
2313 -1
2314 48
2315 93
2316 129
2317 104
2318 -1
2319 -1
2321 86
2322 -1
2323 -1
2324 -1
2325 -1
2326 -1
2327 2
2328 104
2329 -1
2331 83
2332 101
2333 88
2334 -1
2335 19
2336 -1
2337 85
2338 54
2339 138
2340 109
2341 -1
2342 15
2343 -1
2344 3
2346 -1
2347 15
2348 -1
2349 138
2350 -1
2352 -1
2353 -1
2354 16
2355 136
2357 -1
2358 111
2361 -1
2363 41
2364 -1
2365 -1
2366 129
2367 -1
2369 59
2370 -1
2371 -1
2373 -1
2374 -1
2375 -1
2376 -1
2378 -1
2379 -1
2380 0
2381 -1
2382 -1
2384 2
2385 -1
2386 -1
2387 -1
2389 -1
2390 -1
2391 83
2392 6
2393 -1
2394 -1
2395 -1
2397 -1
2398 -1
2399 -1
2401 -1
2403 75
2404 -1
2405 73
2406 73
2407 36
2410 -1
2412 -1
2413 -1
2414 -1
2415 -1
2416 -1
2417 -1
2418 99
2420 59
2422 76
2425 -1
2426 127
2427 81
2428 -1
2430 141
2431 56
2432 73
2433 127
2434 -1
2435 -1
2436 149
2437 57
2438 -1
2439 104
2440 -1
2442 123
2443 98
2444 -1
2445 -1
2446 128
2447 85
2450 -1
2451 124
2452 -1
2453 125
2454 60
2455 28
2456 -1
2457 -1
2458 -1
2460 -1
2461 -1
2463 -1
2464 -1
2465 113
2467 -1
2468 48
2469 1
2470 -1
2471 -1
2473 81
2474 4
2475 -1
2476 -1
2477 -1
2478 7
2479 79
2482 87
2483 18
2484 -1
2485 103
2486 17
2488 29
2490 -1
2491 -1
2492 61
2494 -1
2495 121
2497 22
2498 -1
2500 -1
2501 104
2503 73
2504 -1
2506 142
2507 59
2508 -1
2509 101
2512 -1
2513 83
2514 -1
2515 -1
2516 -1
2517 7
2518 -1
2519 131
2520 60
2522 114
2524 71
2525 103
2526 80
2527 -1
2528 -1
2529 88
2531 -1
2533 -1
2534 96
2536 -1
2537 -1
2538 -1
2540 129
2542 -1
2543 -1
2544 -1
2545 -1
2546 -1
2547 106
2548 -1
2549 23
2550 24
2551 142
2552 51
2553 101
2555 -1
2556 -1
2557 -1
2558 -1
2559 -1
2560 43
2561 45
2562 -1
2563 -1
2564 -1
2566 64
2567 -1
2568 44
2569 -1
2570 83
2571 103
2572 -1
2574 97
2576 -1
2577 123
2578 -1
2580 138
2582 127
2584 11
2585 -1
2586 102
2587 -1
2589 -1
2590 -1
2591 36
2592 -1
2593 -1
2594 142
2596 59
2597 -1
2598 128
2599 -1
2600 125
2603 -1
2604 -1
2605 -1
2606 -1
2607 144
2608 36
2609 -1
2610 -1
2612 -1
2613 -1
2614 96
2615 -1
2616 -1
2617 17
2618 -1
2619 127
2621 -1
2622 -1
2624 84
2625 -1
2626 -1
2627 71
2629 -1
2630 0
2631 -1
2632 142
2633 51
2634 -1
2635 37
2636 111
2637 -1
2641 -1
2642 -1
2644 35
2645 10
2647 -1
2648 63
2649 77
2650 -1
2652 -1
2654 37
2655 -1
2656 -1
2657 31
2658 -1
2660 -1
2661 18
2664 58
2665 5
2666 110
2667 -1
2668 -1
2669 -1
2670 -1
2671 -1
2672 131
2673 8
2675 -1
2676 73
2677 91
2678 -1
2679 93
2680 60
2681 -1
2682 6
2683 46
2684 -1
2685 -1
2686 73
2688 -1
2689 -1
2690 -1
2691 -1
2692 -1
2694 -1
2695 -1
2696 102
2697 -1
2698 -1
2699 -1
2701 -1
2702 107
2703 -1
2705 -1
2706 75
2709 -1
2710 -1
2711 49
2712 -1
2713 -1
2714 -1
2716 -1
2717 139
2718 150
2721 -1
2722 0
2723 47
2726 48
2728 -1
2729 -1
2730 116
2731 -1
2732 -1
2733 -1
2735 45
2738 30
2739 136
2741 -1
2742 2
2743 22
2744 -1
2745 24
2747 -1
2748 -1
2749 -1
2751 -1
2752 -1
2754 87
2756 -1
2757 -1
2758 -1
2759 -1
2760 -1
2761 50
2762 108
2763 -1
2764 -1
2765 124
2766 -1
2767 20
2768 118
2770 -1
2776 115
2778 -1
2779 106
2781 -1
2785 -1
2786 37
2787 -1
2788 72
2789 55
2790 -1
2791 135
2792 -1
2793 32
2794 106
2795 -1
2797 -1
2799 50
2800 -1
2801 -1
2802 29
2804 -1
2805 45
2806 119
2807 -1
2808 -1
2809 132
2811 -1
2812 26
2814 -1
2815 115
2817 -1
2818 -1
2820 55
2822 105
2824 -1
2825 -1
2826 35
2827 -1
2828 -1
2829 49
2830 55
2832 -1
2835 79
2836 -1
2837 -1
2838 -1
2839 -1
2841 -1
2842 -1
2843 90
2844 94
2845 145
2847 -1
2848 -1
2849 88
2851 -1
2852 103
2853 98
2854 37
2855 -1
2856 -1
2857 -1
2858 -1
2859 -1
2861 81
2864 -1
2866 -1
2867 -1
2868 -1
2869 -1
2870 -1
2871 17
2873 126
2874 150
2875 -1
2877 128
2878 106
2880 142
2881 108
2883 53
2884 -1
2885 50
2886 72
2887 -1
2888 146
2891 -1
2892 -1
2893 -1
2894 -1
2895 104
2896 -1
2898 -1
2899 108
2900 121
2901 87
2903 -1
2904 95
2905 -1
2906 -1
2907 -1
2909 122
2910 -1
2911 -1
2912 -1
2913 143
2914 -1
2915 -1
2917 -1
2919 87
2920 -1
2921 27
2922 -1
2923 13
2924 113
2925 -1
2926 -1
2928 123
2929 88
2930 -1
2931 36
2932 82
2934 -1
2935 -1
2936 79
2937 122
2938 46
2940 28
2941 109
2942 -1
2943 -1
2946 -1
2947 -1
2948 68
2949 110
2950 -1
2951 34
2952 4
2955 -1
2956 8
2957 -1
2958 -1
2960 -1
2961 -1
2962 -1
2964 135
2965 137
2966 93
2967 -1
2968 67
2969 -1
2970 -1
2971 -1
2972 -1
2973 -1
2974 74
2975 -1
2976 52
2977 53
2978 1
2979 -1
2980 5
2982 130
2983 -1
2984 25
2986 -1
2987 -1
2988 -1
2989 146
2990 65
2991 83
2992 -1
2994 1
2995 -1
2996 39
2997 -1
3001 -1
3002 87
3003 101
3004 -1
3006 -1
3007 -1
3008 -1
3009 108
3012 36
3013 29
3014 -1
3016 51
3018 -1
3020 -1
3021 63
3022 59
3023 136
3024 39
3025 -1
3026 -1
3027 -1
3028 -1
3029 -1
3031 91
3034 49
3035 117
3036 -1
3038 77
3039 -1
3040 -1
3041 -1
3042 -1
3043 -1
3044 73
3045 -1
3046 -1
3047 -1
3048 -1
3049 35
3050 147
3053 -1
3054 85
3056 132
3057 -1
3058 35
3059 45
3060 -1
3061 25
3063 70
3064 114
3066 130
3067 -1
3068 -1
3069 -1
3072 -1
3074 51
3075 133
3076 -1
3077 22
3078 98
3080 5
3081 37
3082 -1
3083 -1
3084 83
3085 -1
3086 18
3087 27
3088 -1
3089 85
3090 89
3093 74
3095 4
3096 -1
3097 -1
3098 -1
3101 -1
3102 -1
3103 -1
3104 37
3105 -1
3106 61
3109 -1
3110 130
3111 44
3112 73
3113 -1
3115 74
3116 -1
3117 34
3118 63
3119 -1
3120 -1
3121 144
3122 61
3123 37
3124 -1
3126 -1
3127 47
3130 -1
3133 -1
3134 -1
3140 149
3141 -1
3144 -1
3145 -1
3146 81
3150 -1
3151 86
3152 -1
3154 -1
3156 140
3158 -1
3159 -1
3162 51
3163 -1
3165 -1
3166 119
3167 -1
3168 2
3169 -1
3171 -1
3173 -1
3174 -1
3176 62
3180 -1
3181 108
3182 1
3183 42
3184 -1
3185 89
3186 -1
3187 42
3188 108
3189 -1
3191 23
3192 42
3194 -1
3195 111
3197 121
3198 14
3201 -1
3202 126
3204 -1
3208 -1
3212 -1
3213 28
3214 -1
3216 -1
3217 -1
3218 132
3219 -1
3220 -1
3221 1
3222 132
3224 -1
3225 -1
3226 79
3227 -1
3230 -1
3231 -1
3233 -1
3234 81
3235 35
3237 -1
3240 22
3243 84
3245 84
3246 54
3247 101
3248 68
3250 -1
3253 143
3254 -1
3256 -1
3257 130
3258 50
3259 -1
3261 -1
3262 -1
3263 -1
3264 -1
3265 146
3266 -1
3268 -1
3269 95
3270 74
3271 120
3272 13
3273 -1
3274 83
3275 1
3276 -1
3277 -1
3278 105
3279 -1
3280 -1
3281 -1
3282 -1
3283 -1
3284 25
3285 90
3286 131
3287 -1
3288 44
3289 -1
3290 -1
3291 94
3292 -1
3293 47
3294 -1
3295 112
3296 -1
3297 18
3301 -1
3302 18
3306 -1
3307 -1
3308 -1
3309 97
3312 37
3314 77
3315 0
3316 -1
3317 1
3318 -1
3322 125
3325 -1
3326 1
3327 -1
3328 -1
3329 57
3333 35
3335 -1
3336 118
3337 129
3339 12
3340 -1
3342 -1
3343 -1
3345 40
3347 -1
3350 -1
3351 -1
3352 47
3353 -1
3354 6
3355 -1
3356 92
3357 -1
3359 43
3362 16
3363 -1
3367 -1
3368 69
3369 132
3370 -1
3371 57
3373 20
3374 -1
3375 -1
3376 148
3377 -1
3379 -1
3380 -1
3382 -1
3383 104
3384 80
3385 60
3386 120
3387 88
3388 -1
3389 110
3391 59
3392 3
3393 98
3394 43
3397 105
3399 -1
3402 37
3403 -1
3404 -1
3405 59
3406 75
3407 -1
3409 -1
3412 -1
3413 56
3414 -1
3415 -1
3416 32
3417 85
3418 102
3420 90
3421 17
3422 -1
3423 -1
3424 -1
3426 -1
3428 -1
3430 -1
3432 138
3433 72
3434 -1
3435 -1
3439 104
3440 5
3442 72
3443 -1
3444 55
3445 -1
3447 -1
3448 -1
3449 -1
3451 -1
3452 147
3453 23
3454 -1
3455 45
3456 87
3457 145
3458 -1
3460 81
3461 -1
3462 9
3464 -1
3465 17
3467 53
3470 -1
3471 -1
3472 84
3473 -1
3474 55
3475 25
3476 78
3477 58
3478 96
3481 113
3482 -1
3485 -1
3486 -1
3487 82
3490 21
3491 -1
3493 25
3494 110
3495 45
3496 145
3497 -1
3499 53
3500 106
3501 -1
3502 -1
3503 85
3504 -1
3506 -1
3507 51
3509 -1
3511 18
3513 67
3514 -1
3515 -1
3516 -1
3517 -1
3520 -1
3521 -1
3523 -1
3525 26
3526 24
3527 -1
3528 87
3529 60
3531 93
3532 -1
3533 -1
3535 -1
3536 -1
3537 63
3538 -1
3539 -1
3540 -1
3541 24
3543 13
3544 -1
3545 -1
3546 106
3548 -1
3549 -1
3550 -1
3551 41
3553 -1
3554 78
3555 -1
3556 10
3557 61
3558 -1
3559 -1
3561 -1
3562 126
3565 -1
3566 -1
3568 -1
3569 66
3571 6
3572 -1
3575 -1
3579 -1
3582 116
3583 -1
3584 -1
3586 42
3588 -1
3590 29
3591 -1
3592 -1
3593 -1
3594 -1
3596 21
3598 -1
3600 -1
3602 -1
3604 150
3606 100
3610 56
3612 -1
3613 38
3615 -1
3616 45
3617 92
3618 72
3622 -1
3623 19
3624 -1
3625 -1
3626 -1
3627 -1
3630 -1
3633 -1
3635 -1
3637 34
3638 73
3639 -1
3640 133
3642 -1
3645 105
3646 -1
3647 -1
3648 -1
3649 65
3650 139
3651 -1
3655 -1
3656 37
3657 -1
3658 -1
3660 15
3661 -1
3662 -1
3663 93
3664 118
3665 -1
3667 110
3668 71
3669 38
3672 10
3673 -1
3675 -1
3677 148
3679 -1
3681 -1
3683 103
3685 -1
3686 145
3688 28
3689 -1
3690 -1
3691 -1
3693 -1
3695 127
3696 -1
3697 84
3698 -1
3699 -1
3700 -1
3701 -1
3702 -1
3704 -1
3705 96
3706 47
3707 -1
3713 9
3714 92
3715 -1
3716 -1
3717 -1
3718 -1
3719 -1
3720 78
3721 -1
3722 -1
3725 0
3726 -1
3727 -1
3729 1
3730 132
3733 -1
3735 -1
3736 -1
3737 -1
3738 -1
3739 97
3741 -1
3743 96
3744 79
3745 114
3747 -1
3748 9
3749 -1
3750 -1
3752 -1
3753 124
3755 -1
3756 -1
3757 107
3759 -1
3761 -1
3762 -1
3764 149
3765 45
3767 28
3770 45
3771 -1
3778 98
3779 12
3781 12
3783 -1
3785 139
3786 -1
3787 -1
3788 -1
3790 20
3791 -1
3795 12
3797 -1
3798 -1
3799 47
3800 102
3802 111
3803 -1
3804 41
3806 -1
3807 -1
3810 131
3812 37
3813 -1
3815 -1
3816 35
3817 -1
3819 -1
3820 149
3821 62
3822 -1
3824 89
3825 61
3826 87
3828 -1
3832 -1
3833 -1
3834 -1
3835 18
3837 -1
3838 -1
3839 -1
3841 -1
3843 80
3844 122
3848 -1
3849 45
3850 147
3851 -1
3852 25
3855 -1
3856 -1
3858 45
3859 104
3861 -1
3863 32
3865 82
3866 -1
3867 -1
3868 2
3870 -1
3871 68
3874 -1
3875 135
3876 142
3877 -1
3878 -1
3879 -1
3881 -1
3883 -1
3884 -1
3886 8
3887 -1
3888 -1
3889 -1
3891 -1
3892 -1
3894 -1
3896 131
3901 -1
3902 70
3904 -1
3905 -1
3907 -1
3908 21
3909 -1
3910 -1
3912 128
3913 -1
3914 -1
3915 -1
3916 -1
3918 -1
3919 -1
3920 87
3921 23
3922 -1
3924 -1
3925 70
3926 74
3927 146
3928 136
3930 44
3931 -1
3932 -1
3935 -1
3936 48
3937 -1
3941 -1
3942 59
3943 50
3945 -1
3946 -1
3947 -1
3949 -1
3950 143
3951 -1
3954 72
3957 58
3958 51
3959 -1
3960 31
3961 -1
3962 67
3964 -1
3965 -1
3968 40
3971 138
3972 78
3976 131
3978 119
3979 38
3980 134
3981 8
3982 57
3983 -1
3985 -1
3986 -1
3987 88
3988 -1
3989 -1
3990 -1
3991 -1
3994 -1
3997 -1
3998 -1
3999 -1
4000 -1
4001 38
4002 -1
4003 -1
4004 -1
4006 -1
4012 17
4013 -1
4014 -1
4016 17
4018 -1
4019 -1
4020 -1
4021 -1
4022 -1
4023 90
4024 -1
4026 131
4027 96
4028 130
4029 -1
4030 49
4031 -1
4032 124
4034 -1
4035 -1
4038 -1
4039 111
4040 -1
4043 -1
4044 132
4045 -1
4047 -1
4051 -1
4052 -1
4054 -1
4055 -1
4056 -1
4057 24
4059 -1
4060 42
4063 47
4065 -1
4066 -1
4067 26
4068 -1
4071 1
4072 -1
4074 -1
4076 -1
4078 -1
4080 -1
4081 89
4082 -1
4083 -1
4085 -1
4086 -1
4087 112
4088 -1
4090 -1
4091 142
4092 -1
4093 63
4094 121
4095 -1
4096 16
4097 -1
4100 -1
4103 -1
4104 104
4105 -1
4107 -1
4110 -1
4111 33
4113 23
4114 43
4116 82
4117 83
4119 16
4121 46
4123 75
4124 95
4125 -1
4126 107
4128 -1
4129 -1
4132 -1
4133 110
4135 -1
4136 -1
4137 -1
4138 23
4143 94
4145 112
4147 8
4148 115
4149 -1
4153 135
4154 -1
4155 67
4158 32
4159 69
4160 -1
4161 98
4162 14
4163 16
4165 6
4166 65
4167 2
4169 26
4171 -1
4173 46
4175 -1
4176 89
4178 103
4179 131
4180 -1
4181 29
4183 102
4185 72
4188 11
4190 37
4191 -1
4192 122
4193 -1
4194 61
4195 97
4196 -1
4197 84
4199 138
4200 -1
4201 -1
4202 -1
4203 -1
4208 -1
4209 -1
4210 -1
4211 -1
4213 -1
4214 -1
4215 32
4216 -1
4218 132
4219 69
4221 -1
4223 -1
4224 27
4226 -1
4227 -1
4230 5
4231 79
4233 -1
4234 19
4235 -1
4237 148
4239 3
4241 -1
4242 96
4243 -1
4244 -1
4245 71
4248 133
4250 -1
4253 2
4255 -1
4256 73
4258 -1
4260 -1
4261 47
4265 -1
4268 -1
4269 61
4274 115
4275 -1
4276 -1
4277 113
4279 126
4281 -1
4282 -1
4283 72
4284 -1
4285 -1
4286 -1
4287 -1
4288 -1
4289 -1
4291 -1
4292 -1
4294 26
4295 -1
4296 -1
4297 -1
4298 76
4301 121
4303 -1
4304 -1
4309 86
4310 -1
4311 -1
4312 66
4313 25
4316 -1
4317 52
4318 -1
4321 19
4322 -1
4323 85
4326 86
4327 -1
4329 -1
4330 33
4331 -1
4332 -1
4335 59
4336 57
4337 5
4339 -1
4340 19
4341 7
4342 -1
4343 75
4344 33
4345 109
4350 138
4351 49
4355 -1
4356 124
4360 8
4361 93
4362 64
4364 -1
4365 -1
4367 -1
4368 89
4370 19
4372 -1
4374 -1
4377 26
4379 -1
4380 -1
4382 71
4383 20
4385 -1
4386 30
4387 27
4388 40
4389 -1
4390 66
4391 138
4392 78
4393 59
4395 70
4396 135
4397 130
4400 -1
4402 -1
4405 -1
4407 -1
4409 -1
4410 -1
4411 108
4413 51
4415 25
4417 59
4418 -1
4419 126
4420 140
4421 -1
4422 76
4424 -1
4425 -1
4428 -1
4429 39
4430 -1
4434 12
4435 41
4436 33
4437 30
4438 -1
4439 104
4440 116
4442 -1
4443 83
4445 139
4446 22
4448 -1
4449 -1
4451 -1
4453 131
4454 105
4455 -1
4457 13
4459 -1
4463 -1
4465 -1
4467 149
4468 -1
4472 81
4473 -1
4475 44
4477 101
4478 -1
4479 82
4480 -1
4481 89
4483 76
4485 -1
4487 16
4488 -1
4489 -1
4492 -1
4494 -1
4495 -1
4497 102
4499 -1
4502 121
4503 -1
4506 104
4507 26
4508 -1
4509 -1
4510 113
4511 -1
4512 74
4514 80
4515 76
4518 -1
4519 40
4520 105
4521 104
4522 -1
4525 -1
4526 -1
4527 -1
4528 32
4531 59
4532 78
4536 -1
4537 141
4539 -1
4540 -1
4542 26
4544 104
4546 73
4548 79
4549 23
4551 -1
4552 -1
4558 -1
4561 133
4562 -1
4565 88
4567 -1
4568 -1
4569 93
4571 66
4573 85
4574 84
4575 39
4579 10
4580 -1
4582 -1
4583 -1
4584 51
4585 69
4587 49
4588 -1
4589 53
4590 4
4591 -1
4592 -1
4595 -1
4596 -1
4597 118
4598 78
4600 -1
4601 118
4603 23
4604 -1
4605 -1
4606 113
4608 -1
4609 90
4610 -1
4611 143
4612 36
4613 79
4616 -1
4618 16
4624 -1
4625 47
4626 -1
4628 -1
4630 73
4631 -1
4632 99
4635 149
4636 -1
4639 -1
4640 -1
4643 -1
4644 113
4645 115
4647 108
4649 -1
4652 -1
4653 117
4655 -1
4656 -1
4657 36
4658 11
4659 -1
4661 -1
4662 -1
4665 -1
4669 -1
4670 -1
4671 50
4672 -1
4674 -1
4675 -1
4677 41
4680 -1
4681 74
4682 -1
4683 135
4684 106
4687 -1
4690 3
4692 -1
4696 102
4697 -1
4698 -1
4700 -1
4701 -1
4702 -1
4704 -1
4705 -1
4708 -1
4710 60
4711 -1
4714 117
4715 -1
4716 -1
4717 -1
4718 -1
4722 -1
4723 37
4725 21
4726 80
4727 -1
4728 -1
4729 -1
4731 64
4732 -1
4733 -1
4734 103
4735 -1
4736 -1
4739 138
4740 -1
4742 91
4743 -1
4744 -1
4747 0
4748 -1
4749 -1
4751 78
4752 60
4753 122
4755 69
4756 60
4757 -1
4758 71
4762 83
4764 -1
4765 -1
4766 -1
4768 95
4771 75
4775 -1
4777 -1
4778 51
4780 -1
4781 -1
4782 3
4785 122
4787 115
4788 38
4789 95
4790 114
4791 -1
4792 -1
4793 -1
4794 -1
4795 150
4799 -1
4800 150
4802 -1
4804 46
4805 67
4808 -1
4811 9
4814 121
4815 -1
4818 -1
4820 -1
4821 -1
4822 -1
4824 18
4828 -1
4829 -1
4830 -1
4831 -1
4833 135
4834 -1
4835 -1
4836 -1
4837 -1
4839 -1
4840 134
4841 110
4842 66
4843 -1
4844 36
4846 9
4848 130
4850 98
4851 -1
4852 -1
4853 -1
4854 104
4855 20
4856 -1
4857 -1
4858 -1
4860 59
4861 -1
4862 11
4863 147
4865 -1
4868 -1
4869 -1
4870 -1
4871 -1
4872 -1
4874 95
4875 -1
4878 104
4879 -1
4881 -1
4882 -1
4884 -1
4886 127
4887 107
4889 -1
4890 21
4892 52
4896 62
4897 -1
4898 95
4900 -1
4901 65
4902 1
4906 -1
4908 -1
4909 -1
4911 46
4912 -1
4913 68
4916 -1
4917 -1
4918 -1
4920 -1
4921 13
4922 -1
4923 -1
4926 -1
4927 18
4929 -1
4930 42
4931 -1
4932 121
4933 39
4934 -1
4937 -1
4938 129
4941 -1
4944 -1
4945 110
4946 -1
4947 -1
4951 -1
4952 -1
4953 -1
4955 137
4956 -1
4957 131
4959 51
4962 -1
4966 92
4968 -1
4970 -1
4971 103
4972 44
4974 23
4976 -1
4979 35
4982 82
4985 -1
4986 -1
4987 -1
4988 -1
4989 -1
4991 -1
4992 -1
4994 148
4995 115
4997 -1
4998 -1
4999 -1
