0 209
1 190
2 44
3 209
5 40
6 237
7 3
8 62
9 92
10 225
11 81
12 178
13 69
14 202
15 93
16 61
17 227
18 166
20 184
21 114
22 103
23 19
24 111
25 197
26 75
27 231
28 230
29 246
30 54
31 160
32 115
33 53
34 221
35 193
36 234
37 172
38 88
39 141
40 242
42 0
43 154
44 212
45 25
46 83
47 227
48 175
49 215
50 60
51 66
52 193
53 105
54 47
55 227
56 172
57 160
58 147
59 209
60 208
62 227
63 204
64 230
65 30
66 76
67 129
68 248
69 137
70 29
71 0
72 153
73 23
75 141
76 8
77 221
78 214
79 236
80 50
81 173
83 27
84 198
85 190
86 218
87 146
88 199
90 108
91 155
92 135
93 88
94 50
95 86
96 237
97 88
98 244
99 185
101 54
102 131
103 9
104 92
105 231
106 174
107 221
108 180
109 193
110 195
112 121
114 26
115 114
116 126
117 117
119 140
120 214
121 8
122 137
123 38
124 38
125 186
126 163
127 232
128 212
129 176
130 229
132 69
133 71
134 9
135 32
136 177
137 179
138 54
139 22
140 195
141 55
142 28
143 213
144 52
146 216
147 135
148 141
150 58
151 32
152 243
153 166
154 25
155 205
156 88
157 168
158 89
159 116
160 184
161 18
162 56
163 0
164 247
165 80
166 186
167 140
168 45
169 38
170 62
171 61
172 209
173 41
174 1
175 36
176 162
177 69
178 166
179 211
180 132
181 27
182 3
183 90
184 191
185 172
186 68
187 69
188 226
189 244
190 97
191 227
192 87
193 142
194 198
195 51
196 89
197 82
198 93
199 48
200 42
201 62
202 22
203 214
204 128
206 163
207 10
208 123
209 151
211 56
212 38
213 225
214 50
215 0
216 143
217 210
218 165
219 82
220 186
221 233
222 67
223 1
224 114
225 83
226 12
227 244
228 206
229 140
230 5
231 225
232 227
233 225
235 190
236 94
237 120
238 9
239 243
240 79
241 207
242 17
243 1
244 84
245 195
246 181
247 232
248 244
249 132
250 241
251 74
252 55
254 62
256 195
257 48
258 19
259 23
260 60
261 189
262 137
263 21
264 148
265 72
266 75
267 4
268 21
269 195
270 175
271 101
272 173
273 206
274 227
275 183
277 245
278 17
279 77
280 50
282 101
283 227
284 101
285 62
286 240
287 160
288 24
289 214
290 98
291 5
292 9
293 156
294 61
295 62
296 214
297 5
298 175
299 55
300 9
301 57
302 209
303 24
304 190
305 229
306 155
307 22
308 101
309 154
310 81
312 244
313 141
314 8
315 12
316 153
317 228
318 50
319 222
320 80
321 3
322 159
323 29
324 224
325 149
326 181
327 199
328 191
329 189
330 42
331 114
332 70
333 2
334 183
335 0
337 193
338 184
339 31
340 26
341 180
342 102
344 99
345 137
346 164
347 19
348 60
349 3
350 3
351 241
352 243
353 96
354 137
356 189
357 167
358 53
359 11
360 62
361 100
362 95
363 244
364 26
365 229
366 146
367 15
368 113
369 162
370 119
372 190
373 74
374 49
375 195
376 157
377 193
378 63
379 225
380 193
381 188
382 65
383 221
384 50
385 23
386 82
387 198
388 11
389 164
390 213
391 114
392 198
393 54
394 172
395 152
396 151
397 149
398 223
399 209
400 130
401 201
402 137
403 60
404 9
405 136
406 13
407 223
408 196
409 62
410 158
411 114
412 160
413 173
414 240
415 111
416 42
417 63
418 192
419 237
420 210
421 9
422 170
423 73
424 172
425 148
426 59
427 15
428 62
429 209
430 219
431 14
432 79
433 141
434 7
435 3
436 161
437 243
438 175
440 136
441 166
442 55
443 62
444 9
445 109
446 214
447 106
448 117
449 195
450 175
451 27
452 64
453 69
454 171
455 122
457 164
458 92
459 91
460 182
461 237
462 15
463 124
464 192
465 209
466 37
467 147
468 126
469 46
470 94
471 3
472 235
473 55
474 153
475 135
476 26
477 40
478 51
479 62
480 238
481 38
482 188
483 100
484 173
485 97
486 184
487 151
489 100
490 161
491 75
492 122
493 188
494 225
495 48
496 104
497 9
498 11
499 249
501 11
502 233
503 81
506 104
509 57
510 38
511 144
512 240
513 229
516 131
518 49
519 141
520 195
521 195
522 14
523 102
524 146
525 245
527 73
528 213
529 172
530 229
531 54
532 83
533 204
534 199
535 223
536 0
537 187
539 147
540 188
541 96
542 38
543 176
544 241
545 12
546 3
547 41
549 104
550 237
551 159
552 86
553 3
554 67
555 159
556 153
557 190
558 108
559 52
560 217
562 180
563 208
564 55
567 69
568 52
569 161
570 236
571 226
572 139
573 49
574 188
575 235
576 169
577 102
578 60
579 227
580 140
581 98
582 146
583 159
584 175
585 5
586 241
587 223
588 67
589 191
590 50
592 101
594 219
595 147
596 120
597 160
598 161
599 226
600 101
601 85
602 62
604 151
605 7
606 134
607 114
608 210
609 2
610 195
611 131
612 6
613 153
614 98
615 123
616 146
617 108
618 142
619 223
620 109
621 85
622 5
623 27
624 148
625 217
626 180
627 119
628 189
629 69
630 165
631 60
632 60
633 105
634 52
635 203
636 42
637 166
638 34
639 179
640 193
641 3
642 235
643 225
644 219
645 117
646 113
647 121
648 214
651 137
652 34
653 220
654 195
655 14
656 172
657 55
658 26
659 76
660 40
661 209
662 123
663 193
664 241
665 39
666 29
667 163
668 74
670 172
671 134
672 42
673 229
674 192
675 151
676 191
678 160
679 35
680 195
681 27
682 150
684 106
685 141
686 10
687 21
688 0
689 127
690 126
691 6
692 199
693 51
694 188
695 175
696 227
697 164
698 119
699 27
701 90
702 42
703 175
705 114
706 225
707 155
708 187
709 0
710 246
711 235
712 21
713 149
714 185
716 234
717 130
718 199
720 155
722 199
723 198
724 60
725 214
726 169
727 195
728 2
729 195
730 219
731 155
732 0
733 131
734 114
735 229
736 103
737 50
738 39
739 100
740 23
741 62
742 68
743 106
744 81
745 170
746 1
747 172
748 60
749 58
751 199
752 9
753 20
754 214
755 55
756 92
757 19
758 50
760 92
761 58
762 189
764 178
765 79
766 54
767 122
768 14
769 178
770 230
771 239
772 81
773 215
774 24
775 150
776 159
777 76
778 62
779 143
780 108
781 219
782 81
783 95
784 25
785 33
787 191
789 50
790 104
791 151
793 173
794 247
795 23
796 106
797 190
798 192
799 157
800 2
801 17
802 243
803 44
804 73
805 3
806 0
807 232
808 136
809 151
810 71
811 81
812 105
813 108
814 17
815 146
817 0
818 133
819 56
820 231
821 137
822 64
823 62
824 25
826 127
827 14
828 136
829 36
830 63
831 157
832 98
833 17
834 56
835 67
836 72
837 216
838 116
840 188
841 24
843 88
846 40
847 60
848 234
849 172
850 214
852 26
853 193
855 168
856 117
857 50
858 131
859 109
860 25
861 75
862 119
863 129
864 209
865 151
866 102
867 207
868 13
869 119
871 28
872 23
873 27
874 69
875 210
876 128
877 62
878 94
879 193
881 207
882 103
883 117
884 111
885 108
888 147
889 154
890 122
891 195
892 51
893 229
894 175
895 46
896 14
897 184
898 209
899 57
900 89
901 96
902 100
903 57
904 102
905 203
906 115
907 231
909 231
910 74
911 163
912 247
913 144
914 134
915 9
916 56
917 11
918 103
919 114
920 97
921 19
922 2
923 75
924 68
925 78
926 151
927 12
928 173
929 100
930 121
931 198
932 193
933 58
934 72
936 25
938 178
939 27
940 127
941 165
942 7
943 174
944 44
946 210
947 135
948 119
949 186
950 109
951 23
953 141
954 180
955 209
956 172
957 230
958 187
959 117
960 225
961 57
962 107
963 104
964 131
965 11
967 228
968 135
969 131
970 149
971 135
972 173
973 31
974 110
975 55
977 223
978 42
979 50
980 17
981 239
982 222
983 177
984 61
985 25
987 193
988 128
989 47
990 60
991 232
992 23
993 243
994 245
995 190
996 155
998 2
999 46
1000 151
1001 171
1002 188
1003 200
1004 16
1005 3
1006 195
1009 41
1010 86
1011 241
1013 30
1014 62
1015 61
1016 231
1017 104
1019 206
1020 130
1021 219
1022 160
1023 177
1024 198
1025 13
1027 210
1028 190
1029 153
1030 192
1031 141
1032 149
1034 67
1035 239
1036 17
1037 206
1038 50
1040 173
1042 28
1044 35
1045 51
1046 50
1047 213
1048 225
1049 222
1050 94
1052 225
1053 241
1054 184
1055 117
1057 15
1058 114
1059 52
1060 168
1061 127
1062 202
1063 75
1064 198
1065 9
1066 141
1067 210
1068 96
1069 140
1070 9
1071 111
1072 89
1074 179
1075 78
1076 213
1077 96
1078 245
1079 198
1080 18
1081 138
1082 32
1083 237
1084 206
1085 123
1086 62
1087 33
1088 75
1089 202
1090 41
1091 72
1092 32
1093 192
1094 218
1095 241
1097 143
1098 66
1099 154
1100 10
1101 64
1103 60
1104 120
1105 20
1106 167
1107 103
1108 115
1110 9
1111 81
1112 195
1113 36
1114 11
1115 230
1116 66
1117 144
1118 92
1119 70
1120 152
1121 64
1122 12
1123 33
1124 151
1125 45
1126 30
1127 71
1128 115
1129 129
1130 149
1131 167
1133 237
1134 116
1135 160
1137 106
1139 95
1140 144
1141 39
1142 41
1143 246
1144 88
1145 151
1146 64
1147 34
1148 138
1149 107
1150 120
1151 223
1154 215
1155 232
1158 195
1159 72
1160 176
1162 195
1163 39
1165 213
1166 186
1167 237
1168 59
1169 62
1170 182
1171 178
1172 57
1173 61
1174 96
1177 21
1178 213
1179 114
1180 56
1181 229
1183 163
1184 60
1185 100
1186 9
1187 50
1188 96
1189 29
1190 50
1191 193
1192 29
1193 17
1194 234
1195 199
1196 127
1197 12
1198 62
1200 94
1201 153
1203 55
1205 229
1206 219
1207 186
1209 8
1210 22
1211 42
1212 120
1213 167
1214 26
1215 165
1216 187
1217 240
1218 78
1219 149
1220 64
1221 193
1222 58
1223 178
1225 76
1226 65
1227 160
1228 175
1229 227
1230 195
1232 35
1234 215
1235 17
1237 87
1238 110
1239 111
1240 249
1241 85
1242 237
1243 193
1245 16
1246 193
1247 93
1248 213
1249 138
1250 84
1251 123
1252 219
1253 59
1255 121
1256 58
1257 53
1258 167
1259 37
1260 30
1261 136
1262 131
1263 173
1265 193
1266 243
1267 73
1269 202
1270 126
1271 207
1272 125
1273 243
1274 225
1275 87
1277 27
1278 178
1279 107
1281 199
1283 55
1284 119
1285 56
1286 140
1289 121
1290 90
1291 56
1292 10
1293 8
1294 65
1295 41
1296 81
1297 180
1298 249
1299 57
1300 237
1302 225
1303 200
1305 139
1306 125
1307 47
1308 198
1310 229
1311 42
1313 29
1314 195
1315 89
1316 219
1319 47
1320 70
1321 73
1323 21
1324 237
1325 198
1326 178
1327 9
1328 115
1329 94
1330 87
1332 42
1333 114
1334 104
1335 209
1336 207
1337 234
1339 190
1340 1
1341 175
1343 179
1344 112
1345 225
1346 56
1347 168
1348 108
1349 159
1350 40
1351 195
1352 107
1354 225
1355 50
1357 121
1358 37
1359 191
1360 213
1361 49
1362 225
1363 141
1364 232
1365 236
1366 101
1367 228
1368 163
1369 14
1370 209
1372 225
1373 0
1374 87
1375 198
1376 230
1377 119
1378 116
1380 26
1381 184
1382 11
1384 225
1385 138
1387 20
1388 59
1389 42
1391 45
1392 241
1393 134
1394 219
1396 198
1397 69
1399 67
1400 141
1401 6
1402 20
1403 62
1404 86
1405 166
1406 131
1410 125
1411 62
1412 50
1413 111
1414 134
1415 194
1416 57
1417 170
1418 203
1419 28
1420 107
1421 47
1422 128
1423 21
1425 92
1426 160
1427 27
1429 3
1431 243
1432 163
1433 151
1434 33
1436 37
1438 210
1439 9
1440 42
1441 143
1442 237
1443 53
1444 15
1445 189
1446 170
1447 26
1448 83
1449 96
1450 178
1451 140
1452 94
1454 73
1455 5
1456 184
1457 225
1459 195
1460 67
1461 3
1462 30
1463 188
1464 70
1465 4
1466 85
1467 113
1468 94
1469 229
1470 174
1471 115
1472 141
1473 136
1474 130
1475 118
1476 118
1479 97
1480 120
1481 39
1482 62
1483 44
1484 27
1486 140
1487 143
1490 21
1491 73
1492 25
1493 149
1495 136
1496 25
1497 194
1498 158
1499 23
1500 137
1502 240
1503 84
1504 38
1506 100
1507 116
1508 237
1509 225
1510 62
1512 210
1514 5
1515 141
1517 218
1518 56
1520 173
1521 50
1522 198
1523 141
1524 235
1525 188
1526 159
1527 105
1528 232
1529 95
1530 73
1531 166
1532 195
1534 234
1535 193
1536 11
1537 198
1538 115
1540 55
1541 198
1542 14
1543 33
1544 237
1545 160
1546 66
1547 61
1549 54
1551 172
1552 209
1553 56
1554 214
1555 241
1556 35
1557 12
1558 169
1560 224
1563 40
1565 89
1566 122
1567 149
1568 40
1570 100
1572 129
1573 103
1574 224
1575 190
1576 135
1577 155
1579 175
1581 160
1582 46
1585 88
1586 54
1587 201
1588 130
1589 159
1590 244
1591 135
1593 25
1595 0
1599 50
1601 82
1602 0
1603 87
1604 53
1605 196
1607 82
1609 96
1610 11
1611 141
1613 178
1614 194
1615 93
1616 130
1617 74
1618 32
1619 101
1621 149
1623 100
1625 62
1626 64
1628 87
1629 65
1630 97
1631 149
1632 30
1633 1
1635 245
1636 120
1637 83
1639 178
1640 228
1643 28
1644 17
1645 10
1646 112
1648 91
1650 11
1651 174
1652 160
1653 66
1654 28
1655 102
1656 55
1657 47
1658 88
1659 10
1660 129
1661 42
1662 96
1663 14
1664 29
1665 238
1666 52
1667 50
1668 149
1669 17
1670 17
1671 160
1674 175
1676 231
1677 213
1678 243
1679 195
1681 209
1682 98
1684 131
1685 8
1686 60
1687 151
1688 198
1689 96
1691 232
1692 135
1694 167
1695 0
1696 235
1697 62
1698 181
1699 1
1701 6
1702 108
1703 40
1704 241
1705 94
1706 136
1707 236
1708 47
1709 244
1712 67
1713 60
1715 195
1716 149
1718 23
1719 190
1720 195
1721 172
1722 180
1723 57
1724 25
1725 137
1726 82
1727 23
1728 13
1730 48
1732 70
1733 216
1734 44
1735 230
1736 167
1737 176
1738 110
1739 60
1740 105
1741 137
1742 214
1743 56
1747 107
1748 52
1749 230
1750 38
1751 9
1752 81
1753 227
1754 242
1755 2
1756 98
1757 138
1758 56
1759 229
1761 179
1764 19
1765 149
1766 89
1767 160
1768 155
1769 2
1771 239
1772 198
1774 141
1775 22
1776 25
1777 214
1778 84
1779 84
1780 114
1781 31
1782 173
1783 124
1784 27
1785 14
1786 6
1788 47
1789 66
1790 14
1791 138
1792 125
1793 9
1794 237
1795 178
1796 96
1797 64
1799 239
1801 40
1802 22
1804 207
1805 236
1806 198
1807 155
1808 135
1810 66
1811 170
1813 48
1815 137
1816 222
1817 51
1818 75
1819 221
1820 229
1821 155
1822 47
1824 241
1825 78
1826 110
1827 48
1829 180
1830 81
1831 81
1832 10
1833 20
1834 194
1837 128
1839 26
1840 59
1841 18
1842 70
1843 128
1845 97
1846 200
1847 193
1848 108
1849 249
1850 193
1851 206
1853 225
1854 91
1855 4
1857 149
1858 227
1860 228
1861 179
1863 241
1864 21
1865 114
1866 149
1867 85
1868 198
1869 17
1871 150
1873 169
1874 149
1875 113
1876 160
1877 8
1878 163
1879 10
1880 186
1881 247
1882 108
1883 102
1884 184
1885 240
1887 97
1889 61
1890 119
1891 212
1894 60
1895 241
1896 3
1897 58
1899 112
1900 172
1902 28
1904 124
1906 203
1907 112
1908 88
1909 17
1910 148
1911 75
1912 36
1913 182
1914 49
1915 212
1916 117
1917 55
1918 4
1919 56
1920 176
1921 246
1923 230
1924 88
1925 134
1926 79
1927 81
1928 199
1929 8
1931 193
1933 137
1934 211
1935 160
1936 12
1938 224
1939 215
1940 18
1941 0
1942 159
1943 87
1944 60
1947 173
1948 209
1949 150
1950 226
1952 77
1953 100
1954 212
1955 97
1957 112
1959 78
1962 60
1964 25
1966 240
1967 214
1968 167
1969 213
1970 244
1971 223
1972 58
1973 3
1974 246
1976 175
1977 11
1978 49
1979 78
1980 237
1982 11
1983 156
1985 139
1986 75
1987 60
1991 141
1992 207
1993 30
1994 78
1995 175
1997 92
1998 58
2000 63
2001 44
2003 156
2006 62
2008 225
2009 110
2010 163
2011 3
2012 141
2013 64
2014 18
2016 173
2018 145
2019 159
2020 225
2021 247
2022 78
2024 96
2025 64
2026 190
2027 131
2028 15
2029 159
2031 2
2032 189
2033 53
2034 81
2035 235
2036 96
2037 110
2038 60
2039 3
2040 228
2041 25
2042 156
2043 199
2044 180
2045 30
2046 237
2047 101
2049 188
2050 200
2051 9
2053 172
2054 170
2055 208
2056 62
2057 82
2058 153
2059 237
2061 108
2062 26
2063 204
2065 131
2067 172
2068 89
2069 76
2070 212
2071 216
2072 55
2073 128
2075 145
2076 229
2077 216
2079 211
2080 166
2081 184
2082 199
2083 135
2084 88
2085 216
2086 50
2088 29
2089 54
2091 47
2092 100
2093 99
2094 76
2096 75
2099 144
2100 75
2101 21
2104 32
2105 245
2107 217
2108 77
2109 85
2110 209
2111 119
2113 164
2115 92
2116 82
2117 30
2118 108
2119 59
2121 61
2122 146
2123 194
2124 62
2125 101
2126 154
2127 248
2128 82
2129 198
2130 73
2131 241
2132 18
2133 172
2135 54
2136 49
2137 225
2138 14
2139 116
2141 92
2142 66
2143 12
2144 175
2145 12
2147 11
2148 213
2150 9
2151 188
2152 19
2153 209
2154 17
2155 65
2156 188
2157 57
2158 50
2160 1
2161 47
2162 193
2163 60
2164 61
2167 179
2168 200
2170 129
2171 67
2172 196
2174 230
2175 172
2176 69
2177 113
2178 45
2181 197
2182 217
2183 24
2184 167
2185 162
2187 181
2188 67
2190 50
2191 229
2192 52
2196 177
2197 203
2198 20
2200 88
2201 44
2203 64
2204 209
2206 50
2211 7
2213 36
2214 136
2215 244
2217 79
2219 50
2220 66
2221 88
2222 168
2226 58
2227 172
2229 88
2230 94
2232 195
2233 2
2234 61
2235 237
2236 160
2238 113
2239 174
2240 134
2241 200
2242 25
2243 136
2244 27
2245 210
2246 158
2247 11
2248 48
2249 211
2253 108
2254 237
2257 137
2259 18
2260 86
2261 109
2263 44
2265 134
2266 21
2267 140
2268 80
2269 195
2270 225
2272 120
2274 9
2275 141
2277 229
2279 238
2280 213
2281 55
2282 73
2283 114
2284 101
2286 112
2287 88
2288 235
2289 88
2290 119
2292 241
2293 22
2294 104
2295 180
2296 40
2297 237
2299 184
2300 82
2301 131
2302 83
2303 74
2304 108
2305 92
2306 0
2307 89
2308 241
2309 214
2310 0
2311 160
2312 3
2313 234
2314 87
2315 124
2316 35
2317 159
2318 0
2319 133
2321 219
2322 191
2323 32
2324 49
2325 163
2326 138
2327 81
2328 159
2329 194
2331 173
2332 187
2333 7
2334 191
2335 208
2336 107
2337 59
2338 120
2339 125
2340 241
2341 179
2342 175
2343 3
2344 202
2346 146
2347 175
2348 190
2349 125
2350 75
2352 155
2353 192
2354 215
2355 47
2357 90
2358 150
2361 201
2363 185
2364 63
2365 208
2366 35
2367 228
2369 206
2370 193
2371 97
2373 195
2374 92
2375 245
2376 223
2378 232
2379 3
2380 44
2381 239
2382 89
2384 81
2385 161
2386 116
2387 54
2388 7
2389 197
2390 105
2391 173
2392 111
2393 233
2394 229
2395 5
2397 9
2398 99
2399 223
2401 190
2403 49
2404 95
2405 60
2406 60
2407 25
2410 216
2412 75
2413 195
2414 209
2415 209
2416 225
2417 50
2418 102
2420 206
2422 157
2425 186
2426 110
2427 13
2428 188
2430 82
2431 17
2432 60
2433 110
2434 141
2435 185
2436 156
2437 84
2438 231
2439 159
2440 3
2442 119
2443 144
2444 126
2445 144
2446 177
2447 59
2450 75
2451 78
2452 1
2453 107
2454 50
2455 86
2456 91
2457 186
2458 6
2460 160
2461 56
2463 60
2464 140
2465 127
2467 221
2468 87
2469 40
2470 8
2471 184
2472 245
2473 13
2474 114
2475 62
2476 139
2477 193
2478 246
2479 213
2482 14
2483 62
2484 190
2485 67
2486 66
2488 131
2490 55
2491 199
2492 240
2494 121
2495 231
2497 76
2498 156
2500 18
2501 159
2503 60
2504 79
2505 189
2506 19
2507 206
2508 215
2509 187
2512 88
2513 173
2514 51
2515 223
2516 9
2517 246
2518 81
2519 32
2520 50
2522 0
2524 31
2525 67
2526 130
2527 149
2528 192
2529 7
2531 163
2533 60
2534 100
2536 18
2537 227
2538 141
2540 35
2542 34
2543 215
2544 51
2545 22
2546 198
2547 241
2548 60
2549 29
2550 214
2551 19
2552 143
2553 187
2555 97
2556 198
2557 213
2558 160
2559 181
2560 209
2561 36
2562 245
2563 137
2564 114
2566 57
2567 209
2568 41
2569 245
2570 173
2571 67
2572 153
2574 104
2576 88
2577 119
2578 71
2580 125
2582 110
2584 172
2585 42
2586 176
2587 81
2589 197
2590 189
2591 25
2592 210
2593 6
2594 19
2596 206
2597 242
2598 177
2599 26
2600 107
2602 173
2603 69
2604 173
2605 106
2606 32
2607 73
2608 25
2609 244
2610 114
2612 88
2613 151
2614 100
2615 175
2616 179
2617 66
2618 126
2619 110
2621 198
2622 75
2623 97
2624 170
2625 160
2626 38
2627 31
2629 190
2630 44
2631 180
2632 19
2633 143
2634 231
2635 182
2636 150
2637 62
2641 179
2642 175
2644 52
2645 97
2647 245
2648 98
2649 188
2650 5
2651 14
2652 245
2653 231
2654 205
2655 92
2656 161
2657 180
2658 88
2660 8
2661 62
2664 72
2665 103
2666 39
2667 100
2668 198
2669 141
2670 172
2671 47
2672 32
2673 115
2675 151
2676 60
2677 106
2678 171
2679 124
2680 50
2681 166
2682 111
2683 27
2684 229
2685 51
2686 219
2688 114
2689 121
2690 75
2691 145
2692 33
2694 118
2695 0
2696 176
2697 9
2698 95
2699 244
2701 210
2702 166
2703 210
2705 235
2706 49
2709 18
2710 195
2711 82
2712 198
2713 158
2714 245
2716 245
2717 62
2718 4
2721 194
2722 44
2723 68
2726 87
2727 178
2728 100
2729 33
2730 169
2731 116
2732 231
2733 18
2735 36
2738 174
2739 47
2741 161
2742 81
2743 76
2744 163
2745 214
2747 54
2748 198
2749 5
2751 172
2752 47
2754 14
2756 229
2757 9
2758 108
2759 5
2760 62
2761 42
2762 85
2763 223
2764 223
2765 78
2766 214
2767 212
2768 20
2770 220
2776 149
2777 189
2778 166
2779 241
2780 60
2781 62
2785 46
2786 182
2787 158
2788 26
2789 207
2790 139
2791 160
2792 193
2793 163
2794 241
2795 216
2797 199
2799 42
2800 54
2801 223
2802 131
2804 86
2805 36
2806 122
2807 81
2808 51
2809 167
2811 193
2812 50
2814 159
2815 149
2816 189
2817 51
2818 95
2820 207
2822 235
2824 237
2825 188
2826 52
2827 171
2828 226
2829 82
2830 207
2832 195
2834 63
2835 213
2836 99
2837 33
2838 9
2839 67
2841 140
2842 160
2843 109
2844 55
2845 214
2847 186
2848 12
2849 7
2851 62
2852 67
2853 144
2854 182
2855 164
2856 140
2857 74
2858 15
2859 142
2861 13
2864 129
2866 216
2867 62
2868 135
2869 227
2870 183
2871 66
2873 11
2874 4
2875 222
2877 177
2878 241
2880 19
2881 85
2883 94
2884 188
2885 42
2886 26
2887 11
2888 27
2891 119
2892 221
2893 175
2894 177
2895 159
2896 56
2898 211
2899 85
2900 231
2901 14
2903 23
2904 135
2905 18
2906 15
2907 0
2909 17
2910 195
2911 125
2912 99
2913 3
2914 242
2915 110
2917 55
2919 14
2920 64
2921 27
2922 62
2923 25
2924 127
2925 95
2926 54
2928 119
2929 7
2930 136
2931 25
2932 196
2934 9
2935 223
2936 213
2937 17
2938 27
2940 86
2941 241
2942 54
2943 163
2946 160
2947 185
2948 199
2949 39
2950 92
2951 28
2952 114
2955 193
2956 115
2957 149
2958 189
2960 74
2961 198
2962 191
2964 160
2965 112
2966 124
2967 96
2968 149
2969 186
2970 183
2971 137
2972 75
2973 58
2974 167
2975 55
2976 12
2977 94
2978 40
2979 67
2980 103
2982 138
2983 141
2984 236
2986 11
2987 210
2988 11
2989 27
2990 141
2991 173
2992 81
2994 40
2995 60
2996 89
2997 209
3001 164
3002 14
3003 187
3004 215
3006 239
3007 60
3008 114
3009 85
3011 21
3012 25
3013 131
3014 81
3016 143
3018 48
3020 11
3021 98
3022 206
3023 47
3024 89
3025 227
3026 72
3027 9
3028 50
3029 175
3031 106
3034 82
3035 58
3036 0
3038 188
3039 209
3040 50
3041 5
3042 50
3043 51
3044 60
3045 51
3046 136
3047 0
3048 151
3049 52
3050 101
3053 11
3054 59
3056 167
3057 67
3058 52
3059 36
3060 38
3061 236
3063 2
3064 0
3066 138
3067 27
3068 243
3069 189
3071 0
3072 235
3074 143
3075 178
3076 199
3077 76
3078 144
3080 103
3081 205
3082 123
3083 81
3084 173
3085 90
3086 9
3087 27
3088 6
3089 59
3090 136
3091 237
3093 167
3095 114
3096 193
3097 188
3098 58
3101 119
3102 222
3103 6
3104 205
3105 71
3106 240
3109 60
3110 138
3111 41
3112 60
3113 75
3115 167
3116 129
3117 28
3118 98
3119 173
3120 245
3121 73
3122 240
3123 205
3124 192
3126 15
3127 68
3130 175
3133 214
3134 142
3140 156
3141 6
3144 141
3145 73
3146 13
3147 167
3150 225
3151 219
3152 167
3154 67
3156 21
3158 114
3159 151
3162 143
3163 62
3165 171
3166 122
3167 56
3168 81
3169 245
3171 224
3173 151
3174 22
3176 24
3177 223
3179 10
3180 56
3181 85
3182 40
3183 45
3184 88
3185 136
3186 117
3187 45
3188 85
3189 141
3191 29
3192 45
3194 193
3195 150
3196 151
3197 231
3198 83
3201 229
3202 11
3204 149
3208 11
3212 209
3213 86
3214 225
3216 211
3217 88
3218 167
3219 201
3220 34
3221 40
3222 167
3224 75
3225 62
3226 213
3227 42
3230 195
3231 235
3233 81
3234 13
3235 52
3237 163
3240 76
3243 170
3245 170
3246 120
3247 187
3248 199
3250 163
3253 3
3254 174
3256 117
3257 138
3258 42
3259 9
3261 226
3262 140
3263 108
3264 166
3265 27
3266 198
3268 204
3269 135
3270 167
3271 190
3272 25
3273 195
3274 173
3275 40
3276 217
3277 88
3278 235
3279 223
3280 226
3281 193
3282 145
3283 88
3284 236
3285 109
3286 32
3287 141
3288 41
3289 123
3290 23
3291 55
3292 134
3293 68
3294 141
3295 10
3296 88
3297 9
3301 140
3302 62
3306 39
3307 18
3308 97
3309 104
3310 18
3312 182
3314 188
3315 44
3316 42
3317 40
3318 1
3322 107
3325 165
3326 40
3327 195
3328 133
3329 84
3333 52
3335 147
3336 20
3337 35
3339 154
3340 54
3342 116
3343 195
3345 184
3347 19
3350 50
3351 136
3352 68
3353 162
3354 111
3355 238
3356 64
3357 91
3359 209
3362 215
3363 173
3367 191
3368 70
3369 167
3370 0
3371 84
3373 204
3374 149
3375 137
3376 172
3377 239
3379 9
3380 67
3382 195
3383 159
3384 130
3385 50
3386 190
3387 7
3388 96
3389 39
3391 206
3392 202
3393 144
3394 209
3397 235
3399 160
3402 205
3403 141
3404 198
3405 206
3406 49
3407 249
3409 8
3412 22
3413 17
3414 209
3415 151
3416 163
3417 59
3418 176
3420 109
3421 66
3422 81
3423 75
3424 166
3426 231
3428 198
3430 193
3432 125
3433 26
3434 38
3435 21
3439 159
3440 103
3442 26
3443 117
3444 207
3445 0
3447 38
3448 160
3449 44
3451 242
3452 101
3453 29
3454 192
3455 36
3456 14
3457 214
3458 34
3460 13
3461 62
3462 53
3464 114
3465 66
3466 214
3467 94
3470 27
3471 39
3472 170
3473 170
3474 207
3475 236
3476 65
3477 72
3478 100
3481 127
3482 159
3485 192
3486 92
3487 196
3490 30
3491 180
3493 236
3494 39
3495 36
3496 214
3497 77
3499 94
3500 241
3501 153
3502 11
3503 59
3504 171
3506 209
3507 143
3509 141
3510 173
3511 62
3513 149
3514 75
3515 38
3516 151
3517 209
3518 190
3520 50
3521 183
3523 178
3525 50
3526 214
3527 191
3528 14
3529 50
3531 124
3532 224
3533 93
3534 166
3535 189
3536 0
3537 98
3538 116
3539 224
3540 93
3541 214
3543 25
3544 128
3545 195
3546 241
3548 181
3549 152
3550 249
3551 80
3552 160
3553 201
3554 65
3555 243
3556 97
3557 240
3558 34
3559 114
3561 9
3562 11
3565 245
3566 117
3568 48
3569 228
3571 111
3572 12
3575 243
3579 101
3582 169
3583 158
3584 22
3586 45
3588 195
3590 131
3591 50
3592 139
3593 54
3594 163
3596 30
3598 79
3600 33
3602 43
3604 4
3606 172
3610 17
3612 56
3613 168
3615 151
3616 36
3617 64
3618 26
3622 192
3623 208
3624 9
3625 69
3626 145
3627 27
3630 239
3633 62
3635 151
3637 28
3638 60
3639 123
3640 178
3642 201
3645 235
3646 47
3647 1
3648 75
3649 141
3650 62
3651 191
3653 54
3655 22
3656 182
3657 248
3658 220
3660 175
3661 133
3662 209
3663 124
3664 20
3665 50
3667 235
3668 31
3669 168
3672 97
3673 209
3675 225
3677 172
3679 149
3681 71
3683 67
3685 26
3686 214
3688 86
3689 142
3690 175
3691 209
3693 184
3695 110
3696 56
3697 170
3698 15
3699 138
3700 209
3701 116
3702 237
3704 91
3705 100
3706 68
3707 153
3713 53
3714 64
3715 135
3716 99
3717 5
3718 216
3719 50
3720 65
3721 19
3722 51
3725 44
3726 99
3727 173
3729 40
3730 167
3733 197
3735 135
3736 193
3737 206
3738 233
3739 104
3741 16
3743 100
3744 213
3745 0
3747 155
3748 53
3749 244
3750 196
3752 40
3753 78
3755 230
3756 14
3757 166
3759 19
3761 60
3762 225
3764 156
3765 36
3767 86
3770 36
3771 117
3778 144
3779 154
3781 154
3783 88
3785 62
3786 156
3787 217
3788 90
3790 204
3791 170
3795 154
3797 119
3798 62
3799 68
3800 176
3802 150
3803 139
3804 80
3806 213
3807 237
3810 32
3812 182
3813 141
3814 56
3815 186
3816 52
3817 243
3819 117
3820 156
3821 24
3822 249
3824 136
3825 240
3826 14
3828 67
3832 195
3833 95
3834 140
3835 160
3837 5
3838 3
3839 51
3841 88
3843 130
3844 17
3848 38
3849 36
3850 101
3851 210
3852 236
3855 141
3856 190
3858 36
3859 159
3861 117
3863 163
3865 196
3866 227
3867 62
3868 81
3870 209
3871 199
3874 88
3875 160
3876 19
3877 227
3878 125
3879 97
3881 34
3883 229
3884 220
3886 115
3887 133
3888 34
3889 210
3891 242
3892 195
3894 78
3896 32
3901 128
3902 2
3904 163
3905 193
3907 166
3908 30
3909 195
3910 199
3912 177
3913 237
3914 122
3915 50
3916 88
3918 6
3919 6
3920 14
3921 29
3922 210
3924 27
3925 2
3926 167
3927 27
3928 47
3930 41
3931 137
3932 185
3935 195
3936 87
3937 103
3941 88
3942 206
3943 42
3945 160
3946 221
3947 23
3949 96
3950 3
3951 9
3954 26
3957 72
3958 143
3959 248
3960 180
3961 91
3962 149
3964 168
3965 79
3968 184
3971 125
3972 65
3976 32
3978 122
3979 168
3980 56
3981 115
3982 84
3983 223
3985 105
3986 237
3987 7
3988 117
3989 158
3990 62
3991 118
3994 193
3997 54
3998 229
3999 173
4000 9
4001 168
4002 123
4003 173
4004 92
4006 88
4011 214
4012 66
4013 218
4014 209
4016 66
4018 18
4019 139
4020 55
4021 75
4022 125
4023 109
4024 175
4026 32
4027 100
4028 138
4029 227
4030 82
4031 222
4032 78
4034 114
4035 148
4038 38
4039 150
4040 193
4043 140
4044 167
4045 186
4047 60
4051 159
4052 151
4054 197
4055 50
4056 160
4057 214
4059 227
4060 45
4063 68
4065 46
4066 198
4067 50
4068 229
4071 40
4072 121
4074 222
4076 61
4078 162
4080 218
4081 136
4082 140
4083 242
4085 134
4086 63
4087 10
4088 228
4090 33
4091 19
4092 156
4093 98
4094 231
4095 61
4096 215
4097 216
4100 103
4103 191
4104 159
4105 209
4107 228
4110 88
4111 212
4113 29
4114 209
4116 196
4117 173
4119 215
4121 27
4123 49
4124 135
4125 108
4126 166
4128 36
4129 137
4130 160
4132 210
4133 39
4135 155
4136 37
4137 11
4138 29
4143 55
4145 10
4147 115
4148 149
4149 118
4150 1
4153 160
4154 0
4155 149
4158 163
4159 70
4160 195
4161 144
4162 83
4163 215
4165 111
4166 141
4167 81
4169 50
4171 155
4173 27
4175 1
4176 136
4178 67
4179 32
4180 166
4181 131
4183 176
4185 26
4188 172
4190 205
4191 146
4192 17
4193 97
4194 240
4195 104
4196 108
4197 170
4198 155
4199 125
4200 50
4201 198
4202 137
4203 3
4208 151
4209 218
4210 145
4211 63
4213 151
4214 237
4215 163
4216 73
4218 167
4219 70
4221 155
4223 147
4224 160
4226 137
4227 178
4229 18
4230 103
4231 213
4233 209
4234 208
4235 9
4237 172
4239 202
4240 3
4241 230
4242 100
4243 88
4244 231
4245 31
4248 178
4250 234
4253 81
4255 0
4256 60
4258 199
4260 50
4261 68
4262 45
4265 134
4268 62
4269 240
4274 149
4275 198
4276 213
4277 127
4279 11
4281 62
4282 225
4283 26
4284 198
4285 116
4286 156
4287 18
4288 200
4289 148
4291 119
4292 195
4294 50
4295 122
4296 123
4297 195
4298 157
4299 155
4301 231
4303 193
4304 61
4309 219
4310 92
4311 156
4312 228
4313 236
4316 114
4317 12
4318 176
4321 208
4322 146
4323 59
4326 219
4327 60
4329 195
4330 212
4331 165
4332 160
4335 206
4336 84
4337 103
4339 210
4340 208
4341 246
4342 222
4343 49
4344 212
4345 241
4350 125
4351 82
4355 188
4356 78
4360 115
4361 124
4362 57
4364 234
4365 60
4366 245
4367 194
4368 136
4370 208
4372 195
4374 230
4377 50
4379 244
4380 186
4382 31
4383 212
4385 179
4386 174
4387 160
4388 184
4389 249
4390 228
4391 125
4392 65
4393 206
4395 2
4396 160
4397 138
4400 114
4402 173
4405 170
4407 152
4409 237
4410 91
4411 85
4413 143
4415 236
4417 206
4418 14
4419 11
4420 21
4421 244
4422 157
4424 195
4425 162
4428 172
4429 89
4430 151
4434 154
4435 80
4436 212
4437 174
4438 50
4439 159
4440 169
4442 138
4443 173
4445 62
4446 76
4448 195
4449 159
4451 158
4453 32
4454 235
4455 137
4457 25
4459 151
4463 96
4465 186
4466 237
4467 156
4468 193
4471 18
4472 13
4473 37
4475 41
4477 187
4478 19
4479 196
4480 92
4481 136
4483 157
4485 22
4487 215
4488 237
4489 92
4492 156
4494 13
4495 99
4497 176
4499 75
4502 231
4503 209
4506 159
4507 50
4508 132
4509 38
4510 127
4511 93
4512 167
4514 130
4515 157
4518 3
4519 184
4520 235
4521 159
4522 191
4525 227
4526 37
4527 47
4528 163
4531 206
4532 65
4536 34
4537 82
4539 193
4540 26
4542 50
4544 159
4546 60
4548 213
4549 29
4551 9
4552 193
4558 9
4561 178
4562 180
4565 7
4566 38
4567 15
4568 108
4569 124
4571 228
4573 59
4574 170
4575 89
4579 193
4580 178
4582 174
4583 190
4584 143
4585 70
4587 82
4588 231
4589 94
4590 114
4591 147
4592 23
4595 210
4596 6
4597 20
4598 65
4600 71
4601 20
4603 29
4604 151
4605 119
4606 127
4608 41
4609 109
4610 38
4611 3
4612 25
4613 213
4616 97
4618 215
4624 8
4625 68
4626 50
4628 166
4630 60
4631 230
4632 102
4633 62
4635 156
4636 249
4639 13
4640 101
4642 11
4643 118
4644 127
4645 149
4647 85
4649 213
4652 113
4653 58
4655 225
4656 125
4657 25
4658 172
4659 190
4661 47
4662 22
4665 227
4669 160
4670 192
4671 42
4672 11
4674 245
4675 38
4677 80
4680 77
4681 167
4682 151
4683 160
4684 241
4687 165
4690 202
4691 45
4692 108
4695 158
4696 176
4697 125
4698 233
4700 190
4701 38
4702 93
4704 210
4705 89
4708 34
4710 50
4711 88
4714 58
4715 22
4716 209
4717 184
4718 50
4722 178
4723 182
4725 30
4726 130
4727 137
4728 192
4729 195
4731 57
4732 118
4733 18
4734 67
4735 142
4736 218
4739 125
4740 147
4742 106
4743 48
4744 81
4747 44
4748 248
4749 146
4751 65
4752 50
4753 17
4755 70
4756 50
4757 227
4758 31
4762 173
4764 92
4765 227
4766 225
4768 135
4771 49
4773 141
4775 22
4777 146
4778 143
4780 203
4781 128
4782 202
4785 17
4787 149
4788 168
4789 135
4790 0
4791 48
4792 178
4793 75
4794 160
4795 4
4799 8
4800 4
4802 114
4804 27
4805 149
4808 159
4811 53
4814 231
4815 114
4818 178
4820 26
4821 137
4822 223
4824 9
4828 147
4829 140
4830 60
4831 125
4833 160
4834 9
4835 93
4836 77
4837 118
4839 166
4840 56
4841 39
4842 228
4843 126
4844 25
4846 138
4848 1
4850 144
4851 198
4852 81
4853 188
4854 159
4855 204
4856 223
4857 151
4858 38
4860 206
4861 242
4862 172
4863 101
4865 77
4868 160
4869 162
4870 137
4871 160
4872 222
4874 135
4875 226
4878 159
4879 221
4881 136
4882 114
4884 61
4886 110
4887 166
4889 224
4890 30
4892 12
4896 24
4897 126
4898 135
4900 32
4901 141
4902 40
4906 89
4908 4
4909 72
4911 27
4912 125
4913 199
4916 152
4917 77
4918 22
4920 217
4921 25
4922 110
4923 195
4926 183
4927 160
4929 75
4930 45
4931 158
4932 231
4933 89
4934 191
4937 137
4938 35
4941 79
4943 135
4944 182
4945 39
4946 22
4947 1
4951 81
4952 0
4953 12
4955 112
4956 152
4957 32
4959 143
4962 114
4966 64
4968 197
4970 6
4971 67
4972 41
4974 29
4976 19
4979 52
4982 196
4985 69
4986 210
4987 15
4988 40
4989 44
4991 51
4992 54
4994 172
4995 149
4997 9
4998 227
4999 209
