0 130
1 117
2 36
3 49
5 201
6 161
7 223
8 7
9 33
10 29
11 123
12 35
13 56
14 86
15 208
16 199
17 40
18 105
20 244
21 182
22 82
23 208
24 77
25 85
26 223
27 167
28 232
29 205
30 99
31 99
32 125
33 103
34 196
35 188
36 246
37 242
38 24
39 188
40 177
42 42
43 239
44 104
45 111
46 233
47 85
48 74
49 138
50 75
51 78
52 248
53 136
54 153
55 161
56 248
57 9
58 94
59 222
60 228
62 40
63 124
64 5
65 3
66 31
67 39
68 114
69 235
70 60
71 210
72 117
73 208
75 7
76 243
77 235
78 35
79 200
80 192
81 37
83 21
84 80
85 161
86 28
87 39
88 37
90 122
91 157
92 231
93 157
94 157
95 47
96 143
97 81
98 56
99 150
101 238
102 158
103 29
104 132
105 102
106 118
107 196
108 113
109 28
110 179
112 80
114 66
115 49
116 118
117 78
119 202
120 35
121 192
122 85
123 82
124 134
125 171
126 179
127 98
128 104
129 148
130 9
132 245
133 159
134 29
135 1
136 69
137 128
138 228
139 189
140 249
141 222
142 123
143 79
144 45
146 74
147 231
148 7
150 180
151 179
152 30
153 234
154 155
155 11
156 197
157 204
158 165
159 107
160 65
161 211
162 239
163 196
164 71
165 13
166 215
167 84
168 48
169 134
170 161
171 21
172 110
173 141
174 175
175 23
176 144
177 56
178 56
179 34
180 214
181 145
182 248
183 216
184 110
185 71
186 9
187 19
188 95
189 45
190 56
191 161
192 88
193 181
194 9
195 165
196 37
197 115
198 89
199 163
200 59
201 223
202 37
203 223
204 65
206 196
207 20
208 62
209 21
211 187
212 82
213 223
214 108
215 110
216 34
217 37
218 3
219 27
220 56
221 19
222 70
223 107
224 182
225 233
226 34
227 234
228 157
229 228
230 20
231 12
232 161
233 99
235 50
236 92
237 140
238 228
239 214
240 226
241 28
242 72
243 175
244 134
245 30
246 152
247 28
248 208
249 231
250 19
251 22
252 82
254 179
256 48
257 74
258 82
259 231
260 75
261 99
262 40
263 221
264 197
265 114
266 179
267 53
268 221
269 42
270 186
271 76
272 107
273 38
274 85
275 240
277 85
278 72
279 183
280 86
282 201
283 40
284 11
285 12
286 164
287 223
288 62
289 35
290 96
291 161
292 222
293 91
294 30
295 50
296 196
297 35
298 110
299 122
300 99
301 166
302 49
303 62
304 179
305 98
306 81
307 241
308 66
309 239
310 132
312 137
313 212
314 243
315 165
316 44
317 119
318 157
319 16
320 13
321 218
322 129
323 60
324 104
325 126
326 152
327 68
328 210
329 99
330 227
331 182
332 17
333 219
334 240
335 177
337 24
338 65
339 154
340 152
341 8
342 213
344 97
345 85
346 64
347 122
348 10
349 81
350 218
351 85
352 30
353 203
354 15
356 99
357 55
358 103
359 82
360 12
361 131
362 62
363 45
364 176
365 117
366 139
367 150
368 173
369 144
370 4
372 185
373 22
374 113
375 127
376 178
377 223
378 70
379 223
380 99
381 85
382 67
383 249
384 67
385 151
386 27
387 29
388 71
389 64
390 26
391 211
392 222
393 99
394 120
395 217
396 143
397 121
398 161
399 193
400 100
401 149
402 20
403 10
404 105
405 44
406 133
407 161
408 232
409 176
410 81
411 49
412 180
413 87
414 164
415 77
416 227
417 70
418 30
419 161
420 113
422 93
423 37
424 242
425 197
426 57
427 81
428 182
429 110
430 2
431 43
432 226
433 143
434 135
435 105
436 143
437 30
438 168
440 54
441 76
442 161
443 161
444 48
445 156
446 161
447 130
448 78
449 179
450 110
451 145
452 207
453 56
454 177
455 58
457 64
458 55
459 174
460 11
461 130
462 41
463 224
464 30
465 130
466 209
467 94
468 246
469 181
470 92
471 12
472 229
473 142
474 117
475 52
476 176
477 113
478 245
479 182
480 81
481 82
482 30
483 73
484 37
485 188
486 65
487 84
489 131
490 143
491 49
492 58
493 30
494 110
495 163
496 150
497 180
498 71
499 20
501 162
502 19
503 123
506 150
509 166
510 56
511 147
512 164
513 1
516 158
518 113
519 212
520 196
521 35
522 43
523 213
524 191
525 51
527 137
528 79
529 71
530 1
531 99
532 233
533 124
534 68
535 215
536 177
537 8
539 94
540 169
541 203
542 214
543 148
544 19
545 34
546 223
547 141
549 150
550 15
551 186
552 47
553 223
554 83
555 25
556 50
557 185
558 215
559 45
560 225
562 113
563 228
564 122
567 245
568 45
569 143
570 200
571 95
572 69
573 107
574 169
575 184
576 241
577 213
578 10
579 40
580 180
581 96
582 141
583 25
584 168
585 71
586 14
587 215
588 83
589 228
590 67
592 76
594 2
595 141
596 140
597 21
598 143
599 95
600 201
601 20
602 223
605 135
606 206
607 211
608 113
609 219
610 196
611 132
612 86
613 211
614 96
615 62
616 139
617 172
618 181
619 222
620 156
621 20
622 161
623 145
624 197
625 225
626 113
627 113
628 228
629 245
630 3
631 10
632 192
633 136
634 45
635 89
636 227
637 56
638 134
639 128
640 121
641 248
642 229
643 12
644 2
645 44
646 173
647 80
648 35
651 20
652 20
653 207
654 127
655 43
656 71
657 142
658 177
659 31
660 113
661 110
662 28
663 188
664 112
665 64
666 60
667 196
668 22
670 71
671 5
672 59
673 117
674 30
675 84
676 210
678 9
679 32
680 161
681 21
682 190
684 130
685 71
686 198
687 102
688 35
689 170
690 118
691 68
692 68
693 115
694 169
695 74
696 40
697 64
698 113
699 21
701 216
702 59
703 74
705 211
706 110
707 81
708 8
709 74
710 205
711 229
712 221
713 160
714 13
716 241
717 100
718 236
720 19
722 236
723 9
724 10
725 35
726 241
727 127
728 219
729 179
730 2
731 157
732 210
733 132
734 211
735 180
736 82
737 108
738 64
739 131
740 151
741 62
742 9
743 130
744 32
745 93
746 85
747 120
748 16
749 76
751 107
752 222
753 46
754 35
755 142
756 246
757 28
758 108
760 55
761 180
762 228
764 35
765 226
766 238
767 58
768 43
769 235
770 74
771 27
772 132
773 138
774 62
775 190
776 25
777 31
778 223
779 34
780 89
781 2
782 123
783 62
784 155
785 19
787 228
790 150
791 110
793 87
794 71
795 193
796 130
797 185
798 117
799 178
800 219
801 72
802 214
803 36
804 137
805 248
806 74
807 98
808 54
809 223
810 159
811 132
812 136
813 89
814 72
815 139
817 196
818 99
819 116
820 115
821 20
822 207
823 179
824 155
826 170
827 43
828 54
829 23
830 70
831 178
832 96
833 247
834 187
835 83
836 114
837 74
838 109
840 30
841 62
843 7
846 201
847 16
848 27
849 120
850 223
852 66
853 121
855 204
856 78
857 157
858 158
859 156
860 155
861 49
862 113
863 39
864 29
865 21
866 213
867 105
868 133
869 4
871 123
872 208
873 145
874 56
875 34
876 65
877 223
878 92
879 24
881 28
882 82
883 44
884 77
885 89
888 94
889 239
890 58
891 35
892 115
893 1
894 168
895 181
896 43
897 244
898 110
899 166
900 37
901 50
902 73
903 166
904 213
905 89
906 125
907 167
909 167
910 22
911 196
912 71
913 147
914 5
915 228
916 187
917 71
918 82
919 176
920 208
921 208
922 219
923 223
924 9
925 63
926 202
927 34
928 87
929 131
930 80
931 106
932 188
933 180
934 114
936 155
938 21
939 145
940 170
941 3
942 135
943 118
944 36
946 19
947 231
948 4
949 171
950 156
953 212
954 113
955 49
956 71
957 74
958 8
959 44
960 12
961 166
962 0
963 150
964 132
965 81
967 119
968 231
969 158
970 121
971 52
972 87
973 154
974 220
975 142
977 172
978 59
979 67
980 247
981 27
982 16
983 69
984 196
985 155
987 99
988 65
989 153
990 16
991 98
992 142
993 30
994 51
995 185
996 157
998 219
999 181
1000 9
1001 210
1002 85
1003 157
1004 56
1005 248
1006 127
1009 141
1010 47
1011 19
1013 3
1014 223
1015 21
1016 19
1017 150
1019 38
1020 100
1021 2
1022 99
1023 69
1024 106
1025 133
1027 113
1028 7
1029 211
1030 117
1031 143
1032 126
1034 70
1035 27
1036 72
1037 38
1038 108
1040 87
1042 123
1044 32
1045 89
1046 86
1047 26
1048 130
1049 19
1050 92
1052 12
1053 112
1054 244
1055 78
1057 150
1058 211
1059 45
1060 204
1061 170
1062 86
1063 211
1064 222
1065 222
1066 71
1067 113
1068 50
1069 218
1070 180
1071 77
1072 165
1074 128
1075 63
1076 79
1077 203
1078 85
1079 191
1080 196
1081 61
1082 199
1083 130
1084 19
1085 28
1086 161
1087 19
1088 82
1089 86
1090 141
1091 114
1092 199
1093 30
1094 85
1095 14
1097 34
1098 78
1099 239
1100 198
1101 207
1103 16
1104 140
1105 46
1106 55
1107 82
1108 125
1110 237
1111 32
1112 35
1113 23
1114 162
1115 74
1116 78
1117 147
1118 55
1119 17
1120 217
1121 207
1122 165
1123 19
1124 155
1125 48
1126 3
1127 159
1128 125
1129 39
1130 121
1131 221
1133 130
1134 109
1135 99
1137 130
1139 62
1140 147
1141 64
1142 141
1143 205
1144 24
1145 84
1146 207
1147 20
1148 61
1149 0
1150 140
1151 49
1154 138
1155 98
1158 35
1159 114
1160 148
1162 127
1163 64
1165 26
1166 56
1167 15
1168 57
1169 7
1170 11
1171 210
1172 166
1173 35
1174 50
1177 102
1178 79
1179 40
1180 116
1181 1
1183 30
1184 10
1185 73
1186 179
1187 192
1188 50
1189 60
1190 108
1191 223
1192 60
1193 72
1194 246
1195 68
1196 170
1197 165
1198 161
1200 92
1201 44
1203 142
1205 6
1206 2
1207 56
1209 192
1210 241
1211 227
1212 140
1213 221
1214 176
1215 3
1216 8
1217 164
1218 63
1219 74
1220 207
1221 223
1222 76
1223 210
1225 31
1226 67
1227 186
1228 168
1229 40
1230 161
1232 32
1234 138
1235 247
1237 112
1238 220
1239 77
1240 20
1241 20
1242 49
1243 146
1245 208
1246 248
1247 89
1248 26
1249 61
1250 134
1251 29
1252 2
1253 57
1255 80
1256 76
1257 103
1258 221
1259 209
1260 3
1261 54
1262 132
1263 87
1265 12
1266 214
1267 137
1269 86
1270 207
1271 105
1272 33
1273 214
1274 223
1275 88
1277 21
1278 21
1279 0
1281 236
1283 56
1284 4
1285 116
1286 218
1289 80
1290 216
1291 116
1292 198
1293 192
1294 67
1295 141
1296 123
1297 113
1298 195
1299 166
1300 161
1302 12
1303 157
1305 69
1306 33
1307 153
1308 191
1310 117
1311 59
1313 60
1314 35
1315 165
1316 2
1319 153
1320 17
1321 137
1323 102
1324 130
1325 9
1326 98
1327 180
1328 125
1329 92
1330 88
1332 227
1333 182
1334 150
1335 110
1336 28
1337 246
1339 179
1340 107
1341 168
1343 128
1344 90
1345 12
1346 116
1347 204
1348 215
1349 129
1350 201
1351 7
1352 0
1354 12
1355 157
1357 80
1358 209
1359 110
1360 79
1361 113
1362 12
1363 7
1364 98
1365 200
1366 66
1367 2
1368 179
1369 43
1372 237
1373 177
1374 88
1375 191
1376 5
1377 245
1378 109
1380 152
1381 65
1382 162
1384 237
1385 61
1387 46
1388 57
1389 227
1391 48
1392 112
1393 206
1394 2
1396 106
1397 245
1399 83
1400 7
1401 86
1402 46
1403 223
1404 47
1405 76
1406 132
1410 33
1411 179
1412 86
1413 77
1414 206
1415 62
1416 166
1417 41
1418 89
1419 123
1420 0
1421 48
1422 65
1423 102
1425 246
1426 21
1427 145
1429 248
1431 30
1432 177
1433 202
1434 19
1436 209
1438 37
1439 222
1440 59
1441 34
1442 29
1443 103
1444 150
1445 228
1446 41
1447 66
1448 233
1449 50
1450 21
1451 202
1452 208
1454 137
1455 35
1456 65
1457 49
1459 7
1460 83
1461 218
1462 3
1463 85
1464 17
1465 53
1466 20
1467 173
1468 92
1469 98
1470 118
1471 125
1472 212
1473 54
1474 100
1475 101
1476 101
1479 56
1480 140
1481 64
1482 179
1483 36
1484 145
1486 81
1487 34
1490 221
1491 137
1492 155
1493 160
1495 44
1496 111
1497 62
1498 81
1499 151
1500 20
1502 164
1503 134
1504 48
1506 73
1507 33
1508 188
1509 110
1510 182
1512 37
1514 35
1515 143
1517 28
1518 187
1520 87
1521 192
1522 191
1523 212
1524 229
1525 85
1526 25
1527 136
1528 98
1529 212
1530 249
1531 208
1532 48
1534 246
1535 24
1536 190
1537 9
1538 125
1540 215
1541 193
1542 43
1543 19
1544 15
1545 186
1546 78
1547 30
1549 228
1551 71
1552 222
1553 116
1554 161
1555 112
1556 32
1557 165
1558 241
1560 104
1563 201
1565 165
1566 58
1567 126
1568 201
1570 131
1572 39
1573 82
1574 104
1575 185
1576 52
1577 81
1579 110
1581 9
1582 181
1585 197
1586 228
1587 149
1588 100
1589 25
1590 45
1591 52
1593 155
1595 42
1599 86
1601 27
1602 74
1603 88
1604 103
1605 232
1607 27
1609 203
1610 162
1611 7
1613 210
1614 62
1615 89
1616 100
1617 22
1618 199
1619 19
1621 74
1623 73
1625 12
1626 207
1628 88
1629 67
1630 188
1631 235
1632 3
1633 175
1635 51
1636 140
1637 233
1639 35
1640 119
1643 123
1644 247
1645 85
1646 90
1648 174
1650 162
1651 118
1652 180
1653 78
1654 123
1655 213
1656 142
1657 153
1658 230
1659 176
1660 39
1661 59
1662 50
1663 43
1664 60
1665 30
1666 45
1667 192
1668 126
1669 247
1670 72
1671 21
1674 74
1676 167
1677 26
1678 179
1679 249
1681 6
1682 96
1684 132
1685 243
1686 10
1687 202
1688 106
1689 9
1691 98
1692 52
1694 55
1695 196
1696 184
1697 179
1698 152
1699 107
1701 86
1702 211
1703 201
1704 19
1705 19
1706 44
1707 200
1708 153
1709 208
1712 83
1713 75
1715 223
1716 160
1718 40
1719 179
1720 42
1721 71
1722 8
1723 166
1724 155
1725 85
1726 27
1727 151
1728 133
1730 163
1732 17
1733 169
1734 36
1735 35
1736 55
1737 148
1738 220
1739 16
1740 136
1741 15
1742 35
1743 116
1747 0
1748 45
1749 5
1750 82
1751 29
1752 123
1753 161
1754 177
1755 219
1756 96
1757 61
1758 116
1759 117
1761 128
1764 56
1765 121
1766 165
1767 180
1768 157
1769 219
1771 27
1772 9
1774 7
1775 37
1776 155
1777 35
1778 134
1779 134
1780 40
1781 154
1782 87
1783 224
1784 21
1785 195
1786 86
1788 153
1789 78
1790 43
1791 61
1792 33
1793 222
1794 49
1795 210
1796 203
1797 207
1799 27
1801 113
1802 215
1804 28
1805 200
1806 191
1807 113
1808 52
1810 78
1811 41
1813 163
1815 20
1816 16
1817 115
1818 122
1819 235
1820 9
1821 81
1822 153
1824 14
1825 208
1826 220
1827 163
1829 8
1830 132
1831 123
1832 198
1833 46
1834 62
1837 65
1839 66
1840 57
1841 30
1842 17
1843 65
1845 188
1846 249
1847 218
1848 122
1849 20
1850 28
1851 38
1853 110
1854 174
1855 53
1857 126
1860 119
1861 128
1863 112
1864 102
1865 182
1866 121
1867 20
1868 9
1869 247
1871 190
1873 241
1874 126
1875 173
1876 186
1877 192
1878 196
1879 198
1880 56
1881 71
1882 89
1883 213
1884 65
1885 164
1887 208
1889 21
1890 4
1891 104
1894 10
1895 14
1896 188
1897 76
1899 90
1900 71
1902 123
1904 224
1906 89
1907 90
1908 24
1909 72
1910 197
1911 82
1912 23
1913 11
1914 113
1915 104
1916 44
1917 142
1918 53
1919 116
1920 148
1921 205
1923 74
1924 81
1925 206
1926 226
1927 123
1928 68
1929 243
1931 218
1933 175
1934 34
1935 186
1936 34
1938 104
1939 163
1940 196
1941 74
1942 129
1943 88
1944 10
1947 87
1948 99
1949 190
1950 95
1952 183
1953 73
1954 104
1955 56
1957 90
1959 63
1962 10
1964 155
1966 164
1967 35
1968 221
1969 79
1970 66
1972 76
1973 218
1974 205
1976 74
1977 82
1978 113
1979 208
1980 143
1982 81
1983 91
1985 69
1986 12
1987 16
1991 71
1992 105
1993 1
1994 63
1995 168
1997 132
1998 76
2000 70
2001 36
2003 91
2006 12
2008 223
2009 220
2010 177
2011 218
2012 7
2013 207
2014 196
2016 123
2018 194
2019 25
2020 110
2021 71
2022 63
2024 196
2025 207
2026 185
2027 158
2028 124
2029 186
2031 219
2032 228
2033 103
2034 132
2035 184
2036 50
2037 220
2038 10
2039 248
2040 229
2041 111
2042 91
2043 68
2044 113
2045 3
2046 29
2047 66
2049 85
2050 157
2051 105
2053 242
2054 41
2055 228
2056 12
2057 115
2058 44
2059 15
2061 49
2062 152
2063 124
2065 132
2067 120
2068 165
2069 31
2070 104
2071 74
2072 142
2073 65
2075 194
2076 98
2077 74
2079 34
2081 244
2082 68
2083 52
2084 81
2085 74
2086 67
2088 60
2089 238
2091 210
2092 73
2093 97
2094 31
2096 211
2099 147
2100 82
2101 102
2104 199
2105 51
2107 225
2108 183
2109 20
2110 222
2111 245
2113 64
2115 55
2116 115
2117 3
2118 117
2119 57
2121 196
2122 139
2123 62
2124 223
2125 66
2126 239
2127 114
2128 27
2129 80
2130 137
2131 14
2133 71
2135 99
2136 113
2137 110
2138 43
2139 109
2141 132
2142 78
2143 34
2144 74
2145 34
2147 81
2148 26
2150 180
2151 85
2152 56
2153 193
2154 247
2155 67
2156 196
2157 166
2158 192
2160 61
2161 153
2162 121
2163 10
2164 30
2167 128
2168 157
2170 39
2171 83
2172 232
2174 74
2175 120
2176 56
2177 173
2178 48
2181 85
2182 225
2183 62
2184 221
2185 144
2187 152
2188 83
2190 108
2191 1
2192 45
2196 69
2197 89
2198 46
2200 81
2201 36
2203 207
2204 6
2206 67
2211 135
2213 23
2214 44
2215 45
2217 226
2219 108
2220 78
2221 24
2222 204
2226 76
2227 242
2229 24
2230 92
2232 179
2233 219
2234 21
2235 130
2236 21
2238 173
2239 118
2240 5
2241 157
2242 111
2243 54
2244 145
2245 34
2246 81
2247 162
2248 74
2249 201
2253 172
2254 15
2257 40
2259 196
2260 47
2261 156
2263 36
2265 5
2266 221
2267 7
2268 13
2269 35
2270 29
2272 140
2274 223
2277 211
2279 5
2280 26
2281 211
2282 99
2283 40
2284 201
2286 90
2287 24
2288 184
2289 24
2290 4
2292 19
2293 37
2294 99
2295 113
2296 201
2297 143
2299 244
2300 27
2301 158
2302 233
2303 22
2304 142
2305 246
2306 74
2307 165
2308 112
2309 223
2310 177
2311 21
2312 248
2313 246
2314 88
2315 224
2316 32
2317 25
2318 42
2319 99
2321 2
2322 163
2323 179
2324 107
2325 232
2326 63
2327 123
2328 25
2329 62
2331 87
2332 8
2333 135
2334 228
2335 228
2336 0
2337 57
2338 140
2339 33
2340 112
2341 128
2342 74
2343 12
2344 86
2346 141
2347 74
2348 117
2349 33
2350 223
2352 81
2353 30
2354 138
2355 153
2357 216
2358 190
2361 149
2363 13
2364 70
2365 30
2366 32
2367 229
2369 38
2370 81
2371 122
2373 179
2374 55
2375 51
2376 215
2378 98
2379 105
2380 36
2381 27
2382 37
2384 123
2385 143
2386 109
2387 238
2389 85
2390 136
2391 87
2392 77
2393 19
2394 177
2395 142
2397 143
2398 97
2399 161
2401 7
2403 113
2404 62
2405 10
2406 10
2407 155
2410 74
2412 196
2413 50
2414 110
2415 6
2416 110
2417 108
2418 213
2420 38
2422 178
2425 28
2426 220
2427 133
2428 85
2430 27
2431 72
2432 10
2433 220
2434 143
2435 132
2436 91
2437 134
2438 19
2439 25
2440 223
2442 4
2443 147
2444 118
2445 128
2446 69
2447 57
2450 49
2451 63
2452 107
2453 0
2454 86
2455 47
2456 174
2457 215
2458 86
2460 21
2461 116
2463 75
2464 110
2465 170
2467 235
2468 88
2469 201
2470 243
2471 244
2472 85
2473 133
2474 182
2475 3
2476 69
2477 121
2478 205
2479 26
2482 43
2483 9
2484 179
2485 83
2486 78
2488 158
2490 215
2491 107
2492 164
2494 80
2495 115
2497 31
2498 91
2500 196
2501 25
2503 10
2504 229
2506 56
2507 38
2508 66
2509 8
2512 7
2513 87
2514 115
2515 161
2516 105
2517 205
2518 132
2519 199
2520 86
2522 74
2524 154
2525 83
2526 100
2527 121
2528 30
2529 135
2531 177
2533 16
2534 73
2536 99
2537 40
2538 7
2540 32
2542 134
2543 163
2544 245
2545 189
2546 191
2547 14
2548 16
2549 60
2550 35
2551 56
2552 34
2553 8
2555 231
2556 106
2557 79
2558 21
2559 152
2560 110
2561 23
2562 51
2563 20
2564 211
2566 166
2567 6
2568 141
2569 85
2570 87
2571 83
2572 44
2574 150
2576 81
2577 4
2578 159
2580 33
2582 220
2584 242
2585 227
2586 148
2587 132
2589 85
2590 228
2591 155
2592 87
2593 86
2594 56
2596 38
2597 177
2598 69
2599 66
2600 0
2602 37
2603 245
2604 37
2605 130
2606 1
2607 137
2608 155
2609 208
2610 211
2612 230
2613 202
2614 73
2615 110
2616 128
2617 78
2618 118
2619 220
2621 222
2622 7
2624 93
2625 180
2626 48
2627 154
2629 179
2630 36
2631 8
2632 56
2633 34
2634 19
2635 11
2636 190
2637 176
2641 128
2642 168
2644 45
2645 188
2647 51
2648 96
2649 85
2650 161
2652 51
2654 11
2655 55
2656 143
2657 113
2658 197
2660 192
2661 9
2664 114
2665 82
2666 64
2667 131
2668 191
2669 143
2670 71
2671 18
2672 199
2673 125
2675 9
2676 10
2677 130
2678 210
2679 224
2680 86
2681 19
2682 77
2683 145
2684 196
2685 245
2686 10
2688 169
2689 80
2690 49
2691 194
2692 19
2694 101
2695 35
2696 148
2697 29
2698 29
2699 166
2701 19
2702 76
2703 19
2705 229
2706 113
2709 249
2710 127
2711 115
2712 222
2713 81
2714 51
2716 30
2717 179
2718 53
2721 62
2722 36
2723 9
2726 88
2728 131
2729 19
2730 241
2731 109
2732 19
2733 177
2735 23
2738 118
2739 153
2741 143
2742 123
2743 31
2744 196
2745 35
2747 99
2748 222
2749 35
2751 223
2752 153
2754 43
2756 98
2757 161
2758 152
2759 89
2760 12
2761 59
2762 20
2763 215
2764 172
2765 63
2766 161
2767 124
2768 46
2770 207
2776 160
2778 234
2779 14
2781 12
2785 181
2786 11
2787 81
2788 152
2789 105
2790 69
2791 186
2792 146
2793 179
2794 14
2795 169
2797 236
2799 59
2800 238
2801 29
2802 158
2804 47
2805 23
2806 58
2807 32
2808 245
2809 221
2811 218
2812 192
2814 129
2815 160
2816 105
2817 245
2818 29
2820 28
2822 184
2824 15
2825 85
2826 45
2827 210
2828 95
2829 115
2830 105
2832 223
2835 26
2836 97
2837 19
2838 30
2839 125
2841 202
2842 143
2843 156
2844 142
2845 35
2847 171
2848 165
2849 135
2851 176
2852 83
2853 147
2854 11
2855 64
2856 202
2857 22
2858 41
2859 181
2861 133
2864 39
2866 169
2867 12
2868 231
2869 161
2870 240
2871 78
2873 81
2874 53
2875 16
2877 69
2878 14
2880 56
2881 20
2883 92
2884 30
2885 59
2886 152
2887 71
2888 145
2891 67
2892 249
2893 168
2894 69
2895 25
2896 116
2898 34
2899 20
2900 115
2901 43
2903 151
2904 52
2905 196
2906 81
2907 196
2909 247
2910 35
2911 33
2912 97
2913 218
2914 177
2915 220
2917 82
2919 43
2920 207
2921 21
2922 182
2923 111
2924 170
2925 62
2926 238
2928 4
2929 135
2930 44
2931 155
2932 232
2934 228
2935 215
2936 26
2937 247
2938 145
2940 47
2941 112
2942 228
2943 196
2946 12
2947 150
2948 68
2949 64
2950 55
2951 123
2952 182
2955 146
2956 125
2957 126
2958 228
2960 22
2961 151
2962 110
2964 186
2965 90
2966 224
2967 180
2968 126
2969 105
2970 240
2971 15
2972 188
2973 180
2974 55
2975 15
2976 34
2977 92
2978 201
2979 70
2980 82
2982 61
2983 143
2984 200
2986 162
2987 113
2988 81
2989 145
2990 212
2991 87
2992 132
2994 201
2995 75
2996 165
2997 29
3001 64
3002 43
3003 8
3004 163
3006 19
3007 75
3008 211
3009 20
3012 155
3013 158
3014 132
3016 34
3018 163
3020 82
3021 96
3022 38
3023 153
3024 165
3025 117
3026 114
3027 222
3028 81
3029 228
3031 130
3034 115
3035 76
3036 210
3038 85
3039 193
3040 81
3041 35
3042 108
3043 245
3044 10
3045 115
3046 44
3047 42
3048 143
3049 45
3050 201
3053 82
3054 57
3056 221
3057 70
3058 45
3059 23
3060 82
3061 200
3063 219
3064 74
3066 61
3067 180
3068 177
3069 99
3072 229
3074 113
3075 210
3076 236
3077 31
3078 147
3080 82
3081 11
3082 62
3083 132
3084 87
3085 216
3086 9
3087 21
3088 86
3089 57
3090 54
3093 55
3095 182
3096 99
3097 169
3098 180
3101 4
3102 16
3103 132
3104 11
3105 159
3106 164
3109 75
3110 61
3111 141
3112 10
3113 211
3115 55
3116 39
3117 123
3118 96
3119 37
3120 51
3121 137
3122 164
3123 11
3124 30
3126 150
3127 9
3130 186
3133 223
3134 181
3140 91
3141 86
3144 7
3145 249
3146 133
3150 12
3151 2
3152 108
3154 70
3156 102
3158 222
3159 202
3162 34
3163 21
3165 210
3166 58
3167 116
3168 123
3169 18
3171 104
3173 84
3174 189
3176 62
3180 116
3181 20
3182 201
3183 48
3184 24
3185 54
3186 44
3187 48
3188 20
3189 143
3191 60
3192 48
3194 146
3195 190
3196 143
3197 115
3198 233
3201 117
3202 81
3204 74
3208 162
3212 130
3213 47
3214 12
3216 201
3217 7
3218 221
3219 149
3220 20
3221 201
3222 221
3224 49
3225 237
3226 26
3227 227
3230 127
3231 229
3233 32
3234 133
3235 45
3237 196
3240 31
3243 93
3245 93
3246 140
3247 8
3248 68
3250 145
3253 218
3254 118
3256 44
3257 61
3258 59
3259 21
3261 176
3262 12
3263 182
3264 56
3265 145
3266 191
3268 124
3269 52
3270 55
3271 185
3272 111
3273 12
3274 87
3275 201
3276 225
3277 24
3278 184
3279 15
3280 95
3281 146
3282 194
3283 230
3284 200
3285 156
3286 199
3287 71
3288 141
3289 62
3290 151
3291 142
3292 206
3293 9
3294 7
3295 198
3296 230
3297 9
3301 202
3302 9
3306 64
3307 49
3308 188
3309 150
3312 11
3314 85
3315 36
3316 59
3317 201
3318 107
3322 0
3325 3
3326 201
3327 203
3328 99
3329 134
3333 45
3335 94
3336 46
3337 32
3339 239
3340 238
3342 33
3343 50
3345 65
3347 208
3350 108
3351 44
3352 9
3353 144
3354 77
3355 5
3356 207
3357 174
3359 110
3362 138
3363 37
3367 1
3368 17
3369 221
3370 177
3371 134
3373 124
3374 121
3375 196
3376 120
3377 27
3379 180
3380 70
3382 42
3383 25
3384 100
3385 86
3386 185
3387 135
3388 50
3389 64
3391 38
3392 86
3393 147
3394 110
3397 184
3399 180
3402 11
3403 105
3404 80
3405 38
3406 113
3407 195
3409 76
3412 37
3413 72
3414 49
3415 143
3416 179
3417 57
3418 148
3420 156
3421 78
3422 132
3423 223
3424 28
3426 167
3428 80
3430 188
3432 33
3433 152
3434 48
3435 221
3439 25
3440 82
3442 152
3443 44
3444 28
3445 177
3447 28
3448 180
3449 36
3451 177
3452 201
3453 60
3454 30
3455 23
3456 43
3457 35
3458 20
3460 133
3461 182
3462 103
3464 40
3465 78
3466 35
3467 92
3470 145
3471 64
3472 93
3473 53
3474 105
3475 200
3476 67
3477 114
3478 73
3481 170
3482 186
3485 199
3486 55
3487 232
3490 3
3491 8
3493 200
3494 64
3495 23
3496 35
3497 183
3499 92
3500 14
3501 44
3502 71
3503 57
3504 210
3506 49
3507 34
3509 71
3511 9
3513 126
3514 176
3515 82
3516 202
3517 28
3520 76
3521 240
3523 21
3525 192
3526 35
3527 110
3528 43
3529 86
3531 224
3532 104
3533 89
3534 122
3535 228
3536 177
3537 96
3538 107
3539 104
3540 89
3541 35
3543 111
3544 65
3545 161
3546 14
3548 152
3549 217
3550 20
3551 13
3553 149
3554 67
3555 161
3556 188
3557 164
3558 20
3559 40
3561 99
3562 81
3565 85
3566 78
3568 163
3569 119
3571 77
3572 165
3575 30
3579 34
3582 241
3583 81
3584 189
3586 48
3588 179
3590 158
3591 157
3592 69
3593 228
3594 177
3596 3
3598 226
3600 19
3602 163
3604 53
3606 71
3610 72
3612 187
3613 204
3615 84
3616 23
3617 207
3618 152
3622 99
3623 228
3624 228
3625 245
3626 194
3627 145
3630 27
3633 7
3635 202
3637 123
3638 10
3639 62
3640 210
3642 149
3645 184
3646 153
3647 107
3648 49
3649 212
3650 179
3651 110
3655 241
3656 11
3657 114
3658 207
3660 74
3661 99
3662 130
3663 224
3664 46
3665 67
3667 64
3668 154
3669 204
3672 188
3673 222
3675 29
3677 120
3679 126
3681 159
3683 83
3685 66
3686 35
3688 47
3689 181
3690 110
3691 193
3693 65
3695 220
3696 112
3697 93
3698 150
3699 61
3700 222
3701 33
3702 50
3704 174
3705 73
3706 9
3707 44
3713 103
3714 207
3715 231
3716 97
3717 161
3718 74
3719 108
3720 67
3721 105
3722 245
3725 36
3726 97
3727 37
3729 201
3730 221
3733 85
3735 231
3736 121
3737 38
3738 19
3739 150
3741 215
3743 73
3744 26
3745 74
3747 157
3748 103
3749 45
3750 232
3752 221
3753 63
3755 35
3756 43
3757 76
3759 28
3761 16
3762 28
3764 91
3765 23
3767 47
3770 23
3771 44
3778 147
3779 239
3781 239
3783 81
3785 179
3786 91
3787 225
3788 216
3790 124
3791 93
3795 239
3797 113
3798 182
3799 9
3800 148
3802 190
3803 69
3804 13
3806 26
3807 15
3810 199
3812 11
3813 7
3814 43
3815 171
3816 45
3817 214
3819 44
3820 91
3821 62
3822 195
3824 54
3825 164
3826 43
3828 70
3832 223
3833 62
3834 202
3835 9
3837 161
3838 29
3839 115
3841 197
3843 100
3844 247
3848 82
3849 23
3850 11
3851 34
3852 200
3855 143
3856 179
3858 23
3859 25
3861 78
3863 179
3865 232
3866 117
3867 182
3868 123
3870 6
3871 68
3874 230
3875 186
3876 56
3877 161
3878 99
3879 56
3881 20
3883 117
3884 207
3886 125
3887 99
3888 20
3889 37
3891 177
3892 35
3894 63
3896 199
3901 65
3902 219
3904 177
3905 218
3907 234
3908 3
3909 179
3910 68
3912 69
3913 15
3914 58
3915 108
3916 24
3918 86
3919 86
3920 43
3921 60
3922 37
3924 145
3925 219
3926 55
3927 145
3928 153
3930 141
3931 20
3932 41
3935 223
3936 88
3937 82
3941 197
3942 38
3943 59
3945 48
3946 249
3947 231
3949 50
3950 218
3951 228
3954 152
3957 114
3958 34
3959 114
3960 113
3961 174
3962 126
3964 204
3965 226
3968 65
3971 33
3972 67
3976 199
3978 58
3979 204
3980 116
3981 125
3982 134
3983 172
3985 136
3986 161
3987 135
3988 44
3989 81
3990 182
3991 101
3994 121
3997 238
3998 1
3999 37
4000 161
4001 204
4002 62
4003 37
4004 55
4006 24
4011 161
4012 78
4013 28
4014 49
4016 78
4018 196
4019 62
4020 122
4021 49
4022 33
4023 156
4024 168
4026 199
4027 73
4028 61
4029 40
4030 115
4031 19
4032 63
4034 179
4035 197
4038 82
4039 190
4040 146
4043 202
4044 221
4045 171
4047 16
4051 21
4052 202
4054 85
4055 81
4056 180
4057 35
4059 161
4060 48
4063 9
4065 181
4066 191
4067 192
4068 98
4071 201
4072 80
4074 16
4076 30
4078 144
4080 28
4081 54
4082 218
4083 177
4085 206
4086 70
4087 198
4088 134
4090 19
4091 56
4092 91
4093 96
4094 115
4095 30
4096 138
4097 169
4100 82
4103 214
4104 25
4105 130
4107 2
4110 230
4111 104
4113 60
4114 110
4116 232
4117 87
4119 138
4121 145
4123 113
4124 52
4125 89
4126 76
4128 23
4129 40
4132 165
4133 64
4135 157
4136 209
4137 71
4138 60
4143 142
4145 198
4147 125
4148 160
4149 101
4153 186
4154 177
4155 126
4158 179
4159 17
4160 42
4161 147
4162 233
4163 138
4165 77
4166 212
4167 123
4169 192
4171 81
4173 145
4175 175
4176 54
4178 83
4179 199
4180 234
4181 158
4183 148
4185 152
4188 242
4190 11
4191 139
4192 247
4193 56
4194 164
4195 150
4196 182
4197 93
4198 113
4199 33
4200 67
4201 9
4202 175
4203 223
4208 29
4209 28
4210 194
4211 70
4213 84
4214 15
4215 179
4216 137
4218 221
4219 17
4221 157
4223 88
4224 21
4226 161
4227 35
4230 82
4231 26
4233 49
4234 228
4235 222
4237 120
4239 86
4241 5
4242 73
4243 197
4244 107
4245 154
4248 210
4250 246
4253 123
4255 177
4256 10
4258 107
4260 67
4261 9
4265 206
4268 182
4269 164
4274 160
4275 80
4276 79
4277 170
4279 81
4281 161
4282 12
4283 152
4284 191
4285 33
4286 91
4287 211
4288 157
4289 197
4291 4
4292 223
4294 192
4295 58
4296 28
4297 42
4298 178
4299 113
4301 115
4303 24
4304 6
4309 2
4310 55
4311 91
4312 119
4313 200
4316 211
4317 34
4318 33
4321 228
4322 139
4323 57
4326 2
4327 75
4329 42
4330 104
4331 3
4332 21
4335 38
4336 134
4337 82
4339 19
4340 228
4341 205
4342 16
4343 113
4344 104
4345 112
4350 33
4351 115
4355 169
4356 63
4360 125
4361 224
4362 166
4364 246
4365 75
4366 18
4367 89
4368 54
4370 228
4372 35
4374 74
4377 192
4379 45
4380 215
4382 154
4383 124
4385 128
4386 118
4387 21
4388 65
4389 195
4390 119
4391 33
4392 67
4393 38
4395 219
4396 186
4397 61
4400 211
4402 141
4405 41
4407 217
4409 188
4410 174
4411 20
4413 34
4415 200
4417 38
4418 43
4419 81
4420 102
4421 45
4422 178
4424 35
4425 144
4428 120
4429 165
4430 84
4434 239
4435 13
4436 104
4437 118
4438 108
4439 25
4440 241
4442 61
4443 87
4445 179
4446 31
4448 30
4449 129
4451 81
4453 199
4454 184
4455 20
4457 111
4459 143
4463 50
4465 56
4467 91
4468 121
4472 133
4473 209
4475 141
4477 8
4478 82
4479 232
4480 246
4481 54
4483 178
4485 189
4487 138
4488 188
4489 132
4492 91
4494 133
4495 97
4497 148
4499 12
4502 115
4503 130
4506 25
4507 192
4508 231
4509 161
4510 170
4511 89
4512 55
4514 100
4515 178
4518 248
4519 65
4520 184
4521 25
4522 228
4525 117
4526 209
4527 153
4528 179
4531 38
4532 67
4536 20
4537 27
4539 82
4540 189
4542 192
4544 25
4546 10
4548 26
4549 60
4551 105
4552 223
4558 49
4561 210
4562 8
4565 135
4567 41
4568 89
4569 224
4571 119
4573 57
4574 93
4575 165
4579 188
4580 21
4582 118
4583 228
4584 34
4585 17
4587 115
4588 19
4589 92
4590 182
4591 94
4592 151
4595 37
4596 86
4597 46
4598 67
4600 159
4601 46
4603 60
4604 84
4605 113
4606 170
4608 141
4609 156
4610 56
4611 218
4612 155
4613 26
4616 188
4618 138
4624 243
4625 9
4626 108
4628 56
4630 10
4631 74
4632 213
4635 91
4636 20
4639 141
4640 66
4642 81
4643 101
4644 170
4645 160
4647 20
4649 26
4652 173
4653 76
4655 223
4656 33
4657 155
4658 242
4659 179
4661 49
4662 189
4665 161
4669 180
4670 117
4671 59
4672 29
4674 63
4675 82
4677 13
4680 183
4681 55
4682 110
4683 186
4684 14
4687 3
4690 86
4691 48
4692 182
4696 148
4697 33
4698 19
4700 117
4701 188
4702 89
4704 113
4705 34
4708 20
4710 86
4711 7
4714 76
4715 241
4716 6
4717 244
4718 108
4722 235
4723 11
4725 3
4726 100
4727 40
4728 30
4729 211
4731 166
4732 101
4733 161
4734 83
4735 181
4736 6
4739 33
4740 94
4742 130
4743 163
4744 132
4747 36
4748 114
4749 139
4751 67
4752 86
4753 247
4755 17
4756 86
4757 40
4758 154
4762 87
4764 55
4765 211
4766 12
4768 52
4771 113
4775 241
4777 141
4778 34
4780 89
4781 65
4782 86
4785 247
4787 160
4788 204
4789 52
4790 74
4791 74
4792 35
4793 188
4794 186
4795 53
4799 192
4800 53
4802 211
4804 145
4805 126
4808 129
4811 103
4814 115
4815 169
4818 226
4820 66
4821 175
4822 172
4824 9
4828 94
4829 110
4830 16
4831 33
4833 186
4834 99
4835 89
4836 183
4837 101
4839 56
4840 116
4841 64
4842 119
4843 118
4844 155
4846 103
4848 61
4850 147
4851 106
4852 32
4853 117
4854 25
4855 124
4856 161
4857 84
4858 48
4860 38
4861 177
4862 242
4863 11
4865 183
4868 186
4869 144
4870 20
4871 21
4872 16
4874 52
4875 95
4878 25
4879 235
4881 79
4882 211
4884 21
4886 220
4887 76
4889 104
4890 3
4892 34
4896 62
4897 118
4898 52
4900 179
4901 212
4902 201
4906 37
4908 53
4909 114
4911 145
4912 33
4913 68
4916 217
4917 19
4918 241
4920 225
4921 111
4922 220
4923 127
4926 240
4927 9
4929 12
4930 48
4931 76
4932 115
4933 165
4934 1
4937 20
4938 32
4941 226
4944 11
4945 64
4946 37
4947 175
4951 32
4952 223
4953 165
4955 90
4956 217
4957 199
4959 34
4962 49
4966 207
4968 85
4970 86
4971 83
4972 141
4974 60
4976 82
4979 45
4982 232
4985 15
4986 37
4987 67
4988 113
4989 36
4991 245
4992 228
4994 120
4995 160
4997 222
4998 85
4999 188
