0 72
1 154
2 34
3 0
5 33
6 18
7 66
8 167
9 6
10 115
11 1
12 99
13 7
14 143
15 217
16 3
17 248
18 77
20 25
21 39
22 208
23 217
24 17
25 61
26 115
27 236
28 9
29 142
30 180
31 12
32 176
33 59
34 209
35 168
36 196
37 67
38 104
39 115
40 3
42 118
43 50
44 227
45 151
46 135
47 62
48 26
49 9
50 204
51 65
52 46
53 152
54 88
55 149
56 46
57 72
58 27
59 55
60 209
62 248
63 87
64 76
65 89
66 79
67 141
68 199
69 55
70 31
71 3
72 206
73 191
75 145
76 58
77 211
78 206
79 119
80 157
81 1
83 99
84 247
85 18
86 186
87 84
88 50
90 7
91 134
92 128
93 216
94 134
95 84
96 64
97 35
98 217
99 90
101 195
102 184
103 115
104 161
105 181
106 205
107 209
108 106
109 23
110 154
112 142
114 2
115 39
116 165
117 114
119 26
120 206
121 117
122 202
123 92
124 74
125 137
126 154
127 75
128 227
129 172
130 167
132 162
133 243
134 226
135 95
136 169
137 159
138 154
139 138
140 99
141 203
142 33
143 107
144 36
146 76
147 128
148 145
150 8
151 114
152 48
153 22
154 126
155 220
156 67
157 70
158 15
159 83
160 187
161 18
162 102
163 154
164 115
165 76
166 146
167 168
168 180
169 92
170 18
171 215
172 66
173 210
174 38
175 90
176 86
177 7
178 201
179 161
180 229
181 12
182 164
183 69
184 13
185 104
186 9
187 111
188 146
189 4
190 201
191 248
192 207
193 133
194 130
195 200
196 1
197 231
198 234
199 225
200 42
201 226
202 140
203 206
204 160
206 154
207 248
208 182
209 168
211 10
212 92
213 209
214 134
215 206
216 117
217 50
218 228
219 196
220 7
221 181
222 188
223 200
224 39
225 135
226 143
227 111
228 134
229 168
230 39
231 12
232 149
233 115
235 18
236 101
237 113
238 12
239 48
240 170
241 164
242 78
243 38
244 178
245 173
246 52
247 97
248 217
249 48
250 25
251 165
252 77
254 240
256 154
257 26
258 77
259 229
260 204
261 8
262 211
263 50
264 4
265 44
266 12
267 5
268 50
269 64
270 40
271 22
272 181
273 153
274 62
275 120
277 246
278 78
279 198
280 117
282 57
283 248
284 57
285 209
286 10
287 12
288 147
289 206
290 94
291 39
292 30
293 132
294 8
295 12
296 3
297 99
298 23
299 239
300 12
301 174
302 0
303 147
304 209
305 73
306 214
307 140
308 103
309 50
310 163
312 111
313 203
314 58
315 181
316 223
317 143
318 134
319 134
320 26
321 194
322 23
323 31
324 111
325 136
326 52
327 41
328 177
329 8
330 4
331 39
332 156
333 241
334 120
335 11
337 104
338 187
339 21
340 2
341 16
342 144
344 22
345 38
346 34
347 7
348 213
349 164
350 66
351 15
352 229
353 72
354 149
356 8
357 200
358 59
359 24
360 12
361 28
362 212
363 4
364 149
365 115
366 37
367 121
368 189
369 86
370 14
372 166
373 165
374 117
375 129
376 150
377 168
378 11
379 209
380 115
381 148
382 111
383 215
384 134
385 234
386 196
387 104
388 46
389 34
390 106
391 39
392 66
393 154
394 131
395 14
396 235
397 26
398 39
399 245
400 76
401 177
402 191
403 213
404 242
405 19
406 110
407 39
408 175
409 167
410 224
411 39
412 154
413 127
414 10
415 17
416 4
417 11
418 116
419 18
420 1
421 242
422 199
423 230
424 67
425 4
426 45
427 224
428 18
429 66
430 134
431 51
432 170
433 221
434 108
435 115
436 122
437 229
438 63
440 155
441 22
442 245
443 18
444 115
445 123
446 109
447 29
448 114
449 209
450 26
451 154
452 56
453 7
454 31
455 49
457 34
458 161
459 179
460 220
461 81
462 121
463 91
464 3
465 72
466 52
467 27
468 37
469 118
470 101
471 238
472 16
473 98
474 206
475 20
476 39
477 33
478 162
479 18
480 249
481 92
482 3
483 28
484 117
485 46
486 187
487 23
489 28
490 122
491 245
492 49
493 8
494 12
495 225
496 43
497 12
498 46
499 230
501 104
502 181
503 1
506 43
509 174
510 92
511 190
512 10
513 154
516 184
518 117
519 203
520 154
521 99
522 51
523 144
524 37
525 96
527 62
528 107
529 104
530 206
531 154
532 135
533 87
534 41
535 239
536 11
537 80
539 27
540 85
541 72
542 229
543 172
544 25
545 143
546 66
547 210
549 43
550 81
551 40
552 84
553 66
554 232
555 40
556 233
557 166
558 211
559 36
560 143
562 106
563 209
564 239
567 162
568 36
569 122
570 119
571 146
572 71
573 219
574 85
575 232
576 140
577 144
578 213
579 248
580 168
581 94
582 84
583 40
584 63
585 39
586 93
587 239
588 232
589 3
590 134
592 22
594 134
595 210
596 113
597 12
598 122
599 146
600 57
601 97
602 226
604 23
605 108
606 105
607 39
608 50
609 241
610 154
611 91
612 1
613 233
614 94
615 182
616 37
617 81
618 133
619 55
620 123
621 97
622 39
623 12
624 4
625 143
626 106
627 196
628 8
629 162
630 228
631 213
632 117
633 152
634 36
635 162
636 4
637 201
638 74
639 159
640 23
641 194
642 16
643 66
644 134
645 222
646 189
647 142
648 206
651 191
652 193
653 218
654 129
655 51
656 104
657 98
658 100
659 79
660 33
661 66
662 245
663 168
664 78
665 86
666 31
667 154
668 165
670 104
671 48
672 42
673 115
674 3
675 23
676 100
678 72
679 50
680 109
681 99
682 68
684 29
685 55
686 183
687 74
688 206
689 139
690 165
691 41
692 41
693 200
694 85
695 76
696 248
697 34
698 196
699 99
701 69
702 42
703 76
705 39
706 12
707 214
708 80
709 76
710 142
711 16
712 50
713 238
714 26
716 140
717 76
718 237
720 134
722 237
723 130
724 213
725 206
726 140
727 129
728 241
729 154
730 134
731 134
732 3
733 91
734 39
735 12
736 208
737 134
738 86
739 28
740 234
741 167
742 9
743 29
744 50
745 199
746 211
747 131
748 32
749 73
751 219
752 30
753 82
754 206
755 98
756 17
757 77
758 134
760 161
761 8
762 8
764 99
765 170
766 195
767 49
768 51
769 173
770 171
771 57
772 163
773 9
774 147
775 68
776 40
777 79
778 226
779 117
780 81
781 134
782 1
783 212
784 126
785 83
787 3
789 134
790 43
791 23
793 127
794 115
795 191
796 29
797 166
798 3
799 150
800 241
801 78
802 48
803 34
804 62
805 194
806 76
807 75
808 155
809 168
810 243
811 163
812 152
813 81
814 78
815 37
817 154
818 185
819 102
820 127
821 191
822 56
823 240
824 126
826 139
827 51
828 155
829 90
830 11
831 150
832 94
833 78
834 10
835 232
836 44
837 76
838 13
840 3
841 147
843 247
846 33
847 32
848 196
849 131
850 115
852 2
853 168
855 70
856 114
857 134
858 184
859 123
860 126
861 245
862 196
863 141
864 115
865 168
866 144
867 164
868 110
869 14
871 33
872 191
873 12
874 7
875 57
876 160
877 226
878 101
879 104
881 164
882 208
883 222
884 17
885 81
888 27
889 50
890 49
891 99
892 200
893 206
894 63
895 118
896 51
897 25
898 66
899 174
900 1
901 109
902 28
903 174
904 144
905 162
906 176
907 236
909 236
910 165
911 3
912 115
913 190
914 48
915 12
916 10
917 46
918 208
919 167
920 201
921 217
922 241
923 226
924 9
925 35
926 168
927 143
928 127
929 28
930 142
931 194
932 168
933 8
934 44
936 126
938 154
939 154
940 139
941 228
942 108
943 205
944 34
946 219
947 128
948 14
949 137
950 123
953 203
954 106
955 0
956 104
957 171
958 80
959 222
960 66
961 174
962 58
963 43
964 91
965 46
967 143
968 128
969 184
970 26
971 20
972 127
973 21
974 121
975 98
977 81
978 42
979 134
980 78
981 57
982 134
983 169
984 154
985 126
987 115
988 160
989 88
990 32
991 75
992 191
993 48
994 96
995 166
996 134
998 241
999 118
1000 63
1001 31
1002 148
1003 53
1004 22
1005 194
1006 129
1009 210
1010 84
1011 25
1013 89
1014 226
1015 215
1016 181
1017 43
1019 153
1020 76
1021 134
1022 12
1023 169
1024 194
1025 110
1027 1
1028 167
1029 233
1030 3
1031 221
1032 136
1034 188
1035 57
1036 78
1037 153
1038 134
1040 127
1042 33
1044 50
1045 162
1046 117
1047 106
1048 30
1049 134
1050 101
1052 109
1053 78
1054 25
1055 114
1057 121
1058 39
1059 36
1060 70
1061 139
1062 143
1063 64
1064 66
1065 30
1066 55
1067 1
1068 109
1069 168
1070 12
1071 17
1072 15
1074 159
1075 35
1076 107
1077 72
1078 246
1079 125
1080 215
1081 60
1082 95
1083 81
1084 134
1085 245
1086 18
1087 83
1088 201
1089 143
1090 210
1091 44
1092 95
1093 116
1094 202
1095 93
1097 117
1098 65
1099 50
1100 183
1101 56
1103 32
1104 113
1105 82
1106 200
1107 208
1108 176
1110 242
1111 50
1112 99
1113 90
1114 104
1115 171
1116 65
1117 190
1118 161
1119 156
1120 14
1121 56
1122 181
1123 83
1124 23
1125 180
1126 89
1127 243
1128 176
1129 141
1130 26
1131 117
1133 81
1134 13
1135 12
1137 29
1139 212
1140 190
1141 86
1142 210
1143 142
1144 104
1145 23
1146 56
1147 193
1148 60
1149 58
1150 113
1151 39
1154 9
1155 75
1158 99
1159 44
1160 172
1162 129
1163 86
1165 106
1166 217
1167 81
1168 45
1169 167
1170 220
1171 100
1172 174
1173 206
1174 109
1177 74
1178 107
1179 39
1180 102
1181 206
1183 154
1184 213
1185 28
1186 12
1187 157
1188 109
1189 31
1190 134
1191 168
1192 31
1193 78
1194 196
1195 41
1196 139
1197 181
1198 18
1200 101
1201 223
1203 98
1205 115
1206 134
1207 7
1209 117
1210 140
1211 37
1212 113
1213 117
1214 39
1215 228
1216 80
1217 10
1218 141
1219 26
1220 56
1221 168
1222 73
1223 100
1225 79
1226 111
1227 72
1228 63
1229 248
1230 109
1232 50
1234 9
1235 78
1237 207
1238 121
1239 17
1240 230
1241 97
1242 39
1243 216
1245 7
1246 194
1247 167
1248 106
1249 234
1250 178
1251 115
1252 134
1253 45
1255 142
1256 73
1257 59
1258 117
1259 52
1260 89
1261 155
1262 91
1263 127
1265 168
1266 48
1267 62
1269 143
1270 218
1271 164
1272 158
1273 48
1274 209
1275 207
1277 99
1278 154
1279 58
1281 237
1283 245
1284 14
1285 102
1286 168
1289 142
1290 69
1291 102
1292 183
1293 117
1294 111
1295 210
1296 1
1297 106
1298 112
1299 174
1300 18
1302 12
1303 53
1305 71
1306 158
1307 88
1308 125
1310 115
1311 42
1313 31
1314 99
1315 15
1316 134
1319 88
1320 156
1321 62
1323 74
1324 81
1325 130
1326 118
1327 12
1328 176
1329 101
1330 207
1332 4
1333 39
1334 43
1335 66
1336 164
1337 196
1339 209
1340 200
1341 63
1343 159
1344 70
1345 12
1346 102
1347 70
1348 7
1349 23
1350 33
1351 167
1352 58
1354 109
1355 134
1357 142
1358 52
1359 13
1360 107
1361 117
1362 109
1363 145
1364 75
1365 119
1366 103
1367 219
1368 154
1369 51
1372 242
1373 11
1374 207
1375 125
1376 76
1377 169
1378 13
1380 2
1381 187
1382 104
1384 242
1385 60
1387 82
1388 45
1389 4
1391 180
1392 78
1393 105
1394 134
1396 194
1397 162
1399 176
1400 145
1401 1
1402 82
1403 226
1404 84
1405 22
1406 91
1410 158
1411 240
1412 117
1413 17
1414 105
1415 192
1416 174
1417 90
1418 162
1419 33
1420 58
1421 8
1422 160
1423 74
1425 17
1426 12
1427 12
1429 194
1431 229
1432 3
1433 168
1434 83
1436 52
1438 57
1439 30
1440 42
1441 117
1442 55
1443 59
1444 121
1445 8
1446 121
1447 2
1448 135
1449 109
1450 154
1451 26
1452 58
1454 62
1455 99
1456 187
1457 30
1459 167
1460 232
1461 194
1462 89
1463 148
1464 156
1465 5
1466 97
1467 189
1468 101
1469 73
1470 205
1471 176
1472 203
1473 155
1474 76
1475 54
1476 54
1479 201
1480 113
1481 86
1482 240
1483 34
1484 154
1486 137
1487 117
1490 50
1491 62
1492 126
1493 238
1495 19
1496 151
1497 192
1498 47
1499 234
1500 191
1502 10
1503 178
1504 229
1506 28
1507 177
1508 115
1509 12
1510 18
1512 50
1514 99
1515 221
1517 186
1518 10
1520 127
1521 157
1522 125
1523 203
1524 16
1525 148
1526 40
1527 152
1528 75
1529 212
1530 215
1531 217
1532 8
1534 196
1535 104
1536 46
1537 130
1538 176
1540 245
1541 125
1542 51
1543 83
1544 81
1545 72
1546 65
1547 8
1549 154
1551 104
1552 55
1553 102
1554 109
1555 78
1556 50
1557 181
1558 140
1560 111
1563 33
1565 15
1566 49
1567 136
1568 33
1570 28
1572 141
1573 208
1574 111
1575 166
1576 20
1577 214
1579 23
1581 72
1582 118
1585 67
1586 154
1587 177
1588 76
1589 40
1590 4
1591 20
1593 126
1595 118
1599 117
1601 196
1602 76
1603 207
1604 59
1605 175
1607 196
1609 72
1610 104
1611 145
1613 100
1614 192
1615 98
1616 76
1617 165
1618 95
1619 134
1621 26
1623 28
1625 209
1626 56
1628 207
1629 111
1630 66
1631 173
1632 89
1633 38
1635 96
1636 113
1637 135
1639 99
1640 143
1643 33
1644 78
1645 62
1646 70
1648 179
1650 104
1651 205
1652 154
1653 65
1654 33
1655 144
1656 98
1657 88
1658 216
1659 248
1660 141
1661 42
1662 109
1663 51
1664 31
1665 3
1666 36
1667 157
1668 136
1669 78
1670 78
1671 99
1674 76
1676 236
1677 106
1678 114
1679 99
1681 23
1682 94
1684 91
1685 58
1686 213
1687 168
1688 194
1689 72
1691 75
1692 20
1694 200
1695 154
1696 232
1697 240
1698 52
1699 200
1701 1
1702 211
1703 33
1704 25
1705 134
1706 19
1707 119
1708 88
1709 217
1712 232
1713 204
1715 226
1716 238
1718 211
1719 209
1720 64
1721 104
1722 16
1723 174
1724 126
1725 202
1726 196
1727 234
1728 110
1730 225
1732 156
1733 85
1734 34
1735 99
1736 200
1737 172
1738 121
1739 32
1740 152
1741 149
1742 206
1743 102
1747 58
1748 36
1749 206
1750 92
1751 226
1752 1
1753 248
1754 3
1755 241
1756 94
1757 60
1758 102
1759 115
1761 159
1764 217
1765 26
1766 15
1767 12
1768 134
1769 241
1771 57
1772 130
1774 145
1775 140
1776 126
1777 206
1778 178
1779 178
1780 39
1781 21
1782 127
1783 91
1784 99
1785 112
1786 1
1788 88
1789 65
1790 51
1791 60
1792 158
1793 55
1794 39
1795 100
1796 72
1797 56
1799 57
1801 33
1802 38
1804 164
1805 119
1806 125
1807 57
1808 20
1810 65
1811 90
1813 225
1815 191
1816 134
1817 200
1818 239
1819 211
1820 72
1821 214
1822 88
1824 93
1825 217
1826 121
1827 225
1829 16
1830 163
1831 1
1832 183
1833 82
1834 192
1837 160
1839 2
1840 45
1841 48
1842 156
1843 160
1845 168
1846 26
1847 168
1848 146
1849 230
1850 23
1851 153
1853 12
1854 179
1855 5
1857 136
1858 248
1860 143
1861 159
1863 78
1864 74
1865 39
1866 26
1867 97
1868 130
1869 78
1871 68
1873 140
1874 136
1875 189
1876 72
1877 231
1878 154
1879 183
1880 7
1881 115
1882 81
1883 144
1884 187
1885 10
1887 201
1889 215
1890 14
1891 227
1894 213
1895 93
1896 168
1897 73
1899 70
1900 104
1902 33
1904 91
1906 162
1907 70
1908 104
1909 78
1910 4
1911 245
1912 90
1913 220
1914 117
1915 227
1916 222
1917 98
1918 5
1919 102
1920 172
1921 142
1923 171
1924 168
1925 105
1926 170
1927 1
1928 41
1929 58
1931 168
1933 202
1934 161
1935 72
1936 143
1938 111
1939 100
1940 215
1941 76
1942 23
1943 207
1944 213
1947 127
1948 115
1949 68
1950 146
1952 198
1953 28
1954 227
1955 201
1957 70
1959 35
1962 213
1964 126
1966 10
1967 206
1968 117
1969 107
1970 103
1972 73
1973 194
1974 142
1976 76
1977 24
1978 117
1979 244
1980 64
1982 46
1983 132
1985 71
1986 209
1987 32
1991 55
1992 164
1993 95
1994 35
1995 63
1997 53
1998 73
2000 11
2001 34
2003 132
2006 209
2008 209
2009 121
2010 3
2011 194
2012 145
2013 56
2014 215
2016 15
2018 124
2019 40
2020 12
2021 115
2022 35
2024 154
2025 56
2026 166
2027 184
2028 87
2029 40
2031 241
2032 8
2033 59
2034 163
2035 232
2036 109
2037 121
2038 213
2039 194
2040 219
2041 151
2042 132
2043 41
2044 106
2045 89
2046 55
2047 103
2049 148
2050 53
2051 242
2053 67
2054 90
2055 209
2056 209
2057 231
2058 223
2059 81
2061 39
2062 2
2063 87
2065 91
2067 131
2068 15
2069 79
2070 227
2071 76
2072 98
2073 160
2075 124
2076 73
2077 76
2079 161
2081 25
2082 41
2083 20
2084 46
2085 76
2086 134
2088 31
2089 195
2091 126
2092 28
2093 22
2094 79
2096 64
2099 190
2100 201
2101 74
2104 95
2105 96
2107 143
2108 198
2109 97
2110 55
2111 140
2113 34
2115 161
2116 231
2117 89
2118 122
2119 45
2121 3
2122 37
2123 192
2124 226
2125 103
2126 50
2127 79
2128 196
2129 247
2130 62
2131 93
2133 104
2135 154
2136 117
2137 12
2138 51
2139 13
2141 6
2142 65
2143 143
2144 76
2145 143
2147 46
2148 106
2150 12
2151 148
2152 217
2153 245
2154 78
2155 111
2156 3
2157 174
2158 157
2160 60
2161 88
2162 168
2163 213
2164 8
2167 159
2168 53
2170 141
2171 232
2172 175
2174 171
2175 131
2176 7
2177 189
2178 180
2181 61
2182 143
2183 147
2184 117
2185 86
2187 52
2188 232
2190 134
2191 206
2192 36
2196 169
2197 162
2198 82
2200 46
2201 34
2203 56
2204 23
2206 134
2211 108
2213 90
2214 19
2215 4
2217 170
2219 134
2220 65
2221 104
2222 70
2226 73
2227 67
2229 104
2230 101
2232 209
2233 241
2234 215
2235 81
2236 12
2238 189
2239 205
2240 48
2241 53
2242 151
2243 155
2244 154
2245 57
2246 46
2247 104
2248 26
2249 161
2253 81
2254 81
2257 211
2259 215
2260 84
2261 123
2263 34
2265 48
2266 50
2267 247
2268 26
2269 99
2270 115
2272 113
2274 115
2275 245
2277 115
2279 249
2280 106
2281 39
2282 202
2283 39
2284 57
2286 70
2287 104
2288 232
2289 104
2290 14
2292 25
2293 140
2294 115
2295 106
2296 33
2297 64
2299 25
2300 196
2301 184
2302 135
2303 165
2304 234
2305 17
2306 76
2307 15
2308 78
2309 115
2310 11
2311 99
2312 46
2313 196
2314 207
2315 91
2316 106
2317 40
2318 118
2319 185
2321 134
2322 116
2323 114
2324 219
2325 9
2326 249
2327 1
2328 40
2329 192
2331 127
2332 80
2333 108
2334 13
2335 209
2336 58
2337 45
2338 113
2339 158
2340 78
2341 159
2342 76
2343 168
2344 143
2346 84
2347 76
2348 209
2349 158
2350 115
2352 214
2353 116
2354 9
2355 88
2357 69
2358 68
2361 177
2363 26
2364 225
2365 8
2366 50
2367 219
2369 153
2370 168
2371 201
2373 154
2374 161
2375 96
2376 239
2378 75
2379 194
2380 34
2381 57
2382 57
2384 1
2385 122
2386 13
2387 195
2388 108
2389 61
2390 152
2391 127
2392 17
2393 181
2394 115
2395 39
2397 64
2398 22
2399 39
2401 81
2403 1
2404 212
2405 213
2406 213
2407 126
2410 76
2412 209
2413 18
2414 66
2415 23
2416 12
2417 134
2418 144
2420 153
2422 150
2425 77
2426 121
2427 110
2428 80
2430 196
2431 78
2432 213
2433 121
2434 221
2435 90
2436 132
2437 178
2438 181
2439 40
2440 66
2442 14
2443 190
2444 165
2445 231
2446 169
2447 45
2450 245
2451 35
2452 200
2453 58
2454 117
2455 84
2456 179
2457 7
2458 1
2460 12
2461 102
2463 204
2464 168
2465 139
2467 211
2468 207
2469 33
2470 58
2471 25
2472 246
2473 110
2474 39
2475 240
2476 71
2477 168
2478 142
2479 106
2482 51
2483 72
2484 209
2485 232
2486 65
2488 184
2490 245
2491 219
2492 10
2494 142
2495 127
2497 79
2498 132
2500 215
2501 40
2503 213
2504 159
2505 8
2506 217
2507 153
2508 142
2509 80
2512 247
2513 127
2514 200
2515 39
2516 242
2517 142
2518 163
2519 95
2520 117
2522 76
2524 21
2525 232
2526 76
2527 26
2528 48
2529 108
2531 3
2533 32
2534 28
2536 48
2537 248
2538 145
2540 50
2542 74
2543 100
2544 162
2545 138
2546 125
2547 93
2548 32
2549 31
2550 206
2551 217
2552 117
2553 80
2555 201
2556 194
2557 107
2558 12
2559 52
2560 66
2561 90
2562 96
2563 191
2564 39
2566 174
2567 23
2568 210
2569 246
2570 127
2571 232
2572 223
2574 43
2576 224
2577 14
2578 243
2580 158
2582 121
2584 67
2585 4
2586 172
2587 163
2589 61
2590 8
2591 126
2592 57
2593 1
2594 217
2596 153
2597 3
2598 169
2599 2
2600 58
2602 1
2603 162
2604 1
2605 29
2606 95
2607 62
2608 126
2609 217
2610 39
2612 216
2613 168
2614 28
2615 23
2616 159
2617 65
2618 165
2619 121
2621 66
2622 167
2623 168
2624 199
2625 12
2626 229
2627 21
2629 209
2630 34
2631 16
2632 217
2633 117
2634 181
2635 220
2636 68
2637 167
2641 159
2642 63
2644 36
2645 66
2647 96
2648 94
2649 148
2650 39
2651 94
2652 96
2654 220
2655 161
2656 122
2657 106
2658 67
2660 117
2661 72
2664 44
2665 208
2666 86
2667 28
2668 125
2669 221
2670 104
2671 88
2672 95
2673 176
2675 40
2676 213
2677 29
2678 31
2679 91
2680 117
2681 111
2682 17
2683 12
2684 115
2685 162
2686 213
2688 167
2689 142
2690 245
2691 124
2692 83
2694 54
2695 206
2696 172
2697 115
2698 35
2699 140
2701 219
2702 22
2703 181
2705 16
2706 117
2709 215
2710 129
2711 231
2712 66
2713 47
2714 96
2716 249
2717 240
2718 5
2721 192
2722 34
2723 9
2726 207
2727 100
2728 28
2729 83
2730 140
2731 13
2732 181
2733 48
2735 90
2738 205
2739 88
2741 122
2742 1
2743 79
2744 154
2745 206
2747 180
2748 66
2749 99
2751 104
2752 88
2754 51
2756 73
2757 18
2758 81
2759 81
2760 209
2761 42
2762 97
2763 239
2764 81
2765 35
2766 109
2767 87
2768 82
2770 218
2776 238
2777 8
2778 22
2779 93
2780 213
2781 226
2785 118
2786 220
2787 224
2788 2
2789 164
2790 71
2791 72
2792 197
2793 154
2794 93
2795 85
2797 237
2799 42
2800 195
2801 55
2802 184
2804 84
2805 90
2806 49
2807 50
2808 162
2809 117
2811 168
2812 157
2814 23
2815 238
2816 24
2817 162
2818 35
2820 164
2822 232
2824 81
2825 110
2826 36
2827 31
2828 146
2829 231
2830 164
2832 226
2835 106
2836 22
2837 83
2838 115
2839 176
2841 26
2842 130
2843 123
2844 98
2845 206
2847 137
2848 181
2849 108
2851 167
2852 232
2853 190
2854 220
2855 34
2856 26
2857 165
2858 121
2859 133
2861 110
2864 141
2866 85
2867 209
2868 128
2869 248
2870 120
2871 65
2873 46
2874 5
2875 134
2877 169
2878 93
2880 217
2881 97
2883 101
2884 8
2885 42
2886 2
2887 46
2888 154
2891 134
2892 215
2893 63
2894 169
2895 40
2896 102
2898 161
2899 97
2900 127
2901 51
2903 234
2904 20
2905 215
2906 47
2907 154
2909 78
2910 99
2911 87
2912 22
2913 194
2914 3
2915 121
2917 77
2919 51
2920 13
2921 99
2922 18
2923 151
2924 139
2925 212
2926 195
2928 14
2929 108
2930 19
2931 126
2932 175
2934 12
2935 239
2936 106
2937 78
2938 12
2940 84
2941 78
2942 154
2943 154
2946 55
2947 90
2948 41
2949 86
2950 161
2951 33
2952 39
2955 197
2956 176
2957 136
2958 8
2960 165
2961 125
2962 13
2964 72
2965 70
2966 91
2967 12
2968 136
2969 7
2970 120
2971 149
2972 115
2973 8
2974 200
2975 81
2976 143
2977 101
2978 33
2979 188
2980 208
2982 60
2983 221
2984 119
2986 104
2987 50
2988 46
2989 154
2990 203
2991 127
2992 163
2994 33
2995 204
2996 15
2997 115
3001 34
3002 51
3003 80
3004 100
3006 53
3007 204
3008 39
3009 97
3011 74
3012 126
3013 184
3014 163
3016 117
3018 225
3020 24
3021 94
3022 153
3023 88
3024 15
3025 100
3026 44
3027 30
3028 47
3029 23
3031 29
3034 231
3035 73
3036 3
3038 148
3039 245
3040 47
3041 99
3042 134
3043 162
3044 213
3045 200
3046 19
3047 118
3048 235
3049 36
3050 57
3053 24
3054 45
3056 117
3057 188
3058 36
3059 90
3060 92
3061 119
3063 241
3064 76
3066 60
3067 115
3068 48
3069 8
3071 3
3072 16
3074 117
3075 100
3076 237
3077 79
3078 190
3080 208
3081 220
3082 182
3083 163
3084 127
3085 69
3086 72
3087 99
3088 1
3089 45
3090 155
3093 200
3095 39
3096 115
3097 85
3098 8
3101 14
3102 134
3103 163
3104 220
3105 243
3106 10
3109 204
3110 60
3111 210
3112 213
3113 64
3115 200
3116 141
3117 33
3118 94
3119 1
3120 96
3121 62
3122 10
3123 220
3124 116
3126 121
3127 9
3130 40
3133 115
3134 133
3140 132
3141 1
3144 145
3145 215
3146 110
3147 117
3150 12
3151 134
3152 134
3154 188
3156 74
3158 55
3159 168
3162 117
3163 154
3165 31
3166 49
3167 102
3168 1
3169 88
3171 111
3173 23
3174 138
3176 147
3179 248
3180 102
3181 97
3182 33
3183 180
3184 104
3185 155
3186 222
3187 180
3188 97
3189 221
3191 31
3192 180
3194 216
3195 68
3196 235
3197 127
3198 135
3201 115
3202 46
3204 26
3208 104
3212 81
3213 84
3214 115
3216 161
3217 247
3218 117
3219 177
3220 193
3221 33
3222 117
3224 245
3225 39
3226 106
3227 4
3230 129
3231 16
3233 50
3234 110
3235 36
3237 154
3240 79
3243 199
3245 199
3246 113
3247 80
3248 41
3250 154
3253 194
3254 205
3256 222
3257 60
3258 42
3259 12
3261 162
3262 168
3263 211
3264 201
3265 154
3266 125
3268 87
3269 20
3270 200
3271 166
3272 151
3273 209
3274 127
3275 33
3276 143
3277 104
3278 232
3279 81
3280 146
3281 197
3282 124
3283 216
3284 119
3285 123
3286 95
3287 55
3288 210
3289 182
3290 234
3291 98
3292 105
3293 9
3294 145
3295 183
3296 216
3297 9
3301 26
3302 72
3306 86
3307 18
3308 46
3309 43
3310 209
3312 220
3314 148
3315 34
3316 42
3317 33
3318 200
3322 58
3325 228
3326 33
3327 72
3328 185
3329 178
3333 36
3335 27
3336 82
3337 50
3339 50
3340 195
3342 177
3343 18
3345 187
3347 217
3350 134
3351 19
3352 9
3353 86
3354 17
3355 249
3356 56
3357 179
3359 66
3362 9
3363 1
3367 3
3368 156
3369 117
3370 11
3371 178
3373 87
3374 26
3375 209
3376 131
3377 57
3379 12
3380 188
3382 64
3383 40
3384 76
3385 117
3386 166
3387 108
3388 109
3389 86
3391 153
3392 143
3393 190
3394 66
3397 232
3399 12
3402 220
3403 55
3404 247
3405 153
3406 117
3407 112
3409 134
3412 140
3413 78
3414 0
3415 235
3416 154
3417 45
3418 172
3420 123
3421 65
3422 163
3423 115
3424 201
3426 236
3428 247
3430 104
3432 158
3433 2
3434 229
3435 50
3439 11
3440 208
3442 2
3443 222
3444 164
3445 11
3447 92
3448 12
3449 34
3451 3
3452 57
3453 31
3454 3
3455 90
3456 51
3457 206
3458 193
3460 110
3461 18
3462 59
3464 39
3465 65
3466 206
3467 101
3470 154
3471 86
3472 199
3473 244
3474 164
3475 119
3476 111
3477 44
3478 28
3481 139
3482 40
3485 3
3486 161
3487 175
3490 89
3491 16
3493 119
3494 86
3495 90
3496 206
3497 198
3499 101
3500 93
3501 223
3502 104
3503 45
3504 31
3506 0
3507 117
3509 55
3511 72
3513 136
3514 167
3515 92
3516 168
3517 194
3520 134
3521 120
3523 154
3525 157
3526 206
3527 13
3528 51
3529 117
3531 91
3532 111
3533 145
3534 22
3535 8
3536 11
3537 94
3538 177
3539 111
3540 98
3541 206
3543 151
3544 160
3545 109
3546 93
3548 52
3549 14
3550 230
3551 26
3552 130
3553 177
3554 111
3555 116
3556 168
3557 10
3558 193
3559 39
3561 115
3562 46
3565 96
3566 114
3568 225
3569 143
3571 17
3572 181
3575 229
3579 57
3582 140
3583 224
3584 138
3586 180
3588 209
3590 184
3591 134
3592 71
3593 154
3594 3
3596 89
3598 170
3600 83
3602 225
3604 5
3606 104
3610 78
3612 10
3613 70
3615 23
3616 90
3617 56
3618 2
3622 3
3623 8
3624 12
3625 162
3626 124
3627 12
3630 57
3633 167
3635 168
3637 33
3638 213
3639 182
3640 100
3642 177
3645 232
3646 88
3647 200
3648 245
3649 203
3650 240
3651 13
3653 154
3655 140
3656 220
3657 199
3658 218
3660 76
3661 185
3662 81
3663 91
3664 82
3665 134
3667 86
3668 21
3669 70
3672 168
3673 55
3675 115
3677 131
3679 136
3681 243
3683 232
3685 2
3686 206
3688 84
3689 133
3690 23
3691 245
3693 187
3695 121
3696 10
3697 199
3698 121
3699 244
3700 55
3701 177
3702 64
3704 179
3705 28
3706 9
3707 223
3713 59
3714 56
3715 128
3716 22
3717 39
3718 76
3719 134
3720 111
3721 77
3722 162
3725 34
3726 22
3727 1
3729 33
3730 117
3733 61
3735 128
3736 168
3737 153
3738 181
3739 43
3741 74
3743 28
3744 106
3745 76
3747 134
3748 59
3749 4
3750 175
3752 33
3753 35
3755 206
3756 51
3757 22
3759 77
3761 32
3762 245
3764 132
3765 90
3767 84
3770 90
3771 222
3778 190
3779 50
3781 50
3783 46
3785 240
3786 132
3787 143
3788 69
3790 87
3791 199
3795 50
3797 196
3798 18
3799 9
3800 172
3802 68
3803 71
3804 26
3806 106
3807 81
3810 95
3812 220
3813 145
3814 102
3815 137
3816 36
3817 48
3819 222
3820 132
3821 147
3822 112
3824 155
3825 10
3826 51
3828 188
3832 226
3833 212
3834 26
3835 72
3837 39
3838 168
3839 200
3841 67
3843 76
3844 78
3848 92
3849 90
3850 57
3851 57
3852 119
3855 221
3856 12
3858 90
3859 40
3861 114
3863 154
3865 175
3866 100
3867 18
3868 1
3870 66
3871 41
3874 216
3875 72
3876 217
3877 248
3878 87
3879 201
3881 193
3883 115
3884 218
3886 176
3887 185
3888 193
3889 50
3891 3
3892 99
3894 35
3896 95
3901 160
3902 241
3904 3
3905 104
3907 22
3908 89
3909 209
3910 41
3912 169
3913 81
3914 49
3915 134
3916 104
3918 1
3919 1
3920 51
3921 31
3922 140
3924 154
3925 241
3926 200
3927 154
3928 88
3930 210
3931 191
3932 90
3935 226
3936 207
3937 24
3941 67
3942 153
3943 42
3945 12
3946 215
3947 229
3949 109
3950 194
3951 12
3954 2
3957 44
3958 117
3959 79
3960 106
3961 179
3962 136
3964 70
3965 170
3968 187
3971 158
3972 111
3976 95
3978 49
3979 70
3980 102
3981 176
3982 178
3983 81
3985 152
3986 18
3987 108
3988 222
3989 224
3990 18
3991 54
3994 168
3997 195
3998 206
3999 1
4000 18
4001 70
4002 182
4003 1
4004 161
4006 104
4011 109
4012 65
4013 186
4014 0
4016 65
4018 8
4019 71
4020 239
4021 245
4022 158
4023 123
4024 63
4026 95
4027 28
4028 60
4029 248
4030 231
4031 134
4032 35
4034 240
4035 4
4038 92
4039 68
4040 197
4043 26
4044 117
4045 137
4047 32
4051 23
4052 168
4054 61
4055 47
4056 12
4057 206
4059 149
4060 180
4063 9
4065 118
4066 125
4067 157
4068 73
4071 33
4072 142
4074 134
4076 8
4078 86
4080 186
4081 155
4082 168
4083 3
4085 105
4086 11
4087 183
4088 219
4090 83
4091 217
4092 132
4093 94
4094 127
4095 8
4096 9
4097 85
4100 208
4103 48
4104 40
4105 72
4107 219
4110 216
4111 227
4113 31
4114 66
4116 175
4117 127
4119 9
4121 12
4123 117
4124 20
4125 81
4126 22
4128 90
4129 211
4132 161
4133 86
4135 134
4136 52
4137 46
4138 31
4143 98
4145 183
4147 176
4148 238
4149 54
4153 72
4154 3
4155 136
4158 154
4159 156
4160 64
4161 190
4162 135
4163 9
4165 231
4166 203
4167 1
4169 157
4171 214
4173 12
4175 38
4176 155
4178 232
4179 95
4180 22
4181 184
4183 172
4185 2
4188 67
4190 220
4191 37
4192 78
4193 201
4194 10
4195 43
4196 211
4197 199
4198 117
4199 158
4200 134
4201 130
4202 202
4203 66
4208 115
4209 186
4210 124
4211 11
4213 23
4214 81
4215 154
4216 62
4218 117
4219 156
4221 134
4223 161
4224 99
4226 211
4227 99
4229 8
4230 208
4231 106
4233 0
4234 209
4235 30
4237 131
4239 143
4240 66
4241 23
4242 28
4243 67
4244 181
4245 21
4248 100
4250 196
4253 1
4255 11
4256 213
4258 219
4260 134
4261 9
4262 180
4265 105
4268 18
4269 10
4274 238
4275 247
4276 107
4277 139
4279 46
4281 18
4282 12
4283 2
4284 125
4285 177
4286 132
4287 18
4288 53
4289 4
4291 14
4292 226
4294 157
4295 49
4296 245
4297 64
4298 150
4299 117
4301 127
4303 104
4304 3
4309 134
4310 161
4311 132
4312 143
4313 119
4316 39
4317 143
4318 177
4321 209
4322 37
4323 45
4326 134
4327 204
4329 64
4330 227
4331 228
4332 12
4335 153
4336 178
4337 208
4339 219
4340 8
4341 142
4342 134
4343 117
4344 227
4345 78
4350 158
4351 231
4355 85
4356 35
4360 176
4361 91
4362 174
4364 196
4365 204
4366 96
4367 52
4368 155
4370 8
4372 99
4374 171
4377 157
4379 4
4380 239
4382 21
4383 87
4385 159
4386 205
4387 99
4388 187
4389 112
4390 143
4391 158
4392 111
4393 153
4395 241
4396 72
4397 60
4400 39
4402 56
4405 35
4407 14
4409 115
4410 179
4411 97
4413 117
4415 119
4417 153
4418 51
4419 46
4420 74
4421 4
4422 150
4424 99
4425 86
4428 24
4429 15
4430 23
4434 50
4435 26
4436 227
4437 205
4438 134
4439 40
4440 140
4442 60
4443 127
4445 240
4446 79
4448 173
4449 23
4451 224
4453 95
4454 232
4455 191
4457 151
4459 235
4463 109
4465 217
4467 132
4468 168
4471 18
4472 110
4473 52
4475 210
4477 80
4478 22
4479 175
4480 17
4481 155
4483 150
4485 138
4487 9
4488 115
4489 6
4492 132
4494 110
4495 22
4497 172
4499 115
4502 127
4503 72
4506 11
4507 157
4508 229
4509 162
4510 139
4511 98
4512 200
4514 76
4515 150
4518 194
4519 187
4520 232
4521 40
4522 3
4525 100
4526 52
4527 88
4528 154
4531 153
4532 111
4536 193
4537 196
4539 24
4540 138
4542 157
4544 40
4546 213
4548 106
4549 31
4551 242
4552 168
4558 18
4561 100
4562 16
4565 108
4567 121
4568 81
4569 91
4571 143
4573 91
4574 199
4575 15
4579 168
4580 154
4582 205
4583 209
4584 117
4585 156
4587 231
4588 181
4589 101
4590 39
4591 27
4592 234
4595 50
4596 1
4597 82
4598 111
4600 243
4601 82
4603 31
4604 23
4605 196
4606 139
4608 210
4609 123
4610 92
4611 55
4612 126
4613 106
4616 104
4618 9
4624 58
4625 9
4626 134
4628 201
4630 213
4631 171
4632 144
4633 18
4635 132
4636 230
4639 210
4640 103
4642 46
4643 54
4644 139
4645 238
4647 97
4649 106
4652 189
4653 73
4655 209
4656 158
4657 126
4658 67
4659 12
4661 88
4662 138
4665 149
4669 154
4670 3
4671 42
4672 104
4674 23
4675 92
4677 26
4680 198
4681 200
4682 168
4683 72
4684 93
4687 228
4690 143
4691 180
4692 211
4696 172
4697 158
4698 181
4700 209
4701 229
4702 98
4704 50
4705 57
4708 193
4710 117
4711 247
4714 73
4715 140
4716 23
4717 25
4718 134
4722 173
4723 220
4725 89
4726 76
4727 248
4728 116
4729 18
4731 174
4732 54
4733 116
4734 232
4735 133
4736 126
4739 158
4740 27
4742 29
4743 225
4744 163
4747 34
4748 79
4749 37
4751 111
4752 117
4753 78
4755 156
4756 117
4757 248
4758 21
4762 127
4764 161
4765 18
4766 109
4768 20
4771 117
4775 140
4777 84
4778 117
4780 162
4781 160
4782 143
4785 78
4787 238
4788 70
4789 20
4790 76
4791 26
4792 99
4793 168
4794 72
4795 5
4799 117
4800 5
4802 39
4804 12
4805 136
4808 23
4811 59
4814 127
4815 2
4818 19
4820 2
4821 202
4822 81
4824 72
4828 27
4829 168
4830 32
4831 158
4833 72
4834 115
4835 98
4836 198
4837 54
4839 201
4840 102
4841 86
4842 143
4843 165
4844 126
4846 59
4848 60
4850 190
4851 194
4852 50
4853 3
4854 40
4855 87
4856 39
4857 23
4858 229
4860 153
4861 3
4862 67
4863 57
4865 198
4868 72
4869 86
4870 191
4871 99
4872 134
4874 20
4875 146
4878 40
4879 211
4881 107
4882 39
4884 215
4886 121
4887 22
4889 111
4890 89
4892 143
4896 147
4897 165
4898 20
4900 114
4901 203
4902 33
4906 1
4908 5
4909 44
4911 12
4912 158
4913 41
4916 14
4917 83
4918 140
4920 143
4921 151
4922 121
4923 129
4926 120
4927 72
4929 115
4930 180
4931 22
4932 127
4933 15
4934 3
4937 191
4938 207
4941 170
4944 220
4945 86
4946 140
4947 38
4951 50
4952 206
4953 181
4955 70
4956 14
4957 95
4959 117
4962 39
4966 56
4968 61
4970 1
4971 232
4972 210
4974 31
4976 77
4979 36
4982 175
4985 149
4986 33
4987 121
4988 33
4989 34
4991 162
4992 154
4994 131
4995 238
4997 30
4998 62
4999 242
