0 -1
1 -1
2 0
3 -1
5 1
6 -1
7 2
8 -1
9 3
10 -1
11 4
12 -1
13 5
14 1
15 3
16 -1
17 -1
18 -1
19 3
20 -1
21 6
22 7
23 3
24 8
25 -1
26 -1
27 3
28 -1
29 3
30 3
31 2
32 133
33 9
34 3
35 -1
36 10
37 11
38 1
39 3
40 3
41 -1
42 -1
43 12
44 13
45 14
46 125
47 -1
48 17
49 3
50 1
51 15
52 -1
53 -1
54 3
55 2
56 16
57 127
58 3
59 2
60 17
62 -1
63 18
64 -1
65 19
66 20
67 21
68 -1
69 -1
70 22
71 -1
72 -1
73 3
75 23
76 -1
77 3
78 24
79 25
80 26
81 3
83 2
84 -1
85 -1
86 3
87 3
88 -1
90 -1
91 -1
92 -1
93 -1
94 -1
95 27
96 -1
97 -1
98 28
99 -1
101 3
102 29
103 -1
104 3
105 30
106 31
107 3
108 32
109 2
110 3
111 -1
112 33
114 3
115 -1
116 -1
117 -1
119 -1
120 24
121 -1
122 3
123 -1
124 -1
125 -1
126 2
127 51
128 13
129 34
130 -1
131 -1
132 -1
133 35
134 2
135 3
136 131
137 3
138 120
139 1
140 -1
141 -1
142 1
143 3
144 36
146 -1
147 -1
148 23
149 130
150 -1
151 -1
152 3
153 12
154 37
155 -1
156 -1
157 38
158 3
159 -1
160 39
161 -1
162 40
163 -1
164 -1
165 67
166 -1
167 -1
168 -1
169 3
170 -1
171 -1
172 41
173 -1
174 -1
175 122
176 -1
177 5
178 -1
179 -1
180 117
181 -1
182 -1
183 1
184 -1
185 1
186 42
187 -1
188 21
189 5
190 -1
191 -1
192 43
193 -1
194 21
195 2
196 3
197 44
198 -1
199 -1
200 45
201 -1
202 3
203 -1
204 97
205 2
206 128
207 -1
208 -1
209 46
210 59
211 -1
212 3
213 -1
214 47
215 -1
216 3
217 3
218 -1
219 48
220 -1
221 -1
222 -1
223 49
224 6
225 125
226 50
227 12
228 3
229 -1
230 51
231 -1
232 2
233 -1
234 3
235 -1
236 52
237 53
238 -1
239 88
240 54
241 55
242 56
243 -1
244 57
245 3
246 -1
247 -1
248 -1
249 117
250 -1
251 -1
252 -1
254 2
255 3
256 -1
257 2
258 -1
259 3
260 1
261 3
262 -1
263 -1
264 58
265 8
266 2
267 -1
268 -1
269 3
270 2
271 -1
272 3
273 8
274 3
275 59
277 -1
278 56
279 -1
280 8
282 60
283 -1
284 60
285 -1
286 53
287 -1
288 12
289 -1
290 61
291 2
292 2
293 62
294 3
295 3
296 -1
297 2
298 -1
299 126
300 2
301 63
302 -1
303 12
304 2
305 -1
306 -1
307 2
308 -1
309 12
310 64
311 -1
312 83
313 21
314 -1
315 -1
316 -1
317 65
318 -1
319 66
320 67
321 2
322 35
323 22
324 -1
325 2
326 -1
327 30
328 3
329 3
330 -1
331 6
332 68
333 69
334 59
335 -1
337 -1
338 39
339 70
340 71
341 -1
342 72
344 -1
345 3
346 -1
347 -1
348 33
349 126
350 -1
351 3
352 3
353 -1
354 -1
355 -1
356 3
357 73
358 9
359 123
360 3
361 3
362 -1
363 5
364 -1
365 74
366 75
367 -1
368 121
369 -1
370 76
372 -1
373 -1
374 1
375 77
376 2
377 3
378 2
379 -1
380 -1
381 3
382 78
383 -1
384 -1
385 -1
386 48
387 -1
388 -1
389 -1
390 79
391 -1
392 21
393 3
394 80
395 -1
396 -1
397 -1
398 2
399 -1
400 81
401 82
402 83
403 33
404 -1
405 -1
406 84
407 2
408 1
409 -1
410 3
411 -1
412 -1
413 85
414 53
415 8
416 -1
417 2
418 -1
419 -1
420 -1
421 2
422 86
423 3
424 11
425 58
426 1
427 3
428 -1
429 41
430 1
431 87
432 54
433 88
434 89
435 2
436 -1
437 -1
438 90
439 3
440 91
441 -1
442 -1
443 -1
444 -1
445 92
446 3
447 2
448 -1
449 3
450 -1
451 93
452 94
453 5
454 -1
455 95
457 117
458 -1
459 -1
460 96
461 -1
462 -1
463 97
464 3
465 -1
466 -1
467 3
468 3
469 -1
470 52
471 -1
472 98
473 99
474 -1
475 100
476 -1
477 -1
478 129
479 2
480 -1
481 -1
482 -1
483 101
484 3
485 -1
486 39
487 102
489 3
490 -1
491 -1
492 95
493 -1
494 2
495 -1
496 2
497 -1
498 -1
499 -1
501 103
502 -1
503 4
506 2
509 63
510 -1
511 104
512 53
513 -1
514 -1
516 29
518 1
519 21
520 -1
521 3
522 87
523 72
524 -1
525 105
527 3
528 3
529 1
530 -1
531 -1
532 125
533 18
534 30
535 -1
536 3
537 3
538 -1
539 3
540 3
541 3
542 -1
543 34
544 -1
545 50
546 2
547 -1
549 2
550 106
551 2
552 27
553 2
554 -1
555 107
556 -1
557 -1
558 -1
559 36
560 -1
562 32
563 17
564 -1
566 -1
567 -1
568 36
569 -1
570 25
571 21
572 117
573 3
574 3
575 108
576 109
577 72
578 33
579 -1
580 -1
581 61
582 -1
583 107
584 90
585 2
586 110
587 -1
588 -1
589 -1
590 -1
591 -1
592 -1
593 71
594 1
595 -1
596 53
597 2
598 -1
599 2
600 60
601 88
602 -1
603 3
604 102
605 89
606 111
607 -1
608 -1
609 69
610 -1
611 -1
612 119
613 -1
614 61
615 -1
616 75
617 -1
618 -1
619 -1
620 92
621 88
622 2
623 -1
624 58
625 -1
626 32
627 -1
628 -1
629 -1
630 -1
631 33
632 1
633 -1
634 36
635 -1
636 -1
637 -1
638 -1
639 3
640 -1
641 -1
642 98
643 -1
644 1
645 3
646 121
647 33
648 24
651 3
652 83
653 -1
654 77
655 87
656 1
657 99
658 -1
659 20
660 -1
661 41
662 -1
663 -1
664 3
665 82
666 22
667 128
668 -1
670 1
671 12
672 45
673 74
674 3
675 102
676 3
678 -1
679 112
680 -1
681 2
682 1
683 128
684 2
685 51
686 83
687 -1
688 -1
689 1
690 -1
691 30
692 30
693 2
694 3
695 113
696 -1
697 -1
698 -1
699 2
701 1
702 45
703 113
704 3
705 -1
706 2
707 -1
708 3
709 3
710 3
711 98
712 -1
713 130
714 67
716 109
717 81
718 -1
719 3
720 3
722 -1
723 21
724 33
725 3
726 109
727 77
728 69
729 3
730 1
731 -1
732 -1
733 -1
734 -1
735 -1
736 7
737 47
738 82
739 3
740 -1
741 -1
742 42
743 -1
744 -1
745 86
746 3
747 80
748 114
749 1
751 -1
752 2
753 118
754 -1
755 99
756 3
757 -1
758 47
760 3
761 -1
762 -1
763 39
764 -1
765 54
766 3
767 95
768 87
769 -1
770 -1
771 3
772 64
773 3
774 12
775 1
776 107
777 20
778 -1
779 3
780 106
781 1
782 4
783 -1
784 37
785 -1
786 24
787 -1
788 -1
789 -1
790 2
791 102
792 -1
793 85
794 -1
795 -1
796 2
797 -1
798 -1
799 2
800 69
801 56
802 -1
803 0
804 3
805 -1
806 3
807 51
808 91
809 -1
810 35
811 64
812 -1
813 106
814 56
815 75
816 1
817 -1
818 -1
819 40
820 89
821 3
822 94
823 2
824 2
826 1
827 87
828 91
829 122
830 2
831 2
832 61
833 3
834 -1
835 -1
836 8
837 -1
838 3
839 -1
840 3
841 12
843 -1
846 1
847 114
848 10
849 80
850 -1
852 3
853 -1
855 38
856 -1
857 -1
858 29
859 92
860 37
861 -1
862 -1
863 21
864 -1
865 46
866 72
867 55
868 84
869 76
871 1
872 -1
873 -1
874 5
875 -1
876 97
877 -1
878 52
879 -1
881 55
882 7
883 3
884 8
885 106
886 59
888 3
889 12
890 95
891 3
892 2
893 -1
894 90
895 -1
896 87
897 -1
898 41
899 63
900 3
901 115
902 101
903 63
904 72
905 -1
906 133
907 3
909 3
910 -1
911 128
912 -1
913 104
914 12
915 -1
916 -1
917 -1
918 7
919 -1
920 -1
921 -1
922 69
923 -1
924 42
925 -1
926 46
927 50
928 85
929 3
930 33
931 -1
932 -1
933 -1
934 8
936 37
937 89
938 -1
939 93
940 1
941 -1
942 89
943 31
944 0
945 3
946 74
947 -1
948 76
949 41
950 92
951 -1
953 21
954 32
955 -1
956 1
957 -1
958 3
959 3
960 -1
961 63
962 78
963 2
964 -1
965 16
967 65
968 -1
969 29
970 -1
971 100
972 85
973 70
974 -1
975 -1
977 -1
978 45
979 -1
980 3
981 3
982 66
983 131
984 -1
985 37
987 -1
988 97
989 3
990 114
991 51
992 -1
993 3
994 105
995 -1
996 -1
997 49
998 69
999 2
1000 -1
1001 -1
1002 3
1003 -1
1004 83
1005 124
1006 77
1008 -1
1009 53
1010 27
1011 -1
1013 19
1014 -1
1015 -1
1016 30
1017 2
1019 8
1020 81
1021 1
1022 2
1023 131
1024 -1
1025 84
1027 -1
1028 106
1029 -1
1030 -1
1031 88
1032 2
1033 -1
1034 -1
1035 3
1036 56
1037 8
1038 47
1040 85
1041 49
1042 1
1044 112
1045 -1
1046 8
1047 79
1048 -1
1049 3
1050 52
1052 -1
1053 3
1054 -1
1055 -1
1057 -1
1058 -1
1059 36
1060 38
1061 1
1062 1
1063 -1
1064 -1
1065 2
1066 51
1067 -1
1068 115
1069 -1
1070 -1
1071 8
1072 3
1074 3
1075 -1
1076 3
1077 -1
1078 -1
1079 -1
1080 3
1081 3
1082 3
1083 -1
1084 3
1085 -1
1086 -1
1087 -1
1088 21
1089 1
1090 -1
1091 8
1092 3
1093 -1
1094 3
1095 110
1097 3
1098 15
1099 12
1100 83
1101 94
1103 114
1104 53
1105 118
1106 73
1107 7
1108 -1
1109 40
1110 2
1111 -1
1112 3
1113 122
1114 103
1115 -1
1116 15
1117 104
1118 3
1119 68
1120 -1
1121 94
1122 -1
1123 -1
1124 2
1125 -1
1126 19
1127 35
1128 -1
1129 21
1130 -1
1131 12
1132 1
1133 -1
1134 3
1135 2
1137 -1
1139 -1
1140 104
1141 82
1142 -1
1143 3
1144 1
1145 102
1146 94
1147 83
1148 3
1149 78
1150 53
1151 -1
1152 3
1154 3
1155 51
1158 -1
1159 8
1160 34
1161 3
1162 77
1163 82
1165 79
1166 -1
1167 106
1168 1
1169 -1
1170 96
1171 -1
1172 63
1173 3
1174 115
1177 -1
1178 3
1179 -1
1180 40
1181 -1
1182 -1
1183 -1
1184 33
1185 -1
1186 -1
1187 26
1188 115
1189 22
1190 47
1191 3
1192 22
1193 56
1194 10
1195 30
1196 1
1197 -1
1198 -1
1199 -1
1200 52
1201 -1
1203 99
1205 74
1206 1
1207 -1
1208 -1
1209 -1
1210 2
1211 -1
1212 53
1213 12
1214 -1
1215 -1
1216 3
1217 53
1218 -1
1219 2
1220 94
1221 3
1222 1
1223 -1
1225 20
1226 78
1227 116
1228 90
1229 -1
1230 -1
1232 112
1233 -1
1234 3
1235 3
1237 43
1238 -1
1239 8
1240 -1
1241 88
1242 -1
1243 -1
1245 83
1246 124
1247 -1
1248 79
1249 3
1250 57
1251 3
1252 1
1253 1
1255 33
1256 1
1257 9
1258 12
1259 -1
1260 19
1261 91
1262 -1
1263 85
1264 -1
1265 3
1266 -1
1267 3
1269 1
1270 -1
1271 55
1272 40
1273 -1
1274 -1
1275 43
1277 2
1278 -1
1279 78
1281 -1
1283 -1
1284 76
1285 40
1286 -1
1287 -1
1289 33
1290 1
1291 40
1292 83
1293 -1
1294 78
1295 -1
1296 4
1297 32
1298 -1
1299 63
1300 -1
1301 3
1302 -1
1303 -1
1305 117
1306 40
1307 3
1308 -1
1310 74
1311 45
1313 22
1314 3
1315 3
1316 1
1317 -1
1319 3
1320 68
1321 3
1322 24
1323 -1
1324 -1
1325 21
1326 -1
1327 -1
1328 133
1329 52
1330 43
1332 -1
1333 6
1334 2
1335 41
1336 55
1337 10
1339 2
1340 49
1341 90
1343 3
1344 -1
1345 -1
1346 40
1347 38
1348 -1
1349 35
1350 1
1351 106
1352 78
1353 -1
1354 -1
1355 -1
1357 33
1358 -1
1359 -1
1360 3
1361 1
1362 -1
1363 23
1364 51
1365 25
1366 1
1367 -1
1368 2
1369 87
1370 -1
1372 2
1373 3
1374 43
1375 -1
1376 3
1377 -1
1378 3
1380 71
1381 39
1382 103
1384 2
1385 3
1387 118
1388 1
1389 -1
1391 -1
1392 3
1393 111
1394 1
1395 3
1396 -1
1397 -1
1399 -1
1400 23
1401 119
1402 118
1403 -1
1404 27
1405 -1
1406 -1
1407 3
1408 68
1410 40
1411 2
1412 8
1413 8
1414 111
1415 -1
1416 63
1417 2
1418 -1
1419 1
1420 78
1421 3
1422 97
1423 -1
1425 3
1426 2
1427 93
1429 124
1430 -1
1431 3
1432 -1
1433 46
1434 -1
1436 -1
1438 3
1439 2
1440 45
1441 3
1442 -1
1443 9
1444 -1
1445 -1
1446 -1
1447 3
1448 125
1449 115
1450 -1
1451 -1
1452 52
1453 3
1454 3
1455 2
1456 39
1457 -1
1458 3
1459 2
1460 -1
1461 2
1462 19
1463 3
1464 68
1465 -1
1466 88
1467 121
1468 52
1469 -1
1470 31
1471 133
1472 -1
1473 91
1474 81
1475 76
1476 76
1479 -1
1480 53
1481 82
1482 2
1483 0
1484 93
1486 2
1487 3
1490 -1
1491 3
1492 -1
1493 -1
1494 -1
1495 -1
1496 14
1497 -1
1498 -1
1499 -1
1500 83
1501 -1
1502 53
1503 57
1504 -1
1505 30
1506 101
1507 -1
1508 3
1509 2
1510 2
1512 -1
1514 2
1515 88
1517 3
1518 -1
1520 85
1521 26
1522 -1
1523 21
1524 98
1525 3
1526 107
1527 -1
1528 51
1529 -1
1530 -1
1531 3
1532 -1
1534 10
1535 -1
1536 -1
1537 21
1538 133
1539 -1
1540 -1
1541 -1
1542 87
1543 -1
1544 106
1545 116
1546 15
1547 -1
1549 120
1551 1
1552 2
1553 40
1554 3
1555 3
1556 112
1557 -1
1558 109
1560 -1
1563 1
1565 3
1566 95
1567 2
1568 1
1570 3
1571 67
1572 21
1573 7
1574 -1
1575 -1
1576 100
1577 -1
1578 -1
1579 -1
1581 -1
1582 -1
1583 75
1584 12
1585 -1
1586 120
1587 82
1588 81
1589 -1
1590 5
1591 100
1593 37
1594 3
1595 -1
1597 3
1599 8
1600 66
1601 48
1602 3
1603 43
1604 9
1605 1
1607 48
1609 -1
1610 103
1611 23
1612 -1
1613 -1
1614 -1
1615 -1
1616 81
1617 -1
1618 3
1619 3
1621 2
1622 -1
1623 101
1625 124
1626 94
1627 -1
1628 43
1629 78
1630 -1
1631 -1
1632 19
1633 -1
1635 105
1636 53
1637 125
1639 -1
1640 65
1643 1
1644 3
1645 3
1646 -1
1647 -1
1648 -1
1649 -1
1650 103
1651 31
1652 -1
1653 15
1654 1
1655 72
1656 99
1657 3
1658 -1
1659 83
1660 21
1661 45
1662 115
1663 87
1664 22
1665 -1
1666 36
1667 26
1668 2
1669 3
1670 56
1671 2
1674 113
1676 3
1677 79
1678 -1
1679 -1
1681 -1
1682 61
1684 -1
1685 -1
1686 33
1687 46
1688 -1
1689 127
1690 3
1691 51
1692 100
1694 73
1695 -1
1696 108
1697 2
1698 -1
1699 49
1701 119
1702 -1
1703 1
1704 -1
1705 3
1706 -1
1707 25
1708 3
1709 -1
1710 52
1712 -1
1713 1
1715 -1
1716 130
1718 -1
1719 2
1720 3
1721 1
1722 -1
1723 63
1724 -1
1725 -1
1726 48
1727 -1
1728 84
1730 -1
1732 68
1733 -1
1734 0
1735 -1
1736 73
1737 -1
1738 -1
1739 114
1740 -1
1741 -1
1742 -1
1743 40
1745 3
1747 78
1748 36
1749 3
1750 3
1751 -1
1752 -1
1753 -1
1754 3
1755 69
1756 61
1757 3
1758 40
1759 74
1761 3
1762 -1
1764 28
1765 -1
1766 3
1767 -1
1768 -1
1769 69
1771 3
1772 21
1773 3
1774 23
1775 3
1776 37
1777 24
1778 57
1779 57
1780 -1
1781 70
1782 85
1783 97
1784 2
1785 -1
1786 119
1788 3
1789 15
1790 87
1791 3
1792 40
1793 2
1794 -1
1795 -1
1796 -1
1797 94
1798 -1
1799 3
1801 -1
1802 -1
1804 55
1805 25
1806 -1
1807 -1
1808 100
1809 30
1810 -1
1811 2
1813 -1
1815 3
1816 66
1817 2
1818 126
1819 3
1820 127
1821 -1
1822 3
1824 110
1825 -1
1826 -1
1827 -1
1829 -1
1830 64
1831 -1
1832 83
1833 118
1834 -1
1837 97
1839 3
1840 1
1841 3
1842 68
1843 97
1845 -1
1846 -1
1847 -1
1848 -1
1849 -1
1850 2
1851 8
1852 -1
1853 2
1854 -1
1855 -1
1857 2
1858 -1
1859 -1
1860 65
1861 3
1862 126
1863 3
1864 -1
1865 6
1866 -1
1867 88
1868 -1
1869 3
1870 -1
1871 1
1872 79
1873 109
1874 2
1875 121
1876 116
1877 -1
1878 128
1879 83
1880 -1
1881 -1
1882 106
1883 72
1884 39
1885 53
1887 3
1888 105
1889 -1
1890 76
1891 13
1892 -1
1893 -1
1894 33
1895 110
1896 -1
1897 1
1899 -1
1900 1
1902 1
1903 41
1904 97
1906 -1
1907 -1
1908 1
1909 56
1910 58
1911 21
1912 122
1913 96
1914 1
1915 13
1916 3
1917 99
1918 -1
1919 40
1920 34
1921 3
1922 3
1923 -1
1924 -1
1925 111
1926 54
1927 4
1928 30
1929 -1
1930 3
1931 -1
1932 -1
1933 -1
1934 -1
1935 116
1936 50
1938 -1
1939 -1
1940 3
1941 3
1942 35
1943 43
1944 -1
1945 -1
1947 85
1948 -1
1949 1
1950 21
1951 -1
1952 -1
1953 101
1954 13
1955 -1
1957 -1
1959 -1
1962 33
1964 -1
1965 68
1966 53
1967 24
1968 12
1969 3
1970 -1
1971 2
1972 1
1973 2
1974 3
1976 113
1977 123
1978 1
1979 -1
1980 -1
1982 16
1983 62
1985 117
1986 -1
1987 114
1991 51
1992 55
1993 -1
1994 -1
1995 90
1997 3
1998 1
2000 2
2001 0
2003 62
2006 124
2007 -1
2008 -1
2009 -1
2010 -1
2011 2
2012 23
2013 94
2014 3
2015 3
2016 -1
2017 3
2018 -1
2019 107
2020 2
2021 -1
2022 -1
2024 -1
2025 94
2026 -1
2027 29
2028 -1
2029 2
2031 69
2032 -1
2033 9
2034 64
2035 108
2036 115
2037 -1
2038 -1
2039 124
2040 -1
2041 14
2042 62
2043 30
2044 32
2045 19
2046 -1
2047 -1
2048 43
2049 3
2050 -1
2051 -1
2053 11
2054 -1
2055 17
2056 -1
2057 44
2058 -1
2059 106
2061 -1
2062 71
2063 18
2064 83
2065 -1
2067 80
2068 3
2069 20
2070 13
2071 -1
2072 99
2073 97
2074 -1
2075 -1
2076 74
2077 -1
2079 -1
2080 12
2081 -1
2082 30
2083 100
2084 -1
2085 -1
2086 -1
2087 -1
2088 22
2089 3
2090 -1
2091 -1
2092 101
2093 -1
2094 20
2096 -1
2097 -1
2099 104
2100 21
2101 -1
2102 -1
2104 3
2105 105
2107 -1
2108 -1
2109 88
2110 2
2111 -1
2113 -1
2114 3
2115 3
2116 44
2117 19
2118 -1
2119 1
2121 -1
2122 75
2123 -1
2124 -1
2125 -1
2126 12
2127 -1
2128 48
2129 -1
2130 3
2131 110
2132 3
2133 1
2135 3
2136 1
2137 2
2138 -1
2139 3
2140 97
2141 3
2142 15
2143 50
2144 113
2145 50
2147 16
2148 79
2149 35
2150 -1
2151 3
2152 28
2153 -1
2154 3
2155 78
2156 -1
2157 63
2158 26
2159 3
2160 3
2161 3
2162 -1
2163 33
2164 3
2167 3
2168 -1
2170 21
2171 -1
2172 1
2174 -1
2175 80
2176 -1
2177 121
2178 -1
2181 -1
2182 -1
2183 12
2184 12
2185 -1
2186 -1
2187 -1
2188 -1
2189 -1
2190 47
2191 -1
2192 36
2193 2
2195 3
2196 131
2197 -1
2198 118
2200 -1
2201 0
2203 94
2204 -1
2206 -1
2208 -1
2211 89
2213 122
2214 -1
2215 5
2217 54
2219 47
2220 15
2221 1
2222 38
2226 1
2227 11
2229 1
2230 52
2232 3
2233 69
2234 -1
2235 -1
2236 2
2238 121
2239 31
2240 -1
2241 -1
2242 14
2243 -1
2244 93
2245 -1
2246 -1
2247 103
2248 2
2249 -1
2253 -1
2254 106
2257 -1
2258 -1
2259 3
2260 27
2261 92
2262 -1
2263 0
2264 58
2265 12
2266 -1
2267 -1
2268 67
2269 3
2270 -1
2272 53
2274 -1
2275 -1
2277 74
2279 12
2280 79
2281 -1
2282 3
2283 -1
2284 60
2286 -1
2287 1
2288 108
2289 1
2290 76
2292 -1
2293 3
2294 -1
2295 32
2296 1
2297 -1
2299 -1
2300 48
2301 -1
2302 125
2303 -1
2304 106
2305 3
2306 3
2307 3
2308 3
2309 -1
2310 3
2311 2
2312 -1
2313 10
2314 43
2315 97
2316 112
2317 107
2318 -1
2319 -1
2320 -1
2321 1
2322 3
2323 -1
2324 3
2325 -1
2326 12
2327 4
2328 107
2329 -1
2331 85
2332 3
2333 89
2334 -1
2335 17
2336 78
2337 1
2338 53
2339 40
2340 3
2341 3
2342 113
2343 2
2344 1
2346 3
2347 113
2348 2
2349 40
2350 -1
2351 3
2352 -1
2353 -1
2354 3
2355 3
2356 3
2357 1
2358 1
2359 -1
2361 -1
2362 36
2363 67
2364 2
2365 -1
2366 112
2367 -1
2369 8
2370 3
2371 -1
2373 3
2374 3
2375 105
2376 -1
2378 51
2379 2
2380 0
2381 3
2382 3
2384 4
2385 -1
2386 3
2387 3
2388 89
2389 -1
2390 -1
2391 85
2392 8
2393 -1
2394 74
2395 2
2396 2
2397 -1
2398 -1
2399 2
2401 106
2403 1
2404 -1
2405 -1
2406 -1
2407 -1
2409 2
2410 -1
2412 -1
2413 -1
2414 41
2415 -1
2416 2
2417 47
2418 72
2419 2
2420 8
2422 2
2425 -1
2426 -1
2427 84
2428 3
2430 48
2431 56
2432 -1
2433 -1
2434 88
2435 -1
2436 62
2437 -1
2438 30
2439 107
2440 2
2441 5
2442 76
2443 104
2444 -1
2445 3
2446 131
2447 1
2448 83
2449 3
2450 -1
2451 -1
2452 49
2453 78
2454 8
2455 27
2456 -1
2457 126
2458 119
2460 2
2461 40
2463 1
2464 -1
2465 1
2466 2
2467 3
2468 43
2469 1
2470 -1
2471 -1
2472 -1
2473 84
2474 6
2475 2
2476 117
2477 -1
2478 3
2479 79
2480 2
2481 -1
2482 87
2483 127
2484 2
2485 -1
2486 15
2488 29
2490 -1
2491 -1
2492 53
2494 -1
2495 89
2496 -1
2497 20
2498 62
2500 3
2501 -1
2503 33
2504 54
2505 3
2506 28
2507 8
2508 -1
2509 3
2511 126
2512 -1
2513 85
2514 2
2515 2
2516 -1
2517 3
2518 64
2519 3
2520 8
2522 3
2523 111
2524 70
2525 -1
2526 81
2527 -1
2528 -1
2529 89
2530 129
2531 3
2533 114
2534 101
2535 2
2536 3
2537 -1
2538 23
2540 112
2542 -1
2543 -1
2544 129
2545 1
2546 -1
2547 110
2548 114
2549 22
2550 24
2551 28
2552 3
2553 3
2555 -1
2556 -1
2557 3
2558 2
2559 -1
2560 41
2561 132
2562 105
2563 3
2564 -1
2566 63
2567 -1
2568 -1
2569 -1
2570 85
2571 -1
2572 65
2574 2
2576 3
2577 -1
2578 35
2579 -1
2580 40
2582 -1
2584 11
2585 -1
2586 34
2587 64
2588 -1
2589 -1
2590 -1
2591 -1
2592 -1
2593 119
2594 28
2596 8
2597 3
2598 131
2599 3
2600 78
2602 3
2603 -1
2604 3
2605 2
2606 3
2607 3
2608 37
2609 -1
2610 -1
2612 -1
2613 46
2614 101
2615 -1
2616 3
2617 -1
2618 -1
2619 -1
2620 -1
2621 21
2622 -1
2623 -1
2624 86
2625 -1
2626 -1
2627 70
2629 2
2630 0
2631 -1
2632 28
2633 3
2634 30
2635 96
2636 1
2637 -1
2641 -1
2642 90
2644 36
2645 -1
2647 -1
2648 61
2649 3
2650 2
2651 -1
2652 105
2653 3
2654 -1
2655 3
2656 -1
2657 32
2658 -1
2660 -1
2661 127
2664 8
2665 7
2666 82
2667 3
2668 -1
2669 88
2670 -1
2671 3
2672 3
2673 133
2674 3
2675 2
2676 33
2677 -1
2678 -1
2679 97
2680 8
2681 3
2682 8
2683 -1
2684 74
2685 129
2686 -1
2687 -1
2688 -1
2689 33
2690 -1
2691 -1
2692 -1
2694 76
2695 -1
2696 34
2697 -1
2698 -1
2699 -1
2700 3
2701 0
2702 -1
2703 -1
2705 98
2706 1
2709 -1
2710 77
2711 44
2712 21
2713 -1
2714 -1
2716 12
2717 2
2718 -1
2720 126
2721 -1
2722 0
2723 42
2726 43
2727 -1
2728 3
2729 -1
2730 109
2731 3
2732 30
2733 3
2735 132
2737 2
2738 31
2739 3
2741 -1
2742 4
2743 20
2744 128
2745 24
2747 3
2748 21
2749 2
2750 40
2751 -1
2752 -1
2753 123
2754 87
2756 -1
2757 -1
2758 -1
2759 106
2760 3
2761 45
2762 88
2763 -1
2764 -1
2765 -1
2766 3
2767 18
2768 -1
2770 -1
2773 8
2774 -1
2776 130
2777 -1
2778 12
2779 110
2780 -1
2781 3
2782 47
2784 2
2785 -1
2786 96
2787 3
2788 71
2789 55
2790 117
2791 116
2792 -1
2793 2
2794 110
2795 -1
2796 5
2797 -1
2798 2
2799 45
2800 3
2801 -1
2802 29
2804 27
2805 122
2806 95
2807 -1
2808 129
2809 12
2811 -1
2812 26
2814 35
2815 130
2816 -1
2817 129
2818 -1
2820 55
2822 108
2823 2
2824 106
2825 3
2826 36
2827 -1
2828 21
2829 44
2830 55
2831 2
2832 -1
2834 2
2835 79
2836 8
2837 -1
2838 -1
2839 -1
2841 -1
2842 2
2843 92
2844 99
2845 -1
2846 89
2847 -1
2848 -1
2849 89
2851 -1
2852 -1
2853 104
2854 96
2855 -1
2856 -1
2857 -1
2858 -1
2859 -1
2861 84
2862 -1
2863 -1
2864 21
2866 -1
2867 -1
2868 -1
2869 -1
2870 59
2871 15
2873 16
2874 -1
2875 66
2876 -1
2877 131
2878 110
2879 8
2880 28
2881 88
2883 52
2884 -1
2885 45
2886 71
2887 -1
2888 93
2891 -1
2892 -1
2893 90
2894 -1
2895 -1
2896 40
2897 -1
2898 -1
2899 88
2900 89
2901 -1
2903 -1
2904 100
2905 3
2906 3
2907 -1
2909 3
2910 3
2911 40
2912 -1
2913 2
2914 3
2915 -1
2917 -1
2919 87
2920 94
2921 2
2922 -1
2923 14
2924 1
2925 -1
2926 3
2927 -1
2928 -1
2929 89
2930 -1
2931 37
2932 1
2934 -1
2935 -1
2936 79
2937 3
2938 -1
2940 27
2941 3
2942 120
2943 128
2945 -1
2946 -1
2947 -1
2948 30
2949 -1
2950 3
2951 1
2952 6
2953 -1
2954 2
2955 -1
2956 133
2957 2
2958 -1
2960 -1
2961 -1
2962 -1
2963 -1
2964 116
2965 -1
2966 97
2967 -1
2968 2
2969 -1
2970 59
2971 -1
2972 -1
2973 -1
2974 73
2975 106
2976 50
2977 52
2978 1
2979 -1
2980 7
2982 3
2983 88
2984 25
2986 103
2987 -1
2988 16
2989 93
2990 21
2991 85
2992 64
2994 1
2995 1
2996 3
2997 3
3000 -1
3001 -1
3002 87
3003 3
3004 -1
3006 74
3007 1
3008 -1
3009 88
3011 -1
3012 -1
3013 29
3014 64
3015 -1
3016 3
3017 -1
3018 -1
3020 123
3021 61
3022 8
3023 3
3024 3
3025 -1
3026 8
3027 2
3028 3
3029 -1
3031 -1
3034 44
3035 1
3036 -1
3037 106
3038 3
3039 -1
3040 3
3041 2
3042 47
3043 -1
3044 33
3045 2
3046 -1
3047 -1
3048 -1
3049 36
3050 60
3052 -1
3053 123
3054 1
3056 12
3057 -1
3058 36
3059 132
3060 -1
3061 25
3063 69
3064 3
3066 3
3067 2
3068 3
3069 3
3070 -1
3071 -1
3072 98
3074 3
3075 -1
3076 -1
3077 20
3078 104
3080 7
3081 -1
3082 -1
3083 64
3084 85
3085 1
3086 -1
3087 2
3088 119
3089 1
3090 91
3091 -1
3092 -1
3093 -1
3095 6
3096 -1
3097 3
3098 -1
3101 76
3102 66
3103 64
3104 -1
3105 35
3106 53
3109 1
3110 3
3111 -1
3112 33
3113 -1
3115 -1
3116 21
3117 1
3118 61
3119 3
3120 -1
3121 3
3122 53
3123 -1
3124 -1
3126 -1
3127 42
3130 2
3133 -1
3134 -1
3140 62
3141 119
3142 3
3143 17
3144 23
3145 -1
3146 84
3147 3
3150 -1
3151 1
3152 47
3153 -1
3154 -1
3155 120
3156 -1
3158 2
3159 46
3160 2
3162 3
3163 3
3165 -1
3166 95
3167 40
3168 4
3169 -1
3171 -1
3173 102
3174 1
3176 12
3177 2
3178 -1
3179 83
3180 40
3181 88
3182 1
3183 -1
3184 1
3185 -1
3186 3
3187 -1
3188 88
3189 88
3191 22
3192 -1
3194 -1
3195 1
3196 -1
3197 89
3198 125
3201 74
3202 16
3203 12
3204 2
3207 3
3208 103
3212 -1
3213 27
3214 -1
3216 -1
3217 -1
3218 12
3219 82
3220 83
3221 1
3222 12
3223 -1
3224 -1
3225 2
3226 79
3227 -1
3230 77
3231 98
3232 -1
3233 -1
3234 84
3235 36
3236 -1
3237 128
3240 20
3241 121
3243 86
3244 -1
3245 86
3246 53
3247 3
3248 -1
3250 67
3253 2
3254 31
3255 22
3256 3
3257 3
3258 45
3259 2
3260 40
3261 117
3262 -1
3263 3
3264 -1
3265 93
3266 -1
3268 18
3269 100
3270 73
3271 2
3272 14
3273 -1
3274 85
3275 1
3276 -1
3277 1
3278 108
3279 106
3280 21
3281 -1
3282 -1
3283 -1
3284 25
3285 92
3286 -1
3287 51
3288 -1
3289 -1
3290 -1
3291 -1
3292 111
3293 42
3294 23
3295 83
3296 -1
3297 -1
3300 35
3301 -1
3302 127
3304 -1
3306 -1
3307 -1
3308 -1
3309 2
3310 3
3312 96
3314 3
3315 0
3316 45
3317 1
3318 49
3321 -1
3322 78
3325 -1
3326 1
3327 -1
3328 -1
3329 57
3331 3
3332 -1
3333 36
3335 3
3336 118
3337 112
3339 12
3340 -1
3341 -1
3342 -1
3343 -1
3345 39
3347 3
3348 62
3350 47
3351 -1
3352 42
3353 -1
3354 8
3355 12
3356 94
3357 -1
3359 41
3360 -1
3362 3
3363 3
3367 -1
3368 68
3369 12
3370 3
3371 -1
3373 18
3374 -1
3375 3
3376 80
3377 3
3379 -1
3380 -1
3382 3
3383 -1
3384 81
3385 8
3386 2
3387 89
3388 115
3389 82
3391 8
3392 -1
3393 104
3394 41
3396 -1
3397 108
3399 2
3400 1
3401 -1
3402 -1
3403 2
3404 -1
3405 8
3406 1
3407 -1
3409 3
3412 3
3413 -1
3414 -1
3415 -1
3416 2
3417 1
3418 34
3420 92
3421 15
3422 64
3423 -1
3424 -1
3426 3
3427 -1
3428 -1
3430 -1
3432 40
3433 71
3434 -1
3435 -1
3436 -1
3439 -1
3440 7
3442 71
3443 3
3444 55
3445 3
3447 -1
3448 -1
3449 0
3451 3
3452 60
3453 22
3454 3
3455 132
3456 87
3457 3
3458 83
3460 84
3461 -1
3462 9
3463 77
3464 -1
3465 -1
3466 -1
3467 52
3470 93
3471 -1
3472 86
3473 86
3474 55
3475 25
3476 78
3477 8
3478 101
3481 1
3482 2
3485 3
3486 3
3487 1
3490 19
3491 -1
3493 25
3494 82
3495 132
3496 83
3497 -1
3499 52
3500 110
3501 65
3502 103
3503 1
3504 -1
3506 -1
3507 3
3509 51
3510 -1
3511 127
3512 -1
3513 2
3514 -1
3515 -1
3516 46
3517 -1
3518 -1
3519 3
3520 3
3521 59
3523 -1
3525 26
3526 24
3527 -1
3528 -1
3529 8
3531 97
3532 -1
3533 -1
3534 -1
3535 -1
3536 3
3537 61
3538 -1
3539 -1
3540 -1
3541 24
3543 14
3544 97
3545 -1
3546 110
3548 -1
3549 3
3550 -1
3551 67
3552 116
3553 82
3554 78
3555 3
3556 -1
3557 53
3558 83
3559 -1
3560 3
3561 2
3562 16
3563 -1
3564 55
3565 -1
3566 -1
3568 -1
3569 65
3571 8
3572 -1
3575 3
3579 60
3582 109
3583 3
3584 1
3586 -1
3588 3
3590 29
3591 -1
3592 117
3593 120
3594 -1
3596 19
3598 54
3600 -1
3602 -1
3604 -1
3605 -1
3606 1
3610 56
3611 -1
3612 -1
3613 38
3615 102
3616 132
3617 94
3618 71
3622 3
3623 17
3624 -1
3625 -1
3626 -1
3627 -1
3630 3
3631 -1
3633 -1
3634 -1
3635 46
3637 1
3638 -1
3639 -1
3640 -1
3642 82
3643 65
3644 103
3645 108
3646 3
3647 49
3648 -1
3649 21
3650 2
3651 -1
3652 -1
3653 120
3655 2
3656 96
3657 -1
3658 -1
3659 -1
3660 113
3661 -1
3662 -1
3663 97
3664 118
3665 -1
3667 82
3668 70
3669 38
3672 -1
3673 2
3675 -1
3677 80
3678 -1
3679 2
3681 35
3683 -1
3684 -1
3685 3
3686 24
3688 27
3689 -1
3690 -1
3691 -1
3693 39
3695 -1
3696 -1
3697 86
3698 -1
3699 3
3700 2
3701 -1
3702 -1
3704 -1
3705 101
3706 42
3707 -1
3712 -1
3713 9
3714 94
3715 -1
3716 -1
3717 2
3718 -1
3719 47
3720 78
3721 -1
3722 129
3725 0
3726 -1
3727 3
3729 1
3730 12
3733 -1
3735 -1
3736 -1
3737 -1
3738 -1
3739 2
3741 83
3743 -1
3744 79
3745 3
3747 -1
3748 9
3749 5
3750 1
3752 -1
3753 -1
3755 -1
3756 -1
3757 -1
3759 -1
3761 114
3762 -1
3764 62
3765 122
3767 27
3768 3
3770 132
3771 3
3772 -1
3774 3
3776 -1
3778 104
3779 12
3781 12
3783 -1
3785 2
3786 62
3787 -1
3788 1
3790 18
3791 86
3793 -1
3795 12
3797 -1
3798 2
3799 42
3800 34
3801 -1
3802 1
3803 117
3804 67
3805 3
3806 79
3807 106
3810 -1
3812 96
3813 23
3814 40
3815 -1
3816 36
3817 -1
3818 120
3819 3
3820 62
3821 12
3822 -1
3824 91
3825 53
3826 -1
3828 -1
3831 58
3832 -1
3833 -1
3834 -1
3835 -1
3836 2
3837 2
3838 -1
3839 2
3841 -1
3843 -1
3844 3
3846 -1
3848 -1
3849 122
3850 60
3851 -1
3852 25
3855 88
3856 2
3858 132
3859 -1
3861 -1
3863 2
3865 1
3866 -1
3867 -1
3868 4
3870 -1
3871 -1
3873 -1
3874 -1
3875 116
3876 -1
3877 -1
3878 40
3879 -1
3881 83
3882 12
3883 74
3884 -1
3886 133
3887 -1
3888 83
3889 3
3891 3
3892 -1
3893 113
3894 -1
3896 3
3900 3
3901 97
3902 69
3904 -1
3905 -1
3907 12
3908 19
3909 3
3910 30
3912 131
3913 106
3914 95
3915 47
3916 1
3918 119
3919 119
3920 87
3921 22
3922 3
3924 93
3925 69
3926 73
3927 93
3928 3
3930 -1
3931 83
3932 2
3933 3
3935 3
3936 43
3937 7
3939 3
3940 3
3941 -1
3942 8
3943 45
3945 2
3946 -1
3947 3
3949 115
3950 2
3951 -1
3953 3
3954 71
3955 83
3957 8
3958 3
3959 -1
3960 32
3961 -1
3962 2
3964 38
3965 54
3966 3
3967 45
3968 39
3970 2
3971 40
3972 78
3973 3
3976 3
3978 95
3979 38
3980 40
3981 133
3982 57
3983 -1
3985 -1
3986 3
3987 89
3988 3
3989 3
3990 2
3991 76
3992 55
3994 -1
3995 -1
3996 40
3997 3
3998 -1
3999 3
4000 -1
4001 38
4002 -1
4003 3
4004 -1
4006 -1
4009 1
4011 3
4012 -1
4013 3
4014 -1
4015 42
4016 15
4017 2
4018 -1
4019 117
4020 2
4021 -1
4022 40
4023 92
4024 90
4025 -1
4026 3
4027 101
4028 3
4029 -1
4030 44
4031 3
4032 -1
4033 2
4034 2
4035 58
4037 -1
4038 -1
4039 1
4040 -1
4043 -1
4044 12
4045 -1
4047 114
4048 93
4051 -1
4052 46
4054 -1
4055 3
4056 -1
4057 24
4059 2
4060 -1
4061 111
4063 42
4065 -1
4066 -1
4067 26
4068 -1
4071 1
4072 33
4074 66
4076 -1
4078 -1
4080 3
4081 91
4082 -1
4083 3
4085 111
4086 2
4087 83
4088 -1
4090 -1
4091 28
4092 62
4093 61
4094 89
4095 -1
4096 3
4097 -1
4100 7
4102 24
4103 -1
4104 -1
4105 -1
4107 -1
4110 -1
4111 13
4112 3
4113 22
4114 41
4116 1
4117 85
4119 3
4121 -1
4123 1
4124 100
4125 2
4126 -1
4128 -1
4129 -1
4130 2
4132 -1
4133 82
4135 -1
4136 -1
4137 -1
4138 22
4139 -1
4141 3
4143 99
4145 -1
4147 133
4148 130
4149 76
4150 -1
4151 3
4153 116
4154 3
4155 2
4158 2
4159 68
4160 3
4161 104
4162 125
4163 3
4165 8
4166 21
4167 4
4169 26
4171 -1
4172 2
4173 3
4175 -1
4176 91
4178 -1
4179 3
4180 12
4181 -1
4183 34
4185 71
4186 -1
4187 3
4188 11
4190 -1
4191 75
4192 3
4193 -1
4194 53
4195 2
4196 3
4197 86
4198 3
4199 40
4200 -1
4201 21
4202 -1
4203 2
4204 -1
4208 3
4209 3
4210 -1
4211 2
4213 102
4214 106
4215 2
4216 3
4218 12
4219 68
4221 -1
4223 3
4224 2
4226 3
4227 -1
4229 0
4230 7
4231 79
4233 -1
4234 17
4235 2
4237 80
4239 1
4240 2
4241 -1
4242 101
4243 -1
4244 30
4245 70
4246 -1
4247 3
4248 -1
4250 10
4251 -1
4253 4
4254 -1
4255 3
4256 33
4258 -1
4260 -1
4261 42
4262 -1
4265 111
4268 2
4269 53
4271 3
4274 130
4275 -1
4276 3
4277 1
4278 88
4279 16
4281 -1
4282 -1
4283 71
4284 -1
4285 -1
4286 62
4287 -1
4288 -1
4289 58
4290 -1
4291 -1
4292 3
4293 -1
4294 26
4295 95
4296 -1
4297 3
4298 2
4299 3
4301 89
4303 -1
4304 2
4309 1
4310 3
4311 62
4312 65
4313 25
4315 40
4316 -1
4317 50
4318 -1
4321 -1
4322 75
4323 1
4326 1
4327 -1
4328 -1
4329 3
4330 13
4331 -1
4332 2
4333 1
4334 3
4335 8
4336 57
4337 7
4338 12
4339 -1
4340 17
4341 3
4342 66
4343 1
4344 13
4345 3
4349 -1
4350 40
4351 44
4355 -1
4356 -1
4357 2
4360 133
4361 97
4362 63
4364 10
4365 1
4366 -1
4367 -1
4368 -1
4370 -1
4372 -1
4373 -1
4374 -1
4377 26
4379 5
4380 126
4381 119
4382 70
4383 -1
4385 -1
4386 31
4387 2
4388 39
4389 -1
4390 65
4391 40
4392 -1
4393 -1
4395 69
4396 116
4397 3
4398 65
4399 22
4400 -1
4402 -1
4405 86
4406 3
4407 -1
4409 3
4410 -1
4411 88
4412 -1
4413 3
4415 25
4416 27
4417 8
4418 -1
4419 -1
4420 -1
4421 5
4422 2
4424 3
4425 -1
4428 80
4429 3
4430 102
4434 12
4435 67
4436 13
4437 -1
4438 47
4439 107
4440 109
4442 3
4443 85
4445 2
4446 20
4448 3
4449 35
4451 3
4453 3
4454 108
4455 83
4457 14
4459 -1
4461 126
4462 -1
4463 -1
4465 -1
4466 106
4467 62
4468 -1
4470 65
4471 -1
4472 -1
4473 -1
4475 -1
4476 126
4477 3
4478 123
4479 -1
4480 3
4481 91
4483 2
4485 1
4487 3
4488 3
4489 3
4492 62
4493 -1
4494 3
4495 -1
4497 -1
4499 124
4502 89
4503 -1
4506 -1
4507 26
4508 -1
4509 -1
4510 1
4511 -1
4512 -1
4513 2
4514 81
4515 2
4516 1
4517 -1
4518 124
4519 39
4520 108
4521 -1
4522 -1
4523 -1
4525 -1
4526 -1
4527 3
4528 2
4531 8
4532 78
4534 -1
4536 83
4537 48
4538 3
4539 123
4540 1
4542 26
4543 3
4544 -1
4546 33
4547 22
4548 79
4549 22
4551 -1
4552 3
4556 -1
4557 -1
4558 2
4560 -1
4561 -1
4562 -1
4563 -1
4564 10
4565 89
4566 -1
4567 -1
4568 106
4569 97
4570 -1
4571 65
4573 1
4574 86
4575 3
4579 -1
4580 -1
4582 31
4583 2
4584 3
4585 68
4586 -1
4587 44
4588 30
4589 52
4590 6
4591 3
4592 -1
4593 2
4595 3
4596 119
4597 118
4598 78
4600 35
4601 -1
4602 80
4603 22
4604 102
4605 -1
4606 1
4608 -1
4609 92
4610 -1
4611 2
4612 -1
4613 79
4614 3
4616 -1
4618 3
4620 77
4623 3
4624 -1
4625 42
4626 47
4628 -1
4630 33
4631 -1
4632 72
4633 -1
4635 62
4636 -1
4637 -1
4639 -1
4640 -1
4642 -1
4643 76
4644 1
4645 -1
4647 88
4649 79
4651 2
4652 121
4653 1
4654 117
4655 -1
4656 40
4657 -1
4658 11
4659 2
4661 3
4662 1
4665 2
4667 -1
4669 -1
4670 -1
4671 45
4672 103
4674 3
4675 -1
4677 67
4678 12
4680 -1
4681 73
4682 46
4683 116
4684 110
4687 -1
4690 1
4691 -1
4692 3
4695 3
4696 34
4697 40
4698 -1
4700 2
4701 3
4702 -1
4704 -1
4705 3
4708 83
4710 8
4711 -1
4714 1
4715 2
4716 -1
4717 -1
4718 47
4719 3
4722 -1
4723 96
4724 -1
4725 19
4726 81
4727 3
4728 -1
4729 -1
4731 63
4732 76
4733 3
4734 -1
4735 -1
4736 67
4739 40
4740 3
4741 3
4742 2
4743 -1
4744 64
4747 0
4748 -1
4749 75
4751 78
4752 8
4753 3
4754 -1
4755 68
4756 8
4757 -1
4758 70
4759 60
4762 -1
4764 3
4765 3
4766 -1
4768 100
4770 3
4771 1
4772 119
4773 -1
4774 -1
4775 2
4777 -1
4778 3
4779 3
4780 -1
4781 97
4782 1
4783 8
4784 -1
4785 3
4787 130
4788 38
4789 100
4790 3
4791 2
4792 -1
4793 -1
4794 116
4795 -1
4798 2
4799 -1
4800 -1
4802 -1
4804 -1
4805 2
4806 -1
4807 -1
4808 35
4809 -1
4811 9
4814 89
4815 3
4818 98
4820 3
4821 -1
4822 -1
4824 -1
4828 3
4829 -1
4830 114
4831 40
4833 116
4834 2
4835 75
4836 -1
4837 76
4838 -1
4839 -1
4840 40
4841 82
4842 65
4843 -1
4844 37
4846 -1
4848 3
4850 104
4851 -1
4852 -1
4853 -1
4854 107
4855 18
4856 2
4857 102
4858 -1
4860 8
4861 3
4862 11
4863 60
4865 -1
4866 3
4868 116
4869 -1
4870 83
4871 2
4872 66
4874 100
4875 21
4878 107
4879 3
4881 3
4882 -1
4884 -1
4886 -1
4887 -1
4888 -1
4889 -1
4890 19
4891 3
4892 50
4894 -1
4896 12
4897 -1
4898 100
4900 -1
4901 21
4902 1
4904 -1
4906 3
4908 -1
4909 8
4910 40
4911 -1
4912 40
4913 30
4916 -1
4917 -1
4918 2
4920 -1
4921 14
4922 -1
4923 77
4924 3
4925 126
4926 59
4927 127
4929 -1
4930 -1
4931 123
4932 89
4933 3
4934 -1
4935 13
4937 3
4938 112
4941 54
4943 -1
4944 -1
4945 82
4946 3
4947 -1
4951 -1
4952 12
4953 -1
4954 3
4955 -1
4956 -1
4957 3
4959 3
4962 -1
4963 -1
4966 94
4968 -1
4969 3
4970 119
4971 -1
4972 -1
4974 22
4975 1
4976 3
4979 36
4982 1
4985 -1
4986 3
4987 -1
4988 -1
4989 0
4991 129
4992 120
4993 -1
4994 80
4995 130
4997 2
4998 3
4999 -1
