0 137
1 47
2 72
3 40
4 50
5 217
6 211
7 243
8 127
9 213
10 161
11 88
12 213
13 1
14 217
15 30
16 177
17 117
18 127
19 25
20 206
21 115
22 104
23 30
24 204
25 164
26 220
27 220
28 110
29 56
30 167
31 102
32 243
33 70
34 215
35 49
36 11
37 94
38 135
39 27
40 209
41 171
42 170
43 148
44 50
45 65
46 205
47 25
48 87
49 25
50 61
51 22
52 5
53 94
54 23
55 145
56 151
57 117
58 241
59 81
60 224
61 1
62 145
63 95
64 85
65 132
66 11
67 188
68 134
69 78
70 45
71 17
72 231
73 231
75 158
76 135
77 101
78 152
79 218
80 43
81 177
83 8
84 102
85 113
86 67
87 17
88 85
89 225
90 166
91 219
92 49
93 111
94 138
95 143
96 180
97 187
98 89
99 21
100 27
101 113
102 165
103 85
104 213
105 105
106 4
107 215
108 205
109 74
110 113
111 42
112 234
114 47
115 25
116 99
117 85
118 174
119 36
120 152
121 10
122 171
123 37
124 29
125 146
126 243
127 102
128 114
129 247
130 121
131 31
132 172
133 38
134 118
135 118
136 71
137 166
138 101
139 108
140 93
141 36
142 43
143 98
144 82
146 142
147 49
148 158
149 94
150 86
151 113
152 127
153 148
154 121
155 36
156 54
157 181
158 244
159 119
160 100
161 117
162 45
163 47
164 238
165 221
166 18
167 19
168 173
169 27
170 36
171 144
172 120
173 9
174 67
175 58
176 40
177 1
178 98
179 73
180 202
181 110
182 178
183 212
184 237
185 156
186 38
187 41
188 174
189 174
190 54
191 44
192 153
193 156
194 32
195 81
196 177
197 2
198 235
199 25
200 74
201 194
202 27
203 101
204 228
205 145
206 99
207 101
208 224
209 8
210 3
211 189
212 159
213 46
214 207
215 36
216 140
217 219
218 92
219 2
220 214
221 231
222 28
223 232
224 115
225 205
226 210
227 148
228 114
229 151
230 102
231 80
232 145
233 127
234 68
235 167
236 204
237 38
238 208
239 60
240 133
241 41
242 155
243 129
244 131
245 113
246 110
247 168
248 51
249 186
250 177
251 90
252 171
253 167
254 102
255 24
256 7
257 231
258 78
259 167
260 61
261 98
262 110
263 90
264 111
265 37
266 69
267 151
268 90
269 47
270 18
271 54
272 208
273 104
274 113
275 83
276 91
277 94
278 155
279 51
280 130
282 207
283 72
284 207
285 67
286 176
287 172
288 136
289 33
290 39
291 243
292 102
293 223
294 33
295 7
296 81
297 15
298 61
299 245
300 174
301 49
302 40
303 136
304 166
305 97
306 219
307 81
308 22
309 148
310 75
311 83
312 97
313 32
314 135
315 17
316 64
317 155
318 21
319 61
320 221
321 145
322 38
323 45
324 52
325 174
326 110
327 79
328 78
329 98
330 202
331 115
332 247
333 122
334 83
335 22
336 106
337 219
338 100
339 162
340 113
341 190
342 218
344 104
345 159
346 121
347 146
348 157
349 74
350 121
351 27
352 197
353 48
354 144
355 2
356 98
357 192
358 70
359 71
360 7
361 214
362 236
363 174
364 186
365 36
366 232
367 49
368 19
369 40
370 146
372 47
373 90
374 61
375 25
376 174
377 30
378 81
379 46
380 121
381 7
382 52
383 45
384 249
385 172
386 2
387 130
388 53
389 146
390 84
391 116
392 41
393 231
394 54
395 171
396 210
397 101
398 15
399 67
400 154
401 31
402 202
403 157
404 180
405 19
406 157
407 15
408 96
409 159
410 77
411 200
412 141
413 216
414 176
415 204
416 144
417 81
418 128
419 211
420 191
421 15
422 160
423 27
424 94
425 111
426 128
427 77
428 201
429 120
430 92
431 59
432 133
433 179
434 157
435 18
436 45
437 220
438 38
439 78
440 157
441 168
442 146
443 180
444 24
445 44
446 215
447 125
448 85
449 113
450 36
451 62
452 123
453 1
454 25
455 226
456 185
457 121
458 150
459 70
460 156
461 1
462 220
463 112
464 78
465 137
466 249
467 241
468 69
469 243
470 124
471 100
472 41
473 10
474 231
475 35
476 186
477 16
478 66
479 208
480 10
481 227
482 177
483 9
484 68
485 29
486 100
487 12
488 78
489 214
490 45
491 29
492 226
493 206
494 1
495 25
496 81
497 24
498 53
499 131
501 71
502 41
503 88
504 81
505 225
506 81
509 49
510 37
511 196
512 176
513 66
514 146
516 165
518 61
519 32
520 7
521 177
522 59
523 218
524 17
525 34
526 113
527 113
528 98
529 156
530 164
531 231
532 180
533 95
534 79
535 69
536 33
537 213
538 17
539 241
540 78
541 48
542 35
543 247
544 177
545 210
546 243
547 9
549 81
550 47
551 18
552 143
553 243
554 194
555 0
556 231
557 47
558 200
559 82
560 106
562 205
563 224
564 245
566 88
567 172
568 82
569 45
570 218
571 174
572 244
573 110
574 78
575 229
576 15
577 218
578 157
579 117
580 50
581 39
582 17
583 0
584 38
585 102
586 83
587 69
588 194
589 42
590 249
591 159
592 168
593 113
594 92
595 38
596 38
597 15
598 45
599 174
600 207
601 179
602 150
603 113
604 12
605 28
606 57
607 116
608 111
609 122
610 25
611 216
612 28
613 231
614 39
615 224
616 232
617 28
618 156
619 18
620 44
621 76
622 225
623 110
624 111
625 106
626 205
627 243
628 97
629 172
630 92
631 157
632 115
633 198
634 82
635 41
636 186
637 98
638 29
639 166
640 221
641 30
642 231
643 80
644 92
645 101
646 19
647 234
648 152
649 219
651 225
652 170
653 113
654 25
655 59
656 156
657 10
658 172
659 179
660 16
661 120
662 168
663 49
664 215
665 31
666 181
667 99
668 90
669 185
670 156
671 10
672 74
673 18
674 167
675 12
676 78
678 117
679 217
680 7
681 183
682 96
683 99
684 184
685 102
686 36
687 98
688 24
689 6
690 99
691 79
692 79
693 15
694 78
695 87
696 117
697 121
698 225
699 183
700 170
701 40
702 74
703 87
704 171
705 116
706 141
707 219
708 213
709 27
710 56
711 231
712 90
713 94
714 221
716 81
717 154
718 161
719 225
720 114
722 161
723 32
724 157
725 33
726 81
727 25
728 122
729 113
730 92
731 219
732 17
733 216
734 116
735 36
736 104
737 207
738 31
739 214
740 172
741 127
742 38
743 184
744 248
745 160
746 3
747 54
748 60
749 13
751 46
752 102
753 176
754 164
755 10
756 69
757 5
758 207
759 26
760 118
761 86
762 201
763 100
764 213
765 133
766 113
767 226
768 59
769 166
770 126
771 140
772 75
773 101
774 136
775 96
776 0
777 179
778 194
779 140
780 166
781 92
782 88
783 236
784 121
785 210
786 152
787 42
788 47
789 249
790 81
791 12
792 171
793 55
794 107
795 78
796 184
797 47
798 237
799 174
800 122
801 155
802 60
803 72
804 113
805 30
806 27
807 102
808 157
809 163
810 38
811 75
812 94
813 166
814 155
815 232
816 6
817 47
818 244
819 45
820 123
821 225
822 123
823 69
824 74
825 69
826 6
827 59
828 157
829 58
830 81
831 174
832 39
833 166
834 189
835 155
836 37
837 142
838 166
839 144
840 177
841 111
842 82
843 137
846 217
847 60
848 11
849 54
850 101
852 47
853 90
854 98
855 181
856 85
857 138
858 165
859 44
860 66
861 29
862 225
863 188
864 199
865 8
866 218
867 41
868 157
869 18
870 130
871 43
872 231
873 110
874 1
875 191
876 228
877 194
878 124
879 121
881 41
882 104
883 101
884 204
885 166
886 3
888 241
889 148
890 226
891 110
892 15
893 66
894 38
895 243
896 59
897 246
898 120
899 49
900 177
901 46
902 9
903 198
904 218
905 41
906 243
907 197
908 88
909 197
910 90
911 99
912 238
913 196
914 10
915 208
916 189
917 53
918 104
919 159
920 54
921 51
922 122
923 245
924 38
925 148
926 8
927 210
928 55
929 214
930 234
931 125
932 49
933 86
934 37
936 121
937 28
938 163
939 62
940 6
941 92
942 28
943 4
944 72
945 166
946 145
947 49
948 18
949 5
950 44
951 231
952 78
953 188
954 205
955 40
956 156
957 126
958 213
959 101
960 171
961 198
962 104
963 81
964 216
965 151
966 14
967 155
968 135
969 106
970 101
971 35
972 55
973 162
974 13
975 10
976 78
977 28
978 74
979 249
980 166
981 219
982 61
983 71
984 210
985 121
986 88
987 121
988 228
989 23
990 60
991 102
992 231
993 127
994 34
995 47
996 219
997 136
998 122
999 81
1000 117
1001 64
1002 166
1003 45
1004 81
1005 30
1006 25
1008 169
1009 38
1010 143
1011 177
1013 132
1014 194
1015 144
1016 105
1017 81
1018 199
1019 104
1020 154
1021 92
1022 102
1023 71
1024 125
1025 45
1026 105
1027 111
1028 166
1029 231
1030 237
1031 179
1032 174
1033 136
1034 28
1035 140
1036 155
1037 104
1038 207
1039 149
1040 55
1041 232
1042 43
1043 15
1044 217
1045 111
1046 130
1047 84
1048 121
1049 114
1050 124
1052 62
1053 215
1054 230
1055 85
1057 49
1058 116
1059 82
1060 181
1061 6
1062 217
1063 167
1064 41
1065 102
1066 102
1067 111
1068 172
1069 114
1070 24
1071 204
1072 33
1074 166
1075 148
1076 98
1077 48
1078 94
1079 107
1080 48
1081 65
1082 242
1083 1
1084 50
1085 168
1086 36
1087 210
1088 81
1089 217
1090 9
1091 37
1092 241
1093 128
1094 171
1095 83
1097 140
1098 22
1099 148
1100 36
1101 123
1103 60
1104 38
1105 176
1106 192
1107 104
1108 243
1109 45
1110 15
1111 248
1112 110
1113 58
1114 71
1115 126
1116 22
1117 196
1118 118
1119 247
1120 171
1121 123
1122 17
1123 210
1124 117
1125 173
1126 132
1127 38
1128 243
1129 188
1130 101
1131 136
1132 96
1133 1
1134 166
1135 102
1136 8
1137 184
1139 236
1140 196
1141 31
1142 239
1143 56
1144 108
1145 12
1146 123
1147 144
1148 65
1149 104
1150 38
1151 200
1152 113
1153 27
1154 101
1155 102
1157 17
1158 93
1159 37
1160 247
1161 177
1162 25
1163 31
1165 84
1166 146
1167 8
1168 128
1169 85
1170 156
1171 202
1172 198
1173 80
1174 46
1175 67
1176 41
1177 98
1178 98
1179 1
1180 45
1181 164
1182 140
1183 81
1184 28
1185 9
1186 208
1187 43
1188 46
1189 45
1190 207
1191 159
1192 45
1193 155
1194 11
1195 79
1196 6
1197 17
1198 36
1199 28
1200 124
1201 64
1202 50
1203 10
1204 12
1205 36
1206 92
1207 214
1208 116
1209 10
1210 81
1211 144
1212 38
1213 136
1214 171
1215 92
1216 213
1217 176
1218 232
1219 231
1220 123
1221 159
1222 13
1223 202
1224 181
1225 11
1226 52
1227 63
1228 38
1229 117
1230 7
1232 217
1233 99
1234 25
1235 166
1237 109
1238 115
1239 204
1240 131
1241 179
1242 200
1243 73
1244 68
1245 74
1246 30
1247 235
1248 84
1249 240
1250 131
1251 27
1252 92
1253 128
1255 234
1256 13
1257 70
1258 148
1259 249
1260 132
1261 157
1262 216
1263 216
1264 59
1265 159
1266 60
1267 113
1268 102
1269 217
1270 63
1271 41
1272 45
1273 60
1274 46
1275 109
1276 7
1277 47
1278 163
1279 104
1281 161
1283 146
1284 18
1285 45
1286 50
1287 51
1289 234
1290 212
1291 45
1292 36
1293 10
1294 52
1295 191
1296 88
1297 205
1298 1
1299 136
1300 211
1301 240
1302 80
1303 45
1305 66
1306 45
1307 23
1308 107
1309 109
1310 36
1311 74
1313 45
1314 110
1315 33
1316 92
1317 18
1319 23
1320 247
1321 113
1322 152
1323 98
1324 1
1325 32
1326 166
1327 24
1328 243
1329 124
1330 153
1332 121
1333 115
1334 81
1335 120
1336 41
1337 11
1339 166
1340 232
1341 38
1343 166
1344 66
1345 80
1346 45
1347 181
1348 166
1349 38
1350 217
1351 166
1352 104
1353 38
1354 62
1355 138
1357 234
1358 249
1359 237
1360 98
1361 61
1362 239
1363 158
1364 102
1365 218
1366 22
1367 203
1368 243
1369 59
1370 40
1371 133
1372 15
1373 33
1374 153
1375 107
1376 85
1377 111
1378 166
1380 113
1381 100
1382 71
1384 15
1385 65
1386 10
1387 176
1388 128
1389 202
1391 173
1392 3
1393 57
1394 92
1395 209
1396 125
1397 172
1399 150
1400 158
1401 92
1402 176
1403 7
1404 143
1405 168
1406 216
1407 47
1408 247
1409 220
1410 45
1411 102
1412 130
1413 204
1414 57
1415 195
1416 49
1417 15
1418 41
1419 43
1420 104
1421 23
1422 228
1423 98
1424 26
1425 69
1426 15
1427 62
1429 214
1430 10
1431 27
1432 97
1433 8
1434 210
1436 249
1438 219
1439 102
1440 74
1441 140
1442 182
1443 70
1444 49
1445 145
1446 184
1447 47
1448 205
1449 46
1450 163
1451 36
1452 124
1453 127
1454 113
1455 15
1456 100
1457 185
1458 14
1459 166
1460 194
1461 145
1462 132
1463 7
1464 247
1465 151
1466 76
1467 19
1468 124
1469 97
1470 4
1471 243
1472 32
1473 157
1474 154
1475 36
1476 36
1477 144
1478 155
1479 54
1480 38
1481 31
1482 102
1483 170
1484 62
1486 243
1487 140
1489 74
1490 90
1491 113
1492 222
1493 108
1494 14
1495 19
1496 240
1497 195
1498 222
1499 172
1500 202
1501 109
1502 176
1503 131
1504 35
1505 105
1506 9
1507 119
1508 27
1509 246
1510 208
1512 204
1514 15
1515 179
1517 199
1518 62
1519 78
1520 216
1521 43
1522 107
1523 32
1524 231
1525 7
1526 0
1527 108
1528 102
1529 236
1530 45
1531 30
1532 7
1534 11
1535 2
1536 232
1537 32
1538 243
1539 24
1540 200
1541 107
1542 59
1543 210
1544 47
1545 63
1546 22
1547 31
1549 101
1550 246
1551 156
1552 1
1553 45
1554 215
1555 215
1556 217
1557 170
1558 81
1559 150
1560 52
1563 217
1565 50
1566 226
1567 174
1568 217
1570 214
1571 221
1572 188
1573 104
1574 52
1575 47
1576 35
1577 2
1578 62
1579 61
1581 117
1582 81
1583 232
1584 10
1585 54
1586 101
1587 31
1588 154
1589 181
1590 174
1591 35
1593 66
1594 23
1595 170
1597 241
1599 130
1600 61
1601 2
1602 215
1603 153
1604 70
1605 96
1607 2
1609 48
1610 71
1611 158
1612 46
1613 202
1614 195
1615 235
1616 154
1617 90
1618 242
1619 127
1621 231
1622 2
1623 9
1625 67
1626 123
1627 82
1628 109
1629 52
1630 49
1631 166
1632 132
1633 129
1634 10
1635 34
1636 38
1637 205
1639 213
1640 155
1641 105
1642 92
1643 218
1644 166
1645 166
1646 66
1647 7
1648 70
1649 28
1650 71
1651 4
1652 141
1653 22
1654 43
1655 218
1656 10
1657 23
1658 111
1659 36
1660 188
1661 74
1662 46
1663 59
1664 45
1665 15
1666 82
1667 43
1668 174
1669 166
1670 155
1671 47
1672 197
1674 87
1676 197
1677 84
1678 147
1679 93
1680 133
1681 145
1682 39
1684 216
1685 135
1686 157
1687 8
1688 125
1689 117
1690 98
1691 102
1692 35
1694 192
1695 47
1696 229
1697 102
1698 110
1699 232
1701 28
1702 200
1703 217
1704 177
1705 50
1706 19
1707 218
1708 23
1709 51
1710 124
1711 47
1712 25
1713 108
1715 25
1716 94
1718 110
1719 166
1720 113
1721 156
1722 190
1723 49
1724 222
1725 171
1726 2
1727 172
1728 157
1729 87
1730 25
1731 225
1732 45
1733 186
1734 17
1735 113
1736 192
1737 247
1738 21
1739 60
1740 94
1741 170
1742 33
1743 45
1745 140
1746 154
1747 104
1748 82
1749 177
1750 227
1751 75
1752 88
1753 44
1754 209
1755 122
1756 39
1757 65
1758 45
1759 36
1761 166
1762 243
1764 89
1765 101
1766 33
1767 141
1768 219
1769 122
1770 167
1771 120
1772 32
1773 2
1774 158
1775 27
1776 121
1777 152
1778 131
1779 212
1780 1
1781 162
1782 55
1783 112
1784 183
1785 1
1786 28
1788 23
1789 22
1790 59
1791 65
1792 45
1793 18
1794 200
1795 202
1796 48
1797 123
1798 31
1799 219
1801 16
1802 200
1804 41
1805 218
1806 107
1807 199
1808 35
1809 105
1810 94
1811 15
1813 113
1814 96
1815 225
1816 61
1817 15
1818 245
1819 101
1820 117
1821 140
1822 23
1823 8
1824 83
1825 51
1826 115
1827 113
1828 60
1829 190
1830 75
1831 88
1832 36
1833 176
1834 195
1835 10
1837 228
1839 215
1840 128
1841 127
1842 247
1843 228
1845 10
1846 45
1847 121
1848 166
1849 131
1850 74
1851 104
1852 165
1853 81
1854 70
1855 151
1856 145
1857 174
1858 163
1859 208
1860 155
1861 166
1862 178
1863 215
1864 98
1865 115
1866 7
1867 76
1868 15
1869 166
1870 212
1871 96
1872 84
1873 81
1874 174
1875 19
1876 63
1877 10
1878 99
1879 36
1880 171
1881 238
1882 166
1883 218
1884 100
1885 176
1887 30
1888 34
1889 170
1890 18
1891 114
1892 240
1893 23
1894 157
1895 83
1896 121
1897 13
1898 7
1899 66
1900 156
1902 43
1903 120
1904 112
1906 41
1907 66
1908 108
1909 155
1910 111
1911 81
1912 58
1913 156
1914 61
1915 114
1916 101
1917 10
1918 151
1919 45
1920 247
1921 56
1922 48
1923 126
1924 91
1925 57
1926 133
1927 88
1928 79
1929 135
1930 27
1931 163
1932 144
1933 226
1934 73
1935 63
1936 210
1937 106
1938 52
1939 172
1940 48
1941 27
1942 38
1943 153
1944 109
1945 147
1947 55
1948 127
1949 96
1950 188
1951 235
1952 51
1953 9
1954 114
1955 54
1957 66
1958 219
1959 198
1960 117
1961 78
1962 157
1963 139
1964 222
1965 247
1966 176
1967 152
1968 136
1969 224
1970 22
1971 15
1972 13
1973 145
1974 56
1976 87
1977 71
1978 61
1979 49
1980 180
1982 151
1983 223
1985 66
1986 214
1987 60
1990 186
1991 102
1992 41
1993 118
1994 245
1995 38
1996 208
1997 83
1998 13
2000 81
2001 72
2003 223
2005 30
2006 67
2007 186
2008 46
2009 21
2010 97
2011 145
2012 158
2013 123
2014 48
2015 140
2016 85
2017 33
2018 88
2019 0
2020 1
2021 238
2022 148
2024 47
2025 123
2026 47
2027 165
2028 95
2029 18
2031 122
2032 202
2033 70
2034 75
2035 229
2036 46
2037 115
2038 28
2039 30
2040 203
2041 240
2042 223
2043 79
2044 205
2045 132
2046 182
2047 22
2048 109
2049 7
2050 45
2051 165
2052 88
2053 94
2054 184
2055 224
2056 171
2057 2
2058 64
2059 47
2061 200
2062 113
2063 95
2064 36
2065 216
2067 54
2068 33
2069 11
2070 114
2071 142
2072 10
2073 228
2074 169
2075 88
2076 36
2077 142
2079 73
2080 148
2081 206
2082 79
2083 35
2084 187
2085 142
2086 249
2087 52
2088 181
2089 47
2090 129
2091 23
2092 9
2093 104
2094 11
2095 109
2096 197
2097 84
2098 11
2099 196
2100 81
2101 98
2102 219
2103 3
2104 241
2105 34
2107 106
2108 51
2109 179
2110 1
2111 232
2112 54
2113 29
2114 7
2115 118
2116 2
2117 132
2118 166
2119 128
2121 31
2122 232
2123 195
2124 7
2125 22
2126 148
2127 134
2128 2
2129 102
2130 113
2131 83
2132 48
2133 156
2135 231
2136 108
2137 81
2138 59
2139 166
2140 228
2141 83
2142 22
2143 210
2144 87
2145 61
2146 100
2147 151
2148 84
2149 38
2150 24
2151 7
2152 89
2153 67
2154 166
2155 52
2156 167
2157 49
2158 43
2159 177
2160 185
2161 23
2162 221
2163 28
2164 33
2165 26
2167 166
2168 45
2169 79
2170 188
2171 194
2172 96
2173 47
2174 126
2175 54
2176 74
2177 19
2178 173
2181 164
2182 106
2183 136
2184 136
2185 40
2186 29
2187 110
2188 194
2189 150
2190 207
2191 164
2192 82
2193 243
2195 197
2196 71
2197 41
2198 176
2199 3
2200 187
2201 72
2203 123
2204 145
2206 147
2207 155
2208 155
2211 28
2213 58
2214 19
2215 174
2217 133
2218 214
2219 207
2220 22
2221 135
2222 181
2223 135
2226 13
2227 94
2229 108
2230 124
2232 113
2233 122
2234 170
2235 1
2236 15
2238 19
2239 4
2240 160
2241 0
2242 240
2243 0
2244 62
2245 191
2246 5
2247 71
2248 231
2249 73
2253 28
2254 47
2255 15
2257 110
2258 10
2259 220
2260 143
2261 44
2262 134
2263 17
2264 111
2265 10
2266 90
2267 84
2268 221
2269 155
2270 199
2272 38
2274 24
2275 67
2276 42
2277 36
2279 10
2280 84
2281 197
2282 27
2283 1
2284 207
2286 66
2287 108
2288 229
2289 218
2290 18
2292 78
2293 27
2294 127
2295 205
2296 217
2297 180
2299 230
2300 2
2301 165
2302 205
2303 90
2304 166
2305 69
2306 27
2307 244
2308 215
2309 101
2310 33
2311 47
2312 174
2313 11
2314 153
2315 112
2316 61
2317 0
2318 152
2319 244
2320 90
2321 92
2322 78
2323 113
2324 208
2325 7
2326 224
2327 88
2328 0
2329 113
2331 216
2332 213
2333 28
2334 237
2335 224
2336 130
2337 128
2338 38
2339 45
2340 215
2341 166
2342 87
2343 36
2344 217
2345 41
2346 17
2347 87
2348 166
2349 45
2350 103
2351 242
2352 140
2353 128
2354 25
2355 23
2356 23
2357 212
2358 108
2359 237
2361 31
2362 82
2363 198
2364 81
2365 206
2366 217
2367 203
2369 104
2370 77
2371 146
2373 47
2374 118
2375 34
2376 69
2378 102
2379 226
2380 72
2381 120
2382 177
2383 245
2384 88
2385 45
2386 166
2387 113
2388 28
2389 164
2390 198
2391 216
2392 204
2393 41
2394 36
2395 166
2396 81
2397 180
2398 104
2399 15
2401 166
2403 61
2404 236
2405 100
2406 38
2407 222
2409 81
2410 142
2411 232
2412 127
2413 167
2414 120
2415 145
2416 1
2417 207
2418 218
2419 81
2420 104
2422 174
2425 186
2426 21
2427 157
2428 208
2430 2
2431 155
2432 92
2433 13
2434 179
2435 134
2436 223
2437 212
2438 105
2439 0
2440 243
2441 174
2442 146
2443 196
2444 99
2445 209
2446 71
2447 128
2448 97
2449 47
2450 29
2451 10
2452 148
2453 104
2454 130
2455 143
2456 70
2457 129
2458 115
2460 15
2461 45
2463 19
2464 6
2465 6
2466 113
2467 7
2468 109
2469 217
2470 135
2471 201
2472 94
2473 157
2474 115
2475 69
2476 66
2477 221
2478 56
2479 84
2480 8
2481 151
2482 59
2483 117
2484 166
2485 7
2486 22
2488 165
2489 113
2490 200
2491 46
2492 38
2493 10
2494 234
2495 123
2496 28
2497 11
2498 223
2499 199
2500 48
2501 0
2503 157
2504 133
2505 98
2506 89
2507 104
2508 48
2509 213
2511 74
2512 89
2513 216
2514 15
2515 15
2516 18
2517 56
2518 75
2519 242
2520 130
2521 120
2522 27
2523 233
2524 162
2525 7
2526 154
2527 101
2528 85
2529 28
2530 244
2531 209
2533 60
2534 9
2535 208
2536 24
2537 72
2538 158
2539 218
2540 217
2541 83
2542 29
2543 172
2544 244
2545 108
2546 107
2547 83
2548 60
2549 45
2550 18
2551 89
2552 140
2553 213
2554 105
2555 180
2556 125
2557 98
2558 15
2559 110
2560 219
2561 58
2562 34
2563 225
2564 116
2566 49
2567 145
2568 9
2569 94
2570 55
2571 194
2572 64
2574 81
2576 77
2577 18
2578 38
2579 7
2580 45
2581 5
2582 21
2583 81
2584 94
2585 144
2586 247
2587 75
2588 243
2589 164
2590 243
2591 222
2592 191
2593 28
2594 89
2595 89
2596 204
2597 209
2598 71
2599 47
2600 104
2601 199
2602 177
2603 172
2604 177
2605 15
2606 118
2607 113
2608 121
2609 51
2610 116
2612 111
2613 8
2614 9
2615 61
2616 166
2617 94
2618 99
2619 13
2620 28
2621 41
2622 127
2623 49
2624 160
2625 141
2626 35
2627 162
2629 166
2630 72
2631 190
2632 89
2633 140
2634 105
2635 156
2636 96
2637 50
2641 166
2642 38
2643 145
2644 82
2645 49
2647 34
2648 39
2649 7
2650 243
2651 59
2652 34
2653 197
2654 152
2655 118
2656 45
2657 205
2658 54
2660 10
2661 117
2662 139
2663 17
2664 37
2665 104
2666 31
2667 214
2668 107
2669 179
2670 43
2671 23
2672 242
2673 243
2674 23
2675 18
2676 28
2677 184
2678 99
2679 112
2680 130
2681 167
2682 204
2683 110
2684 36
2685 66
2686 92
2687 34
2688 42
2689 234
2690 29
2691 88
2692 210
2694 202
2695 101
2696 247
2697 167
2698 182
2699 51
2700 7
2701 145
2702 29
2703 36
2705 41
2706 61
2707 199
2708 8
2709 45
2710 25
2711 2
2712 41
2713 222
2714 34
2716 10
2717 69
2718 86
2719 125
2720 178
2721 195
2722 72
2723 38
2724 110
2725 16
2726 109
2727 202
2728 214
2729 210
2730 81
2731 166
2732 105
2733 24
2735 58
2737 102
2738 4
2739 23
2741 45
2742 88
2743 11
2744 99
2745 152
2747 167
2748 41
2749 15
2750 45
2751 222
2752 23
2753 71
2754 59
2756 97
2757 211
2758 28
2759 166
2760 7
2761 74
2762 76
2763 15
2764 28
2765 148
2766 215
2767 95
2768 28
2770 115
2773 204
2774 167
2776 94
2777 145
2778 148
2779 83
2780 122
2781 7
2782 207
2784 166
2785 1
2786 156
2787 77
2788 113
2789 41
2790 66
2791 63
2792 73
2793 243
2794 83
2795 105
2796 174
2797 103
2798 74
2799 74
2800 113
2801 182
2802 165
2804 143
2805 58
2806 226
2807 248
2808 244
2809 136
2810 68
2811 5
2812 43
2814 38
2815 94
2816 98
2817 66
2818 182
2820 41
2822 229
2823 166
2824 47
2825 208
2826 82
2827 25
2828 174
2829 2
2830 41
2831 81
2832 7
2833 27
2834 81
2835 84
2836 130
2837 40
2838 24
2839 150
2840 38
2841 36
2842 1
2843 44
2844 10
2845 17
2846 28
2847 5
2848 17
2849 28
2851 50
2852 194
2853 196
2854 43
2855 54
2856 36
2857 221
2858 220
2859 156
2861 157
2862 34
2863 64
2864 188
2865 89
2866 186
2867 67
2868 49
2869 44
2870 83
2871 22
2872 92
2873 151
2874 151
2875 61
2876 7
2877 71
2878 83
2879 204
2880 89
2881 179
2882 185
2883 124
2884 206
2885 74
2886 113
2887 151
2888 62
2891 51
2892 45
2893 38
2894 71
2895 116
2896 45
2897 146
2898 73
2899 179
2900 123
2901 59
2903 172
2904 35
2905 220
2906 127
2907 47
2909 166
2910 167
2911 45
2912 37
2913 145
2914 209
2915 13
2917 78
2919 59
2920 123
2921 183
2922 201
2923 65
2924 6
2925 236
2926 113
2927 83
2928 18
2929 28
2930 19
2931 121
2932 96
2933 145
2934 208
2935 69
2936 84
2937 166
2938 110
2939 145
2940 143
2941 215
2942 101
2943 99
2944 220
2945 180
2946 172
2947 44
2948 79
2949 31
2950 118
2951 43
2952 115
2953 4
2954 145
2955 103
2956 243
2957 81
2958 97
2959 170
2960 90
2961 107
2962 79
2963 81
2964 63
2965 66
2966 112
2967 141
2968 174
2969 214
2970 83
2971 170
2972 208
2973 86
2974 192
2975 47
2976 210
2977 124
2978 217
2979 28
2980 104
2982 65
2983 179
2984 218
2985 87
2986 71
2987 111
2988 151
2989 62
2990 32
2991 55
2992 75
2994 217
2995 61
2996 50
2997 110
3000 215
3001 121
3002 59
3003 213
3004 172
3005 105
3006 145
3007 61
3008 116
3009 179
3011 37
3012 222
3013 165
3014 75
3015 14
3016 140
3017 121
3018 25
3019 117
3020 71
3021 39
3022 104
3023 23
3024 33
3025 47
3026 37
3027 102
3028 77
3029 61
3031 115
3034 2
3035 13
3036 17
3037 166
3038 7
3039 67
3040 220
3041 15
3042 207
3043 120
3044 28
3045 15
3046 122
3047 144
3048 210
3049 82
3050 207
3051 67
3052 20
3053 71
3054 128
3056 136
3057 28
3058 82
3059 58
3060 37
3061 218
3062 38
3063 122
3064 27
3066 65
3067 102
3068 24
3069 98
3070 120
3071 17
3072 231
3074 140
3075 202
3076 161
3077 11
3078 196
3079 155
3080 104
3081 202
3082 224
3083 75
3084 216
3085 212
3086 117
3087 183
3088 92
3089 128
3090 157
3091 180
3092 169
3093 232
3094 40
3095 115
3096 121
3097 78
3098 86
3101 18
3102 61
3103 75
3104 18
3105 38
3106 176
3109 61
3110 65
3111 9
3112 157
3113 167
3114 24
3115 192
3116 188
3117 43
3118 39
3119 177
3120 34
3121 113
3122 176
3123 202
3124 128
3126 49
3127 38
3130 18
3131 27
3132 42
3133 101
3134 156
3137 117
3138 214
3140 223
3141 28
3142 23
3143 224
3144 158
3145 45
3146 157
3147 140
3150 80
3151 92
3152 207
3153 55
3154 28
3155 7
3156 130
3158 117
3159 8
3160 243
3162 140
3163 113
3165 25
3166 226
3167 45
3168 88
3169 138
3171 52
3173 12
3174 108
3176 136
3177 81
3178 233
3179 36
3180 45
3181 179
3182 217
3183 173
3184 135
3185 247
3186 101
3187 147
3188 76
3189 179
3190 105
3191 45
3192 173
3193 8
3194 73
3195 108
3196 210
3197 123
3198 205
3201 146
3202 151
3203 136
3204 231
3207 113
3208 71
3212 137
3213 143
3214 80
3215 206
3216 73
3217 137
3218 136
3219 31
3220 144
3221 108
3222 136
3223 218
3224 29
3225 15
3226 84
3227 144
3229 48
3230 25
3231 231
3232 193
3233 248
3234 157
3235 82
3236 179
3237 99
3238 169
3240 11
3241 108
3242 105
3243 160
3244 14
3245 160
3246 38
3247 213
3248 79
3250 198
3253 145
3254 4
3255 181
3256 101
3257 65
3258 74
3259 15
3260 45
3261 186
3262 6
3263 113
3264 98
3265 62
3266 107
3268 95
3269 35
3270 192
3271 47
3272 240
3273 67
3274 216
3275 217
3276 106
3277 108
3278 229
3279 47
3280 188
3281 53
3282 88
3283 111
3284 218
3285 44
3286 170
3287 102
3288 38
3289 224
3290 172
3291 10
3292 57
3293 38
3294 158
3295 36
3296 111
3297 117
3298 145
3300 38
3301 36
3302 117
3304 78
3306 31
3307 117
3308 29
3309 81
3310 215
3312 156
3314 7
3315 72
3316 74
3317 108
3318 148
3320 110
3321 243
3322 104
3324 81
3325 92
3326 217
3327 82
3328 244
3329 131
3331 7
3332 58
3333 82
3335 241
3336 176
3337 217
3338 7
3339 148
3340 113
3341 180
3342 119
3343 167
3344 199
3345 100
3346 224
3347 114
3348 132
3349 149
3350 207
3351 19
3352 38
3353 40
3354 204
3355 10
3356 9
3357 70
3359 120
3360 54
3362 25
3363 177
3367 118
3368 45
3369 136
3370 33
3371 212
3373 95
3374 101
3375 27
3376 54
3377 219
3379 24
3380 92
3382 215
3383 0
3384 154
3385 130
3386 47
3387 28
3388 172
3389 31
3390 110
3391 104
3392 108
3393 196
3394 120
3396 150
3397 229
3399 102
3400 6
3401 163
3402 202
3403 226
3404 102
3405 204
3406 218
3407 1
3408 117
3409 114
3410 80
3411 82
3412 27
3413 155
3414 40
3415 210
3416 243
3417 128
3418 247
3420 44
3421 22
3422 75
3423 103
3424 127
3425 38
3426 197
3427 133
3428 102
3430 130
3431 197
3432 45
3433 113
3434 35
3435 90
3436 7
3437 82
3438 82
3439 193
3440 104
3442 113
3443 7
3444 41
3445 33
3447 16
3448 141
3449 72
3450 50
3451 209
3452 207
3453 181
3454 167
3455 58
3456 59
3457 17
3458 144
3459 130
3460 157
3461 201
3462 70
3463 25
3464 1
3465 224
3466 164
3467 124
3468 155
3470 62
3471 31
3472 160
3473 160
3474 41
3475 218
3476 52
3477 37
3478 9
3480 15
3481 6
3482 18
3483 166
3484 72
3485 78
3486 118
3487 96
3490 132
3491 190
3493 218
3494 31
3495 58
3496 170
3497 51
3498 141
3499 207
3500 83
3501 64
3502 71
3503 128
3504 64
3506 40
3507 140
3508 29
3509 102
3510 167
3511 117
3512 41
3513 174
3514 159
3515 37
3516 8
3517 168
3518 67
3519 177
3520 114
3521 83
3523 101
3525 43
3526 152
3527 237
3528 59
3529 130
3531 112
3532 52
3533 147
3534 146
3535 243
3536 33
3537 39
3538 119
3539 52
3540 235
3541 18
3542 149
3543 65
3544 228
3545 7
3546 83
3548 110
3549 171
3550 131
3551 221
3552 63
3553 31
3554 52
3555 3
3556 49
3557 176
3558 144
3559 1
3560 118
3561 174
3562 151
3563 20
3564 41
3565 34
3566 85
3567 91
3568 25
3569 155
3571 204
3572 17
3574 243
3575 27
3576 3
3579 52
3582 81
3583 77
3584 108
3586 173
3588 24
3589 108
3590 165
3591 84
3592 66
3593 101
3594 97
3595 74
3596 132
3598 133
3599 2
3600 135
3602 25
3604 151
3605 134
3606 156
3610 155
3611 47
3612 189
3613 181
3615 12
3616 58
3617 123
3618 113
3619 215
3622 78
3623 224
3624 208
3625 69
3626 88
3627 110
3630 219
3631 52
3632 66
3633 127
3634 63
3635 8
3637 43
3638 92
3639 224
3640 202
3642 31
3643 150
3644 71
3645 229
3646 23
3647 232
3648 29
3649 32
3650 69
3651 50
3652 232
3653 101
3655 174
3656 156
3657 134
3658 63
3659 134
3660 87
3661 244
3662 137
3663 112
3664 176
3665 249
3666 42
3667 31
3668 162
3669 181
3672 49
3673 81
3675 30
3677 54
3678 58
3679 1
3681 38
3683 194
3684 224
3685 208
3686 33
3687 139
3688 143
3689 156
3690 61
3691 67
3692 177
3693 100
3694 105
3695 13
3696 189
3697 160
3698 49
3699 240
3700 81
3701 119
3702 180
3704 70
3705 9
3706 38
3707 163
3708 162
3709 225
3712 136
3713 70
3714 123
3715 21
3716 204
3717 102
3718 142
3719 207
3720 52
3721 127
3722 66
3723 15
3724 27
3725 17
3726 222
3727 177
3728 113
3729 217
3730 136
3732 149
3733 164
3735 218
3736 198
3737 204
3738 41
3739 15
3740 149
3741 97
3743 9
3744 84
3745 27
3747 219
3748 70
3749 174
3750 96
3752 16
3753 136
3754 145
3755 24
3756 59
3757 54
3758 18
3759 5
3761 60
3762 168
3763 14
3764 223
3765 58
3766 133
3767 143
3768 120
3770 58
3771 101
3772 155
3774 214
3776 217
3777 186
3778 196
3779 148
3781 148
3783 5
3785 69
3786 132
3787 106
3788 212
3790 95
3791 160
3792 17
3793 3
3795 148
3796 69
3797 215
3798 208
3799 38
3800 247
3801 115
3802 96
3803 66
3804 221
3805 120
3806 84
3807 47
3808 215
3810 185
3812 43
3813 158
3814 45
3815 146
3816 82
3817 60
3818 101
3819 101
3820 223
3821 136
3822 1
3824 28
3825 176
3826 59
3828 28
3830 225
3831 111
3832 165
3833 236
3834 36
3835 117
3836 1
3837 243
3838 121
3839 81
3840 78
3841 54
3843 154
3844 166
3845 14
3846 67
3848 37
3849 58
3850 207
3851 191
3852 218
3853 199
3855 179
3856 166
3858 58
3859 193
3861 85
3862 71
3863 243
3865 96
3866 47
3867 201
3868 88
3870 145
3871 145
3872 24
3873 209
3874 111
3875 28
3876 89
3877 44
3878 45
3879 54
3880 26
3881 144
3882 136
3883 36
3884 63
3885 29
3886 243
3887 244
3888 144
3889 219
3891 209
3892 93
3893 87
3894 148
3896 242
3897 10
3898 71
3899 42
3900 215
3901 228
3902 122
3903 167
3904 97
3905 34
3906 239
3907 148
3908 132
3909 7
3910 186
3911 69
3912 84
3913 47
3914 226
3915 207
3916 108
3917 99
3918 28
3919 92
3920 59
3921 45
3922 219
3924 62
3925 122
3926 192
3927 62
3928 23
3930 28
3931 202
3932 15
3933 167
3935 7
3936 109
3937 104
3938 159
3939 27
3940 33
3941 54
3942 2
3943 74
3945 102
3946 45
3947 167
3949 46
3950 145
3951 208
3953 159
3954 113
3955 97
3956 42
3957 37
3958 140
3959 134
3960 205
3961 154
3962 174
3963 203
3964 181
3965 133
3966 219
3967 74
3968 100
3970 199
3971 45
3972 52
3973 113
3976 242
3977 241
3978 226
3979 181
3980 45
3981 243
3982 131
3983 122
3985 198
3986 150
3987 28
3988 101
3989 77
3990 225
3991 18
3992 41
3993 110
3994 221
3995 47
3996 45
3997 47
3998 66
3999 177
4000 211
4001 181
4002 224
4003 177
4004 150
4006 218
4008 82
4009 96
4011 215
4012 22
4013 199
4014 40
4015 38
4016 22
4017 15
4018 7
4019 66
4020 188
4021 29
4022 45
4023 44
4024 176
4025 49
4026 17
4027 9
4028 90
4029 3
4030 2
4031 14
4032 198
4033 15
4034 69
4035 111
4036 130
4037 69
4038 227
4039 96
4040 111
4042 146
4043 36
4044 136
4045 36
4046 216
4047 60
4048 62
4049 110
4050 27
4051 169
4052 8
4054 164
4055 127
4056 139
4057 152
4059 145
4060 173
4061 233
4062 166
4063 38
4065 183
4066 107
4067 43
4068 97
4069 241
4070 27
4071 217
4072 234
4073 74
4074 217
4076 164
4078 40
4080 225
4081 122
4082 50
4083 209
4085 57
4086 81
4087 36
4088 203
4089 69
4090 210
4091 89
4092 223
4093 39
4094 123
4095 33
4096 25
4097 105
4099 89
4100 104
4101 7
4102 152
4103 60
4104 88
4105 137
4106 214
4107 203
4110 111
4111 114
4112 167
4113 45
4114 120
4115 120
4116 96
4117 149
4118 125
4119 46
4121 110
4122 50
4123 61
4124 35
4125 166
4126 54
4128 58
4129 110
4130 47
4132 219
4133 31
4135 219
4136 60
4137 53
4138 181
4139 1
4141 113
4142 82
4143 10
4145 36
4146 104
4147 243
4148 94
4149 178
4150 46
4151 215
4152 36
4153 28
4154 42
4155 174
4157 162
4158 243
4159 234
4160 7
4161 196
4162 205
4163 24
4164 98
4165 204
4166 32
4167 88
4169 43
4170 224
4171 2
4172 15
4173 110
4174 15
4175 129
4176 157
4177 36
4178 194
4179 242
4180 148
4181 20
4183 64
4184 160
4185 113
4186 80
4187 17
4188 94
4190 36
4191 232
4192 166
4193 136
4194 176
4195 81
4196 113
4197 160
4198 140
4199 45
4200 249
4201 81
4202 174
4203 243
4204 1
4208 110
4209 197
4210 88
4211 81
4212 74
4213 12
4214 47
4215 243
4216 113
4217 176
4218 136
4219 247
4221 219
4223 85
4224 47
4225 15
4226 3
4227 213
4228 145
4229 17
4230 104
4231 84
4232 42
4233 40
4234 224
4235 102
4236 170
4237 54
4238 215
4239 108
4240 243
4241 42
4242 9
4243 54
4244 105
4245 162
4246 44
4247 159
4248 121
4250 11
4251 24
4253 88
4254 70
4255 33
4256 157
4258 46
4259 36
4260 249
4261 38
4262 147
4263 144
4265 233
4266 7
4268 208
4269 176
4271 242
4273 208
4274 94
4275 102
4276 98
4277 6
4278 179
4279 151
4280 200
4281 36
4282 171
4283 113
4284 84
4285 119
4286 58
4287 117
4288 45
4289 111
4290 7
4291 18
4292 167
4293 158
4294 43
4295 226
4296 168
4297 24
4298 174
4299 140
4300 219
4301 123
4303 227
4304 69
4309 92
4310 118
4311 223
4312 155
4313 218
4315 28
4316 116
4317 210
4318 19
4321 224
4322 232
4323 19
4325 243
4326 92
4327 19
4328 49
4329 208
4330 114
4331 92
4332 15
4333 198
4334 113
4335 204
4336 131
4337 104
4338 136
4339 145
4340 224
4341 56
4342 61
4343 61
4344 114
4345 215
4347 158
4349 18
4350 45
4351 2
4355 78
4356 10
4357 145
4359 42
4360 243
4361 112
4362 136
4364 11
4365 61
4366 34
4367 66
4368 157
4370 185
4372 93
4373 1
4374 126
4377 43
4379 174
4380 178
4381 92
4382 162
4383 156
4384 31
4385 113
4386 4
4387 183
4388 100
4389 117
4390 155
4391 45
4392 91
4393 84
4394 167
4395 122
4396 63
4397 65
4398 155
4399 181
4400 116
4402 122
4403 220
4405 160
4406 113
4407 177
4408 108
4409 27
4410 70
4411 76
4412 171
4413 140
4415 218
4416 143
4417 104
4418 59
4419 20
4420 98
4421 174
4422 81
4424 68
4425 22
4428 54
4429 120
4430 12
4434 148
4435 221
4436 114
4437 4
4438 207
4439 0
4440 81
4442 65
4443 216
4444 28
4445 69
4446 11
4448 113
4449 38
4451 77
4453 17
4454 229
4455 202
4457 65
4459 210
4461 178
4462 191
4463 46
4465 146
4466 47
4467 223
4468 179
4470 155
4471 74
4472 171
4473 249
4475 36
4476 178
4477 166
4478 71
4479 96
4480 3
4481 157
4483 81
4485 108
4486 169
4487 25
4488 27
4489 213
4491 145
4492 223
4493 120
4494 102
4495 222
4497 157
4498 141
4499 67
4500 166
4502 123
4503 137
4506 193
4507 43
4508 202
4509 111
4510 6
4511 235
4512 192
4513 8
4514 154
4515 174
4516 96
4517 28
4518 30
4519 100
4520 229
4521 193
4522 42
4523 157
4524 74
4525 47
4526 249
4527 23
4528 243
4529 36
4530 198
4531 2
4532 52
4534 135
4536 144
4537 2
4538 110
4539 71
4540 108
4542 43
4543 78
4544 88
4546 100
4547 181
4548 84
4549 45
4550 170
4551 180
4552 159
4555 241
4556 81
4557 20
4558 166
4559 232
4560 223
4561 202
4562 190
4563 206
4564 11
4565 28
4566 210
4567 220
4568 166
4569 112
4570 113
4571 155
4573 128
4574 160
4575 244
4578 91
4579 49
4580 163
4582 4
4583 166
4584 140
4585 247
4586 31
4587 2
4588 105
4589 124
4590 115
4591 241
4592 172
4593 102
4595 219
4596 92
4597 176
4598 52
4600 38
4601 176
4602 54
4603 45
4604 12
4605 225
4606 6
4608 36
4609 44
4610 37
4611 145
4612 244
4613 84
4614 80
4616 219
4618 101
4619 199
4620 25
4621 36
4622 116
4623 175
4624 135
4625 38
4626 207
4627 3
4628 98
4630 157
4631 126
4632 218
4633 201
4635 223
4636 131
4637 18
4639 239
4640 22
4642 20
4643 36
4644 6
4645 94
4646 50
4647 179
4648 220
4649 84
4650 243
4651 243
4652 108
4653 198
4654 66
4655 180
4656 45
4657 121
4658 94
4659 166
4661 23
4662 108
4663 214
4664 36
4665 145
4667 47
4669 141
4670 237
4671 74
4672 71
4673 220
4674 50
4675 227
4677 198
4678 136
4680 51
4681 192
4682 8
4683 63
4684 83
4686 8
4687 92
4689 214
4690 217
4691 147
4692 208
4695 82
4696 247
4697 45
4698 41
4700 47
4701 27
4702 235
4704 204
4705 191
4706 214
4707 225
4708 170
4709 52
4710 130
4711 137
4712 154
4713 88
4714 13
4715 81
4716 145
4717 246
4718 207
4719 140
4720 17
4722 166
4723 43
4724 59
4725 132
4726 154
4727 159
4728 128
4729 117
4730 155
4731 37
4732 18
4733 3
4734 194
4735 156
4736 221
4737 225
4739 45
4740 241
4741 7
4742 81
4743 25
4744 75
4745 243
4747 170
4748 134
4749 232
4751 52
4752 130
4753 166
4754 174
4755 157
4756 130
4757 167
4758 162
4759 16
4760 176
4761 26
4762 212
4763 197
4764 118
4765 159
4766 62
4768 35
4770 177
4771 61
4772 92
4773 32
4774 167
4775 74
4777 72
4778 140
4779 215
4780 8
4781 228
4782 217
4783 130
4784 51
4785 166
4787 94
4788 181
4789 35
4790 27
4791 231
4792 213
4793 121
4794 63
4795 151
4796 185
4798 47
4799 232
4800 151
4802 116
4803 154
4804 110
4805 174
4806 228
4807 219
4808 38
4809 17
4811 70
4812 117
4814 9
4815 110
4816 110
4817 48
4818 231
4820 46
4821 174
4822 28
4823 167
4824 46
4827 130
4828 241
4829 6
4830 60
4831 45
4833 63
4834 174
4835 148
4836 51
4837 186
4838 80
4839 98
4840 45
4841 31
4842 155
4843 99
4844 202
4846 70
4847 117
4848 175
4850 196
4851 125
4852 34
4853 237
4854 0
4855 95
4856 15
4857 12
4858 35
4859 145
4860 104
4861 209
4862 94
4863 207
4865 51
4866 214
4867 155
4868 28
4869 40
4870 144
4871 47
4872 61
4874 35
4875 174
4878 0
4879 101
4881 175
4882 116
4884 170
4886 21
4887 98
4888 239
4889 52
4890 132
4891 167
4892 210
4894 117
4896 136
4897 99
4898 35
4899 50
4900 155
4901 32
4902 217
4904 46
4906 177
4908 151
4909 37
4910 45
4911 110
4912 45
4913 79
4916 167
4917 21
4918 129
4919 185
4920 106
4921 175
4922 13
4923 25
4924 166
4925 178
4926 83
4927 117
4929 103
4930 84
4931 71
4932 123
4933 33
4934 42
4935 114
4937 225
4938 217
4940 139
4941 133
4943 35
4944 17
4945 31
4946 27
4947 68
4950 130
4951 34
4952 10
4953 17
4954 110
4955 66
4956 171
4957 242
4959 140
4960 113
4961 208
4962 200
4963 17
4964 167
4965 14
4966 123
4968 164
4969 110
4970 92
4971 110
4972 9
4974 181
4975 134
4976 78
4977 68
4978 42
4979 82
4980 232
4982 96
4985 170
4986 219
4987 89
4988 16
4989 72
4990 185
4991 66
4992 101
4993 1
4994 54
4995 94
4997 102
4998 7
4999 180
