0 499
1 299
2 126
5 133
8 77
9 413
17 80
21 419
25 285
27 402
28 312
29 113
31 252
32 58
35 75
36 405
37 296
38 115
39 444
43 277
46 194
48 417
55 166
56 109
58 226
60 344
66 107
68 60
69 373
70 275
71 99
72 159
73 218
78 374
80 89
83 15
84 429
85 225
88 270
90 380
95 33
96 350
97 263
99 382
101 7
102 432
103 255
104 413
105 364
108 409
109 208
110 23
115 182
117 93
120 374
121 247
125 84
127 199
129 330
132 360
133 171
134 255
135 408
136 200
137 0
139 230
141 361
144 394
146 1
150 357
153 398
154 221
156 323
157 248
158 51
161 489
163 190
166 147
167 52
168 352
171 389
174 318
175 201
176 187
180 279
183 322
185 49
186 345
187 183
188 479
189 250
192 341
194 42
195 369
197 492
198 306
200 8
209 10
212 62
213 116
217 203
220 153
223 164
224 419
225 194
227 398
228 325
229 52
230 451
231 376
232 166
236 30
237 339
240 289
241 185
242 490
243 318
245 21
246 340
249 279
250 165
251 57
255 324
259 167
265 137
267 283
270 307
272 422
273 68
275 334
278 490
280 132
286 204
288 272
289 128
291 451
292 145
295 92
297 305
298 111
299 433
301 138
303 272
305 498
307 105
309 277
313 101
321 290
323 275
324 304
325 122
326 340
330 438
331 419
333 298
334 334
337 142
342 300
346 416
347 458
350 412
352 117
357 262
359 401
360 92
362 418
363 250
365 472
369 187
373 57
375 273
376 20
379 116
380 437
383 354
384 276
385 102
387 193
388 146
389 416
393 267
394 69
398 446
399 224
401 371
404 379
405 215
407 446
409 44
412 97
414 204
416 438
420 175
424 296
426 223
428 366
430 82
431 378
432 289
433 4
434 430
435 251
437 117
442 6
444 253
445 34
448 93
449 407
454 63
455 365
457 416
458 410
460 24
465 499
467 226
468 198
469 17
470 30
471 237
472 37
473 358
474 159
475 482
477 191
480 139
481 62
483 160
484 483
485 393
492 365
494 396
496 16
498 146
499 50
501 154
506 16
509 138
512 204
516 432
519 101
522 378
523 300
527 497
529 49
531 267
532 194
535 349
537 447
539 226
540 372
542 14
543 330
544 165
549 16
550 114
551 307
552 33
555 72
556 159
559 394
560 239
562 409
563 344
564 433
567 360
568 394
571 479
572 440
573 422
574 372
575 346
577 300
579 80
583 72
585 451
587 349
590 276
594 82
596 339
597 135
599 479
605 430
608 74
609 298
611 397
612 162
613 159
617 96
619 361
620 34
622 451
625 239
626 409
629 360
634 394
635 78
636 438
639 0
641 161
642 37
643 376
644 82
648 374
651 90
653 486
654 273
655 378
656 49
657 358
658 244
659 107
660 191
663 75
664 196
666 275
668 57
670 49
672 8
673 472
680 225
681 15
687 180
693 369
694 372
695 417
696 80
697 416
699 15
701 322
702 8
703 417
706 396
708 447
709 205
710 113
711 37
713 66
718 428
720 325
722 428
723 42
725 128
727 273
728 298
729 23
730 82
732 99
733 397
740 102
741 77
742 345
747 69
748 140
749 291
751 229
752 145
754 128
755 358
756 198
757 484
760 410
761 357
765 289
766 7
767 365
768 378
769 468
771 3
774 272
776 72
777 107
780 414
781 82
783 418
784 221
788 190
789 276
790 16
795 373
798 125
799 20
800 298
801 490
803 126
804 497
805 161
806 205
807 199
810 171
813 414
814 490
817 190
818 5
821 90
824 208
827 378
829 201
831 20
833 328
836 137
837 1
841 272
846 133
847 140
848 405
849 69
855 248
856 93
858 432
859 34
860 221
865 10
866 300
867 185
872 218
875 175
878 30
879 437
881 185
885 414
888 226
889 277
890 365
892 369
895 17
896 378
899 138
901 188
902 160
903 138
904 300
905 78
906 58
907 402
909 402
910 57
917 146
919 44
922 298
924 345
925 491
926 10
932 75
933 357
934 137
936 221
937 430
938 456
942 430
944 126
949 84
950 34
951 218
953 101
954 409
956 49
958 447
961 138
963 16
964 397
965 109
969 432
971 482
975 358
977 96
978 8
979 276
980 328
981 3
983 200
985 221
987 437
990 140
991 199
992 218
998 298
999 17
1001 63
1003 152
1005 161
1006 273
1010 33
1011 165
1015 389
1016 364
1017 16
1019 68
1021 82
1022 252
1023 200
1027 74
1028 414
1029 159
1030 125
1031 4
1032 122
1035 3
1036 490
1037 68
1046 132
1049 325
1050 30
1052 28
1053 196
1055 93
1059 394
1060 248
1063 13
1065 145
1067 74
1068 188
1072 51
1074 0
1075 491
1079 149
1080 501
1084 325
1091 137
1099 277
1103 140
1104 339
1106 262
1108 58
1113 201
1114 154
1118 410
1124 208
1125 352
1127 171
1128 58
1131 326
1135 252
1139 418
1143 113
1144 115
1150 339
1155 199
1159 137
1160 330
1162 273
1166 6
1167 114
1168 223
1169 77
1170 24
1172 138
1173 128
1174 188
1177 180
1182 221
1185 160
1187 89
1188 188
1189 275
1192 275
1193 490
1194 405
1199 430
1200 30
1203 358
1205 472
1206 82
1207 153
1209 247
1210 105
1211 438
1212 339
1213 326
1216 447
1217 204
1218 491
1222 291
1225 107
1229 80
1230 225
1235 328
1237 341
1240 50
1243 106
1246 161
1247 306
1252 82
1253 223
1256 291
1258 326
1262 397
1267 497
1270 486
1271 185
1272 35
1274 116
1275 341
1277 15
1278 456
1281 428
1283 6
1290 322
1293 247
1297 409
1299 138
1302 376
1303 152
1305 440
1306 35
1308 149
1310 472
1311 8
1313 275
1315 51
1316 82
1321 497
1323 180
1325 42
1326 468
1328 58
1329 30
1330 341
1332 438
1333 419
1334 16
1336 185
1337 405
1340 164
1343 0
1345 376
1347 248
1348 380
1350 133
1351 414
1354 28
1362 28
1364 199
1367 242
1369 378
1374 341
1375 149
1382 154
1388 223
1389 438
1391 352
1392 196
1394 82
1397 360
1401 162
1404 33
1406 397
1410 35
1412 132
1415 280
1416 138
1418 78
1423 180
1425 198
1426 135
1429 161
1431 314
1432 363
1433 10
1438 203
1439 145
1440 8
1448 194
1449 188
1450 456
1452 30
1454 497
1455 305
1459 414
1461 290
1465 283
1468 30
1469 498
1471 58
1472 101
1480 339
1483 126
1491 497
1492 221
1493 66
1495 215
1497 280
1498 220
1499 102
1502 204
1504 14
1506 160
1508 444
1509 396
1512 74
1514 305
1515 4
1521 89
1522 149
1523 101
1524 37
1526 72
1528 199
1529 418
1530 354
1534 405
1535 142
1536 109
1537 42
1538 58
1541 149
1542 378
1544 114
1551 49
1555 196
1560 304
1563 133
1565 51
1566 365
1567 122
1568 133
1574 304
1576 482
1578 28
1579 111
1582 17
1585 323
1587 371
1589 72
1590 250
1591 482
1593 221
1597 226
1599 132
1602 205
1603 341
1610 154
1614 280
1615 306
1617 57
1619 183
1623 160
1628 341
1630 75
1631 468
1633 318
1636 339
1637 194
1644 328
1650 154
1652 97
1655 300
1656 358
1661 8
1662 188
1663 378
1664 275
1666 394
1667 89
1668 122
1669 328
1670 490
1671 15
1674 417
1676 402
1681 173
1684 397
1687 10
1691 199
1692 482
1694 262
1695 190
1696 346
1698 340
1699 164
1701 162
1703 133
1704 165
1705 325
1706 215
1716 66
1721 49
1723 138
1724 221
1727 102
1733 65
1734 126
1736 262
1737 330
1739 140
1742 128
1748 394
1750 62
1751 255
1755 298
1759 472
1761 0
1766 51
1767 97
1769 298
1771 3
1772 42
1776 221
1777 374
1784 15
1786 162
1790 378
1792 35
1793 361
1799 3
1801 191
1804 185
1806 149
1808 482
1815 90
1817 369
1818 433
1834 280
1840 223
1845 393
1846 354
1847 412
1848 380
1849 50
1850 208
1851 68
1853 396
1855 283
1857 122
1861 0
1863 196
1864 180
1865 419
1868 42
1869 328
1874 122
1877 247
1880 153
1882 414
1883 300
1885 204
1889 389
1896 412
1897 291
1900 49
1906 78
1908 115
1909 490
1912 201
1913 24
1917 358
1918 283
1920 330
1921 113
1924 263
1926 289
1938 304
1939 244
1940 501
1941 205
1943 341
1950 479
1953 160
1959 491
1964 221
1966 204
1967 128
1968 326
1971 446
1972 291
1973 290
1974 113
1976 417
1977 401
1979 491
1980 350
1982 109
1985 440
1987 140
1992 185
1993 408
1994 491
1997 413
1998 291
2001 126
2008 116
2010 363
2011 290
2014 501
2015 3
2016 270
2017 51
2018 475
2019 72
2020 396
2022 491
2024 190
2027 432
2029 307
2031 298
2035 346
2036 188
2039 161
2040 242
2044 409
2050 152
2051 379
2053 296
2055 344
2057 492
2059 114
2065 397
2067 69
2068 51
2069 107
2071 1
2072 358
2075 475
2076 472
2077 1
2080 398
2083 482
2084 263
2085 1
2086 276
2088 275
2089 7
2092 160
2094 107
2096 13
2101 180
2107 239
2113 416
2115 410
2116 492
2118 380
2119 223
2123 280
2126 277
2127 60
2129 429
2130 497
2132 501
2133 49
2135 267
2137 396
2138 378
2141 413
2144 417
2147 109
2153 224
2154 328
2157 138
2158 89
2167 0
2168 152
2175 69
2178 352
2181 285
2182 239
2183 272
2184 326
2185 187
2187 340
2192 394
2195 402
2196 200
2197 78
2200 263
2201 126
2204 173
2206 276
2211 430
2213 201
2214 215
2215 250
2217 289
2221 115
2222 248
2226 291
2227 296
2229 115
2230 30
2232 407
2233 298
2234 389
2236 135
2241 152
2245 175
2247 154
2253 96
2254 114
2258 139
2259 501
2260 33
2261 34
2263 126
2272 339
2274 253
2275 224
2277 472
2279 139
2281 13
2287 115
2288 346
2289 115
2292 165
2295 409
2296 133
2297 350
2301 432
2302 194
2303 57
2304 414
2305 198
2306 205
2307 51
2308 196
2311 15
2313 405
2314 341
2317 72
2319 5
2321 82
2324 422
2325 312
2328 72
2329 280
2332 447
2333 430
2335 344
2337 223
2338 339
2339 35
2340 196
2341 0
2342 417
2347 417
2349 35
2357 322
2361 371
2367 242
2369 68
2371 458
2373 23
2374 410
2376 349
2378 199
2379 251
2380 126
2381 3
2387 7
2388 430
2389 285
2394 472
2395 414
2397 350
2399 446
2401 414
2404 418
2407 221
2410 1
2415 173
2416 396
2418 300
2420 68
2422 20
2425 484
2431 490
2434 4
2435 382
2438 364
2439 72
2445 0
2446 200
2447 223
2451 491
2452 164
2454 132
2455 33
2457 147
2458 162
2460 135
2464 52
2468 341
2469 133
2474 419
2476 440
2478 113
2480 15
2482 378
2488 432
2491 229
2492 204
2497 107
2500 501
2501 72
2504 289
2507 68
2509 447
2514 369
2515 446
2516 379
2517 113
2520 132
2522 205
2529 430
2533 140
2534 160
2536 324
2543 244
2545 230
2546 149
2548 140
2549 275
2550 374
2553 447
2555 458
2558 135
2559 340
2561 201
2563 90
2566 138
2567 173
2574 16
2578 171
2580 35
2584 296
2585 438
2586 330
2588 58
2589 285
2591 221
2592 175
2593 162
2596 68
2598 200
2603 360
2606 408
2607 497
2608 221
2613 10
2614 160
2615 111
2616 0
2622 77
2623 75
2625 97
2626 14
2630 126
2634 364
2635 24
2637 44
2641 0
2644 394
2645 75
2650 451
2651 378
2653 402
2655 410
2657 409
2658 323
2660 247
2664 137
2668 149
2669 4
2670 49
2673 58
2675 307
2678 63
2680 132
2681 183
2684 472
2688 44
2691 475
2696 330
2697 255
2705 37
2709 354
2710 273
2711 492
2713 220
2716 139
2718 283
2721 280
2722 126
2723 345
2726 341
2732 364
2733 324
2735 201
2737 252
2743 107
2745 374
2749 305
2751 220
2753 401
2754 378
2756 498
2758 96
2759 414
2760 92
2761 8
2763 349
2764 96
2765 491
2770 486
2776 66
2778 398
2781 92
2785 17
2786 24
2789 185
2790 440
2792 106
2795 65
2797 428
2799 8
2800 7
2802 432
2804 33
2805 201
2806 365
2809 326
2812 89
2815 66
2820 185
2822 346
2823 414
2824 114
2826 394
2827 63
2828 479
2829 492
2830 185
2838 253
2843 34
2844 358
2845 128
2846 430
2847 84
2849 430
2851 44
2854 24
2855 416
2857 57
2866 65
2870 334
2873 109
2874 283
2877 200
2883 30
2885 8
2887 146
2891 276
2892 354
2894 200
2895 72
2901 378
2903 102
2904 482
2905 501
2907 190
2909 328
2911 35
2913 290
2919 378
2921 15
2922 366
2925 418
2926 7
2929 430
2930 215
2931 221
2935 349
2937 328
2940 33
2941 196
2947 382
2950 410
2952 419
2955 106
2956 58
2957 122
2960 57
2961 149
2967 97
2968 122
2969 153
2970 334
2972 253
2973 357
2974 262
2975 114
2977 30
2978 133
2983 4
2986 154
2987 74
2988 109
2990 101
2994 133
2996 51
3001 416
3002 378
3003 447
3004 244
3011 180
3012 221
3013 432
3020 401
3022 68
3024 51
3025 299
3026 137
3027 145
3029 111
3034 492
3035 291
3036 99
3037 414
3039 224
3041 305
3045 369
3046 215
3049 394
3052 109
3053 401
3054 223
3056 326
3058 394
3059 201
3063 298
3064 205
3067 252
3068 324
3071 99
3072 37
3076 428
3077 107
3085 322
3087 15
3088 162
3089 223
3091 350
3093 262
3095 419
3096 437
3097 372
3098 357
3105 171
3106 204
3113 13
3115 262
3121 497
3122 204
3127 345
3130 307
3141 162
3143 344
3145 354
3150 376
3151 82
3156 180
3158 361
3159 10
3163 23
3165 63
3166 365
3171 304
3174 230
3176 272
3182 133
3183 352
3184 115
3187 352
3189 4
3191 275
3192 352
3194 106
3198 194
3201 472
3202 109
3208 154
3212 499
3213 33
3214 376
3218 326
3219 371
3221 133
3222 326
3223 89
3227 438
3230 273
3231 37
3235 394
3240 107
3246 339
3247 447
3253 290
3258 8
3259 135
3262 52
3263 182
3266 149
3269 482
3270 262
3275 133
3276 239
3277 115
3278 346
3279 114
3280 479
3281 106
3282 475
3285 34
3290 102
3291 358
3293 345
3307 489
3308 393
3309 16
3312 24
3315 126
3316 8
3317 133
3318 164
3326 133
3328 5
3331 92
3333 394
3335 226
3339 277
3340 7
3351 215
3352 345
3353 187
3355 139
3367 408
3369 326
3376 69
3377 3
3383 72
3385 132
3387 430
3388 188
3391 68
3397 346
3399 252
3403 251
3404 429
3405 68
3409 325
3413 490
3417 223
3418 330
3420 34
3426 402
3427 78
3428 429
3430 193
3432 35
3434 14
3439 72
3444 185
3448 97
3449 126
3453 275
3455 201
3456 378
3457 128
3461 366
3466 128
3467 30
3474 185
3477 137
3478 160
3482 307
3486 410
3495 201
3496 128
3499 30
3502 154
3503 223
3504 63
3513 122
3514 44
3516 10
3520 325
3521 334
3523 456
3525 89
3526 374
3528 378
3529 132
3532 304
3533 306
3534 458
3539 304
3540 306
3541 374
3545 225
3548 340
3550 50
3553 371
3556 75
3557 204
3560 410
3562 109
3566 93
3575 314
3584 230
3586 352
3588 407
3590 432
3592 440
3594 363
3598 289
3604 283
3606 49
3610 490
3613 248
3616 201
3623 344
3625 360
3626 475
3630 3
3633 77
3635 10
3642 371
3644 154
3645 346
3647 164
3649 101
3655 105
3656 24
3657 60
3658 486
3660 417
3661 5
3662 499
3665 276
3669 248
3672 75
3677 69
3679 122
3681 171
3686 128
3688 33
3690 111
3691 224
3702 350
3705 160
3706 345
3717 451
3718 1
3725 126
3729 133
3730 326
3733 285
3737 68
3739 16
3743 160
3745 205
3749 250
3752 191
3753 491
3756 378
3759 484
3761 140
3765 201
3767 33
3770 201
3779 277
3781 277
3787 239
3788 322
3795 277
3799 345
3800 330
3803 440
3807 114
3812 24
3815 84
3816 394
3821 272
3825 204
3826 378
3833 418
3837 451
3838 412
3839 369
3841 323
3844 328
3849 201
3851 175
3855 4
3858 201
3859 72
3861 93
3866 299
3867 366
3870 173
3878 35
3883 472
3884 486
3886 58
3887 5
3889 203
3894 491
3902 298
3904 363
3905 193
3907 398
3909 407
3912 200
3913 114
3914 365
3916 115
3918 162
3919 162
3920 378
3921 275
3922 203
3925 298
3926 262
3936 341
3941 323
3942 68
3943 8
3945 252
3946 354
3947 167
3949 188
3950 290
3957 137
3959 60
3960 409
3962 122
3964 248
3965 289
3967 8
3971 35
3978 365
3979 248
3981 58
3983 96
3987 430
3992 185
3997 7
4001 248
4004 410
4006 115
4019 440
4020 433
4022 35
4023 34
4027 160
4030 492
4031 325
4032 491
4033 446
4038 62
4040 106
4044 326
4045 84
4047 140
4051 237
4052 10
4054 285
4056 237
4057 374
4059 166
4060 352
4063 345
4065 17
4066 149
4067 89
4068 498
4071 133
4078 187
4088 242
4097 65
4104 72
4105 499
4107 242
4113 275
4124 482
4125 414
4128 201
4130 15
4132 203
4137 146
4138 275
4143 358
4147 58
4148 66
4150 229
4151 196
4155 122
4162 194
4166 101
4169 89
4175 318
4180 398
4181 432
4183 330
4188 296
4192 328
4194 204
4195 16
4196 182
4199 35
4200 276
4201 42
4210 475
4214 114
4216 497
4218 326
4223 270
4224 15
4229 126
4234 344
4235 145
4237 69
4242 160
4243 323
4244 364
4246 34
4250 405
4258 229
4260 276
4261 345
4262 352
4269 204
4274 66
4275 429
4278 4
4279 109
4284 149
4287 489
4288 152
4294 89
4295 365
4298 20
4303 142
4309 82
4310 410
4318 215
4321 344
4323 223
4326 82
4332 135
4335 68
4338 272
4340 344
4341 113
4345 196
4350 35
4351 492
4355 372
4356 491
4357 438
4360 58
4362 138
4364 405
4367 280
4370 344
4377 89
4379 250
4380 147
4385 0
4387 15
4391 35
4393 68
4395 298
4402 486
4409 444
4417 68
4418 378
4419 109
4420 180
4421 250
4422 20
4425 187
4428 69
4429 51
4434 277
4439 72
4446 107
4448 21
4454 346
4462 175
4463 188
4465 6
4466 114
4471 489
4477 447
4478 401
4480 198
4483 20
4485 230
4488 444
4489 413
4497 330
4503 499
4506 72
4507 89
4508 279
4511 306
4512 262
4515 20
4518 161
4520 346
4521 72
4525 299
4531 68
4538 312
4539 401
4540 230
4542 89
4544 72
4549 275
4551 379
4557 109
4558 414
4565 430
4566 14
4568 414
4573 223
4575 51
4579 75
4580 456
4587 492
4588 364
4589 30
4590 419
4591 226
4592 102
4595 203
4596 162
4600 171
4603 275
4609 34
4611 290
4612 221
4616 393
4625 345
4632 300
4633 366
4636 50
4642 109
4645 66
4653 291
4654 440
4655 116
4656 35
4657 221
4658 296
4662 230
4665 166
4667 102
4669 97
4670 125
4671 8
4672 154
4675 62
4681 262
4682 10
4691 352
4692 182
4696 330
4697 35
4702 306
4704 74
4705 175
4710 132
4714 291
4715 105
4716 173
4719 3
4722 468
4723 24
4729 489
4731 138
4739 35
4740 226
4747 126
4748 60
4752 132
4753 328
4756 132
4764 410
4766 28
4768 482
4773 101
4775 105
4780 78
4785 328
4787 66
4788 248
4789 482
4790 205
4793 412
4795 283
4799 247
4800 283
4805 122
4815 312
4818 37
4822 96
4828 226
4829 52
4830 140
4831 35
4835 306
4838 376
4844 221
4853 125
4854 72
4856 446
4858 14
4860 68
4862 296
4869 187
4871 15
4874 482
4875 479
4878 72
4884 389
4889 304
4894 80
4896 272
4898 482
4901 101
4902 133
4908 283
4909 137
4912 35
4918 105
4920 239
4923 273
4926 334
4930 352
4931 401
4933 51
4937 90
4941 289
4943 482
4947 483
4952 139
4968 285
4970 162
4974 275
4979 394
4986 203
4988 191
4989 126
4994 69
4995 66
4997 145
4999 433
