0 499
3 464
6 460
11 104
12 427
13 353
16 261
18 415
22 249
24 455
25 285
27 402
32 58
35 75
36 405
39 444
43 277
44 79
51 453
54 386
55 166
56 109
58 226
60 344
62 144
63 381
64 216
65 130
70 275
71 99
78 374
79 268
85 225
86 254
87 348
91 211
94 259
95 33
96 350
97 263
98 98
99 382
103 255
105 364
106 172
112 257
116 95
119 25
120 374
123 368
124 169
126 399
127 199
128 79
132 360
133 171
134 255
139 230
140 64
142 443
151 163
152 478
156 323
157 248
161 489
162 400
166 147
167 52
168 352
169 178
171 389
177 353
179 477
181 189
182 11
183 322
184 310
185 49
188 479
191 12
194 42
197 492
198 306
199 210
200 8
202 155
203 466
204 370
206 494
209 10
211 143
213 116
214 174
217 203
220 153
223 164
226 120
229 52
230 451
232 166
233 495
235 127
239 474
241 185
242 490
244 119
245 21
250 165
252 308
255 324
257 454
258 308
259 167
262 110
263 421
264 303
267 283
268 421
269 481
271 131
273 68
275 334
278 490
279 309
280 132
283 144
287 488
290 441
291 451
292 145
293 471
298 111
301 138
302 464
304 85
305 498
306 295
309 277
312 264
315 316
318 259
321 290
322 103
323 275
324 304
328 151
333 298
334 334
337 142
339 286
341 387
344 423
346 416
347 458
348 266
349 11
351 463
361 123
364 59
366 287
368 403
372 243
374 459
377 390
379 116
380 437
382 61
383 354
385 102
387 193
389 416
390 235
391 36
392 355
393 267
395 385
397 108
398 446
400 55
402 269
403 266
405 215
406 27
407 446
409 44
410 39
413 391
415 455
418 45
419 460
421 88
422 388
423 463
425 303
427 39
430 82
431 378
436 32
438 168
441 131
442 6
446 362
447 170
449 407
452 332
453 353
454 63
455 365
457 416
458 410
462 246
465 499
467 226
469 17
475 482
476 59
477 191
478 19
482 261
483 160
485 393
487 29
489 123
490 32
492 365
493 476
495 210
497 321
501 154
503 104
509 138
510 368
513 392
518 459
522 378
524 348
525 315
527 497
529 49
530 392
531 267
533 381
537 447
539 226
540 372
542 14
544 165
545 120
552 33
554 311
555 72
557 243
563 344
567 360
569 32
570 268
571 479
572 440
574 372
575 346
576 457
578 266
581 441
582 348
583 72
584 168
585 451
588 311
589 445
592 131
594 82
598 32
599 479
601 94
604 29
606 76
607 36
608 74
609 298
611 397
612 162
614 441
616 287
617 96
621 94
622 451
623 189
624 303
628 47
629 360
631 266
635 78
638 169
640 434
644 82
645 480
646 403
647 257
648 374
652 176
655 378
656 49
660 191
663 75
664 196
666 275
667 494
670 49
671 207
672 8
675 29
676 151
679 439
680 225
684 170
685 222
688 297
690 95
694 372
697 416
701 322
702 8
705 36
707 295
708 447
712 421
716 457
717 55
723 42
724 266
726 457
728 298
730 82
731 211
732 99
733 397
734 36
736 249
737 174
739 123
740 102
743 170
744 67
745 388
746 450
748 140
752 145
753 448
758 174
760 410
762 47
764 427
767 365
768 378
770 406
776 72
781 82
782 104
787 445
791 29
793 391
796 170
797 243
798 125
800 298
801 490
802 474
804 497
807 199
809 73
810 171
814 490
815 287
819 400
820 214
822 332
827 378
832 441
833 328
834 143
835 311
840 261
843 313
847 140
848 405
850 466
853 434
855 248
857 259
865 10
867 185
868 27
871 443
873 189
874 353
876 370
879 437
881 185
882 249
883 480
884 455
888 226
889 277
890 365
893 392
894 168
895 17
896 378
899 138
901 188
902 160
903 138
905 78
906 58
907 402
909 402
911 494
914 207
916 143
918 249
919 44
922 298
926 10
927 120
928 391
929 123
930 257
931 424
932 75
938 456
943 172
955 464
956 49
957 406
958 447
959 480
961 138
964 397
965 109
970 108
971 482
972 391
973 286
977 96
978 8
980 328
984 38
987 437
988 370
989 386
990 140
991 199
993 478
994 315
995 243
996 211
998 298
999 17
1001 63
1004 264
1010 33
1011 165
1013 130
1015 389
1016 364
1019 68
1020 55
1021 82
1024 424
1025 27
1027 74
1030 125
1036 490
1037 68
1038 174
1040 391
1042 443
1044 439
1045 281
1046 132
1047 235
1053 196
1058 36
1060 248
1063 13
1064 355
1065 145
1066 222
1067 74
1068 188
1070 321
1071 455
1088 493
1093 45
1098 453
1099 277
1101 332
1103 140
1105 448
1107 249
1108 58
1110 88
1111 67
1114 154
1115 406
1116 453
1118 410
1120 385
1121 332
1122 316
1125 352
1126 130
1127 171
1128 58
1130 108
1131 326
1137 170
1145 29
1146 332
1147 176
1155 199
1158 64
1165 235
1166 6
1171 294
1172 138
1174 188
1180 400
1181 392
1184 266
1185 160
1188 188
1189 275
1190 174
1191 390
1192 275
1193 490
1194 405
1197 316
1206 82
1207 153
1213 326
1214 59
1216 447
1219 454
1220 332
1221 390
1223 294
1226 61
1228 168
1230 225
1232 439
1235 328
1239 455
1241 94
1245 264
1247 306
1248 235
1250 119
1251 118
1252 82
1255 257
1258 326
1260 130
1262 397
1263 391
1265 390
1266 474
1267 497
1271 185
1272 35
1273 474
1274 116
1278 456
1283 6
1285 400
1289 257
1290 322
1291 400
1294 61
1296 104
1298 43
1299 138
1300 460
1305 440
1306 35
1307 386
1311 8
1313 275
1316 82
1319 386
1321 497
1325 42
1327 321
1328 58
1336 185
1337 405
1339 85
1340 164
1341 168
1344 469
1346 400
1347 248
1349 103
1355 259
1357 257
1359 310
1361 459
1364 199
1365 268
1368 399
1369 378
1370 464
1372 88
1376 216
1377 281
1382 154
1384 88
1387 448
1391 352
1392 196
1393 76
1394 82
1396 424
1397 360
1399 311
1401 162
1402 448
1404 33
1405 131
1406 397
1410 35
1412 132
1413 455
1414 76
1416 138
1417 302
1418 78
1419 443
1421 386
1422 370
1433 10
1438 203
1439 145
1440 8
1445 47
1446 302
1449 188
1450 456
1451 25
1454 497
1460 311
1461 290
1462 130
1465 283
1466 94
1467 403
1469 498
1470 172
1471 58
1474 55
1475 411
1476 411
1490 421
1491 497
1495 215
1498 220
1499 102
1500 269
1503 119
1504 14
1506 160
1508 444
1512 74
1517 254
1518 143
1520 391
1526 72
1528 199
1530 354
1534 405
1535 142
1536 109
1537 42
1538 58
1542 378
1546 453
1547 38
1551 49
1553 400
1554 362
1555 196
1556 439
1557 316
1558 457
1560 304
1566 365
1570 123
1573 249
1574 304
1575 243
1576 482
1577 295
1579 111
1582 17
1585 323
1588 55
1589 72
1591 482
1599 132
1610 154
1613 294
1615 306
1616 55
1621 454
1623 160
1626 332
1629 61
1630 75
1632 130
1635 315
1639 427
1643 443
1644 328
1646 469
1650 154
1651 172
1653 453
1654 443
1657 386
1661 8
1662 188
1663 378
1664 275
1669 328
1670 490
1676 402
1677 235
1678 163
1679 64
1681 173
1682 441
1684 397
1686 266
1687 10
1688 424
1691 199
1692 482
1696 346
1699 164
1701 162
1704 165
1706 215
1707 268
1708 386
1712 311
1718 110
1719 85
1720 481
1721 49
1722 387
1723 138
1727 102
1728 27
1730 210
1733 65
1735 297
1739 140
1743 400
1749 216
1751 255
1752 104
1753 12
1755 298
1756 441
1758 400
1764 98
1765 108
1768 211
1769 298
1772 42
1775 155
1777 374
1778 119
1779 119
1781 286
1782 391
1785 43
1786 162
1788 386
1789 453
1790 378
1792 35
1795 294
1797 332
1801 191
1804 185
1805 268
1808 482
1810 453
1811 302
1813 210
1821 295
1822 386
1827 210
1829 387
1831 104
1833 448
1837 370
1841 478
1843 370
1845 393
1846 354
1851 68
1855 283
1858 144
1863 196
1866 108
1867 94
1868 42
1869 328
1873 457
1875 403
1878 494
1880 153
1889 389
1891 79
1894 266
1899 469
1900 49
1902 443
1906 78
1907 469
1909 490
1910 303
1911 493
1914 459
1915 79
1916 480
1918 283
1919 400
1923 406
1924 263
1925 76
1927 104
1931 73
1933 197
1934 477
1936 120
1938 304
1942 103
1944 266
1947 391
1948 495
1950 479
1952 309
1953 160
1954 79
1957 469
1962 266
1968 326
1971 446
1973 290
1978 459
1980 350
1982 109
1983 471
1985 440
1987 140
1991 222
1992 185
1995 168
2003 471
2008 116
2011 290
2013 332
2018 475
2019 72
2025 332
2026 243
2028 381
2031 298
2032 47
2035 346
2036 188
2038 266
2042 471
2045 130
2054 302
2055 344
2057 492
2063 381
2065 397
2070 79
2073 370
2075 475
2079 477
2083 482
2084 263
2088 275
2091 386
2092 160
2093 423
2096 13
2100 493
2105 315
2108 309
2109 94
2111 281
2113 416
2115 410
2116 492
2117 130
2121 38
2122 287
2126 277
2130 497
2133 49
2135 267
2136 459
2138 378
2142 453
2143 120
2145 120
2147 109
2148 235
2149 103
2150 321
2152 98
2154 328
2155 61
2157 138
2161 386
2162 434
2163 266
2171 311
2174 406
2176 353
2177 403
2178 352
2181 285
2184 326
2188 311
2190 174
2191 392
2195 402
2197 78
2198 448
2200 263
2203 332
2204 173
2214 215
2219 174
2220 453
2222 248
2232 407
2233 298
2234 389
2238 403
2239 172
2240 207
2247 154
2248 454
2249 477
2253 96
2257 110
2260 33
2265 207
2266 421
2267 313
2280 235
2281 13
2282 463
2286 469
2288 346
2292 165
2293 155
2294 495
2297 350
2308 196
2309 466
2312 11
2313 405
2316 439
2317 72
2321 82
2322 151
2323 163
2327 104
2328 72
2331 391
2332 447
2334 310
2335 344
2339 35
2340 196
2343 73
2346 348
2348 85
2349 35
2352 295
2353 45
2355 386
2357 322
2365 476
2366 439
2369 68
2370 39
2371 458
2374 410
2375 315
2378 199
2384 104
2385 32
2389 285
2391 391
2392 455
2397 350
2398 423
2399 446
2403 459
2405 266
2406 266
2413 127
2415 173
2417 174
2420 68
2427 27
2431 490
2432 266
2435 382
2436 471
2437 119
2438 364
2439 72
2444 95
2448 264
2452 164
2454 132
2455 33
2457 147
2458 162
2461 400
2464 52
2473 27
2476 440
2477 434
2479 235
2482 378
2484 85
2485 311
2486 453
2494 257
2495 214
2498 471
2501 72
2503 266
2506 98
2507 68
2509 447
2512 313
2513 391
2515 446
2520 132
2524 286
2525 311
2526 55
2527 108
2533 140
2534 160
2536 324
2537 144
2540 439
2542 169
2544 19
2545 230
2548 140
2549 275
2550 374
2551 98
2553 447
2555 458
2556 424
2562 315
2564 36
2566 138
2567 173
2570 391
2571 311
2576 39
2578 171
2580 35
2589 285
2590 47
2593 162
2594 98
2596 68
2603 360
2605 170
2607 497
2610 36
2613 10
2614 160
2615 111
2617 453
2618 95
2621 355
2623 75
2624 388
2626 14
2627 286
2629 85
2631 387
2632 98
2634 364
2637 44
2642 168
2645 75
2647 315
2648 441
2650 451
2651 378
2652 315
2653 402
2655 410
2656 32
2658 323
2665 249
2667 123
2670 49
2671 386
2673 58
2676 266
2677 170
2678 63
2680 132
2682 455
2683 189
2685 19
2686 266
2688 44
2689 257
2691 475
2694 411
2695 297
2697 255
2699 281
2702 131
2706 459
2709 354
2711 492
2712 355
2713 220
2714 315
2718 283
2727 294
2728 123
2730 457
2732 364
2733 324
2738 172
2739 386
2741 32
2742 104
2744 494
2745 374
2748 355
2751 220
2752 386
2754 378
2756 498
2757 460
2758 96
2761 8
2762 94
2764 96
2766 362
2767 381
2768 448
2777 47
2780 266
2785 17
2787 39
2789 185
2790 440
2793 399
2795 65
2799 8
2804 33
2806 365
2807 67
2808 19
2809 326
2814 103
2817 19
2820 185
2822 346
2827 63
2828 479
2829 492
2830 185
2835 235
2836 423
2839 311
2841 25
2848 316
2851 44
2852 311
2855 416
2856 25
2858 246
2861 27
2863 494
2866 65
2869 12
2870 334
2871 453
2873 109
2874 283
2876 311
2879 455
2880 98
2881 94
2884 476
2885 8
2892 354
2893 168
2895 72
2896 400
2898 477
2899 94
2900 214
2901 378
2903 102
2904 482
2906 39
2909 328
2911 35
2912 423
2913 290
2917 308
2919 378
2920 332
2930 215
2936 235
2937 328
2938 189
2940 33
2941 196
2943 494
2946 488
2947 382
2950 410
2951 443
2956 58
2958 47
2962 310
2965 469
2969 153
2970 334
2976 120
2980 249
2984 268
2986 154
2987 74
2988 109
2991 391
2997 118
3001 416
3002 378
3003 447
3008 36
3009 94
3018 210
3021 441
3022 68
3023 386
3027 145
3028 39
3029 111
3031 170
3034 492
3036 99
3040 39
3042 174
3043 19
3044 266
3046 215
3056 326
3060 368
3061 268
3063 298
3068 324
3071 99
3075 294
3080 249
3084 391
3085 322
3088 162
3091 350
3096 437
3097 372
3105 171
3112 266
3113 13
3117 443
3118 441
3120 315
3121 497
3124 45
3133 466
3140 471
3141 162
3145 354
3146 27
3151 82
3152 174
3159 10
3165 63
3166 365
3167 400
3168 104
3169 315
3171 304
3173 29
3174 230
3177 302
3180 400
3181 94
3183 352
3186 480
3187 352
3188 94
3191 275
3192 352
3197 214
3202 109
3204 454
3208 154
3212 499
3213 33
3216 477
3217 313
3218 326
3220 176
3222 326
3225 88
3226 235
3233 67
3234 27
3237 494
3243 388
3245 388
3247 447
3253 290
3254 172
3256 480
3258 8
3261 59
3262 52
3268 381
3269 482
3271 243
3274 391
3278 346
3280 479
3282 475
3284 268
3287 222
3290 102
3292 76
3301 25
3307 489
3308 393
3310 362
3316 8
3318 164
3329 119
3335 226
3336 448
3337 439
3339 277
3343 127
3350 174
3351 215
3354 455
3356 332
3369 326
3371 119
3373 381
3374 108
3379 321
3382 481
3383 72
3384 55
3385 132
3386 243
3388 188
3391 68
3397 346
3405 68
3406 459
3407 43
3412 155
3413 490
3414 464
3416 399
3421 453
3424 415
3426 402
3427 78
3430 193
3432 35
3434 14
3435 421
3439 72
3440 249
3443 480
3444 185
3447 368
3453 275
3456 378
3458 176
3460 27
3465 453
3472 388
3473 388
3474 185
3475 268
3476 61
3478 160
3486 410
3490 130
3491 387
3493 268
3497 309
3502 154
3504 63
3506 464
3509 222
3510 391
3514 44
3515 368
3516 10
3521 334
3523 456
3526 374
3527 310
3528 378
3529 132
3532 304
3533 306
3534 458
3535 47
3537 441
3539 304
3540 306
3541 374
3544 370
3545 225
3549 385
3554 61
3555 450
3556 75
3558 176
3562 109
3565 315
3568 210
3571 455
3572 316
3582 457
3583 39
3584 230
3586 352
3588 407
3591 259
3592 440
3596 130
3602 210
3604 283
3606 49
3610 490
3612 143
3613 248
3615 29
3617 332
3623 344
3625 360
3626 475
3627 189
3635 10
3637 443
3638 266
3640 294
3644 154
3645 346
3646 386
3647 164
3651 310
3652 281
3662 499
3664 448
3668 286
3669 248
3672 75
3681 171
3683 311
3688 33
3690 111
3696 143
3697 388
3702 350
3705 160
3714 332
3716 423
3717 451
3719 174
3720 61
3721 415
3722 19
3726 423
3730 326
3733 285
3736 434
3737 68
3741 264
3743 160
3744 235
3747 211
3752 191
3755 297
3756 378
3757 131
3761 140
3764 471
3767 33
3771 480
3779 277
3781 277
3786 471
3788 322
3790 381
3791 388
3795 277
3803 440
3806 235
3814 400
3817 474
3819 480
3820 471
3822 43
3826 378
3834 25
3837 451
3841 323
3843 55
3844 328
3848 368
3852 268
3856 85
3859 72
3863 399
3868 104
3870 173
3876 98
3877 12
3878 35
3881 176
3886 58
3888 176
3889 203
3892 64
3901 370
3902 298
3905 193
3908 130
3909 407
3914 365
3915 174
3918 162
3919 162
3920 378
3921 275
3922 203
3925 298
3928 386
3931 269
3932 302
3937 249
3941 323
3942 68
3943 8
3946 354
3947 167
3949 188
3950 290
3964 248
3967 8
3970 170
3971 35
3972 61
3978 365
3979 248
3980 400
3981 58
3982 119
3983 96
3986 460
3988 480
3989 39
3991 411
3992 185
3994 434
3998 392
4000 460
4001 248
4004 410
4011 362
4012 453
4013 254
4014 464
4016 453
4019 440
4022 35
4024 168
4027 160
4029 144
4030 492
4035 303
4043 25
4044 326
4047 140
4052 10
4054 285
4055 39
4057 374
4059 166
4060 352
4065 17
4068 498
4072 257
4080 254
4085 76
4091 98
4092 471
4093 441
4094 214
4097 65
4100 249
4103 474
4104 72
4105 499
4111 79
4113 275
4117 391
4121 189
4123 459
4124 482
4126 131
4129 110
4132 203
4135 211
4138 275
4147 58
4149 411
4151 196
4158 399
4160 481
4165 455
4167 104
4171 295
4173 189
4178 311
4191 287
4192 328
4197 388
4199 35
4201 42
4202 197
4208 118
4209 254
4210 475
4213 29
4215 399
4216 497
4218 326
4221 211
4226 450
4227 427
4230 249
4231 235
4233 464
4234 344
4235 145
4241 216
4242 160
4243 323
4244 364
4245 286
4248 294
4250 405
4253 104
4256 266
4262 352
4265 76
4279 109
4286 471
4287 489
4289 303
4295 365
4297 481
4301 214
4303 142
4309 82
4310 410
4311 471
4313 268
4316 36
4317 120
4318 215
4321 344
4322 287
4326 82
4329 481
4330 79
4335 68
4336 119
4337 249
4340 344
4343 459
4344 79
4345 196
4350 35
4351 492
4355 372
4360 58
4362 138
4364 405
4366 315
4370 344
4372 64
4374 406
4380 147
4382 286
4383 381
4386 172
4389 43
4391 35
4392 61
4393 68
4395 298
4400 36
4405 388
4407 385
4409 444
4411 94
4415 268
4417 68
4418 378
4419 109
4430 29
4434 277
4436 79
4437 172
4438 174
4439 72
4440 457
4443 391
4448 21
4449 103
4451 39
4454 346
4455 269
4463 188
4465 6
4467 471
4468 434
4471 489
4472 27
4477 447
4485 230
4488 444
4492 471
4494 27
4495 423
4502 214
4503 499
4506 72
4509 281
4511 306
4514 55
4520 346
4521 72
4522 445
4527 386
4528 399
4531 68
4532 61
4536 176
4540 230
4544 72
4546 266
4548 235
4549 275
4552 390
4560 32
4561 294
4562 387
4566 14
4567 246
4574 388
4579 75
4580 456
4582 172
4583 85
4587 492
4588 364
4591 226
4592 102
4595 203
4596 162
4597 448
4598 61
4600 171
4601 448
4603 275
4604 29
4610 368
4611 290
4613 235
4616 393
4626 174
4630 266
4631 406
4635 471
4642 109
4643 411
4647 94
4649 235
4652 403
4655 116
4656 35
4659 85
4661 386
4662 230
4665 166
4670 125
4671 8
4672 154
4680 309
4682 10
4691 352
4695 39
4697 35
4700 85
4701 178
4702 306
4704 74
4708 176
4710 132
4711 313
4716 173
4718 174
4725 130
4726 55
4728 45
4729 489
4731 138
4732 411
4733 450
4734 311
4739 35
4740 226
4742 170
4743 210
4749 287
4751 61
4752 132
4753 328
4756 132
4757 144
4758 286
4762 391
4764 410
4768 482
4771 459
4777 348
4780 78
4781 370
4785 328
4788 248
4789 482
4791 454
4792 427
4795 283
4800 283
4802 36
4804 189
4808 103
4814 214
4821 197
4822 96
4828 226
4829 52
4830 140
4831 35
4835 306
4836 309
4837 411
4840 400
4843 95
4851 424
4852 67
4853 125
4854 72
4855 381
4856 446
4857 29
4858 14
4860 68
4865 309
4870 269
4874 482
4875 479
4878 72
4882 36
4884 389
4887 131
4889 304
4890 130
4892 120
4897 95
4898 482
4900 163
4908 283
4911 189
4912 35
4916 385
4926 334
4930 352
4932 214
4934 445
4938 439
4943 482
4946 155
4951 67
4953 316
4955 469
4956 385
4966 332
4968 285
4970 162
4971 311
4974 275
4976 308
4986 203
4988 191
4991 19
4997 145
