0 499
2 451
6 363
7 265
8 233
12 427
13 353
14 150
16 154
17 80
18 415
19 311
20 124
22 249
24 455
25 285
27 402
28 312
31 252
32 58
33 457
36 405
37 296
39 444
40 233
42 452
44 79
45 384
46 294
49 236
51 460
52 278
53 70
54 386
55 166
56 109
57 420
58 226
60 344
68 60
70 275
71 99
75 439
76 256
77 46
79 268
81 395
84 189
85 488
86 48
88 270
91 211
92 5
94 259
95 33
97 263
98 237
100 205
101 7
102 432
104 35
105 364
107 100
109 422
110 23
114 367
116 95
121 247
123 368
125 84
127 199
128 26
130 238
135 422
139 230
143 485
148 245
150 357
151 163
152 478
155 18
156 271
165 463
166 147
167 154
168 352
171 389
172 192
174 318
176 43
177 353
178 179
180 297
181 189
182 78
183 322
184 135
187 368
189 250
191 99
192 341
194 231
196 184
200 8
201 342
202 155
204 370
206 494
208 202
210 334
218 2
221 99
225 294
226 54
228 325
229 154
232 166
234 313
241 185
242 490
243 318
244 280
246 340
247 458
249 279
250 165
253 84
257 241
259 167
262 110
265 137
267 283
270 307
272 422
273 68
276 280
278 497
285 84
286 91
287 488
288 272
295 92
296 496
298 238
303 272
304 85
307 105
311 470
313 101
314 256
315 316
318 259
320 463
322 191
323 275
324 304
326 340
328 151
329 450
330 438
332 7
334 334
338 456
339 286
340 87
341 387
345 193
346 416
347 458
348 266
349 78
351 463
353 426
354 234
355 68
356 450
358 81
359 401
360 92
363 250
365 472
368 278
369 43
372 243
374 459
375 273
378 254
385 102
387 193
389 416
391 36
393 267
395 246
396 213
398 446
401 366
402 269
403 72
405 215
412 97
415 455
416 438
417 254
419 363
422 388
423 463
424 296
425 272
427 39
428 366
429 192
430 82
433 4
435 251
436 145
439 96
440 404
445 34
447 170
452 332
453 353
454 63
457 416
459 195
460 24
461 327
462 246
463 40
465 499
467 226
472 37
473 358
475 482
477 191
482 154
483 160
485 393
486 219
487 29
496 16
497 321
499 50
502 125
504 493
505 37
506 16
508 384
510 368
511 148
513 392
514 84
516 432
517 343
518 459
519 297
525 315
526 87
527 32
528 485
530 392
531 267
532 294
536 435
538 99
539 226
541 426
543 111
544 165
546 265
549 16
551 307
553 265
554 311
557 243
559 358
561 148
564 433
565 252
566 475
569 145
570 268
573 422
576 457
578 266
579 80
580 154
581 441
583 72
585 451
586 470
588 311
591 165
593 87
594 82
597 135
598 32
600 317
602 342
603 497
604 29
606 76
607 36
611 397
612 162
614 441
615 202
617 96
619 118
620 34
623 433
624 272
627 48
630 2
631 266
633 70
635 429
636 438
637 179
640 340
641 161
642 37
644 82
645 57
650 77
651 42
657 100
660 191
661 192
662 148
664 42
665 102
666 275
667 370
671 463
672 342
673 472
675 29
676 34
678 420
680 488
681 15
682 258
683 494
684 170
685 222
686 184
688 297
689 343
690 95
691 260
692 260
696 80
697 416
698 48
700 392
701 322
702 405
706 52
708 168
709 205
711 87
715 100
716 457
718 428
720 325
721 145
722 428
723 231
725 268
726 457
729 23
730 82
731 211
732 99
733 397
736 249
737 273
740 102
741 233
743 170
745 388
748 343
750 448
752 145
753 448
761 357
763 219
764 427
766 7
769 461
775 258
776 42
778 342
780 414
781 82
784 221
785 284
786 70
787 237
790 16
791 29
792 181
796 170
797 243
798 125
801 119
804 497
806 205
807 199
808 404
812 70
813 414
814 490
816 343
818 5
822 332
824 422
826 448
828 404
830 254
832 441
833 328
835 311
836 137
839 185
840 154
841 272
843 313
848 405
851 3
852 367
854 124
857 259
858 432
859 34
860 221
862 48
867 185
868 27
873 189
874 353
875 269
876 370
877 342
881 185
882 249
884 364
885 414
886 334
887 472
888 226
893 392
895 191
897 179
898 192
900 184
902 160
906 58
907 402
909 370
914 207
918 448
927 54
930 32
933 357
934 137
936 195
940 448
941 2
943 349
945 328
946 54
947 5
949 84
950 34
951 218
952 151
953 101
960 499
962 441
963 16
964 397
965 387
966 5
967 183
969 432
975 358
976 54
977 96
978 342
980 328
981 3
988 370
989 386
990 343
991 199
992 218
993 478
994 315
995 296
996 211
999 191
1000 420
1001 63
1003 286
1005 161
1007 343
1008 252
1010 33
1011 165
1012 77
1014 342
1015 389
1016 148
1017 16
1018 170
1019 68
1021 82
1022 252
1025 27
1026 392
1027 364
1028 414
1030 125
1031 4
1035 3
1037 275
1039 68
1042 161
1044 352
1047 404
1048 238
1049 325
1053 42
1054 124
1056 57
1058 36
1061 343
1062 247
1065 145
1066 222
1069 261
1070 321
1071 455
1073 16
1076 485
1077 426
1080 426
1081 337
1082 261
1083 327
1084 325
1087 284
1092 261
1095 470
1100 184
1101 332
1105 448
1107 249
1108 15
1109 35
1116 460
1120 246
1121 332
1122 316
1123 284
1125 352
1128 58
1129 226
1135 252
1137 170
1141 102
1145 102
1146 332
1148 337
1149 441
1152 23
1155 199
1159 137
1161 364
1162 273
1164 451
1165 404
1169 77
1170 2
1175 173
1176 185
1178 485
1180 494
1181 392
1182 221
1183 496
1184 266
1185 160
1187 279
1189 275
1192 275
1193 119
1194 405
1195 260
1196 343
1202 438
1203 358
1205 472
1206 338
1208 36
1209 247
1210 105
1211 438
1215 23
1217 91
1219 241
1220 332
1223 294
1228 98
1229 80
1230 488
1231 452
1232 439
1233 150
1234 236
1237 341
1239 455
1240 50
1245 393
1246 161
1249 337
1250 280
1251 118
1257 81
1259 271
1262 397
1267 32
1269 150
1271 185
1273 243
1275 341
1277 15
1278 456
1280 160
1281 428
1282 100
1286 154
1290 322
1292 184
1293 247
1294 260
1298 43
1300 323
1301 337
1303 421
1306 35
1307 386
1311 342
1313 275
1314 84
1316 82
1320 7
1321 497
1324 327
1325 231
1326 125
1328 58
1330 341
1332 427
1334 16
1335 192
1336 185
1337 405
1342 37
1344 317
1351 414
1355 259
1358 411
1359 95
1360 485
1361 459
1363 245
1364 199
1365 268
1367 242
1373 435
1374 341
1380 87
1381 219
1382 154
1385 337
1386 463
1387 448
1389 438
1391 352
1392 42
1393 76
1394 82
1399 311
1400 245
1401 162
1402 448
1403 342
1404 33
1406 397
1407 367
1410 35
1413 395
1414 76
1415 280
1417 343
1420 421
1422 370
1426 135
1429 161
1430 358
1432 363
1434 284
1436 271
1437 145
1440 8
1442 86
1443 81
1446 448
1447 367
1448 294
1450 456
1453 478
1454 497
1456 219
1457 238
1458 5
1459 414
1460 311
1464 7
1465 283
1466 218
1467 278
1471 15
1475 411
1476 411
1477 438
1478 119
1481 29
1485 207
1486 265
1491 497
1494 5
1495 215
1496 384
1497 280
1500 269
1501 284
1502 91
1503 119
1505 364
1506 160
1509 269
1510 4
1515 446
1516 192
1517 48
1520 386
1521 279
1523 101
1526 72
1527 70
1528 199
1534 405
1536 387
1537 231
1538 58
1539 321
1541 258
1543 337
1549 163
1555 42
1556 352
1557 316
1558 457
1560 304
1565 432
1568 15
1569 82
1571 338
1573 249
1574 304
1575 296
1577 439
1579 111
1580 338
1581 420
1584 207
1585 271
1587 366
1589 72
1592 414
1594 386
1595 452
1597 226
1598 461
1601 335
1602 205
1603 341
1604 81
1609 426
1611 245
1613 294
1614 280
1617 57
1618 91
1619 183
1620 478
1622 68
1623 160
1624 265
1626 332
1627 478
1628 341
1629 77
1631 461
1633 318
1637 294
1638 461
1639 427
1641 461
1642 82
1647 342
1648 195
1650 154
1652 97
1654 161
1656 100
1659 184
1660 338
1661 342
1664 275
1665 496
1669 328
1670 490
1671 15
1672 370
1674 184
1676 402
1678 163
1679 407
1682 441
1685 256
1686 266
1689 420
1690 450
1691 199
1692 482
1693 420
1697 268
1698 340
1704 165
1705 162
1707 268
1717 97
1718 110
1719 85
1721 63
1722 387
1728 27
1731 102
1732 7
1734 85
1735 297
1740 70
1741 234
1742 268
1743 494
1744 441
1753 318
1754 233
1756 441
1757 284
1759 472
1760 432
1764 237
1767 97
1770 236
1771 3
1772 231
1774 245
1775 155
1776 221
1778 119
1779 280
1781 286
1783 494
1786 162
1791 337
1792 35
1795 294
1796 426
1797 332
1798 29
1800 273
1801 191
1803 48
1804 185
1805 268
1807 48
1808 482
1809 364
1810 252
1811 343
1812 273
1813 415
1815 110
1818 433
1820 420
1821 322
1824 446
1829 387
1832 388
1833 448
1834 280
1836 316
1837 370
1839 367
1845 393
1849 50
1851 343
1852 432
1853 269
1854 195
1855 283
1856 307
1858 316
1862 147
1863 42
1865 86
1868 231
1869 328
1870 119
1871 258
1873 457
1875 278
1877 95
1878 494
1879 388
1881 46
1882 414
1884 456
1888 315
1889 389
1891 79
1894 266
1895 98
1899 57
1903 192
1904 40
1905 36
1907 189
1909 490
1910 272
1911 493
1913 2
1914 459
1915 26
1917 358
1918 283
1920 111
1922 426
1924 263
1925 76
1928 260
1929 256
1930 310
1938 304
1941 243
1949 258
1951 102
1953 160
1954 79
1957 57
1958 211
1960 80
1961 429
1962 35
1963 266
1964 221
1965 7
1966 91
1969 485
1977 401
1978 459
1981 338
1982 109
1984 451
1987 343
1990 392
1991 222
1992 185
1993 422
1995 98
1999 226
2000 254
2010 363
2012 245
2013 332
2014 426
2016 270
2018 475
2019 72
2025 194
2026 296
2027 323
2029 307
2032 145
2033 457
2039 161
2040 242
2041 307
2043 260
2046 86
2050 421
2051 218
2053 296
2054 448
2055 344
2056 181
2062 87
2064 184
2065 397
2067 307
2070 26
2071 322
2072 358
2073 370
2081 124
2082 260
2083 482
2084 263
2087 40
2088 275
2089 7
2090 318
2091 386
2092 160
2094 249
2097 313
2098 8
2099 148
2100 493
2102 211
2104 91
2110 63
2113 218
2114 405
2120 211
2122 421
2123 280
2127 60
2129 57
2130 32
2131 446
2134 482
2135 267
2136 461
2140 40
2143 439
2146 456
2147 109
2148 451
2150 335
2151 242
2152 98
2155 77
2158 279
2159 184
2160 337
2163 266
2164 271
2168 421
2169 137
2171 311
2176 353
2178 352
2179 77
2180 357
2183 272
2185 187
2187 340
2188 311
2189 342
2191 392
2192 358
2195 370
2198 448
2199 236
2200 263
2203 194
2204 173
2207 497
2208 490
2212 335
2216 386
2223 219
2225 444
2227 296
2231 265
2232 407
2234 97
2235 327
2237 316
2238 33
2239 349
2240 463
2241 421
2242 384
2243 485
2246 278
2248 241
2252 181
2253 96
2254 344
2257 110
2261 54
2262 60
2263 211
2264 272
2265 463
2267 313
2268 338
2271 472
2273 243
2277 472
2280 404
2282 463
2284 317
2286 189
2291 478
2292 165
2293 155
2297 15
2298 254
2299 52
2301 432
2303 429
2304 414
2306 205
2310 435
2311 194
2313 405
2314 341
2315 40
2318 452
2321 82
2322 181
2323 163
2324 422
2325 312
2328 72
2329 280
2330 432
2334 310
2335 344
2340 42
2344 247
2345 185
2348 85
2349 35
2351 261
2354 236
2356 386
2357 322
2358 258
2359 95
2361 366
2362 358
2363 338
2364 254
2365 335
2366 439
2367 242
2369 68
2371 458
2372 241
2373 23
2375 315
2376 349
2377 254
2378 199
2379 251
2380 211
2382 184
2383 178
2385 32
2389 285
2390 70
2392 364
2393 99
2394 472
2395 414
2399 446
2401 414
2403 459
2405 266
2406 72
2407 221
2414 192
2415 111
2416 52
2419 105
2420 68
2421 87
2422 76
2424 322
2425 16
2426 26
2427 27
2428 451
2431 98
2434 4
2437 119
2438 364
2440 265
2443 137
2444 95
2449 367
2453 421
2455 33
2457 147
2458 162
2459 482
2460 135
2461 494
2464 154
2465 343
2466 194
2467 46
2470 256
2471 124
2473 27
2477 340
2480 15
2483 420
2484 85
2486 460
2487 328
2488 432
2492 91
2496 27
2500 426
2501 72
2503 266
2506 98
2507 275
2511 353
2512 313
2519 91
2520 395
2522 205
2523 76
2524 286
2525 311
2531 233
2533 343
2534 160
2535 15
2538 245
2541 470
2543 256
2544 493
2545 230
2547 168
2549 275
2550 337
2551 98
2554 191
2555 458
2557 485
2558 338
2559 340
2560 192
2562 315
2564 36
2567 173
2571 311
2574 16
2575 187
2576 39
2581 433
2584 296
2585 427
2588 58
2589 285
2591 221
2595 98
2596 68
2597 233
2599 367
2600 421
2601 433
2602 395
2604 184
2605 170
2608 221
2610 36
2611 82
2614 160
2615 111
2618 95
2622 233
2624 388
2625 97
2627 286
2628 32
2629 85
2631 109
2632 237
2634 148
2635 24
2636 250
2638 60
2640 118
2646 439
2647 315
2648 441
2653 402
2654 18
2656 32
2658 323
2660 247
2661 420
2662 68
2665 249
2666 102
2668 258
2669 4
2671 243
2672 261
2673 58
2675 307
2676 266
2677 170
2678 63
2679 40
2681 183
2682 455
2685 493
2686 266
2691 475
2692 284
2694 411
2695 297
2700 57
2701 34
2703 54
2704 384
2705 37
2707 27
2710 273
2718 283
2720 147
2721 100
2727 294
2729 284
2732 364
2735 207
2736 4
2737 266
2746 162
2750 40
2752 386
2755 3
2757 323
2758 96
2759 414
2760 92
2761 342
2763 349
2764 96
2768 448
2769 4
2779 470
2780 266
2781 92
2783 52
2784 85
2785 191
2786 2
2787 39
2788 328
2789 185
2794 470
2796 250
2797 428
2799 405
2801 86
2809 168
2810 494
2811 278
2812 279
2816 179
2818 86
2819 472
2820 185
2823 358
2826 358
2827 63
2830 185
2831 63
2832 342
2833 100
2837 284
2839 311
2843 34
2847 84
2848 316
2852 311
2853 137
2854 2
2855 218
2857 57
2858 246
2860 24
2861 27
2864 338
2865 98
2869 318
2870 334
2871 460
2872 2
2873 109
2874 283
2876 311
2878 315
2880 98
2882 340
2886 87
2889 270
2890 242
2893 168
2896 124
2903 102
2904 482
2905 426
2906 39
2909 328
2911 35
2914 233
2915 26
2916 432
2920 194
2921 15
2922 389
2923 384
2924 448
2927 470
2930 215
2931 221
2936 451
2938 433
2941 42
2944 402
2946 488
2948 260
2949 29
2952 86
2956 58
2962 310
2965 317
2966 40
2967 97
2970 334
2971 234
2980 249
2982 337
2983 4
2984 268
2988 109
2990 101
2993 273
2994 3
2997 118
3000 48
3001 218
3005 438
3006 54
3010 218
3012 221
3013 432
3019 420
3020 401
3021 441
3022 275
3023 386
3028 39
3029 111
3031 332
3032 224
3036 99
3037 414
3046 215
3047 452
3048 213
3049 358
3050 317
3051 224
3052 109
3055 15
3058 358
3059 207
3060 368
3062 154
3064 205
3066 337
3067 252
3070 455
3071 99
3072 37
3073 162
3075 58
3076 428
3079 98
3081 18
3085 322
3088 162
3090 485
3091 15
3098 357
3099 82
3104 18
3106 91
3110 337
3111 58
3113 135
3117 161
3118 441
3119 395
3120 315
3121 497
3129 458
3130 307
3131 205
3136 161
3137 80
3138 260
3139 366
3141 162
3142 386
3144 245
3146 137
3147 26
3148 265
3149 211
3151 82
3159 8
3160 92
3163 155
3165 63
3166 325
3169 315
3171 304
3172 23
3173 29
3174 230
3175 79
3177 343
3179 388
3185 404
3186 57
3187 352
3189 4
3190 438
3191 275
3192 352
3196 213
3198 194
3199 490
3200 40
3201 472
3202 109
3206 358
3207 407
3209 461
3211 450
3212 151
3213 33
3217 313
3219 371
3223 279
3227 438
3228 420
3229 426
3231 37
3232 325
3234 27
3236 86
3237 494
3238 266
3243 388
3245 388
3247 168
3248 260
3250 463
3252 98
3255 275
3256 405
3257 337
3258 342
3259 338
3260 494
3262 154
3264 494
3265 199
3267 280
3269 482
3271 243
3272 307
3282 475
3285 34
3286 261
3287 222
3289 202
3290 102
3292 76
3294 245
3295 184
3297 420
3298 438
3302 420
3306 102
3308 393
3309 16
3312 24
3313 101
3316 342
3320 340
3321 58
3322 421
3323 36
3324 493
3325 2
3327 426
3328 5
3329 119
3331 92
3332 207
3333 68
3334 402
3335 226
3336 448
3340 7
3341 294
3344 170
3345 456
3351 215
3353 43
3354 455
3356 332
3357 195
3359 192
3361 284
3362 236
3363 184
3364 23
3366 77
3370 435
3371 119
3372 15
3375 100
3377 3
3378 439
3379 335
3380 84
3381 37
3383 72
3386 243
3388 488
3390 340
3391 275
3392 150
3393 137
3394 192
3395 245
3396 342
3398 414
3399 252
3400 343
3402 18
3403 251
3405 68
3406 459
3408 420
3409 325
3411 426
3412 155
3413 497
3415 213
3420 34
3421 460
3424 415
3426 402
3428 429
3430 193
3431 68
3432 266
3436 238
3437 358
3438 68
3442 87
3444 185
3445 52
3446 245
3447 368
3448 97
3450 455
3451 233
3457 268
3460 27
3461 366
3462 81
3463 273
3464 457
3468 490
3471 102
3472 388
3473 388
3474 185
3475 268
3477 137
3478 160
3479 2
3481 343
3482 307
3483 162
3486 160
3491 387
3498 266
3500 446
3504 63
3505 444
3507 311
3509 222
3510 386
3511 420
3515 43
3517 148
3519 184
3520 162
3522 42
3525 279
3527 310
3530 135
3531 40
3532 304
3534 458
3536 52
3537 441
3539 304
3543 384
3545 33
3546 446
3548 340
3550 50
3551 463
3553 366
3554 260
3555 450
3561 42
3562 109
3563 154
3565 315
3567 5
3571 148
3572 316
3573 441
3578 268
3581 415
3582 81
3584 219
3586 352
3587 371
3588 407
3589 150
3591 259
3595 8
3600 284
3603 328
3605 137
3610 497
3614 366
3615 29
3616 68
3617 194
3618 87
3620 32
3623 344
3627 433
3628 2
3629 457
3630 3
3631 304
3632 317
3633 77
3638 72
3639 202
3640 294
3642 371
3649 101
3651 310
3655 105
3656 24
3657 60
3659 60
3662 499
3663 40
3664 448
3667 102
3668 286
3671 166
3674 322
3676 448
3680 37
3683 79
3684 202
3685 367
3688 33
3690 332
3691 224
3692 118
3693 219
3694 364
3704 195
3705 147
3708 286
3709 429
3710 404
3711 332
3713 81
3714 194
3717 451
3721 415
3724 205
3725 451
3726 401
3727 184
3728 23
3729 15
3732 95
3733 285
3737 68
3738 459
3739 16
3740 24
3741 393
3743 160
3745 243
3746 352
3747 211
3749 250
3751 270
3752 191
3759 16
3763 5
3767 33
3768 3
3772 8
3775 194
3776 150
3778 137
3782 414
3783 278
3784 363
3788 322
3791 388
3792 456
3793 27
3797 48
3798 459
3806 404
3807 344
3808 444
3809 37
3811 3
3812 24
3813 352
3814 124
3819 57
3820 82
3821 187
3824 404
3825 91
3827 256
3828 273
3831 272
3832 342
3841 323
3842 284
3844 328
3846 433
3847 402
3848 368
3850 317
3852 268
3854 432
3855 446
3856 85
3867 366
3871 260
3873 321
3874 478
3876 490
3877 318
3878 266
3882 168
3883 472
3886 15
3891 233
3895 388
3896 261
3897 358
3901 370
3905 193
3909 407
3910 260
3914 162
3917 95
3919 162
3921 275
3923 402
3928 243
3929 388
3930 36
3931 269
3932 343
3935 342
3936 420
3938 154
3939 268
3941 432
3943 8
3945 266
3947 167
3948 247
3952 231
3954 87
3959 60
3961 195
3963 242
3966 3
3967 8
3968 456
3970 170
3971 35
3973 32
3974 263
3976 91
3978 162
3981 58
3982 119
3983 96
3984 482
3985 70
3986 460
3988 405
3990 4
3991 411
3992 185
3993 340
3995 461
3998 392
3999 184
4000 252
4002 202
4003 395
4005 135
4007 155
4016 460
4017 16
4020 312
4022 35
4024 98
4026 261
4027 147
4028 337
4031 325
4033 446
4036 82
4039 258
4041 207
4045 84
4048 482
4049 340
4052 246
4053 310
4055 39
4058 231
4059 166
4061 76
4064 414
4069 395
4070 444
4071 15
4072 100
4074 185
4076 271
4078 187
4080 254
4082 261
4083 233
4085 76
4087 184
4088 242
4090 284
4091 237
4095 271
4096 236
4098 24
4100 249
4101 363
4105 151
4107 242
4113 249
4114 192
4115 52
4117 386
4119 236
4121 189
4122 392
4123 459
4124 199
4125 414
4129 110
4130 15
4135 211
4138 275
4139 327
4141 32
4145 388
4146 249
4147 58
4149 411
4151 42
4152 388
4154 435
4157 286
4161 137
4162 294
4165 455
4166 101
4169 279
4170 202
4171 439
4172 16
4174 135
4175 318
4177 218
4179 261
4181 432
4183 238
4184 388
4185 87
4186 270
4188 296
4190 18
4192 328
4194 91
4195 16
4197 388
4199 266
4200 370
4203 265
4205 338
4206 420
4209 48
4210 475
4211 254
4212 27
4213 29
4216 497
4221 211
4224 15
4227 427
4228 54
4229 451
4230 249
4231 404
4233 236
4234 344
4235 145
4236 268
4238 168
4239 150
4240 265
4242 147
4243 323
4244 364
4245 286
4246 34
4249 100
4250 8
4251 297
4254 195
4255 435
4258 259
4263 238
4267 261
4272 48
4273 199
4275 57
4276 485
4277 343
4278 4
4280 327
4282 181
4286 82
4288 421
4293 245
4294 279
4296 148
4300 211
4302 352
4305 195
4307 294
4309 82
4312 341
4313 268
4314 286
4316 426
4317 54
4318 18
4319 97
4321 344
4325 58
4330 26
4331 2
4332 338
4334 497
4335 68
4336 497
4339 54
4340 311
4343 459
4347 352
4348 98
4350 35
4358 33
4360 15
4361 40
4364 405
4366 315
4367 280
4369 280
4370 344
4375 414
4379 250
4381 328
4384 135
4386 349
4387 194
4388 456
4391 266
4393 68
4394 27
4397 337
4398 420
4399 275
4400 426
4401 86
4403 313
4405 160
4406 497
4409 444
4415 268
4417 68
4423 192
4425 187
4426 328
4430 29
4431 283
4434 426
4435 338
4437 349
4440 426
4441 402
4442 337
4447 318
4452 195
4453 261
4455 269
4456 39
4457 384
4458 231
4459 213
4460 252
4464 341
4472 27
4474 161
4476 387
4477 168
4481 384
4482 145
4484 439
4485 230
4486 91
4488 444
4489 35
4490 352
4492 82
4494 27
4496 272
4498 97
4501 82
4503 499
4504 87
4505 86
4507 279
4508 279
4510 343
4516 258
4517 27
4521 72
4522 237
4523 72
4524 342
4527 386
4529 388
4531 275
4533 82
4534 119
4537 335
4538 213
4540 230
4542 279
4546 72
4547 414
4550 269
4554 99
4555 395
4556 179
4557 109
4558 414
4560 32
4561 294
4562 387
4563 321
4564 405
4567 285
4568 414
4569 40
4576 284
4577 213
4578 280
4583 85
4585 7
4586 102
4588 364
4590 367
4591 395
4592 102
4593 241
4596 162
4598 77
4600 268
4601 448
4603 275
4604 29
4605 48
4606 343
4609 34
4610 368
4612 221
4613 404
4614 435
4615 118
4616 393
4619 105
4620 273
4622 426
4623 46
4624 256
4628 179
4630 72
4633 366
4636 50
4638 82
4642 109
4643 411
4644 343
4646 119
4648 313
4650 58
4652 278
4656 35
4657 221
4659 85
4661 386
4662 219
4663 105
4664 184
4665 166
4666 268
4669 97
4670 125
4671 342
4673 181
4674 485
4676 414
4677 463
4678 428
4679 363
4684 470
4685 251
4687 2
4689 310
4690 150
4694 259
4698 99
4699 402
4700 85
4701 178
4709 77
4711 313
4716 173
4717 124
4719 3
4720 279
4721 499
4722 461
4723 24
4727 193
4730 340
4732 411
4734 79
4737 199
4739 35
4740 395
4742 173
4746 402
4748 251
4752 226
4753 328
4754 42
4759 317
4760 147
4762 386
4765 241
4767 414
4771 459
4772 162
4774 415
4775 105
4781 370
4782 150
4784 270
4789 482
4790 205
4792 427
4795 283
4799 247
4800 283
4802 426
4804 189
4806 402
4807 322
4809 18
4811 81
4812 80
4813 211
4815 312
4817 426
4818 37
4820 367
4822 96
4823 254
4824 420
4826 461
4827 184
4828 226
4829 154
4831 35
4832 82
4834 231
4839 179
4841 29
4843 95
4844 260
4846 81
4847 80
4848 284
4850 137
4853 125
4854 72
4857 29
4859 269
4860 68
4861 233
4862 296
4863 317
4866 36
4867 490
4869 187
4870 269
4871 15
4873 371
4878 72
4879 46
4881 485
4882 36
4883 40
4884 389
4885 482
4889 304
4891 311
4892 54
4894 80
4896 187
4897 135
4898 482
4899 392
4900 401
4901 101
4904 367
4905 388
4906 395
4907 429
4908 283
4911 189
4913 260
4914 304
4917 284
4918 105
4921 384
4923 273
4924 168
4925 147
4926 334
4934 237
4935 26
4937 110
4939 441
4942 245
4944 18
4946 155
4953 316
4955 57
4957 261
4960 86
4963 18
4966 332
4968 285
4969 189
4970 328
4971 311
4973 105
4974 275
4975 459
4978 27
4983 154
4985 234
4988 191
4989 85
4993 327
4997 145
4999 433
5000 433
5001 433
5003 496
5005 119
5006 119
5007 23
5008 95
5012 35
5013 35
5016 340
5017 340
5018 307
5019 397
5021 271
5022 5
5024 337
5025 337
5026 438
5027 438
5030 187
5031 268
5032 268
5035 441
5036 441
5038 414
5039 414
5040 414
5042 109
5044 16
5045 16
5046 384
5047 366
5054 497
5055 497
5061 392
5062 392
5063 446
5064 428
5065 195
5066 195
5067 99
5070 162
5071 162
5073 263
5075 371
5076 179
5083 478
5087 472
5088 472
5101 151
5102 429
5104 414
5105 414
5106 414
5107 100
5117 435
5118 318
5119 357
5120 249
5121 249
5122 267
5125 243
5126 243
5127 165
5129 482
5130 482
5133 428
5137 485
5138 485
5141 27
5142 27
5144 18
5147 84
5152 371
5158 284
5159 284
5162 224
5163 278
5164 92
5167 236
5168 427
5169 364
5170 364
5177 340
5179 370
5180 370
5182 2
5183 2
5184 211
5185 211
5186 283
5187 124
5192 456
5194 387
5195 118
5196 109
5197 109
5198 82
5199 82
5203 40
5204 40
5207 76
5208 79
5211 70
5214 34
5215 34
5218 207
5219 279
5220 279
5224 60
5225 213
5228 428
5230 231
5231 332
5232 332
5233 341
5234 341
5237 36
5238 36
5242 416
5243 42
5244 42
5245 338
5246 338
5255 215
5256 233
5257 233
5258 278
5260 101
5261 254
5262 155
5263 478
5264 110
5265 415
5268 185
5269 185
5270 499
5271 364
5272 364
5273 32
5274 32
5280 8
5281 448
5282 448
5289 184
5290 184
5292 328
5293 328
5296 85
5297 85
5298 58
5299 58
5311 318
5312 402
5313 402
5316 261
5317 261
5318 488
5321 237
5322 60
5323 105
5327 332
5328 395
5329 395
5330 54
5331 54
5334 27
5335 27
5336 36
5338 458
5339 371
5340 230
5344 161
5345 161
5346 251
5348 101
5349 451
5350 119
5351 119
5355 77
5358 367
5359 367
5361 8
5363 226
5365 271
5366 5
5367 256
5374 163
5375 46
5376 145
5379 40
5380 40
5384 312
5385 393
5386 411
5387 258
5391 342
5392 342
5393 342
5394 270
5400 219
5401 237
5402 192
5403 192
5404 273
5405 273
5407 392
5408 392
5412 428
5414 395
5415 395
5416 458
5419 236
5422 77
5423 77
5424 86
5425 499
5438 370
5439 370
5440 226
5441 226
5443 334
5444 2
5445 2
5446 193
5454 178
5455 456
5456 459
5457 459
5458 405
5459 405
5460 145
5461 145
5466 435
5468 402
5469 402
5470 43
5471 488
5477 332
5478 332
5479 63
5481 485
5482 485
5484 317
5485 111
5486 42
5487 42
5488 493
5489 179
5491 173
5493 478
5504 349
5506 307
5507 307
5508 5
5509 5
5510 184
5511 184
5512 184
5513 193
5514 211
5515 211
5516 310
5520 259
5522 187
5523 163
5524 432
5525 432
5526 100
5527 100
5538 279
5539 279
5541 261
5542 261
5543 315
5544 315
5545 470
5546 273
5547 273
5548 87
5549 87
5550 96
5553 389
5555 371
5556 230
5560 284
5561 284
5564 266
5565 266
5566 266
