0 499
1 299
3 424
5 133
7 265
8 233
11 153
12 427
13 353
14 150
15 449
17 80
18 415
21 419
22 249
23 31
24 455
26 83
28 312
30 442
31 252
32 58
33 457
34 288
35 75
36 405
37 296
39 444
40 233
43 277
44 79
50 480
51 460
52 278
53 70
56 109
61 291
63 381
66 107
67 228
69 373
70 275
71 99
72 159
74 107
80 360
81 395
85 488
86 48
87 348
89 90
90 380
92 5
94 259
95 33
97 263
99 382
100 205
104 35
105 364
106 172
107 100
108 409
109 422
110 23
111 445
115 436
117 93
118 197
119 25
121 247
123 368
124 169
126 399
127 199
128 26
129 330
132 360
133 171
135 422
141 361
142 443
143 485
146 1
148 245
149 66
150 357
152 478
153 398
154 164
156 271
157 248
160 177
161 489
162 400
163 190
165 463
169 495
170 484
171 389
172 192
175 140
176 43
177 353
179 477
180 297
184 135
186 345
187 368
188 479
189 250
191 99
192 341
193 136
194 231
196 184
200 8
204 370
205 88
210 334
211 373
212 62
214 174
216 302
219 383
220 153
221 99
223 164
224 419
227 398
228 325
230 336
233 495
235 127
236 30
237 339
239 474
242 490
247 458
249 279
251 491
252 308
254 13
256 141
257 241
259 167
260 480
261 314
263 186
264 326
265 137
266 473
267 283
268 186
270 307
271 131
272 422
277 158
278 497
281 440
282 469
284 469
287 488
288 272
290 287
291 336
292 153
294 197
295 92
296 496
300 231
301 138
302 464
303 272
305 498
306 295
308 436
309 277
313 101
318 259
320 463
323 275
324 304
325 122
327 424
328 151
329 450
331 419
333 298
334 334
335 356
339 286
340 87
341 387
347 458
350 172
351 463
353 426
356 450
360 92
361 123
363 250
365 472
366 287
367 71
368 278
369 43
371 443
373 491
378 254
380 437
384 276
385 102
386 383
391 36
393 267
394 69
396 213
397 108
398 446
400 55
403 72
404 379
405 215
409 44
413 208
415 455
417 254
418 45
420 175
421 88
422 388
423 463
424 296
425 272
429 192
430 82
432 196
435 251
445 34
446 362
447 170
448 93
452 332
453 353
458 410
461 327
464 356
465 499
468 198
470 30
471 445
472 37
473 358
474 159
480 139
481 62
484 483
486 219
489 123
491 375
493 476
497 321
499 50
502 125
503 153
504 493
505 37
509 138
510 368
511 148
513 392
515 138
517 343
519 297
522 133
524 348
526 87
528 485
529 190
530 392
531 267
533 381
534 424
538 99
541 426
542 14
543 111
546 265
551 307
553 265
555 90
556 159
559 358
561 148
562 409
565 252
566 475
567 360
571 106
572 440
573 422
576 457
579 80
582 348
583 72
589 445
590 276
592 131
593 87
594 82
596 339
597 135
599 479
601 94
603 497
605 348
607 36
609 298
610 141
613 159
618 136
620 34
621 94
622 336
624 272
626 409
627 48
629 360
632 480
633 70
634 394
635 429
638 169
639 302
641 161
642 37
644 82
649 295
651 42
654 121
657 100
659 107
661 192
662 148
663 75
664 42
665 102
666 275
667 370
668 491
671 463
673 472
676 34
680 488
684 170
685 222
686 184
688 297
689 343
693 409
696 80
698 48
700 392
702 405
706 52
707 295
709 205
711 87
712 186
713 66
714 463
715 100
716 457
717 55
719 90
720 325
723 231
726 457
728 298
729 23
730 82
732 99
736 249
740 102
741 233
742 345
743 170
745 388
747 69
748 343
749 291
756 198
757 484
758 174
760 410
761 357
763 219
764 427
772 157
773 464
776 42
777 107
779 302
780 414
781 82
784 221
786 70
788 190
789 276
792 181
795 373
796 170
798 125
800 298
802 474
804 497
805 491
806 205
807 199
810 171
811 157
812 70
813 414
814 490
815 287
816 343
817 190
818 5
819 400
821 90
822 332
823 473
824 422
825 360
830 254
833 328
836 137
837 1
838 288
841 272
842 394
847 302
848 405
849 69
851 3
856 93
857 259
859 34
860 221
861 158
862 48
863 228
865 454
871 443
874 353
876 370
878 30
879 437
882 249
883 480
884 364
885 414
886 334
887 472
889 277
891 121
893 392
896 133
898 192
899 138
900 184
903 138
905 330
906 58
909 370
910 330
911 276
913 383
914 207
915 361
916 362
919 44
922 298
924 345
925 491
928 208
932 75
933 357
934 137
945 328
947 5
950 34
951 218
952 151
953 101
954 409
955 424
957 293
959 480
960 499
961 138
965 387
966 5
967 183
970 108
973 123
975 358
979 276
980 328
981 3
985 164
987 437
988 370
990 343
991 199
992 218
993 478
995 296
997 164
998 298
1002 408
1003 286
1005 161
1006 121
1007 343
1008 252
1010 33
1015 389
1016 148
1018 170
1020 55
1021 82
1022 252
1026 392
1027 364
1028 414
1029 159
1030 125
1032 122
1033 326
1035 3
1037 275
1038 174
1041 164
1042 161
1049 325
1050 30
1051 133
1052 171
1053 42
1055 93
1057 71
1058 36
1059 394
1060 484
1061 343
1062 247
1063 13
1064 355
1066 222
1069 261
1070 321
1071 455
1075 491
1076 485
1077 426
1078 158
1079 149
1080 426
1082 261
1083 327
1084 325
1085 383
1088 419
1092 261
1093 45
1096 93
1097 302
1098 453
1099 277
1100 184
1101 332
1103 140
1104 339
1107 249
1109 35
1110 88
1113 140
1115 293
1116 460
1117 383
1118 410
1119 377
1121 332
1124 208
1128 58
1130 175
1131 326
1134 288
1135 252
1137 170
1138 287
1140 383
1141 102
1145 102
1146 332
1152 23
1153 157
1154 464
1155 199
1157 409
1159 137
1160 330
1161 364
1166 248
1172 138
1174 131
1175 173
1177 449
1178 485
1179 293
1181 392
1182 221
1183 496
1187 279
1188 131
1189 275
1190 174
1192 275
1194 405
1196 343
1200 30
1203 358
1205 472
1207 153
1208 36
1209 247
1212 339
1213 326
1215 23
1218 491
1219 241
1220 332
1222 291
1224 248
1225 107
1227 177
1228 98
1229 80
1230 488
1233 150
1236 479
1237 341
1238 122
1239 455
1240 50
1241 94
1243 169
1244 121
1246 161
1254 491
1256 291
1258 326
1259 271
1263 408
1266 474
1268 153
1269 150
1272 35
1275 341
1279 186
1282 100
1285 400
1287 276
1288 382
1291 400
1292 184
1293 247
1298 43
1299 138
1303 421
1305 440
1306 35
1308 149
1310 449
1313 275
1316 82
1321 497
1324 327
1325 231
1326 125
1328 58
1330 341
1332 427
1333 419
1335 192
1337 405
1339 25
1340 164
1342 37
1346 400
1347 248
1348 380
1350 133
1351 414
1352 186
1354 28
1355 259
1356 293
1360 485
1362 28
1363 245
1364 199
1366 436
1368 399
1370 464
1372 88
1374 341
1375 149
1378 288
1379 138
1380 87
1381 219
1383 138
1384 88
1386 463
1390 198
1392 42
1394 82
1395 233
1396 453
1397 360
1398 474
1400 245
1404 33
1405 131
1408 377
1410 35
1411 473
1413 395
1416 138
1417 343
1418 11
1419 443
1420 421
1421 140
1422 370
1425 198
1426 135
1428 410
1429 161
1430 358
1431 314
1435 107
1436 271
1439 153
1440 8
1441 302
1442 86
1444 71
1451 25
1452 30
1453 478
1454 497
1456 219
1458 5
1459 414
1465 283
1466 218
1467 278
1468 30
1469 498
1470 172
1474 55
1480 339
1482 473
1485 207
1486 265
1487 302
1488 123
1491 497
1492 221
1493 66
1494 5
1495 215
1499 484
1504 14
1505 364
1508 141
1515 446
1516 192
1517 48
1521 279
1523 101
1526 72
1527 70
1528 199
1529 136
1531 449
1532 141
1534 405
1536 387
1537 231
1538 58
1539 321
1545 469
1546 453
1548 30
1553 400
1554 362
1555 42
1558 457
1559 276
1560 304
1561 62
1563 133
1564 408
1567 122
1569 82
1570 123
1573 249
1574 304
1575 296
1578 28
1579 111
1584 207
1585 271
1588 55
1589 72
1592 414
1593 164
1601 335
1602 205
1603 341
1606 440
1607 383
1609 426
1611 245
1616 55
1619 183
1620 478
1621 454
1624 265
1626 332
1627 478
1628 341
1630 75
1634 398
1636 339
1639 427
1642 82
1643 443
1645 408
1646 469
1651 172
1654 161
1656 100
1657 140
1659 184
1662 131
1663 133
1664 275
1665 496
1666 394
1668 122
1669 328
1670 490
1672 370
1674 184
1675 121
1681 88
1683 28
1684 28
1688 453
1690 450
1691 199
1695 190
1699 164
1701 440
1703 133
1706 379
1710 30
1716 66
1722 387
1723 138
1724 221
1727 484
1729 291
1731 102
1735 297
1737 330
1739 140
1740 70
1745 302
1746 55
1747 186
1748 394
1749 484
1750 62
1754 233
1755 298
1758 400
1759 472
1762 399
1768 336
1769 298
1771 3
1772 231
1774 245
1776 221
1780 293
1781 286
1788 140
1789 453
1792 35
1793 361
1796 426
1797 332
1803 48
1806 149
1807 48
1809 364
1810 252
1811 343
1813 415
1817 409
1819 379
1824 446
1826 122
1828 140
1829 387
1830 157
1831 153
1832 388
1837 370
1838 140
1842 377
1843 276
1844 449
1848 172
1849 50
1850 208
1851 343
1855 283
1856 307
1857 122
1859 361
1863 42
1865 86
1866 108
1867 291
1868 231
1869 328
1873 457
1874 122
1875 278
1879 388
1880 153
1882 414
1887 449
1889 389
1891 79
1895 98
1897 291
1898 14
1901 31
1902 443
1903 192
1905 36
1906 11
1909 490
1910 272
1911 493
1915 26
1917 358
1918 283
1919 400
1920 111
1921 476
1922 426
1924 263
1926 196
1933 197
1934 477
1935 469
1938 304
1943 44
1945 276
1948 495
1950 479
1951 102
1954 79
1959 491
1960 80
1961 429
1962 35
1964 221
1968 326
1969 485
1970 436
1972 291
1975 159
1979 491
1982 109
1985 440
1986 83
1987 343
1988 71
1990 392
1991 222
1993 422
1994 491
1995 98
1996 408
1998 291
2000 254
2002 437
2005 161
2012 245
2013 332
2014 426
2018 475
2019 72
2022 330
2023 140
2024 190
2025 194
2026 296
2029 307
2031 159
2033 457
2034 157
2038 381
2039 161
2041 307
2044 409
2046 86
2047 436
2048 341
2049 14
2050 421
2051 218
2052 106
2053 296
2056 181
2060 159
2062 87
2063 381
2064 184
2067 307
2069 107
2070 26
2072 358
2073 370
2075 106
2076 449
2077 1
2078 348
2079 477
2080 398
2084 263
2085 1
2086 276
2088 275
2094 249
2095 276
2096 13
2098 8
2099 148
2100 493
2106 443
2109 94
2111 483
2113 218
2114 405
2115 410
2118 172
2122 421
2125 436
2128 383
2131 446
2135 267
2139 288
2142 453
2147 109
2150 335
2152 98
2157 138
2158 279
2159 184
2164 271
2166 159
2168 421
2169 137
2170 228
2174 293
2175 69
2176 353
2180 357
2183 272
2184 326
2185 187
2186 491
2190 174
2191 392
2192 358
2195 370
2197 330
2200 263
2202 14
2203 194
2204 173
2205 362
2206 276
2207 497
2208 490
2212 335
2214 379
2219 174
2220 453
2221 157
2222 248
2223 219
2225 444
2226 291
2227 296
2231 265
2233 298
2235 327
2236 13
2238 33
2240 463
2241 421
2243 485
2245 175
2246 278
2248 241
2249 477
2252 181
2256 127
2258 139
2259 426
2264 272
2265 463
2266 186
2269 121
2271 472
2272 339
2277 472
2278 138
2279 139
2281 13
2282 463
2283 293
2291 478
2294 495
2295 409
2296 133
2298 254
2299 52
2302 69
2303 429
2304 414
2305 198
2306 205
2308 42
2311 194
2312 11
2313 405
2314 341
2317 381
2321 82
2322 181
2324 422
2325 312
2328 72
2338 339
2339 381
2340 42
2344 247
2346 348
2349 35
2351 261
2352 295
2353 45
2362 358
2364 254
2365 335
2371 458
2372 241
2373 23
2374 410
2377 254
2378 199
2379 251
2381 3
2382 184
2383 178
2386 288
2387 377
2390 70
2392 364
2393 99
2394 472
2395 414
2396 44
2398 31
2399 446
2401 414
2406 72
2407 221
2410 1
2411 164
2412 83
2413 127
2414 192
2415 111
2416 52
2417 174
2421 87
2423 138
2426 26
2429 287
2431 98
2433 122
2435 382
2438 364
2439 90
2440 265
2443 137
2450 375
2451 491
2452 164
2453 421
2455 33
2456 424
2460 135
2463 480
2465 343
2466 194
2468 44
2469 133
2472 158
2474 419
2475 473
2476 440
2481 477
2486 460
2487 328
2489 454
2493 139
2497 107
2499 473
2500 426
2501 72
2505 314
2506 98
2507 275
2510 90
2511 353
2513 408
2516 379
2518 157
2520 395
2522 205
2524 286
2526 121
2527 108
2531 233
2533 343
2538 245
2539 136
2542 169
2544 493
2546 149
2548 140
2549 275
2551 98
2552 302
2555 458
2557 485
2560 192
2561 140
2563 90
2564 36
2566 138
2567 173
2569 158
2570 208
2573 30
2575 187
2578 171
2579 141
2580 35
2583 479
2584 296
2585 427
2586 330
2587 157
2588 58
2591 221
2592 175
2594 98
2595 98
2597 233
2600 421
2602 395
2603 360
2604 184
2605 170
2606 336
2607 497
2608 221
2610 36
2611 82
2615 111
2616 302
2617 198
2619 122
2622 233
2623 75
2624 388
2626 14
2627 286
2631 109
2633 302
2634 148
2636 250
2637 44
2644 394
2645 75
2650 336
2655 410
2657 409
2659 133
2660 247
2664 137
2665 249
2666 102
2667 123
2672 261
2673 58
2675 307
2677 170
2681 183
2682 455
2685 493
2687 445
2690 375
2691 475
2695 297
2696 330
2698 1
2701 34
2702 131
2705 37
2712 355
2715 298
2718 283
2721 100
2723 382
2724 276
2725 174
2726 341
2728 123
2731 288
2732 364
2734 149
2735 207
2738 172
2743 107
2744 276
2747 442
2748 355
2754 133
2755 3
2756 498
2759 414
2760 92
2762 94
2765 330
2766 362
2767 381
2771 121
2773 28
2776 66
2778 398
2781 92
2782 159
2783 52
2788 328
2790 440
2791 469
2792 106
2793 399
2796 250
2798 208
2799 405
2800 377
2801 86
2805 140
2811 278
2812 279
2815 66
2818 86
2819 472
2821 440
2823 358
2825 408
2826 358
2828 479
2833 100
2840 171
2843 34
2844 288
2850 348
2851 44
2853 137
2855 218
2856 25
2859 136
2863 276
2865 98
2870 334
2871 460
2873 109
2874 283
2879 28
2880 98
2881 94
2883 30
2884 476
2886 87
2891 276
2895 90
2897 248
2898 477
2899 94
2902 491
2903 102
2905 426
2907 190
2909 328
2911 35
2914 233
2915 26
2919 133
2920 194
2922 389
2926 454
2928 453
2930 215
2931 221
2937 30
2941 42
2946 488
2947 382
2950 410
2951 443
2952 86
2955 169
2956 58
2957 122
2959 392
2960 491
2964 177
2968 122
2969 153
2970 334
2974 474
2977 30
2978 133
2979 159
2980 249
2981 83
2988 109
2990 101
2992 157
2994 3
2995 480
3000 48
3001 218
3007 480
3009 94
3010 218
3012 221
3014 157
3016 302
3022 275
3025 299
3026 137
3027 153
3029 111
3031 332
3032 224
3034 66
3036 99
3037 414
3042 174
3045 409
3046 215
3048 213
3049 358
3051 224
3052 109
3056 326
3058 358
3059 207
3060 368
3061 392
3063 298
3064 205
3067 252
3070 455
3071 99
3072 37
3074 302
3075 58
3077 107
3078 383
3079 98
3083 157
3084 408
3090 485
3094 424
3096 437
3098 357
3099 82
3100 90
3103 157
3105 171
3107 138
3108 31
3109 480
3111 58
3113 135
3115 355
3116 228
3117 161
3119 395
3121 497
3124 45
3126 71
3127 345
3129 458
3130 307
3131 205
3132 138
3134 136
3135 93
3136 161
3137 80
3144 245
3145 13
3146 137
3147 26
3148 265
3151 82
3152 174
3153 408
3158 361
3159 8
3160 92
3162 302
3164 133
3166 325
3167 400
3171 304
3172 23
3175 79
3177 343
3179 388
3180 400
3181 94
3182 133
3188 94
3191 275
3194 169
3195 277
3196 213
3198 194
3199 490
3201 472
3202 109
3203 326
3204 454
3206 358
3210 13
3211 450
3212 151
3213 33
3215 440
3216 477
3218 326
3219 371
3221 133
3222 326
3223 279
3224 375
3225 88
3229 426
3230 121
3231 37
3232 325
3236 86
3240 107
3242 298
3243 388
3244 44
3245 388
3246 339
3250 463
3252 98
3254 172
3255 275
3256 405
3265 199
3268 381
3270 474
3272 307
3274 408
3275 133
3280 479
3281 169
3282 475
3284 174
3285 34
3286 261
3287 222
3290 102
3293 345
3294 245
3295 184
3300 171
3301 25
3303 133
3306 102
3307 489
3310 362
3311 159
3313 101
3317 133
3318 164
3319 186
3321 58
3322 421
3323 36
3324 493
3326 133
3327 426
3328 5
3331 92
3332 207
3338 377
3339 277
3343 127
3344 170
3346 131
3347 449
3350 174
3351 215
3352 345
3353 43
3354 455
3356 332
3358 440
3359 192
3363 184
3364 23
3365 228
3367 408
3368 377
3369 326
3374 108
3375 100
3376 69
3377 3
3379 335
3381 37
3383 72
3384 55
3388 488
3391 275
3392 150
3393 137
3394 192
3395 245
3398 414
3399 252
3400 343
3403 251
3409 325
3411 426
3413 497
3414 424
3415 213
3416 399
3418 11
3420 34
3421 460
3422 157
3424 415
3427 11
3428 429
3434 14
3435 186
3437 358
3439 90
3441 90
3442 87
3445 52
3446 245
3447 368
3450 455
3451 233
3452 469
3453 275
3464 457
3465 453
3466 171
3468 490
3471 102
3472 388
3473 388
3477 137
3480 88
3481 343
3482 307
3485 83
3489 90
3491 387
3493 473
3496 171
3499 30
3500 446
3505 444
3506 424
3508 169
3509 222
3512 355
3513 122
3514 345
3515 43
3517 148
3519 184
3522 42
3524 199
3525 279
3530 135
3532 304
3534 458
3536 52
3539 304
3541 131
3542 14
3545 33
3546 446
3547 136
3550 50
3551 463
3552 177
3555 450
3556 75
3559 293
3560 410
3561 42
3562 109
3566 93
3567 5
3571 148
3574 58
3575 314
3577 1
3579 469
3581 415
3584 219
3587 371
3589 150
3591 259
3594 453
3595 8
3597 491
3598 196
3603 328
3604 479
3605 137
3607 107
3608 328
3610 497
3613 248
3617 194
3618 87
3622 356
3625 360
3626 106
3629 457
3630 3
3631 304
3634 13
3637 443
3638 72
3641 491
3642 371
3643 473
3645 449
3646 474
3647 164
3648 375
3649 101
3650 473
3662 499
3665 276
3667 102
3668 286
3669 248
3670 174
3672 75
3677 69
3678 140
3679 122
3680 37
3681 171
3683 79
3687 75
3688 33
3689 136
3690 332
3691 224
3693 219
3694 364
3698 71
3699 138
3703 107
3706 345
3708 286
3709 429
3711 332
3712 326
3714 194
3716 31
3719 174
3721 415
3724 205
3727 184
3728 23
3730 326
3748 293
3749 250
3753 491
3755 93
3757 131
3760 228
3761 140
3762 383
3763 5
3766 196
3767 33
3768 3
3770 140
3771 480
3772 8
3773 445
3775 194
3776 150
3778 137
3780 491
3781 277
3782 414
3783 278
3787 291
3790 381
3791 388
3795 277
3796 360
3797 48
3799 345
3800 330
3802 149
3803 440
3808 444
3809 37
3810 261
3811 3
3815 121
3816 394
3817 474
3820 82
3821 187
3829 94
3831 272
3834 25
3836 122
3837 336
3838 380
3843 55
3844 328
3848 368
3849 140
3851 175
3853 44
3855 446
3858 140
3859 90
3861 443
3863 399
3864 44
3866 299
3870 88
3873 321
3874 478
3875 177
3876 490
3880 66
3883 472
3885 169
3891 233
3894 330
3895 388
3896 261
3897 358
3900 48
3901 370
3902 298
3906 377
3907 398
3911 360
3915 159
3921 275
3925 298
3929 388
3930 36
3932 343
3934 348
3942 275
3943 8
3947 167
3948 247
3952 231
3954 87
3956 445
3958 302
3960 409
3962 122
3964 248
3965 196
3966 3
3967 8
3969 382
3970 170
3971 35
3974 263
3977 291
3980 400
3981 58
3985 70
3986 460
3987 348
3988 405
3996 400
3997 454
3998 392
3999 184
4000 252
4001 248
4003 395
4004 410
4005 135
4008 394
4011 362
4012 198
4014 424
4015 345
4016 460
4018 141
4019 440
4020 312
4021 375
4022 35
4023 295
4024 98
4025 75
4026 261
4031 325
4032 491
4033 446
4034 473
4036 82
4037 360
4038 62
4040 169
4041 207
4043 25
4044 326
4047 140
4050 157
4051 445
4056 445
4057 138
4058 231
4062 437
4063 345
4064 414
4066 149
4068 498
4069 395
4070 444
4072 100
4076 271
4078 187
4079 361
4080 254
4082 261
4083 233
4087 184
4089 360
4093 489
4095 271
4099 98
4100 249
4105 151
4110 31
4113 249
4114 192
4115 52
4118 453
4120 88
4122 392
4124 199
4125 414
4126 131
4127 157
4128 355
4131 107
4138 275
4139 327
4140 88
4145 388
4146 249
4147 58
4148 66
4151 42
4152 388
4153 177
4155 122
4157 286
4158 399
4159 377
4161 137
4163 464
4165 455
4166 101
4169 279
4174 135
4177 218
4178 302
4179 261
4180 398
4184 388
4185 87
4187 348
4188 296
4189 94
4192 328
4197 388
4198 302
4200 370
4203 265
4204 175
4209 48
4210 475
4211 254
4215 399
4216 497
4218 326
4219 377
4223 474
4227 427
4230 249
4237 69
4239 150
4240 265
4244 364
4245 286
4246 34
4247 198
4249 100
4250 8
4251 297
4252 445
4256 381
4257 399
4258 259
4260 276
4261 345
4267 261
4270 25
4271 261
4272 48
4273 199
4274 379
4276 485
4277 343
4279 410
4280 327
4282 181
4283 87
4284 149
4286 82
4287 489
4288 421
4290 11
4293 245
4294 279
4296 148
4299 302
4303 382
4304 473
4309 82
4310 410
4312 341
4314 286
4316 426
4324 399
4325 58
4327 480
4328 75
4330 26
4334 497
4336 497
4337 107
4345 196
4346 133
4348 98
4350 35
4356 491
4358 33
4362 138
4364 405
4365 480
4375 414
4378 298
4379 250
4381 328
4382 287
4384 135
4387 194
4395 298
4396 177
4399 275
4400 426
4401 86
4406 497
4408 473
4409 444
4410 424
4413 302
4414 463
4419 109
4421 293
4423 192
4424 121
4425 187
4426 328
4428 69
4431 283
4434 426
4438 174
4439 90
4440 426
4443 408
4445 473
4446 107
4453 261
4458 231
4459 213
4460 252
4461 139
4462 175
4464 341
4465 248
4466 107
4469 445
4474 161
4476 387
4480 198
4487 464
4488 444
4489 35
4492 82
4495 31
4496 272
4497 330
4500 288
4501 82
4503 499
4504 87
4505 86
4506 381
4507 279
4508 279
4509 483
4510 343
4514 55
4518 443
4519 177
4521 72
4523 72
4528 399
4529 388
4530 480
4531 275
4533 82
4537 335
4538 213
4542 279
4544 72
4546 72
4547 414
4549 275
4551 379
4552 252
4553 293
4554 99
4555 395
4557 109
4558 414
4559 277
4562 387
4563 321
4564 405
4566 14
4568 414
4577 213
4579 75
4582 172
4586 102
4588 364
4589 30
4591 395
4592 102
4593 241
4594 228
4599 82
4602 69
4603 275
4605 48
4606 343
4607 443
4609 34
4610 368
4612 221
4617 491
4618 464
4621 31
4622 426
4625 345
4626 159
4630 72
4631 409
4636 50
4638 82
4640 436
4642 109
4644 343
4645 379
4647 94
4650 58
4651 88
4652 278
4653 291
4654 440
4656 35
4657 221
4662 219
4664 184
4667 248
4668 13
4670 125
4673 181
4674 485
4675 62
4676 414
4677 463
4681 355
4685 251
4688 175
4690 150
4694 259
4696 330
4697 381
4698 99
4701 178
4705 83
4706 123
4712 55
4714 291
4715 44
4716 173
4718 174
4719 3
4720 279
4721 499
4726 55
4728 45
4729 489
4731 138
4734 79
4735 62
4736 463
4737 199
4738 107
4739 35
4740 395
4742 173
4744 157
4745 133
4748 251
4753 328
4754 42
4755 377
4758 123
4761 453
4764 410
4765 241
4766 171
4767 414
4774 415
4777 348
4778 302
4779 196
4780 11
4781 370
4782 150
4785 328
4787 66
4788 248
4790 205
4791 454
4792 427
4793 380
4794 469
4795 283
4797 138
4799 247
4800 283
4802 426
4803 55
4805 122
4810 30
4812 80
4815 312
4816 153
4817 426
4818 37
4821 197
4823 254
4825 66
4827 184
4830 140
4831 35
4832 82
4834 231
4837 93
4840 400
4845 288
4847 80
4850 137
4853 125
4854 72
4858 14
4861 233
4862 296
4866 36
4867 490
4868 469
4869 187
4873 371
4875 106
4878 72
4880 157
4881 485
4882 36
4884 389
4887 131
4889 304
4893 410
4894 80
4895 174
4896 187
4897 135
4899 392
4901 101
4902 133
4905 388
4906 395
4907 429
4908 283
4910 400
4912 35
4914 304
4926 334
4928 69
4935 26
4940 75
4941 196
4942 245
4947 483
4949 94
4952 139
4957 261
4958 133
4959 302
4960 86
4964 121
4966 332
4967 30
4970 328
4974 275
4976 308
4979 394
4984 228
4987 71
4990 131
4993 327
4994 69
4995 66
4996 93
