0 0
1 0
2 0
3 0
4 0
6 -1
7 -1
8 -1
9 0
10 0
11 0
12 -1
13 0
14 0
15 -1
16 -1
17 0
18 0
19 0
20 0
21 0
22 -1
23 -1
24 -1
25 0
26 0
27 -1
28 0
30 0
31 0
32 -1
33 -1
34 0
35 -1
36 0
37 -1
38 0
39 0
40 0
41 -1
42 0
43 0
44 0
45 2
46 0
47 -1
49 0
50 0
51 -1
52 0
53 0
54 -1
55 0
57 -1
58 0
60 -1
61 -1
62 0
63 0
64 0
65 -1
66 -1
67 -1
68 0
69 0
70 1
71 -1
72 0
73 0
75 0
76 0
77 0
78 0
79 0
80 -1
81 0
82 0
83 -1
84 0
85 0
86 0
87 0
88 2
89 0
90 0
91 -1
92 -1
93 -1
94 0
95 -1
96 0
97 -1
98 0
99 0
100 0
101 -1
102 -1
104 0
105 0
106 -1
107 0
108 0
109 -1
110 0
111 0
112 0
113 0
114 -1
115 0
116 -1
118 0
119 -1
120 -1
121 0
122 0
123 0
124 0
125 0
126 -1
127 0
128 0
129 0
130 0
131 0
132 0
133 0
135 -1
136 0
137 -1
138 3
139 0
140 0
141 0
142 0
143 -1
144 -1
145 0
146 -1
147 -1
148 0
149 0
150 0
151 9
152 0
153 0
154 -1
155 0
156 0
157 0
158 4
159 3
160 0
161 0
162 -1
163 -1
164 0
165 -1
166 -1
167 0
168 -1
169 0
170 0
171 0
172 0
173 0
174 0
175 -1
176 0
177 -1
178 -1
179 0
180 0
181 0
182 0
183 0
184 -1
185 0
186 0
187 0
188 0
189 0
190 0
191 0
192 0
193 0
194 0
195 2
196 0
198 0
199 -1
200 8
201 -1
202 0
203 0
204 0
206 0
207 -1
208 0
209 0
210 -1
211 0
212 0
213 -1
214 0
215 0
216 -1
218 0
219 -1
220 0
221 0
222 0
223 0
224 0
225 0
226 -1
227 0
228 0
229 -1
230 -1
231 0
232 0
233 0
234 -1
235 0
236 -1
237 0
239 0
240 0
241 0
242 -1
243 0
244 0
245 -1
246 0
247 0
248 0
249 0
250 0
251 -1
252 0
253 0
254 5
255 0
256 0
257 0
258 0
259 0
260 0
261 0
262 0
263 0
264 0
265 3
266 5
267 0
268 0
269 0
271 -1
272 -1
273 -1
274 -1
275 -1
276 -1
277 0
278 -1
280 0
281 -1
282 -1
283 0
284 0
285 0
286 0
287 0
288 -1
289 0
290 -1
291 -1
292 0
293 -1
294 0
295 0
296 0
297 0
299 0
300 0
301 -1
303 0
304 3
305 -1
306 0
307 -1
308 0
309 0
310 -1
312 -1
313 0
314 -1
315 -1
317 0
318 0
319 0
320 -1
321 -1
322 7
323 1
324 0
325 -1
326 0
327 0
328 0
330 -1
331 0
332 -1
333 8
334 -1
335 0
336 0
337 0
338 0
340 -1
342 0
343 -1
344 -1
345 0
346 0
347 0
348 -1
349 0
350 0
351 0
352 2
353 0
354 2
355 -1
356 0
357 -1
358 0
361 -1
362 0
363 0
364 -1
365 0
366 -1
367 0
368 0
369 0
370 -1
371 -1
373 -1
375 -1
377 0
378 0
379 -1
380 0
381 -1
382 0
383 0
384 -1
385 0
386 -1
387 0
389 0
391 -1
392 0
393 0
394 -1
395 0
396 -1
397 0
398 0
400 0
401 0
402 -1
403 -1
404 -1
405 0
406 0
408 0
409 -1
410 0
411 -1
412 0
413 -1
414 -1
415 0
416 5
417 -1
418 0
419 -1
420 0
421 0
422 0
423 0
424 -1
425 0
426 0
427 0
428 0
429 0
430 -1
431 3
432 -1
433 0
434 -1
435 0
436 -1
437 2
438 -1
439 -1
440 -1
441 -1
444 0
445 0
446 0
447 0
448 0
449 0
450 0
451 0
452 0
453 6
454 0
455 0
456 0
457 0
458 0
459 -1
460 0
461 0
462 0
463 0
464 0
465 0
466 0
467 0
469 0
470 -1
471 -1
472 0
473 -1
474 -1
475 -1
476 0
477 -1
478 -1
479 0
480 -1
481 0
482 0
483 -1
484 0
485 0
486 0
487 0
488 0
490 2
492 0
493 0
494 0
495 -1
496 -1
497 0
498 0
499 0
500 2
501 -1
502 0
503 0
504 0
505 0
507 -1
508 2
509 -1
510 0
511 6
512 -1
513 0
514 0
516 -1
517 -1
518 0
520 0
521 0
522 3
523 7
524 0
525 -1
527 0
528 -1
529 0
530 0
531 0
532 0
533 0
534 0
535 0
536 0
537 0
538 0
539 0
540 0
541 0
542 -1
543 0
544 0
545 0
547 -1
548 0
549 0
550 0
551 0
552 0
554 0
555 -1
556 0
557 0
558 -1
559 -1
560 0
561 0
562 0
563 -1
564 0
565 0
566 11
567 0
568 -1
569 -1
570 0
571 0
572 -1
573 0
574 0
575 0
576 -1
577 7
578 0
579 -1
580 0
581 -1
582 0
583 -1
584 -1
585 -1
586 -1
588 0
589 0
590 -1
591 0
592 -1
593 -1
594 -1
596 0
597 0
598 -1
600 0
601 0
602 -1
604 -1
606 -1
607 -1
608 0
609 8
610 0
611 -1
612 0
614 0
615 0
616 -1
617 0
619 0
620 0
621 0
622 -1
623 0
625 0
626 0
627 0
628 9
629 0
630 0
631 -1
632 0
633 0
634 -1
635 0
636 -1
637 -1
638 0
639 -1
640 0
641 -1
642 0
643 0
644 -1
645 0
647 0
648 -1
649 0
650 0
651 0
652 0
653 -1
654 -1
655 3
656 0
657 -1
658 6
659 0
660 -1
661 0
662 0
663 -1
664 -1
665 0
666 1
667 0
668 0
669 0
670 0
671 0
672 8
673 0
674 0
675 -1
676 0
677 -1
678 -1
679 0
680 0
681 -1
682 -1
683 -1
684 0
685 0
686 0
688 0
689 0
690 -1
691 0
692 0
693 2
694 0
695 -1
696 0
697 0
698 0
699 -1
700 0
701 -1
704 0
705 -1
706 0
708 0
709 0
710 0
712 0
713 0
714 -1
715 0
716 -1
717 0
718 0
719 0
720 0
721 0
722 0
723 0
724 -1
725 0
726 -1
727 -1
728 8
729 0
730 8
732 0
733 -1
734 -1
735 0
736 0
738 0
739 0
740 0
741 8
742 0
743 0
744 0
745 0
746 0
747 -1
748 -1
749 -1
750 -1
751 0
752 0
753 0
754 0
755 0
756 -1
757 -1
758 0
759 -1
760 0
761 0
763 0
764 -1
765 0
766 0
767 0
768 3
770 -1
771 0
772 -1
774 -1
775 -1
776 -1
778 -1
779 -1
780 -1
781 -1
782 0
783 0
784 -1
785 -1
786 0
787 0
788 -1
789 -1
790 -1
791 -1
792 10
793 0
794 0
795 0
796 0
798 0
799 0
800 8
801 0
802 0
803 0
804 0
805 12
806 -1
807 -1
808 -1
810 0
812 0
813 0
814 0
815 -1
816 0
817 -1
818 0
819 0
820 0
821 0
822 0
823 5
824 -1
827 3
828 -1
829 -1
831 0
832 0
833 0
834 0
835 0
836 3
837 0
838 0
839 -1
840 -1
841 -1
842 -1
843 2
844 -1
845 0
846 0
847 0
848 0
849 0
850 0
851 0
852 -1
853 0
854 -1
855 0
856 0
857 0
858 -1
859 0
860 -1
861 0
862 0
863 -1
864 0
865 0
866 -1
867 0
868 0
869 -1
870 0
871 0
872 -1
873 0
874 -1
875 0
876 0
877 -1
878 -1
879 0
880 0
881 0
882 0
883 0
884 -1
885 0
886 -1
887 0
888 0
889 0
890 0
891 0
892 2
893 0
894 -1
895 0
896 3
897 -1
899 -1
900 0
901 -1
902 -1
903 -1
904 7
905 0
906 -1
907 -1
908 0
910 0
911 -1
913 0
914 0
915 0
916 0
917 -1
918 0
919 -1
921 0
922 8
923 0
925 0
927 0
928 0
930 -1
931 -1
932 -1
933 0
934 3
935 -1
936 -1
937 -1
938 -1
939 0
940 11
941 0
942 -1
943 0
944 -1
945 0
946 -1
947 -1
948 -1
950 0
951 -1
952 -1
953 0
955 0
956 0
957 -1
958 0
959 0
960 10
961 -1
962 0
963 -1
964 -1
965 0
966 -1
967 0
968 -1
969 -1
970 -1
971 -1
972 -1
973 0
974 -1
975 -1
976 -1
977 -1
978 -1
980 -1
981 0
982 0
983 0
984 0
986 0
987 0
988 0
989 -1
990 -1
992 -1
993 0
994 -1
995 0
996 11
997 0
998 8
999 0
1000 -1
1001 0
1002 -1
1003 0
1004 0
1005 12
1007 -1
1008 -1
1010 -1
1011 0
1012 -1
1013 -1
1014 -1
1015 0
1016 0
1017 -1
1018 0
1019 -1
1020 0
1021 0
1022 0
1023 -1
1024 -1
1025 -1
1026 0
1027 0
1028 -1
1029 -1
1030 0
1031 0
1032 -1
1033 0
1034 0
1035 -1
1036 9
1038 0
1039 -1
1040 0
1041 0
1042 -1
1043 0
1044 0
1045 0
1046 -1
1047 0
1048 0
1049 0
1050 -1
1052 10
1053 -1
1055 0
1056 0
1059 -1
1060 0
1061 -1
1062 0
1063 0
1064 0
1065 0
1066 0
1067 0
1068 -1
1069 0
1070 0
1071 0
1072 4
1073 -1
1074 -1
1075 0
1076 0
1077 0
1078 0
1079 0
1080 0
1081 0
1082 -1
1083 -1
1084 0
1085 0
1086 0
1087 -1
1088 0
1089 0
1091 -1
1093 0
1094 0
1095 -1
1096 0
1097 -1
1098 -1
1099 0
1100 0
1101 0
1102 0
1103 -1
1104 0
1105 0
1106 -1
1107 0
1108 -1
1109 0
1110 0
1111 0
1112 0
1113 -1
1114 -1
1115 0
1116 -1
1117 0
1118 -1
1119 0
1120 0
1121 0
1122 -1
1123 -1
1124 -1
1125 0
1126 -1
1128 -1
1129 -1
1130 0
1131 0
1132 0
1133 0
1134 0
1135 0
1137 0
1138 -1
1139 0
1140 0
1142 0
1143 0
1144 -1
1145 -1
1147 0
1148 0
1149 0
1151 -1
1153 -1
1154 0
1155 -1
1156 0
1157 0
1158 0
1159 0
1160 0
1161 0
1162 -1
1164 0
1165 0
1166 0
1168 0
1169 0
1170 0
1171 0
1172 0
1173 0
1174 -1
1175 0
1177 0
1178 0
1180 0
1181 0
1182 -1
1183 0
1184 -1
1185 -1
1186 -1
1187 -1
1188 -1
1189 1
1190 0
1191 0
1193 -1
1194 0
1195 0
1197 0
1198 0
1199 -1
1200 -1
1201 -1
1202 -1
1203 -1
1204 0
1205 0
1206 0
1207 0
1208 -1
1209 0
1210 -1
1212 0
1213 -1
1214 -1
1215 0
1217 -1
1218 0
1219 0
1220 0
1221 0
1222 -1
1223 0
1224 0
1225 0
1226 0
1227 0
1228 -1
1229 -1
1230 0
1231 0
1232 0
1233 -1
1235 0
1236 0
1237 0
1238 -1
1239 -1
1240 0
1241 0
1242 -1
1243 0
1244 0
1245 -1
1247 0
1248 0
1250 -1
1251 0
1252 0
1253 0
1254 0
1255 0
1256 -1
1257 0
1258 0
1259 0
1261 -1
1262 -1
1263 0
1264 0
1265 0
1267 0
1268 0
1269 0
1270 -1
1271 0
1272 0
1273 0
1274 0
1275 0
1277 -1
1278 -1
1279 0
1280 -1
1284 -1
1285 -1
1286 0
1287 -1
1289 0
1290 -1
1291 0
1292 0
1294 0
1295 0
1296 0
1297 0
1298 -1
1299 -1
1300 -1
1301 0
1302 0
1303 0
1304 -1
1305 -1
1306 0
1307 -1
1308 0
1309 -1
1310 0
1311 8
1312 -1
1313 0
1314 0
1315 4
1316 -1
1317 0
1318 0
1319 -1
1320 -1
1321 0
1322 -1
1323 0
1325 0
1326 0
1328 -1
1329 0
1330 -1
1331 0
1332 0
1333 0
1334 -1
1335 0
1336 0
1338 0
1339 -1
1340 0
1341 0
1342 0
1343 -1
1344 -1
1345 0
1346 0
1347 0
1348 -1
1349 7
1351 0
1352 0
1354 -1
1355 0
1356 0
1357 0
1359 0
1360 0
1363 -1
1364 -1
1365 0
1366 0
1367 0
1368 -1
1369 3
1370 0
1371 0
1372 0
1373 0
1374 0
1376 0
1377 0
1378 0
1379 -1
1381 0
1382 -1
1383 -1
1384 -1
1385 0
1386 -1
1387 0
1389 -1
1390 -1
1391 -1
1392 -1
1394 0
1395 0
1396 -1
1398 0
1399 0
1400 0
1401 0
1402 0
1403 -1
1404 -1
1405 -1
1406 -1
1407 -1
1408 8
1409 0
1410 0
1413 0
1414 -1
1415 -1
1416 -1
1417 -1
1419 0
1420 0
1421 -1
1422 0
1423 0
1424 -1
1425 -1
1426 0
1427 0
1428 0
1429 12
1430 -1
1431 0
1432 0
1434 -1
1436 0
1437 0
1438 0
1439 0
1440 8
1441 -1
1442 0
1443 0
1444 0
1445 -1
1446 -1
1447 -1
1448 0
1449 -1
1451 -1
1453 0
1455 0
1456 0
1457 0
1458 0
1459 0
1460 -1
1461 -1
1462 -1
1463 -1
1464 8
1465 0
1466 0
1467 0
1468 -1
1469 -1
1470 0
1471 -1
1472 0
1473 -1
1474 0
1475 0
1476 0
1477 -1
1478 -1
1479 0
1480 0
1482 0
1483 -1
1485 -1
1486 0
1487 -1
1488 -1
1489 0
1490 0
1491 0
1493 0
1494 0
1495 0
1496 -1
1497 -1
1499 -1
1500 0
1501 0
1502 -1
1503 0
1504 -1
1505 0
1506 -1
1507 3
1508 0
1509 0
1510 0
1511 0
1513 0
1514 0
1515 0
1516 0
1517 0
1518 -1
1519 0
1520 0
1522 0
1524 0
1525 9
1526 -1
1528 -1
1529 0
1530 0
1531 -1
1532 0
1533 0
1534 0
1535 0
1536 0
1537 0
1538 -1
1540 -1
1542 -1
1543 -1
1544 -1
1545 0
1546 0
1547 0
1548 0
1550 0
1551 0
1552 0
1553 0
1554 0
1555 -1
1558 -1
1559 -1
1560 0
1561 0
1562 0
1563 0
1564 0
1565 4
1566 0
1567 -1
1568 0
1569 0
1570 -1
1571 -1
1572 -1
1573 0
1574 0
1576 0
1577 0
1578 3
1579 0
1580 0
1581 -1
1582 0
1583 -1
1584 0
1585 0
1586 3
1587 0
1589 -1
1590 0
1592 0
1593 -1
1594 10
1596 0
1597 0
1598 0
1599 0
1600 0
1601 0
1602 -1
1604 0
1605 0
1606 0
1608 0
1609 0
1610 -1
1612 -1
1613 0
1614 -1
1616 0
1617 0
1618 6
1619 0
1620 -1
1621 0
1622 -1
1623 -1
1624 -1
1625 0
1626 0
1627 -1
1628 0
1629 0
1630 -1
1631 0
1632 -1
1633 0
1634 0
1635 0
1637 -1
1638 0
1639 -1
1640 0
1641 -1
1642 0
1643 0
1644 0
1645 0
1647 -1
1648 -1
1650 -1
1651 0
1652 0
1653 -1
1654 0
1655 0
1656 -1
1657 10
1658 0
1659 0
1660 -1
1661 8
1662 -1
1663 3
1664 0
1665 0
1666 0
1667 -1
1668 -1
1669 -1
1670 -1
1671 -1
1672 -1
1673 -1
1674 0
1675 -1
1676 -1
1677 0
1678 -1
1679 0
1680 0
1681 0
1682 0
1684 -1
1685 0
1686 -1
1687 0
1688 -1
1689 7
1690 0
1691 0
1692 0
1693 0
1694 -1
1695 -1
1697 0
1698 0
1699 0
1700 0
1701 0
1702 -1
1704 0
1706 0
1707 0
1709 0
1711 -1
1712 0
1713 0
1714 -1
1715 -1
1716 0
1717 0
1718 0
1719 -1
1720 8
1721 0
1722 0
1723 -1
1724 -1
1726 0
1727 0
1728 -1
1729 -1
1730 -1
1732 -1
1733 0
1734 -1
1735 0
1736 -1
1737 0
1738 -1
1739 -1
1740 0
1741 2
1743 0
1744 0
1745 -1
1747 0
1748 0
1750 0
1751 0
1753 0
1754 0
1755 0
1756 0
1757 0
1758 -1
1759 0
1760 0
1761 -1
1762 0
1763 0
1764 0
1765 0
1766 4
1767 0
1768 11
1769 0
1770 0
1771 0
1772 0
1773 0
1774 0
1775 0
1776 0
1777 -1
1778 0
1779 0
1780 0
1782 0
1783 0
1784 0
1785 -1
1788 -1
1789 -1
1790 3
1792 -1
1793 0
1794 -1
1796 0
1797 0
1798 -1
1799 0
1800 0
1802 -1
1803 0
1804 9
1805 5
1809 0
1810 -1
1811 -1
1813 0
1814 -1
1815 0
1816 0
1817 2
1818 -1
1819 0
1820 0
1822 -1
1823 0
1824 -1
1825 -1
1826 -1
1827 -1
1828 -1
1829 -1
1831 0
1832 0
1833 0
1834 -1
1835 -1
1837 0
1838 -1
1840 0
1842 -1
1843 -1
1844 -1
1845 0
1847 0
1848 0
1849 0
1850 -1
1851 -1
1852 -1
1853 0
1854 -1
1855 0
1856 0
1857 -1
1858 -1
1862 -1
1863 -1
1864 0
1865 0
1866 0
1867 0
1868 0
1869 12
1870 0
1871 -1
1873 0
1874 -1
1875 0
1876 0
1877 0
1878 0
1879 0
1880 0
1881 0
1882 -1
1884 -1
1885 0
1886 -1
1887 0
1888 -1
1889 0
1890 -1
1891 0
1892 0
1893 -1
1894 -1
1895 -1
1897 -1
1898 0
1899 -1
1900 0
1901 -1
1902 0
1904 -1
1906 0
1907 -1
1910 0
1912 -1
1913 0
1914 -1
1915 0
1916 0
1917 0
1918 0
1919 -1
1921 0
1922 0
1923 -1
1924 -1
1925 -1
1926 0
1928 0
1929 0
1930 0
1931 0
1933 0
1934 -1
1936 0
1937 0
1938 0
1939 6
1940 3
1941 0
1942 -1
1943 -1
1944 4
1946 0
1947 0
1948 0
1949 -1
1950 0
1951 -1
1952 0
1953 -1
1955 0
1956 0
1957 -1
1959 0
1960 -1
1962 -1
1963 -1
1965 0
1966 -1
1967 0
1968 0
1969 0
1971 0
1972 -1
1973 -1
1974 -1
1975 0
1976 0
1977 -1
1978 0
1979 0
1980 0
1981 0
1982 -1
1983 -1
1984 -1
1985 -1
1986 0
1987 -1
1989 -1
1991 0
1992 0
1993 0
1994 0
1995 9
1996 -1
1997 -1
1998 -1
1999 0
2000 0
2001 0
2002 0
2003 -1
2004 0
2005 12
2006 0
2007 -1
2008 -1
2009 -1
2010 0
2011 -1
2012 0
2014 0
2015 0
2016 2
2017 -1
2019 -1
2020 0
2021 0
2022 0
2024 -1
2025 0
2026 0
2027 0
2028 0
2029 0
2030 0
2031 0
2032 0
2033 0
2035 -1
2036 0
2038 0
2040 -1
2041 2
2042 -1
2044 0
2045 -1
2046 0
2047 0
2051 -1
2053 -1
2054 -1
2055 -1
2056 8
2057 0
2058 0
2059 -1
2060 -1
2061 -1
2062 0
2065 -1
2066 0
2067 -1
2068 4
2071 -1
2072 -1
2073 0
2074 0
2075 0
2076 -1
2077 0
2078 0
2079 -1
2080 0
2081 -1
2083 -1
2084 -1
2085 -1
2086 -1
2087 0
2088 1
2090 0
2091 0
2092 -1
2093 -1
2094 0
2095 0
2096 0
2097 -1
2098 8
2099 6
2100 0
2101 0
2102 11
2103 0
2105 -1
2106 0
2107 0
2108 0
2109 0
2110 0
2111 0
2113 -1
2115 0
2116 0
2118 0
2119 -1
2121 0
2122 0
2123 -1
2124 -1
2125 0
2126 -1
2127 0
2128 -1
2129 -1
2130 0
2131 0
2132 -1
2133 0
2134 0
2135 -1
2136 0
2139 0
2140 0
2141 0
2142 -1
2143 0
2145 0
2146 0
2147 0
2148 -1
2149 0
2150 -1
2152 0
2153 0
2154 0
2155 0
2156 0
2157 0
2158 -1
2159 0
2161 -1
2162 0
2163 -1
2164 0
2165 0
2166 -1
2167 -1
2168 0
2169 3
2170 0
2171 0
2172 0
2173 0
2174 -1
2178 -1
2179 0
2182 0
2183 -1
2184 0
2185 0
2186 0
2187 0
2188 -1
2189 0
2190 0
2191 -1
2192 0
2193 0
2194 0
2195 -1
2197 0
2198 0
2200 -1
2202 0
2204 0
2205 0
2206 -1
2207 -1
2210 -1
2211 0
2213 -1
2214 0
2217 0
2218 4
2220 -1
2221 0
2223 0
2224 -1
2226 -1
2227 -1
2228 0
2229 -1
2231 0
2232 0
2233 8
2234 0
2235 0
2236 0
2237 -1
2239 0
2240 -1
2241 0
2244 0
2245 0
2246 0
2248 0
2249 0
2250 0
2251 -1
2252 10
2253 0
2255 0
2256 0
2257 0
2258 -1
2259 0
2260 -1
2261 0
2262 -1
2263 0
2265 0
2266 0
2267 0
2268 -1
2269 -1
2270 0
2271 -1
2272 0
2273 0
2274 0
2275 0
2276 4
2277 0
2278 0
2279 0
2280 0
2281 0
2282 -1
2283 0
2284 0
2285 0
2286 -1
2287 0
2288 -1
2290 -1
2291 0
2292 0
2293 0
2294 0
2298 -1
2299 0
2300 0
2302 0
2303 0
2304 0
2305 0
2306 0
2307 0
2308 -1
2309 0
2310 0
2311 -1
2312 0
2314 0
2315 0
2316 0
2317 -1
2318 0
2319 0
2320 -1
2321 0
2323 -1
2324 0
2325 0
2327 0
2329 -1
2331 0
2332 0
2334 -1
2335 -1
2336 0
2337 -1
2338 0
2339 0
2340 -1
2341 0
2342 -1
2343 0
2344 -1
2345 0
2346 0
2349 0
2350 0
2351 0
2353 0
2354 0
2355 -1
2356 0
2357 -1
2358 0
2359 0
2360 2
2361 0
2362 -1
2363 -1
2364 0
2365 0
2367 0
2368 0
2369 -1
2370 0
2371 0
2372 0
2373 0
2374 -1
2376 0
2377 0
2379 0
2381 -1
2383 0
2385 0
2386 0
2387 0
2388 2
2389 0
2390 0
2391 0
2393 0
2395 0
2397 -1
2398 -1
2399 0
2400 -1
2401 0
2402 0
2403 0
2404 2
2405 -1
2406 0
2407 10
2408 0
2409 0
2410 -1
2411 0
2413 0
2414 0
2415 0
2418 7
2419 0
2420 -1
2421 0
2422 0
2424 0
2425 -1
2427 0
2428 -1
2429 -1
2430 -1
2431 9
2432 0
2433 -1
2434 0
2435 0
2438 0
2440 0
2441 0
2442 -1
2443 3
2445 -1
2446 0
2448 0
2449 -1
2450 0
2451 0
2452 0
2455 -1
2457 -1
2459 -1
2460 0
2461 0
2462 2
2463 0
2464 0
2467 0
2468 0
2471 0
2472 0
2473 0
2474 0
2476 0
2478 0
2479 0
2480 0
2482 3
2483 7
2484 -1
2485 0
2486 -1
2488 -1
2489 0
2490 -1
2491 0
2492 -1
2493 -1
2494 -1
2495 0
2496 -1
2498 0
2499 5
2501 -1
2502 -1
2503 0
2504 0
2505 0
2506 -1
2507 -1
2508 0
2510 0
2511 0
2512 -1
2513 0
2514 -1
2516 0
2517 0
2518 -1
2519 0
2520 0
2521 -1
2522 -1
2524 0
2525 0
2528 0
2529 -1
2531 0
2533 -1
2534 -1
2535 0
2536 0
2537 0
2538 -1
2539 0
2540 0
2541 -1
2542 0
2543 6
2545 0
2547 0
2548 -1
2549 1
2550 -1
2551 0
2552 -1
2553 -1
2557 0
2558 -1
2560 0
2561 -1
2563 0
2564 0
2565 0
2567 0
2569 8
2570 -1
2572 0
2574 -1
2576 0
2579 0
2580 0
2583 0
2584 0
2585 -1
2586 0
2587 -1
2588 -1
2589 0
2590 9
2591 -1
2592 0
2595 0
2596 -1
2597 0
2598 0
2599 -1
2601 0
2602 0
2604 0
2605 0
2606 0
2607 0
2608 0
2609 -1
2610 -1
2611 0
2612 0
2614 -1
2615 0
2617 -1
2618 -1
2619 -1
2620 -1
2621 0
2623 -1
2624 0
2625 0
2626 0
2627 0
2628 0
2631 0
2632 -1
2633 -1
2634 0
2635 0
2636 0
2637 -1
2638 0
2639 -1
2640 0
2642 0
2643 -1
2644 -1
2646 0
2648 0
2650 -1
2652 -1
2653 -1
2654 0
2657 0
2660 -1
2661 0
2662 -1
2664 3
2665 0
2666 0
2667 -1
2668 0
2670 -1
2671 -1
2672 0
2673 -1
2674 0
2676 -1
2677 0
2678 0
2679 0
2680 -1
2681 0
2682 0
2683 0
2685 0
2686 -1
2687 0
2688 0
2689 -1
2690 0
2691 0
2692 -1
2693 0
2694 0
2695 0
2697 0
2698 0
2701 0
2702 0
2703 0
2704 -1
2705 0
2707 0
2709 0
2710 0
2711 -1
2715 8
2716 -1
2717 0
2718 0
2719 0
2720 0
2721 -1
2722 0
2723 0
2724 -1
2725 0
2726 -1
2727 0
2728 0
2729 -1
2731 0
2732 0
2733 0
2737 0
2738 0
2739 -1
2741 -1
2742 0
2743 0
2744 -1
2745 0
2747 0
2748 0
2749 0
2750 0
2751 0
2752 -1
2753 -1
2755 0
2756 -1
2758 0
2759 0
2760 0
2761 0
2762 0
2763 0
2764 -1
2765 0
2768 0
2769 0
2772 3
2773 0
2775 0
2776 0
2777 0
2778 0
2779 -1
2780 0
2781 0
2783 0
2785 -1
2786 0
2787 0
2788 -1
2789 0
2791 0
2792 0
2794 -1
2795 0
2796 0
2798 0
2799 -1
2801 0
2802 7
2803 0
2804 -1
2806 0
2807 0
2809 0
2811 0
2812 -1
2813 0
2815 0
2816 -1
2817 0
2818 -1
2820 0
2821 -1
2822 0
2823 0
2825 0
2826 0
2830 -1
2831 0
2832 -1
2833 0
2834 0
2835 0
2838 6
2839 0
2840 0
2843 0
2844 -1
2845 0
2846 -1
2847 0
2848 -1
2849 -1
2850 0
2851 0
2852 0
2854 0
2855 0
2856 -1
2857 -1
2858 0
2859 0
2861 0
2862 -1
2863 0
2866 0
2867 0
2868 -1
2869 0
2870 -1
2871 -1
2872 0
2873 0
2874 0
2875 0
2876 0
2878 -1
2879 0
2880 0
2881 0
2882 0
2883 -1
2884 0
2885 8
2886 0
2887 0
2888 0
2889 -1
2890 0
2892 0
2894 0
2895 0
2896 -1
2898 0
2899 0
2900 0
2902 -1
2904 0
2905 0
2906 0
2908 0
2909 -1
2911 0
2912 -1
2913 0
2914 0
2916 0
2917 0
2918 -1
2920 0
2921 0
2922 0
2923 2
2925 0
2927 -1
2928 -1
2930 0
2931 0
2932 0
2933 -1
2934 0
2936 -1
2937 0
2938 0
2939 0
2940 -1
2941 -1
2942 3
2943 0
2944 -1
2945 0
2946 0
2947 0
2948 0
2949 0
2950 0
2951 0
2952 0
2954 -1
2955 0
2956 -1
2957 -1
2959 0
2960 0
2961 0
2962 0
2963 0
2964 0
2965 -1
2968 -1
2970 -1
2971 0
2972 0
2973 0
2974 0
2975 -1
2976 0
2979 0
2980 0
2986 -1
2987 0
2988 0
2989 0
2990 0
2991 0
2993 -1
2995 0
2996 0
2997 0
2999 -1
3000 -1
3001 0
3002 0
3003 0
3004 0
3005 -1
3006 0
3007 0
3008 0
3009 -1
3010 0
3011 0
3012 -1
3013 -1
3014 -1
3015 0
3016 0
3017 0
3018 0
3021 0
3022 0
3023 0
3024 0
3025 -1
3027 -1
3028 0
3029 0
3030 0
3031 -1
3032 -1
3033 0
3035 0
3036 0
3038 0
3039 -1
3041 0
3042 0
3043 0
3044 0
3045 0
3046 -1
3048 0
3049 -1
3050 8
3051 0
3052 6
3053 0
3055 -1
3056 -1
3057 0
3058 0
3061 -1
3062 0
3063 0
3064 0
3065 0
3066 0
3067 0
3068 0
3069 0
3070 0
3071 0
3072 0
3076 0
3077 -1
3078 0
3079 -1
3081 -1
3082 0
3084 0
3085 0
3086 -1
3087 0
3088 0
3091 0
3092 -1
3094 0
3095 0
3096 0
3097 0
3098 0
3099 -1
3100 -1
3101 0
3102 0
3103 0
3104 0
3105 0
3106 0
3107 0
3111 0
3112 0
3113 0
3114 0
3115 0
3116 0
3117 -1
3118 -1
3119 -1
3120 0
3121 0
3122 0
3123 7
3124 7
3125 0
3127 0
3128 0
3129 0
3130 -1
3131 -1
3132 -1
3133 0
3134 0
3135 0
3136 0
3137 0
3139 -1
3140 -1
3141 -1
3144 0
3145 0
3146 0
3147 0
3148 0
3149 -1
3152 0
3153 -1
3154 0
3155 0
3156 0
3157 -1
3158 -1
3160 0
3161 -1
3162 -1
3163 -1
3164 -1
3165 -1
3166 -1
3168 0
3169 -1
3170 -1
3171 -1
3172 0
3173 0
3174 -1
3175 -1
3176 0
3177 0
3179 0
3180 -1
3181 0
3183 0
3184 0
3185 0
3186 -1
3187 -1
3190 0
3191 -1
3192 -1
3193 0
3194 0
3195 0
3196 0
3197 0
3198 0
3199 -1
3200 -1
3202 0
3203 0
3205 0
3206 3
3207 -1
3210 -1
3211 -1
3212 -1
3214 0
3215 0
3216 -1
3218 0
3219 0
3220 0
3221 0
3222 0
3224 -1
3225 -1
3226 0
3227 1
3228 0
3229 -1
3230 -1
3231 0
3232 -1
3233 0
3234 0
3235 0
3236 0
3237 -1
3238 -1
3239 0
3240 0
3241 0
3242 0
3243 -1
3245 0
3246 0
3247 0
3248 0
3249 0
3250 0
3251 -1
3252 0
3253 -1
3254 0
3255 0
3256 0
3257 0
3258 0
3259 0
3260 0
3261 0
3262 0
3263 0
3265 0
3266 0
3269 0
3270 0
3272 0
3275 -1
3277 -1
3278 -1
3279 0
3281 0
3282 0
3284 -1
3286 0
3287 0
3288 0
3289 0
3290 -1
3291 -1
3292 0
3293 0
3294 0
3295 0
3296 0
3298 0
3299 0
3301 0
3302 0
3303 0
3304 0
3305 0
3306 0
3307 0
3308 0
3309 0
3310 0
3312 -1
3313 0
3314 0
3315 0
3316 0
3318 11
3319 0
3320 0
3321 -1
3323 -1
3324 -1
3325 -1
3327 0
3328 0
3329 0
3330 -1
3331 -1
3332 2
3333 2
3334 8
3335 -1
3336 0
3337 0
3338 0
3339 -1
3340 -1
3341 -1
3345 0
3346 0
3348 -1
3349 -1
3351 0
3352 0
3353 0
3354 0
3355 0
3356 0
3357 0
3358 -1
3360 -1
3361 0
3362 0
3363 0
3364 0
3365 0
3366 0
3367 3
3368 -1
3369 -1
3370 -1
3371 0
3372 0
3374 -1
3375 0
3376 10
3377 0
3378 0
3379 0
3380 -1
3381 -1
3382 0
3383 0
3384 0
3385 -1
3387 0
3388 0
3389 0
3390 0
3391 0
3392 0
3393 -1
3394 0
3396 0
3397 -1
3398 -1
3399 0
3403 0
3404 0
3405 8
3406 0
3407 0
3408 0
3409 0
3410 0
3411 0
3412 0
3413 3
3414 0
3415 0
3416 0
3417 0
3419 0
3420 0
3423 -1
3424 0
3425 0
3426 0
3427 0
3428 -1
3429 0
3430 0
3431 0
3432 0
3433 0
3434 0
3435 0
3436 0
3437 0
3439 0
3441 -1
3442 0
3443 -1
3445 8
3446 -1
3447 1
3448 0
3449 0
3451 0
3452 0
3453 0
3454 0
3455 0
3456 0
3457 0
3459 0
3460 -1
3461 0
3462 12
3463 0
3464 0
3465 0
3466 -1
3467 0
3468 0
3469 0
3471 0
3472 -1
3473 0
3474 0
3475 0
3476 0
3477 -1
3478 0
3479 -1
3480 -1
3481 0
3482 -1
3484 0
3485 0
3486 0
3487 0
3488 0
3489 -1
3490 0
3491 0
3492 0
3493 0
3494 0
3496 0
3497 0
3498 0
3499 -1
3501 0
3502 0
3503 0
3504 0
3505 0
3506 0
3507 0
3508 0
3509 -1
3510 0
3511 0
3512 -1
3513 -1
3514 -1
3515 -1
3516 0
3517 0
3518 0
3520 -1
3521 -1
3522 0
3523 0
3524 0
3526 -1
3528 0
3529 0
3530 -1
3531 -1
3532 0
3533 0
3534 0
3535 -1
3536 0
3537 0
3538 0
3539 0
3540 0
3541 -1
3542 0
3543 -1
3544 5
3546 0
3548 0
3549 0
3550 0
3551 -1
3552 0
3553 -1
3554 0
3555 -1
3556 0
3557 0
3558 -1
3559 0
3560 0
3562 0
3563 0
3564 0
3565 0
3566 0
3567 -1
3568 -1
3569 -1
3570 0
3571 0
3572 0
3573 0
3574 0
3575 0
3576 0
3577 0
3579 0
3580 7
3581 0
3582 0
3583 0
3584 2
3585 -1
3586 0
3587 0
3588 0
3589 0
3590 0
3591 -1
3592 -1
3593 0
3594 0
3596 0
3597 0
3598 0
3600 -1
3601 -1
3603 0
3604 -1
3605 0
3606 0
3607 0
3608 0
3609 0
3610 0
3611 -1
3612 -1
3613 -1
3614 -1
3615 0
3616 0
3618 0
3619 0
3620 0
3621 0
3622 0
3623 0
3624 0
3625 0
3627 0
3628 -1
3630 0
3631 -1
3632 0
3633 0
3635 0
3636 0
3637 0
3638 -1
3639 0
3640 -1
3641 0
3642 0
3643 0
3644 0
3645 -1
3647 0
3648 0
3649 0
3650 0
3651 0
3652 0
3653 0
3654 0
3655 -1
3656 0
3657 0
3658 0
3659 -1
3660 0
3661 0
3662 0
3663 -1
3664 0
3665 0
3666 0
3667 0
3668 0
3669 -1
3670 -1
3671 -1
3672 -1
3673 0
3674 -1
3676 -1
3677 0
3678 0
3679 0
3680 0
3681 0
3682 0
3683 0
3684 0
3685 0
3686 0
3687 0
3688 0
3689 0
3690 0
3691 0
3692 0
3693 0
3694 -1
3695 0
3696 -1
3697 0
3698 0
3699 0
3700 0
3701 0
3702 -1
3703 -1
3704 0
3705 -1
3706 0
3707 0
3708 0
3709 0
3710 0
3711 0
3712 0
3713 -1
3714 0
3715 -1
3716 -1
3717 -1
3718 0
3719 0
3720 0
3721 0
3722 -1
3723 0
3724 0
3725 -1
3726 0
3727 -1
3728 0
3729 0
3730 0
3731 -1
3732 0
3733 0
3734 0
3735 0
3736 0
3737 0
3738 0
3739 0
3740 -1
3741 -1
3742 -1
3743 0
3744 -1
3745 0
3746 0
3747 0
3748 0
3749 0
3750 0
3751 -1
3752 -1
3753 0
3754 0
3755 0
3756 0
3757 0
3758 0
3759 -1
3760 0
3761 -1
3762 0
3763 0
3764 0
3765 0
3766 0
3767 0
3768 0
3769 0
3770 0
3771 0
3772 0
3773 0
3774 0
3775 0
3776 0
3777 0
3778 0
3779 0
3780 0
3781 0
3782 0
3783 0
3784 -1
3785 -1
3786 0
3787 0
3788 0
3789 0
3790 0
3791 -1
3792 0
3793 -1
3794 -1
3795 0
3796 -1
3797 -1
3798 0
3799 0
3800 0
3801 0
3802 0
3803 -1
3804 5
3805 0
3806 0
3807 0
3808 0
3809 0
3810 0
3811 0
3812 0
3813 0
3814 0
3815 0
3816 0
3817 0
3818 0
3819 0
3820 0
3821 0
3822 8
3823 0
3824 -1
3825 0
3826 0
3827 -1
3828 -1
3829 0
3830 2
3831 0
3832 0
3833 0
3834 0
3835 0
3836 0
3837 -1
3838 -1
3839 0
3840 0
3841 -1
3842 0
3843 0
3844 0
3845 0
3846 0
3847 0
3848 0
3849 0
3850 0
3851 0
3852 0
3853 0
3854 0
3855 4
3856 0
3857 -1
3858 -1
3859 0
3860 0
3861 0
3862 0
3863 0
3864 0
3865 0
3866 0
3867 0
3868 0
3869 0
3870 0
3871 12
3872 12
3873 0
3874 0
3875 0
3876 0
3877 0
3878 0
