0 135
1 86
2 116
3 224
4 233
6 198
7 209
8 50
9 43
10 36
11 126
12 147
13 119
14 205
15 4
16 227
17 55
18 14
19 223
20 209
21 165
22 140
23 4
24 235
25 31
26 238
27 158
28 244
30 185
31 233
32 172
33 187
34 234
35 128
36 126
37 16
38 237
40 118
41 112
42 185
43 9
44 242
45 142
46 194
47 212
49 168
50 14
51 149
52 228
53 61
54 11
55 31
57 249
58 67
60 149
61 56
62 89
64 217
65 178
66 89
67 68
68 159
69 31
70 110
71 160
72 1
75 235
76 63
77 86
78 166
79 186
80 76
81 36
82 185
83 199
84 14
85 204
86 239
87 122
88 89
89 152
90 135
91 149
92 223
93 8
94 137
95 231
96 205
97 8
98 52
99 226
101 86
102 102
104 43
105 127
106 125
107 234
108 139
109 118
110 246
111 234
112 206
113 237
114 201
115 209
116 156
118 86
119 78
120 30
122 189
123 185
124 228
125 137
126 234
127 66
128 56
129 148
130 92
131 143
132 232
133 14
135 245
136 106
137 168
138 17
139 67
140 200
141 215
142 188
143 196
144 21
145 226
146 158
147 223
148 161
149 214
150 200
151 35
152 103
153 246
154 57
155 58
156 135
157 14
158 240
159 248
160 227
161 86
162 50
163 210
164 224
165 73
166 174
167 207
168 45
169 196
170 204
171 198
172 104
173 170
174 151
175 44
176 200
177 209
178 166
179 93
180 20
181 58
182 31
183 105
184 211
185 149
186 135
187 188
188 98
189 242
190 86
191 3
192 231
193 50
194 242
195 38
196 36
198 24
199 164
200 240
201 64
202 62
203 193
204 92
206 150
207 42
208 211
209 42
210 108
211 215
212 31
213 176
214 138
215 217
216 219
218 51
219 193
220 228
221 217
222 139
223 144
224 165
225 194
226 175
227 14
228 189
229 207
230 183
231 43
232 86
233 185
234 78
235 8
236 8
237 99
239 185
240 224
241 72
242 182
243 151
244 14
245 165
246 92
247 104
248 20
249 20
250 82
251 97
252 119
253 136
254 190
256 175
257 141
258 119
259 67
260 234
262 10
263 168
264 35
265 244
266 190
267 2
268 215
269 222
271 130
272 119
273 27
274 42
275 108
276 107
277 185
278 182
280 46
281 97
282 99
283 89
284 194
286 61
287 122
288 100
289 6
290 23
291 165
292 212
293 169
294 211
295 185
296 0
297 87
299 111
300 96
301 88
303 222
304 217
305 5
306 244
307 199
308 96
309 9
310 108
312 103
313 139
314 63
315 164
317 20
318 137
319 37
320 73
321 59
322 10
323 110
324 40
325 54
326 23
327 82
328 227
330 134
331 50
332 210
333 51
334 108
335 191
336 209
337 189
338 121
340 58
342 46
343 47
344 95
345 200
346 187
347 209
348 156
349 224
350 120
351 14
352 20
353 187
354 58
355 27
356 122
357 163
358 245
361 189
362 82
363 242
364 112
365 93
366 147
367 113
368 209
369 200
370 132
371 188
373 55
375 241
377 69
378 65
379 12
380 48
381 247
382 246
383 150
384 85
385 241
386 193
387 200
389 25
391 91
392 60
393 14
394 12
395 211
396 211
397 211
398 86
400 64
401 31
402 43
403 156
404 58
405 213
406 210
408 119
409 176
410 203
411 83
412 113
413 104
414 61
415 100
416 134
417 112
418 20
419 198
420 52
421 100
422 0
423 46
424 16
425 113
426 120
427 142
428 15
429 130
430 148
431 77
432 142
433 221
434 33
435 130
436 111
437 20
438 55
439 106
440 101
441 130
444 107
445 55
446 86
447 96
448 181
449 71
450 217
451 47
452 4
453 74
454 238
455 204
456 103
457 205
458 190
459 10
460 80
461 91
462 204
463 217
464 86
465 135
466 135
467 189
469 0
470 207
471 171
472 86
473 153
474 136
475 144
477 236
478 210
479 58
480 101
481 226
483 13
484 135
485 10
486 209
487 156
488 170
490 0
492 193
493 103
495 177
496 146
497 135
498 113
499 207
500 245
501 2
502 217
503 126
504 99
505 31
507 23
508 142
509 88
510 14
511 24
512 61
513 204
514 137
516 102
517 177
518 58
520 14
521 136
522 131
523 46
524 31
525 36
527 23
528 196
529 243
530 217
531 14
532 91
533 211
534 197
535 235
536 191
537 137
538 200
539 170
540 226
541 22
542 126
543 205
544 82
545 175
547 170
548 185
549 89
550 76
551 168
552 222
554 100
555 26
556 211
557 244
558 83
559 180
560 204
561 104
562 139
563 99
564 111
565 177
566 211
567 232
568 180
569 50
570 213
571 98
572 154
573 119
574 226
575 97
576 230
577 46
578 43
579 55
580 189
581 23
582 20
583 26
584 55
585 183
586 25
588 223
589 197
590 85
591 82
592 130
593 157
594 148
596 99
597 233
598 200
600 99
601 32
602 62
604 109
606 39
607 205
608 46
609 220
610 175
611 213
612 39
614 75
615 113
616 147
617 106
619 174
620 55
621 32
622 118
623 58
625 209
626 45
627 237
628 133
629 232
630 15
631 156
632 43
633 216
634 180
635 196
636 134
637 179
638 228
639 56
640 14
641 132
642 86
643 135
644 148
645 135
647 206
648 30
649 244
650 165
651 152
652 111
653 226
654 241
655 131
656 200
657 153
658 74
659 185
660 236
661 130
663 128
664 242
665 86
666 38
668 55
669 119
670 243
671 58
672 180
673 93
674 198
675 109
677 47
678 249
679 124
680 204
681 199
682 65
683 150
684 96
685 170
686 208
688 159
689 122
690 156
691 197
692 197
693 38
694 226
695 122
696 55
697 187
698 71
699 199
700 217
701 105
704 189
705 91
706 168
708 245
709 24
710 246
712 168
713 55
714 155
715 234
716 114
717 64
718 20
719 152
720 185
721 113
722 86
723 19
724 156
725 186
726 230
727 241
728 51
729 246
730 148
732 200
733 213
734 207
735 217
736 140
738 86
739 189
740 170
741 165
742 135
743 1
744 185
745 135
747 12
748 41
749 129
750 164
751 209
752 97
753 89
754 32
755 88
756 175
757 113
758 138
759 149
760 215
761 135
763 121
764 200
765 142
766 244
767 193
768 131
770 8
771 7
772 214
775 25
776 26
778 64
779 219
780 195
781 148
782 126
783 82
784 57
785 188
786 91
787 197
788 210
789 85
790 146
791 109
792 86
793 160
794 224
795 86
796 96
798 46
800 51
801 7
802 185
803 18
804 23
805 132
806 40
807 66
808 231
810 14
812 91
813 147
814 225
815 147
816 122
817 210
818 189
819 96
820 204
822 152
823 190
824 118
827 108
828 101
829 90
831 20
833 150
834 215
835 139
836 244
837 158
838 234
839 99
840 14
841 222
842 180
843 78
844 132
845 10
846 181
847 41
848 195
849 12
850 43
851 7
852 201
853 135
854 179
855 198
856 181
857 137
858 218
859 55
860 57
861 127
862 97
863 68
864 36
865 31
866 178
867 72
868 210
869 116
870 12
871 188
872 70
873 58
874 103
875 52
876 198
877 236
878 39
879 48
880 86
881 72
882 140
884 75
885 92
886 108
887 93
888 113
889 9
890 193
891 136
892 38
893 217
894 55
895 205
896 131
897 179
899 88
900 227
901 45
902 13
903 88
904 46
905 131
906 172
907 77
908 126
910 196
911 150
913 24
914 58
915 204
916 215
917 113
918 119
919 176
921 226
922 51
923 10
925 79
927 175
928 208
930 8
931 74
932 128
933 135
934 244
935 95
936 57
937 33
938 227
939 173
940 122
941 15
942 33
943 125
944 18
945 78
946 86
947 223
948 229
950 55
951 108
952 227
953 198
955 224
956 149
957 8
958 137
959 46
960 14
961 88
962 202
963 193
964 123
965 0
966 189
967 20
968 223
969 163
970 113
971 212
972 68
973 185
974 53
975 153
976 175
977 106
978 132
980 123
981 7
982 37
983 106
984 143
986 126
987 217
988 185
989 11
990 41
992 70
994 36
995 150
996 104
997 144
998 247
999 227
1000 249
1001 238
1002 21
1003 215
1004 103
1005 132
1007 164
1008 149
1010 81
1011 45
1012 165
1013 178
1014 162
1015 198
1016 127
1017 146
1018 96
1019 27
1020 64
1021 148
1022 233
1023 49
1024 74
1025 170
1026 217
1027 46
1028 194
1029 227
1030 159
1031 221
1032 54
1033 217
1034 52
1035 7
1036 55
1038 138
1039 27
1040 130
1041 144
1042 188
1043 167
1044 124
1045 174
1046 46
1047 45
1048 92
1049 170
1050 8
1052 84
1053 242
1055 136
1056 31
1059 180
1060 198
1061 122
1062 205
1063 188
1064 60
1065 97
1066 170
1067 46
1068 208
1069 143
1070 139
1071 235
1072 240
1073 146
1074 189
1075 79
1076 77
1077 136
1078 217
1079 229
1080 22
1081 122
1082 237
1083 171
1085 104
1086 217
1087 188
1088 242
1089 205
1091 86
1093 111
1094 189
1095 187
1096 181
1097 94
1098 149
1099 9
1100 208
1101 166
1102 173
1103 44
1104 99
1105 249
1106 218
1107 140
1108 15
1109 200
1110 100
1111 185
1112 136
1113 44
1114 2
1115 8
1116 35
1117 24
1118 63
1119 210
1120 211
1121 166
1122 90
1123 188
1124 118
1125 124
1126 178
1128 27
1129 68
1130 113
1131 55
1132 135
1133 91
1134 70
1135 233
1137 1
1138 6
1139 82
1140 24
1142 170
1143 246
1144 237
1145 109
1147 78
1148 122
1149 75
1151 83
1153 214
1154 89
1155 66
1156 10
1157 139
1158 20
1159 204
1160 205
1161 46
1162 241
1164 18
1165 244
1166 237
1168 120
1169 165
1170 80
1171 122
1172 215
1173 46
1174 55
1175 96
1177 103
1178 196
1180 96
1181 204
1182 57
1183 227
1184 156
1185 13
1186 204
1187 76
1188 95
1189 110
1190 7
1191 142
1193 182
1194 195
1195 197
1197 177
1199 236
1200 207
1201 211
1203 153
1204 182
1205 93
1207 228
1208 43
1209 35
1210 199
1212 99
1213 55
1214 126
1215 27
1217 61
1218 79
1219 141
1220 205
1221 142
1222 25
1223 214
1224 205
1225 185
1226 246
1227 15
1228 55
1229 55
1230 204
1231 135
1232 124
1233 156
1235 111
1236 98
1237 147
1238 53
1239 56
1240 207
1241 32
1242 83
1243 188
1244 42
1245 103
1247 166
1248 198
1250 151
1251 174
1252 168
1253 120
1254 79
1256 129
1257 103
1258 217
1259 45
1261 101
1262 213
1263 175
1264 77
1265 69
1267 92
1268 226
1269 43
1270 227
1271 72
1272 10
1273 185
1274 94
1275 184
1277 199
1278 0
1279 202
1280 115
1284 116
1285 96
1286 143
1287 11
1289 206
1290 105
1291 159
1292 208
1294 246
1296 224
1297 71
1298 56
1299 88
1300 198
1302 43
1303 88
1304 91
1305 154
1306 209
1307 11
1308 229
1309 52
1310 52
1311 151
1312 105
1313 245
1314 136
1315 240
1316 215
1317 227
1318 226
1319 11
1320 210
1321 23
1322 30
1323 103
1325 96
1326 86
1328 27
1329 229
1330 112
1331 206
1332 134
1334 146
1335 104
1336 72
1338 86
1339 211
1340 144
1341 31
1342 31
1343 1
1344 24
1345 43
1346 96
1347 205
1348 236
1349 185
1351 133
1352 75
1354 84
1355 137
1356 211
1357 29
1359 58
1360 196
1363 39
1364 66
1365 123
1366 96
1367 211
1368 197
1369 131
1371 48
1372 100
1373 191
1374 184
1376 217
1377 96
1378 70
1379 215
1381 165
1382 2
1383 88
1384 100
1385 122
1386 58
1387 119
1389 134
1390 143
1391 45
1392 242
1394 0
1395 118
1396 74
1399 223
1400 34
1401 39
1402 113
1403 244
1404 81
1405 130
1406 213
1407 201
1408 210
1409 22
1410 14
1413 56
1414 39
1415 107
1416 88
1417 164
1419 188
1420 75
1421 186
1423 103
1424 53
1425 14
1426 11
1427 47
1428 1
1429 240
1430 153
1431 39
1432 86
1434 188
1436 135
1437 63
1438 72
1439 42
1440 26
1441 219
1442 71
1443 25
1444 113
1445 99
1446 232
1447 201
1448 91
1449 45
1451 78
1453 103
1455 87
1457 92
1458 189
1459 147
1460 223
1461 59
1462 178
1463 247
1464 210
1465 134
1466 32
1467 159
1468 207
1469 5
1470 125
1471 172
1472 139
1473 101
1474 64
1475 135
1476 185
1477 134
1478 225
1480 205
1482 6
1483 101
1485 11
1486 185
1487 219
1488 189
1489 31
1490 1
1491 23
1493 214
1494 189
1495 197
1496 192
1497 107
1499 149
1500 0
1501 188
1502 61
1503 45
1504 89
1505 127
1506 115
1507 248
1508 185
1509 168
1510 31
1511 167
1513 36
1515 221
1516 104
1517 239
1518 49
1519 6
1520 235
1522 229
1524 86
1525 247
1526 26
1528 66
1529 50
1530 78
1531 4
1532 175
1533 209
1534 126
1535 189
1536 162
1537 59
1538 172
1540 72
1542 131
1543 188
1544 47
1545 0
1546 135
1547 143
1548 78
1551 210
1552 14
1553 96
1554 135
1555 242
1558 114
1559 221
1560 40
1561 82
1562 170
1563 227
1564 125
1565 240
1566 124
1567 54
1568 42
1569 148
1570 170
1571 73
1572 62
1573 140
1574 40
1576 212
1577 34
1578 84
1579 135
1581 89
1582 205
1583 147
1586 17
1587 86
1589 26
1590 242
1592 194
1593 57
1594 11
1596 212
1598 86
1599 46
1600 37
1601 193
1602 79
1604 209
1605 119
1606 39
1609 25
1610 2
1612 12
1613 210
1614 107
1616 64
1617 31
1619 211
1620 103
1621 141
1622 27
1623 115
1624 135
1626 152
1627 103
1628 6
1629 86
1630 113
1631 86
1632 178
1633 151
1634 226
1635 217
1637 6
1638 135
1639 20
1640 20
1641 134
1643 188
1644 111
1645 107
1647 36
1648 10
1650 2
1652 113
1653 241
1654 86
1655 46
1656 153
1657 11
1658 207
1659 208
1660 68
1661 180
1662 45
1663 131
1664 245
1665 209
1666 6
1667 76
1668 54
1669 123
1670 225
1671 199
1672 158
1673 2
1674 31
1675 241
1676 131
1678 70
1680 142
1681 205
1682 23
1684 213
1685 63
1686 156
1687 1
1688 74
1689 249
1690 122
1691 66
1693 249
1694 163
1695 210
1697 123
1698 23
1699 52
1701 39
1702 72
1704 234
1706 221
1707 213
1709 244
1711 47
1712 223
1713 244
1714 116
1715 0
1716 55
1717 204
1718 92
1719 204
1720 222
1721 238
1722 135
1723 88
1724 57
1726 193
1727 204
1728 151
1729 56
1730 151
1732 210
1733 237
1734 20
1736 205
1737 205
1738 53
1739 41
1740 91
1741 58
1743 1
1744 23
1745 94
1747 75
1750 189
1751 160
1753 3
1754 50
1755 111
1756 92
1758 174
1759 93
1760 199
1761 53
1762 234
1763 246
1764 227
1765 36
1766 240
1767 217
1768 149
1769 204
1770 211
1771 7
1772 59
1773 39
1774 161
1775 62
1776 71
1777 30
1778 170
1779 14
1780 135
1782 160
1783 217
1784 39
1785 56
1788 44
1789 20
1790 77
1793 89
1794 28
1797 205
1798 109
1799 7
1800 189
1802 72
1803 239
1804 133
1805 190
1809 127
1810 35
1811 177
1813 108
1814 119
1815 152
1816 37
1817 38
1818 14
1819 234
1820 37
1822 205
1823 136
1824 25
1825 165
1826 53
1827 90
1828 41
1829 20
1831 126
1832 208
1833 113
1834 107
1835 29
1838 44
1840 135
1842 210
1843 85
1844 4
1845 10
1847 30
1848 125
1849 207
1850 118
1851 122
1852 218
1853 168
1854 10
1855 2
1856 211
1857 145
1858 90
1862 174
1863 242
1864 103
1865 227
1866 113
1867 32
1868 19
1869 123
1870 10
1871 65
1873 230
1874 145
1875 209
1876 204
1877 39
1878 150
1879 208
1880 130
1881 86
1882 92
1884 227
1885 61
1886 101
1887 4
1888 36
1889 198
1890 116
1891 235
1892 185
1893 11
1894 156
1895 65
1897 56
1898 126
1899 179
1900 149
1901 4
1902 188
1904 76
1906 217
1907 179
1910 0
1913 80
1914 175
1915 242
1917 221
1918 2
1919 50
1921 246
1922 42
1923 195
1924 108
1925 39
1926 238
1928 237
1929 63
1930 58
1931 135
1933 226
1934 93
1936 217
1937 204
1938 160
1939 74
1940 77
1941 244
1942 236
1943 199
1944 240
1946 188
1947 130
1948 14
1949 125
1950 98
1951 78
1952 97
1953 13
1955 119
1956 168
1957 162
1959 79
1960 55
1962 166
1963 43
1966 77
1967 6
1968 217
1969 196
1971 226
1972 129
1973 59
1974 70
1975 209
1976 31
1977 76
1978 205
1979 79
1980 198
1981 62
1982 178
1983 169
1984 183
1985 5
1986 31
1987 164
1989 132
1991 170
1992 72
1993 122
1994 79
1995 55
1996 21
1997 204
1998 129
1999 170
2000 103
2001 18
2002 48
2003 19
2004 86
2005 132
2006 135
2007 237
2008 176
2009 100
2010 185
2011 59
2012 34
2014 42
2015 30
2016 119
2017 71
2019 26
2020 188
2021 224
2022 79
2024 210
2025 113
2027 163
2028 226
2029 10
2030 29
2031 212
2032 133
2033 159
2035 227
2036 246
2040 133
2041 142
2042 169
2045 19
2046 226
2047 119
2051 70
2053 16
2054 232
2055 173
2057 214
2058 209
2059 76
2060 195
2061 28
2062 214
2065 123
2067 78
2068 139
2071 158
2072 107
2073 20
2074 14
2075 211
2076 4
2077 158
2078 48
2079 117
2081 179
2083 227
2084 108
2085 158
2086 221
2087 96
2088 38
2090 3
2091 40
2092 115
2093 95
2094 100
2095 150
2096 86
2097 170
2098 151
2099 24
2100 202
2101 163
2102 104
2103 246
2105 36
2106 86
2107 204
2108 97
2109 195
2110 14
2111 96
2113 70
2115 190
2116 58
2118 91
2119 55
2121 143
2122 23
2123 198
2124 162
2125 209
2126 42
2127 200
2128 193
2129 55
2130 92
2131 159
2132 114
2133 48
2134 98
2135 20
2140 14
2141 43
2142 78
2143 175
2146 121
2147 170
2148 54
2150 130
2152 200
2153 229
2154 239
2155 50
2156 198
2157 122
2158 76
2159 36
2161 11
2162 135
2163 156
2164 86
2165 150
2166 96
2167 38
2168 215
2169 244
2170 1
2171 223
2173 173
2174 8
2178 139
2179 31
2182 135
2183 100
2184 120
2185 135
2186 79
2187 23
2188 219
2189 151
2190 138
2191 126
2192 70
2193 185
2194 49
2195 131
2197 196
2200 35
2202 126
2204 205
2205 125
2206 40
2207 225
2210 164
2211 215
2213 177
2214 66
2217 142
2218 232
2220 74
2221 1
2223 121
2224 129
2226 25
2227 16
2228 176
2229 237
2231 185
2232 200
2233 51
2234 198
2235 171
2236 237
2237 90
2239 128
2240 155
2241 215
2244 173
2245 0
2246 228
2248 141
2249 222
2251 247
2252 86
2253 151
2255 61
2256 8
2257 10
2258 147
2259 22
2260 81
2261 55
2262 234
2263 18
2265 185
2266 168
2267 111
2268 155
2269 67
2270 36
2271 4
2272 99
2273 244
2274 198
2275 229
2276 139
2277 117
2278 88
2280 244
2281 188
2282 155
2284 29
2285 58
2286 162
2287 1
2288 12
2290 116
2291 103
2292 204
2294 14
2298 230
2299 130
2300 193
2302 30
2303 52
2304 92
2305 211
2306 221
2307 139
2308 242
2309 43
2310 191
2311 159
2312 224
2314 6
2315 14
2316 139
2317 26
2318 185
2320 223
2323 70
2324 119
2325 244
2327 130
2329 107
2331 188
2332 245
2334 177
2335 133
2336 167
2337 55
2338 99
2339 52
2340 242
2341 200
2342 200
2343 246
2344 24
2345 72
2346 217
2350 10
2351 237
2353 20
2354 224
2355 11
2356 40
2357 105
2359 31
2360 38
2361 15
2362 180
2363 73
2364 65
2365 46
2367 133
2368 92
2369 27
2370 229
2371 217
2372 141
2373 246
2374 190
2376 189
2379 211
2381 7
2383 113
2385 23
2386 108
2387 226
2389 1
2390 91
2391 45
2393 217
2395 92
2397 199
2398 95
2399 226
2400 106
2401 23
2402 249
2403 139
2404 116
2405 166
2406 200
2407 57
2408 36
2409 230
2410 158
2411 144
2413 8
2414 209
2415 185
2418 46
2419 175
2420 1
2421 177
2422 204
2424 72
2425 89
2427 67
2428 183
2429 6
2430 193
2431 55
2432 139
2433 53
2434 221
2438 127
2440 185
2441 74
2442 122
2443 244
2445 1
2446 49
2448 103
2449 201
2450 170
2451 79
2452 144
2455 81
2457 174
2459 227
2460 237
2461 0
2462 210
2463 43
2464 207
2467 86
2468 176
2471 209
2472 20
2473 170
2474 209
2476 154
2478 246
2480 175
2482 131
2483 249
2484 69
2485 76
2486 35
2488 199
2489 20
2490 83
2491 209
2492 61
2493 171
2494 206
2495 135
2496 67
2498 174
2499 190
2501 26
2502 111
2503 43
2504 224
2505 226
2506 216
2507 27
2508 22
2510 152
2511 119
2512 200
2513 130
2514 38
2516 234
2517 86
2518 214
2519 217
2520 241
2521 25
2522 40
2524 39
2525 189
2528 135
2529 94
2531 50
2533 41
2534 115
2536 91
2537 31
2538 139
2539 50
2540 124
2541 25
2542 228
2543 242
2545 121
2547 42
2548 41
2549 110
2550 30
2551 200
2552 219
2553 137
2557 131
2558 94
2560 40
2561 186
2563 152
2565 24
2567 205
2569 220
2570 118
2572 209
2574 146
2576 203
2579 185
2580 135
2583 98
2584 46
2585 10
2586 205
2587 214
2588 15
2589 229
2590 99
2591 57
2592 52
2595 169
2596 177
2597 0
2598 49
2599 171
2601 111
2602 227
2604 36
2605 1
2606 71
2607 23
2608 246
2609 25
2610 43
2612 8
2614 115
2615 185
2617 14
2618 156
2619 145
2620 94
2621 60
2623 128
2624 204
2625 111
2626 126
2627 89
2628 35
2632 216
2633 94
2634 34
2635 80
2636 65
2637 176
2638 62
2639 49
2640 19
2642 20
2643 101
2644 180
2646 124
2648 92
2650 183
2652 52
2653 158
2654 58
2657 8
2660 108
2662 176
2664 20
2666 86
2667 189
2668 229
2670 227
2671 11
2672 143
2673 159
2674 111
2676 156
2678 238
2679 135
2680 46
2681 58
2682 130
2683 198
2685 48
2686 156
2687 151
2688 31
2689 206
2690 10
2691 211
2692 188
2693 31
2694 135
2695 159
2697 160
2698 246
2701 55
2702 189
2704 142
2705 86
2707 241
2709 147
2710 241
2711 39
2715 220
2716 171
2717 6
2718 2
2719 74
2720 174
2721 107
2722 18
2723 209
2724 40
2725 138
2726 249
2728 200
2729 188
2731 70
2732 127
2733 46
2737 233
2738 30
2739 163
2741 50
2743 215
2744 244
2745 30
2747 185
2748 60
2749 167
2750 215
2751 226
2752 11
2753 76
2755 7
2756 5
2758 106
2759 189
2760 20
2762 147
2763 48
2764 106
2765 79
2768 113
2772 17
2773 189
2775 173
2776 214
2777 178
2778 14
2779 216
2780 43
2783 191
2785 236
2786 80
2787 203
2788 154
2789 72
2791 15
2792 89
2794 187
2795 237
2796 242
2798 118
2799 17
2801 246
2802 185
2803 226
2804 81
2806 198
2807 187
2809 120
2811 228
2812 76
2813 206
2815 55
2816 179
2817 246
2818 50
2820 137
2821 154
2822 97
2823 200
2825 125
2826 108
2830 72
2831 14
2832 227
2833 234
2834 230
2835 97
2838 198
2839 223
2840 14
2843 55
2844 57
2845 6
2846 33
2848 164
2849 94
2850 226
2851 176
2854 80
2856 78
2857 55
2858 204
2859 50
2862 36
2863 150
2866 237
2867 185
2868 223
2869 3
2870 108
2871 170
2872 15
2873 162
2874 2
2875 37
2878 25
2879 9
2880 174
2882 23
2883 39
2884 46
2886 214
2887 113
2888 101
2889 165
2890 133
2892 11
2894 29
2895 152
2896 50
2898 222
2899 32
2900 135
2902 79
2904 212
2906 142
2908 50
2909 214
2912 95
2914 119
2916 199
2917 119
2918 65
2920 113
2921 175
2923 71
2925 82
2927 159
2928 229
2930 234
2931 0
2932 119
2933 19
2934 204
2936 145
2937 31
2939 97
2940 81
2941 242
2942 17
2943 150
2944 158
2945 198
2946 122
2947 226
2948 234
2950 215
2951 31
2952 229
2954 59
2955 20
2956 176
2957 54
2959 204
2960 45
2961 24
2962 31
2963 103
2964 31
2965 43
2968 145
2970 108
2971 31
2972 10
2973 189
2974 119
2975 47
2976 175
2979 199
2980 140
2986 2
2987 46
2988 135
2989 47
2990 139
2991 175
2993 151
2995 205
2996 139
2997 174
2999 229
3000 70
3001 70
3002 163
3003 209
3004 177
3005 162
3006 0
3008 103
3009 183
3010 165
3011 92
3012 198
3013 8
3014 8
3015 14
3016 117
3017 117
3021 139
3022 82
3023 82
3024 151
3025 195
3027 27
3028 222
3029 141
3030 60
3031 171
3032 201
3033 122
3036 46
3038 92
3039 76
3041 124
3042 124
3043 120
3044 30
3045 20
3046 105
3049 102
3050 41
3051 143
3052 74
3053 198
3055 108
3056 45
3057 51
3058 189
3061 104
3062 241
3063 2
3064 2
3065 227
3066 227
3068 35
3069 111
3070 14
3071 92
3072 188
3076 71
3077 249
3078 89
3079 14
3081 13
3082 31
3085 92
3086 23
3087 125
3091 199
3092 218
3094 174
3095 8
3096 23
3097 231
3098 31
3099 127
3100 95
3101 162
3102 148
3103 193
3104 0
3105 168
3106 32
3107 71
3112 97
3113 97
3114 25
3115 136
3116 136
3117 172
3118 27
3119 27
3120 159
3121 149
3122 168
3123 46
3124 46
3125 113
3127 221
3128 221
3129 86
3130 78
3131 149
3132 170
3133 214
3134 214
3135 8
3136 244
3137 211
3139 221
3140 85
3141 221
3144 170
3145 0
3146 135
3147 43
3149 175
3152 204
3153 84
3155 55
3156 138
3157 174
3158 204
3160 46
3161 215
3162 113
3163 88
3165 129
3166 216
3168 130
3169 44
3170 11
3171 44
3172 226
3173 45
3174 157
3175 157
3176 151
3177 106
3179 175
3180 175
3181 86
3183 215
3184 1
3185 96
3186 101
3187 170
3190 11
3191 11
3192 133
3193 20
3194 36
3195 36
3196 184
3197 12
3198 91
3199 26
3200 26
3202 224
3203 228
3205 18
3206 248
3207 233
3210 91
3211 4
3212 4
3214 97
3215 135
3216 168
3218 3
3219 181
3220 111
3224 223
3225 223
3226 204
3227 110
3228 126
3229 179
3230 166
3231 63
3232 113
3233 96
3235 197
3236 197
3237 147
3238 147
3239 31
3240 229
3241 204
3242 113
3243 16
3245 167
3247 119
3248 111
3249 10
3250 209
3251 236
3252 239
3253 43
3254 159
3255 159
3257 144
3258 144
3259 161
3260 34
3261 20
3262 170
3263 135
3265 246
3266 96
3269 72
3272 0
3275 27
3277 171
3278 201
3279 159
3281 189
3282 94
3284 219
3287 135
3288 119
3289 46
3290 114
3291 12
3292 120
3293 30
3294 217
3295 174
3296 113
3298 72
3299 14
3301 46
3302 58
3304 67
3305 198
3306 198
3307 135
3308 93
3309 15
3310 237
3313 188
3315 208
3316 99
3318 241
3319 71
3320 36
3321 83
3323 126
3324 227
3325 134
3327 200
3328 1
3329 58
3330 74
3332 137
3333 38
3334 226
3335 70
3336 222
3337 93
3338 86
3339 237
3340 237
3341 210
3345 195
3346 232
3348 27
3349 27
3351 107
3352 136
3353 136
3354 35
3355 207
3357 91
3358 40
3360 85
3361 14
3362 217
3363 217
3364 170
3365 58
3367 17
3368 227
3369 236
3370 227
3371 58
3372 108
3374 175
3375 143
3376 5
3377 217
3378 135
3379 189
3380 68
3381 68
3384 82
3385 216
3387 39
3388 106
3389 227
3390 212
3391 23
3392 97
3393 89
3394 56
3396 135
3397 10
3398 76
3399 79
3403 15
3404 86
3405 210
3407 178
3408 196
3409 227
3410 137
3413 248
3415 152
3416 244
3417 198
3419 86
3420 198
3423 214
3424 119
3425 3
3426 78
3427 217
3428 162
3429 59
3430 238
3432 203
3433 96
3434 19
3435 29
3436 206
3439 80
3441 155
3442 231
3443 81
3445 236
3446 57
3447 110
3448 245
3449 245
3451 43
3452 193
3453 238
3454 197
3455 197
3456 211
3457 197
3459 147
3460 92
3461 229
3462 132
3463 31
3465 16
3466 228
3467 20
3468 236
3469 236
3471 239
3472 74
3473 74
3474 104
3475 161
3476 165
3477 183
3478 96
3479 166
3480 156
3481 197
3482 52
3484 54
3487 91
3488 30
3489 246
3490 67
3493 1
3494 0
3496 226
3497 10
3498 71
3499 41
3501 229
3502 244
3503 175
3504 39
3506 176
3507 235
3508 111
3509 153
3510 113
3511 177
3512 114
3513 230
3514 12
3515 12
3516 227
3517 200
3518 185
3520 163
3521 135
3522 52
3523 0
3526 139
3528 135
3529 119
3530 71
3531 107
3532 45
3533 200
3534 113
3535 5
3536 31
3537 31
3538 86
3540 20
3541 217
3542 120
3543 247
3544 134
3546 137
3548 14
3549 39
3550 86
3551 117
3552 131
3553 163
3554 205
3555 163
3556 50
3557 162
3558 237
3559 237
3560 20
3562 111
3563 131
3564 42
3567 159
3568 27
3569 27
3571 122
3572 32
3573 32
3574 122
3575 32
3576 69
3577 209
3579 86
3580 10
3581 151
3582 100
3583 122
3584 142
3585 192
3589 1
3590 25
3591 65
3592 78
3594 99
3596 246
3597 204
3598 158
3600 84
3601 5
3603 36
3604 165
3606 23
3607 58
3608 160
3609 88
3610 0
3611 88
3612 129
3613 65
3614 129
3615 216
3616 216
3618 241
3619 31
3620 170
3621 24
3623 1
3624 46
3625 12
3627 237
3628 175
3631 107
3632 238
3633 1
3635 88
3636 159
3637 36
3638 150
3639 150
3640 248
3641 45
3643 226
3645 165
3647 10
3648 119
3649 42
3651 111
3652 185
3653 119
3655 128
3656 238
3658 135
3659 59
3660 1
3661 12
3662 200
3663 164
3665 38
3666 245
3667 245
3668 227
3669 179
3670 166
3671 113
3672 133
3673 31
3674 168
3676 204
3677 244
3678 20
3680 89
3681 209
3682 92
3683 39
3684 8
3685 1
3686 209
3687 119
3688 189
3689 189
3690 28
3691 6
3692 96
3693 96
3694 165
3695 96
3696 195
3697 195
3698 226
3699 15
3701 226
3702 41
3703 139
3704 60
3705 92
3706 23
3707 217
3708 120
3710 200
3712 105
3713 105
3714 14
3715 205
3716 163
3717 58
3718 135
3719 198
3720 20
3721 177
3722 90
3723 89
3725 212
3726 52
3727 5
3728 86
3729 207
3731 83
3732 135
3733 78
3734 111
3735 209
3737 89
3738 209
3739 211
3740 133
3741 13
3742 115
3743 9
3744 0
3745 86
3746 52
3747 52
3748 217
3750 174
3751 100
3752 100
3753 0
3754 71
3755 226
3756 46
3758 174
3759 169
3761 125
3762 204
3763 189
3765 173
3766 185
3768 31
3769 31
3770 10
3771 207
3772 140
3773 140
3774 14
3775 205
3777 15
3778 207
3779 131
3780 131
3781 159
3784 162
3785 52
3789 204
3791 68
3792 217
3793 159
3795 119
3796 31
3797 90
3799 31
3800 226
3801 214
3803 215
3804 190
3807 175
3808 205
3809 20
3810 46
3811 46
3812 96
3815 205
3816 200
3817 20
3818 36
3819 227
3820 217
3821 126
3822 210
3823 210
3824 26
3825 151
3827 5
3828 233
3829 195
3830 217
3831 185
3832 58
3834 198
3835 97
3837 165
3838 39
3839 226
3841 170
3842 78
3843 7
3844 20
3845 137
3846 217
3847 31
3848 205
3849 165
3850 135
3851 121
3852 45
3853 139
3854 71
3855 240
3856 39
3857 73
3858 30
3860 226
3861 205
3862 135
3863 1
3864 244
3865 1
3866 139
3868 234
3869 221
3870 43
3871 132
3872 132
3873 211
3875 88
3876 228
3877 89
3879 119
3880 119
3881 185
3882 244
3884 74
3885 209
3886 159
3887 103
3888 144
3889 227
3890 104
3891 200
3892 86
3895 6
3896 8
3897 8
3898 14
3899 246
3900 86
3901 43
3902 43
3903 224
3904 135
3907 78
3908 130
3909 31
3910 86
3911 151
3912 207
3913 127
3914 127
3915 113
3916 113
3917 189
3918 217
3919 246
3920 229
3921 165
3922 60
3923 235
3924 130
3925 94
3926 33
3927 219
3928 94
3929 236
3930 55
3931 55
3932 35
3933 35
3934 200
3935 10
3936 24
3937 193
3938 52
3939 200
3940 227
3941 39
3942 105
3943 204
3944 46
3945 46
3947 212
3948 15
3949 43
3950 156
3951 89
3953 198
3954 113
3955 42
3957 135
3958 226
3960 241
3961 241
3964 89
3965 31
3966 89
3967 113
3968 204
3969 226
3970 137
3971 245
3972 205
3973 205
3974 205
3977 92
3978 39
3979 147
3980 147
3981 10
3982 1
3983 148
3985 217
3986 127
3987 31
3988 200
3991 226
3992 97
3993 71
3994 234
3995 200
3996 135
3997 14
3998 48
4000 226
4001 101
4003 191
4004 185
4006 193
4007 200
4008 244
4009 131
4010 77
4011 1
4012 224
4013 15
4014 246
4015 31
4018 111
4019 131
4020 71
4021 0
4022 244
4023 244
4025 89
4026 143
4027 229
4029 226
4032 68
4033 188
4034 58
4035 211
4036 170
4037 200
4038 242
4039 23
4040 119
4041 214
4042 214
4043 106
4044 151
4045 212
4046 212
4047 55
4048 31
4049 31
4050 205
4051 165
4052 63
4053 1
4056 46
4058 175
4059 35
4060 47
4061 76
4062 178
4063 96
4064 205
4065 204
4066 111
4067 111
4068 111
4071 200
4072 147
4073 92
4074 188
4075 210
4076 210
4077 200
4078 209
4079 18
4081 97
4082 154
4084 46
4085 20
4086 198
4087 58
4089 31
4090 71
4091 71
4094 200
4095 212
4096 3
4098 136
4099 86
4100 25
4101 159
4102 19
4103 59
4104 238
4105 209
4106 214
4108 200
4109 67
4110 81
4112 231
4113 71
4114 204
4116 223
4117 139
4118 113
4119 75
4120 74
4121 197
4122 45
4123 147
4124 92
4125 173
4127 87
4128 62
4129 119
4130 31
4132 20
4133 185
4134 162
4135 0
4138 14
4139 31
4140 31
4141 15
4142 71
4143 10
4144 246
4145 39
4146 31
4147 31
4148 113
4149 111
4152 10
4154 31
4155 71
4156 88
4157 33
4158 71
4159 219
4160 219
4162 209
4163 58
4165 35
4166 200
4167 119
4168 39
4170 71
4171 209
4172 200
4173 142
4174 238
4175 177
4177 237
4178 237
4179 113
4180 12
4181 135
4182 135
4183 135
4184 42
4185 71
4186 135
4187 52
4189 2
4191 71
4192 209
4193 215
4194 215
4195 189
4196 188
4197 74
4198 89
4199 247
4200 227
4201 20
4202 168
4203 200
4204 224
4205 1
4207 86
4208 186
4209 244
4210 23
4211 92
4212 86
4213 226
4214 125
4215 198
4217 200
4218 43
4219 50
4220 10
4221 127
4222 95
4223 1
4224 188
4225 2
4226 229
4227 135
4228 135
4229 200
4230 200
4231 107
4232 176
4233 226
4234 214
4235 214
4237 10
4238 151
4239 91
4240 204
4241 122
4242 238
4243 89
4244 207
4245 215
4247 111
4248 244
4249 159
4250 65
4251 217
4252 0
4253 0
4255 43
4256 86
4257 86
4258 229
4259 244
4260 31
4261 39
4262 71
4263 159
4264 119
4265 138
4266 45
4267 31
4268 92
4269 113
4270 97
4272 62
4273 159
4274 159
4275 159
4276 211
4277 93
4278 93
4279 135
4280 209
4281 135
4282 226
4283 119
4284 190
4285 215
4286 135
4288 89
4289 189
4290 56
4292 35
4294 76
4295 152
4296 205
4297 86
4298 101
4300 86
4301 204
4302 26
4303 151
4304 170
4305 71
4306 200
4307 18
4308 71
4309 14
4310 97
4312 154
4313 135
4314 43
4315 86
4316 226
4317 31
4318 135
4319 31
4320 55
4321 97
4322 135
4323 133
4324 20
4325 168
4326 162
4327 0
4328 96
4329 56
4330 238
4334 46
4336 130
4337 206
4338 39
4339 39
4340 207
4341 226
4342 135
4343 86
4344 139
4345 223
4346 223
4347 204
4348 209
4349 89
4350 89
4351 43
4352 159
4353 135
4354 45
4355 86
4356 228
4357 36
4358 36
4359 119
4360 119
4361 31
4362 139
4363 74
4364 74
4365 89
4366 0
4367 204
4368 46
4369 34
4370 56
4371 235
4372 135
4373 14
4374 135
4375 197
4376 209
4377 46
4378 209
4379 43
4380 147
4381 217
4382 127
4383 127
4384 12
4385 12
4386 205
4387 226
4388 52
4389 165
4390 165
4391 12
4392 176
4393 113
4394 88
4395 58
4396 92
4397 92
4398 31
4399 55
4400 119
4401 119
4402 89
4403 14
4404 163
4405 205
4406 163
4407 71
4408 52
4409 51
4410 244
4411 43
4412 122
4413 135
4414 14
4415 189
4416 189
4417 71
4418 71
4419 200
4420 200
4421 2
4422 229
4423 36
4424 217
4425 31
4426 31
4427 211
4428 211
4429 50
4430 120
4431 209
4432 71
4433 43
4434 40
4435 204
4436 249
4437 249
4438 211
4439 31
4440 31
4441 31
4442 200
4443 86
4444 46
4445 125
4446 31
4447 205
4448 163
4449 163
4450 205
4451 103
4452 92
4453 237
4454 31
4455 168
4456 96
4457 204
4458 204
4459 227
4460 97
4461 232
4462 234
4463 135
4464 200
4465 241
4466 96
4467 169
4468 178
4469 39
4470 86
4471 226
4472 226
4473 31
4474 31
4475 173
4476 39
4477 101
4478 191
4479 200
4480 185
4481 185
4482 116
4483 31
4484 146
4485 193
4486 226
4487 226
4488 135
4489 135
4490 135
4491 53
4492 53
4493 86
4494 237
4495 226
4496 204
4497 31
4498 188
4499 159
4500 159
4501 113
4502 113
4503 113
4504 175
4505 233
4506 143
4507 143
4508 217
4509 135
4510 160
4511 103
4512 119
4513 42
4514 216
4515 198
4516 31
4517 11
4518 221
4519 135
4520 205
4521 52
4522 217
4523 217
4524 135
4525 74
4526 1
4527 76
4528 76
4529 190
4530 177
4531 113
4532 113
4533 79
4534 224
4535 200
4536 170
4537 58
4538 204
4539 135
4540 71
4541 217
4542 31
4543 97
4544 137
4545 204
4546 135
4547 31
4548 0
4549 0
4550 96
4551 235
4552 238
4553 226
4554 31
4555 206
4556 39
4557 135
4558 236
4559 236
4560 57
4561 135
4562 215
4563 20
4564 20
4565 135
4566 200
4567 197
4568 139
4569 45
4570 147
4571 147
4572 200
4573 228
4574 228
4575 64
4576 71
4577 62
