0 12
1 168
2 43
3 175
4 146
6 232
7 87
8 249
9 196
10 66
11 210
12 234
13 80
14 9
15 158
16 236
17 106
18 204
19 101
20 234
21 104
22 203
23 158
24 237
25 27
26 213
27 185
28 214
30 12
31 54
32 228
33 50
34 49
35 216
36 55
37 120
38 155
40 94
41 95
42 230
43 243
44 174
45 51
46 234
47 191
49 52
50 193
51 140
52 204
53 191
54 225
55 157
57 108
58 92
60 50
61 144
62 188
63 109
64 242
65 4
66 146
67 116
68 55
69 118
70 123
71 116
72 55
73 17
75 160
76 8
77 183
78 66
79 92
80 13
81 80
82 119
83 211
84 90
85 157
86 177
87 163
88 138
89 190
90 172
91 166
92 241
93 175
94 232
95 65
96 115
97 125
98 154
99 18
101 203
102 159
104 121
105 191
106 244
107 118
108 63
109 17
110 29
111 157
112 132
113 66
114 46
115 9
116 131
118 168
119 17
120 141
121 153
122 109
123 8
124 149
125 12
126 149
127 110
128 26
129 214
130 54
131 186
132 118
133 118
135 203
136 26
137 208
138 22
139 14
140 183
141 130
142 249
143 125
144 124
145 145
146 88
147 241
148 72
149 197
150 19
151 24
152 223
153 196
154 178
155 229
156 193
157 170
158 89
159 152
160 75
161 43
162 61
163 182
164 88
165 173
166 117
167 5
168 81
169 127
170 195
171 28
172 209
173 98
174 169
175 103
176 12
177 213
178 189
179 204
180 118
181 174
182 55
183 127
184 131
185 90
186 125
187 193
188 144
189 200
190 200
191 18
192 66
193 148
194 114
195 98
196 80
198 4
199 115
200 106
201 32
202 186
203 153
204 24
206 26
207 191
208 230
209 200
210 133
211 209
212 154
213 119
214 127
215 55
216 143
218 28
219 77
220 151
221 171
222 157
223 81
224 104
225 234
226 189
227 196
228 201
229 69
230 10
231 234
232 157
233 118
234 197
235 130
236 155
237 21
239 12
240 172
241 57
242 164
243 22
244 195
245 128
246 191
247 68
248 230
249 149
250 49
251 239
252 59
253 165
254 180
256 217
257 8
258 59
259 230
260 188
261 118
262 26
263 130
264 144
265 169
266 225
267 153
268 130
269 168
271 155
272 150
273 33
274 191
275 133
276 192
277 12
278 164
280 109
281 146
282 6
283 130
284 6
285 47
286 234
287 115
288 19
289 82
290 208
291 249
292 1
293 213
294 43
295 221
296 108
297 227
299 45
300 202
301 152
303 19
304 43
305 238
306 73
307 58
308 229
309 68
310 133
312 99
313 147
314 82
315 0
317 168
318 232
319 157
320 173
321 233
322 106
323 123
324 63
325 21
326 29
327 119
328 19
330 96
331 104
332 86
333 67
334 133
335 45
336 161
337 17
338 110
340 48
342 25
343 76
344 203
345 55
346 235
347 204
348 42
349 203
350 100
351 49
352 189
353 167
354 234
355 33
356 168
357 53
358 170
361 21
362 59
363 200
364 122
365 42
366 122
367 134
368 235
369 83
370 96
371 239
373 107
375 99
377 248
378 60
379 119
380 12
381 92
382 170
383 196
384 97
385 47
386 77
387 68
389 235
391 112
392 223
393 196
394 93
395 180
396 232
397 150
398 193
400 235
401 109
402 115
403 42
404 70
405 10
406 138
408 214
409 224
410 115
411 129
412 49
413 205
414 24
415 97
416 162
417 60
418 217
419 232
420 55
421 69
422 168
423 5
424 120
425 5
426 207
427 214
428 172
429 209
430 4
431 137
432 212
433 111
434 44
435 43
436 101
437 189
438 3
439 187
440 11
441 155
444 197
445 9
446 193
447 50
448 29
449 56
450 55
451 198
452 156
453 172
454 179
455 168
456 179
457 235
458 91
459 47
460 230
461 17
462 118
463 22
464 54
465 118
466 70
467 204
469 115
470 54
471 150
472 95
473 61
474 229
475 247
477 82
478 16
479 172
480 29
481 70
483 8
484 74
485 55
486 27
487 73
488 177
490 40
492 202
493 188
494 197
495 1
496 135
497 47
498 93
499 163
500 98
501 243
502 171
503 8
504 206
505 208
507 216
508 172
509 245
510 45
511 41
512 24
513 107
514 109
516 159
517 186
518 18
520 217
521 165
522 231
523 220
524 12
525 206
527 173
528 18
529 90
530 248
531 196
532 229
533 26
534 92
535 107
536 45
537 232
538 157
539 119
540 12
541 167
542 115
543 118
544 28
545 43
547 40
548 26
549 130
550 40
551 12
552 168
554 170
555 42
556 170
557 16
558 129
559 124
560 245
561 68
562 63
563 4
564 16
565 168
566 149
567 118
568 124
569 86
570 92
571 68
572 37
573 150
574 12
575 12
576 85
577 33
578 246
579 235
580 63
581 208
582 83
583 42
584 161
585 10
586 156
588 101
589 138
590 97
591 149
592 58
593 241
594 4
596 21
597 54
598 60
600 178
601 35
602 32
604 73
606 186
607 112
608 150
609 222
610 217
611 145
612 80
614 77
615 154
616 122
617 14
619 51
620 9
621 146
622 249
623 109
625 246
626 63
627 65
628 39
629 118
630 28
631 42
632 69
633 191
634 124
635 121
636 96
637 189
638 83
639 216
640 28
641 34
642 186
643 70
644 4
645 93
647 132
648 141
649 189
650 150
651 190
652 55
653 249
654 99
655 231
656 232
657 61
658 172
659 115
660 82
661 209
662 68
663 216
664 77
665 1
666 143
667 26
668 18
669 200
670 90
671 49
672 106
673 10
674 177
675 73
677 76
678 19
679 113
680 54
681 211
682 24
683 26
684 136
685 49
686 35
688 157
689 109
690 131
691 28
692 28
693 98
694 118
695 160
696 106
697 235
698 201
699 211
700 88
701 44
704 214
705 112
706 207
708 232
709 31
710 126
712 47
713 170
714 111
715 35
716 85
717 235
718 118
719 196
720 19
721 109
722 83
723 114
724 42
725 92
726 85
727 99
728 15
729 29
730 4
732 157
733 145
734 112
735 55
736 212
738 55
739 21
740 47
741 105
742 34
743 249
744 26
745 70
746 168
747 93
748 115
749 71
750 36
751 115
752 183
753 203
754 142
755 47
756 241
757 62
758 127
759 117
760 23
761 229
763 240
764 12
765 136
766 154
767 229
768 137
770 143
771 6
772 92
774 19
775 154
776 42
778 32
779 143
780 75
781 4
782 210
783 59
784 178
785 10
786 54
787 138
788 182
789 97
790 31
791 73
792 49
793 0
794 1
795 49
796 50
798 188
800 15
801 164
802 212
803 3
804 235
805 215
806 31
807 110
808 11
810 12
812 191
813 6
814 164
815 122
816 183
817 182
818 188
819 225
820 83
822 232
823 190
824 17
827 75
828 11
829 40
831 83
832 168
833 246
834 229
835 108
836 169
837 88
838 119
839 39
840 180
841 19
842 124
843 197
844 96
845 177
846 52
847 5
848 104
849 93
850 68
851 139
852 75
853 28
854 189
855 93
856 29
857 232
858 159
859 9
860 178
861 121
862 26
863 229
864 109
865 154
866 122
867 57
868 138
869 162
870 12
871 28
872 17
873 83
874 87
875 55
876 169
877 32
878 54
879 12
880 36
881 57
882 212
883 170
884 237
885 172
886 133
887 237
888 35
889 162
890 109
891 165
892 98
893 248
894 3
895 115
896 231
897 160
899 152
900 1
901 174
902 46
903 245
904 220
905 121
906 228
907 2
908 210
910 121
911 26
913 82
914 49
915 219
916 229
917 109
918 35
919 224
921 49
922 15
923 119
925 79
927 189
928 245
930 132
931 21
932 216
933 170
934 169
935 212
936 178
937 44
938 230
939 23
940 170
941 28
942 44
943 244
944 3
945 109
946 70
947 241
948 162
950 9
951 17
952 146
953 147
955 175
956 90
957 30
958 232
959 26
960 170
961 152
962 77
963 27
964 145
965 94
966 33
967 12
968 40
969 242
970 136
971 247
972 222
973 70
974 23
975 226
976 189
977 187
978 34
980 246
981 139
982 1
983 63
984 95
986 210
987 171
988 169
989 191
990 87
992 17
994 206
995 83
996 166
997 81
998 71
999 115
1000 183
1001 179
1002 225
1003 93
1004 132
1005 78
1007 36
1008 140
1010 167
1011 1
1012 249
1013 4
1014 32
1015 234
1016 169
1017 44
1018 136
1019 33
1020 235
1021 4
1022 202
1023 51
1024 21
1025 138
1026 239
1027 150
1028 240
1029 229
1030 74
1031 12
1032 21
1033 26
1034 236
1035 139
1036 218
1038 127
1039 33
1040 166
1041 81
1042 174
1043 227
1044 113
1045 221
1046 203
1047 49
1048 54
1049 19
1050 155
1052 181
1053 39
1055 29
1056 49
1059 223
1060 93
1061 108
1062 18
1063 224
1064 223
1065 183
1066 49
1067 150
1068 174
1069 39
1070 47
1071 237
1072 38
1073 44
1074 216
1075 79
1076 125
1077 167
1078 12
1079 239
1080 167
1081 73
1082 149
1083 229
1084 214
1085 144
1086 43
1087 16
1088 20
1089 9
1091 169
1093 184
1094 214
1095 156
1096 29
1097 68
1098 176
1099 55
1100 92
1101 48
1102 198
1103 103
1104 21
1105 10
1106 53
1107 212
1108 84
1109 43
1110 69
1111 26
1112 165
1113 103
1114 243
1115 14
1116 140
1117 223
1118 91
1119 86
1120 138
1121 95
1122 0
1123 16
1124 17
1125 9
1126 4
1128 84
1129 116
1130 50
1131 26
1132 1
1133 55
1134 142
1135 168
1137 68
1138 122
1139 232
1140 41
1142 241
1143 126
1144 189
1145 73
1147 171
1148 163
1149 77
1151 129
1153 92
1154 52
1155 110
1156 179
1157 63
1158 118
1159 169
1160 118
1161 150
1162 2
1164 43
1165 109
1166 118
1168 144
1169 55
1170 230
1171 43
1172 24
1173 35
1174 174
1175 50
1177 31
1178 125
1180 225
1181 125
1182 178
1183 162
1184 42
1185 103
1186 219
1187 13
1188 174
1189 30
1190 127
1191 221
1193 164
1194 249
1195 119
1197 63
1198 74
1199 13
1200 155
1201 111
1202 162
1203 47
1204 73
1205 130
1206 56
1207 151
1208 112
1209 236
1210 58
1212 21
1213 202
1214 226
1215 28
1217 197
1218 79
1219 197
1220 7
1221 5
1222 71
1223 1
1224 174
1225 5
1226 170
1227 43
1228 104
1229 106
1230 54
1231 109
1232 113
1233 131
1235 246
1236 68
1237 66
1238 198
1239 163
1240 42
1241 163
1242 129
1243 149
1244 217
1245 132
1247 4
1248 49
1250 195
1251 18
1252 4
1253 6
1254 79
1255 234
1256 67
1257 101
1258 26
1259 83
1261 11
1262 145
1263 84
1264 240
1265 248
1267 235
1268 183
1269 29
1270 75
1271 57
1272 59
1273 203
1274 188
1275 64
1277 211
1278 235
1279 77
1280 8
1284 96
1285 147
1286 39
1287 97
1289 132
1290 44
1291 191
1292 92
1294 170
1296 8
1297 63
1298 144
1299 21
1300 232
1302 234
1303 93
1304 112
1305 37
1306 59
1307 225
1308 239
1309 23
1310 246
1311 45
1312 44
1313 105
1314 165
1315 89
1316 200
1317 55
1318 12
1319 74
1320 86
1321 173
1322 141
1323 191
1325 159
1326 70
1328 228
1329 24
1330 64
1331 132
1332 96
1334 135
1335 209
1336 237
1338 157
1339 203
1340 171
1341 43
1342 48
1343 208
1344 128
1345 234
1346 225
1347 174
1348 178
1349 106
1351 34
1352 77
1354 181
1355 59
1356 149
1357 132
1359 109
1360 125
1363 209
1364 110
1365 92
1366 202
1367 149
1368 149
1369 137
1370 149
1371 108
1372 69
1373 45
1374 64
1376 242
1377 5
1378 249
1379 152
1381 110
1382 243
1383 245
1384 69
1385 73
1386 49
1387 35
1389 96
1390 40
1391 174
1392 39
1394 150
1395 94
1396 21
1398 12
1399 68
1400 72
1401 80
1402 246
1403 32
1404 65
1405 155
1406 145
1407 110
1408 86
1409 167
1410 59
1413 130
1414 186
1415 192
1416 245
1417 36
1419 174
1420 106
1421 103
1422 157
1423 179
1424 23
1425 40
1426 28
1427 198
1428 208
1429 34
1430 226
1431 157
1432 118
1434 16
1436 172
1437 161
1438 221
1439 35
1440 249
1441 105
1442 99
1443 109
1444 134
1445 117
1446 36
1447 46
1448 54
1449 174
1451 17
1453 210
1455 227
1456 24
1457 54
1458 201
1459 197
1460 101
1461 78
1462 150
1463 92
1464 86
1465 153
1466 146
1467 235
1468 54
1469 238
1470 244
1471 228
1472 147
1473 11
1474 111
1475 12
1476 109
1477 96
1478 164
1479 200
1480 70
1482 145
1483 216
1485 111
1486 156
1487 143
1488 21
1489 55
1490 246
1491 173
1493 104
1494 239
1495 104
1496 51
1497 65
1499 47
1500 118
1501 16
1502 154
1503 195
1504 66
1505 109
1506 8
1507 152
1508 11
1509 207
1510 83
1511 227
1513 62
1515 235
1516 209
1517 201
1518 146
1519 163
1520 205
1522 239
1524 208
1525 204
1526 42
1528 110
1529 148
1530 142
1531 158
1532 217
1533 27
1534 24
1535 17
1536 94
1537 114
1538 228
1540 129
1542 231
1543 10
1544 76
1545 49
1546 109
1547 95
1548 109
1551 108
1552 150
1553 176
1554 70
1555 39
1558 85
1559 97
1560 63
1561 59
1562 83
1563 12
1564 59
1565 89
1566 202
1567 21
1568 12
1569 77
1570 21
1571 173
1572 153
1573 108
1574 63
1576 247
1577 72
1578 181
1579 1
1580 56
1581 183
1582 1
1583 122
1584 12
1585 193
1586 22
1587 83
1589 42
1590 200
1592 110
1593 178
1594 191
1596 247
1597 70
1598 70
1599 183
1600 157
1601 16
1602 141
1604 168
1605 214
1606 80
1608 59
1609 146
1610 243
1612 35
1613 202
1614 192
1616 70
1617 1
1618 149
1619 188
1620 223
1621 8
1622 33
1623 103
1624 87
1625 47
1626 7
1627 46
1628 66
1629 93
1630 63
1631 70
1632 56
1633 169
1634 196
1635 5
1637 70
1638 171
1639 70
1640 12
1641 96
1642 56
1643 18
1644 246
1645 59
1647 32
1648 47
1650 243
1652 12
1653 218
1654 183
1655 201
1656 226
1657 190
1658 175
1659 35
1660 248
1661 106
1662 26
1663 240
1664 105
1665 210
1666 51
1667 13
1668 21
1669 246
1670 164
1671 211
1672 185
1673 243
1674 138
1675 2
1676 2
1677 109
1678 152
1679 183
1680 212
1681 5
1682 208
1684 145
1685 179
1686 42
1687 200
1688 21
1689 183
1690 168
1691 110
1692 247
1693 183
1694 53
1695 182
1697 193
1698 191
1699 5
1700 234
1701 80
1702 129
1704 49
1706 168
1707 204
1709 83
1711 76
1712 101
1713 69
1714 203
1715 207
1716 168
1717 154
1718 48
1719 183
1720 214
1721 179
1722 14
1723 245
1724 178
1726 226
1727 74
1728 138
1729 144
1730 5
1732 86
1733 180
1734 63
1735 174
1736 53
1737 118
1738 23
1739 7
1740 225
1741 68
1743 225
1744 157
1745 200
1747 77
1750 154
1751 218
1753 194
1754 93
1755 9
1756 208
1758 176
1759 163
1760 159
1761 23
1762 149
1763 126
1764 154
1765 66
1766 38
1767 70
1768 166
1769 107
1770 214
1771 139
1772 114
1773 221
1774 72
1775 186
1776 55
1777 141
1778 195
1779 69
1780 12
1782 100
1783 179
1784 232
1785 144
1788 103
1789 208
1790 0
1792 59
1793 56
1794 129
1797 7
1798 66
1799 139
1800 236
1802 111
1803 201
1804 39
1805 190
1809 191
1810 176
1811 186
1813 147
1814 214
1815 190
1816 157
1817 98
1818 90
1819 104
1820 1
1822 53
1823 14
1824 216
1825 7
1826 198
1827 156
1828 66
1829 60
1831 210
1832 92
1833 246
1834 192
1835 162
1838 111
1840 109
1842 86
1843 97
1844 158
1845 55
1847 100
1848 246
1849 146
1850 17
1851 109
1852 159
1853 207
1854 47
1855 153
1856 12
1857 21
1858 0
1862 117
1863 39
1864 74
1865 45
1866 19
1867 163
1868 114
1869 63
1870 5
1871 154
1873 85
1874 52
1875 235
1876 49
1877 147
1878 26
1879 92
1880 151
1881 49
1882 172
1884 234
1885 70
1886 133
1887 101
1888 206
1889 49
1890 162
1891 81
1892 12
1893 225
1894 42
1895 98
1897 144
1898 236
1899 128
1900 90
1901 158
1902 56
1904 62
1906 214
1907 128
1910 241
1912 1
1913 230
1914 88
1915 174
1916 5
1917 17
1918 153
1919 61
1921 204
1922 167
1923 95
1924 144
1925 209
1926 93
1928 170
1929 73
1930 12
1931 80
1933 168
1934 204
1936 118
1937 51
1938 218
1939 172
1940 240
1941 74
1942 82
1943 58
1944 89
1946 118
1947 177
1948 157
1949 154
1950 68
1951 47
1952 12
1953 103
1955 224
1956 207
1957 238
1959 79
1960 235
1962 218
1963 218
1966 2
1967 73
1968 101
1969 107
1971 12
1972 71
1973 78
1974 24
1975 55
1976 190
1977 62
1978 18
1979 79
1980 115
1981 70
1982 4
1983 213
1984 10
1985 102
1986 208
1987 36
1989 7
1991 49
1992 237
1993 109
1994 79
1995 168
1996 225
1997 130
1998 71
1999 70
2000 60
2001 3
2002 12
2003 213
2004 68
2005 34
2006 47
2007 180
2008 119
2009 102
2010 43
2011 78
2012 72
2014 146
2015 100
2016 213
2017 66
2019 42
2020 108
2021 1
2022 218
2024 93
2025 134
2027 242
2028 109
2029 168
2030 172
2031 113
2032 17
2033 109
2035 83
2036 24
2040 175
2041 172
2042 213
2044 63
2045 213
2046 202
2047 9
2051 17
2053 120
2054 36
2055 11
2056 183
2057 214
2058 35
2059 40
2060 229
2061 129
2062 48
2065 145
2066 1
2067 17
2068 20
2071 88
2072 210
2073 157
2074 28
2075 230
2076 158
2077 88
2078 49
2079 204
2080 157
2081 189
2083 234
2084 46
2085 88
2086 97
2087 176
2088 105
2090 194
2091 31
2092 8
2093 212
2094 203
2095 26
2096 224
2097 197
2098 106
2099 124
2100 20
2101 82
2102 166
2103 126
2105 206
2106 49
2107 246
2108 12
2109 64
2110 150
2111 208
2113 17
2115 23
2116 188
2118 19
2119 104
2121 95
2122 55
2123 93
2124 178
2125 41
2126 191
2127 83
2128 77
2129 115
2130 195
2131 216
2132 85
2133 179
2134 178
2135 183
2136 18
2139 171
2140 138
2141 196
2142 225
2143 189
2146 14
2147 60
2148 21
2149 179
2150 155
2152 154
2153 26
2154 201
2155 93
2156 177
2157 73
2158 13
2159 80
2161 225
2162 28
2163 42
2164 193
2165 26
2166 229
2167 213
2168 69
2169 169
2170 69
2171 101
2172 12
2173 76
2174 30
2178 81
2179 52
2182 246
2183 19
2184 34
2185 83
2186 218
2187 191
2188 143
2189 55
2190 127
2191 229
2192 142
2193 156
2194 146
2195 2
2197 121
2198 35
2200 144
2202 115
2204 68
2205 244
2206 97
2207 164
2210 36
2211 209
2213 115
2214 104
2217 108
2218 89
2220 21
2221 109
2223 14
2224 67
2226 71
2227 233
2228 224
2229 241
2231 156
2232 183
2233 15
2234 118
2235 203
2236 70
2237 0
2239 100
2240 111
2241 93
2244 23
2245 108
2246 12
2248 125
2249 204
2251 92
2252 49
2253 14
2255 101
2256 146
2257 232
2258 138
2259 167
2260 65
2261 9
2262 186
2263 3
2265 93
2266 130
2267 197
2268 173
2269 2
2270 66
2271 158
2272 21
2273 83
2274 28
2275 26
2276 20
2277 163
2278 24
2280 109
2281 224
2282 111
2283 12
2284 178
2285 54
2286 128
2287 109
2288 119
2290 162
2291 223
2292 168
2293 48
2294 118
2298 60
2299 209
2300 16
2302 118
2303 28
2304 207
2305 52
2306 74
2307 20
2308 39
2309 118
2310 43
2311 130
2312 203
2314 66
2315 157
2316 63
2317 42
2318 214
2320 241
2321 56
2323 152
2324 56
2325 219
2327 151
2329 192
2331 19
2332 232
2334 115
2335 50
2336 227
2337 104
2338 21
2339 26
2340 39
2341 216
2342 73
2343 236
2344 131
2345 237
2346 109
2350 119
2351 149
2353 217
2354 149
2355 225
2356 141
2357 44
2358 12
2359 109
2360 98
2361 24
2362 124
2363 173
2364 60
2365 214
2367 86
2368 216
2369 33
2370 214
2371 193
2372 34
2373 9
2374 23
2376 210
2377 101
2379 109
2381 6
2383 214
2385 106
2386 171
2387 154
2388 189
2389 109
2390 202
2391 84
2393 171
2395 154
2397 211
2398 212
2399 12
2400 146
2401 24
2402 19
2403 18
2404 203
2405 42
2406 109
2407 178
2408 24
2409 60
2410 88
2411 81
2413 130
2414 12
2415 1
2418 220
2419 106
2420 115
2421 171
2422 83
2424 27
2425 62
2427 138
2428 10
2429 122
2430 77
2431 168
2432 248
2433 198
2434 235
2438 191
2440 7
2441 200
2442 154
2443 169
2445 174
2446 146
2448 132
2449 46
2450 142
2451 79
2452 81
2455 65
2457 117
2459 154
2460 70
2461 130
2462 168
2463 69
2464 5
2467 183
2468 224
2471 68
2472 31
2473 157
2474 16
2476 102
2478 126
2479 49
2480 27
2482 231
2483 183
2484 51
2485 40
2486 176
2488 159
2489 138
2490 129
2491 80
2492 197
2493 29
2494 2
2495 83
2496 138
2498 213
2499 190
2501 42
2502 242
2503 97
2504 170
2505 49
2506 4
2507 33
2508 167
2510 190
2511 1
2512 197
2513 244
2514 98
2516 16
2517 68
2518 92
2519 118
2520 204
2521 71
2522 141
2524 235
2525 83
2528 201
2529 13
2531 93
2533 7
2534 8
2535 56
2536 183
2537 214
2538 241
2539 148
2540 66
2541 98
2542 83
2543 172
2545 110
2547 43
2548 7
2549 247
2550 141
2551 154
2552 143
2553 101
2557 193
2558 70
2560 126
2561 103
2563 190
2564 12
2565 4
2567 171
2569 15
2570 171
2572 35
2574 31
2576 188
2579 216
2580 208
2583 178
2584 193
2585 70
2586 118
2587 92
2588 84
2589 5
2590 39
2591 178
2592 154
2595 56
2596 241
2597 93
2598 63
2599 24
2601 16
2602 1
2604 80
2605 50
2606 109
2607 106
2608 170
2609 156
2610 112
2611 56
2612 175
2614 69
2615 1
2617 40
2618 131
2619 21
2620 13
2621 9
2623 216
2624 168
2625 70
2626 115
2627 234
2628 132
2631 109
2632 4
2633 197
2634 178
2635 28
2636 154
2637 224
2638 186
2639 63
2640 18
2642 109
2643 11
2644 124
2646 113
2648 208
2650 249
2652 206
2653 185
2654 229
2657 143
2660 131
2661 157
2662 232
2664 169
2665 183
2666 1
2667 21
2668 239
2670 99
2671 225
2672 39
2673 130
2674 168
2676 42
2677 68
2678 179
2679 191
2680 203
2681 188
2682 130
2683 49
2685 5
2686 42
2687 58
2688 17
2689 2
2690 196
2691 230
2692 246
2693 246
2694 12
2695 98
2697 218
2698 2
2701 9
2702 155
2704 172
2705 48
2707 157
2709 146
2710 99
2711 186
2715 199
2716 191
2717 146
2718 153
2719 52
2720 117
2721 192
2722 3
2723 234
2724 219
2725 127
2726 183
2728 21
2729 10
2731 142
2732 191
2733 193
2737 202
2738 100
2739 53
2741 247
2742 234
2743 52
2744 43
2745 147
2747 214
2748 8
2749 227
2750 172
2751 121
2752 9
2753 62
2755 139
2756 238
2758 187
2759 56
2760 118
2762 66
2763 49
2764 152
2765 79
2768 246
2769 83
2772 22
2773 246
2775 23
2776 207
2777 39
2778 157
2779 150
2780 130
2783 45
2785 82
2786 230
2787 214
2788 37
2789 57
2791 12
2792 230
2794 98
2795 180
2796 200
2798 157
2799 197
2801 99
2802 106
2803 246
2804 65
2806 202
2807 235
2809 178
2811 204
2812 13
2813 132
2815 68
2816 189
2817 29
2818 104
2820 105
2821 102
2822 12
2823 68
2825 59
2826 8
2830 57
2831 150
2832 178
2833 70
2834 101
2835 83
2838 28
2839 83
2840 118
2843 9
2844 61
2845 121
2846 44
2848 0
2849 106
2850 19
2851 224
2854 5
2855 235
2856 17
2857 174
2858 12
2859 148
2861 157
2862 206
2863 26
2866 180
2867 47
2868 241
2869 18
2870 133
2871 109
2872 28
2873 94
2874 153
2875 1
2878 98
2879 97
2880 56
2881 35
2882 191
2883 70
2884 214
2885 45
2886 48
2887 214
2888 230
2889 7
2890 175
2892 142
2894 63
2895 190
2896 61
2898 204
2899 35
2900 83
2902 79
2904 247
2906 5
2908 93
2909 48
2912 212
2914 188
2916 159
2917 59
2918 71
2920 134
2921 249
2922 12
2923 234
2925 59
2927 216
2928 162
2930 16
2931 5
2932 214
2933 120
2934 219
2936 52
2937 19
2938 214
2939 12
2940 65
2941 39
2942 22
2943 26
2944 185
2945 115
2946 52
2947 109
2948 92
2950 208
2951 5
2952 236
2954 78
2955 23
2956 228
2957 21
2959 248
2960 1
2961 4
2962 109
2963 132
2964 12
2965 238
2968 21
2970 133
2971 234
2972 70
2973 171
2974 208
2975 76
2976 43
2979 54
2980 108
2986 243
2987 150
2988 101
2989 198
2990 74
2991 84
2993 132
2995 183
2996 20
2997 18
2999 162
3000 17
3001 17
3002 196
3003 9
3004 208
3005 128
3006 43
3008 223
3009 10
3010 249
3011 232
3012 232
3013 143
3014 30
3015 29
3016 130
3017 161
3018 234
3021 63
3022 164
3023 59
3024 56
3025 226
3027 33
3028 168
3029 8
3030 8
3031 24
3032 46
3033 154
3035 1
3036 214
3038 191
3039 13
3041 113
3042 113
3043 100
3044 100
3045 138
3046 44
3048 12
3049 53
3050 174
3051 95
3052 172
3053 28
3055 133
3056 133
3057 28
3058 188
3061 166
3062 51
3063 29
3064 153
3065 73
3066 109
3068 171
3069 246
3070 47
3071 54
3072 118
3076 35
3077 183
3078 183
3079 90
3081 103
3082 12
3085 157
3086 47
3087 244
3091 159
3092 159
3094 18
3095 130
3096 6
3097 14
3098 56
3099 203
3100 212
3101 94
3102 150
3103 249
3104 56
3105 207
3106 207
3107 55
3111 1
3112 183
3113 183
3114 146
3115 5
3116 5
3117 84
3118 84
3119 228
3120 203
3121 163
3122 146
3123 220
3124 93
3125 138
3127 234
3128 235
3129 224
3130 225
3131 140
3132 176
3133 92
3134 92
3135 175
3136 52
3137 216
3139 97
3140 97
3141 97
3144 83
3145 214
3146 47
3147 54
3149 232
3152 118
3153 181
3155 27
3156 127
3157 117
3158 219
3160 109
3161 245
3162 245
3163 152
3165 67
3166 4
3168 209
3169 103
3170 111
3171 103
3172 149
3173 197
3174 48
3175 241
3176 154
3177 14
3179 217
3180 58
3181 83
3183 208
3184 157
3185 229
3186 11
3187 216
3190 43
3191 225
3192 74
3193 150
3194 80
3195 80
3196 64
3197 5
3198 66
3199 42
3200 27
3202 7
3203 151
3205 3
3206 127
3207 146
3210 112
3211 158
3212 158
3214 209
3215 12
3216 162
3218 18
3219 29
3220 47
3224 241
3225 241
3226 195
3227 123
3228 105
3229 189
3230 189
3231 178
3232 153
3233 50
3234 5
3235 104
3236 104
3237 122
3238 122
3239 168
3240 26
3241 174
3242 214
3243 233
3245 69
3247 214
3248 45
3249 174
3250 9
3251 82
3252 201
3253 238
3254 219
3255 210
3257 81
3258 81
3259 72
3260 160
3261 195
3262 195
3263 204
3265 29
3266 202
3269 57
3270 130
3272 225
3275 33
3277 75
3278 46
3279 235
3281 5
3282 83
3284 143
3286 157
3287 157
3288 35
3289 132
3290 85
3291 119
3292 100
3293 100
3294 154
3295 154
3296 134
3298 127
3299 142
3301 77
3302 54
3304 70
3305 28
3306 234
3307 214
3308 28
3309 49
3310 180
3312 108
3313 214
3314 157
3315 92
3316 74
3318 51
3319 109
3320 1
3321 129
3323 80
3324 19
3325 162
3327 83
3328 109
3329 49
3330 211
3332 98
3333 216
3334 12
3335 142
3336 204
3337 204
3338 183
3339 149
3340 149
3341 182
3345 77
3346 118
3348 228
3349 228
3351 59
3352 217
3353 165
3354 45
3355 149
3356 202
3357 208
3358 97
3360 97
3361 196
3362 12
3363 214
3364 47
3365 109
3367 22
3368 178
3369 32
3370 178
3371 157
3372 196
3374 40
3375 249
3376 181
3377 157
3378 47
3379 52
3380 221
3381 182
3384 202
3385 150
3387 204
3388 204
3389 247
3390 247
3391 149
3392 12
3393 130
3394 130
3396 21
3397 47
3398 61
3399 79
3403 7
3404 70
3405 86
3406 230
3407 34
3408 125
3409 202
3410 12
3411 246
3412 43
3413 127
3414 101
3415 158
3416 210
3417 115
3419 204
3420 49
3423 162
3424 5
3425 18
3426 47
3427 202
3428 216
3429 233
3430 93
3432 12
3433 159
3434 114
3435 132
3436 112
3437 234
3439 230
3441 111
3442 108
3443 65
3445 178
3446 178
3447 123
3448 105
3449 105
3451 109
3452 168
3453 236
3454 119
3455 28
3456 125
3457 16
3459 226
3460 226
3461 69
3462 215
3463 55
3465 24
3466 27
3467 118
3468 82
3469 82
3471 201
3472 21
3473 52
3474 160
3475 72
3476 12
3477 10
3478 202
3479 131
3480 131
3481 138
3482 246
3484 21
3485 52
3486 69
3487 70
3488 196
3489 99
3490 54
3491 225
3492 74
3493 74
3494 208
3496 202
3497 70
3498 234
3499 7
3501 65
3502 69
3503 108
3504 234
3506 45
3507 49
3508 208
3509 226
3510 109
3511 106
3512 85
3513 85
3514 119
3515 35
3516 12
3517 154
3518 12
3520 53
3521 157
3522 236
3523 56
3524 74
3526 81
3528 12
3529 43
3530 195
3531 192
3532 177
3533 5
3534 191
3535 238
3536 109
3537 246
3538 157
3540 74
3541 146
3542 6
3543 92
3544 96
3546 232
3548 90
3549 27
3550 109
3551 204
3552 204
3553 159
3554 242
3555 159
3556 148
3557 94
3558 149
3559 149
3560 118
3562 231
3563 24
3564 5
3567 130
3568 84
3569 228
3570 43
3571 56
3572 214
3573 146
3574 19
3575 142
3576 248
3577 210
3579 43
3580 106
3581 169
3582 69
3583 109
3584 197
3585 51
3589 43
3590 154
3591 154
3592 17
3594 21
3596 170
3597 70
3598 88
3600 181
3601 181
3603 74
3604 117
3606 111
3607 214
3608 3
3609 236
3610 154
3611 245
3612 67
3613 71
3614 67
3615 150
3616 150
3618 132
3619 68
3620 49
3621 82
3622 210
3623 43
3624 12
3625 83
3627 196
3628 58
3630 52
3631 93
3632 27
3633 54
3635 132
3636 109
3637 208
3638 26
3639 109
3640 127
3641 43
3642 193
3643 229
3644 83
3645 156
3647 170
3648 80
3649 202
3650 109
3651 47
3652 118
3653 1
3654 35
3655 216
3656 170
3658 54
3659 114
3660 242
3661 170
3662 65
3663 36
3665 105
3666 105
3667 105
3668 153
3669 189
3670 189
3671 29
3672 175
3673 168
3674 208
3676 47
3677 106
3678 118
3680 52
3681 68
3682 48
3683 154
3684 154
3685 12
3686 234
3687 193
3688 155
3689 138
3690 54
3691 234
3692 176
3693 176
3694 147
3695 27
3696 226
3697 208
3698 1
3699 52
3700 183
3701 193
3702 106
3703 7
3704 8
3705 29
3706 29
3707 157
3708 100
3710 154
3712 44
3713 44
3714 150
3715 53
3716 53
3717 118
3718 234
3719 49
3720 12
3721 63
3722 0
3723 183
3724 214
3725 191
3726 101
3727 238
3728 157
3729 5
3730 12
3731 129
3732 12
3733 246
3734 246
3735 80
3737 230
3738 12
3739 230
3740 8
3741 103
3742 8
3743 12
3744 154
3745 183
3746 157
3747 157
3748 105
3750 18
3751 203
3752 203
3753 94
3754 80
3755 24
3756 5
3758 213
3759 213
3760 43
3761 59
3762 73
3763 5
3764 230
3765 23
3766 48
3767 157
3768 12
3769 101
3770 55
3771 5
3772 108
3773 212
3774 196
3775 118
3777 172
3778 96
3779 80
3780 236
3781 1
3784 206
3785 236
3787 27
3788 246
3789 52
3790 69
3791 182
3792 171
3793 1
3795 235
3796 1
3797 177
3798 24
3799 12
3800 149
3801 48
3802 109
3803 138
3804 190
3807 5
3808 45
3809 12
3810 70
3811 12
3812 29
3815 190
3816 157
3817 208
3818 43
3819 80
3820 168
3821 150
3822 86
3823 243
3824 27
3825 27
3826 35
3827 102
3828 102
3829 188
3830 189
3831 115
3832 229
3833 49
3834 49
3835 109
3836 109
3837 87
3838 144
3839 19
3840 109
3841 56
3842 208
3843 6
3844 12
3845 12
3846 109
3847 109
3848 235
3849 235
3850 54
3851 14
3852 12
3853 248
3854 236
3855 38
3856 70
3857 173
3858 141
3860 12
3861 1
3862 221
3863 5
3864 93
3865 35
3866 83
3868 168
3869 168
3870 5
3871 215
3872 34
3873 230
3874 170
3875 5
3876 12
3877 208
3878 83
3879 214
3880 118
3881 12
3882 82
3883 27
3884 52
3885 52
3886 210
3887 46
3888 81
3889 157
3890 160
3891 43
3892 195
3893 69
3894 35
3895 146
3896 14
3897 143
3898 204
3899 29
3900 193
3901 56
3902 56
3903 210
3904 193
3905 157
3906 27
3907 228
3908 111
3909 12
3910 12
3911 83
3912 146
3913 191
3914 191
3915 109
3916 109
3917 109
3918 73
3919 126
3920 239
3921 157
3922 223
3923 94
3924 49
3925 13
3926 13
3927 200
3928 105
3929 208
3930 106
3931 27
3932 13
3933 111
3934 157
3935 35
3936 66
3937 66
3938 154
3939 154
3940 12
3941 27
3942 44
3943 168
3944 55
3945 55
3946 74
3947 236
3948 236
3949 193
3950 73
3951 172
3952 5
3953 197
3954 168
3955 5
3956 5
3957 83
3958 12
3959 157
3960 51
3961 242
3962 204
3963 234
3964 98
3965 59
3966 83
3967 235
3968 70
3969 214
3970 216
3971 48
3972 242
3973 242
3974 242
3975 101
3976 101
3977 24
3978 109
3979 172
3980 14
3981 168
3982 56
3983 56
3984 56
3985 56
3986 69
3987 5
3988 183
3989 183
3990 1
3991 109
3992 183
3993 203
3994 149
3995 202
3996 202
3997 157
3998 108
3999 5
4000 70
4001 230
4002 157
4003 175
4004 109
4005 106
4006 27
4007 236
4008 52
4009 99
4010 132
4011 168
4012 172
4013 172
4014 47
4015 170
4016 170
4017 154
4018 157
4019 1
4020 101
4021 68
4022 101
4023 109
4024 196
4025 83
4026 39
4027 109
4028 52
4029 188
4030 52
4031 118
4032 221
4033 65
4034 230
4035 118
4036 234
4037 5
4038 106
4039 211
4040 168
4041 48
4042 48
4043 154
4044 204
4045 247
4046 247
4047 168
4048 43
4049 214
4050 193
4051 45
4052 157
4053 43
4054 12
4055 202
4056 12
4057 83
4058 55
4059 216
4060 76
4061 62
4062 121
4063 54
4064 246
4065 5
4066 168
4067 43
4068 5
4069 1
4070 1
4071 1
4072 66
4073 43
4074 4
4075 230
4076 200
4077 101
4078 109
4079 3
4080 43
4081 157
4082 102
4083 35
4084 214
4085 43
4086 115
4087 55
4088 26
4089 83
4090 189
4091 43
4092 157
4093 1
4094 234
4095 157
4096 157
4097 5
4098 29
4099 168
4100 235
4101 56
4102 232
4103 78
4104 93
4105 154
4106 196
4107 68
4108 109
4109 109
4110 167
4111 214
4112 65
4113 157
4114 5
4115 230
4116 108
4117 170
4118 109
4119 153
4120 20
4121 28
4122 157
4123 226
4124 109
4125 69
4126 69
4127 69
4128 66
4129 230
4130 109
4131 109
