0 0
1 0
2 -1
3 0
4 0
5 0
6 0
7 0
8 -1
9 0
10 -1
11 -1
12 0
13 0
14 0
15 -1
16 -1
17 0
18 0
19 0
20 0
21 0
22 -1
23 -1
24 -1
25 0
26 0
27 0
28 0
29 0
30 0
31 0
32 -1
33 -1
34 0
35 0
36 0
37 -1
38 -1
39 0
40 0
41 -1
42 -1
43 0
44 0
45 0
46 0
47 0
48 0
49 -1
50 -1
51 -1
52 0
53 -1
54 -1
55 0
56 -1
57 0
58 0
59 0
60 0
61 0
62 0
63 0
64 0
65 -1
66 0
67 -1
68 0
69 0
70 -1
71 -1
72 0
73 0
74 0
75 0
76 0
77 0
78 6
79 -1
80 -1
81 0
82 0
83 -1
84 0
85 0
86 -1
87 0
88 0
89 -1
90 0
91 -1
92 0
93 -1
94 -1
95 -1
96 0
97 0
98 -1
99 -1
100 0
101 0
102 -1
103 0
104 0
105 0
106 -1
107 0
108 -1
109 -1
110 0
111 0
112 0
113 -1
114 -1
115 0
116 0
118 0
119 -1
120 6
121 0
122 0
123 0
124 0
125 0
126 0
127 -1
128 -1
129 0
130 0
131 0
132 0
133 0
134 0
135 -1
136 1
137 0
138 -1
139 0
140 0
141 0
142 0
143 -1
144 2
145 -1
146 -1
147 0
148 0
149 0
150 -1
151 -1
152 0
153 0
154 -1
155 0
156 0
157 0
158 0
159 0
160 4
161 0
162 -1
163 -1
164 -1
165 0
166 -1
167 0
168 0
169 -1
170 -1
171 -1
172 0
173 0
174 0
175 -1
176 0
177 0
178 0
179 0
180 0
181 0
182 0
183 0
184 -1
185 0
186 -1
187 0
188 -1
189 0
190 0
191 -1
192 0
193 0
194 0
195 0
196 0
197 0
198 0
199 -1
200 -1
201 0
202 0
203 0
204 0
206 0
207 0
208 0
209 -1
210 3
211 0
212 0
213 0
214 0
215 -1
216 -1
217 0
218 0
219 -1
220 0
221 0
222 0
223 0
224 0
225 0
226 -1
227 0
228 0
229 0
230 0
231 0
232 0
233 -1
234 -1
235 0
236 0
237 -1
239 0
240 0
241 -1
242 -1
243 -1
244 0
245 -1
246 -1
247 -1
248 0
249 0
250 0
251 0
252 0
253 0
254 0
255 0
256 0
257 0
258 0
259 0
260 -1
261 -1
262 0
263 0
264 0
265 -1
266 0
267 0
268 0
269 0
271 0
272 0
273 9
274 0
275 3
276 0
277 0
278 0
280 0
281 0
282 0
283 0
284 0
285 0
286 -1
287 0
288 -1
289 0
290 -1
291 0
292 -1
293 0
294 0
295 -1
296 0
297 0
298 0
299 0
300 0
301 0
303 0
304 -1
305 0
306 -1
307 0
308 0
309 0
310 3
311 0
312 0
313 0
314 0
315 0
316 0
317 0
318 -1
319 -1
320 0
321 0
322 0
323 -1
324 0
325 0
326 -1
327 0
328 0
329 0
330 -1
331 -1
332 -1
333 -1
334 -1
335 -1
336 0
337 0
338 0
339 0
340 -1
341 0
342 -1
343 -1
344 0
345 0
346 0
347 0
348 0
349 0
350 -1
351 0
352 0
353 -1
354 -1
355 9
356 0
357 0
358 0
361 0
362 -1
363 0
364 -1
365 -1
366 0
367 0
368 0
369 0
370 0
371 0
372 0
373 0
374 0
375 0
376 0
377 0
378 0
379 0
380 0
381 -1
382 0
383 0
384 -1
385 0
386 -1
387 0
388 0
389 0
391 -1
392 -1
393 0
394 0
395 0
396 0
397 -1
398 -1
399 -1
400 0
401 0
402 0
403 -1
404 0
405 -1
406 -1
407 0
408 0
409 -1
410 0
411 -1
412 -1
413 -1
414 -1
415 0
416 0
417 0
418 0
419 0
420 -1
421 -1
422 -1
423 0
424 0
425 0
426 -1
427 0
428 0
429 0
430 0
431 5
432 0
433 -1
434 0
435 0
436 0
437 0
438 -1
439 -1
440 0
441 0
443 0
444 -1
445 0
446 0
447 -1
448 -1
449 0
450 -1
451 0
452 -1
453 0
454 4
455 0
456 0
457 0
458 7
459 0
460 0
461 -1
462 0
463 0
464 0
465 0
466 0
467 0
468 0
469 -1
470 0
471 0
472 0
473 -1
474 0
475 -1
476 0
477 -1
478 0
479 0
480 0
481 0
482 0
483 -1
484 0
485 0
486 0
487 0
488 0
490 0
491 0
492 0
493 0
494 0
495 -1
496 -1
497 -1
498 -1
499 0
500 0
501 6
502 0
503 0
504 0
505 0
506 0
507 0
508 0
509 0
510 0
511 0
512 -1
513 0
514 0
515 0
516 -1
517 0
518 0
519 0
520 0
521 0
522 5
523 -1
524 0
525 0
526 0
527 -1
528 -1
529 0
530 0
531 0
532 -1
533 -1
534 0
535 -1
536 0
537 0
538 0
539 0
540 0
541 -1
542 0
543 0
544 -1
545 0
546 0
547 0
548 0
549 0
550 0
551 -1
552 0
554 0
555 -1
556 0
557 -1
558 -1
559 2
560 0
561 0
562 -1
563 0
564 0
565 0
566 0
567 0
568 2
569 -1
570 -1
571 -1
572 0
573 0
574 0
575 0
576 0
577 -1
578 0
579 0
580 0
581 -1
582 0
583 -1
584 -1
585 0
586 0
588 0
589 0
590 -1
591 -1
592 0
593 -1
594 0
596 0
597 -1
598 0
599 0
600 -1
601 0
602 0
603 0
604 0
605 0
606 -1
607 -1
608 0
609 -1
610 0
611 0
612 0
613 0
614 0
615 0
616 0
617 0
618 0
619 0
620 0
621 0
622 0
623 0
624 0
625 0
626 0
627 0
628 3
629 0
630 0
631 0
632 0
633 -1
634 2
635 0
636 0
637 0
638 0
639 0
640 0
641 0
642 0
643 -1
644 0
645 0
647 0
648 -1
649 0
650 0
651 -1
652 0
653 0
654 0
655 -1
656 0
657 -1
658 -1
659 0
660 -1
661 0
662 0
663 0
664 -1
665 0
666 0
667 0
668 0
669 0
670 -1
671 0
672 -1
673 -1
674 0
675 0
676 0
677 -1
678 -1
679 -1
680 -1
681 0
682 0
683 -1
684 -1
685 1
686 0
688 0
689 0
690 0
691 0
692 0
693 0
694 0
695 -1
696 0
697 0
698 0
699 0
700 0
701 0
702 0
703 0
704 0
705 -1
706 0
707 0
708 0
709 -1
710 0
711 0
712 0
713 0
714 0
715 0
716 0
717 0
718 0
719 0
720 0
721 0
722 0
723 0
724 0
725 -1
726 0
727 0
728 -1
729 0
730 0
731 0
732 0
733 0
734 0
735 -1
736 -1
737 0
738 0
739 0
740 0
741 -1
742 -1
743 0
744 0
745 0
746 0
747 0
748 0
749 0
750 -1
751 0
752 -1
753 0
754 0
755 0
756 0
757 0
758 -1
759 -1
760 0
761 0
763 0
764 0
765 0
766 0
767 0
768 5
769 0
770 0
771 -1
772 0
773 0
774 0
775 0
776 -1
777 0
778 0
779 -1
780 0
781 0
782 0
783 -1
784 0
785 -1
786 -1
787 0
788 -1
789 -1
790 0
791 0
792 0
793 -1
794 -1
795 0
796 0
797 0
798 -1
799 0
800 -1
801 0
802 0
803 -1
804 0
805 0
806 -1
807 -1
808 0
809 0
810 0
811 0
812 -1
813 0
814 0
815 0
816 0
817 -1
818 0
819 0
820 0
821 0
822 0
823 0
824 -1
825 0
827 5
828 0
829 -1
831 0
832 0
833 -1
834 0
835 0
836 -1
837 -1
838 0
839 -1
840 0
841 0
842 2
843 -1
844 0
845 0
846 0
847 0
848 0
849 0
850 0
851 -1
852 0
853 0
854 0
855 0
856 -1
857 -1
858 -1
859 0
860 -1
861 0
862 0
863 -1
864 0
865 0
866 -1
867 -1
868 -1
869 0
870 0
871 0
872 -1
873 0
874 0
875 -1
876 0
877 0
878 0
879 0
880 0
881 0
882 0
883 0
884 8
885 0
886 0
887 0
888 0
889 0
890 0
891 0
892 0
893 0
894 -1
895 0
896 -1
897 0
899 0
900 0
901 0
902 -1
903 0
904 -1
905 0
906 -1
907 0
908 0
910 0
911 -1
913 0
914 0
915 0
916 0
917 -1
918 0
919 -1
920 0
921 0
922 0
923 0
924 -1
925 -1
926 0
927 0
928 -1
930 0
931 -1
932 0
933 -1
934 -1
935 0
936 -1
937 0
938 0
939 0
940 0
941 0
942 0
943 -1
944 -1
945 0
946 0
947 -1
948 0
949 0
950 0
951 -1
952 -1
953 -1
954 0
955 0
956 0
957 0
958 0
959 0
960 0
961 0
962 0
963 0
964 4
965 -1
966 0
967 0
968 0
969 0
970 -1
971 0
972 -1
973 -1
974 0
975 0
976 0
977 -1
978 0
980 -1
981 0
982 -1
983 0
984 0
985 0
986 0
987 0
988 0
989 -1
990 0
991 0
992 -1
993 0
994 0
995 -1
996 -1
997 0
998 -1
999 0
1000 0
1001 0
1002 -1
1003 0
1004 0
1005 0
1006 0
1007 -1
1008 -1
1010 0
1011 -1
1012 -1
1013 -1
1014 0
1015 0
1016 7
1017 0
1018 0
1019 -1
1020 0
1021 0
1022 0
1023 1
1024 -1
1025 0
1026 0
1027 0
1028 -1
1029 0
1030 -1
1031 0
1032 0
1033 0
1034 0
1035 -1
1036 -1
1037 -1
1038 0
1039 9
1040 -1
1041 0
1042 0
1043 0
1044 -1
1045 -1
1046 0
1047 0
1048 0
1049 0
1050 0
1052 -1
1053 0
1055 -1
1056 0
1058 0
1059 0
1060 0
1061 0
1062 0
1063 0
1064 -1
1065 0
1066 -1
1067 0
1068 0
1069 -1
1070 -1
1071 0
1072 0
1073 0
1074 0
1075 -1
1076 -1
1077 -1
1078 0
1079 0
1080 -1
1081 -1
1082 0
1083 0
1084 0
1085 -1
1086 0
1087 -1
1088 0
1089 -1
1091 -1
1092 0
1093 0
1094 0
1095 0
1096 -1
1097 -1
1098 0
1099 0
1100 0
1101 -1
1102 0
1103 -1
1104 -1
1105 0
1106 0
1107 0
1108 0
1109 0
1110 0
1111 -1
1112 0
1113 -1
1114 -1
1115 0
1116 0
1117 -1
1118 7
1119 0
1120 0
1121 -1
1122 -1
1123 -1
1124 -1
1125 -1
1126 0
1127 0
1128 0
1129 0
1130 -1
1131 0
1132 -1
1133 0
1134 0
1135 -1
1136 0
1137 0
1138 0
1139 -1
1140 -1
1142 0
1143 -1
1144 0
1145 0
1146 0
1147 0
1148 -1
1149 0
1150 0
1151 0
1152 0
1153 0
1154 2
1155 -1
1156 0
1157 0
1158 0
1159 -1
1160 0
1161 0
1162 0
1164 0
1165 0
1166 0
1167 0
1168 -1
1169 -1
1170 0
1171 0
1172 0
1173 0
1174 0
1175 0
1177 0
1178 0
1179 0
1180 0
1181 0
1182 -1
1183 0
1184 0
1185 -1
1186 0
1187 -1
1188 0
1189 -1
1190 0
1191 0
1192 0
1193 0
1194 0
1195 0
1197 -1
1198 0
1199 0
1200 -1
1201 0
1202 0
1203 0
1204 0
1205 -1
1206 0
1207 0
1208 -1
1209 0
1210 0
1211 0
1212 0
1213 0
1214 0
1215 0
1216 0
1217 -1
1218 -1
1219 -1
1220 0
1221 0
1222 -1
1223 0
1224 0
1225 0
1226 0
1227 -1
1228 -1
1229 0
1230 -1
1231 0
1232 -1
1233 0
1234 0
1235 -1
1236 -1
1237 0
1238 0
1239 0
1240 -1
1241 0
1242 -1
1243 0
1244 0
1245 0
1246 0
1247 0
1248 0
1249 0
1250 0
1251 0
1252 0
1253 0
1254 -1
1255 0
1256 -1
1257 0
1258 0
1259 -1
1260 0
1261 0
1262 0
1263 -1
1264 -1
1265 -1
1267 0
1268 0
1269 0
1270 0
1271 0
1272 -1
1273 0
1274 0
1275 0
1277 0
1278 0
1279 0
1280 -1
1281 0
1282 0
1283 0
1284 0
1285 0
1286 0
1287 -1
1288 0
1289 0
1290 0
1291 0
1292 0
1293 0
1294 0
1295 0
1296 0
1297 0
1298 0
1299 0
1300 0
1301 0
1302 0
1303 0
1304 -1
1305 -1
1306 0
1307 -1
1308 0
1309 0
1310 0
1311 -1
1312 0
1313 0
1314 0
1315 0
1316 0
1317 -1
1318 0
1319 0
1320 -1
1321 0
1322 -1
1323 0
1324 0
1325 0
1326 0
1327 0
1328 0
1329 0
1330 -1
1331 0
1332 0
1333 0
1334 -1
1335 0
1336 -1
1338 -1
1339 -1
1340 0
1341 0
1342 0
1343 0
1344 -1
1345 0
1346 0
1347 0
1348 0
1349 0
1350 0
1351 0
1352 0
1354 -1
1355 -1
1356 0
1357 0
1359 -1
1360 0
1361 0
1362 0
1363 -1
1364 -1
1365 -1
1366 0
1367 0
1368 -1
1369 5
1370 0
1371 0
1372 0
1373 0
1374 0
1376 0
1377 0
1378 0
1379 0
1380 0
1381 0
1382 -1
1383 0
1384 -1
1385 0
1386 0
1387 0
1388 0
1389 0
1390 0
1391 0
1392 0
1393 0
1394 0
1395 0
1396 -1
1397 0
1398 0
1399 0
1400 -1
1401 0
1402 0
1403 0
1404 0
1405 0
1406 -1
1407 0
1408 -1
1409 -1
1410 0
1411 0
1412 0
1413 0
1414 -1
1415 0
1416 0
1417 -1
1419 0
1420 0
1421 0
1422 0
1423 -1
1424 0
1425 0
1426 -1
1427 0
1428 7
1429 0
1430 0
1431 0
1432 0
1433 0
1434 -1
1436 0
1437 -1
1438 0
1439 -1
1440 -1
1441 -1
1442 0
1443 0
1444 0
1445 0
1446 6
1447 -1
1448 0
1449 0
1450 0
1451 0
1453 0
1454 0
1455 -1
1456 0
1457 0
1458 -1
1459 -1
1460 -1
1461 -1
1462 -1
1463 -1
1464 -1
1465 0
1466 0
1467 0
1468 0
1469 0
1470 -1
1471 0
1472 0
1473 0
1474 0
1475 0
1476 0
1477 0
1478 0
1479 0
1480 -1
1481 0
1482 0
1483 0
1484 0
1485 0
1486 0
1487 -1
1488 -1
1489 -1
1490 0
1491 -1
1492 0
1493 0
1494 -1
1495 -1
1496 0
1497 0
1498 -1
1499 -1
1500 0
1501 0
1502 -1
1503 0
1504 0
1505 0
1506 -1
1507 0
1508 0
1509 0
1510 0
1511 0
1512 0
1513 0
1514 0
1515 -1
1516 0
1517 -1
1518 1
1519 0
1520 -1
1522 0
1524 0
1525 0
1526 -1
1528 0
1529 0
1530 0
1531 -1
1532 0
1533 0
1534 0
1535 0
1536 -1
1537 0
1538 -1
1540 0
1542 -1
1543 -1
1544 0
1545 0
1546 0
1547 0
1548 0
1550 0
1551 0
1552 -1
1553 0
1554 0
1555 0
1556 0
1557 0
1558 0
1559 -1
1560 -1
1561 0
1562 0
1563 0
1564 0
1565 0
1566 0
1567 -1
1568 0
1569 0
1570 0
1571 0
1572 0
1573 -1
1574 0
1575 0
1576 0
1577 0
1578 -1
1579 0
1580 0
1581 -1
1582 0
1583 0
1584 0
1585 0
1586 -1
1587 0
1588 0
1589 -1
1590 0
1591 0
1592 -1
1593 -1
1594 0
1595 0
1596 -1
1597 0
1598 0
1599 0
1600 -1
1601 -1
1602 -1
1603 0
1604 0
1605 0
1606 0
1607 0
1608 -1
1609 -1
1610 6
1612 0
1613 0
1614 0
1615 0
1616 0
1617 0
1618 0
1619 0
1620 0
1621 0
1622 9
1623 -1
1624 0
1625 0
1626 -1
1627 0
1628 0
1629 0
1630 0
1631 0
1632 0
1633 -1
1634 0
1635 0
1636 0
1637 0
1638 0
1639 0
1640 0
1641 0
1642 0
1643 0
1644 0
1645 -1
1646 0
1647 0
1648 0
1649 0
1650 0
1651 0
1652 0
1653 0
1654 0
1655 -1
1656 0
1657 -1
1658 -1
1659 0
1660 0
1661 -1
1662 0
1663 -1
1664 0
1665 0
1666 0
1667 -1
1668 0
1669 -1
1670 0
1671 0
1672 -1
1673 -1
1674 0
1675 0
1676 0
1677 0
1678 0
1679 0
1680 -1
1681 0
1682 -1
1684 0
1685 0
1686 0
1687 -1
1688 0
1689 -1
1690 0
1691 0
1692 0
1693 0
1694 0
1695 -1
1697 0
1698 -1
1699 0
1700 0
1701 0
1702 0
1703 0
1704 0
1705 0
1706 0
1707 0
1708 0
1709 0
1711 -1
1712 0
1713 -1
1714 0
1715 0
1716 0
1717 -1
1718 -1
1719 -1
1720 0
1721 4
1722 0
1723 0
1724 0
1725 0
1726 -1
1727 0
1728 -1
1729 0
1730 0
1732 -1
1733 -1
1734 -1
1735 0
1736 0
1737 0
1738 0
1739 0
1740 -1
1741 -1
1743 0
1744 0
1745 -1
1746 0
1747 0
1748 0
1750 -1
1751 0
1753 -1
1754 0
1755 0
1756 0
1757 0
1758 0
1759 0
1760 0
1761 0
1762 0
1763 0
1764 0
1765 0
1766 0
1767 -1
1768 -1
1769 0
1770 0
1771 -1
1772 0
1773 0
1774 -1
1775 0
1776 -1
1777 -1
1778 0
1779 0
1780 0
1781 0
1782 -1
1783 0
1784 0
1785 0
1786 0
1788 -1
1789 0
1790 5
1792 0
1793 0
1794 0
1795 0
1796 0
1797 0
1798 0
1799 0
1800 0
1802 0
1803 -1
1804 3
1805 0
1806 0
1808 0
1809 0
1810 0
1811 -1
1812 0
1813 0
1814 -1
1815 -1
1816 -1
1817 0
1818 -1
1819 -1
1820 -1
1821 0
1822 0
1823 0
1824 0
1825 0
1826 0
1827 0
1828 0
1829 0
1830 0
1831 -1
1832 0
1833 0
1834 0
1835 0
1837 0
1838 0
1840 0
1841 0
1842 0
1843 -1
1844 0
1845 0
1847 -1
1848 0
1849 0
1850 -1
1851 0
1852 -1
1853 0
1854 0
1855 0
1856 0
1857 0
1858 0
1862 0
1863 0
1864 0
1865 0
1866 0
1867 0
1868 0
1869 -1
1870 0
1871 0
1872 0
1873 0
1874 0
1875 0
1876 0
1877 0
1878 -1
1879 0
1880 0
1881 0
1882 0
1884 0
1885 0
1886 0
1887 0
1888 0
1889 0
1890 0
1891 -1
1892 0
1893 -1
1894 0
1895 0
1896 0
1897 0
1898 0
1899 -1
1900 0
1901 0
1902 0
1904 0
1906 0
1907 -1
1908 0
1909 0
1910 0
1911 0
1912 0
1913 0
1914 0
1915 0
1916 0
1917 0
1918 0
1919 0
1921 0
1922 -1
1923 -1
1924 0
1925 0
1926 0
1928 0
1929 0
1930 0
1931 0
1932 0
1933 0
1934 0
1936 0
1937 0
1938 0
1939 0
1940 5
1941 0
1942 -1
1943 0
1944 0
1946 0
1947 0
1948 -1
1949 0
1950 -1
1951 0
1952 0
1953 0
1955 0
1956 0
1957 0
1958 0
1959 -1
1960 0
1962 0
1963 0
1964 0
1965 0
1966 0
1967 0
1968 0
1969 -1
1970 0
1971 0
1972 0
1973 -1
1974 0
1975 0
1976 0
1977 0
1978 0
1979 -1
1980 0
1981 -1
1982 0
1983 0
1984 0
1985 0
1986 0
1987 -1
1988 0
1989 0
1990 0
1991 0
1992 -1
1993 0
1994 -1
1995 -1
1996 -1
1997 0
1998 0
1999 0
2000 0
2001 -1
2002 0
2003 0
2004 0
2005 0
2006 0
2007 -1
2008 0
2009 0
2010 0
2011 -1
2012 -1
2013 0
2014 -1
2015 -1
2016 0
2017 0
2019 -1
2020 0
2021 -1
2022 -1
2023 0
2024 0
2025 0
2026 0
2027 0
2028 0
2029 0
2030 0
2031 0
2032 0
2033 0
2034 0
2035 0
2036 0
2037 0
2038 0
2039 0
2040 0
2041 0
2042 0
2043 0
2044 0
2045 0
2046 0
2047 0
2048 0
2049 0
2050 0
2051 -1
2052 0
2053 0
2054 6
2055 0
2056 0
2057 0
2058 0
2059 0
2060 0
2061 0
2062 8
2063 0
2064 0
2065 0
2066 0
2067 0
2068 0
2071 8
2072 0
2073 0
2074 0
2075 0
2076 0
2077 0
2078 0
2079 0
2080 0
2081 0
2082 0
2083 0
2084 0
2085 -1
2086 0
2087 0
2088 -1
2089 0
2090 -1
2091 -1
2092 -1
2093 0
2094 0
2095 0
2096 0
2097 -1
2098 -1
2099 -1
2100 0
2101 0
2102 0
2103 0
2104 0
2105 0
2106 0
2107 0
2108 0
2109 0
2110 0
2111 0
2112 0
2113 -1
2114 0
2115 7
2116 0
2117 0
2118 0
2119 -1
2121 0
2122 0
2123 0
2124 0
2125 0
2126 0
2127 0
2128 0
2129 0
2130 0
2131 0
2132 0
2133 4
2134 -1
2135 0
2136 0
2137 0
2139 -1
2140 0
2141 0
2142 0
2143 0
2144 0
2145 0
2146 0
2147 0
2148 0
2149 0
2150 0
2151 0
2152 0
2153 -1
2154 -1
2155 0
2156 0
2157 -1
2158 -1
2159 0
2161 -1
2162 0
2163 0
2164 0
2165 0
2166 0
2167 0
2168 -1
2169 -1
2170 0
2171 0
2172 0
2173 0
2174 0
2175 0
2176 0
2178 0
2179 0
2180 0
2181 0
2182 0
2183 -1
2184 0
2185 0
2186 -1
2187 0
2188 -1
2189 0
2190 0
2191 0
2192 0
2193 0
2194 1
2195 0
2196 0
2197 0
2198 0
2199 0
2200 0
2202 0
2203 0
2204 0
2205 -1
2206 -1
2207 0
2208 0
2210 -1
2211 0
2212 0
2213 0
2214 -1
2216 0
2217 0
2218 0
2219 0
2220 -1
2221 0
2222 0
2223 0
2224 -1
2226 0
2227 0
2228 -1
2229 -1
2231 0
2232 0
2233 -1
2234 0
2235 0
2236 0
2237 0
2239 0
2240 0
2241 0
2242 0
2243 0
2244 0
2245 0
2246 0
2247 0
2248 -1
2249 0
2250 0
2251 0
2252 0
2253 0
2255 0
2256 0
2257 -1
2258 0
2259 -1
2260 -1
2261 0
2262 -1
2263 -1
2265 0
2266 0
2267 0
2268 0
2269 0
2270 0
2271 0
2272 -1
2273 -1
2274 -1
2275 -1
2276 0
2277 -1
2278 0
2279 0
2280 0
2281 0
2282 0
2283 0
2284 0
2285 -1
2286 -1
2287 0
2288 0
2289 0
2290 0
2291 0
2292 0
2293 0
2294 0
2295 0
2296 0
2297 0
2298 0
2299 0
2300 0
2301 0
2302 0
2303 0
2304 0
2305 0
2306 0
2307 0
2308 -1
2309 0
2310 0
2311 0
2312 0
2314 0
2315 0
2316 -1
2317 -1
2318 0
2319 0
2320 0
2321 0
2322 0
2323 0
2324 0
2325 0
2327 0
2329 0
2330 0
2331 0
2332 0
2333 0
2334 0
2335 0
2336 -1
2337 -1
2338 0
2339 0
2340 0
2341 0
2342 0
2343 0
2344 0
2345 0
2346 0
2347 0
2349 0
2350 0
2351 0
2353 0
2354 0
2355 -1
2356 -1
2357 0
2358 0
2359 0
2360 0
2361 0
2362 2
2363 0
2364 0
2365 0
2366 0
2367 -1
2368 0
2369 9
2370 0
2371 0
2372 -1
2373 0
2374 7
2375 0
2376 0
2377 0
2378 0
2379 0
2381 -1
2382 0
2383 0
2385 0
2386 0
2387 0
2388 0
2389 0
2390 -1
2391 0
2392 0
2393 0
2394 0
2395 0
2396 0
2397 0
2398 0
2399 0
2400 -1
2401 0
2402 0
2403 0
2404 0
2405 0
2406 0
2407 -1
2408 0
2409 0
2410 0
2411 0
2412 0
2413 0
2414 0
2415 0
2416 0
2418 -1
2419 0
2420 0
2421 0
2422 0
2424 0
2425 0
2426 0
2427 0
2428 0
2429 0
2430 -1
2431 -1
2432 0
2433 0
2434 0
2435 0
2436 0
2437 0
2438 -1
2440 0
2441 0
2442 0
2443 0
2444 0
2445 0
2446 1
2448 0
2449 0
2450 0
2451 -1
2452 0
2455 0
2456 0
2457 0
2458 0
2459 0
2460 0
2461 0
2462 0
2463 0
2464 0
2466 0
2467 0
2468 -1
2470 0
2471 0
2472 0
2473 0
2474 0
2475 0
2476 0
2477 0
2478 -1
2479 0
2480 0
2481 0
2482 5
2483 0
2484 0
2485 0
2486 0
2487 0
2488 -1
2489 0
2490 0
2491 0
2492 0
2493 0
2494 -1
2495 0
2496 -1
2497 0
2498 0
2499 0
2501 -1
2502 0
2503 0
2504 0
2505 0
2506 -1
2507 9
2508 -1
2509 0
2510 -1
2511 0
2512 -1
2513 -1
2514 0
2515 0
2516 0
2517 -1
2518 0
2519 0
2520 0
2521 0
2522 -1
2523 0
2524 -1
2525 0
2526 0
2527 0
2528 0
2529 0
2531 0
2533 0
2534 0
2535 0
2536 0
2537 0
2538 0
2539 0
2540 -1
2541 0
2542 0
2543 0
2545 0
2547 0
2548 0
2549 0
2550 -1
2551 -1
2552 -1
2553 0
2555 0
2556 0
2557 0
2558 -1
2559 0
2560 0
2561 0
2562 0
2563 0
2564 0
2565 0
2566 0
2567 0
2568 0
2569 -1
2570 -1
2571 0
2572 0
2574 0
2575 0
2576 0
2577 0
2578 0
2579 0
2580 0
2581 0
2582 0
2583 -1
2584 0
2585 0
2586 0
2587 0
2588 0
2589 0
2590 3
2591 -1
2592 -1
2594 0
2595 0
2596 0
2597 0
2598 1
2599 -1
2601 0
2602 0
2603 0
2604 0
2605 0
2606 -1
2607 0
2608 0
2609 0
2610 -1
2611 0
2612 -1
2614 -1
2615 0
2616 0
2617 0
2618 0
2619 0
2620 0
2621 -1
2622 0
2623 0
2624 0
2625 0
2626 0
2627 0
2628 0
2631 0
2632 -1
2633 -1
2634 0
2635 0
2636 0
2637 -1
2638 0
2639 1
2640 -1
2641 0
2642 0
2643 0
2644 2
2645 0
2646 -1
2647 0
2648 0
2650 0
2651 0
2652 0
2653 0
2654 0
2655 0
2656 0
2657 0
2658 0
2660 0
2661 0
2662 9
2663 0
2664 -1
2665 0
2666 0
2667 0
2668 0
2669 0
2670 0
2671 -1
2672 0
2673 0
2674 -1
2676 0
2677 0
2678 4
2679 0
2680 0
2681 0
2682 8
2683 -1
2684 0
2685 0
2686 0
2687 0
2688 0
2689 0
2690 0
2691 0
2692 0
2693 0
2694 0
2695 0
2697 0
2698 0
2700 0
2701 0
2702 0
2703 0
2704 0
2705 0
2706 0
2707 0
2709 0
2710 0
2711 -1
2714 0
2715 0
2716 0
2717 0
2718 0
2719 0
2720 0
2721 0
2722 -1
2723 0
2724 0
2725 0
2726 0
2727 0
2728 0
2729 -1
2731 0
2732 0
2733 0
2735 0
2736 0
2737 0
2738 -1
2739 0
2740 0
2741 -1
2742 0
2743 0
2744 0
2745 0
2746 0
2747 0
2748 -1
2749 -1
2750 -1
2751 -1
2752 -1
2753 0
2755 0
2756 0
2757 0
2758 0
2759 0
2760 0
2761 0
2762 0
2763 0
2764 0
2765 -1
2768 0
2769 0
2770 0
2771 0
2772 -1
2773 8
2774 0
2775 0
2776 0
2777 0
2778 0
2779 0
2780 0
2781 0
2782 0
2783 0
2785 -1
2786 0
2787 0
2788 0
2789 -1
2790 0
2791 -1
2792 0
2793 0
2794 0
2795 -1
2796 0
2798 -1
2799 0
2800 0
2801 0
2802 0
2803 0
2804 0
2805 0
2806 0
2807 0
2809 0
2811 0
2812 -1
2813 0
2815 0
2816 0
2817 0
2818 0
2819 0
2820 0
2821 0
2822 0
2823 0
2825 -1
2826 0
2827 0
2828 0
2829 0
2830 0
2831 0
2832 0
2833 0
2834 0
2835 0
2836 0
2838 -1
2839 0
2840 0
2841 0
2842 0
2843 0
2844 0
2845 0
2846 0
2847 0
2848 0
2849 0
2850 0
2851 -1
2852 0
2853 0
2854 0
2855 0
2856 0
2857 0
2858 0
2859 0
2860 0
2861 0
2862 0
2863 0
2864 0
2865 0
2866 -1
2867 0
2868 0
2869 0
2870 3
2871 0
2872 0
2873 0
2874 0
2875 -1
2876 0
2877 0
2878 0
2879 0
2880 0
2881 0
2882 0
2883 0
2884 0
2885 -1
2886 0
2887 0
2888 0
2889 0
2890 0
2891 0
2892 0
2893 0
2894 1
2895 0
2896 -1
2897 0
2898 0
2899 0
2900 0
2902 -1
2904 0
2905 0
2906 0
2907 0
2908 0
2909 8
2910 0
2911 0
2912 0
2913 0
2914 0
2915 0
2916 0
2917 0
2918 -1
2920 0
2921 0
2922 0
2923 0
2925 0
2926 0
2927 0
2928 0
2929 0
2930 0
2931 0
2932 0
2933 0
2934 0
2936 0
2937 0
2938 0
2939 0
2940 -1
2941 0
2942 -1
2943 -1
2944 0
2945 0
2946 0
2947 0
2948 0
2949 -1
2950 0
2951 0
2952 0
2953 0
2954 0
2955 0
2956 0
2957 0
2959 0
2960 0
2961 0
2962 0
2963 0
2964 0
2965 0
2967 0
2968 0
2969 0
2970 3
2971 0
2972 0
2973 0
2974 0
2975 -1
2976 0
2978 0
2979 0
2980 -1
2981 0
2983 0
2984 0
2985 0
2986 -1
2987 0
2988 0
2989 0
2990 0
2991 0
2992 0
2993 0
2994 0
2995 0
2996 0
2997 0
2998 0
2999 0
3000 0
3001 0
3002 0
3003 0
3004 0
3005 -1
3006 0
3007 0
3008 0
3009 0
3010 0
3011 0
3012 0
3013 -1
3014 0
3015 0
3016 -1
3017 0
3018 0
3019 0
3020 0
3021 -1
3022 -1
3023 -1
3024 0
3025 -1
3026 -1
3027 9
3028 0
3029 0
3030 -1
3031 0
3032 -1
3033 0
3034 0
3035 0
3036 0
3037 0
3038 0
3039 -1
3040 0
3041 -1
3042 -1
3043 -1
3044 0
3045 0
3046 0
3047 0
3048 0
3049 0
3050 0
3051 0
3052 0
3053 -1
3054 0
3055 3
3056 0
3057 0
3058 0
3059 0
3060 0
3061 -1
3062 0
3063 0
3064 0
3065 0
3066 0
3067 0
3068 0
3069 0
3070 0
3071 0
3072 0
3073 0
3074 0
3075 0
3076 0
3077 0
3078 0
3079 0
3080 0
3081 -1
3082 0
3083 0
3084 0
3085 0
3086 0
3087 -1
3088 0
3089 0
3090 0
3091 0
3092 -1
3093 0
3094 0
3095 0
3096 -1
3097 0
3098 0
3099 0
3100 0
3101 -1
3102 0
3103 0
3104 0
3105 0
3106 0
3107 0
3108 0
3109 0
3110 -1
3111 0
3112 0
3113 0
3114 -1
3115 0
3116 0
3117 0
3118 0
3119 0
3120 0
3121 0
3122 0
3123 -1
3124 0
3125 0
3126 0
3127 0
3128 -1
3129 0
3130 0
3131 -1
3132 0
3133 0
3134 0
3135 -1
3136 0
3137 0
3138 0
3139 0
3140 -1
3141 -1
3142 0
3143 0
3144 0
3145 0
3146 0
3147 -1
3148 0
3149 0
3150 0
3151 0
3152 0
3153 0
3154 0
3155 0
3156 0
3157 0
3158 0
3159 0
3160 0
3161 0
3162 0
3163 0
3164 0
3165 -1
3166 0
3167 0
3168 0
3169 -1
3170 0
3171 0
3172 0
3173 0
3174 0
3175 -1
3176 0
3177 0
3178 0
3179 0
3180 0
3181 0
3182 0
3183 0
3184 0
3185 0
3186 0
3187 0
3188 0
3189 0
3190 0
3191 0
3192 0
3193 -1
3194 -1
3195 0
3196 -1
3197 0
3198 0
3199 0
3200 -1
3201 0
3202 -1
3203 0
3204 0
3205 -1
3206 0
3207 0
3208 0
3209 0
3210 -1
3211 0
3212 -1
3213 0
3214 0
3215 0
3216 0
3217 0
3218 0
3219 -1
3220 0
3221 0
3222 0
3223 0
3224 0
3225 0
3226 0
3227 -1
3228 0
3229 0
3230 0
3231 0
3232 0
3233 0
3234 0
3235 -1
3236 -1
3237 0
3238 0
3239 0
3240 0
3241 0
3242 0
3243 -1
3244 0
3245 0
