0 0
1 0
2 -1
3 -1
4 1
6 0
7 -1
8 -1
9 0
10 -1
11 0
12 0
13 0
14 0
15 2
16 0
17 -1
18 0
19 20
20 0
21 -1
22 -1
23 2
24 41
25 0
26 0
27 -1
28 0
30 0
31 -1
32 29
33 0
34 -1
35 -1
36 0
37 -1
38 28
40 0
41 -1
42 0
43 -1
44 -1
45 0
46 -1
47 -1
49 -1
50 0
51 3
52 -1
53 -1
54 4
55 0
57 0
58 -1
60 -1
61 -1
62 0
64 0
65 -1
66 0
67 -1
68 0
69 0
70 0
71 -1
72 17
75 -1
76 0
77 0
78 -1
79 -1
80 5
81 -1
82 0
83 -1
84 0
85 0
86 6
87 -1
88 0
89 0
90 0
91 0
92 -1
93 0
94 0
95 0
96 0
97 -1
98 0
99 0
101 0
102 -1
104 -1
105 -1
106 -1
107 0
108 -1
109 0
110 -1
111 0
112 -1
113 0
114 -1
115 0
116 36
118 0
119 -1
120 -1
121 0
122 0
123 0
124 0
125 0
126 0
127 -1
128 -1
129 0
130 0
131 0
132 0
133 0
135 0
136 0
137 0
138 0
139 7
140 0
141 0
142 28
143 -1
144 8
145 0
146 -1
147 -1
148 -1
149 0
150 0
151 0
152 0
153 0
154 -1
155 0
156 0
157 0
158 -1
159 -1
160 0
161 0
162 0
163 -1
164 0
165 -1
166 -1
167 0
168 0
169 -1
170 -1
171 0
172 -1
173 0
174 -1
175 -1
176 0
177 0
178 22
179 -1
180 0
181 0
182 0
183 -1
184 0
185 -1
186 0
187 0
188 -1
189 -1
190 0
191 -1
192 0
193 -1
194 -1
195 40
196 -1
198 -1
199 -1
200 -1
201 -1
202 -1
203 0
204 0
206 0
207 0
208 0
209 0
210 -1
211 0
212 0
213 0
214 9
215 0
216 10
218 -1
219 0
220 0
221 0
222 0
223 11
224 -1
225 -1
226 -1
227 0
228 0
229 0
230 -1
231 0
232 0
233 0
234 0
235 0
236 -1
237 -1
239 0
240 0
241 0
242 -1
243 -1
244 -1
245 -1
246 0
247 0
248 0
249 0
250 0
251 -1
252 -1
253 12
254 0
256 0
257 0
258 -1
259 0
260 0
262 0
263 0
264 -1
265 -1
266 0
267 -1
268 0
269 0
271 -1
272 0
273 13
274 0
275 -1
276 -1
277 0
278 -1
280 0
281 0
282 -1
283 0
284 -1
286 0
287 0
288 0
289 0
290 -1
291 -1
292 0
293 -1
294 0
295 0
296 0
297 0
299 -1
300 0
301 -1
303 0
304 0
305 -1
306 0
307 -1
308 -1
309 -1
310 -1
312 -1
313 0
314 -1
315 -1
317 0
318 0
319 0
320 -1
321 -1
322 0
323 0
324 -1
325 -1
326 0
327 -1
328 0
330 -1
331 -1
332 -1
333 27
334 -1
335 0
336 -1
337 0
338 7
340 0
342 0
343 -1
344 0
345 0
346 0
347 0
348 0
349 0
350 -1
351 0
352 0
353 -1
354 -1
355 13
356 0
357 -1
358 -1
361 0
362 -1
363 -1
364 -1
365 -1
366 21
367 37
368 0
369 0
370 0
371 28
373 -1
375 0
377 0
378 0
379 0
380 0
381 0
382 0
383 0
384 26
385 0
386 0
387 -1
389 0
391 14
392 -1
393 0
394 15
395 0
396 0
397 0
398 0
400 -1
401 0
402 -1
403 0
404 0
405 -1
406 -1
408 0
409 0
410 -1
411 33
412 0
413 -1
414 0
415 0
416 -1
417 0
418 0
419 0
420 -1
421 -1
422 0
423 0
424 -1
425 0
426 -1
427 -1
428 0
429 -1
430 -1
431 0
432 -1
433 0
434 16
435 0
436 0
437 0
438 -1
439 -1
440 -1
441 0
444 -1
445 0
446 0
447 0
448 0
449 0
450 0
451 0
452 -1
453 -1
454 -1
455 0
456 -1
457 0
458 -1
459 0
460 -1
461 0
462 0
463 0
464 0
465 0
466 0
467 0
469 0
470 39
471 -1
472 -1
473 31
474 17
475 18
477 -1
478 0
479 0
480 0
481 0
483 19
484 0
485 0
486 0
487 -1
488 -1
490 0
492 0
493 -1
495 -1
496 -1
497 0
498 0
499 0
500 40
501 -1
502 0
503 0
504 -1
505 0
507 0
508 0
509 0
510 0
511 0
512 0
513 0
514 0
516 -1
517 0
518 0
520 0
521 12
522 0
523 0
524 0
525 -1
527 -1
528 -1
529 -1
530 0
531 0
532 0
533 0
534 -1
535 0
536 0
537 -1
538 0
539 0
540 0
541 -1
542 0
543 0
544 -1
545 -1
547 0
548 0
549 0
550 -1
551 0
552 0
554 20
555 -1
556 0
557 0
558 33
559 8
560 -1
561 0
562 -1
563 -1
564 -1
565 -1
566 0
567 0
568 8
569 -1
570 -1
571 -1
572 1
573 0
574 0
575 0
576 -1
577 0
578 0
579 -1
580 0
581 -1
582 0
583 -1
584 -1
585 -1
586 -1
588 20
589 0
590 26
591 0
592 0
593 0
594 -1
596 -1
597 0
598 0
600 -1
601 0
602 0
604 -1
606 -1
607 14
608 -1
609 27
610 -1
611 -1
612 0
614 0
615 0
616 21
617 0
619 -1
620 0
621 0
622 -1
623 0
625 0
626 0
627 0
628 -1
629 0
630 -1
631 0
632 0
633 -1
634 8
635 0
636 -1
637 22
638 0
639 0
640 0
641 23
642 0
643 0
644 -1
645 0
647 -1
648 -1
649 0
650 -1
651 0
652 0
653 0
654 0
655 0
656 0
657 31
658 -1
659 0
660 -1
661 -1
663 -1
664 -1
665 0
666 0
667 0
668 -1
669 0
670 -1
671 0
672 -1
673 38
674 -1
675 -1
677 -1
678 0
679 24
680 0
681 -1
682 -1
683 0
684 0
685 0
686 0
688 0
689 0
690 36
691 -1
692 -1
693 40
694 0
695 0
696 -1
697 0
698 0
699 -1
700 0
701 -1
704 0
705 14
706 0
708 -1
709 0
710 0
712 0
713 0
714 -1
715 0
716 -1
717 -1
718 0
719 0
720 -1
721 0
722 0
723 -1
724 0
725 -1
726 -1
727 0
728 27
729 -1
730 -1
732 0
733 -1
734 14
735 0
736 -1
738 0
739 0
740 0
741 -1
742 0
743 0
744 0
745 0
746 0
747 15
748 -1
749 7
750 25
751 0
752 0
753 0
754 -1
755 0
756 0
757 0
758 9
759 3
760 0
761 0
763 7
764 0
765 -1
766 0
767 0
768 -1
770 -1
771 -1
772 0
774 0
775 0
776 -1
778 -1
779 10
780 -1
781 -1
782 0
783 -1
784 -1
785 0
786 -1
787 0
788 -1
789 26
790 -1
791 -1
792 -1
793 -1
794 0
795 0
796 0
798 0
800 27
801 -1
802 0
803 -1
804 -1
805 -1
806 0
807 -1
808 -1
810 0
812 0
813 -1
814 -1
815 21
816 0
817 -1
818 0
819 0
820 0
822 0
823 0
824 -1
827 0
828 -1
829 -1
831 0
833 -1
834 0
835 0
836 6
837 -1
838 0
839 -1
840 -1
841 0
842 8
843 0
844 0
845 -1
846 -1
847 0
848 0
849 15
850 0
851 -1
852 -1
853 0
854 22
855 -1
856 0
857 -1
858 -1
859 0
860 -1
861 0
862 0
863 0
864 -1
865 0
866 -1
867 0
868 0
869 0
870 0
871 28
872 -1
873 0
874 0
875 0
876 0
877 -1
878 -1
879 0
880 -1
881 0
882 -1
883 0
884 41
885 0
886 -1
887 38
888 0
889 -1
890 0
891 12
892 40
893 0
894 -1
895 0
896 0
897 -1
899 0
900 0
901 0
902 -1
903 0
904 0
905 0
906 29
907 -1
908 0
910 0
911 0
913 0
914 0
915 -1
916 0
917 0
918 0
919 0
921 0
922 -1
923 0
925 30
927 -1
928 -1
930 -1
931 -1
932 -1
933 0
934 -1
935 -1
936 -1
937 16
938 0
939 0
940 0
941 -1
942 16
943 -1
944 -1
945 0
946 0
947 -1
948 0
950 0
951 -1
952 0
953 0
955 0
956 -1
957 -1
958 0
959 0
960 -1
961 0
962 -1
963 -1
964 -1
965 0
966 39
967 0
968 -1
969 -1
970 0
971 18
972 -1
973 0
974 0
975 31
976 -1
977 -1
978 23
980 -1
981 -1
982 0
983 0
984 0
986 0
987 0
988 0
989 4
990 -1
992 -1
994 -1
995 0
996 0
997 11
998 27
999 -1
1000 0
1001 -1
1002 -1
1003 -1
1004 -1
1005 -1
1007 25
1008 3
1010 32
1011 0
1012 -1
1013 -1
1014 -1
1015 0
1016 -1
1017 -1
1018 0
1019 13
1020 -1
1021 -1
1022 -1
1023 0
1024 -1
1025 0
1026 0
1027 -1
1028 -1
1029 17
1030 0
1031 0
1032 37
1033 0
1034 0
1035 -1
1036 0
1038 9
1039 13
1040 -1
1041 11
1042 -1
1043 0
1044 24
1045 0
1046 -1
1047 0
1048 0
1049 0
1050 -1
1052 -1
1053 -1
1055 0
1056 0
1059 8
1060 -1
1061 0
1062 0
1063 0
1064 -1
1065 0
1066 0
1067 -1
1068 0
1069 0
1070 0
1071 41
1072 -1
1073 -1
1074 0
1075 30
1076 -1
1077 -1
1078 0
1079 0
1080 -1
1081 0
1082 0
1083 -1
1085 0
1086 0
1087 0
1088 -1
1089 0
1091 6
1093 0
1094 0
1095 -1
1096 0
1097 10
1098 -1
1099 -1
1100 15
1101 -1
1102 0
1103 -1
1104 -1
1105 0
1106 -1
1107 -1
1108 29
1109 0
1110 -1
1111 0
1112 12
1113 34
1114 -1
1115 -1
1116 3
1117 -1
1118 -1
1119 -1
1120 0
1121 -1
1122 -1
1123 0
1124 -1
1125 24
1126 -1
1128 29
1129 -1
1130 0
1131 0
1132 0
1133 0
1134 -1
1135 -1
1137 0
1138 21
1139 -1
1140 0
1142 0
1143 0
1144 28
1145 0
1147 0
1148 0
1149 0
1151 33
1153 0
1154 0
1155 -1
1156 0
1157 -1
1158 0
1159 6
1160 0
1161 -1
1162 0
1164 -1
1165 0
1166 0
1168 -1
1169 -1
1170 -1
1171 0
1172 0
1173 0
1174 0
1175 0
1177 -1
1178 -1
1180 0
1181 0
1182 -1
1183 -1
1184 0
1185 19
1186 -1
1187 5
1188 0
1189 0
1190 9
1191 -1
1193 -1
1194 0
1195 37
1197 0
1199 16
1200 -1
1201 -1
1202 0
1203 31
1204 -1
1205 38
1206 0
1207 0
1208 14
1209 0
1210 -1
1212 -1
1213 0
1214 -1
1215 -1
1217 0
1218 30
1219 0
1220 0
1221 0
1222 39
1223 0
1224 0
1225 0
1226 0
1227 0
1228 -1
1229 -1
1230 0
1231 0
1232 24
1233 36
1235 0
1236 -1
1237 0
1238 0
1239 41
1240 0
1241 0
1242 33
1243 0
1244 12
1245 -1
1247 -1
1248 0
1250 -1
1251 0
1252 0
1253 -1
1254 30
1255 0
1256 7
1257 0
1258 0
1259 0
1261 -1
1262 -1
1263 35
1264 -1
1265 -1
1267 0
1268 0
1269 0
1270 0
1271 0
1272 0
1273 0
1274 39
1275 0
1277 -1
1278 0
1279 0
1280 -1
1284 0
1285 0
1286 0
1287 -1
1289 -1
1290 -1
1291 0
1292 15
1294 -1
1296 -1
1297 -1
1298 -1
1299 -1
1300 0
1302 0
1303 -1
1304 14
1305 1
1306 0
1307 4
1308 0
1309 0
1310 0
1311 -1
1312 -1
1313 0
1314 12
1315 -1
1316 9
1317 -1
1318 0
1319 4
1320 -1
1321 -1
1322 -1
1323 0
1325 0
1326 0
1328 29
1329 0
1330 0
1331 0
1332 -1
1334 -1
1335 -1
1336 0
1338 0
1339 0
1340 11
1341 0
1342 0
1343 0
1344 23
1345 0
1346 0
1347 -1
1348 -1
1349 0
1351 -1
1352 0
1354 -1
1355 0
1356 0
1357 0
1359 0
1360 -1
1363 0
1364 -1
1365 -1
1366 -1
1367 0
1368 -1
1369 -1
1370 0
1371 0
1372 -1
1373 0
1374 0
1376 0
1377 0
1378 -1
1379 0
1381 -1
1382 -1
1383 -1
1384 -1
1385 0
1386 0
1387 0
1389 -1
1390 0
1391 0
1392 -1
1394 0
1395 0
1396 -1
1398 0
1399 20
1400 -1
1401 0
1402 0
1403 0
1404 32
1405 -1
1406 -1
1407 -1
1408 -1
1409 -1
1410 0
1413 41
1414 0
1415 -1
1416 -1
1417 25
1419 28
1420 0
1421 34
1422 0
1423 -1
1424 0
1425 0
1426 0
1427 0
1428 0
1429 23
1430 31
1431 0
1432 0
1434 0
1436 0
1437 -1
1438 -1
1439 -1
1440 -1
1441 -1
1442 0
1443 0
1444 -1
1445 -1
1446 25
1447 -1
1448 0
1449 0
1451 -1
1453 0
1455 0
1457 0
1458 0
1459 0
1460 20
1461 -1
1462 -1
1463 0
1464 -1
1465 -1
1466 0
1467 0
1468 39
1469 -1
1470 -1
1471 29
1472 0
1473 -1
1474 -1
1475 0
1476 0
1477 -1
1478 -1
1479 0
1480 0
1482 0
1483 0
1485 34
1486 -1
1487 10
1488 0
1489 0
1490 0
1491 -1
1493 0
1494 -1
1495 -1
1496 0
1497 -1
1499 0
1500 0
1501 0
1502 0
1503 0
1504 0
1505 -1
1506 19
1507 -1
1508 0
1509 0
1510 0
1511 0
1513 -1
1515 0
1516 -1
1517 6
1518 0
1519 0
1520 -1
1522 0
1524 0
1525 0
1526 -1
1528 -1
1529 -1
1530 0
1531 2
1532 -1
1533 -1
1534 0
1535 0
1536 42
1537 -1
1538 29
1540 33
1542 0
1543 0
1544 -1
1545 0
1546 0
1547 0
1548 -1
1551 -1
1552 0
1553 0
1554 0
1555 -1
1558 -1
1559 -1
1560 -1
1561 -1
1562 0
1563 0
1564 -1
1565 -1
1566 0
1567 -1
1568 0
1569 -1
1570 0
1571 -1
1572 0
1573 -1
1574 -1
1576 18
1577 -1
1578 -1
1579 0
1580 0
1581 0
1582 0
1583 21
1586 0
1587 0
1589 -1
1590 -1
1592 -1
1593 -1
1594 4
1596 18
1598 0
1599 0
1600 0
1601 0
1602 -1
1604 0
1605 0
1606 0
1608 0
1609 -1
1610 -1
1612 0
1613 0
1614 -1
1616 -1
1617 0
1619 0
1620 0
1621 0
1622 13
1623 19
1624 -1
1625 0
1626 0
1627 0
1628 0
1629 0
1630 -1
1631 0
1632 -1
1633 -1
1634 0
1635 0
1637 -1
1638 0
1639 0
1640 0
1641 -1
1643 28
1644 0
1645 0
1647 0
1648 0
1650 -1
1652 0
1653 0
1654 0
1655 0
1656 31
1657 -1
1658 0
1659 0
1660 -1
1661 0
1662 0
1663 0
1664 0
1665 0
1666 -1
1667 5
1668 37
1669 -1
1670 -1
1671 0
1672 -1
1673 -1
1674 0
1675 -1
1676 -1
1677 0
1678 -1
1679 0
1680 -1
1681 0
1682 -1
1684 -1
1685 0
1686 0
1687 0
1688 -1
1689 0
1690 0
1691 -1
1692 18
1693 0
1694 -1
1695 -1
1697 -1
1698 0
1699 0
1701 0
1702 33
1704 0
1706 -1
1707 -1
1709 0
1711 -1
1712 -1
1713 0
1714 -1
1715 0
1716 0
1717 0
1718 0
1719 0
1720 -1
1721 -1
1722 -1
1723 0
1724 -1
1726 0
1727 -1
1728 -1
1729 -1
1730 0
1732 -1
1733 0
1734 0
1735 0
1736 0
1737 0
1738 0
1739 0
1740 -1
1741 -1
1743 0
1744 0
1745 10
1747 0
1750 0
1751 0
1753 -1
1754 0
1755 -1
1756 0
1758 -1
1759 38
1760 -1
1761 0
1762 0
1763 0
1764 0
1765 -1
1766 -1
1767 0
1768 0
1769 0
1770 0
1771 -1
1772 -1
1773 17
1774 -1
1775 -1
1776 -1
1777 -1
1778 0
1779 0
1780 0
1782 -1
1783 -1
1784 0
1785 -1
1788 34
1789 0
1790 0
1793 0
1794 33
1797 0
1798 -1
1799 -1
1800 0
1802 -1
1803 6
1804 -1
1805 0
1809 -1
1810 3
1811 0
1813 0
1814 0
1815 0
1816 0
1817 40
1818 0
1819 -1
1820 0
1822 -1
1823 -1
1824 0
1825 -1
1826 0
1827 -1
1828 35
1829 -1
1831 0
1832 15
1833 0
1834 -1
1835 0
1838 -1
1840 0
1842 -1
1843 -1
1844 2
1845 0
1847 -1
1848 0
1849 0
1850 0
1851 0
1852 -1
1853 0
1854 0
1855 -1
1856 0
1857 37
1858 -1
1862 -1
1863 -1
1864 0
1865 -1
1866 0
1867 0
1868 -1
1869 -1
1870 0
1871 -1
1873 -1
1874 0
1875 0
1876 0
1877 0
1878 0
1879 15
1880 0
1881 0
1882 -1
1884 0
1885 0
1886 0
1887 -1
1888 -1
1889 0
1890 0
1891 -1
1892 0
1893 -1
1894 0
1895 -1
1897 -1
1898 0
1899 23
1900 -1
1901 2
1902 28
1904 0
1906 0
1907 23
1910 -1
1913 0
1914 0
1915 -1
1917 -1
1918 -1
1919 0
1921 0
1922 0
1923 -1
1924 -1
1925 0
1926 0
1928 0
1929 0
1930 0
1931 0
1933 0
1934 -1
1936 0
1937 -1
1938 0
1939 -1
1940 0
1941 0
1942 -1
1943 -1
1944 -1
1946 0
1947 0
1948 0
1949 0
1950 -1
1951 0
1952 0
1953 19
1955 0
1956 0
1957 23
1959 30
1960 -1
1962 0
1963 0
1966 -1
1967 0
1968 0
1969 -1
1971 0
1972 7
1973 -1
1974 0
1975 0
1976 0
1977 0
1978 0
1979 30
1980 0
1981 0
1982 -1
1983 -1
1984 -1
1985 1
1986 0
1987 25
1989 40
1991 0
1992 0
1993 0
1994 30
1995 0
1996 -1
1997 -1
1998 7
1999 0
2000 0
2001 -1
2002 0
2003 -1
2004 0
2005 23
2006 0
2007 0
2008 0
2009 1
2010 0
2011 -1
2012 -1
2014 0
2015 -1
2016 0
2017 0
2019 -1
2020 0
2021 0
2022 30
2024 -1
2025 -1
2027 0
2028 0
2029 0
2030 0
2031 27
2032 0
2033 0
2035 0
2036 0
2040 15
2041 0
2042 -1
2044 0
2045 -1
2046 0
2047 0
2051 -1
2053 -1
2054 25
2055 -1
2056 0
2057 0
2058 0
2059 -1
2060 17
2061 33
2062 0
2065 -1
2067 -1
2068 -1
2071 -1
2072 -1
2073 0
2074 0
2075 0
2076 2
2077 -1
2078 0
2079 -1
2081 22
2083 0
2084 -1
2085 -1
2086 26
2087 0
2088 0
2090 -1
2091 0
2092 19
2093 -1
2094 -1
2095 0
2096 0
2097 0
2098 0
2099 0
2100 -1
2101 0
2102 0
2103 0
2105 -1
2106 0
2107 -1
2108 0
2109 0
2110 0
2111 0
2113 -1
2115 42
2116 0
2118 -1
2119 -1
2121 0
2122 -1
2123 -1
2124 0
2125 0
2126 0
2127 0
2128 0
2129 -1
2130 -1
2131 -1
2132 -1
2133 -1
2134 -1
2135 0
2136 0
2140 0
2141 0
2142 3
2143 -1
2146 7
2147 -1
2148 -1
2150 -1
2152 0
2153 0
2154 6
2155 0
2156 -1
2157 0
2158 5
2159 0
2161 4
2162 0
2163 0
2164 0
2165 0
2166 17
2167 0
2168 -1
2169 6
2170 0
2171 -1
2173 -1
2174 -1
2178 -1
2179 0
2182 0
2183 0
2184 -1
2185 0
2186 30
2187 0
2188 10
2189 0
2190 9
2191 17
2192 -1
2193 -1
2194 0
2195 -1
2197 0
2198 0
2200 -1
2202 -1
2204 0
2205 -1
2206 26
2207 -1
2210 25
2211 0
2213 -1
2214 -1
2217 -1
2218 -1
2220 -1
2221 0
2223 7
2224 7
2226 7
2227 -1
2228 0
2229 28
2231 -1
2232 0
2233 27
2234 0
2235 0
2236 0
2237 -1
2239 -1
2240 -1
2241 -1
2244 0
2245 0
2246 0
2248 0
2249 -1
2251 0
2252 -1
2253 0
2255 0
2256 0
2257 0
2258 -1
2259 -1
2260 32
2261 0
2262 -1
2263 -1
2265 0
2266 0
2267 0
2268 -1
2269 0
2270 -1
2271 2
2272 -1
2273 0
2274 -1
2275 -1
2276 -1
2277 38
2278 0
2280 0
2281 0
2282 -1
2283 0
2284 -1
2285 28
2286 23
2287 0
2288 0
2290 0
2291 0
2292 0
2294 0
2298 0
2299 -1
2300 0
2302 -1
2303 -1
2304 34
2305 0
2306 0
2307 -1
2308 -1
2309 0
2310 0
2311 0
2312 0
2314 0
2315 0
2316 -1
2317 -1
2318 0
2320 -1
2323 0
2324 0
2325 0
2327 0
2329 -1
2331 0
2332 -1
2334 -1
2335 0
2336 0
2337 0
2338 -1
2339 0
2340 -1
2341 0
2342 0
2343 0
2344 36
2345 0
2346 0
2350 0
2351 0
2353 0
2354 -1
2355 4
2356 -1
2357 -1
2359 0
2360 40
2361 0
2362 8
2363 -1
2364 0
2365 0
2367 15
2368 0
2369 13
2370 0
2371 0
2372 0
2373 6
2374 -1
2376 0
2377 0
2379 0
2381 -1
2383 0
2385 0
2386 -1
2387 0
2388 0
2389 0
2390 -1
2391 35
2393 0
2395 0
2397 -1
2398 -1
2399 0
2400 0
2401 -1
2402 0
2403 0
2404 -1
2405 0
2406 0
2407 -1
2408 -1
2409 0
2410 -1
2411 11
2413 0
2414 0
2415 0
2418 0
2419 -1
2420 -1
2421 0
2422 0
2424 0
2425 0
2427 -1
2428 -1
2429 21
2430 0
2431 0
2432 0
2433 0
2434 0
2438 -1
2440 -1
2441 0
2442 0
2443 6
2445 0
2446 0
2448 0
2449 -1
2450 0
2451 30
2452 11
2455 32
2457 -1
2459 0
2460 0
2461 -1
2462 0
2463 0
2464 0
2467 0
2468 0
2471 0
2472 0
2473 0
2474 0
2476 1
2478 0
2479 0
2480 0
2482 0
2483 0
2484 0
2485 -1
2486 3
2488 -1
2489 0
2490 33
2491 0
2492 0
2493 0
2494 -1
2495 0
2496 -1
2498 -1
2499 0
2501 -1
2502 0
2503 0
2504 0
2505 0
2506 -1
2507 13
2508 -1
2510 0
2511 0
2512 0
2513 35
2514 -1
2516 -1
2517 0
2518 0
2519 0
2520 0
2521 7
2522 0
2524 0
2525 0
2528 -1
2529 16
2531 0
2533 0
2534 19
2536 0
2537 0
2538 -1
2539 -1
2540 24
2541 -1
2542 0
2543 -1
2545 7
2547 -1
2548 -1
2549 -1
2550 -1
2551 0
2552 10
2553 0
2557 -1
2558 0
2560 -1
2561 34
2563 0
2565 -1
2567 0
2569 -1
2570 0
2572 -1
2574 -1
2576 -1
2579 0
2580 0
2583 -1
2584 0
2585 0
2586 0
2587 0
2588 29
2589 0
2590 -1
2591 -1
2592 0
2595 -1
2596 -1
2597 0
2598 0
2599 0
2601 -1
2602 0
2604 -1
2605 0
2606 0
2607 -1
2608 0
2609 -1
2610 14
2612 0
2614 19
2615 0
2617 0
2618 36
2619 -1
2620 16
2621 -1
2623 -1
2624 0
2625 0
2626 -1
2627 0
2628 0
2631 0
2632 -1
2633 10
2634 -1
2635 0
2636 -1
2637 0
2638 -1
2639 0
2640 0
2642 0
2643 -1
2644 8
2646 24
2648 0
2650 -1
2652 -1
2653 -1
2654 0
2657 -1
2660 36
2661 0
2662 -1
2664 6
2665 0
2666 0
2667 0
2668 0
2670 0
2671 4
2672 0
2673 0
2674 0
2676 0
2677 0
2678 -1
2679 0
2680 0
2681 0
2682 0
2683 0
2685 0
2686 0
2687 -1
2688 0
2689 -1
2690 0
2691 0
2692 0
2693 0
2694 0
2695 -1
2697 0
2698 0
2701 0
2702 0
2704 0
2705 0
2707 0
2709 0
2710 0
2711 0
2715 27
2716 0
2717 0
2718 -1
2719 0
2720 -1
2721 -1
2722 -1
2723 0
2724 26
2725 9
2726 0
2728 0
2729 0
2731 -1
2732 -1
2733 0
2737 -1
2738 -1
2739 -1
2741 -1
2742 0
2743 0
2744 0
2745 -1
2747 0
2748 -1
2749 0
2750 -1
2751 0
2752 -1
2753 0
2755 -1
2756 -1
2758 -1
2759 -1
2760 0
2762 0
2763 0
2764 -1
2765 30
2768 0
2769 0
2772 0
2773 0
2775 0
2776 0
2777 -1
2778 0
2779 -1
2780 0
2783 0
2785 -1
2786 0
2787 -1
2788 1
2789 0
2791 0
2792 0
2794 -1
2795 0
2796 -1
2798 -1
2799 0
2801 0
2802 0
2803 0
2804 32
2806 0
2807 0
2809 -1
2811 -1
2812 5
2813 0
2815 0
2816 22
2817 -1
2818 -1
2820 0
2821 1
2822 0
2823 0
2825 -1
2826 0
2830 0
2831 0
2832 0
2833 -1
2834 0
2835 0
2838 -1
2839 20
2840 0
2843 0
2844 31
2845 0
2846 16
2848 -1
2849 16
2850 0
2851 0
2854 0
2856 -1
2857 -1
2858 0
2859 -1
2862 -1
2863 0
2866 0
2867 0
2868 -1
2869 -1
2870 -1
2871 0
2872 -1
2873 42
2874 -1
2875 0
2878 0
2879 41
2880 -1
2881 0
2882 0
2883 0
2884 0
2886 0
2887 0
2888 0
2889 -1
2890 0
2892 -1
2894 0
2895 0
2896 -1
2898 -1
2899 0
2900 0
2902 30
2904 18
2906 -1
2908 0
2909 0
2912 -1
2914 0
2916 -1
2917 -1
2918 7
2920 -1
2921 0
2922 0
2923 -1
2925 -1
2927 0
2928 0
2930 0
2931 0
2932 0
2933 -1
2934 -1
2936 37
2937 0
2939 0
2940 32
2941 -1
2942 0
2943 0
2944 -1
2945 0
2946 0
2947 0
2948 -1
2950 0
2951 0
2952 0
2954 -1
2955 0
2956 29
2957 37
2959 0
2960 0
2961 -1
2962 0
2963 0
2964 0
2965 23
2968 37
2970 -1
2971 0
2972 0
2973 0
2974 0
2975 -1
2976 -1
2979 -1
2980 -1
2986 -1
2987 -1
2988 -1
2989 0
2990 0
2991 35
2993 0
2995 0
2996 -1
2997 0
2999 0
3000 -1
3001 -1
3002 0
3003 0
3004 0
3005 23
3006 0
3008 0
3009 -1
3010 -1
3011 0
3012 0
3013 -1
3014 -1
3015 -1
3016 38
3017 38
3018 0
3021 -1
3022 -1
3023 -1
3024 0
3025 -1
3027 13
3028 -1
3029 0
3030 -1
3031 0
3032 -1
3033 0
3035 0
3036 0
3038 0
3039 5
3041 24
3042 24
3043 -1
3044 -1
3045 0
3046 -1
3049 -1
3050 0
3051 0
3052 -1
3053 0
3055 -1
3056 -1
3057 -1
3058 0
3061 0
3062 0
3063 -1
3064 -1
3065 -1
3066 0
3068 -1
3069 0
3070 0
3071 0
3072 0
3076 0
3077 0
3078 0
3079 0
3081 19
3082 0
3085 0
3086 -1
3087 -1
3091 -1
3092 -1
3094 0
3095 0
3096 -1
3097 -1
3098 0
3099 -1
3100 -1
3101 42
3102 -1
3103 39
3104 -1
3105 0
3106 0
3107 0
3112 0
3113 0
3114 -1
3115 -1
3116 -1
3117 29
3118 0
3119 29
3120 0
3121 0
3122 0
3123 0
3124 -1
3125 0
3127 0
3128 0
3129 0
3130 3
3131 3
3132 3
3133 0
3134 0
3135 0
3136 0
3137 0
3139 0
3140 26
3141 26
3144 0
3145 0
3146 0
3147 42
3149 0
3152 0
3153 -1
3155 0
3156 9
3157 -1
3158 -1
3160 0
3161 0
3162 0
3163 0
3165 7
3166 -1
3168 -1
3169 -1
3170 34
3171 -1
3172 0
3173 0
3174 0
3175 0
3176 0
3177 0
3179 0
3180 -1
3181 0
3183 0
3184 0
3185 0
3186 -1
3187 0
3190 19
3191 4
3192 0
3193 0
3194 -1
3195 0
3196 0
3197 0
3198 0
3199 -1
3200 0
3202 0
3203 0
3205 -1
3206 -1
3207 1
3210 14
3211 2
3212 2
3214 -1
3215 0
3216 0
3218 -1
3219 0
3220 0
3224 -1
3225 -1
3226 -1
3227 0
3228 0
3229 22
3230 22
3231 -1
3232 0
3233 0
3234 0
3235 -1
3236 -1
3237 21
3238 21
3239 0
3240 0
3241 0
3242 0
3243 -1
3245 0
3247 0
3248 -1
3249 0
3250 0
3251 -1
3252 0
3253 23
3254 23
3255 0
3257 11
3258 11
3259 -1
3260 -1
3261 0
3262 0
3263 0
3265 -1
3266 0
3269 0
3270 0
3272 0
3275 13
3277 -1
3278 -1
3279 0
3281 0
3282 10
3284 10
3287 0
3288 0
3289 0
3290 -1
3291 0
3292 -1
3293 -1
3294 -1
3295 -1
3296 -1
3298 0
3299 0
3301 -1
3302 0
3304 0
3305 -1
3306 0
3307 0
3308 0
3309 0
3310 0
3313 0
3315 -1
3316 0
3318 0
3319 0
3320 -1
3321 33
3323 0
3324 0
3325 -1
3327 0
3328 28
3329 28
3330 -1
3332 -1
3333 40
3334 0
3335 0
3336 -1
3337 -1
3338 0
3339 0
3340 0
3341 -1
3345 0
3346 0
3348 29
3349 29
3351 -1
3352 12
3353 12
3354 0
3355 0
3357 0
3358 26
3360 26
3361 0
3362 0
3363 0
3364 0
3365 0
3367 0
3368 0
3369 -1
3370 0
3371 0
3372 -1
3374 0
3375 0
3376 -1
3377 0
3378 0
3379 0
3380 0
3381 0
3384 -1
3385 -1
3387 0
3388 0
3389 18
3390 18
3391 -1
3392 0
3393 0
3394 41
3396 0
3397 0
3398 0
3399 30
3403 -1
3404 0
3405 0
3407 -1
3408 -1
3409 0
3410 0
3413 -1
3414 -1
3415 2
3416 0
3417 0
3419 0
3420 0
3423 -1
3424 0
3425 -1
3426 0
3427 0
3428 0
3429 -1
3430 -1
3432 -1
3433 -1
3434 -1
3435 0
3436 -1
3439 0
3441 -1
3442 0
3443 32
3445 -1
3446 -1
3447 0
3448 0
3449 0
3451 0
3452 0
3453 -1
3454 -1
3455 -1
3456 0
3457 -1
3459 -1
3460 -1
3461 0
3462 -1
3463 0
3465 -1
3466 -1
3467 0
3468 -1
3469 -1
3471 0
3472 -1
3473 0
3474 -1
3475 -1
3476 -1
3477 -1
3478 -1
3479 36
3480 36
3481 0
3482 0
3484 37
3485 0
3486 0
3487 0
3488 -1
3489 0
3490 0
3492 0
3493 0
3494 0
3496 0
3497 0
3498 0
3499 -1
3501 0
3502 0
3503 0
3504 0
3506 0
3507 0
3508 0
3509 31
3510 0
3511 -1
3512 -1
3513 -1
3514 0
3515 0
3516 0
3517 0
3518 0
3520 -1
3521 0
3522 0
3523 0
3524 0
3526 -1
3528 0
3529 0
3530 0
3531 -1
3532 -1
3533 0
3534 0
3535 -1
3536 0
3537 0
3538 0
3540 0
3541 0
3542 -1
3543 0
3544 -1
3546 -1
3548 0
3549 0
3550 0
3551 -1
3552 0
3553 -1
3554 0
3555 -1
3556 -1
3557 42
3558 0
3559 0
3560 0
3562 0
3563 0
3564 0
3567 0
3568 29
3569 29
3570 0
3571 0
3572 0
3573 0
3574 0
3575 0
3576 -1
3577 0
3579 0
3580 0
3581 -1
3582 -1
3583 0
3584 0
3585 0
3589 0
3590 0
3591 -1
3592 -1
3594 -1
3596 0
3597 0
3598 -1
3600 -1
3601 -1
3603 0
3604 -1
3606 -1
3607 0
3608 -1
3609 -1
3610 0
3611 0
3612 7
3613 7
3614 7
3615 -1
3616 -1
3618 0
3619 0
3620 0
3621 0
3623 0
3624 0
3625 -1
3627 0
3628 -1
3631 15
3632 -1
3633 0
3635 -1
3636 0
3637 0
3638 0
3639 0
3640 -1
3641 0
3643 0
3645 -1
3647 0
3648 0
3649 0
3651 0
3652 0
3653 -1
3654 0
3655 -1
3656 -1
3658 0
3659 -1
3660 0
3661 0
3662 0
3663 25
3665 0
3666 0
3667 0
3668 0
3669 22
3670 22
3671 0
3672 15
3673 0
3674 0
3676 0
3677 0
3678 0
3680 0
3681 0
3682 0
3683 0
3684 -1
3685 0
3686 0
3687 0
3688 0
3689 0
3690 -1
3691 19
3692 0
3693 0
3694 -1
3695 0
3696 -1
3697 -1
3698 0
3699 0
3700 0
3701 0
3702 0
3703 0
3704 -1
3705 0
3706 0
3707 0
3708 -1
3710 0
3712 -1
3713 -1
3714 0
3715 0
3716 -1
3717 0
3718 0
3719 0
3720 0
3721 0
3722 -1
3723 0
3724 0
3725 -1
3726 0
3727 -1
3728 0
3729 0
3731 33
3732 0
3733 0
3734 0
3735 0
3737 0
3738 0
3739 0
3740 0
3741 19
3742 19
3743 0
3744 0
3745 0
3746 0
3747 0
3748 -1
3750 0
3751 0
3752 0
3753 42
3754 0
3755 0
3756 0
3758 -1
3759 -1
3760 0
3761 -1
3762 0
3763 0
3765 0
3766 0
3767 0
3768 0
3769 0
3770 0
3771 0
3772 -1
3773 -1
3774 0
3775 0
3777 0
3778 -1
3779 -1
3780 -1
3781 0
3784 -1
3785 -1
3789 -1
3790 0
3791 -1
3792 0
3793 0
3795 0
3796 0
3797 -1
3799 0
3800 0
3801 0
3802 0
3803 0
3804 0
3807 -1
3808 -1
3809 0
3810 0
3811 0
3812 0
3815 0
3816 0
3817 0
3818 -1
3819 0
3820 0
3821 0
3822 0
3823 -1
3824 -1
3825 0
3826 0
3827 1
3828 1
3829 -1
3830 0
3831 0
3832 0
3834 0
3835 0
3837 -1
3838 -1
3839 0
3841 0
3842 -1
3843 -1
3844 0
3845 0
3846 0
3847 0
3848 0
3849 0
3850 0
3851 7
3852 39
3853 0
3854 0
3855 -1
3856 0
3857 -1
3858 -1
3860 0
3861 0
3862 0
3863 0
3864 -1
3865 0
3866 0
3868 -1
3869 -1
3870 0
3871 -1
3872 0
3873 0
3874 0
3875 0
3876 -1
3877 0
3878 0
3879 0
3880 0
3881 0
3882 0
3883 0
3884 0
3885 0
3886 0
3887 0
3888 11
3889 0
3890 -1
3891 0
3892 0
3895 0
3896 -1
3897 -1
3898 0
3899 -1
3900 -1
3901 0
3902 0
3903 0
3904 0
3907 35
3908 0
3909 0
3910 0
3911 0
3912 0
3913 -1
3914 -1
3915 0
3916 0
3917 0
3918 0
3919 0
3920 0
3921 0
3922 -1
3923 0
3924 0
3925 16
3926 16
3927 10
3928 10
3929 -1
3930 -1
3931 28
3932 5
3933 5
3934 0
3935 0
3936 24
3937 -1
3938 0
3939 0
3940 -1
3941 0
3942 -1
3943 0
3944 0
3945 0
3946 0
3947 0
3948 0
3949 0
3950 -1
3951 0
3953 0
3954 0
3955 0
3957 0
3958 0
3960 0
3961 0
3963 0
3964 0
3965 0
3966 0
3967 0
3968 0
3969 0
3970 -1
3971 -1
3972 0
3973 0
3974 0
3977 -1
3978 0
3979 0
3980 0
3981 0
3982 0
3983 -1
3985 0
3986 0
3987 0
3988 0
3989 0
3991 0
3992 0
3993 0
3994 0
3995 0
3996 0
3997 0
3998 0
3999 0
4000 0
4001 0
4002 0
4003 0
4004 0
4006 0
4007 0
4008 0
4009 -1
4010 -1
4011 0
4012 0
4013 0
4014 0
4015 0
4018 0
4019 -1
4020 0
4021 0
4022 0
4023 0
4025 0
4026 0
4027 0
4029 0
4032 0
4033 28
4034 28
4035 0
4036 0
4037 0
4038 0
4039 0
4040 0
4041 0
4042 0
4043 0
4044 0
4045 18
4046 18
4047 0
4048 0
4049 0
4050 0
4051 -1
4052 0
4053 0
4054 0
4055 0
4056 0
4057 0
4058 0
4059 0
4060 -1
4061 0
4062 0
4063 0
4064 0
4065 0
4066 0
4067 0
4068 0
4071 0
4072 0
4073 0
4074 0
4075 0
4076 0
4077 0
4078 0
4079 -1
4081 0
4082 1
4083 0
4084 0
4085 0
4086 0
4087 0
4089 0
4090 0
4091 0
4092 0
4093 0
4094 0
4095 0
4096 0
4097 0
4098 0
4099 0
4100 0
4101 0
4102 0
4103 -1
4104 -1
4105 0
4106 0
4107 0
4108 0
4109 7
4110 32
4112 0
4113 0
4114 0
4115 0
4116 20
4117 20
4118 0
4119 -1
4120 -1
4121 -1
4122 -1
4123 -1
4124 0
4125 -1
4126 0
4127 0
4128 0
4129 0
4130 0
4131 0
4132 0
4133 0
4134 0
4135 0
4136 0
4137 0
4138 0
4139 0
4140 0
4141 0
4142 38
4143 0
4144 0
4145 0
4146 0
4147 0
4148 0
4149 0
4150 0
4151 0
4152 0
4153 0
4154 0
4155 0
4156 0
4157 16
4158 0
4159 10
4160 10
4161 0
4162 0
4163 0
4164 0
4165 -1
4166 0
4167 0
4168 -1
4169 -1
4170 0
4171 0
4172 0
4173 -1
4174 0
4175 0
4176 0
4177 0
4178 0
4179 0
4180 -1
4181 -1
4182 0
4183 0
4184 0
4185 0
4186 0
4187 -1
4188 0
4189 -1
4190 0
4191 0
4192 0
4193 0
4194 0
4195 0
4196 0
4197 0
4198 0
4199 0
4200 0
4201 0
4202 0
4203 0
4204 0
4205 28
4206 0
4207 0
4208 -1
4209 0
4210 0
4211 -1
4212 -1
4213 0
4214 -1
4215 0
4216 0
4217 0
4218 0
4219 0
4220 0
4221 0
4222 -1
4223 0
4224 0
4225 -1
4226 0
4227 0
4228 0
4229 0
4230 0
4231 0
4232 -1
4233 0
4234 0
4235 0
4236 0
4237 -1
4238 -1
4239 0
4240 0
4241 0
4242 0
4243 0
4244 0
4245 0
4246 0
4247 0
4248 0
4249 0
4250 -1
4251 0
4252 0
4253 0
4254 0
4255 0
4256 0
4257 0
4258 0
4259 0
4260 0
4261 0
4262 0
4263 0
4264 0
4265 9
4266 0
4267 0
4268 0
4269 -1
4270 0
4271 0
4272 0
4273 0
4274 0
4275 0
4276 0
4277 -1
4278 0
4279 0
4280 0
4281 0
4282 0
4283 0
4284 0
4285 0
4286 -1
4287 -1
4288 0
4289 0
4290 41
4291 0
4292 0
4293 0
4294 0
4295 0
4296 0
4297 0
4298 0
4299 0
4300 0
4301 -1
4302 0
4303 0
4304 0
4305 0
4306 0
4307 -1
4308 0
4309 0
4310 0
4311 0
4312 1
4313 0
4314 0
4315 0
4316 0
4317 0
4318 0
4319 0
4320 0
4321 0
4322 -1
4323 -1
4324 0
4325 0
4326 -1
4327 0
4328 0
4329 -1
4330 -1
4331 0
4332 0
4333 0
4334 0
4335 0
4336 0
4337 0
4338 0
4339 0
4340 0
4341 0
4342 0
4343 0
4344 -1
4345 20
4346 20
4347 0
4348 0
4349 0
4350 0
4351 0
4352 0
4353 0
4354 0
4355 0
4356 -1
4357 0
4358 0
