0 0
1 0
2 -1
3 0
4 -1
6 0
7 0
8 1
9 0
10 -1
11 0
12 -1
13 0
14 0
15 -1
16 0
17 0
18 0
19 0
20 0
21 1
22 16
23 -1
24 -1
25 0
26 0
27 -1
28 0
30 0
31 -1
32 -1
33 -1
34 0
35 -1
36 -1
37 -1
38 -1
40 -1
41 -1
42 0
43 -1
44 15
45 -1
46 -1
47 0
49 -1
50 0
51 -1
52 -1
53 -1
54 22
55 0
57 2
58 -1
60 -1
61 -1
62 0
64 0
65 25
66 0
67 3
68 -1
69 0
70 -1
71 -1
72 0
75 -1
76 -1
77 0
78 -1
79 -1
80 -1
81 0
82 0
83 -1
84 0
85 0
86 -1
87 0
88 0
89 -1
90 0
91 -1
92 -1
93 0
94 0
95 -1
96 0
97 -1
98 0
99 0
101 0
102 -1
104 0
105 0
106 -1
107 0
108 0
109 -1
110 0
111 0
112 14
113 0
114 -1
115 0
116 11
118 0
119 -1
120 27
122 0
123 0
124 -1
125 0
126 0
127 -1
128 -1
129 0
130 -1
131 -1
132 -1
133 0
135 -1
136 -1
137 0
138 -1
139 -1
140 0
141 0
142 0
143 -1
144 -1
145 0
146 -1
147 -1
148 -1
149 0
150 0
151 29
152 0
153 0
154 4
155 0
156 0
157 0
158 -1
159 -1
160 0
161 0
162 -1
163 -1
164 0
165 -1
166 -1
167 0
168 0
169 -1
170 0
171 0
172 -1
173 0
174 -1
175 -1
176 0
177 0
178 -1
179 -1
180 0
181 0
182 0
183 -1
184 0
185 -1
186 0
187 0
188 -1
189 -1
190 0
191 -1
192 -1
193 -1
194 -1
195 5
196 0
198 -1
199 -1
200 -1
201 -1
202 -1
203 0
204 0
206 -1
207 0
208 0
209 0
210 0
211 -1
212 0
213 -1
214 -1
215 0
216 6
218 -1
219 0
220 -1
221 0
222 0
223 0
224 1
225 -1
226 0
227 0
228 0
229 0
230 -1
231 0
232 0
233 0
234 -1
235 0
236 0
237 -1
239 0
240 0
241 20
242 -1
243 -1
244 0
245 -1
246 0
247 -1
248 0
249 0
250 0
251 -1
252 0
253 -1
254 -1
256 0
257 -1
258 0
259 -1
260 -1
262 0
263 -1
264 29
265 0
266 -1
267 -1
268 0
269 -1
271 0
272 0
273 7
274 0
275 0
276 8
277 0
278 -1
280 0
281 0
282 -1
283 0
284 -1
286 -1
287 0
288 -1
289 -1
290 0
291 1
292 -1
293 -1
294 0
295 0
296 1
297 -1
299 0
300 0
301 0
303 -1
304 0
305 -1
306 0
307 -1
308 -1
309 -1
310 0
312 -1
313 0
314 -1
315 -1
317 0
318 0
319 -1
320 -1
321 -1
322 0
323 -1
324 -1
325 -1
326 0
327 0
328 0
330 9
331 -1
332 0
333 -1
334 0
335 -1
336 0
337 0
338 -1
340 0
342 0
343 10
344 -1
345 0
346 -1
347 0
348 11
349 0
350 -1
351 0
352 0
353 -1
354 0
355 7
356 0
357 0
358 -1
361 0
362 0
363 -1
364 -1
365 -1
366 12
367 0
368 0
369 0
370 -1
371 0
373 -1
375 0
377 -1
378 -1
379 -1
380 0
381 -1
382 0
383 -1
384 -1
385 0
386 0
387 0
389 -1
391 0
392 -1
393 0
394 8
395 0
396 0
397 0
398 0
400 -1
401 0
402 0
403 11
404 0
405 -1
406 -1
408 0
409 -1
410 -1
411 -1
412 0
413 -1
414 -1
415 0
416 9
417 -1
418 0
419 0
420 0
421 -1
422 0
423 0
424 -1
425 0
426 -1
427 -1
428 0
429 -1
430 -1
431 13
432 -1
433 0
434 -1
435 0
436 0
437 0
438 0
439 -1
440 -1
441 0
444 8
445 0
446 0
447 -1
448 -1
449 0
450 0
451 10
452 -1
453 -1
454 0
455 0
456 0
457 0
458 -1
459 0
460 -1
461 0
462 0
463 0
464 0
465 0
466 0
467 0
469 0
470 0
471 -1
472 0
473 -1
474 -1
475 -1
477 -1
478 0
479 0
480 -1
481 0
483 -1
484 0
485 0
486 0
487 -1
488 0
490 0
492 -1
493 0
495 0
496 -1
497 0
498 0
499 -1
500 -1
501 -1
502 0
503 0
504 -1
505 0
507 0
508 -1
509 0
510 0
511 -1
512 -1
513 0
514 0
516 -1
517 -1
518 0
520 0
521 -1
522 13
523 0
524 0
525 -1
527 0
528 -1
529 -1
530 0
531 0
532 0
533 0
534 0
535 -1
536 -1
537 0
538 0
539 0
540 0
541 -1
542 0
543 0
544 0
545 0
547 0
548 0
549 0
550 -1
551 0
552 -1
554 -1
555 26
556 0
557 0
558 -1
559 -1
560 0
561 -1
562 0
563 -1
564 0
565 -1
566 0
567 -1
568 -1
569 0
570 -1
571 -1
572 -1
573 0
574 0
575 0
576 -1
577 0
578 0
579 0
580 0
581 0
582 0
583 26
584 0
585 -1
586 -1
588 0
589 -1
590 -1
591 0
592 0
593 -1
594 -1
596 -1
597 -1
598 0
600 -1
601 -1
602 0
604 -1
606 0
607 0
608 0
609 -1
610 0
611 -1
612 0
614 -1
615 0
616 12
617 -1
619 -1
620 0
621 -1
622 -1
623 0
625 0
626 0
627 0
628 -1
629 -1
630 0
631 11
632 0
633 -1
634 -1
635 -1
636 9
637 -1
638 -1
639 -1
640 0
641 19
642 0
643 0
644 -1
645 0
647 14
648 27
649 0
650 1
651 -1
652 0
653 0
654 -1
655 13
656 0
657 -1
658 -1
659 0
660 -1
661 -1
663 -1
664 15
665 0
666 -1
668 -1
669 0
670 -1
671 0
672 -1
673 -1
674 0
675 -1
677 10
678 2
679 -1
680 0
681 -1
682 -1
683 -1
684 -1
685 0
686 24
688 0
689 0
690 11
691 0
692 0
693 5
694 0
695 0
696 0
697 -1
698 0
699 -1
700 0
701 -1
704 0
705 0
706 -1
708 0
709 -1
710 0
712 -1
713 0
714 -1
715 0
716 -1
717 -1
718 0
719 -1
720 0
721 0
722 0
723 -1
724 11
725 -1
726 -1
727 0
728 -1
729 0
730 -1
732 0
733 -1
734 -1
735 0
736 16
738 0
739 0
740 0
741 1
742 0
743 0
744 0
745 0
747 8
748 17
749 -1
750 -1
751 0
752 0
753 0
754 -1
755 -1
756 0
757 0
758 -1
759 -1
760 0
761 0
763 -1
764 0
765 -1
766 0
767 -1
768 13
770 0
771 18
772 -1
775 -1
776 -1
778 -1
779 6
780 -1
781 -1
782 0
783 0
784 4
785 0
786 0
787 -1
788 -1
789 -1
790 -1
791 -1
792 0
793 -1
794 0
795 0
796 0
798 0
800 -1
801 -1
802 0
803 -1
804 0
805 19
806 -1
807 -1
808 -1
810 0
812 -1
813 0
814 -1
815 12
816 0
817 -1
818 0
819 0
820 0
822 -1
823 -1
824 -1
827 0
828 -1
829 -1
831 0
833 -1
834 0
835 0
836 0
837 -1
838 0
839 -1
840 0
841 -1
842 -1
843 -1
844 -1
845 0
846 -1
847 17
848 -1
849 8
850 0
851 18
852 -1
853 0
854 -1
855 0
856 -1
857 0
858 -1
859 0
860 4
861 0
862 0
863 3
864 0
865 0
866 25
867 20
868 0
869 -1
870 0
871 0
872 -1
873 0
874 0
875 0
876 0
877 0
878 0
879 0
880 0
881 20
882 16
884 -1
885 0
886 0
887 -1
888 0
889 -1
890 0
891 -1
892 5
893 0
894 0
895 0
896 13
897 -1
899 0
900 0
901 0
902 -1
903 0
904 0
905 -1
906 -1
907 13
908 0
910 -1
911 -1
913 -1
914 -1
915 0
916 -1
917 0
918 0
919 -1
921 0
922 -1
923 0
925 21
927 0
928 0
930 -1
931 0
932 -1
933 0
934 0
935 -1
936 4
937 -1
938 0
939 10
940 0
941 0
942 -1
943 -1
944 -1
945 0
946 0
947 -1
948 0
950 0
951 0
952 0
953 0
955 0
956 -1
957 0
958 0
959 0
960 0
961 0
962 -1
963 -1
964 -1
965 0
966 0
967 0
968 -1
969 0
970 0
971 -1
972 -1
973 0
974 23
975 -1
976 0
977 -1
978 19
980 -1
981 18
982 -1
983 -1
984 -1
986 0
987 0
988 0
989 22
990 17
992 -1
994 -1
995 -1
996 -1
997 0
998 -1
999 0
1000 2
1001 0
1002 -1
1003 0
1004 -1
1005 19
1007 -1
1008 -1
1010 28
1011 0
1012 1
1013 25
1014 -1
1015 0
1016 0
1017 -1
1018 -1
1019 -1
1020 -1
1021 -1
1022 -1
1023 -1
1024 0
1025 0
1026 0
1027 0
1028 -1
1029 0
1030 0
1031 0
1032 -1
1033 0
1034 0
1035 18
1036 0
1038 -1
1039 7
1040 0
1041 0
1042 0
1043 -1
1044 -1
1045 -1
1046 0
1047 0
1048 -1
1049 0
1050 0
1052 -1
1053 15
1055 -1
1056 0
1059 -1
1060 0
1061 0
1062 0
1063 0
1064 -1
1065 0
1066 0
1067 0
1068 -1
1069 0
1070 0
1071 -1
1072 -1
1073 -1
1074 0
1075 21
1076 -1
1077 -1
1078 0
1079 0
1080 -1
1081 0
1082 0
1083 -1
1085 -1
1086 0
1087 0
1088 -1
1089 0
1091 0
1093 0
1094 0
1095 -1
1096 -1
1097 -1
1098 29
1099 -1
1100 24
1101 -1
1102 10
1103 -1
1104 -1
1105 2
1106 -1
1107 16
1108 -1
1109 0
1110 -1
1111 0
1112 -1
1113 -1
1114 -1
1115 0
1116 29
1117 -1
1118 -1
1119 0
1120 0
1121 -1
1122 -1
1123 0
1124 -1
1125 -1
1126 25
1128 -1
1129 3
1130 0
1131 -1
1132 0
1133 0
1134 -1
1135 -1
1137 0
1138 12
1139 0
1140 -1
1142 0
1143 0
1144 0
1145 -1
1147 -1
1148 0
1149 -1
1151 -1
1153 -1
1154 0
1155 -1
1156 0
1157 0
1158 0
1159 0
1160 0
1161 0
1162 0
1164 -1
1165 0
1166 0
1168 -1
1169 1
1170 -1
1171 0
1172 0
1173 0
1174 0
1175 -1
1177 -1
1178 -1
1180 0
1181 0
1182 4
1183 0
1184 11
1185 -1
1186 0
1187 -1
1188 -1
1189 -1
1190 -1
1191 -1
1193 -1
1194 -1
1195 0
1197 0
1199 -1
1200 0
1201 0
1203 -1
1204 -1
1205 -1
1207 -1
1208 0
1209 -1
1210 -1
1212 -1
1213 0
1214 -1
1215 -1
1217 -1
1218 21
1219 -1
1220 0
1221 -1
1222 -1
1223 0
1224 0
1225 0
1226 0
1227 -1
1228 0
1229 0
1230 0
1231 0
1232 -1
1233 11
1235 0
1236 -1
1237 -1
1238 23
1239 -1
1240 -1
1241 -1
1242 -1
1243 0
1244 0
1245 -1
1247 11
1248 0
1250 -1
1251 -1
1252 -1
1253 -1
1254 21
1256 -1
1257 0
1258 0
1259 0
1261 -1
1262 -1
1263 0
1264 13
1265 -1
1267 0
1268 0
1269 0
1270 0
1271 20
1272 0
1273 0
1274 -1
1275 -1
1277 -1
1278 0
1279 -1
1280 -1
1284 -1
1285 0
1286 0
1287 -1
1289 14
1290 -1
1291 0
1292 24
1294 0
1296 -1
1297 0
1298 -1
1299 0
1300 0
1302 0
1303 -1
1304 0
1305 -1
1306 0
1307 22
1308 0
1309 -1
1310 0
1311 -1
1312 -1
1313 -1
1314 -1
1315 -1
1316 0
1317 0
1318 0
1319 -1
1320 0
1321 0
1322 27
1323 0
1325 -1
1326 0
1328 -1
1329 -1
1330 -1
1331 14
1332 9
1334 -1
1335 -1
1336 20
1338 0
1339 0
1340 0
1341 0
1342 0
1343 0
1344 -1
1345 0
1346 0
1347 0
1348 -1
1349 0
1351 -1
1352 -1
1354 -1
1355 0
1356 0
1357 -1
1359 0
1360 -1
1363 0
1364 -1
1365 -1
1366 0
1367 0
1368 -1
1369 13
1371 0
1372 -1
1373 -1
1374 -1
1376 0
1377 0
1378 -1
1379 0
1381 0
1382 -1
1383 0
1384 -1
1385 0
1386 0
1387 0
1389 9
1390 0
1391 0
1392 15
1394 0
1395 -1
1396 -1
1399 0
1400 -1
1401 0
1402 0
1403 0
1404 28
1405 0
1406 -1
1407 -1
1408 0
1409 -1
1410 0
1413 0
1414 0
1415 8
1416 0
1417 -1
1419 0
1420 -1
1421 -1
1423 0
1424 23
1425 0
1426 -1
1427 10
1428 0
1429 19
1430 -1
1431 0
1432 0
1434 0
1436 0
1437 -1
1438 20
1439 -1
1440 -1
1441 6
1442 0
1443 0
1444 0
1445 -1
1446 -1
1447 -1
1448 -1
1449 0
1451 -1
1453 0
1455 -1
1457 -1
1458 0
1459 -1
1460 0
1461 -1
1462 25
1463 -1
1464 -1
1465 -1
1466 -1
1467 0
1468 0
1469 -1
1470 -1
1471 -1
1472 0
1473 -1
1474 -1
1475 0
1476 0
1477 9
1478 -1
1480 0
1482 -1
1483 -1
1485 -1
1486 0
1487 6
1488 0
1489 0
1490 0
1491 0
1493 0
1494 0
1495 -1
1496 -1
1497 8
1499 -1
1500 0
1501 0
1502 -1
1503 0
1504 0
1505 0
1506 -1
1507 -1
1508 0
1509 -1
1510 0
1511 -1
1513 0
1515 0
1516 -1
1517 -1
1518 -1
1519 -1
1520 -1
1522 0
1524 0
1525 -1
1526 26
1528 -1
1529 -1
1530 -1
1531 -1
1532 0
1533 0
1534 -1
1535 0
1536 0
1537 -1
1538 -1
1540 20
1542 13
1543 0
1544 10
1545 0
1546 0
1547 -1
1548 0
1551 -1
1552 0
1553 0
1554 0
1555 15
1558 -1
1559 -1
1560 -1
1561 0
1562 0
1563 0
1564 -1
1565 -1
1566 -1
1567 -1
1568 0
1569 -1
1570 0
1571 -1
1572 0
1573 16
1574 -1
1576 -1
1577 -1
1578 -1
1579 0
1581 0
1582 0
1583 12
1586 -1
1587 0
1589 26
1590 -1
1592 -1
1593 4
1594 22
1596 -1
1598 0
1599 0
1600 -1
1601 0
1602 -1
1604 0
1605 0
1606 0
1609 -1
1610 -1
1612 0
1613 -1
1614 8
1616 -1
1617 0
1619 0
1620 0
1621 -1
1622 7
1623 -1
1624 0
1626 0
1627 0
1628 -1
1629 0
1630 0
1631 0
1632 25
1633 -1
1634 0
1635 0
1637 -1
1638 0
1639 0
1640 0
1641 9
1643 0
1644 0
1645 -1
1647 0
1648 0
1650 -1
1652 0
1653 0
1654 0
1655 0
1656 -1
1657 -1
1658 0
1659 24
1660 3
1661 -1
1662 0
1663 13
1664 -1
1665 0
1666 -1
1667 -1
1668 -1
1669 -1
1670 -1
1671 -1
1672 -1
1673 -1
1674 0
1675 -1
1676 13
1678 -1
1680 -1
1681 0
1682 0
1684 -1
1685 -1
1686 11
1687 0
1688 0
1689 2
1690 0
1691 -1
1693 2
1694 0
1695 -1
1697 -1
1698 0
1699 0
1701 0
1702 20
1704 0
1706 -1
1707 -1
1709 0
1711 10
1712 -1
1713 -1
1714 -1
1715 0
1716 0
1717 0
1718 0
1719 0
1720 -1
1721 0
1722 0
1723 0
1724 4
1726 0
1727 0
1728 -1
1729 -1
1730 0
1732 0
1733 0
1734 0
1736 0
1737 0
1738 23
1739 17
1740 -1
1741 0
1743 0
1744 0
1745 6
1747 -1
1750 0
1751 -1
1753 -1
1754 -1
1755 0
1756 0
1758 -1
1759 -1
1760 -1
1761 23
1762 0
1763 0
1764 0
1765 0
1766 -1
1767 0
1768 -1
1769 0
1770 0
1771 18
1772 -1
1773 0
1774 -1
1775 -1
1776 0
1777 27
1778 0
1779 0
1780 0
1782 -1
1783 0
1784 0
1785 -1
1788 -1
1789 0
1790 13
1793 0
1794 -1
1797 0
1798 -1
1799 18
1800 0
1802 20
1803 -1
1804 -1
1805 -1
1809 0
1810 29
1811 -1
1813 0
1814 0
1815 -1
1816 -1
1817 5
1818 0
1819 0
1820 -1
1822 0
1823 -1
1824 0
1825 -1
1826 23
1827 -1
1828 17
1829 0
1831 0
1832 24
1833 0
1834 8
1835 -1
1838 -1
1840 0
1842 0
1843 -1
1844 -1
1845 0
1847 27
1848 -1
1849 0
1850 -1
1851 0
1852 -1
1853 -1
1854 0
1855 -1
1856 0
1857 -1
1858 -1
1862 -1
1863 15
1864 0
1865 0
1866 0
1867 -1
1868 -1
1869 -1
1870 0
1871 -1
1873 -1
1874 -1
1875 0
1876 0
1877 0
1878 13
1879 24
1880 0
1881 0
1882 0
1884 0
1885 -1
1886 -1
1887 -1
1888 -1
1889 0
1890 -1
1891 -1
1892 0
1893 22
1894 11
1895 -1
1897 -1
1898 0
1899 -1
1900 -1
1901 -1
1902 0
1904 30
1906 0
1907 -1
1910 0
1913 -1
1914 0
1915 -1
1917 0
1918 -1
1919 1
1921 0
1922 0
1923 -1
1924 0
1925 0
1926 0
1928 0
1929 -1
1930 0
1931 0
1933 0
1934 -1
1936 0
1937 0
1938 -1
1939 -1
1940 13
1941 0
1942 -1
1943 -1
1944 -1
1946 0
1947 0
1948 0
1949 -1
1950 -1
1951 -1
1952 0
1953 -1
1955 0
1956 -1
1957 -1
1959 21
1960 0
1962 -1
1963 -1
1966 -1
1967 12
1968 0
1969 -1
1971 0
1972 -1
1973 -1
1974 -1
1975 0
1976 0
1977 30
1978 0
1979 21
1980 0
1981 -1
1982 25
1983 -1
1984 -1
1985 -1
1986 0
1987 -1
1989 5
1991 0
1992 20
1993 0
1994 21
1995 0
1996 -1
1997 0
1998 -1
1999 0
2000 -1
2001 -1
2002 0
2003 -1
2004 0
2005 19
2006 0
2007 0
2008 -1
2009 -1
2010 0
2011 -1
2012 -1
2014 0
2015 27
2016 0
2017 0
2019 26
2020 0
2021 0
2022 21
2024 0
2025 0
2027 0
2028 0
2029 0
2030 -1
2031 -1
2032 -1
2033 0
2035 0
2036 0
2040 -1
2041 -1
2042 -1
2045 -1
2046 0
2047 0
2051 -1
2053 -1
2054 -1
2055 -1
2057 0
2058 0
2059 -1
2060 -1
2061 -1
2062 0
2065 -1
2067 0
2068 0
2071 -1
2072 -1
2073 0
2074 0
2075 0
2076 -1
2077 -1
2078 -1
2079 -1
2081 -1
2083 0
2084 -1
2085 -1
2086 -1
2087 0
2088 -1
2090 -1
2091 -1
2092 -1
2093 -1
2094 -1
2095 -1
2096 0
2097 -1
2098 -1
2099 -1
2100 -1
2101 0
2102 -1
2103 0
2105 -1
2106 0
2107 0
2108 0
2109 -1
2110 0
2111 0
2113 -1
2115 -1
2116 0
2118 0
2119 0
2121 -1
2122 0
2123 0
2124 0
2125 0
2126 0
2127 0
2128 0
2129 0
2130 0
2131 0
2132 -1
2133 0
2134 -1
2135 0
2140 0
2141 0
2142 0
2143 0
2146 -1
2147 0
2148 -1
2150 0
2152 0
2153 0
2154 -1
2155 0
2156 0
2157 0
2158 -1
2159 0
2161 22
2162 0
2163 11
2164 0
2165 -1
2166 0
2167 -1
2168 0
2169 0
2170 0
2171 0
2173 10
2174 0
2178 0
2179 0
2182 0
2183 -1
2184 -1
2185 0
2186 21
2187 0
2188 6
2189 -1
2190 -1
2191 -1
2192 -1
2193 0
2194 -1
2195 13
2197 -1
2200 -1
2202 0
2204 0
2205 -1
2206 -1
2207 -1
2210 -1
2211 0
2213 0
2214 -1
2217 -1
2218 -1
2220 0
2221 0
2223 -1
2224 -1
2226 -1
2227 -1
2228 -1
2229 0
2231 0
2232 0
2233 -1
2234 0
2235 -1
2236 -1
2237 -1
2239 -1
2240 -1
2241 -1
2244 -1
2245 0
2246 -1
2248 -1
2249 -1
2251 -1
2252 0
2253 -1
2255 -1
2256 0
2257 0
2258 0
2259 -1
2260 28
2261 0
2262 0
2263 -1
2265 0
2266 0
2267 0
2268 -1
2269 -1
2270 0
2271 -1
2272 -1
2273 0
2274 -1
2275 0
2276 -1
2277 -1
2278 0
2280 0
2281 0
2282 -1
2284 -1
2285 -1
2286 -1
2287 0
2288 -1
2290 -1
2291 0
2292 0
2294 0
2298 -1
2299 -1
2300 0
2302 -1
2303 0
2304 0
2305 0
2306 0
2307 0
2308 15
2309 0
2310 -1
2311 0
2312 0
2314 -1
2315 0
2316 0
2317 26
2318 0
2320 -1
2323 -1
2324 0
2325 0
2327 0
2329 8
2331 0
2332 -1
2334 0
2335 -1
2336 -1
2337 0
2338 -1
2339 0
2340 15
2341 0
2342 0
2343 0
2344 -1
2345 20
2346 0
2350 0
2351 0
2353 0
2354 0
2355 -1
2356 -1
2357 -1
2359 0
2360 5
2361 0
2362 -1
2363 -1
2364 -1
2365 0
2367 -1
2368 0
2369 7
2370 0
2371 0
2372 -1
2373 0
2374 -1
2376 0
2379 0
2381 18
2383 0
2385 0
2386 0
2387 0
2389 0
2390 0
2391 0
2393 0
2395 0
2397 -1
2398 -1
2399 0
2400 -1
2401 0
2402 -1
2403 0
2404 -1
2405 11
2406 0
2407 4
2408 0
2409 -1
2410 -1
2411 0
2413 0
2414 0
2415 0
2418 0
2419 0
2420 0
2421 -1
2422 0
2424 -1
2425 0
2427 -1
2428 -1
2429 12
2430 0
2431 0
2432 0
2433 23
2434 0
2438 0
2440 0
2441 0
2442 0
2443 0
2445 0
2446 -1
2448 0
2449 -1
2450 0
2451 21
2452 0
2455 28
2457 -1
2459 0
2460 0
2461 0
2462 0
2463 0
2464 0
2467 0
2468 -1
2471 0
2472 0
2473 0
2474 0
2476 -1
2478 0
2480 0
2482 13
2483 2
2484 -1
2485 -1
2486 29
2488 -1
2489 0
2490 -1
2491 0
2492 -1
2493 -1
2494 -1
2495 0
2496 -1
2498 -1
2499 -1
2501 26
2502 0
2503 0
2504 0
2505 0
2506 -1
2507 7
2508 -1
2510 -1
2511 0
2512 0
2513 0
2514 5
2516 0
2517 0
2518 0
2519 0
2520 -1
2521 -1
2522 -1
2524 0
2525 0
2528 0
2529 -1
2531 0
2533 17
2534 -1
2536 -1
2537 0
2538 0
2539 -1
2540 -1
2541 -1
2542 -1
2543 -1
2545 -1
2547 -1
2548 17
2549 -1
2550 27
2551 0
2552 6
2553 0
2557 -1
2558 -1
2560 -1
2561 -1
2563 -1
2565 -1
2567 0
2569 -1
2570 -1
2572 0
2574 -1
2576 -1
2579 0
2580 0
2583 -1
2584 0
2585 0
2586 0
2587 -1
2588 -1
2589 0
2590 -1
2591 4
2592 0
2595 -1
2596 0
2597 0
2598 -1
2599 -1
2601 0
2602 0
2604 0
2605 0
2606 0
2607 0
2608 0
2609 -1
2610 0
2612 0
2614 -1
2615 0
2617 0
2618 11
2619 -1
2620 -1
2621 -1
2623 -1
2624 0
2625 0
2626 0
2627 0
2628 -1
2632 -1
2633 6
2634 -1
2635 -1
2636 -1
2637 -1
2638 -1
2639 -1
2640 -1
2642 0
2643 -1
2644 -1
2646 -1
2648 0
2650 -1
2652 0
2653 -1
2654 0
2657 0
2660 -1
2662 -1
2664 0
2666 0
2667 0
2668 0
2670 0
2671 22
2672 0
2673 0
2674 0
2676 11
2678 0
2679 0
2680 0
2681 0
2682 0
2683 0
2685 0
2686 11
2687 -1
2688 0
2689 14
2690 0
2691 0
2692 0
2693 0
2694 0
2695 -1
2697 -1
2698 0
2701 0
2702 0
2704 -1
2705 0
2707 0
2709 12
2710 0
2711 0
2715 -1
2716 -1
2717 -1
2718 -1
2719 0
2720 -1
2721 8
2722 -1
2723 0
2724 -1
2725 -1
2726 2
2728 0
2729 0
2731 -1
2732 0
2733 0
2737 -1
2738 27
2739 0
2741 -1
2743 0
2744 0
2745 27
2747 0
2748 -1
2749 -1
2750 -1
2751 0
2752 22
2753 30
2755 18
2756 -1
2758 -1
2759 0
2760 0
2762 -1
2763 -1
2764 -1
2765 21
2768 0
2772 -1
2773 0
2775 10
2776 0
2777 -1
2778 0
2779 -1
2780 0
2783 -1
2785 -1
2786 -1
2787 -1
2788 -1
2789 20
2791 -1
2792 0
2794 -1
2795 0
2796 -1
2798 -1
2799 -1
2801 0
2802 0
2803 0
2804 28
2806 0
2807 -1
2809 -1
2811 -1
2812 -1
2813 14
2815 0
2816 -1
2817 0
2818 0
2820 -1
2821 -1
2822 0
2823 0
2825 -1
2826 0
2830 20
2831 0
2832 0
2833 0
2834 -1
2835 0
2838 0
2839 0
2840 0
2843 0
2844 -1
2845 -1
2846 -1
2848 -1
2849 -1
2850 0
2851 -1
2854 -1
2856 -1
2857 -1
2858 0
2859 -1
2862 -1
2863 -1
2866 0
2867 0
2868 -1
2869 -1
2870 0
2871 0
2872 0
2873 -1
2874 -1
2875 -1
2878 -1
2879 -1
2880 -1
2882 0
2883 0
2884 0
2886 0
2887 0
2888 -1
2889 1
2890 0
2892 -1
2894 -1
2895 -1
2896 1
2898 -1
2899 -1
2900 0
2902 21
2904 -1
2906 -1
2908 0
2909 0
2912 -1
2914 0
2916 -1
2917 0
2918 -1
2920 0
2921 0
2923 0
2925 0
2927 0
2928 0
2930 0
2931 0
2932 0
2933 -1
2934 0
2936 -1
2937 0
2939 0
2940 28
2941 15
2942 -1
2943 -1
2944 -1
2945 0
2946 0
2947 0
2948 0
2950 0
2951 0
2952 0
2954 -1
2955 0
2956 -1
2957 -1
2959 0
2960 0
2961 -1
2962 0
2963 0
2964 0
2965 0
2968 -1
2970 0
2971 0
2972 0
2973 0
2974 0
2975 10
2976 0
2979 -1
2980 16
2986 -1
2987 0
2988 0
2989 10
2990 0
2991 0
2993 0
2995 0
2996 0
2997 -1
2999 0
3000 -1
3001 -1
3002 0
3003 0
3004 0
3005 -1
3006 0
3008 0
3009 -1
3010 1
3011 0
3012 0
3013 0
3014 0
3015 0
3016 -1
3017 -1
3021 0
3022 0
3023 0
3024 -1
3025 -1
3027 7
3028 -1
3029 -1
3030 -1
3031 -1
3032 -1
3033 0
3036 0
3038 0
3039 -1
3041 -1
3042 -1
3043 -1
3044 27
3045 0
3046 -1
3049 -1
3050 17
3051 -1
3052 -1
3053 0
3055 0
3056 0
3057 -1
3058 0
3061 -1
3062 0
3063 -1
3064 -1
3065 0
3066 0
3068 29
3069 0
3070 0
3071 -1
3072 0
3076 0
3077 2
3078 0
3079 0
3081 -1
3082 0
3085 0
3086 0
3087 -1
3091 -1
3092 -1
3094 -1
3095 0
3096 0
3097 -1
3098 0
3099 -1
3100 -1
3101 0
3102 0
3103 0
3104 0
3105 -1
3106 -1
3107 0
3112 0
3113 0
3114 0
3115 -1
3116 -1
3117 -1
3118 -1
3119 -1
3120 -1
3121 -1
3122 0
3123 0
3124 0
3125 0
3127 0
3128 0
3129 0
3130 0
3131 -1
3132 0
3133 0
3134 0
3135 0
3136 0
3137 0
3139 -1
3140 -1
3141 -1
3144 0
3145 0
3146 0
3147 0
3149 0
3152 0
3153 -1
3155 -1
3156 -1
3157 -1
3158 0
3160 0
3161 0
3162 0
3163 0
3165 -1
3166 -1
3168 0
3169 -1
3170 -1
3171 -1
3172 0
3173 0
3174 -1
3175 -1
3176 -1
3177 -1
3179 0
3180 0
3181 0
3183 0
3184 0
3185 0
3186 -1
3187 0
3190 -1
3191 22
3192 -1
3193 0
3194 0
3195 0
3196 -1
3197 0
3198 -1
3199 26
3200 -1
3202 0
3203 -1
3205 -1
3206 -1
3207 -1
3210 0
3211 -1
3212 -1
3214 0
3215 0
3216 0
3218 -1
3219 -1
3220 0
3224 -1
3225 -1
3226 0
3227 -1
3228 -1
3229 -1
3230 -1
3231 -1
3232 0
3233 0
3235 -1
3236 0
3237 12
3238 12
3239 0
3240 0
3241 0
3242 0
3243 -1
3245 -1
3247 0
3248 0
3249 0
3250 0
3251 -1
3252 -1
3253 0
3254 0
3255 0
3257 0
3258 0
3259 -1
3260 -1
3261 0
3262 0
3263 0
3265 0
3266 0
3269 -1
3272 0
3275 7
3277 -1
3278 -1
3279 0
3281 0
3282 -1
3284 6
3287 0
3288 0
3289 0
3290 -1
3291 0
3292 27
3293 27
3294 0
3295 -1
3296 0
3298 -1
3299 0
3301 0
3302 0
3304 -1
3305 0
3306 0
3307 0
3308 -1
3309 -1
3310 0
3313 0
3315 24
3316 -1
3318 0
3319 0
3320 0
3321 -1
3323 0
3324 0
3325 -1
3327 0
3328 0
3329 -1
3330 -1
3332 -1
3333 5
3334 0
3335 -1
3336 -1
3337 -1
3338 0
3339 0
3340 0
3341 -1
3345 -1
3346 -1
3348 -1
3349 -1
3351 8
3352 -1
3353 -1
3354 0
3355 0
3357 -1
3358 -1
3360 -1
3361 0
3362 0
3363 0
3364 0
3365 0
3367 -1
3368 0
3369 -1
3370 0
3371 0
3372 0
3374 0
3375 0
3376 -1
3377 0
3378 0
3379 0
3380 3
3381 3
3384 0
3385 -1
3387 -1
3388 -1
3389 0
3390 -1
3391 0
3392 0
3393 0
3394 -1
3396 0
3397 0
3398 30
3399 21
3403 0
3404 0
3405 0
3407 -1
3408 -1
3409 0
3410 0
3413 -1
3415 -1
3416 0
3417 0
3419 0
3420 0
3423 -1
3424 0
3425 -1
3426 0
3427 0
3428 -1
3429 -1
3430 0
3432 -1
3433 0
3434 -1
3435 14
3436 -1
3439 -1
3441 -1
3442 -1
3443 28
3445 -1
3446 4
3447 -1
3448 -1
3449 -1
3451 0
3452 -1
3453 0
3454 0
3455 0
3456 0
3457 -1
3459 0
3460 0
3461 0
3462 19
3463 0
3465 -1
3466 -1
3467 0
3468 -1
3469 -1
3471 -1
3472 0
3473 0
3474 -1
3475 -1
3476 1
3477 -1
3478 -1
3479 -1
3480 -1
3481 -1
3482 0
3484 -1
3487 -1
3488 -1
3489 0
3490 -1
3493 0
3494 0
3496 0
3497 0
3498 0
3499 17
3501 0
3502 0
3503 0
3504 0
3506 -1
3507 -1
3508 0
3509 -1
3510 0
3511 -1
3512 -1
3513 -1
3514 -1
3515 0
3516 0
3517 0
3518 0
3520 0
3521 0
3522 0
3523 0
3526 0
3528 0
3529 0
3530 0
3531 8
3532 0
3533 0
3534 0
3535 -1
3536 0
3537 0
3538 0
3540 0
3541 0
3542 -1
3543 -1
3544 9
3546 0
3548 0
3549 0
3550 0
3551 -1
3552 13
3553 0
3554 0
3555 0
3556 -1
3557 0
3558 0
3559 0
3560 0
3562 0
3563 13
3564 0
3567 0
3568 7
3569 -1
3571 0
3572 -1
3573 -1
3574 0
3575 -1
3576 -1
3577 0
3579 0
3580 0
3581 -1
3582 -1
3583 0
3584 -1
3585 -1
3589 0
3590 -1
3591 -1
3592 -1
3594 -1
3596 0
3597 0
3598 -1
3600 -1
3601 -1
3603 -1
3604 1
3606 0
3607 0
3608 -1
3609 0
3610 0
3611 0
3612 -1
3613 -1
3614 -1
3615 -1
3616 -1
3618 0
3619 0
3620 0
3621 -1
3623 0
3624 0
3625 0
3627 0
3628 -1
3631 8
3632 0
3633 0
3635 -1
3636 0
3637 0
3638 -1
3639 -1
3640 -1
3641 0
3643 0
3645 -1
3647 0
3648 0
3649 0
3651 0
3652 0
3653 0
3655 -1
3656 0
3658 0
3659 -1
3660 0
3661 0
3662 0
3663 -1
3665 -1
3666 -1
3667 -1
3668 0
3669 -1
3670 -1
3671 0
3672 -1
3673 0
3674 0
3676 0
3677 0
3678 0
3680 0
3681 0
3682 0
3683 0
3684 0
3685 0
3686 0
3687 0
3688 0
3689 0
3690 -1
3691 -1
3692 0
3693 0
3694 1
3695 0
3696 -1
3697 -1
3698 0
3699 -1
3701 0
3702 17
3703 -1
3704 -1
3705 0
3706 0
3707 0
3708 27
3710 0
3712 -1
3713 -1
3714 0
3715 0
3716 -1
3717 0
3718 0
3719 0
3720 0
3721 0
3722 -1
3723 0
3725 0
3726 0
3727 -1
3728 0
3729 0
3731 -1
3732 0
3733 0
3734 0
3735 0
3737 0
3738 0
3739 0
3740 -1
3741 -1
3742 -1
3743 -1
3744 0
3745 0
3746 0
3747 0
3748 0
3750 -1
3751 -1
3752 -1
3753 0
3754 0
3755 0
3756 0
3758 -1
3759 -1
3761 -1
3762 0
3763 0
3765 -1
3766 0
3768 0
3769 0
3770 0
3771 0
3772 16
3773 16
3774 0
3775 0
3777 0
3778 -1
3779 13
3780 13
3781 0
3784 -1
3785 0
3789 0
3791 3
3792 0
3793 0
3795 0
3796 0
3797 -1
3799 0
3800 0
3801 0
3803 0
3804 -1
3807 0
3808 0
3809 0
3810 0
3811 0
3812 0
3815 0
3816 0
3817 0
3818 -1
3819 0
3820 0
3821 0
3822 0
3823 0
3824 26
3825 0
3827 -1
3828 -1
3829 -1
3830 0
3831 0
3832 0
3834 0
3835 0
3837 -1
3838 0
3839 0
3841 0
3842 -1
3843 18
3844 0
3845 0
3846 0
3847 0
3848 0
3849 1
3850 0
3851 -1
3852 0
3853 0
3854 0
3855 -1
3856 0
3857 -1
3858 27
3860 0
3861 0
3862 0
3863 0
3864 0
3865 0
3866 0
3868 0
3869 -1
3870 0
3871 19
3872 19
3873 0
3875 -1
3876 -1
3877 -1
3879 0
3880 0
3881 0
3882 0
3884 0
3885 0
3886 0
3887 0
3888 0
3889 0
3890 -1
3891 0
3892 0
3895 12
3896 0
3897 0
3898 0
3899 0
3900 0
3901 0
3902 0
3903 0
3904 0
3907 -1
3908 0
3909 0
3910 0
3911 -1
3912 0
3913 0
3914 0
3915 0
3916 0
3917 0
3918 0
3919 0
3920 0
3921 1
3922 -1
3923 -1
3924 0
3925 -1
3926 -1
3927 6
3928 6
3929 -1
3930 0
3931 0
3932 29
3933 0
3934 0
3935 0
3936 -1
3937 0
3938 0
3939 0
3940 0
3941 0
3942 -1
3943 0
3944 0
3945 0
3947 -1
3948 0
3949 -1
3950 -1
3951 0
3953 0
3954 0
3955 0
3957 0
3958 0
3960 0
3961 0
3964 0
3965 0
3966 0
3967 0
3968 0
3969 0
3970 0
3971 -1
3972 0
3973 0
3974 0
3977 0
3978 0
3979 -1
3980 -1
3981 0
3982 0
3983 0
3985 0
3986 0
3987 0
3988 0
3991 0
3992 0
3993 0
3994 0
3995 0
3996 0
3997 0
3998 0
4000 0
4001 -1
4003 -1
4004 0
4006 -1
4007 0
4008 0
4009 13
4010 13
4011 0
4012 0
4013 0
4014 0
4015 0
4018 0
4019 13
4020 0
4021 0
4022 0
4023 0
4025 0
4026 0
4027 0
4029 0
4032 3
4033 0
4034 0
4035 0
4036 0
4037 0
4038 -1
4039 -1
4040 0
4041 0
4042 -1
4043 -1
4044 -1
4045 -1
4046 0
4047 0
4048 0
4049 0
4050 0
4051 1
4052 -1
4053 0
4056 0
4058 0
4059 0
4060 10
4061 30
4062 -1
4063 0
4064 0
4065 0
4066 0
4067 0
4068 0
4071 0
4072 -1
4073 0
4074 0
4075 0
4076 0
4077 0
4078 0
4079 -1
4081 0
4082 -1
4084 0
4085 0
4086 0
4087 0
4089 0
4090 0
4091 0
4094 0
4095 0
4096 -1
4098 -1
4099 0
4100 -1
4101 0
4102 -1
4103 -1
4104 0
4105 0
4106 0
4108 0
4109 -1
4110 28
4112 -1
4113 0
4114 0
4116 0
4117 0
4118 0
4119 -1
4120 -1
4121 0
4122 0
4123 12
4124 0
4125 -1
4127 -1
4128 -1
4129 0
4130 0
4132 0
4133 0
4134 -1
4135 0
4138 0
4139 0
4140 0
4141 -1
4142 0
4143 0
4144 0
4145 0
4146 0
4147 0
4148 0
4149 0
4152 0
4154 0
4155 0
4156 -1
4157 -1
4158 0
4159 6
4160 6
4162 0
4163 0
4165 0
4166 0
4167 0
4168 0
4170 0
4171 0
4172 0
4173 -1
4174 0
4175 0
4177 0
4178 0
4179 0
4180 0
4181 0
4182 0
4183 0
4184 0
4185 0
4186 0
4187 0
4189 -1
4191 0
4192 0
4193 0
4194 0
4195 0
4196 0
4197 -1
4198 0
4199 -1
4200 0
4201 0
4202 -1
4203 0
4204 0
4205 0
4207 0
4208 -1
4209 0
4210 0
4211 0
4212 0
4213 0
4214 -1
4215 0
4217 0
4218 0
4219 0
4220 0
4221 0
4222 -1
4223 0
4224 0
4225 -1
4226 0
4227 0
4228 0
4229 0
4230 0
4231 0
4232 -1
4233 0
4234 0
4235 -1
4237 0
4238 -1
4239 0
4240 0
4241 0
4242 0
4243 -1
4244 0
4245 -1
4247 0
4248 0
4249 0
4250 -1
4251 0
4252 0
4253 0
4255 0
4256 0
4257 0
4258 0
4259 0
4260 0
4261 0
4262 0
4263 0
4264 0
4265 -1
4266 -1
4267 0
4268 0
4269 0
4270 0
4272 -1
4273 0
4274 0
4275 0
4276 0
4277 -1
4278 -1
4279 0
4280 0
4281 0
4282 0
4283 0
4284 -1
4285 -1
4286 0
4288 0
4289 0
4290 -1
4292 -1
4294 30
4295 -1
4296 0
4297 0
4298 -1
4300 0
4301 0
4302 26
4303 -1
4304 0
4305 0
4306 0
4307 -1
4308 0
4309 0
4310 0
4312 -1
4313 0
4314 0
4315 0
4316 0
4317 0
4318 0
4319 0
4320 0
4321 0
4322 0
4323 -1
4324 0
4325 0
4326 -1
4327 0
4328 0
4329 -1
4330 0
4334 0
4336 -1
4337 14
4338 0
4339 0
4340 -1
4341 0
4342 0
4343 0
4344 0
4345 0
4346 0
4347 0
4348 0
4349 0
4350 0
4351 0
4352 0
4353 0
4354 0
4355 0
4356 -1
4357 0
4358 0
4359 0
4360 0
4361 0
4362 0
4363 0
4364 0
4365 0
4366 0
4367 0
4368 0
4369 -1
4370 -1
4371 -1
4372 0
4373 0
4374 0
4375 -1
4376 0
4377 0
4378 0
4379 0
4380 -1
4381 0
4382 0
4383 0
4384 0
4385 0
4386 0
4387 0
4388 0
4389 -1
4390 1
4391 0
4392 -1
4393 0
4394 -1
4395 0
4396 0
4397 0
4398 0
4399 0
4400 0
4401 0
4402 0
4403 0
4404 0
4405 0
4406 0
4407 0
4408 0
4409 -1
4410 0
4411 0
4412 0
4413 0
4414 0
4415 0
4416 0
4417 0
4418 0
4419 0
4420 0
4421 -1
4422 0
4423 0
4424 0
4425 0
4426 0
4427 0
4428 0
4429 0
4430 -1
4431 0
4432 0
4433 0
4434 -1
4435 0
4436 2
4437 2
4438 0
4439 0
4440 0
4441 0
4442 0
4443 0
4444 0
4445 -1
4446 0
4447 0
4448 0
4449 -1
4450 0
4451 0
4452 0
4453 0
4454 0
4455 -1
4456 0
4457 0
4458 0
4459 0
4460 0
4461 -1
4462 0
4463 0
4464 0
4465 0
4466 0
4467 -1
4468 25
4469 0
4470 0
4471 0
4472 0
4473 0
4474 0
4475 -1
4476 0
4477 -1
4478 -1
4479 0
4480 0
4481 0
4482 -1
4483 0
4484 -1
4485 -1
4486 0
4487 0
4488 0
4489 0
4490 0
4491 23
4492 23
4493 0
4494 0
4495 0
4496 0
4497 0
4498 0
4499 0
4500 0
4501 0
4502 0
4503 0
4504 0
4505 -1
4506 0
4507 0
4508 0
4509 0
4510 -1
4511 0
4512 0
4513 0
4514 -1
4515 0
4516 0
4517 -1
4518 0
4519 0
4520 0
4521 0
4522 0
4523 0
4524 0
4525 0
4526 0
4527 30
4528 30
4529 -1
4530 -1
4531 0
4532 0
4533 21
4534 0
4535 0
4536 0
4537 0
4538 0
4539 0
4540 0
4541 0
4542 0
4543 0
4544 0
4545 0
4546 0
4547 0
4548 0
4549 0
4550 0
4551 -1
4552 0
4553 0
4554 0
4555 14
4556 0
4557 0
4558 -1
4559 -1
4560 4
4561 0
4562 0
4563 0
4564 0
4565 0
4566 0
4567 0
4568 0
4569 0
4570 12
4571 12
4572 0
4573 -1
4574 -1
4575 -1
4576 0
4577 -1
