0 10
1 10
2 20
3 90
4 44
5 160
6 122
7 103
8 51
9 231
10 79
11 30
12 231
13 66
14 31
15 37
16 245
17 199
18 20
19 96
20 10
21 204
22 141
23 236
24 153
25 36
26 221
27 89
28 122
29 109
30 96
31 194
32 69
33 79
34 55
35 60
36 33
37 224
38 244
39 124
40 60
41 6
42 154
43 181
44 168
45 239
46 35
47 218
48 196
49 222
50 150
51 101
52 199
53 43
54 105
55 10
56 105
57 142
58 86
59 10
60 139
61 45
62 160
63 211
64 129
65 88
66 183
67 120
68 121
69 10
70 166
71 182
72 158
73 19
74 171
75 193
76 68
77 55
78 27
79 215
80 95
81 116
82 36
83 24
84 96
85 235
86 98
87 211
88 121
89 130
90 238
91 131
92 230
93 205
94 153
95 227
96 132
97 219
98 79
99 112
100 9
101 218
102 234
103 45
104 93
105 6
106 198
107 186
108 24
109 56
110 160
111 121
112 57
113 207
114 38
115 186
116 40
118 10
119 233
120 27
121 0
122 221
123 149
124 109
125 108
126 214
127 39
128 0
129 129
130 124
131 82
132 8
133 121
134 217
135 233
136 146
137 164
138 228
139 34
140 86
141 29
142 33
143 187
144 71
145 46
146 153
147 196
148 193
149 208
150 242
151 235
152 103
153 208
154 134
155 1
156 230
157 231
158 15
159 231
160 119
161 201
162 82
163 110
164 157
165 231
166 163
167 77
168 34
169 62
170 92
171 249
172 190
173 121
174 209
175 85
176 81
177 1
178 34
179 14
180 129
181 193
182 230
183 190
184 88
185 150
186 207
187 149
188 69
189 230
190 142
191 92
192 26
193 219
194 158
195 42
196 145
197 68
198 76
199 114
200 188
201 161
202 215
203 121
204 104
206 205
207 218
208 10
209 103
210 184
211 231
212 230
213 82
214 141
215 52
216 130
217 104
218 142
219 202
220 3
221 186
222 64
223 232
224 55
225 18
226 138
227 151
228 112
229 125
230 246
231 123
232 10
233 224
234 56
235 176
236 201
237 75
239 103
240 120
241 118
242 170
243 54
244 50
245 212
246 81
247 213
248 10
249 10
250 145
251 35
252 237
253 210
254 201
255 33
256 34
257 125
258 122
259 10
260 207
261 148
262 116
263 60
264 36
265 243
266 76
267 186
268 10
269 138
271 175
272 177
273 17
274 218
275 184
276 40
277 232
278 57
280 33
281 44
282 181
283 160
284 165
285 19
286 191
287 10
288 83
289 90
290 155
291 246
292 99
293 63
294 128
295 227
296 8
297 104
298 10
299 26
300 10
301 53
303 60
304 233
305 199
306 155
307 144
308 63
309 34
310 184
311 31
312 31
313 237
314 196
315 248
316 60
317 8
318 153
319 102
320 231
321 21
322 205
323 166
324 104
325 159
326 175
327 10
328 104
329 238
330 190
331 88
332 39
333 16
334 141
335 200
336 62
337 10
338 34
339 20
340 12
341 109
342 78
343 118
344 34
345 10
346 186
347 10
348 4
349 66
350 112
351 53
352 186
353 59
354 99
355 17
356 124
357 196
358 149
361 1
362 188
363 221
364 6
365 17
366 55
367 158
368 183
369 10
370 123
371 217
372 238
373 149
374 240
375 237
376 116
377 238
378 209
379 82
380 232
381 142
382 104
383 104
384 101
385 215
386 41
387 199
388 235
389 240
391 105
392 7
393 44
394 211
395 103
396 103
397 14
398 227
399 86
400 204
401 229
402 221
403 147
404 158
405 48
406 182
407 44
408 129
409 87
410 64
411 181
412 132
413 118
414 2
415 226
416 10
417 209
418 186
419 122
420 5
421 90
422 134
423 1
424 23
425 36
426 21
427 53
428 238
429 190
430 62
431 61
432 120
433 18
434 3
435 10
436 19
437 122
438 101
439 83
440 147
441 175
443 10
444 191
445 167
446 64
447 70
448 48
449 171
450 52
451 116
452 245
453 170
454 119
455 124
456 219
457 240
458 88
459 1
460 44
461 248
462 10
463 169
464 10
465 10
466 211
467 176
468 186
469 183
470 67
471 63
472 190
473 54
474 42
475 192
476 123
477 41
478 68
479 121
480 86
481 64
482 149
483 22
484 10
485 10
486 109
487 189
488 42
490 19
491 104
492 124
493 129
494 117
495 41
496 241
497 29
498 30
499 161
500 42
501 27
502 171
503 74
504 42
505 220
506 29
507 143
508 36
509 53
510 124
511 143
512 2
513 220
514 8
515 53
516 234
517 189
518 116
519 122
520 34
521 210
522 61
523 78
524 68
525 67
526 204
527 97
528 16
529 150
530 1
531 4
532 18
533 151
534 125
535 74
536 86
537 34
538 122
539 176
540 8
541 59
542 117
543 124
544 65
545 232
546 109
547 53
548 64
549 77
550 143
551 242
552 138
554 96
555 80
556 42
557 83
558 181
559 71
560 62
561 15
562 24
563 139
564 84
565 194
566 167
567 124
568 71
569 98
570 156
571 127
572 190
573 177
574 8
575 125
576 25
577 73
578 10
579 75
580 10
581 227
582 68
583 80
584 197
585 246
586 26
588 96
589 183
590 185
591 65
592 175
593 174
594 62
596 75
597 92
598 19
599 220
600 229
601 248
602 125
603 109
604 239
605 108
606 81
607 105
608 239
609 212
610 186
611 171
612 217
613 158
614 240
615 230
616 55
617 50
618 219
619 160
620 194
621 248
622 246
623 193
624 60
625 217
626 117
627 193
628 184
629 53
630 149
631 4
632 176
633 43
634 71
635 211
636 9
637 34
638 103
639 164
640 221
641 247
642 168
643 100
644 62
645 112
647 114
648 27
649 201
650 229
651 130
652 124
653 66
654 122
655 178
656 215
657 54
658 170
659 14
660 41
661 31
662 15
663 237
664 41
665 34
666 166
667 138
668 229
669 31
670 150
671 186
672 100
673 101
674 42
675 19
676 104
677 118
678 28
679 223
680 205
681 218
682 42
683 136
684 70
685 146
686 68
688 10
689 149
690 123
691 226
692 121
693 42
694 8
695 155
696 199
697 64
698 193
699 226
700 247
701 190
702 33
703 196
704 229
705 105
706 176
707 201
708 34
709 26
710 63
711 220
712 60
713 208
714 231
715 55
716 25
717 204
718 240
719 157
720 112
721 36
722 64
723 21
724 4
725 156
726 64
727 196
728 69
729 160
730 176
731 86
732 194
733 171
734 20
735 52
736 11
737 122
738 34
739 149
740 215
741 51
742 140
743 9
744 64
745 186
746 121
747 232
748 210
749 128
750 97
751 10
752 187
753 164
754 237
755 60
756 186
757 14
758 141
759 168
760 235
761 84
763 34
764 231
765 120
766 8
767 124
768 61
769 238
770 129
771 111
772 200
773 33
774 109
775 201
776 80
777 183
778 125
779 130
780 169
781 176
782 109
783 188
784 229
785 72
786 43
787 121
788 150
789 114
790 41
791 145
792 84
793 155
794 157
795 10
796 171
797 238
798 140
799 90
800 16
801 57
802 165
803 91
804 138
805 162
806 67
807 139
808 99
809 68
810 10
811 89
812 43
813 215
814 170
815 55
816 129
817 58
818 84
819 186
820 230
821 35
822 226
823 76
824 152
825 124
827 61
828 99
829 16
831 90
832 103
833 97
834 231
835 20
836 243
837 153
838 25
839 118
840 149
841 60
842 71
843 30
844 123
845 42
846 160
847 210
848 125
849 60
850 230
851 94
852 141
853 221
854 34
855 231
856 83
857 153
858 234
859 122
860 134
861 237
862 199
863 148
864 66
865 109
866 152
867 152
868 182
869 175
870 84
871 116
872 133
873 109
874 66
875 5
876 230
877 151
878 67
879 64
880 168
881 143
882 11
883 96
884 12
885 76
886 89
887 57
888 108
889 67
890 124
891 210
892 42
893 50
894 197
895 186
896 178
897 34
899 53
900 36
901 177
902 136
903 53
904 78
905 20
906 155
907 89
908 209
910 211
911 22
913 237
914 77
915 10
916 231
917 225
918 164
919 87
920 186
921 9
922 246
923 36
924 140
925 115
926 109
927 8
928 242
930 114
931 159
932 237
933 84
934 243
935 34
936 134
937 169
938 237
939 116
940 161
941 149
942 108
943 198
944 203
945 235
946 10
947 187
948 209
949 237
950 237
951 58
952 81
953 214
954 8
955 9
956 215
957 34
958 3
959 96
960 84
961 199
962 240
963 29
964 119
965 105
966 84
967 8
968 55
969 58
970 233
971 35
972 155
973 52
974 135
975 82
976 232
977 48
978 247
980 97
981 132
982 102
983 145
984 82
985 220
986 123
987 64
988 104
989 47
990 210
991 139
992 133
993 220
994 144
995 148
996 131
997 64
998 212
999 34
1000 142
1001 161
1002 29
1003 208
1004 31
1005 211
1006 237
1007 224
1008 101
1010 34
1011 65
1012 159
1013 56
1014 125
1015 34
1016 88
1017 29
1018 171
1019 73
1020 204
1021 62
1022 194
1023 146
1024 159
1025 128
1026 66
1027 239
1028 32
1029 42
1030 140
1031 167
1032 159
1033 26
1034 64
1035 173
1036 200
1037 185
1038 141
1039 17
1040 24
1041 232
1042 217
1043 186
1044 120
1045 170
1046 240
1047 165
1048 232
1049 171
1050 67
1052 137
1053 160
1055 83
1056 1
1058 167
1059 71
1060 231
1061 60
1062 58
1063 68
1064 7
1065 201
1066 146
1067 239
1068 31
1069 170
1070 150
1071 84
1072 15
1073 29
1074 164
1075 46
1076 67
1077 13
1078 227
1079 240
1080 216
1081 7
1082 214
1083 60
1084 112
1085 165
1086 129
1087 195
1088 42
1089 119
1091 243
1092 86
1093 230
1094 9
1095 26
1096 83
1097 157
1098 3
1099 226
1100 122
1101 245
1102 116
1103 180
1104 75
1105 235
1106 122
1107 11
1108 247
1109 248
1110 90
1111 166
1112 237
1113 180
1114 156
1115 211
1116 200
1117 118
1118 88
1119 132
1120 103
1121 245
1122 248
1123 195
1124 56
1125 126
1126 55
1127 10
1128 247
1129 25
1130 79
1131 63
1132 154
1133 220
1134 128
1135 20
1136 109
1137 9
1138 55
1139 148
1140 54
1142 93
1143 61
1144 50
1145 239
1146 103
1147 1
1148 138
1149 240
1150 220
1151 181
1152 76
1153 200
1154 71
1155 139
1156 196
1157 138
1158 9
1159 243
1160 124
1161 229
1162 122
1164 171
1165 193
1166 86
1167 143
1168 97
1169 51
1170 44
1171 230
1172 10
1173 66
1174 211
1175 144
1177 104
1178 187
1179 208
1180 186
1181 10
1182 137
1183 1
1184 4
1185 22
1186 231
1187 95
1188 211
1189 47
1190 141
1191 238
1192 84
1193 57
1194 33
1195 125
1197 248
1198 10
1199 108
1200 142
1201 158
1202 9
1203 40
1204 238
1205 185
1206 108
1207 3
1208 105
1209 168
1210 144
1211 10
1212 75
1213 26
1214 6
1215 149
1216 93
1217 191
1218 46
1219 151
1220 74
1221 238
1222 150
1223 186
1224 93
1225 186
1226 104
1227 41
1228 197
1229 75
1230 205
1231 211
1232 126
1233 123
1234 33
1235 97
1236 17
1237 30
1238 135
1239 132
1240 120
1241 248
1242 181
1243 10
1244 237
1245 31
1246 31
1247 68
1248 45
1249 8
1250 219
1251 151
1252 176
1253 21
1254 46
1255 89
1256 150
1257 21
1258 26
1259 14
1260 238
1261 147
1262 68
1263 242
1264 178
1265 161
1267 238
1268 201
1269 77
1270 23
1271 57
1272 189
1273 165
1274 220
1275 26
1277 74
1278 167
1279 240
1280 136
1281 240
1282 10
1283 86
1284 175
1285 190
1286 167
1287 101
1288 96
1289 114
1290 190
1291 122
1292 122
1293 168
1294 230
1295 53
1296 30
1297 138
1298 121
1299 10
1300 177
1301 103
1302 177
1303 104
1304 214
1305 187
1306 164
1307 202
1308 8
1309 135
1310 185
1311 100
1312 82
1313 26
1314 210
1315 15
1316 86
1317 52
1318 86
1319 128
1320 39
1321 74
1322 27
1323 104
1324 10
1325 21
1326 9
1327 171
1328 247
1329 40
1330 30
1331 57
1332 9
1333 123
1334 241
1335 190
1336 224
1338 87
1339 233
1340 232
1341 169
1342 247
1343 40
1344 32
1345 177
1346 186
1347 231
1348 229
1349 183
1350 76
1351 176
1352 240
1354 134
1355 47
1356 158
1357 89
1359 88
1360 119
1361 240
1362 162
1363 81
1364 39
1365 215
1366 171
1367 183
1368 214
1369 61
1370 9
1371 120
1372 90
1373 86
1374 26
1376 129
1377 10
1378 128
1379 53
1380 204
1381 109
1382 180
1383 10
1384 90
1385 183
1386 76
1387 40
1388 103
1389 9
1390 109
1391 226
1392 14
1393 104
1394 62
1395 190
1396 159
1397 10
1398 165
1399 186
1400 242
1401 217
1402 157
1403 33
1404 232
1405 175
1406 187
1407 171
1408 39
1409 206
1410 248
1411 76
1412 33
1413 109
1414 81
1415 40
1416 190
1417 56
1419 217
1420 240
1421 113
1422 230
1423 205
1424 135
1425 232
1426 107
1427 116
1428 88
1429 211
1430 82
1431 149
1432 1
1433 109
1434 50
1436 211
1437 5
1438 219
1439 172
1440 189
1441 130
1442 33
1443 158
1444 158
1445 57
1446 27
1447 49
1448 35
1449 211
1450 104
1451 79
1453 220
1454 109
1455 140
1456 109
1457 232
1458 39
1459 128
1460 180
1461 28
1462 88
1463 71
1464 39
1465 31
1466 248
1467 171
1468 67
1469 96
1470 198
1471 212
1472 44
1473 4
1474 204
1475 239
1476 239
1477 231
1478 170
1479 238
1480 58
1481 34
1482 66
1483 99
1484 109
1485 4
1486 103
1487 130
1488 148
1489 52
1490 34
1491 152
1492 220
1493 208
1494 7
1495 48
1496 138
1497 40
1498 5
1499 172
1500 149
1501 50
1502 107
1503 219
1504 40
1505 205
1506 136
1507 149
1508 10
1509 117
1510 10
1511 104
1512 229
1513 14
1514 186
1515 18
1516 190
1517 98
1518 146
1519 66
1520 97
1522 240
1524 181
1525 10
1526 80
1528 139
1529 219
1530 237
1531 236
1532 186
1533 217
1534 186
1535 10
1536 105
1537 21
1538 75
1540 199
1542 178
1543 72
1544 118
1545 9
1546 10
1547 82
1548 235
1550 99
1551 215
1552 151
1553 9
1554 125
1555 128
1556 220
1557 109
1558 25
1559 185
1560 140
1561 148
1562 10
1563 76
1564 45
1565 15
1566 124
1567 159
1568 160
1569 176
1570 1
1571 231
1572 34
1573 189
1574 219
1575 238
1576 35
1577 193
1578 137
1579 10
1580 108
1581 142
1582 34
1583 55
1584 186
1585 208
1586 147
1587 238
1588 177
1589 13
1590 221
1591 35
1592 32
1593 19
1594 204
1595 211
1596 87
1597 108
1598 238
1599 33
1600 102
1601 120
1602 187
1603 204
1604 158
1605 129
1606 217
1607 214
1608 188
1609 2
1610 27
1612 60
1613 151
1614 40
1615 68
1616 204
1617 186
1618 246
1619 124
1620 248
1621 121
1622 17
1623 22
1624 103
1625 19
1626 245
1627 55
1628 26
1629 104
1630 237
1631 238
1632 238
1633 54
1634 208
1635 186
1636 220
1637 62
1638 77
1639 93
1640 8
1641 231
1642 176
1643 116
1644 35
1645 29
1646 1
1647 240
1648 196
1649 108
1650 113
1651 171
1652 238
1653 3
1654 10
1655 118
1656 82
1657 159
1658 92
1659 162
1660 1
1661 100
1662 211
1663 178
1664 84
1665 1
1666 215
1667 95
1668 35
1669 97
1670 57
1671 55
1672 163
1673 180
1674 9
1675 122
1676 89
1677 193
1678 138
1679 86
1680 139
1681 144
1682 242
1684 171
1685 196
1686 4
1687 103
1688 194
1689 142
1690 121
1691 132
1692 35
1693 158
1694 196
1695 29
1697 238
1698 208
1699 129
1700 89
1701 217
1702 199
1703 10
1704 145
1705 112
1706 145
1707 171
1708 171
1709 10
1711 118
1712 215
1713 210
1714 237
1715 116
1716 186
1717 79
1718 14
1719 233
1720 138
1721 119
1722 148
1723 10
1724 229
1725 221
1726 156
1727 77
1728 182
1729 121
1730 161
1732 39
1733 107
1734 233
1735 1
1736 196
1737 124
1738 135
1739 167
1740 43
1741 99
1743 96
1744 199
1745 130
1746 129
1747 33
1748 211
1750 227
1751 217
1753 92
1754 190
1755 169
1756 181
1757 76
1758 190
1759 185
1760 58
1761 135
1762 214
1763 63
1764 64
1765 64
1766 15
1767 148
1768 43
1769 10
1770 33
1771 173
1772 21
1773 219
1774 120
1775 176
1776 159
1777 27
1778 109
1779 219
1780 208
1781 20
1782 83
1783 169
1784 104
1785 45
1786 217
1788 180
1789 9
1790 61
1792 164
1793 237
1794 199
1795 104
1796 171
1797 226
1798 189
1799 132
1800 237
1802 199
1803 98
1804 184
1805 201
1806 8
1808 171
1809 235
1810 3
1811 189
1812 122
1813 0
1814 227
1815 130
1816 102
1817 158
1818 2
1819 48
1820 102
1821 201
1822 196
1823 109
1824 226
1825 117
1826 135
1827 44
1828 210
1829 165
1830 89
1831 155
1832 10
1833 235
1834 201
1835 57
1837 186
1838 44
1840 89
1841 89
1842 132
1843 185
1844 120
1845 53
1847 112
1848 113
1849 161
1850 56
1851 162
1852 110
1853 221
1854 1
1855 144
1856 109
1857 35
1858 248
1862 229
1863 119
1864 122
1865 177
1866 238
1867 248
1868 21
1869 157
1870 8
1871 165
1872 45
1873 238
1874 162
1875 120
1876 58
1877 168
1878 195
1879 122
1880 3
1881 230
1882 128
1884 104
1885 125
1886 116
1887 120
1888 186
1889 34
1890 12
1891 0
1892 66
1893 43
1894 4
1895 26
1896 238
1897 121
1898 122
1899 32
1900 215
1901 120
1902 45
1904 211
1906 60
1907 32
1908 36
1909 89
1910 36
1911 42
1912 169
1913 44
1914 25
1915 0
1916 237
1917 76
1918 186
1919 82
1921 63
1922 2
1923 6
1924 237
1925 81
1926 139
1928 186
1929 68
1930 77
1931 218
1932 36
1933 10
1934 14
1936 10
1937 181
1938 220
1939 170
1940 61
1941 144
1942 41
1943 144
1944 15
1946 219
1947 8
1948 30
1949 171
1950 127
1951 201
1952 10
1953 88
1955 169
1956 199
1957 128
1958 86
1959 46
1960 75
1962 99
1963 4
1964 220
1965 109
1966 89
1967 66
1968 226
1969 187
1970 63
1971 44
1972 128
1973 28
1974 219
1975 42
1976 10
1977 211
1978 240
1979 115
1980 132
1981 11
1982 238
1983 226
1984 246
1985 44
1986 230
1987 224
1988 109
1989 158
1990 238
1991 219
1992 209
1993 139
1994 46
1995 200
1996 29
1997 93
1998 128
1999 108
2000 209
2001 133
2002 240
2003 193
2004 10
2005 169
2006 19
2007 207
2008 82
2009 4
2010 10
2011 28
2012 242
2013 226
2014 2
2015 112
2016 124
2017 45
2019 80
2020 143
2021 157
2022 5
2023 113
2024 125
2025 158
2026 151
2027 107
2028 211
2029 109
2030 219
2031 246
2032 220
2033 76
2034 89
2035 64
2036 63
2037 135
2038 158
2039 10
2040 183
2041 36
2042 63
2043 125
2044 109
2045 63
2046 53
2047 232
2048 31
2049 10
2050 240
2051 133
2052 162
2053 40
2054 27
2055 143
2056 84
2057 219
2058 60
2059 118
2060 42
2061 181
2062 12
2063 211
2064 60
2065 161
2066 9
2067 76
2068 15
2071 153
2072 31
2073 104
2074 221
2075 162
2076 64
2077 132
2078 66
2079 14
2080 186
2081 34
2082 10
2083 167
2084 237
2085 153
2086 200
2087 9
2088 166
2089 109
2090 92
2091 67
2092 136
2093 34
2094 122
2095 138
2096 104
2097 30
2098 100
2099 23
2100 42
2101 9
2102 214
2103 63
2104 86
2105 144
2106 125
2107 15
2108 68
2109 26
2110 44
2111 10
2112 36
2113 133
2114 1
2115 88
2116 219
2117 238
2118 171
2119 197
2121 89
2122 220
2123 40
2124 125
2125 64
2126 218
2127 10
2128 58
2129 104
2130 74
2131 177
2132 25
2133 119
2134 69
2135 86
2136 116
2137 221
2139 58
2140 44
2141 231
2142 93
2143 9
2144 10
2145 9
2146 34
2147 238
2148 159
2149 41
2150 175
2151 10
2152 63
2153 62
2154 98
2155 60
2156 42
2157 52
2158 95
2159 235
2161 7
2162 221
2163 4
2164 208
2165 109
2166 42
2167 164
2168 96
2169 243
2170 1
2171 14
2172 129
2173 143
2174 34
2175 129
2176 186
2178 238
2179 104
2180 33
2181 34
2182 220
2183 180
2184 21
2185 10
2186 5
2187 96
2188 157
2189 189
2190 167
2191 42
2192 128
2193 103
2194 146
2195 89
2196 108
2197 77
2198 177
2199 71
2200 122
2202 93
2203 226
2204 144
2205 198
2206 155
2207 184
2208 89
2210 152
2211 231
2212 175
2213 44
2214 48
2216 40
2217 120
2218 15
2219 167
2220 159
2221 36
2222 10
2223 34
2224 150
2226 77
2227 40
2228 87
2229 195
2231 103
2232 229
2233 69
2234 34
2235 117
2236 11
2237 168
2239 104
2240 231
2241 171
2242 8
2243 169
2244 45
2245 132
2246 129
2247 10
2248 151
2249 240
2250 129
2251 42
2252 84
2253 116
2255 171
2256 3
2257 14
2258 208
2259 59
2260 94
2261 237
2262 29
2263 91
2265 1
2266 211
2267 30
2268 231
2269 121
2270 64
2271 120
2272 75
2273 191
2274 191
2275 86
2276 176
2277 69
2278 231
2279 113
2280 193
2281 219
2282 231
2283 208
2284 117
2285 195
2286 32
2287 50
2288 82
2289 109
2290 55
2291 9
2292 229
2293 77
2294 30
2295 211
2296 10
2297 132
2298 238
2299 190
2300 58
2301 171
2302 205
2303 9
2304 215
2305 247
2306 60
2307 45
2308 119
2309 230
2310 200
2311 247
2312 10
2314 26
2315 10
2316 24
2317 13
2318 96
2319 20
2320 196
2321 108
2322 104
2323 35
2324 177
2325 122
2327 3
2329 40
2330 77
2331 235
2332 247
2333 108
2334 40
2335 240
2336 140
2337 197
2338 199
2339 177
2340 161
2341 40
2342 196
2343 218
2344 235
2345 40
2346 68
2347 196
2349 158
2350 36
2351 86
2353 186
2354 90
2355 214
2356 67
2357 190
2358 186
2359 74
2360 158
2361 232
2362 71
2363 231
2364 21
2365 124
2366 109
2367 183
2368 164
2369 17
2370 53
2371 10
2372 110
2373 160
2374 88
2375 186
2376 66
2377 204
2378 160
2379 10
2381 111
2382 10
2383 235
2385 88
2386 238
2387 232
2388 104
2389 8
2390 43
2391 109
2392 68
2393 171
2394 220
2395 76
2396 36
2397 55
2398 34
2399 44
2400 19
2401 93
2402 158
2403 109
2404 10
2405 44
2406 44
2407 19
2408 40
2409 204
2410 238
2411 109
2412 230
2413 186
2414 10
2415 10
2416 89
2418 73
2419 186
2420 9
2421 26
2422 90
2424 10
2425 14
2426 238
2427 171
2428 246
2429 232
2430 106
2431 200
2432 109
2433 135
2434 18
2435 96
2436 129
2437 89
2438 48
2440 55
2441 186
2442 175
2443 209
2444 238
2445 40
2446 146
2448 31
2449 11
2450 104
2451 5
2452 186
2455 186
2456 1
2457 163
2458 217
2459 167
2460 208
2461 9
2462 122
2463 45
2464 77
2466 104
2467 158
2468 87
2470 10
2471 10
2472 230
2473 128
2474 9
2475 76
2476 44
2477 10
2478 61
2479 45
2480 8
2481 171
2482 61
2483 158
2484 138
2485 143
2486 200
2487 217
2488 43
2489 103
2490 165
2491 220
2492 66
2493 77
2494 114
2495 10
2496 32
2497 238
2498 123
2499 76
2501 80
2502 19
2503 44
2504 171
2505 171
2506 25
2507 17
2508 49
2509 34
2510 130
2511 109
2512 30
2513 24
2514 158
2515 44
2516 237
2517 226
2518 200
2519 86
2520 86
2521 77
2522 67
2523 104
2524 20
2525 168
2526 204
2527 76
2528 167
2529 108
2531 60
2533 210
2534 23
2535 55
2536 128
2537 169
2538 34
2539 219
2540 120
2541 193
2542 109
2543 40
2545 34
2547 93
2548 210
2549 166
2550 27
2551 227
2552 130
2553 44
2555 10
2556 149
2557 169
2558 92
2559 149
2560 11
2561 180
2562 186
2563 35
2564 129
2565 55
2566 10
2567 144
2568 10
2569 69
2570 56
2571 35
2572 60
2574 246
2575 60
2576 82
2577 211
2578 238
2579 10
2580 158
2581 171
2582 145
2583 168
2584 33
2585 93
2586 122
2587 200
2588 247
2589 36
2590 184
2591 137
2592 5
2594 186
2595 64
2596 168
2597 204
2598 146
2599 58
2601 193
2602 36
2603 10
2604 145
2605 171
2606 160
2607 164
2608 186
2609 248
2610 105
2611 108
2612 205
2614 136
2615 10
2616 162
2617 186
2618 40
2619 194
2620 86
2621 7
2622 211
2623 237
2624 125
2625 132
2626 117
2627 20
2628 239
2631 149
2632 94
2633 130
2634 15
2635 44
2636 238
2637 87
2638 215
2639 146
2640 110
2641 40
2642 89
2643 99
2644 71
2645 123
2646 126
2647 211
2648 238
2650 246
2651 129
2652 144
2653 163
2654 10
2655 109
2656 109
2657 129
2658 171
2660 238
2661 60
2662 17
2663 108
2664 243
2665 158
2666 34
2667 149
2668 8
2669 18
2670 149
2671 128
2672 167
2673 8
2674 20
2676 4
2677 238
2678 119
2679 10
2680 186
2681 34
2682 12
2683 191
2684 143
2685 158
2686 4
2687 209
2688 10
2689 114
2690 36
2691 162
2692 171
2693 117
2694 239
2695 1
2697 217
2698 239
2700 238
2701 167
2702 175
2703 10
2704 36
2705 220
2706 186
2707 77
2709 66
2710 10
2711 81
2714 144
2715 212
2716 76
2717 66
2718 186
2719 162
2720 86
2721 40
2722 91
2723 36
2724 23
2725 141
2726 142
2727 230
2728 149
2729 72
2731 128
2732 145
2733 77
2735 113
2736 89
2737 194
2738 112
2739 196
2740 132
2741 98
2742 123
2743 183
2744 220
2745 21
2746 9
2747 96
2748 7
2749 191
2750 11
2751 185
2752 203
2753 10
2755 139
2756 33
2757 10
2758 36
2759 1
2760 25
2761 31
2762 193
2763 66
2764 50
2765 115
2768 235
2769 10
2770 10
2771 122
2772 147
2773 12
2774 109
2775 1
2776 208
2777 181
2778 208
2779 227
2780 44
2781 25
2782 158
2783 20
2785 41
2786 44
2787 53
2788 44
2789 224
2790 44
2791 58
2792 230
2793 214
2794 204
2795 207
2796 186
2798 123
2799 211
2800 109
2801 33
2802 171
2803 86
2804 226
2805 113
2806 122
2807 186
2809 21
2811 129
2812 95
2813 40
2815 208
2816 34
2817 160
2818 123
2819 143
2820 33
2821 44
2822 125
2823 76
2825 29
2826 77
2827 161
2828 220
2829 208
2830 10
2831 121
2832 196
2833 53
2834 209
2835 193
2836 129
2838 191
2839 171
2840 121
2841 10
2842 104
2843 122
2844 23
2845 109
2846 10
2847 8
2848 229
2849 3
2850 211
2851 87
2852 171
2853 177
2854 169
2855 240
2856 215
2857 208
2858 10
2859 219
2860 109
2861 77
2862 144
2863 138
2864 186
2865 208
2866 107
2867 19
2868 196
2869 11
2870 184
2871 53
2872 142
2873 20
2874 144
2875 102
2876 171
2877 10
2878 204
2879 132
2880 96
2881 220
2882 149
2883 160
2884 129
2885 189
2886 123
2887 135
2888 109
2889 117
2890 171
2891 220
2892 104
2893 93
2894 146
2895 157
2896 82
2897 86
2898 14
2899 220
2900 10
2902 51
2904 35
2905 171
2906 196
2907 171
2908 60
2909 12
2910 237
2911 235
2912 34
2913 21
2914 89
2915 237
2916 238
2917 237
2918 150
2920 158
2921 53
2922 34
2923 64
2925 109
2926 103
2927 31
2928 55
2929 108
2930 186
2931 162
2932 231
2933 21
2934 209
2936 86
2937 19
2938 193
2939 10
2940 94
2941 76
2942 147
2943 2
2944 10
2945 132
2946 10
2947 96
2948 116
2949 200
2950 235
2951 109
2952 33
2953 186
2954 28
2955 238
2956 117
2957 35
2959 64
2960 10
2961 34
2962 74
2963 31
2964 86
2965 76
2967 76
2968 159
2969 238
2970 184
2971 186
2972 171
2973 160
2974 124
2975 118
2976 8
2978 76
2979 64
2980 11
2981 230
2983 186
2984 238
2985 135
2986 27
2987 239
2988 238
2989 116
2990 135
2991 103
2992 36
2993 31
2994 238
2995 108
2996 15
2997 151
2998 162
2999 168
3000 145
3001 20
3002 144
3003 64
3004 221
3005 32
3006 171
3007 55
3008 9
3009 246
3010 108
3011 116
3012 122
3013 84
3014 211
3015 215
3016 185
3017 143
3018 35
3019 217
3020 109
3021 24
3022 148
3023 188
3024 1
3025 6
3026 185
3027 17
3028 138
3029 125
3030 7
3031 104
3032 2
3033 230
3034 204
3035 209
3036 104
3037 149
3038 55
3039 95
3040 201
3041 126
3042 166
3043 112
3044 232
3045 103
3046 31
3047 31
3048 66
3049 122
3050 177
3051 82
3052 170
3053 191
3054 66
3055 184
3056 177
3057 142
3058 84
3059 8
3060 76
3061 131
3062 214
3063 10
3064 186
3065 161
3066 64
3067 220
3068 143
3069 157
3070 215
3071 232
3072 219
3073 220
3074 33
3075 10
3076 76
3077 142
3078 158
3079 21
3080 109
3081 179
3082 238
3083 238
3084 113
3085 9
3086 63
3087 198
3088 171
3089 240
3090 186
3091 20
3092 106
3093 238
3094 186
3095 161
3096 79
3097 193
3098 93
3099 34
3100 34
3101 105
3102 176
3103 45
3104 176
3105 117
3106 117
3107 116
3108 193
3109 226
3110 178
3111 68
3112 169
3113 201
3114 2
3115 171
3116 123
3117 247
3118 75
3119 117
3120 139
3121 248
3122 220
3123 78
3124 30
3125 169
3126 45
3127 167
3128 184
3129 219
3130 93
3131 101
3132 3
3133 89
3134 89
3135 205
3136 237
3137 68
3138 31
3139 220
3140 17
3141 185
3142 60
3143 60
3144 124
3145 129
3146 10
3147 205
3148 10
3149 125
3150 76
3151 77
3152 129
3153 229
3154 186
3155 167
3156 141
3157 35
3158 53
3159 10
3160 211
3161 53
3162 10
3163 199
3164 77
3165 32
3166 238
3167 9
3168 31
3169 85
3170 113
3171 208
3172 193
3173 219
3174 12
3175 12
3176 36
3177 36
3178 77
3179 186
3180 144
3181 186
3182 10
3183 235
3184 55
3185 10
3186 99
3187 201
3188 161
3189 161
3190 84
3191 86
3192 171
3193 125
3194 19
3195 145
3196 30
3197 209
3198 21
3199 10
3200 80
3201 76
3202 157
3203 3
3204 171
3205 133
3206 55
3207 211
3208 31
3209 44
3210 105
3211 120
3212 236
3213 186
3214 193
3215 125
3216 53
3217 230
3218 135
3219 48
3220 76
3221 186
3222 240
3223 86
3224 60
3225 196
3226 10
3227 166
3228 26
3229 34
3230 186
3231 149
3232 183
3233 171
3234 124
3235 48
3236 48
3237 55
3238 55
3239 10
3240 62
3241 103
3242 60
3243 114
3244 186
3245 230
