0 36
1 219
2 153
3 184
4 118
5 128
6 5
7 232
8 63
9 219
10 6
11 199
12 183
13 52
14 133
15 59
16 31
17 188
18 185
19 64
20 75
21 101
22 222
23 59
24 242
25 181
26 133
27 191
28 88
29 56
30 97
31 38
32 176
33 193
34 207
35 70
36 179
37 47
38 218
39 67
40 62
41 115
42 57
43 14
44 91
45 96
46 207
47 75
48 129
49 39
50 15
51 54
52 13
53 140
54 186
55 23
56 38
57 52
58 126
59 219
60 23
61 196
62 32
63 57
64 23
65 53
66 113
67 101
68 75
69 133
70 47
71 80
72 161
73 201
74 145
75 161
76 18
77 219
78 58
79 59
80 198
81 125
82 138
83 147
84 44
85 219
86 196
87 248
88 150
89 132
90 192
91 156
92 21
93 128
94 95
95 21
96 95
97 235
98 31
99 128
100 162
101 112
102 168
103 22
104 98
105 73
106 169
107 219
108 190
109 208
110 208
111 23
112 78
113 118
114 76
115 23
116 196
117 88
118 219
119 51
120 58
121 119
122 35
123 117
124 85
125 145
126 57
127 110
128 91
129 102
130 44
131 24
132 67
133 207
134 159
135 109
136 147
137 194
138 192
139 240
140 154
141 206
142 27
143 226
144 148
145 200
146 132
147 95
148 24
149 146
150 230
151 169
152 0
153 210
154 119
155 23
156 94
157 40
158 237
159 150
160 176
161 219
162 43
163 2
164 88
165 1
166 28
167 185
168 64
169 169
170 112
171 185
172 90
173 243
174 72
175 236
176 45
177 219
178 145
179 21
180 7
181 230
182 190
183 97
184 93
185 247
186 9
187 166
188 42
189 114
190 214
191 19
192 159
193 61
194 22
195 92
196 141
197 61
198 188
199 116
200 214
201 168
202 42
203 219
204 133
205 101
206 12
207 210
208 67
209 94
210 22
211 74
212 219
213 97
214 105
215 164
216 156
217 219
218 150
219 1
220 120
221 154
222 22
223 126
224 5
225 226
226 92
227 210
228 207
229 93
230 174
231 101
232 219
233 190
234 225
235 219
236 142
237 116
238 88
239 152
240 238
241 152
242 32
243 24
244 95
245 183
246 22
247 33
248 219
249 129
250 223
251 54
252 120
253 125
254 151
255 238
256 145
257 72
258 120
259 219
260 89
261 216
262 23
263 67
264 0
265 227
266 241
267 185
268 88
269 95
270 226
271 82
272 133
273 121
274 75
275 22
276 81
277 109
278 32
279 70
280 165
281 160
282 132
283 178
284 96
285 179
286 37
287 23
288 151
289 90
290 242
291 112
292 84
293 179
294 239
295 44
296 67
297 164
298 75
299 10
300 219
301 16
302 7
303 227
304 153
305 4
306 35
307 167
308 219
309 103
310 219
311 18
312 18
313 9
314 246
315 176
316 22
317 241
318 95
319 74
320 122
321 149
322 179
323 47
324 235
325 26
326 11
327 67
328 75
329 216
330 92
331 5
332 93
333 165
334 207
335 246
336 29
337 67
338 181
339 115
340 85
341 23
342 42
343 46
344 24
345 219
346 181
347 219
348 78
349 211
350 32
351 75
352 104
353 91
354 168
355 220
356 133
357 219
358 192
359 13
360 179
361 201
362 160
363 114
364 115
365 37
366 59
367 196
368 154
369 219
370 103
371 36
372 134
373 54
374 185
375 234
376 211
377 22
378 140
379 109
380 160
381 232
382 52
383 219
384 202
385 72
386 1
387 127
388 134
389 126
390 56
391 174
392 239
393 56
394 75
395 219
396 230
397 52
398 154
399 88
400 84
401 36
402 107
403 106
404 103
405 3
406 68
407 150
408 169
409 185
410 60
411 48
412 123
413 203
414 244
415 247
416 114
417 176
418 22
419 5
420 24
421 223
422 153
423 219
424 103
425 235
426 103
427 60
428 126
429 90
430 100
431 189
432 133
433 179
434 41
435 179
436 14
437 128
438 143
439 144
440 234
441 82
442 61
443 241
444 194
445 24
446 219
447 4
448 196
449 219
450 164
451 127
452 80
453 44
454 112
455 70
456 111
457 126
458 142
459 103
460 182
461 69
462 219
463 89
464 219
465 239
466 207
467 233
468 247
469 44
470 57
471 126
472 61
473 132
474 20
475 224
476 115
477 40
478 156
479 243
480 9
481 219
482 166
483 229
484 23
485 219
486 223
487 9
488 89
489 128
490 193
491 56
492 21
493 219
494 160
495 167
496 148
497 96
498 122
499 109
500 19
501 13
502 154
503 28
504 36
505 166
506 148
507 166
508 27
509 127
510 88
511 177
512 37
513 162
514 2
515 22
516 168
517 178
518 216
519 133
520 161
521 125
522 189
523 234
524 187
525 157
526 114
527 185
528 70
529 247
530 176
531 111
532 207
533 57
534 67
535 198
536 18
537 249
538 35
539 233
540 75
541 91
542 80
543 102
544 38
545 13
546 18
547 20
548 83
549 0
550 153
551 128
552 187
553 18
554 64
555 78
556 221
557 65
558 48
559 148
560 29
561 8
562 14
563 100
564 40
565 38
566 192
567 133
568 148
569 195
570 190
571 153
572 82
573 44
574 219
575 179
576 223
577 42
578 151
579 188
580 103
581 11
582 187
583 78
584 139
585 14
586 10
587 117
588 64
589 23
590 184
591 219
592 82
593 225
594 100
595 175
596 116
597 135
598 163
599 192
600 78
601 174
602 204
603 166
604 5
605 134
606 81
607 174
608 91
609 165
610 141
611 196
612 3
613 175
614 192
615 21
616 24
617 42
618 61
619 91
620 107
621 174
622 209
623 2
624 190
625 118
626 14
627 227
628 145
629 133
630 109
631 106
632 211
633 140
634 148
635 126
636 92
637 170
638 160
639 144
640 107
641 118
642 61
643 213
644 100
645 179
646 154
647 136
648 58
649 166
650 138
651 132
652 9
653 88
654 53
655 30
656 247
657 132
658 161
659 113
660 53
661 90
662 201
663 70
664 69
665 28
666 47
667 12
668 51
669 159
670 115
671 226
672 198
673 37
674 116
675 230
676 219
677 46
678 118
679 213
680 36
681 210
682 40
683 86
684 177
685 219
686 172
687 225
688 179
689 117
690 188
691 188
692 111
693 19
694 219
695 57
696 188
697 240
698 206
699 19
700 166
701 176
702 179
703 129
704 40
705 174
706 55
707 166
708 115
709 16
710 45
711 166
712 36
713 146
714 96
715 154
716 223
717 84
718 235
719 132
720 207
721 190
722 235
723 151
724 106
725 238
726 219
727 119
728 165
729 208
730 100
731 107
732 13
733 196
734 227
735 164
736 222
737 119
738 235
739 145
740 72
741 68
742 9
743 239
744 192
745 103
746 9
747 133
748 31
749 124
750 178
751 51
752 11
753 26
754 221
755 50
756 247
757 179
758 105
759 243
760 211
761 107
762 103
763 240
764 183
765 18
766 177
767 150
768 189
769 171
770 90
771 103
772 66
773 171
774 151
775 112
776 2
777 113
778 204
779 156
780 98
781 100
782 18
783 67
784 27
785 180
786 140
787 23
788 63
789 202
790 165
791 219
792 227
793 124
794 196
795 219
796 4
797 134
798 150
799 211
800 217
801 32
802 152
803 33
804 100
805 31
806 16
807 110
808 6
809 207
810 44
811 66
812 100
813 98
814 32
815 24
816 0
817 52
818 204
819 43
820 179
821 132
822 83
823 103
824 142
825 133
826 103
827 30
828 116
829 164
830 104
831 90
832 129
833 208
834 185
835 187
836 174
837 132
838 35
839 30
840 52
841 138
842 148
843 114
844 154
845 116
846 128
847 31
848 179
849 219
850 23
851 230
852 34
853 204
854 170
855 158
856 232
857 204
858 55
859 24
860 119
861 102
862 72
863 161
864 61
865 94
866 215
867 136
868 68
869 175
870 165
871 177
872 201
873 151
874 2
875 24
876 75
877 168
878 57
879 133
880 61
881 152
882 222
883 126
884 178
885 71
886 219
887 17
888 67
889 103
890 150
891 125
892 19
893 162
894 143
895 219
896 30
897 50
898 138
899 127
900 107
901 47
902 6
903 127
904 234
905 169
906 176
907 202
908 246
909 85
910 225
911 86
912 56
913 13
914 107
915 232
916 185
917 58
918 103
919 185
920 159
921 248
922 165
923 190
924 9
925 15
926 159
927 19
928 167
929 128
930 136
931 108
932 56
933 107
934 227
935 219
936 119
937 222
938 107
939 100
940 80
941 56
942 96
943 50
944 33
945 56
946 44
947 181
948 219
949 107
950 103
951 201
952 35
953 235
954 14
955 184
956 56
957 109
958 36
959 192
960 83
961 16
962 24
963 52
964 87
965 38
966 204
967 223
968 88
969 70
970 158
971 187
972 124
973 32
974 71
975 170
976 103
977 42
978 118
979 129
980 66
981 126
982 130
983 129
984 206
985 138
986 57
987 126
988 133
989 8
990 161
991 149
992 201
993 0
994 85
995 172
996 107
997 192
998 141
999 67
1000 52
1001 239
1002 108
1003 95
1004 246
1005 0
1006 22
1007 178
1008 54
1009 22
1010 179
1011 97
1012 27
1013 215
1014 212
1015 171
1016 73
1017 148
1018 177
1019 56
1020 84
1021 104
1022 13
1023 137
1024 108
1025 234
1026 75
1027 154
1028 158
1029 20
1030 196
1031 162
1032 26
1033 47
1034 126
1035 126
1036 167
1037 162
1038 105
1039 17
1040 167
1041 126
1042 222
1043 18
1044 138
1045 99
1046 221
1047 182
1048 219
1049 207
1050 74
1051 219
1052 205
1053 69
1054 75
1055 88
1056 114
1057 196
1058 103
1059 104
1060 40
1061 211
1062 59
1063 219
1064 241
1065 11
1066 21
1067 150
1068 208
1069 93
1070 96
1071 242
1072 237
1073 148
1074 144
1075 15
1076 226
1077 16
1078 126
1079 35
1080 91
1081 0
1082 130
1083 62
1084 56
1085 8
1086 219
1087 180
1088 126
1089 163
1090 22
1091 138
1092 103
1093 243
1094 219
1095 10
1096 88
1097 222
1098 36
1099 9
1100 172
1101 80
1102 220
1103 222
1104 116
1105 125
1106 165
1107 210
1108 56
1109 133
1110 235
1111 126
1112 125
1113 186
1114 74
1115 133
1116 54
1117 177
1118 142
1119 232
1120 168
1121 80
1122 188
1123 210
1124 208
1125 200
1126 66
1127 219
1128 56
1129 101
1130 63
1131 83
1132 93
1133 37
1134 85
1135 38
1136 18
1137 239
1138 24
1139 18
1140 177
1141 235
1142 212
1143 228
1144 127
1145 196
1146 117
1147 207
1148 80
1149 133
1150 141
1151 48
1152 47
1153 66
1154 181
1155 106
1156 129
1157 163
1158 97
1159 227
1160 102
1161 162
1162 234
1163 235
1164 103
1165 176
1166 220
1167 153
1168 89
1169 122
1170 186
1171 102
1172 11
1173 116
1174 190
1175 177
1176 141
1177 111
1178 226
1179 241
1180 25
1181 219
1182 119
1183 219
1184 106
1185 229
1186 126
1187 246
1188 83
1189 47
1190 105
1191 88
1192 83
1193 32
1194 179
1195 219
1196 83
1197 219
1198 223
1199 134
1200 138
1201 240
1202 25
1203 50
1204 219
1205 37
1206 22
1207 5
1208 174
1209 63
1210 11
1211 114
1212 116
1213 128
1214 115
1215 109
1216 36
1217 245
1218 15
1219 227
1220 103
1221 22
1222 124
1223 219
1224 71
1225 141
1226 31
1227 154
1228 143
1229 188
1230 219
1231 207
1232 200
1233 1
1234 171
1235 66
1236 51
1237 159
1238 79
1239 181
1240 145
1241 174
1242 48
1243 35
1244 141
1245 28
1246 18
1247 56
1248 40
1249 35
1250 196
1251 239
1252 22
1253 222
1254 15
1255 177
1256 124
1257 14
1258 154
1259 70
1260 83
1261 66
1262 143
1263 167
1264 30
1265 242
1266 152
1267 185
1268 11
1269 192
1270 19
1271 186
1272 72
1273 152
1274 104
1275 31
1276 141
1277 210
1278 230
1279 24
1280 6
1281 235
1282 22
1283 220
1284 48
1285 149
1286 75
1287 16
1288 126
1289 78
1290 97
1291 243
1292 172
1293 177
1294 0
1295 85
1296 246
1297 190
1298 196
1299 185
1300 5
1301 35
1302 103
1303 94
1304 211
1305 246
1306 35
1307 49
1308 133
1309 202
1310 37
1311 214
1312 97
1313 83
1314 125
1315 169
1316 166
1317 164
1318 140
1319 62
1320 93
1321 185
1322 58
1323 225
1324 117
1325 151
1326 102
1327 89
1328 44
1329 51
1330 52
1331 119
1332 25
1333 101
1334 148
1335 90
1336 37
1337 219
1338 112
1339 39
1340 126
1341 129
1342 61
1343 144
1344 154
1345 103
1346 43
1347 158
1348 75
1349 5
1350 219
1351 158
1352 0
1353 159
1354 205
1355 204
1356 241
1357 27
1358 70
1359 4
1360 160
1361 185
1362 2
1363 81
1364 110
1365 227
1366 9
1367 154
1368 57
1369 155
1370 184
1371 133
1372 235
1373 71
1374 159
1375 219
1376 219
1377 56
1378 85
1379 129
1380 114
1381 223
1382 96
1383 16
1384 219
1385 166
1386 109
1387 51
1388 232
1389 19
1390 17
1391 97
1392 69
1393 225
1394 100
1395 62
1396 108
1397 219
1398 152
1399 126
1400 102
1401 57
1402 222
1403 56
1404 187
1405 82
1406 56
1407 7
1408 93
1409 91
1410 67
1411 103
1412 151
1413 35
1414 81
1415 133
1416 11
1417 178
1418 56
1419 85
1420 103
1421 4
1422 133
1423 131
1424 137
1425 126
1426 181
1427 69
1428 142
1429 148
1430 170
1431 171
1432 207
1433 18
1434 180
1435 128
1436 70
1437 33
1438 23
1439 11
1440 214
1441 156
1442 101
1443 192
1444 196
1445 109
1446 178
1447 34
1448 70
1449 30
1450 23
1451 44
1452 103
1453 0
1454 166
1455 197
1456 223
1457 219
1458 204
1459 71
1460 188
1461 110
1462 53
1463 214
1464 93
1465 17
1466 174
1467 154
1468 57
1469 59
1470 169
1471 44
1472 9
1473 89
1474 84
1475 64
1476 13
1477 92
1478 32
1479 56
1480 9
1481 235
1482 89
1483 239
1484 100
1485 4
1486 232
1487 156
1488 145
1489 164
1490 88
1491 185
1492 138
1493 146
1494 204
1495 3
1496 122
1497 17
1498 88
1499 72
1500 128
1501 180
1502 37
1503 51
1504 80
1505 73
1506 229
1507 72
1508 67
1509 160
1510 75
1511 185
1512 162
1513 129
1514 22
1515 162
1516 90
1517 35
1518 147
1519 134
1520 203
1521 18
1522 35
1523 22
1524 61
1525 150
1526 62
1527 185
1528 149
1529 61
1530 103
1531 59
1532 145
1533 29
1534 219
1535 208
1536 38
1537 151
1538 176
1539 134
1540 175
1541 219
1542 30
1543 180
1544 144
1545 9
1546 225
1547 72
1548 56
1549 62
1550 239
1551 56
1552 146
1553 43
1554 23
1555 69
1556 51
1557 181
1558 223
1559 202
1560 223
1561 67
1562 75
1563 226
1564 57
1565 39
1566 109
1567 26
1568 207
1569 100
1570 201
1571 1
1572 101
1573 226
1574 235
1575 134
1576 187
1577 161
1578 205
1579 133
1580 166
1581 52
1582 219
1583 24
1584 226
1585 36
1586 62
1587 72
1588 71
1589 217
1590 114
1591 22
1592 158
1593 158
1594 40
1595 207
1596 6
1597 14
1598 171
1599 151
1600 130
1601 234
1602 16
1603 22
1604 192
1605 169
1606 3
1607 42
1608 120
1609 210
1610 13
1611 102
1612 56
1613 151
1614 157
1615 56
1616 84
1617 114
1618 0
1619 219
1620 0
1621 239
1622 17
1623 229
1624 232
1625 196
1626 80
1627 0
1628 31
1629 0
1630 9
1631 171
1632 103
1633 72
1634 56
1635 85
1636 141
1637 97
1638 164
1639 140
1640 223
1641 19
1642 166
1643 27
1644 219
1645 108
1646 185
1647 70
1648 93
1649 134
1650 13
1651 56
1652 217
1653 36
1654 36
1655 153
1656 50
1657 49
1658 128
1659 16
1660 126
1661 214
1662 83
1663 30
1664 190
1665 219
1666 158
1667 171
1668 26
1669 6
1670 32
1671 4
1672 191
1673 108
1674 22
1675 53
1676 127
1677 22
1678 212
1679 97
1680 238
1681 230
1682 172
1683 129
1684 56
1685 160
1686 106
1687 216
1688 13
1689 52
1690 9
1691 25
1692 22
1693 166
1694 219
1695 104
1696 23
1697 223
1698 219
1699 219
1700 177
1701 164
1702 85
1703 187
1704 223
1705 56
1706 181
1707 192
1708 2
1709 219
1710 103
1711 173
1712 54
1713 158
1714 106
1715 177
1716 71
1717 217
1718 239
1719 50
1720 141
1721 112
1722 83
1723 185
1724 53
1725 239
1726 1
1727 232
1728 65
1729 196
1730 104
1731 35
1732 93
1733 118
1734 81
1735 219
1736 219
1737 102
1738 98
1739 161
1740 140
1741 50
1742 103
1743 25
1744 242
1745 156
1746 22
1747 18
1748 103
1749 239
1750 107
1751 22
1752 18
1753 213
1754 62
1755 114
1756 242
1757 179
1758 43
1759 37
1760 70
1761 98
1762 57
1763 45
1764 230
1765 61
1766 237
1767 217
1768 204
1769 133
1770 171
1771 192
1772 151
1773 23
1774 138
1775 221
1776 53
1777 58
1778 24
1779 103
1780 88
1781 115
1782 231
1783 4
1784 23
1785 196
1786 103
1787 101
1788 4
1789 54
1790 14
1791 35
1792 72
1793 71
1794 85
1795 102
1796 56
1797 80
1798 162
1799 103
1800 53
1801 239
1802 22
1803 88
1804 145
1805 239
1806 150
1807 190
1808 187
1809 223
1810 225
1811 178
1812 22
1813 63
1814 93
1815 132
1816 74
1817 56
1818 44
1819 3
1820 74
1821 166
1822 219
1823 159
1824 10
1825 159
1826 146
1827 179
1828 31
1829 107
1830 66
1831 87
1832 134
1833 226
1834 232
1835 27
1836 219
1837 75
1838 4
1839 7
1840 22
1841 192
1842 18
1843 205
1844 59
1845 23
1846 219
1847 206
1848 50
1849 154
1850 227
1851 166
1852 168
1853 160
1854 103
1855 17
1856 226
1857 26
1858 196
1859 103
1860 219
1861 230
1862 72
1863 69
1864 187
1865 5
1866 22
1867 174
1868 151
1869 141
1870 175
1871 14
1872 192
1873 219
1874 226
1875 164
1876 9
1877 63
1878 12
1879 172
1880 120
1881 219
1882 71
1883 66
1884 24
1885 117
1886 166
1887 59
1888 85
1889 171
1890 190
1891 91
1892 50
1893 49
1894 78
1895 10
1896 159
1897 88
1898 80
1899 103
1900 247
1901 59
1902 27
1903 138
1904 178
1905 159
1906 102
1907 190
1908 129
1909 61
1910 235
1911 114
1912 154
1913 151
1914 69
1915 91
1916 71
1917 225
1918 185
1919 43
1920 56
1921 45
1922 210
1923 115
1924 154
1925 25
1926 241
1927 18
1928 166
1929 18
1930 107
1931 67
1932 18
1933 133
1934 21
1935 9
1936 75
1937 8
1938 159
1939 44
1940 155
1941 25
1942 227
1943 104
1944 39
1945 129
1946 220
1947 175
1948 154
1949 14
1950 153
1951 103
1952 70
1953 226
1954 239
1955 5
1956 73
1957 219
1958 107
1959 15
1960 188
1961 56
1962 78
1963 106
1964 138
1965 177
1966 129
1967 134
1968 107
1969 226
1970 219
1971 150
1972 124
1973 110
1974 50
1975 175
1976 21
1977 108
1978 185
1979 15
1980 77
1981 135
1982 83
1983 138
1984 209
1985 52
1986 219
1987 178
1988 107
1989 111
1990 56
1991 219
1992 80
1993 103
1994 15
1995 167
1996 108
1997 242
1998 124
1999 14
2000 117
2001 156
2002 133
2003 179
2004 71
2005 31
2006 230
2007 118
2008 109
2009 28
2010 67
2011 110
2012 161
2013 177
2014 56
2015 72
2016 23
2017 6
2018 166
2019 151
2020 103
2021 56
2022 51
2023 4
2024 166
2025 88
2026 22
2027 70
2028 57
2029 226
2030 129
2031 165
2032 145
2033 109
2034 66
2035 23
2036 45
2037 71
2038 35
2039 103
2040 154
2041 27
2042 24
2043 219
2044 190
2045 225
2046 5
2047 23
2048 22
2049 117
2050 117
2051 201
2052 166
2053 47
2054 178
2055 173
2056 83
2057 61
2058 247
2059 156
2060 20
2061 149
2062 114
2063 171
2064 71
2065 143
2066 219
2067 128
2068 169
2069 141
2070 56
2071 132
2072 166
2073 133
2074 57
2075 72
2076 59
2077 132
2078 117
2079 21
2080 114
2081 50
2082 67
2083 103
2084 219
2085 132
2086 205
2087 43
2088 104
2089 177
2090 4
2091 16
2092 229
2093 179
2094 219
2095 172
2096 107
2097 120
2098 60
2099 80
2100 2
2101 51
2102 107
2103 178
2104 103
2105 43
2106 22
2107 29
2108 70
2109 235
2110 235
2111 56
2112 75
2113 201
2114 179
2115 142
2116 61
2117 83
2118 50
2119 139
2120 70
2121 192
2122 56
2123 56
2124 22
2125 23
2126 219
2127 219
2128 42
2129 54
2130 24
2131 227
2132 223
2133 112
2134 153
2135 97
2136 185
2137 160
2138 103
2139 85
2140 16
2141 219
2142 243
2143 25
2144 219
2145 25
2146 181
2147 107
2148 26
2149 239
2150 82
2151 150
2152 31
2153 223
2154 56
2155 62
2156 116
2157 61
2158 28
2159 201
2160 103
2161 8
2162 204
2163 65
2164 36
2165 129
2166 20
2167 144
2168 77
2169 227
2170 101
2171 64
2172 50
2173 153
2174 83
2175 75
2176 219
2177 103
2178 154
2179 0
2180 107
2181 219
2182 118
2183 66
2184 160
2185 219
2186 51
2187 103
2188 156
2189 61
2190 7
2191 20
2192 85
2193 232
2194 147
2195 202
2196 134
2197 226
2198 219
2199 45
2200 219
2201 6
2202 117
2203 177
2204 101
2205 169
2206 100
2207 32
2208 61
2209 219
2210 98
2211 185
2212 18
2213 103
2214 3
2215 219
2216 51
2217 75
2218 237
2219 7
2220 108
2221 129
2222 71
2223 181
2224 124
2225 67
2226 71
2227 103
2228 185
2229 184
2230 103
2231 241
2232 35
2233 165
2234 171
2235 52
2236 247
2237 70
2238 103
2239 159
2240 96
2241 95
2242 27
2243 56
2244 166
2245 5
2246 219
2247 22
2248 227
2249 22
2250 50
2251 232
2252 227
2253 138
2254 128
2255 185
2256 154
2257 23
2258 166
2259 91
2260 207
2261 107
2262 221
2263 113
2264 235
2265 219
2266 223
2267 114
2268 96
2269 25
2270 61
2271 59
2272 116
2273 22
2274 103
2275 88
2276 176
2277 37
2278 11
2279 88
2280 133
2281 22
2282 96
2283 241
2284 226
2285 16
2286 190
2287 127
2288 109
2289 162
2290 114
2291 103
2292 204
2293 96
2294 154
2295 133
2296 187
2297 95
2298 166
2299 90
2300 22
2301 18
2302 56
2303 114
2304 242
2305 56
2306 162
2307 50
2308 69
2309 23
2310 162
2311 56
2312 103
2313 219
2314 159
2315 4
2316 14
2317 78
2318 56
2319 83
2320 21
2321 166
2322 219
2323 169
2324 44
2325 114
2326 166
2327 5
2328 151
2329 63
2330 70
2331 226
2332 64
2333 134
2334 226
2335 171
2336 18
2337 143
2338 66
2339 219
2340 159
2341 83
2342 129
2343 219
2344 196
2345 53
2346 187
2347 129
2348 51
2349 219
2350 190
2351 103
2352 166
2353 22
2354 184
2355 186
2356 16
2357 165
2358 14
2359 4
2360 56
2361 88
2362 148
2363 65
2364 104
2365 247
2366 4
2367 107
2368 51
2369 91
2370 176
2371 75
2372 227
2373 208
2374 142
2375 85
2376 117
2377 104
2378 149
2379 23
2380 70
2381 126
2382 107
2383 134
2384 22
2385 114
2386 85
2387 177
2388 71
2389 171
2390 140
2391 50
2392 18
2393 154
2394 104
2395 219
2396 185
2397 210
2398 24
2399 150
2400 172
2401 71
2402 166
2403 159
2404 149
2405 2
2406 141
2407 37
2408 51
2409 104
2410 226
2411 35
2412 219
2413 219
2414 75
2415 75
2416 22
2417 7
2418 42
2419 104
2420 219
2421 225
2422 68
2423 103
2424 226
2425 207
2426 4
2427 53
2428 211
2429 24
2430 1
2431 34
2432 50
2433 63
2434 179
2435 126
2436 103
2437 61
2438 40
2439 151
2440 166
2441 219
2442 225
2443 190
2444 56
2445 163
2446 172
2447 71
2448 103
2449 34
2450 56
2451 15
2452 219
2453 103
2454 103
2455 128
2456 103
2457 230
2458 154
2459 103
2460 135
2461 127
2462 81
2463 128
2464 185
2465 177
2466 219
2467 219
2468 185
2469 219
2470 103
2471 75
2472 23
2473 53
2474 114
2475 103
2476 52
2477 107
2478 228
2479 158
2480 56
2481 21
2482 30
2483 166
2484 122
2485 153
2486 54
2487 50
2488 6
2489 219
2490 149
2491 225
2492 185
2493 9
2494 136
2495 107
2496 49
2497 145
2498 103
2499 103
2500 192
2501 151
2502 163
2503 2
2504 72
2505 216
2506 109
2507 17
2508 210
2509 175
2510 132
2511 22
2512 160
2513 7
2514 56
2515 150
2516 171
2517 201
2518 66
2519 103
2520 67
2521 124
2522 16
2523 225
2524 115
2525 158
2526 124
2527 71
2528 66
2529 98
2530 25
2531 2
2532 219
2533 31
2534 153
2535 4
2536 209
2537 181
2538 97
2539 61
2540 138
2541 10
2542 22
2543 44
2544 25
2545 181
2546 219
2547 36
2548 221
2549 88
2550 58
2551 31
2552 156
2553 230
2554 227
2555 219
2556 225
2557 107
2558 135
2559 171
2560 223
2561 15
2562 227
2563 132
2564 50
2565 44
2566 129
2567 101
2568 175
2569 165
2570 10
2571 51
2572 247
2573 103
2574 148
2575 190
2576 60
2577 70
2578 223
2579 67
2580 35
2581 56
2582 71
2583 51
2584 238
2585 183
2586 102
2587 66
2588 44
2589 150
2590 109
2591 158
2592 24
2593 71
2594 227
2595 230
2596 164
2597 2
2598 147
2599 34
2600 219
2601 206
2602 107
2603 179
2604 57
2605 35
2606 226
2607 51
2608 166
2609 159
2610 174
2611 22
2612 128
2613 159
2614 229
2615 75
2616 192
2617 247
2618 18
2619 26
2620 134
2621 223
2622 2
2623 56
2624 52
2625 217
2626 80
2627 171
2628 18
2629 67
2630 107
2631 22
2632 126
2633 156
2634 62
2635 40
2636 14
2637 185
2638 222
2639 147
2640 91
2641 103
2642 22
2643 66
2644 148
2645 154
2646 200
2647 22
2648 235
2649 66
2650 192
2651 219
2652 25
2653 191
2654 23
2655 190
2656 18
2657 83
2658 56
2659 219
2660 56
2661 22
2662 17
2663 134
2664 227
2665 22
2666 28
2667 145
2668 133
2669 162
2670 52
2671 104
2672 75
2673 219
2674 148
2675 128
2676 106
2677 219
2678 112
2679 4
2680 103
2681 166
2682 247
2683 128
2684 2
2685 156
2686 106
2687 72
2688 67
2689 136
2690 36
2691 72
2692 180
2693 141
2694 36
2695 219
2696 44
2697 159
2698 70
2699 56
2700 219
2701 24
2702 18
2703 75
2704 27
2705 22
2706 159
2707 138
2708 159
2709 134
2710 27
2711 81
2712 103
2713 56
2714 85
2715 151
2716 133
2717 158
2718 17
2719 13
2720 72
2721 43
2722 70
2723 219
2724 129
2725 105
2726 52
2727 102
2728 83
2729 180
2730 141
2731 85
2732 73
2733 238
2734 35
2735 141
2736 162
2737 38
2738 72
2739 219
2740 95
2741 193
2742 246
2743 113
2744 129
2745 44
2746 154
2747 56
2748 103
2749 18
2750 219
2751 88
2752 49
2753 104
2754 18
2755 23
2756 4
2757 21
2758 138
2759 35
2760 179
2761 18
2762 159
2763 117
2764 42
2765 15
2766 56
2767 171
2768 141
2769 75
2770 219
2771 22
2772 62
2773 72
2774 14
2775 162
2776 97
2777 18
2778 19
2779 126
2780 151
2781 44
2782 166
2783 163
2784 141
2785 166
2786 40
2787 18
2788 52
2789 37
2790 18
2791 154
2792 88
2793 57
2794 10
2795 118
2796 114
2797 219
2798 141
2799 232
2800 177
2801 101
2802 179
2803 104
2804 219
2805 21
2806 18
2807 150
2808 2
2809 22
2810 56
2811 219
2812 28
2813 151
2814 179
2815 97
2816 170
2817 208
2818 141
2819 2
2820 219
2821 52
2822 219
2823 242
2824 141
2825 108
2826 225
2827 239
2828 192
2829 225
2830 208
2831 133
2832 57
2833 219
2834 185
2835 72
2836 179
2837 219
2838 145
2839 187
2840 219
2841 56
2842 103
2843 24
2844 50
2845 226
2846 36
2847 22
2848 35
2849 96
2850 171
2851 185
2852 187
2853 177
2854 174
2855 126
2856 56
2857 36
2858 219
2859 61
2860 179
2861 138
2862 161
2863 172
2864 114
2865 107
2866 118
2867 230
2868 21
2869 210
2870 22
2871 243
2872 109
2873 150
2874 17
2875 130
2876 187
2877 56
2878 163
2879 178
2880 31
2881 103
2882 11
2883 227
2884 71
2885 214
2886 114
2887 124
2888 100
2889 159
2890 154
2891 162
2892 230
2893 36
2894 172
2895 132
2896 43
2897 140
2898 22
2899 103
2900 107
2901 22
2902 15
2903 223
2904 226
2905 56
2906 117
2907 22
2908 25
2909 36
2910 50
2911 35
2912 24
2913 25
2914 61
2915 129
2916 44
2917 120
2918 124
2919 18
2920 56
2921 71
2922 171
2923 97
2924 83
2925 235
2926 219
2927 18
2928 207
2929 134
2930 129
2931 103
2932 102
2933 149
2934 241
2935 117
2936 226
2937 88
2938 40
2939 95
2940 207
2941 69
2942 62
2943 162
2944 100
2945 77
2946 219
2947 128
2948 56
2949 11
2950 190
2951 177
2952 101
2953 103
2954 110
2955 35
2956 102
2957 26
2958 22
2959 75
2960 219
2961 36
2962 4
2963 18
2964 154
2965 23
2966 4
2967 56
2968 26
2969 171
2970 22
2971 226
2972 103
2973 45
2974 23
2975 46
2976 210
2977 171
2978 219
2979 126
2980 222
2981 219
2982 35
2983 25
2984 141
2985 98
2986 74
2987 188
2988 235
2989 100
2990 35
2991 134
2992 114
2993 104
2994 126
2995 0
2996 39
2997 239
2998 56
2999 219
