0 0
1 0
2 0
3 -1
4 0
6 0
7 -1
8 0
9 0
10 0
11 0
12 0
13 -1
14 0
15 1
16 0
17 0
18 0
19 0
20 0
21 -1
22 0
23 1
24 -1
25 0
26 -1
27 -1
28 0
30 0
31 0
32 12
33 -1
34 0
35 0
36 0
37 -1
38 -1
40 -1
41 -1
42 0
43 -1
44 0
45 0
46 0
47 0
49 0
50 0
51 -1
52 0
53 0
54 0
55 0
57 0
58 0
60 0
61 13
62 0
63 0
64 0
65 -1
66 0
67 -1
68 0
69 0
70 -1
71 -1
72 0
73 0
75 -1
76 0
77 0
78 0
79 0
80 2
81 0
82 0
83 -1
84 -1
85 0
86 -1
87 -1
88 0
89 0
90 0
91 -1
92 4
93 -1
94 0
95 0
96 0
97 0
98 0
99 -1
101 0
102 5
104 0
105 0
106 -1
107 0
108 0
109 0
110 0
111 0
112 0
113 -1
114 -1
115 0
116 3
118 0
119 0
120 -1
121 0
122 0
123 0
124 0
125 0
126 0
127 -1
128 0
129 0
130 0
131 -1
132 0
133 0
135 0
136 0
137 0
138 -1
139 0
140 0
141 0
142 0
143 -1
144 -1
145 -1
146 0
147 4
148 -1
149 0
150 0
151 0
152 -1
153 0
154 0
155 0
156 0
157 0
158 -1
159 -1
160 0
161 0
162 -1
163 -1
164 0
165 -1
166 -1
167 0
168 -1
169 -1
170 16
171 -1
172 0
173 -1
174 -1
175 0
176 0
177 -1
178 0
179 0
180 0
181 0
182 0
183 0
184 -1
185 -1
186 0
187 0
188 -1
189 0
190 -1
191 -1
192 0
193 -1
194 5
195 0
196 0
198 0
199 -1
200 -1
201 -1
202 -1
203 0
204 0
206 0
207 0
208 0
209 0
210 -1
211 0
212 0
213 0
214 -1
215 0
216 -1
218 0
219 -1
220 -1
221 0
222 0
223 -1
224 -1
225 0
226 0
227 0
228 0
229 0
230 0
231 0
232 0
233 0
234 0
235 0
236 -1
237 11
239 0
240 0
241 -1
242 10
243 -1
244 16
245 -1
246 0
247 0
248 0
249 0
250 0
251 -1
252 0
253 -1
254 -1
256 -1
257 -1
258 0
259 0
260 0
261 0
262 0
263 0
264 13
265 0
266 -1
267 0
268 0
269 0
271 -1
272 0
273 -1
274 0
275 -1
276 -1
277 0
278 10
280 0
281 0
282 -1
283 0
284 0
285 0
286 0
287 0
288 0
289 -1
290 0
291 0
292 0
293 0
294 0
295 -1
296 0
297 -1
299 0
300 0
301 -1
303 0
304 0
305 -1
306 0
307 -1
308 -1
309 0
310 -1
312 -1
313 -1
314 -1
315 -1
317 0
318 0
319 0
320 -1
321 -1
322 0
323 -1
324 0
325 0
326 0
327 0
328 0
330 -1
331 -1
332 -1
333 -1
334 -1
335 0
336 -1
337 0
338 -1
340 0
342 -1
343 -1
344 0
345 0
346 0
347 0
348 -1
349 0
350 2
351 0
352 0
353 -1
354 0
355 -1
356 0
357 0
358 0
361 0
362 0
363 0
364 -1
365 6
366 -1
367 -1
368 0
369 0
370 -1
371 -1
373 -1
375 -1
377 -1
378 0
379 0
380 0
381 0
382 0
383 0
384 0
385 0
386 -1
387 0
389 0
391 -1
392 -1
393 0
394 0
395 -1
396 0
397 0
398 0
400 0
401 0
402 0
403 6
404 0
405 0
406 0
408 0
409 0
410 -1
411 7
412 0
413 -1
414 0
415 0
416 13
417 0
418 -1
419 -1
420 0
421 0
422 0
423 0
424 -1
425 0
426 13
427 0
428 0
429 0
430 0
431 -1
432 -1
433 0
434 -1
435 0
436 0
437 0
438 -1
439 -1
440 -1
441 -1
444 0
445 0
446 0
447 -1
448 0
449 0
450 0
451 -1
452 -1
453 0
454 0
455 0
456 0
457 0
458 -1
459 0
460 0
461 0
462 0
463 -1
464 0
465 0
466 0
467 0
469 0
470 0
471 0
472 -1
473 -1
474 0
475 8
477 -1
478 0
479 0
480 0
481 0
483 0
484 0
485 0
486 0
487 0
488 -1
490 -1
492 0
493 -1
494 0
495 0
496 -1
497 0
498 0
499 0
500 0
501 -1
502 0
503 0
504 -1
505 0
507 0
508 0
509 0
510 0
511 -1
512 0
513 -1
514 0
516 5
517 -1
518 -1
520 -1
521 -1
522 -1
523 -1
524 0
525 -1
527 -1
528 -1
529 -1
530 -1
531 0
532 0
533 0
534 0
535 -1
536 0
537 0
538 0
539 0
540 0
541 -1
542 0
543 0
544 0
545 0
547 -1
548 0
549 0
550 -1
551 0
552 0
554 0
555 6
556 0
557 0
558 7
559 -1
560 -1
561 0
562 0
563 0
564 0
565 0
566 0
567 0
568 -1
569 -1
570 0
571 0
572 -1
573 0
574 0
575 0
576 -1
577 -1
578 0
579 0
580 0
581 0
582 0
583 6
584 -1
585 0
586 -1
588 0
589 0
590 0
591 0
592 -1
593 0
594 0
596 11
597 0
598 0
600 0
601 0
602 0
604 0
606 -1
607 -1
608 0
609 -1
610 -1
611 -1
612 -1
614 -1
615 0
616 -1
617 0
619 0
620 0
621 0
622 0
623 0
625 0
626 0
627 0
628 -1
629 0
630 0
631 6
632 0
633 0
634 -1
635 -1
636 -1
637 0
638 0
639 0
640 0
641 -1
642 -1
643 0
644 0
645 -1
647 0
648 -1
649 -1
650 -1
651 0
652 0
653 -1
654 -1
655 -1
656 0
657 -1
658 0
659 0
660 0
661 0
662 0
663 0
664 -1
665 0
666 -1
667 0
668 0
669 0
670 -1
671 0
672 0
673 0
674 -1
675 0
677 -1
678 0
679 -1
680 0
681 -1
682 0
683 0
684 -1
685 0
686 0
688 0
689 0
690 3
691 -1
692 0
693 0
694 0
695 -1
696 0
697 0
698 -1
699 -1
700 -1
701 9
704 0
705 -1
706 -1
708 0
709 -1
710 -1
712 0
713 0
714 0
715 0
716 -1
717 0
718 0
719 0
720 0
721 0
722 0
723 5
724 6
725 0
726 -1
727 -1
728 -1
729 0
730 0
732 0
733 -1
734 -1
735 0
736 -1
738 0
739 0
740 0
741 -1
742 -1
743 0
744 0
745 0
746 0
747 0
748 -1
749 14
750 -1
751 -1
752 0
753 0
754 0
755 0
756 -1
757 -1
758 -1
759 -1
760 -1
761 -1
763 -1
764 0
765 -1
766 0
767 0
768 -1
770 -1
771 -1
772 0
774 0
775 0
776 6
778 -1
779 -1
780 -1
781 0
782 0
783 0
784 0
785 -1
786 0
787 0
788 -1
789 0
790 -1
791 0
792 0
793 -1
794 0
795 0
796 -1
798 0
800 -1
801 10
802 -1
803 0
804 0
805 -1
806 -1
807 15
808 -1
810 0
812 0
813 -1
814 10
815 -1
816 0
817 -1
818 0
819 0
820 0
822 0
823 -1
824 0
827 -1
828 -1
829 -1
831 0
832 0
833 0
834 0
835 0
836 0
837 0
838 0
839 -1
840 -1
841 0
842 -1
843 0
844 -1
845 -1
846 0
847 0
848 -1
849 0
850 0
851 -1
852 -1
853 0
854 0
855 0
856 0
857 0
858 5
859 0
860 0
861 0
862 0
863 0
864 0
865 0
866 -1
867 -1
868 0
869 13
870 0
871 0
872 0
873 0
874 -1
875 0
876 0
877 -1
878 0
879 0
880 -1
881 -1
882 -1
883 0
884 -1
885 0
886 -1
887 -1
888 0
889 -1
890 0
891 -1
892 0
893 0
894 -1
895 0
896 -1
897 -1
899 -1
900 0
901 0
902 -1
903 0
904 -1
905 0
906 12
907 -1
908 0
910 0
911 0
913 0
914 0
915 -1
916 0
917 0
918 0
919 0
921 0
922 -1
923 0
925 0
927 0
928 -1
930 0
931 0
932 0
933 0
934 0
935 0
936 0
937 -1
938 0
939 -1
940 0
941 0
942 -1
943 -1
944 0
945 0
946 0
947 4
948 13
950 0
951 0
952 0
953 -1
955 -1
956 -1
957 -1
958 0
959 0
960 0
961 -1
962 -1
963 0
964 -1
965 -1
966 -1
967 0
968 4
969 0
970 -1
971 8
972 -1
973 0
974 -1
975 -1
976 0
977 -1
978 -1
980 0
981 -1
982 0
983 0
984 -1
986 0
987 0
988 -1
989 0
990 -1
992 0
994 -1
995 0
996 -1
997 -1
998 -1
999 0
1000 0
1001 0
1002 0
1003 0
1004 -1
1005 -1
1007 -1
1008 -1
1010 -1
1011 0
1012 -1
1013 -1
1014 -1
1015 0
1016 -1
1017 -1
1018 -1
1019 -1
1020 0
1021 0
1022 0
1023 0
1024 0
1025 0
1026 -1
1027 0
1028 -1
1029 0
1030 0
1031 0
1032 0
1033 0
1034 0
1035 -1
1036 0
1038 -1
1039 -1
1040 -1
1041 -1
1042 -1
1043 -1
1044 -1
1045 -1
1046 0
1047 0
1048 0
1049 0
1050 -1
1052 -1
1053 -1
1055 0
1056 0
1059 -1
1060 0
1061 0
1062 0
1063 0
1064 -1
1065 0
1066 0
1067 0
1068 0
1069 -1
1070 0
1071 -1
1072 -1
1073 -1
1074 0
1075 0
1076 0
1077 -1
1078 0
1079 -1
1080 -1
1081 0
1082 0
1083 0
1084 0
1085 0
1086 0
1087 0
1088 -1
1089 0
1091 0
1093 -1
1094 0
1095 -1
1096 0
1097 0
1098 -1
1099 0
1100 0
1101 -1
1102 -1
1103 0
1104 11
1105 0
1106 0
1107 -1
1108 12
1109 0
1110 0
1111 0
1112 -1
1113 0
1114 -1
1115 -1
1116 -1
1117 -1
1118 -1
1119 -1
1120 -1
1121 -1
1122 -1
1123 0
1124 0
1125 -1
1126 -1
1128 12
1129 -1
1130 0
1131 0
1132 0
1133 0
1134 0
1135 0
1137 0
1138 -1
1139 0
1140 -1
1142 -1
1143 -1
1144 0
1145 0
1147 0
1148 -1
1149 -1
1151 7
1153 0
1154 0
1155 15
1156 -1
1157 0
1158 0
1159 0
1160 0
1161 0
1162 -1
1164 0
1165 0
1166 0
1168 13
1169 0
1170 0
1171 0
1172 0
1173 0
1174 0
1175 -1
1177 -1
1178 -1
1180 0
1181 -1
1182 0
1183 -1
1184 6
1185 0
1186 -1
1187 2
1188 0
1189 -1
1190 -1
1191 -1
1193 10
1194 -1
1195 0
1197 0
1198 0
1199 2
1200 -1
1201 -1
1202 0
1203 0
1204 0
1205 0
1206 0
1207 -1
1208 -1
1209 0
1210 -1
1212 11
1213 0
1214 -1
1215 0
1217 0
1218 0
1219 0
1220 -1
1221 0
1222 14
1223 0
1224 0
1225 0
1226 0
1227 0
1228 -1
1229 0
1230 0
1231 0
1232 -1
1233 3
1235 0
1236 0
1237 0
1238 -1
1239 0
1240 6
1241 -1
1242 7
1243 0
1244 -1
1245 0
1247 0
1248 0
1250 16
1251 -1
1252 0
1253 13
1254 0
1255 0
1256 -1
1257 0
1258 0
1259 0
1261 -1
1262 -1
1263 -1
1264 -1
1265 -1
1267 0
1268 0
1269 0
1270 -1
1271 -1
1272 0
1273 0
1274 0
1275 -1
1277 -1
1278 0
1279 -1
1280 -1
1284 -1
1285 -1
1286 -1
1287 0
1289 0
1290 9
1291 0
1292 0
1294 0
1296 0
1297 0
1298 13
1299 0
1300 0
1302 0
1303 0
1304 -1
1305 -1
1306 0
1307 0
1308 -1
1309 -1
1310 0
1311 0
1312 9
1313 0
1314 -1
1315 -1
1316 0
1317 0
1318 0
1319 0
1320 -1
1321 -1
1322 -1
1323 0
1325 5
1326 0
1328 12
1329 0
1330 -1
1331 0
1332 -1
1334 -1
1335 0
1336 -1
1338 0
1339 0
1340 0
1341 0
1342 0
1343 0
1344 -1
1345 0
1346 0
1347 -1
1348 0
1349 0
1351 -1
1352 -1
1354 -1
1355 0
1356 0
1357 0
1359 0
1360 -1
1363 0
1364 15
1365 0
1366 0
1367 0
1368 0
1369 -1
1370 0
1371 0
1372 0
1373 0
1374 -1
1376 0
1377 0
1378 0
1379 -1
1381 -1
1382 -1
1383 0
1384 0
1385 0
1386 0
1387 0
1389 -1
1390 -1
1391 -1
1392 -1
1394 0
1395 -1
1396 0
1398 0
1399 0
1400 -1
1401 -1
1402 0
1403 -1
1404 -1
1405 -1
1406 -1
1407 15
1408 -1
1409 -1
1410 0
1413 -1
1414 -1
1415 -1
1416 0
1417 -1
1419 0
1420 -1
1421 0
1422 0
1423 -1
1424 -1
1425 -1
1426 0
1427 -1
1428 -1
1429 -1
1430 -1
1431 0
1432 0
1434 0
1436 0
1437 -1
1438 -1
1439 0
1440 0
1441 -1
1442 -1
1443 0
1444 -1
1445 -1
1446 -1
1447 15
1448 0
1449 0
1451 0
1453 0
1455 -1
1456 0
1457 0
1458 0
1459 0
1460 0
1461 -1
1462 0
1463 0
1464 -1
1465 0
1466 0
1467 0
1468 0
1469 -1
1470 -1
1471 12
1472 -1
1473 -1
1474 -1
1475 0
1476 0
1477 -1
1478 10
1479 0
1480 0
1482 -1
1483 0
1485 0
1486 -1
1487 -1
1488 0
1489 0
1490 0
1491 -1
1493 0
1494 -1
1495 0
1496 -1
1497 -1
1499 0
1500 0
1501 0
1502 0
1503 -1
1504 0
1505 0
1506 0
1507 -1
1508 -1
1509 -1
1510 0
1511 -1
1513 -1
1515 0
1516 0
1517 -1
1518 0
1519 -1
1520 -1
1522 -1
1524 0
1525 0
1526 6
1528 15
1529 -1
1530 0
1531 1
1532 -1
1533 0
1534 0
1535 0
1536 -1
1537 5
1538 12
1540 7
1542 -1
1543 -1
1544 -1
1545 0
1546 0
1547 -1
1548 0
1551 0
1552 0
1553 -1
1554 0
1555 -1
1558 -1
1559 0
1560 0
1561 0
1562 0
1563 0
1564 0
1565 -1
1566 0
1567 0
1568 0
1569 -1
1570 0
1571 -1
1572 0
1573 0
1574 0
1576 -1
1577 -1
1578 -1
1579 0
1580 0
1581 0
1582 0
1583 -1
1584 0
1585 0
1586 -1
1587 0
1589 6
1590 0
1592 -1
1593 0
1594 0
1596 8
1597 0
1598 0
1599 0
1600 0
1601 0
1602 -1
1604 0
1605 0
1606 -1
1608 0
1609 0
1610 -1
1612 0
1613 0
1614 -1
1616 0
1617 0
1618 0
1619 0
1620 -1
1621 0
1622 -1
1623 0
1624 -1
1625 0
1626 -1
1627 -1
1628 -1
1629 0
1630 0
1631 0
1632 -1
1633 -1
1634 0
1635 0
1637 0
1638 0
1639 0
1640 0
1641 -1
1642 0
1643 -1
1644 0
1645 0
1647 0
1648 0
1650 -1
1652 0
1653 -1
1654 0
1655 -1
1656 0
1657 -1
1658 -1
1659 0
1660 -1
1661 0
1662 0
1663 -1
1664 0
1665 0
1666 -1
1667 2
1668 0
1669 0
1670 10
1671 -1
1672 -1
1673 -1
1674 0
1675 -1
1676 -1
1677 0
1678 -1
1679 0
1680 -1
1681 0
1682 0
1684 -1
1685 0
1686 6
1687 0
1688 0
1689 0
1690 0
1691 -1
1692 8
1693 0
1694 0
1695 -1
1697 0
1698 0
1699 0
1700 0
1701 -1
1702 7
1704 0
1706 0
1707 0
1709 0
1711 -1
1712 0
1713 0
1714 0
1715 -1
1716 0
1717 0
1718 0
1719 0
1720 0
1721 0
1722 0
1723 0
1724 0
1726 0
1727 0
1728 0
1729 13
1730 0
1732 -1
1733 -1
1734 0
1735 0
1736 0
1737 0
1738 -1
1739 -1
1740 -1
1741 0
1743 0
1744 0
1745 0
1747 0
1750 0
1751 0
1753 -1
1754 0
1755 0
1756 0
1758 -1
1759 -1
1760 5
1761 -1
1762 0
1763 -1
1764 0
1765 0
1766 -1
1767 0
1768 -1
1769 -1
1770 0
1771 -1
1772 5
1773 0
1774 -1
1775 -1
1776 0
1777 -1
1778 16
1779 0
1780 0
1782 -1
1783 -1
1784 0
1785 13
1788 0
1789 0
1790 -1
1792 0
1793 0
1794 7
1797 -1
1798 0
1799 -1
1800 0
1802 -1
1803 -1
1804 -1
1805 0
1809 0
1810 -1
1811 -1
1813 -1
1814 0
1815 0
1816 0
1817 0
1818 -1
1819 0
1820 0
1822 0
1823 0
1824 0
1825 -1
1826 -1
1827 -1
1828 0
1829 -1
1831 0
1832 0
1833 0
1834 -1
1835 13
1838 0
1840 0
1842 -1
1843 0
1844 0
1845 0
1847 2
1848 0
1849 0
1850 0
1851 0
1852 5
1853 -1
1854 0
1855 0
1856 0
1857 0
1858 -1
1862 -1
1863 -1
1864 0
1865 -1
1866 0
1867 -1
1868 5
1869 0
1870 0
1871 0
1873 -1
1874 0
1875 0
1876 0
1877 0
1878 0
1879 0
1880 -1
1881 0
1882 0
1884 0
1885 0
1886 -1
1887 0
1888 -1
1889 0
1890 -1
1891 -1
1892 0
1893 0
1894 6
1895 0
1897 13
1898 0
1899 -1
1900 -1
1901 1
1902 0
1904 -1
1906 0
1907 -1
1910 -1
1912 0
1913 0
1914 0
1915 0
1916 0
1917 0
1918 0
1919 -1
1921 0
1922 -1
1923 -1
1924 0
1925 -1
1926 -1
1928 0
1929 0
1930 0
1931 -1
1933 0
1934 0
1936 0
1937 -1
1938 0
1939 0
1940 -1
1941 0
1942 0
1943 -1
1944 -1
1946 0
1947 -1
1948 0
1949 0
1950 0
1951 0
1952 0
1953 0
1955 0
1956 -1
1957 -1
1959 0
1960 0
1962 0
1963 0
1966 -1
1967 0
1968 0
1969 -1
1971 0
1972 14
1973 -1
1974 0
1975 0
1976 0
1977 -1
1978 -1
1979 0
1980 0
1981 0
1982 -1
1983 0
1984 0
1985 -1
1986 0
1987 -1
1989 -1
1991 0
1992 -1
1993 0
1994 0
1995 0
1996 0
1997 0
1998 14
1999 0
2000 0
2001 0
2002 0
2003 0
2004 0
2005 -1
2006 0
2007 -1
2008 0
2009 -1
2010 0
2011 -1
2012 -1
2014 0
2015 2
2016 -1
2017 0
2019 6
2020 0
2021 0
2022 0
2024 -1
2025 -1
2027 0
2028 0
2029 0
2030 0
2031 -1
2032 0
2033 0
2035 0
2036 -1
2040 -1
2041 0
2042 0
2044 0
2045 0
2046 0
2047 0
2051 0
2053 -1
2054 -1
2055 -1
2056 0
2057 0
2058 0
2059 -1
2060 0
2061 7
2062 0
2065 -1
2066 0
2067 0
2068 -1
2071 0
2072 0
2073 0
2074 0
2075 0
2076 1
2077 0
2078 0
2079 0
2080 0
2081 0
2083 0
2084 -1
2085 0
2086 0
2087 -1
2088 0
2090 -1
2091 -1
2092 0
2093 -1
2094 0
2095 0
2096 0
2097 0
2098 0
2099 -1
2100 -1
2101 -1
2102 -1
2103 -1
2105 -1
2106 0
2107 0
2108 0
2109 -1
2110 0
2111 0
2113 0
2115 -1
2116 0
2118 0
2119 -1
2121 -1
2122 0
2123 -1
2124 0
2125 -1
2126 0
2127 0
2128 -1
2129 -1
2130 0
2131 0
2132 -1
2133 -1
2134 0
2135 0
2136 -1
2139 0
2140 0
2141 0
2142 0
2143 0
2146 0
2147 -1
2148 0
2149 0
2150 -1
2152 0
2153 0
2154 -1
2155 0
2156 -1
2157 -1
2158 2
2159 0
2161 0
2162 0
2163 6
2164 0
2165 0
2166 0
2167 -1
2168 0
2169 0
2170 0
2171 0
2172 0
2173 -1
2174 -1
2178 -1
2179 0
2182 0
2183 0
2184 -1
2185 0
2186 0
2187 0
2188 -1
2189 0
2190 0
2191 0
2192 0
2193 -1
2194 0
2195 -1
2197 0
2198 0
2200 -1
2202 0
2204 0
2205 -1
2206 0
2207 10
2210 -1
2211 0
2213 -1
2214 0
2217 0
2218 -1
2220 0
2221 0
2223 0
2224 -1
2226 14
2227 -1
2228 0
2229 0
2231 -1
2232 0
2233 -1
2234 0
2235 0
2236 0
2237 -1
2239 2
2240 0
2241 0
2244 -1
2245 -1
2246 0
2248 0
2249 0
2251 0
2252 0
2253 -1
2255 0
2256 0
2257 0
2258 0
2259 -1
2260 -1
2261 0
2262 -1
2263 0
2265 0
2266 0
2267 0
2268 -1
2269 -1
2270 0
2271 1
2272 11
2273 0
2274 0
2275 0
2276 -1
2277 -1
2278 0
2280 0
2281 0
2282 0
2283 0
2284 0
2285 0
2286 -1
2287 0
2288 0
2290 13
2291 -1
2292 0
2293 0
2294 0
2298 0
2299 0
2300 0
2302 0
2303 0
2304 13
2305 0
2306 0
2307 -1
2308 -1
2309 0
2310 0
2311 0
2312 0
2314 -1
2315 0
2316 0
2317 6
2318 0
2320 4
2321 0
2323 -1
2324 0
2325 -1
2327 -1
2329 -1
2331 0
2332 0
2334 -1
2335 0
2336 -1
2337 -1
2338 11
2339 0
2340 -1
2341 0
2342 0
2343 0
2344 3
2345 -1
2346 0
2350 0
2351 0
2353 -1
2354 0
2355 0
2356 -1
2357 9
2358 0
2359 0
2360 0
2361 -1
2362 -1
2363 -1
2364 0
2365 0
2367 -1
2368 0
2369 -1
2370 0
2371 0
2372 -1
2373 0
2374 -1
2376 0
2377 0
2379 0
2381 -1
2383 0
2385 0
2386 0
2387 0
2388 0
2389 0
2390 0
2391 12
2393 0
2395 0
2397 -1
2398 0
2399 0
2400 0
2401 0
2402 0
2403 0
2404 0
2405 6
2406 0
2407 0
2408 0
2409 0
2410 0
2411 0
2413 0
2414 0
2415 0
2418 -1
2419 0
2420 0
2421 0
2422 0
2424 0
2425 -1
2427 0
2428 -1
2429 -1
2430 -1
2431 0
2432 -1
2433 -1
2434 0
2438 0
2440 -1
2441 0
2442 0
2443 0
2445 0
2446 0
2448 0
2449 15
2450 0
2451 0
2452 0
2455 -1
2457 -1
2459 0
2460 0
2461 0
2462 0
2463 0
2464 0
2467 0
2468 0
2471 0
2472 -1
2473 0
2474 0
2476 0
2478 -1
2479 0
2480 0
2482 -1
2483 0
2484 0
2485 -1
2486 -1
2488 5
2489 0
2490 7
2491 0
2492 0
2493 0
2494 -1
2495 0
2496 0
2498 0
2499 -1
2501 6
2502 0
2503 0
2504 0
2505 0
2506 -1
2507 -1
2508 -1
2510 0
2511 0
2512 0
2513 -1
2514 -1
2516 0
2517 0
2518 0
2519 0
2520 0
2521 14
2522 -1
2524 0
2525 0
2528 0
2529 2
2531 0
2533 -1
2534 0
2535 0
2536 0
2537 0
2538 -1
2539 -1
2540 0
2541 0
2542 0
2543 0
2545 -1
2547 0
2548 -1
2549 -1
2550 -1
2551 0
2552 -1
2553 0
2557 0
2558 0
2560 -1
2561 0
2563 0
2564 0
2565 0
2567 0
2569 -1
2570 0
2572 0
2574 -1
2576 0
2579 0
2580 0
2583 0
2584 0
2585 0
2586 0
2587 0
2588 12
2589 0
2590 -1
2591 0
2592 0
2595 0
2596 -1
2597 0
2598 0
2599 0
2601 0
2602 0
2604 -1
2605 -1
2606 0
2607 -1
2608 0
2609 -1
2610 -1
2611 0
2612 -1
2614 0
2615 0
2617 -1
2618 3
2619 0
2620 2
2621 0
2623 0
2624 0
2625 0
2626 0
2627 0
2628 0
2631 0
2632 -1
2633 0
2634 -1
2635 0
2636 0
2637 0
2638 -1
2639 0
2640 -1
2642 0
2643 -1
2644 -1
2646 -1
2648 0
2650 0
2652 -1
2653 -1
2654 0
2657 -1
2660 3
2661 0
2662 0
2664 0
2665 0
2666 0
2667 0
2668 -1
2670 -1
2671 0
2672 -1
2673 0
2674 0
2676 6
2677 0
2678 0
2679 0
2680 0
2681 0
2682 0
2683 0
2685 0
2686 6
2687 -1
2688 0
2689 -1
2690 0
2691 0
2692 0
2693 0
2694 0
2695 -1
2697 0
2698 -1
2701 0
2702 -1
2704 0
2705 0
2707 0
2709 0
2710 -1
2711 -1
2715 -1
2716 0
2717 0
2718 0
2719 0
2720 -1
2721 -1
2722 0
2723 0
2724 0
2725 -1
2726 0
2728 0
2729 -1
2731 0
2732 0
2733 0
2737 0
2738 2
2739 0
2741 -1
2742 0
2743 0
2744 0
2745 -1
2747 0
2748 -1
2749 -1
2750 0
2751 0
2752 0
2753 -1
2755 -1
2756 -1
2758 -1
2759 0
2760 0
2762 0
2763 0
2764 -1
2765 0
2768 0
2769 0
2772 -1
2773 0
2775 -1
2776 -1
2777 -1
2778 0
2779 0
2780 0
2783 0
2785 0
2786 0
2787 0
2788 -1
2789 -1
2791 0
2792 0
2794 0
2795 -1
2796 0
2798 0
2799 0
2801 -1
2802 0
2803 0
2804 -1
2806 0
2807 0
2809 0
2811 0
2812 2
2813 0
2815 0
2816 0
2817 0
2818 0
2820 0
2821 -1
2822 0
2823 0
2825 0
2826 0
2830 -1
2831 0
2832 0
2833 0
2834 0
2835 0
2838 0
2839 0
2840 0
2843 0
2844 -1
2845 0
2846 -1
2848 -1
2849 0
2850 -1
2851 0
2854 0
2855 0
2856 0
2857 -1
2858 0
2859 -1
2861 0
2862 -1
2863 0
2866 -1
2867 0
2868 4
2869 -1
2870 -1
2871 0
2872 0
2873 0
2874 0
2875 -1
2878 -1
2879 0
2880 0
2881 0
2882 0
2883 0
2884 0
2885 0
2886 0
2887 0
2888 0
2889 -1
2890 0
2892 0
2894 0
2895 0
2896 -1
2898 0
2899 0
2900 0
2902 -1
2904 8
2906 0
2908 0
2909 0
2912 -1
2914 0
2916 5
2917 0
2918 14
2920 -1
2921 0
2922 0
2923 0
2925 0
2927 0
2928 0
2930 0
2931 0
2932 0
2933 -1
2934 -1
2936 0
2937 0
2938 0
2939 0
2940 -1
2941 -1
2942 -1
2943 0
2944 -1
2945 0
2946 0
2947 0
2948 0
2950 -1
2951 0
2952 0
2954 -1
2955 -1
2956 12
2957 0
2959 -1
2960 0
2961 0
2962 0
2963 0
2964 0
2965 -1
2968 0
2970 -1
2971 0
2972 0
2973 0
2974 0
2975 -1
2976 0
2979 0
2980 0
2986 -1
2987 0
2988 0
2989 -1
2990 0
2991 12
2993 0
2995 0
2996 -1
2997 -1
2999 13
3000 0
3001 0
3002 0
3003 0
3004 0
3005 -1
3006 0
3008 -1
3009 0
3010 0
3011 0
3012 0
3013 -1
3014 -1
3015 0
3016 0
3017 -1
3018 0
3021 0
3022 -1
3023 0
3024 0
3025 -1
3027 -1
3028 0
3029 0
3030 -1
3031 0
3032 15
3033 0
3035 0
3036 0
3038 0
3039 2
3041 -1
3042 -1
3043 2
3044 2
3045 0
3046 9
3048 0
3049 0
3050 0
3051 -1
3052 0
3053 0
3055 -1
3056 0
3057 0
3058 0
3061 -1
3062 -1
3063 0
3064 0
3065 0
3066 0
3068 0
3069 0
3070 0
3071 0
3072 0
3076 0
3077 0
3078 0
3079 -1
3081 -1
3082 0
3085 0
3086 0
3087 -1
3091 5
3092 5
3094 -1
3095 0
3096 -1
3097 0
3098 0
3099 0
3100 0
3101 -1
3102 0
3103 0
3104 0
3105 -1
3106 0
3107 0
3111 0
3112 0
3113 0
3114 0
3115 0
3116 0
3117 12
3118 0
3119 12
3120 0
3121 -1
3122 0
3123 -1
3124 -1
3125 0
3127 0
3128 0
3129 0
3130 0
3131 -1
3132 -1
3133 0
3134 0
3135 -1
3136 0
3137 0
3139 0
3140 0
3141 0
3144 0
3145 0
3146 0
3147 0
3149 0
3152 0
3153 -1
3155 0
3156 -1
3157 -1
3158 -1
3160 0
3161 0
3162 0
3163 -1
3165 -1
3166 0
3168 0
3169 0
3170 0
3171 0
3172 0
3173 0
3174 0
3175 0
3176 0
3177 0
3179 -1
3180 -1
3181 0
3183 0
3184 0
3185 0
3186 -1
3187 0
3190 0
3191 0
3192 0
3193 0
3194 0
3195 -1
3196 -1
3197 0
3198 0
3199 6
3200 6
3202 -1
3203 -1
3205 0
3206 -1
3207 0
3210 -1
3211 1
3212 1
3214 -1
3215 0
3216 -1
3218 -1
3219 0
3220 0
3224 4
3225 4
3226 16
3227 -1
3228 0
3229 0
3230 0
3231 0
3232 0
3233 -1
3234 0
3235 0
3236 0
3237 -1
3238 -1
3239 0
3240 0
3241 0
3242 0
3243 -1
3245 0
3247 0
3248 0
3249 0
3250 0
3251 0
3252 0
3253 -1
3254 -1
3255 0
3257 0
3258 -1
3259 -1
3260 -1
3261 16
3262 16
3263 0
3265 0
3266 0
3269 -1
3270 0
3272 0
3275 -1
3277 -1
3278 15
3279 0
3281 0
3282 0
3284 -1
3286 0
3287 0
3288 0
3289 0
3290 -1
3291 0
3292 2
3293 2
3294 0
3295 0
3296 -1
3298 0
3299 -1
3301 0
3302 0
3304 0
3305 0
3306 0
3307 0
3308 0
3309 0
3310 -1
3312 0
3313 0
3314 0
3315 0
3316 0
3318 -1
3319 0
3320 0
3321 7
3323 0
3324 0
3325 13
3327 0
3328 0
3329 0
3330 0
3332 0
3333 0
3334 0
3335 -1
3336 0
3337 0
3338 0
3339 0
3340 0
3341 -1
3345 -1
3346 0
3348 12
3349 12
3351 0
3352 -1
3353 -1
3354 0
3355 0
3356 0
3357 0
3358 0
3360 0
3361 0
3362 0
3363 0
3364 0
3365 0
3367 -1
3368 0
3369 0
3370 0
3371 0
3372 0
3374 -1
3375 -1
3376 -1
3377 0
3378 0
3379 0
3380 -1
3381 -1
3384 0
3385 0
3387 0
3388 0
3389 8
3390 8
3391 0
3392 0
3393 0
3394 0
3396 0
3397 0
3398 -1
3399 0
3403 -1
3404 0
3405 -1
3406 0
3407 -1
3408 0
3409 0
3410 0
3411 0
3412 0
3413 -1
3414 0
3415 -1
3416 0
3417 0
3419 0
3420 0
3423 0
3424 0
3425 -1
3426 0
3427 0
3428 0
3429 -1
3430 0
3432 0
3433 5
3434 5
3435 0
3436 -1
3437 0
3439 0
3441 0
3442 0
3443 -1
3445 0
3446 0
3447 -1
3448 0
3449 0
3451 0
3452 0
3453 0
3454 0
3455 -1
3456 0
3457 0
3459 -1
3460 -1
3461 0
3462 -1
3463 0
3465 0
3466 0
3467 0
3468 0
3469 -1
3471 0
3472 0
3473 0
3474 -1
3475 -1
3476 0
3477 0
3478 0
3479 3
3480 3
3481 0
3482 0
3484 0
3485 0
3486 0
3487 0
3488 0
3489 -1
3490 0
3491 0
3492 0
3493 0
3494 0
3496 0
3497 0
3498 0
3499 -1
3501 0
3502 0
3503 0
3504 0
3506 0
3507 0
3508 0
3509 -1
3510 0
3511 0
3512 -1
3513 -1
3514 0
3515 0
3516 0
3517 0
3518 0
3520 0
3521 0
3522 0
3523 0
3524 0
3526 -1
3528 0
3529 0
3530 0
3531 -1
3532 -1
3533 0
3534 0
3535 -1
3536 0
3537 0
3538 0
3540 0
3541 0
3542 13
3543 0
3544 -1
3546 0
3548 -1
3549 0
3550 0
3551 0
3552 0
3553 5
3554 0
3555 5
3556 -1
3557 -1
3558 0
3559 0
3560 0
3562 -1
3563 0
3564 0
3567 0
3568 12
3569 12
3570 0
3571 0
3572 0
3573 0
3574 0
3575 0
3576 -1
3577 0
3579 0
3580 0
3581 -1
3582 0
3583 0
3584 0
3585 0
3589 0
3590 0
3591 0
3592 0
3594 11
3596 0
3597 0
3598 0
3600 -1
3601 -1
3603 0
3604 -1
3606 -1
3607 0
3608 0
3609 0
3610 0
3611 0
3612 -1
3613 14
3614 -1
3615 0
3616 0
3618 0
3619 0
3620 0
3621 -1
3622 0
3623 0
3624 0
3625 0
3627 0
3628 -1
3630 0
3631 0
3632 0
3633 0
3635 0
3636 0
3637 0
3638 0
3639 0
3640 -1
3641 0
3642 0
3643 0
3644 0
3645 -1
3647 0
3648 0
3649 0
3650 0
3651 0
3652 0
3653 0
3654 0
3655 0
3656 0
3658 0
3659 5
3660 0
3661 0
3662 0
3663 -1
3665 0
3666 0
3667 0
3668 0
3669 0
3670 0
3671 0
3672 -1
3673 0
3674 -1
3676 0
3677 0
3678 0
3680 0
3681 0
3682 0
3683 0
3684 0
3685 0
3686 0
3687 0
3688 -1
3689 0
3690 0
3691 0
3692 -1
3693 -1
3694 -1
3695 0
3696 -1
3697 0
3698 0
3699 0
3700 0
3701 0
3702 0
3703 -1
3704 0
3705 -1
3706 -1
3707 0
3708 2
3710 0
3712 9
3713 9
3714 0
3715 0
3716 0
3717 0
3718 0
3719 0
3720 0
3721 0
3722 -1
3723 0
3724 0
3725 0
3726 0
3727 -1
3728 0
3729 0
3730 0
3731 7
3732 0
3733 0
3734 0
3735 0
3737 0
3738 0
3739 0
3740 0
3741 -1
3742 0
3743 0
3744 0
3745 0
3746 0
3747 0
3748 0
3750 -1
3751 0
3752 0
3753 -1
3754 0
3755 0
3756 0
3758 0
3759 0
3760 0
3761 0
3762 -1
3763 0
3764 0
3765 -1
3766 0
3767 0
3768 0
3769 0
3770 0
3771 0
3772 0
3773 -1
3774 0
3775 0
3777 0
3778 0
3779 0
3780 0
3781 0
3784 -1
3785 0
3787 0
3788 0
3789 0
3790 0
3791 -1
3792 0
3793 0
3795 0
3796 0
3797 -1
3798 0
3799 0
3800 0
3801 0
3802 0
3803 0
3804 0
3807 0
3808 0
3809 0
3810 0
3811 0
3812 0
3815 0
3816 0
3817 0
3818 0
3819 0
3820 0
3821 0
3822 -1
3823 -1
3824 0
3825 0
3826 0
3827 -1
3828 -1
3829 0
3830 0
3831 0
3832 0
3833 0
3834 0
3835 0
3836 0
3837 -1
3838 0
3839 0
3840 0
3841 0
3842 0
3843 0
3844 0
3845 0
3846 0
3847 0
3848 0
3849 0
3850 0
3851 0
3852 0
3853 -1
3854 0
3855 -1
3856 0
3857 -1
3858 -1
3860 0
3861 0
3862 0
3863 0
3864 0
3865 0
3866 0
3868 0
3869 0
3870 0
3871 -1
3872 -1
3873 0
3874 0
3875 0
3876 0
3877 0
3878 0
3879 0
3880 0
3881 0
3882 0
3883 0
3884 0
3885 0
3886 0
3887 -1
3888 -1
3889 0
3890 -1
3891 0
3892 0
3893 0
3894 0
3895 0
3896 -1
3897 -1
3898 0
3899 0
3900 0
3901 0
3902 0
3903 0
3904 0
3905 0
3906 0
3907 -1
3908 -1
3909 0
3910 0
3911 0
3912 0
3913 0
3914 0
3915 0
3916 0
3917 0
3918 -1
3919 -1
3920 -1
3921 0
3922 -1
3923 0
3924 0
3925 2
3926 2
3927 -1
3928 0
3929 0
3930 0
3931 0
3932 2
3933 0
3934 0
3935 0
3936 0
3937 0
3938 0
3939 0
3940 0
3941 0
3942 9
3943 0
3944 0
3945 0
3946 0
3947 0
3948 0
3949 0
3950 0
3951 0
3952 0
3953 0
3954 0
3955 0
3956 0
3957 0
3958 0
3959 0
3960 0
3961 0
3962 0
3963 0
3964 -1
3965 0
3966 0
3967 0
3968 0
3969 0
3970 0
3971 0
3972 0
3973 0
3974 0
3975 0
3976 0
3977 0
3978 0
3979 0
3980 0
3981 0
3982 0
3983 0
3984 0
3985 0
3986 0
3987 0
3988 0
3989 0
3990 0
3991 0
3992 0
3993 0
3994 0
3995 0
3996 0
3997 0
3998 0
3999 0
4000 0
4001 0
4002 0
4003 -1
4004 0
4005 0
4006 0
4007 0
4008 0
4009 -1
4010 0
4011 0
4012 0
4013 0
4014 0
4015 0
4016 0
4017 0
4018 0
4019 0
4020 0
4021 0
4022 0
4023 0
4024 0
4025 0
4026 -1
4027 0
4028 0
4029 0
4030 0
4031 0
4032 -1
4033 -1
4034 0
4035 0
4036 0
4037 0
4038 0
4039 -1
4040 0
4041 0
4042 0
4043 0
4044 0
4045 8
4046 8
4047 0
4048 0
4049 0
4050 0
4051 0
4052 0
4053 0
4054 0
4055 0
4056 0
4057 0
4058 0
4059 0
4060 -1
4061 -1
4062 0
4063 0
4064 0
4065 0
4066 0
4067 0
4068 0
4069 0
4070 0
4071 0
4072 0
4073 0
4074 -1
4075 0
4076 0
4077 0
4078 0
4079 0
4080 0
4081 0
4082 -1
4083 0
4084 0
4085 0
4086 0
4087 0
4088 0
4089 0
4090 0
4091 0
4092 0
4093 0
4094 0
4095 0
4096 0
4097 0
4098 0
4099 0
4100 0
4101 0
4102 0
4103 -1
4104 0
4105 0
4106 0
4107 0
4108 0
4109 0
4110 -1
4111 0
4112 0
4113 0
4114 0
4115 0
4116 0
4117 0
4118 0
4119 0
4120 -1
4121 0
4122 0
4123 -1
4124 0
4125 0
4126 0
4127 0
4128 0
4129 0
4130 0
4131 0
