0 63
1 4
2 78
3 211
4 54
5 20
6 109
7 75
8 75
9 74
10 204
11 247
12 51
13 98
14 128
15 99
16 38
17 248
18 79
19 9
20 180
21 90
22 75
23 35
24 0
25 184
26 98
27 156
28 30
29 73
30 238
31 201
32 242
33 45
34 212
35 86
36 192
37 23
38 227
39 151
40 174
41 140
42 33
43 175
44 24
45 6
46 212
47 75
49 57
50 136
51 200
52 0
53 79
54 97
55 4
57 209
58 128
59 180
60 194
61 151
62 80
63 0
64 148
65 245
66 85
67 154
68 205
69 133
70 108
71 147
72 4
73 111
74 126
75 104
76 17
77 76
78 213
79 150
80 181
81 150
82 61
83 180
84 179
85 25
86 2
87 215
88 150
89 16
90 150
91 142
92 46
93 32
94 54
95 60
96 248
97 229
98 78
99 45
100 38
101 27
102 49
104 74
105 25
106 70
107 25
108 2
109 217
110 184
111 157
112 191
113 111
114 199
115 25
116 201
118 247
119 151
120 213
121 110
122 33
123 49
124 76
125 4
126 14
127 57
128 24
129 183
130 151
131 56
132 239
133 79
135 150
136 12
137 18
138 235
139 109
140 182
141 90
142 21
143 66
144 117
145 72
146 221
147 214
148 104
149 153
150 150
151 181
152 237
153 174
154 129
155 205
156 190
157 71
158 196
159 118
160 148
161 184
162 127
163 223
164 145
165 230
166 98
167 184
168 157
169 226
170 75
171 20
172 171
173 211
174 157
175 234
176 25
177 4
178 171
179 48
180 91
181 133
182 182
183 225
184 73
185 165
186 58
187 151
188 46
189 72
190 84
191 175
192 81
193 58
194 189
195 132
196 13
197 4
198 106
199 161
200 193
201 208
202 75
203 133
204 180
206 31
207 85
208 109
209 26
210 170
211 93
212 36
213 191
214 47
215 70
216 214
218 23
219 170
220 129
221 163
222 205
223 91
224 70
225 21
226 30
227 202
228 151
229 209
230 51
231 87
232 4
233 136
234 5
235 25
236 192
237 10
239 4
240 113
241 104
242 95
243 35
244 237
245 125
246 184
247 170
248 51
249 80
250 12
251 197
252 61
253 30
254 59
255 76
256 37
257 107
258 61
259 9
260 136
261 139
262 237
263 218
264 146
265 15
266 59
267 146
268 56
269 82
271 53
272 25
273 162
274 85
275 36
276 3
277 85
278 95
280 137
281 54
282 152
283 87
284 170
285 80
286 93
287 25
288 117
289 182
290 63
291 51
292 146
293 9
294 127
295 32
296 212
297 194
299 7
300 4
301 13
303 86
304 185
305 183
306 85
307 190
308 21
309 87
310 36
312 168
313 26
314 17
315 236
317 177
318 54
319 138
320 159
321 68
322 188
323 108
324 30
325 137
326 202
327 155
328 113
330 195
331 90
332 244
333 8
334 170
335 59
336 20
337 61
338 45
339 93
340 198
342 44
343 34
344 188
345 4
346 79
347 25
348 28
349 74
350 59
351 145
352 85
353 234
354 137
355 162
356 80
357 116
358 133
361 120
362 58
363 72
364 140
365 28
366 228
367 132
368 87
369 205
370 127
371 212
372 103
373 154
374 25
375 40
377 98
378 43
379 191
380 80
381 194
382 76
383 133
384 48
385 237
386 64
387 203
389 183
391 40
392 42
393 0
394 126
395 76
396 9
397 205
398 216
400 144
401 63
402 120
403 28
404 22
405 158
406 92
407 139
408 130
409 169
410 149
411 203
412 98
413 206
414 207
415 25
416 193
417 43
418 98
419 109
420 202
421 115
422 51
423 25
424 169
425 151
426 89
427 149
428 105
429 171
430 167
431 164
432 102
433 60
434 195
435 109
436 173
437 85
438 134
439 181
440 218
441 53
444 210
445 82
446 0
447 20
448 186
449 205
450 185
451 72
452 217
453 222
454 123
455 25
456 22
457 183
458 115
459 14
460 116
461 5
462 4
463 175
464 4
465 4
466 85
467 128
469 85
470 192
471 9
472 150
473 131
474 87
475 241
476 193
477 57
478 33
479 98
480 70
481 136
482 193
483 119
484 93
485 202
486 148
487 105
488 90
490 46
492 103
493 32
494 11
495 213
496 99
497 149
498 42
499 79
500 132
501 105
502 87
503 247
504 126
505 25
507 185
508 6
509 13
510 22
511 15
512 207
513 124
514 84
516 49
517 210
518 151
519 148
520 106
521 154
522 164
523 44
524 33
525 166
527 89
528 66
529 165
530 160
531 237
532 17
533 145
534 155
535 231
536 210
537 92
538 163
539 225
540 205
541 234
542 147
543 189
544 12
545 90
547 211
548 238
549 130
550 208
551 133
552 82
554 70
555 112
556 87
557 225
558 203
559 117
560 51
561 170
562 71
563 194
564 82
565 60
566 174
567 109
568 117
569 173
570 150
571 46
572 54
573 180
574 25
575 205
576 47
577 44
578 163
579 131
580 126
581 239
582 33
583 112
584 134
585 51
586 41
588 9
589 0
590 48
591 173
592 53
593 62
594 167
596 10
597 155
598 173
600 152
601 130
602 212
604 105
606 106
607 40
608 229
609 210
610 145
611 196
612 154
614 101
615 25
616 141
617 182
619 244
620 82
621 80
622 150
623 202
625 20
626 85
627 73
628 89
629 4
630 199
631 28
632 80
633 79
634 117
635 24
636 246
637 57
638 183
639 18
640 176
641 36
642 25
643 129
644 167
645 212
647 93
648 118
649 85
650 51
651 16
652 4
653 240
654 146
655 164
656 77
657 131
658 222
659 69
660 57
661 171
662 84
663 86
664 94
665 160
666 226
667 31
668 69
669 202
670 165
671 33
672 84
673 213
674 90
675 105
676 70
677 34
678 35
679 31
680 24
681 180
682 136
683 135
684 120
685 234
686 182
688 180
689 117
690 201
691 172
692 172
693 132
694 205
695 151
696 168
697 88
698 141
699 180
700 124
701 152
704 87
705 40
706 11
707 25
708 193
709 83
710 73
712 218
713 189
714 230
715 139
716 47
717 14
718 205
719 38
720 29
721 230
722 25
723 189
724 28
725 150
726 24
727 183
728 110
729 69
730 167
732 32
733 196
734 40
735 185
736 18
737 79
738 0
739 120
740 102
741 75
742 58
743 33
744 238
745 4
746 25
747 32
748 147
749 73
750 182
751 51
752 146
753 116
754 109
755 163
756 83
757 18
758 40
759 200
760 27
761 85
763 45
764 51
765 37
766 27
767 2
768 164
770 88
771 186
772 187
774 126
775 136
776 111
777 126
778 208
779 112
780 21
781 167
782 69
783 124
784 230
785 65
786 79
787 157
788 223
789 48
790 99
791 105
792 121
793 220
794 145
795 133
796 193
797 103
798 153
799 25
800 119
801 95
802 51
803 220
804 146
805 235
806 83
807 57
808 70
810 79
812 0
813 87
814 95
815 175
816 239
817 223
818 33
819 127
820 0
821 192
822 145
823 59
824 217
825 25
827 164
828 236
829 49
831 182
832 63
833 46
834 85
835 70
836 15
837 221
838 175
839 89
840 38
841 203
842 117
843 5
844 127
845 90
846 116
847 102
848 149
849 93
850 25
851 67
852 199
853 176
854 57
855 71
856 186
857 12
858 49
859 82
860 159
861 160
862 192
863 52
864 39
865 27
866 245
867 71
868 92
869 139
870 137
871 21
872 39
873 25
874 126
875 109
876 182
877 208
878 192
879 80
880 150
881 217
882 18
883 212
884 237
885 87
886 225
887 168
888 11
889 84
890 103
891 154
892 132
893 124
894 134
895 126
896 164
897 57
899 13
900 46
901 178
902 119
903 13
904 44
905 24
906 242
907 144
908 247
910 24
911 135
913 163
914 79
915 7
916 85
917 136
918 116
919 169
921 49
922 119
923 128
924 126
925 64
927 90
928 161
930 111
931 88
932 86
933 79
934 15
935 188
936 50
937 195
938 202
939 72
940 83
941 23
942 193
943 70
944 215
945 113
946 151
947 214
948 127
950 22
951 39
952 230
953 26
955 211
956 165
957 88
958 61
959 125
960 147
961 13
962 101
963 121
964 122
965 63
966 33
967 177
968 165
969 137
970 45
971 159
972 206
973 12
974 207
975 227
976 90
977 44
978 36
980 46
981 67
982 138
983 54
984 56
986 61
987 91
988 182
989 97
990 100
991 57
992 39
993 237
994 166
995 244
996 159
997 179
998 126
999 0
1000 179
1001 123
1002 240
1003 242
1004 140
1005 36
1007 30
1008 200
1010 60
1011 77
1012 75
1013 245
1014 208
1015 193
1016 212
1017 99
1018 116
1019 162
1020 14
1021 5
1022 198
1023 12
1024 88
1025 92
1026 124
1027 14
1028 75
1029 82
1030 153
1031 32
1032 137
1033 160
1034 25
1035 67
1036 248
1038 88
1039 162
1040 53
1041 92
1042 212
1043 20
1044 245
1045 223
1046 137
1047 179
1048 151
1049 70
1050 192
1052 120
1053 157
1055 186
1056 236
1059 117
1060 224
1061 38
1062 128
1063 45
1064 42
1065 146
1066 234
1067 229
1068 178
1069 225
1070 149
1071 70
1072 65
1073 121
1074 18
1075 64
1076 66
1077 234
1078 189
1079 197
1080 234
1081 84
1082 144
1083 113
1084 4
1085 40
1086 145
1087 226
1088 69
1089 128
1091 15
1093 44
1094 33
1095 41
1096 186
1097 51
1098 125
1099 84
1100 182
1101 89
1102 72
1103 29
1104 10
1105 236
1106 97
1107 18
1108 60
1109 180
1110 115
1111 0
1112 30
1113 234
1114 105
1115 17
1116 125
1117 43
1118 247
1119 103
1120 125
1121 89
1122 86
1123 141
1124 217
1125 31
1126 245
1128 242
1129 52
1130 116
1131 21
1132 216
1133 33
1134 228
1135 201
1137 109
1138 141
1139 124
1140 93
1142 211
1143 162
1144 227
1145 105
1147 4
1148 17
1149 101
1151 203
1152 184
1153 187
1154 174
1155 57
1156 180
1157 74
1158 79
1159 15
1160 189
1161 183
1162 94
1164 161
1165 33
1166 169
1168 89
1169 75
1170 236
1171 37
1172 126
1173 136
1174 191
1175 236
1177 22
1178 12
1179 0
1180 127
1181 124
1182 149
1183 126
1184 28
1185 119
1186 102
1187 181
1188 178
1189 108
1190 88
1191 98
1193 95
1194 129
1195 155
1197 1
1198 126
1199 193
1200 192
1201 95
1202 193
1203 77
1204 163
1205 168
1206 126
1207 63
1208 75
1209 110
1210 190
1212 10
1213 149
1214 38
1215 23
1216 25
1217 111
1218 64
1219 107
1220 202
1221 98
1222 19
1223 25
1224 126
1225 25
1226 136
1227 184
1228 134
1229 222
1230 24
1231 85
1232 31
1233 201
1235 46
1236 46
1237 199
1238 55
1239 70
1240 157
1241 99
1242 203
1243 79
1244 30
1245 16
1247 148
1248 163
1249 17
1250 185
1251 232
1252 160
1253 14
1254 64
1255 150
1256 19
1257 109
1258 21
1259 202
1261 238
1262 196
1263 161
1264 114
1265 115
1267 133
1268 146
1269 128
1270 240
1271 152
1272 33
1273 4
1274 1
1275 81
1277 150
1278 4
1279 101
1280 119
1283 25
1284 24
1285 246
1286 26
1287 48
1289 132
1290 152
1291 202
1292 182
1294 95
1295 211
1296 247
1297 177
1298 151
1299 189
1300 45
1301 17
1302 21
1303 242
1304 40
1305 54
1306 33
1307 97
1308 178
1309 207
1310 1
1311 127
1312 152
1313 97
1314 154
1315 141
1316 41
1317 185
1318 25
1319 188
1320 52
1321 89
1322 15
1323 22
1325 189
1326 81
1327 124
1328 7
1329 43
1330 199
1331 93
1332 193
1333 126
1334 99
1335 171
1336 245
1338 72
1339 148
1340 91
1341 102
1342 150
1343 18
1344 192
1345 87
1346 127
1347 71
1348 150
1349 126
1350 20
1351 75
1352 101
1354 24
1355 12
1356 0
1357 75
1359 177
1360 66
1362 45
1363 106
1364 57
1365 150
1366 152
1367 4
1368 176
1369 114
1370 211
1371 85
1372 115
1373 190
1374 81
1376 205
1377 4
1378 129
1379 13
1381 148
1382 105
1383 13
1384 115
1385 17
1386 85
1387 116
1388 126
1389 246
1390 83
1391 37
1392 94
1394 160
1395 174
1396 88
1397 4
1398 4
1399 237
1400 104
1401 247
1402 116
1403 212
1404 60
1405 53
1406 56
1407 199
1408 244
1409 234
1410 205
1412 137
1413 70
1414 106
1415 3
1416 155
1417 203
1419 212
1420 58
1421 29
1422 182
1423 193
1424 219
1425 83
1426 91
1427 72
1428 27
1429 178
1430 165
1431 202
1432 79
1434 141
1436 85
1437 89
1438 85
1439 229
1440 84
1441 178
1442 90
1443 109
1444 9
1445 89
1446 69
1447 199
1448 84
1449 178
1451 151
1453 237
1455 86
1456 148
1457 151
1458 40
1459 75
1460 143
1461 68
1462 245
1463 18
1464 244
1465 62
1466 233
1467 87
1468 192
1469 63
1470 70
1471 7
1472 26
1473 1
1474 144
1475 185
1476 185
1477 246
1478 95
1479 126
1480 184
1482 249
1483 163
1485 29
1486 75
1487 112
1488 47
1489 185
1490 6
1491 89
1493 189
1494 22
1495 124
1496 6
1497 3
1498 72
1499 248
1500 25
1501 175
1502 12
1503 237
1504 249
1505 238
1506 119
1507 131
1508 151
1509 11
1510 133
1511 194
1513 220
1514 20
1515 60
1516 171
1517 2
1518 12
1519 148
1520 206
1522 197
1524 150
1525 185
1526 111
1528 57
1529 58
1530 133
1531 35
1532 145
1533 20
1534 63
1535 4
1536 70
1537 189
1538 7
1540 203
1542 114
1543 65
1544 208
1545 76
1546 0
1547 56
1548 113
1550 4
1551 77
1552 202
1553 127
1554 0
1555 94
1556 245
1558 47
1559 48
1560 103
1561 124
1562 133
1563 20
1564 111
1565 196
1566 2
1567 137
1568 20
1569 160
1570 120
1571 50
1572 52
1573 111
1574 30
1575 103
1576 159
1577 104
1578 120
1579 85
1580 237
1581 209
1582 0
1583 141
1584 25
1585 110
1586 36
1587 63
1588 133
1589 39
1590 72
1592 75
1593 129
1594 82
1596 159
1597 225
1598 81
1599 137
1600 138
1601 225
1602 83
1604 25
1605 130
1606 247
1608 58
1609 63
1610 105
1612 203
1613 183
1614 3
1616 14
1617 236
1618 130
1619 151
1620 237
1621 107
1622 162
1623 119
1624 75
1625 80
1626 14
1627 91
1628 81
1629 136
1630 86
1631 81
1632 76
1633 35
1634 202
1635 77
1637 37
1638 91
1639 51
1640 177
1641 246
1642 0
1643 21
1644 70
1645 240
1647 37
1648 89
1650 168
1651 25
1652 0
1653 153
1654 4
1655 110
1656 124
1657 97
1658 45
1659 182
1660 72
1661 84
1662 178
1663 164
1664 97
1665 126
1666 21
1667 181
1668 184
1669 46
1670 95
1671 180
1672 156
1673 105
1674 151
1675 74
1676 14
1677 33
1678 181
1679 126
1680 21
1681 153
1682 239
1684 196
1685 17
1686 28
1687 123
1688 88
1689 10
1690 25
1691 57
1692 230
1693 102
1694 24
1695 43
1697 25
1698 184
1699 183
1700 25
1701 247
1702 203
1704 12
1706 124
1707 25
1709 236
1711 208
1712 79
1713 4
1714 96
1715 8
1716 133
1717 183
1718 237
1719 148
1720 82
1721 123
1722 25
1723 13
1724 129
1725 4
1726 225
1727 69
1728 92
1729 151
1730 168
1732 244
1733 166
1734 171
1735 25
1736 24
1737 25
1738 219
1739 147
1740 79
1741 93
1743 127
1744 63
1745 112
1747 160
1748 168
1750 225
1751 168
1753 175
1754 174
1755 128
1756 63
1757 84
1758 127
1759 1
1760 49
1761 207
1762 176
1763 73
1764 78
1765 213
1766 65
1767 180
1768 159
1769 160
1770 163
1771 67
1772 189
1773 85
1774 104
1775 75
1776 51
1777 213
1778 205
1779 25
1780 133
1782 53
1783 175
1784 85
1785 151
1788 234
1789 42
1790 164
1792 33
1793 74
1794 203
1796 63
1797 14
1798 43
1799 67
1800 75
1802 203
1803 2
1804 89
1805 59
1809 238
1810 125
1811 11
1813 110
1814 164
1815 38
1816 138
1817 132
1818 179
1819 158
1820 138
1822 24
1823 27
1824 237
1825 160
1826 219
1827 53
1828 165
1829 17
1831 155
1832 163
1833 116
1834 3
1835 93
1837 180
1838 63
1840 102
1842 103
1843 122
1844 248
1845 180
1847 59
1848 0
1849 238
1850 217
1851 227
1852 49
1853 11
1854 14
1855 229
1856 133
1857 137
1858 1
1862 153
1863 94
1864 139
1865 132
1866 45
1867 233
1868 189
1869 46
1870 185
1871 136
1873 22
1874 184
1875 87
1876 4
1877 110
1878 31
1879 182
1880 149
1881 128
1882 33
1884 4
1885 4
1886 72
1887 248
1888 166
1889 139
1890 127
1891 24
1892 151
1893 97
1894 28
1895 41
1897 151
1898 249
1899 175
1900 165
1901 100
1902 21
1904 45
1906 183
1907 175
1910 188
1912 22
1913 22
1914 45
1915 24
1916 126
1917 87
1918 146
1919 57
1921 124
1922 63
1923 140
1924 229
1925 106
1926 238
1928 25
1929 17
1930 33
1931 4
1933 133
1934 48
1936 237
1937 51
1938 25
1939 222
1940 164
1941 127
1942 57
1943 190
1944 196
1946 238
1947 15
1948 110
1949 126
1950 113
1951 168
1952 238
1953 119
1955 45
1956 11
1957 175
1959 64
1960 131
1962 171
1963 218
1965 27
1966 14
1967 163
1968 0
1969 66
1970 84
1971 139
1972 73
1973 156
1974 68
1975 157
1976 151
1977 45
1978 25
1979 235
1980 248
1981 29
1982 245
1983 9
1984 51
1985 54
1986 109
1987 178
1989 132
1990 63
1991 239
1992 14
1993 150
1994 64
1995 78
1996 39
1997 74
1998 73
1999 136
2000 178
2001 78
2002 80
2003 9
2004 33
2005 36
2006 80
2007 112
2008 178
2009 223
2010 133
2011 68
2012 104
2014 63
2015 59
2016 150
2017 105
2019 112
2020 11
2021 145
2022 64
2024 102
2025 9
2026 126
2027 49
2028 0
2029 25
2030 54
2031 119
2032 183
2033 109
2035 4
2036 73
2038 25
2040 4
2041 6
2042 9
2043 126
2044 182
2045 9
2046 102
2047 183
2051 39
2053 169
2054 126
2055 208
2056 130
2057 0
2058 238
2059 208
2060 87
2061 203
2062 138
2064 182
2065 122
2066 43
2067 151
2068 105
2071 221
2072 168
2073 182
2074 176
2075 32
2076 102
2077 221
2078 87
2079 122
2080 202
2081 57
2082 133
2083 80
2084 229
2085 221
2086 48
2087 127
2088 226
2090 82
2091 83
2092 128
2093 188
2094 150
2095 92
2096 150
2097 5
2098 139
2099 15
2100 64
2101 139
2102 142
2103 162
2105 166
2106 238
2107 20
2108 4
2109 81
2110 180
2111 4
2113 39
2115 102
2116 0
2118 70
2119 134
2121 56
2122 63
2123 82
2124 212
2125 180
2126 33
2127 25
2128 225
2129 197
2130 80
2131 102
2132 47
2133 123
2134 46
2135 182
2136 25
2139 105
2140 51
2141 74
2142 125
2143 90
2145 90
2146 109
2147 14
2148 69
2149 127
2150 53
2152 78
2153 4
2154 2
2155 174
2156 90
2157 84
2158 181
2159 113
2161 97
2162 176
2163 28
2164 136
2165 92
2166 188
2167 18
2168 242
2169 15
2170 103
2171 70
2172 163
2173 208
2174 88
2178 37
2179 84
2182 25
2183 51
2184 14
2185 205
2186 64
2187 184
2188 112
2189 84
2190 88
2191 87
2192 228
2193 153
2194 12
2195 144
2197 24
2198 20
2199 174
2200 229
2202 249
2204 85
2205 70
2206 48
2207 242
2210 96
2211 85
2213 49
2214 158
2217 157
2218 196
2219 139
2220 88
2221 149
2222 247
2223 109
2224 19
2226 41
2227 169
2228 77
2229 227
2231 75
2232 4
2233 119
2234 139
2235 87
2236 61
2237 86
2239 0
2240 230
2241 242
2244 72
2245 45
2246 151
2247 4
2248 107
2249 29
2250 163
2251 24
2252 121
2253 74
2255 51
2256 79
2257 237
2258 9
2259 234
2260 60
2261 82
2262 21
2263 220
2265 25
2266 168
2267 160
2268 81
2269 40
2270 49
2271 248
2272 10
2273 126
2274 110
2275 4
2276 239
2277 215
2278 13
2279 70
2280 33
2281 45
2282 230
2283 133
2284 136
2285 227
2286 175
2287 149
2288 191
2290 236
2291 205
2292 51
2293 75
2294 128
2298 43
2299 171
2300 17
2302 139
2303 69
2304 139
2305 145
2306 148
2307 105
2308 94
2309 25
2310 193
2311 7
2312 145
2314 81
2315 87
2316 74
2317 39
2318 238
2319 185
2320 126
2321 63
2323 181
2324 20
2325 61
2327 63
2329 3
2330 184
2331 168
2332 185
2334 213
2335 194
2336 106
2337 134
2338 29
2339 25
2340 179
2341 20
2342 163
2343 4
2344 201
2345 17
2346 33
2349 79
2350 212
2351 183
2353 98
2354 211
2355 82
2356 83
2357 152
2358 136
2359 91
2360 132
2361 77
2362 117
2363 230
2364 51
2365 130
2366 245
2367 4
2368 113
2369 162
2370 149
2371 205
2372 107
2373 184
2374 27
2376 87
2377 137
2378 127
2379 4
2381 222
2383 212
2385 133
2386 175
2387 27
2388 113
2389 163
2390 79
2391 161
2393 70
2395 33
2397 180
2398 188
2399 139
2400 54
2401 21
2402 70
2403 25
2404 84
2405 171
2406 22
2407 129
2408 213
2409 43
2410 221
2411 4
2413 4
2414 109
2415 85
2418 44
2419 95
2420 43
2421 60
2422 163
2424 84
2425 18
2427 92
2428 51
2429 175
2430 235
2431 78
2432 22
2433 219
2434 32
2435 45
2438 202
2440 75
2441 184
2442 139
2443 15
2445 51
2446 12
2448 22
2449 199
2450 81
2451 64
2452 163
2455 60
2457 153
2459 80
2460 189
2461 127
2462 84
2463 76
2464 184
2467 202
2468 114
2470 25
2471 109
2472 18
2473 92
2474 126
2476 4
2478 162
2479 139
2480 180
2481 185
2482 164
2483 157
2484 6
2485 212
2486 125
2488 49
2489 76
2490 203
2491 4
2492 178
2493 185
2494 12
2495 133
2496 92
2498 237
2499 59
2501 111
2502 173
2503 148
2504 79
2505 238
2506 189
2507 162
2508 234
2509 9
2510 83
2511 98
2512 5
2513 15
2514 132
2515 139
2516 124
2517 126
2518 187
2519 183
2520 225
2521 41
2522 83
2524 12
2525 24
2526 126
2528 90
2529 246
2531 174
2533 147
2534 128
2535 25
2536 11
2537 80
2538 46
2539 58
2540 11
2541 41
2542 139
2543 222
2545 45
2547 4
2548 100
2549 226
2550 53
2551 78
2552 112
2553 61
2556 139
2557 223
2558 29
2560 102
2561 29
2563 83
2564 163
2565 201
2567 153
2568 163
2569 119
2570 217
2572 238
2574 121
2576 149
2577 85
2579 183
2580 25
2583 113
2584 85
2585 51
2586 189
2587 187
2588 7
2589 76
2590 89
2591 50
2592 109
2595 78
2596 116
2597 174
2598 12
2599 199
2601 120
2602 4
2603 139
2604 37
2605 193
2606 51
2607 145
2608 79
2609 44
2610 40
2611 0
2612 32
2614 8
2615 85
2617 83
2618 201
2619 30
2620 246
2621 42
2622 202
2623 86
2624 4
2625 126
2626 2
2627 93
2628 126
2631 25
2632 9
2633 178
2634 170
2635 236
2636 136
2637 169
2638 75
2639 12
2640 232
2642 102
2643 4
2644 117
2646 31
2648 63
2650 51
2652 223
2653 156
2654 109
2657 88
2660 234
2661 249
2662 83
2664 15
2665 126
2666 0
2667 120
2668 178
2670 38
2671 97
2672 72
2673 7
2674 82
2676 28
2677 109
2678 26
2679 87
2680 137
2681 151
2682 0
2683 184
2685 184
2686 28
2687 209
2688 85
2689 12
2690 44
2691 32
2692 105
2693 236
2694 185
2695 25
2697 25
2698 90
2701 82
2702 49
2703 205
2704 6
2705 150
2707 92
2709 163
2710 152
2711 106
2714 77
2715 128
2716 70
2717 38
2718 146
2719 139
2720 153
2721 3
2722 52
2723 126
2724 48
2725 88
2726 179
2727 25
2728 120
2729 65
2731 129
2732 4
2733 126
2737 198
2738 59
2739 24
2741 173
2742 69
2743 69
2744 188
2745 43
2747 238
2748 42
2749 194
2750 30
2751 72
2752 97
2753 45
2755 67
2756 80
2758 103
2759 238
2760 148
2761 136
2762 27
2763 87
2764 30
2765 64
2768 116
2769 133
2770 43
2772 36
2773 0
2775 72
2776 153
2777 89
2778 202
2779 9
2780 148
2781 183
2782 151
2783 202
2785 57
2786 236
2787 149
2788 54
2789 71
2791 76
2792 238
2794 41
2795 112
2796 72
2798 245
2799 193
2801 30
2802 188
2803 4
2804 60
2806 147
2807 79
2809 45
2811 151
2812 181
2813 93
2815 42
2816 57
2817 43
2818 90
2820 24
2821 102
2822 205
2823 139
2825 112
2826 87
2830 126
2831 180
2832 37
2833 238
2834 43
2835 33
2838 110
2839 25
2840 79
2842 202
2843 82
2844 231
2845 4
2846 246
2847 25
2848 171
2849 193
2850 78
2851 114
2852 25
2853 150
2854 236
2855 205
2856 151
2857 178
2858 61
2859 58
2861 76
2862 10
2863 92
2866 166
2867 80
2868 173
2869 87
2870 36
2871 81
2872 199
2873 149
2874 62
2875 138
2876 25
2878 41
2879 70
2880 78
2881 148
2882 85
2883 192
2884 148
2885 84
2886 130
2887 212
2888 72
2889 126
2890 4
2892 133
2893 25
2894 54
2895 124
2896 174
2898 29
2899 102
2900 133
2902 64
2904 159
2905 63
2906 149
2908 174
2909 198
2910 61
2911 33
2912 188
2913 98
2914 148
2916 49
2917 157
2918 19
2920 9
2921 180
2922 139
2923 93
2925 63
2927 41
2928 238
2930 168
2931 150
2932 198
2933 176
2934 237
2936 137
2937 177
2938 133
2939 98
2940 60
2941 94
2942 36
2943 92
2944 144
2945 248
2946 151
2947 80
2948 155
2949 54
2950 27
2951 238
2952 61
2954 68
2955 79
2956 7
2957 69
2959 124
2960 61
2961 163
2962 91
2963 168
2964 76
2965 4
2968 137
2970 170
2971 93
2972 98
2973 151
2974 4
2975 208
2976 61
2979 205
2980 51
2983 77
2984 4
2985 207
2986 168
2987 229
2988 25
2989 72
2990 26
2991 248
2993 22
2995 80
2996 196
2997 232
2999 127
3000 49
3001 222
3002 85
3003 25
3004 25
3005 175
3006 87
3007 205
3008 205
3009 51
3010 150
3011 237
3012 109
3013 88
3014 88
3015 145
3016 49
3017 56
3018 126
3021 2
3022 124
3023 58
3024 70
3025 140
3027 6
3028 82
3029 107
3030 42
3031 199
3032 199
3033 225
3035 249
3036 153
3038 25
3039 181
3040 25
3041 244
3042 31
3043 59
3044 59
3045 76
3046 170
3048 151
3049 226
3050 116
3051 56
3052 222
3053 184
3055 170
3056 178
3057 216
3058 87
3061 142
3062 230
3063 126
3064 146
3065 107
3066 43
3067 110
3068 113
3069 46
3070 193
3071 151
3072 148
3076 20
3077 179
3078 102
3079 179
3081 219
3082 4
3084 150
3085 239
3086 63
3087 70
3088 25
3090 25
3091 49
3092 49
3094 232
3095 25
3096 175
3097 87
3098 79
3099 188
3100 188
3101 63
3102 149
3103 87
3104 160
3105 11
3106 11
3107 192
3111 4
3112 146
3113 146
3114 63
3115 239
3116 239
3117 60
3118 7
3119 242
3120 150
3121 233
3122 130
3123 44
3124 44
3125 4
3127 32
3128 60
3129 150
3130 98
3131 200
3132 125
3133 187
3134 187
3135 25
3136 1
3137 33
3139 91
3140 48
3141 48
3144 180
3145 183
3146 63
3147 20
3148 153
3149 212
3152 205
3153 120
3154 93
3155 88
3156 88
3157 153
3158 4
3160 85
3161 13
3162 13
3163 13
3164 130
3165 243
3166 9
3167 148
3168 171
3169 234
3170 29
3171 29
3172 202
3173 239
3174 198
3175 198
3176 182
3177 194
3178 128
3179 85
3180 190
3181 205
3182 25
3183 102
3184 126
3185 4
3186 218
3187 4
3190 87
3191 82
3192 4
3193 126
3194 113
3195 150
3196 81
3197 0
3198 70
3199 187
3200 111
3202 145
3203 149
3205 1
3206 231
3207 54
3209 75
3210 40
3211 100
3212 35
3214 73
3215 0
3216 194
3218 82
3219 186
3220 237
3221 79
3222 205
3224 173
3225 46
3226 98
3227 108
3228 24
3229 57
3230 148
3231 7
3232 18
3233 84
3234 236
3235 158
3236 158
3237 228
3238 141
3239 133
3240 4
3241 76
3242 174
3243 169
3245 20
3246 163
3247 77
3248 63
3249 153
3250 25
3251 57
3252 2
3253 87
3254 4
3255 237
3256 163
3257 91
3258 198
3259 104
3260 245
3261 237
3262 163
3263 184
3265 184
3266 84
3267 182
3268 182
3269 17
3270 126
3272 127
3273 25
3274 139
3275 162
3277 199
3278 199
3279 87
3280 87
3281 87
3282 43
3284 178
3286 85
3287 126
3288 116
3289 148
3290 47
3291 203
3292 59
3293 59
3294 78
3295 78
3296 132
3297 238
3298 238
3299 70
3301 229
3302 25
3303 136
3304 136
3305 184
3306 184
3307 4
3308 199
3309 102
3310 3
3312 82
3313 4
3314 163
3315 182
3316 17
3317 126
3318 230
3319 54
3320 102
3321 203
3323 249
3324 113
3325 193
3327 45
3328 124
3329 227
3330 9
3331 94
3332 132
3333 9
3334 130
3335 68
3336 29
3337 48
3338 76
3339 163
3340 163
3341 223
3345 129
3346 25
3347 25
3348 242
3349 242
3351 111
3352 30
3353 30
3354 7
3355 25
3356 79
3357 79
3358 48
3360 122
3361 0
3362 205
3363 183
3364 238
3365 133
3366 80
3367 136
3368 212
3369 208
3370 212
3371 25
3372 129
3374 83
3375 126
3376 120
3377 193
3378 80
3379 25
3380 52
3381 52
3382 238
3383 238
3384 12
3385 189
3386 239
3387 126
3388 126
3389 77
3390 241
3391 91
3392 139
3393 70
3394 70
3396 45
3397 14
3398 45
3399 64
3403 133
3404 25
3405 103
3406 103
3407 66
3408 66
3409 151
3410 145
3411 184
3412 148
3413 131
3414 102
3415 211
3416 25
3417 157
3418 91
3419 110
3420 20
3423 120
3424 98
3425 82
3426 102
3427 126
3428 86
3429 176
3430 176
3431 238
3432 149
3433 189
3434 0
3435 93
3436 111
3437 93
3439 236
3440 126
3441 77
3442 130
3443 60
3444 25
3445 149
3446 50
3447 108
3448 97
3449 97
3451 103
3452 151
3453 69
3454 155
3455 172
3456 76
3457 124
3459 87
3460 22
3461 9
3462 36
3463 70
3464 25
3465 102
3466 25
3467 163
3468 127
3469 38
3470 249
3471 2
3472 88
3473 139
3474 245
3475 104
3476 25
3477 51
3478 84
3479 234
3480 201
3481 0
3482 87
3483 22
3484 61
3485 184
3486 61
3487 238
3488 127
3489 137
3490 9
3491 127
3492 193
3493 139
3494 245
3495 33
3496 80
3497 126
3498 126
3499 147
3500 163
3501 178
3502 126
3503 126
3504 21
3505 22
3506 202
3507 87
3508 126
3509 131
3510 247
3511 168
3512 47
3513 246
3514 191
3515 150
3516 177
3517 78
3518 25
3519 180
3520 116
3521 87
3522 126
3523 4
3524 126
3525 56
3526 209
3527 151
3528 182
3529 76
3530 51
3531 3
3532 90
3533 126
3534 184
3535 237
3536 113
3537 126
3538 103
3539 87
3540 9
3541 113
3542 229
3543 116
3544 193
3545 193
3546 202
3547 202
3548 179
3549 87
3550 133
3551 122
3552 91
3553 49
3554 137
3555 43
3556 58
3557 0
3558 163
3559 163
3560 79
3561 63
3562 63
3563 114
3564 239
3565 63
3566 239
3567 7
3568 7
3569 7
3570 163
3571 150
3572 102
3573 102
3574 0
3575 133
3576 133
3577 126
3578 205
3579 133
3580 188
3581 209
3582 115
3583 85
3584 56
3585 6
3586 185
3587 185
3588 185
3589 105
3590 136
3591 136
3592 151
3593 29
3594 10
3595 63
3596 63
3597 4
3598 221
3599 56
3600 120
3601 120
3602 185
3603 185
3604 98
3605 109
3606 89
3607 151
3608 49
3609 180
3610 150
3611 189
3612 19
3613 114
3614 41
3615 109
3616 126
3617 163
3618 75
3619 202
3620 239
3621 168
3622 136
3623 148
3624 137
3625 177
3626 139
3627 102
3628 190
3629 139
3630 45
3631 149
3632 98
3633 163
3634 223
3635 223
3636 91
3637 79
3638 92
3639 245
3640 131
3641 85
3642 95
3643 80
3644 63
3645 212
3646 229
3647 0
3648 126
3649 102
3650 237
3651 102
3652 4
3653 61
3654 236
3655 86
3656 149
3657 63
3658 4
3659 189
3660 133
3661 32
3662 32
3663 210
3664 126
3665 97
3666 24
3667 22
3668 69
3669 163
3670 184
3671 18
3672 4
3673 133
3674 18
3675 185
