0 45
1 26
2 151
3 243
4 24
5 195
6 122
7 139
8 101
9 167
10 138
11 188
12 201
13 56
14 63
15 10
16 243
17 244
18 180
19 63
20 200
21 159
22 68
23 10
24 6
25 45
26 207
27 107
28 210
29 13
30 6
31 235
32 249
33 54
34 7
35 161
36 175
37 51
38 150
39 219
40 216
41 207
42 50
43 197
44 96
45 159
46 5
47 151
48 13
49 59
50 169
51 9
52 131
53 154
54 62
55 165
57 55
58 7
59 211
60 38
61 118
62 222
63 26
64 222
65 85
66 11
67 57
68 26
69 104
70 243
71 119
72 50
73 25
74 196
75 23
76 153
77 165
78 29
79 31
80 14
81 95
82 160
83 99
84 219
85 26
86 124
87 73
88 120
89 124
90 89
91 166
92 129
93 26
94 25
95 224
96 82
97 123
98 135
99 225
100 91
101 187
102 163
104 167
105 176
106 130
107 13
108 102
109 184
110 120
111 225
112 18
113 215
114 62
115 225
116 23
118 143
119 222
120 29
121 105
122 131
123 239
124 104
125 165
126 188
127 86
128 96
129 140
130 104
131 88
132 1
133 26
134 1
135 116
136 186
137 181
138 164
139 179
140 82
141 163
142 209
143 114
144 20
145 218
146 98
147 129
148 216
149 207
150 216
151 171
152 230
153 45
154 66
155 120
156 1
157 243
158 238
159 216
160 142
161 143
162 202
163 120
164 171
165 115
166 83
167 63
168 145
169 174
170 222
171 136
172 12
173 213
174 142
175 58
176 45
177 26
178 58
179 197
180 91
181 6
182 26
183 47
184 232
185 169
186 96
187 239
188 17
189 5
190 25
191 101
192 85
193 225
194 119
195 34
196 211
197 26
198 4
199 46
200 121
201 192
202 33
203 239
204 26
206 245
207 151
208 239
209 222
210 93
211 21
212 235
213 200
214 53
215 191
216 184
218 182
219 198
220 124
221 7
222 183
223 230
224 201
225 206
226 141
227 26
228 206
229 144
230 116
231 232
232 225
233 247
234 248
235 216
236 8
237 29
239 213
240 126
241 231
242 70
243 142
244 207
245 54
246 225
247 106
248 26
249 117
250 25
251 135
252 138
253 49
254 49
255 160
256 120
257 202
258 138
259 26
260 131
261 126
262 21
263 103
264 1
265 110
266 49
267 89
268 126
269 74
271 80
272 91
273 65
274 151
275 93
276 133
277 195
278 70
280 225
281 166
282 76
283 42
284 167
285 118
286 217
287 197
288 182
289 74
290 20
291 116
292 13
293 113
294 26
295 123
296 225
297 149
298 104
299 96
300 26
301 76
303 59
304 25
305 47
306 147
307 4
308 197
309 113
310 93
311 19
312 96
313 119
314 153
315 83
316 63
317 69
318 25
319 90
320 55
321 25
322 26
323 243
324 176
325 57
326 169
327 237
328 239
330 130
331 201
332 155
333 194
334 93
335 51
336 44
337 216
338 179
339 45
340 30
342 54
343 177
344 171
345 26
346 188
347 225
348 41
349 219
350 185
351 26
352 195
353 227
354 140
355 65
356 1
357 143
358 193
361 162
362 151
363 26
364 207
365 186
366 172
367 110
368 226
369 26
370 32
371 5
372 209
373 5
374 187
375 65
376 26
377 26
378 39
379 200
380 26
381 166
382 72
383 31
384 67
385 180
386 73
387 171
388 45
389 235
391 152
392 225
393 103
394 35
395 183
396 25
397 95
398 165
399 7
400 15
401 26
402 169
403 41
404 225
405 157
406 86
407 26
408 230
409 50
410 35
411 18
412 139
413 247
414 168
415 195
416 176
417 39
418 2
419 122
420 167
421 206
422 87
423 165
424 217
425 45
426 106
427 35
428 7
429 12
430 19
431 111
432 109
433 0
434 144
435 26
436 208
437 183
438 3
439 24
440 105
441 80
443 222
444 104
445 19
446 225
447 136
448 47
449 143
450 187
451 27
452 187
453 88
454 109
455 69
456 26
457 235
458 228
459 19
460 105
461 140
462 104
463 124
464 26
465 120
466 225
467 13
469 45
470 171
471 103
472 159
473 184
474 50
475 59
476 26
477 212
478 188
479 197
480 5
481 63
482 103
483 11
484 26
485 143
486 207
487 24
488 245
490 208
492 213
493 237
494 237
495 46
496 229
497 68
498 26
499 167
500 43
501 161
502 119
503 154
504 44
505 63
507 202
508 159
509 76
510 69
511 183
512 168
513 240
514 106
515 143
516 68
517 156
518 187
519 95
520 209
521 49
522 111
523 54
524 26
525 37
527 210
528 114
529 169
530 5
531 219
532 206
533 143
534 92
535 72
536 69
537 104
538 72
539 25
540 225
541 227
542 7
543 19
544 109
545 233
547 96
548 200
549 2
550 135
551 183
552 74
554 63
555 220
556 50
557 73
558 18
559 20
560 44
561 106
562 102
563 38
564 146
565 106
566 143
567 120
568 20
569 208
570 31
571 17
572 24
573 91
574 225
575 239
576 175
577 54
578 63
579 244
580 119
581 131
582 35
583 220
584 3
585 116
586 139
588 56
589 225
590 61
591 109
592 80
593 30
594 19
596 29
597 146
598 208
600 104
601 69
602 142
604 90
606 15
607 152
608 225
609 194
610 143
611 141
612 213
614 128
615 26
616 172
617 45
619 163
620 225
621 31
622 116
623 96
624 69
625 119
626 211
627 25
628 75
629 120
630 122
631 41
632 29
633 154
634 20
635 26
636 160
637 58
638 165
639 181
640 126
641 23
642 63
643 232
644 19
645 143
647 166
648 29
649 192
650 101
651 124
652 26
653 171
654 235
655 37
656 126
657 184
658 88
659 57
660 15
661 12
662 69
663 161
664 122
665 139
666 91
667 137
668 143
669 106
670 169
671 26
672 121
673 21
674 245
675 132
676 239
677 177
678 223
679 151
680 138
681 99
682 226
683 27
684 136
685 2
686 176
688 7
689 171
690 68
691 92
692 92
693 34
694 225
695 113
696 51
697 188
698 146
699 99
700 8
701 205
703 13
704 20
705 152
706 51
707 72
708 209
709 59
710 31
712 159
713 197
714 115
715 13
716 92
717 72
718 239
719 124
720 5
721 208
722 239
723 242
724 41
725 31
726 207
727 99
728 194
729 120
730 19
732 82
733 141
734 152
735 191
736 68
737 99
738 143
739 162
740 180
741 101
742 96
743 207
744 200
745 63
746 104
747 237
748 48
749 52
750 156
751 91
752 222
753 211
754 232
755 35
756 212
757 193
758 146
759 9
760 212
761 25
763 179
764 201
765 109
766 126
767 213
768 111
770 205
771 170
772 100
774 69
775 78
776 220
777 196
778 191
779 204
780 117
781 19
782 2
783 9
784 136
785 79
786 154
787 225
788 120
789 61
790 234
791 24
792 217
793 231
794 171
795 26
796 63
797 209
798 197
799 26
800 194
801 70
802 146
803 170
804 191
805 108
806 59
807 86
808 230
810 26
812 154
813 13
814 70
815 172
816 91
817 82
818 143
819 144
820 245
821 54
822 209
823 103
824 64
825 120
827 111
828 126
829 46
831 136
832 63
833 186
834 166
835 56
836 110
837 98
838 13
839 75
840 103
841 59
842 20
843 154
844 32
845 245
846 72
847 213
848 175
849 35
850 197
851 16
852 40
853 126
854 58
855 243
856 228
857 25
858 68
859 160
860 66
861 7
862 213
863 227
864 195
865 84
866 64
867 231
868 86
869 32
870 225
871 230
872 169
873 96
874 56
875 167
876 92
877 115
878 171
879 104
880 159
881 231
882 68
883 193
884 144
885 63
886 93
887 63
888 7
889 113
890 183
891 49
892 43
893 240
894 3
895 45
896 111
897 58
899 76
900 82
901 68
902 11
903 76
904 54
905 35
906 210
907 107
908 154
910 207
911 158
913 72
914 200
915 2
916 166
917 0
918 182
919 50
921 26
922 194
923 19
924 96
925 97
926 84
927 142
928 63
930 160
931 78
932 240
933 216
934 110
935 159
936 66
937 144
938 138
939 27
940 183
941 122
942 144
943 130
944 189
945 109
946 160
947 129
948 32
950 225
951 169
952 239
953 179
955 220
956 169
957 205
958 45
959 193
960 217
961 76
962 124
963 234
964 141
965 142
966 143
967 69
968 129
969 143
970 95
971 146
972 231
973 169
974 93
975 184
976 52
977 219
978 14
980 100
981 170
982 178
983 186
984 240
986 2
987 160
988 26
989 233
990 48
991 71
992 6
993 104
994 37
995 101
996 56
997 230
998 194
999 7
1000 223
1001 109
1002 3
1003 239
1004 221
1005 109
1007 208
1008 221
1010 227
1011 183
1012 101
1013 85
1014 40
1015 45
1016 223
1017 234
1018 72
1019 65
1020 15
1021 19
1022 2
1023 150
1024 78
1025 86
1026 240
1027 56
1028 9
1029 50
1030 143
1031 103
1032 57
1033 35
1034 183
1035 16
1036 94
1038 53
1039 65
1040 167
1041 230
1042 35
1043 149
1044 89
1045 204
1046 165
1047 200
1048 165
1049 5
1050 8
1052 203
1053 35
1055 206
1056 195
1058 176
1059 20
1060 243
1061 91
1062 165
1063 197
1064 225
1065 89
1066 2
1067 245
1068 17
1069 164
1070 168
1071 6
1072 238
1073 234
1074 181
1075 22
1076 114
1077 227
1078 103
1079 222
1080 227
1081 147
1082 222
1083 8
1084 5
1085 106
1086 63
1087 79
1088 44
1089 141
1091 110
1092 89
1093 157
1094 131
1095 77
1096 228
1097 53
1098 221
1099 45
1100 176
1101 238
1102 158
1103 80
1104 29
1105 182
1106 112
1107 68
1108 28
1109 19
1110 206
1111 73
1112 49
1113 233
1114 161
1115 205
1116 221
1117 122
1118 228
1119 59
1120 129
1121 157
1122 83
1123 214
1124 184
1125 151
1126 85
1128 28
1129 22
1130 95
1131 118
1132 9
1133 71
1134 99
1135 235
1136 19
1137 207
1138 172
1139 213
1140 83
1142 96
1143 134
1144 163
1145 0
1146 2
1147 26
1148 42
1149 95
1151 18
1152 120
1153 100
1154 46
1155 86
1156 13
1157 218
1158 143
1159 32
1160 19
1161 26
1162 108
1164 25
1165 105
1166 151
1167 117
1168 174
1169 101
1170 105
1171 82
1172 166
1173 74
1174 17
1175 26
1177 26
1178 114
1179 195
1180 144
1181 5
1182 136
1183 26
1184 41
1185 11
1186 7
1187 14
1188 211
1189 190
1190 91
1191 26
1193 70
1194 175
1195 92
1197 83
1198 63
1199 144
1200 8
1201 247
1202 26
1203 53
1204 56
1205 63
1206 26
1207 208
1208 152
1209 105
1210 118
1211 26
1212 29
1213 118
1214 26
1215 182
1216 45
1217 14
1218 22
1219 202
1220 138
1221 26
1222 52
1223 225
1224 63
1225 143
1226 202
1227 87
1228 3
1229 244
1230 230
1231 26
1232 151
1233 81
1235 186
1236 17
1237 180
1238 55
1239 145
1240 169
1241 31
1242 18
1243 207
1244 49
1245 221
1247 131
1248 200
1249 42
1250 111
1251 131
1252 19
1253 87
1254 97
1255 19
1256 52
1257 193
1258 118
1259 225
1261 47
1262 141
1263 71
1264 37
1265 45
1267 202
1268 89
1269 63
1270 171
1271 76
1272 82
1273 213
1274 182
1275 64
1277 70
1278 138
1279 76
1280 11
1282 23
1283 82
1284 32
1285 240
1286 112
1287 61
1288 104
1289 219
1290 205
1291 187
1292 71
1293 187
1294 143
1295 213
1296 154
1297 60
1298 118
1299 182
1300 122
1301 147
1302 232
1303 239
1304 8
1305 24
1306 72
1307 62
1308 222
1309 237
1310 63
1311 121
1312 171
1313 91
1314 49
1315 238
1316 19
1317 191
1318 82
1319 8
1320 155
1321 192
1322 29
1323 26
1324 63
1325 180
1326 209
1327 124
1328 28
1329 19
1330 201
1331 103
1332 160
1333 103
1334 229
1335 12
1336 90
1338 60
1339 25
1340 230
1341 203
1342 159
1343 181
1344 214
1345 31
1346 144
1347 243
1348 26
1349 126
1350 195
1351 120
1352 128
1354 194
1355 141
1356 195
1357 166
1359 232
1360 114
1362 63
1363 15
1364 27
1365 31
1366 104
1367 42
1368 188
1369 111
1370 243
1371 109
1372 206
1373 135
1374 90
1376 26
1377 2
1378 99
1379 76
1381 207
1382 161
1383 76
1384 206
1385 118
1386 143
1387 56
1388 212
1389 160
1390 4
1391 145
1392 198
1394 69
1395 231
1396 78
1397 1
1398 213
1399 26
1400 201
1401 119
1402 103
1403 63
1404 199
1405 80
1406 141
1407 94
1408 155
1409 227
1410 120
1412 225
1413 89
1414 15
1415 133
1416 76
1417 156
1419 5
1420 95
1421 129
1422 26
1423 29
1424 220
1425 212
1426 180
1427 158
1428 228
1429 32
1430 184
1431 126
1432 225
1434 44
1436 225
1437 75
1438 225
1439 144
1440 141
1441 220
1442 87
1443 193
1444 110
1445 75
1446 156
1447 62
1448 195
1449 124
1450 166
1451 222
1453 193
1455 14
1456 207
1457 165
1458 182
1459 193
1460 36
1461 239
1462 85
1463 231
1464 155
1465 25
1466 31
1467 226
1468 84
1469 47
1470 130
1471 28
1472 126
1473 65
1474 15
1475 21
1476 21
1477 230
1478 70
1479 183
1480 13
1481 143
1482 74
1483 143
1484 143
1485 129
1486 139
1487 204
1488 162
1489 187
1490 141
1491 210
1493 197
1494 156
1495 137
1496 55
1497 23
1498 60
1499 180
1500 26
1501 44
1502 226
1503 87
1504 142
1505 93
1506 11
1507 216
1508 160
1509 237
1510 197
1511 177
1512 26
1513 209
1514 149
1515 0
1516 12
1517 128
1518 150
1519 74
1520 167
1522 222
1524 159
1525 63
1526 220
1528 174
1529 225
1530 232
1531 10
1532 197
1533 44
1534 63
1535 63
1536 175
1537 133
1538 210
1540 18
1542 219
1543 79
1544 127
1545 26
1546 45
1547 240
1548 109
1550 143
1551 169
1552 137
1553 144
1554 183
1555 196
1556 89
1558 175
1559 124
1560 5
1561 213
1562 197
1563 13
1564 56
1565 238
1566 86
1567 57
1568 26
1569 19
1570 162
1571 115
1572 123
1573 68
1574 176
1575 209
1576 146
1577 201
1578 186
1579 104
1580 26
1581 223
1582 7
1583 172
1584 26
1585 165
1586 164
1587 120
1588 195
1589 220
1590 26
1592 21
1593 2
1594 8
1595 26
1596 146
1597 183
1598 197
1599 225
1600 90
1601 73
1602 151
1604 193
1605 230
1606 213
1608 9
1609 143
1610 241
1612 200
1613 239
1614 133
1616 72
1617 195
1618 188
1619 69
1620 193
1621 202
1622 65
1623 11
1624 139
1625 118
1626 170
1627 193
1628 90
1629 72
1630 191
1631 197
1632 42
1633 29
1634 26
1635 37
1637 195
1638 103
1639 216
1640 26
1641 230
1642 19
1643 230
1644 109
1645 3
1647 192
1648 142
1650 241
1651 230
1652 26
1653 221
1654 195
1655 54
1656 53
1657 233
1658 1
1659 54
1660 135
1661 121
1662 211
1663 111
1664 91
1665 26
1666 9
1667 110
1668 196
1669 186
1670 70
1671 106
1672 107
1673 161
1674 113
1675 99
1676 107
1677 105
1678 145
1679 143
1680 109
1681 183
1682 131
1684 141
1685 153
1686 41
1687 103
1688 78
1689 223
1690 104
1691 71
1692 146
1693 159
1694 143
1695 120
1697 69
1698 183
1699 160
1700 19
1701 119
1702 18
1704 25
1705 5
1706 131
1707 31
1709 26
1711 127
1712 56
1713 131
1714 188
1715 105
1716 197
1717 176
1718 21
1719 25
1720 21
1721 109
1722 69
1723 76
1724 66
1725 63
1726 73
1727 89
1728 86
1729 47
1730 63
1732 155
1733 40
1734 25
1735 225
1736 143
1737 19
1738 223
1739 7
1740 154
1741 140
1743 93
1744 131
1745 204
1746 89
1747 176
1748 89
1750 235
1751 1
1753 101
1754 231
1755 26
1756 131
1757 42
1758 240
1759 63
1760 211
1761 93
1762 188
1763 31
1764 51
1765 197
1766 238
1767 193
1768 56
1769 5
1770 71
1771 125
1772 242
1773 225
1774 23
1775 33
1776 196
1777 29
1778 26
1779 230
1780 195
1782 129
1783 45
1784 225
1785 118
1788 80
1789 193
1790 111
1792 120
1793 163
1794 103
1796 123
1797 2
1798 166
1799 170
1800 237
1802 47
1803 128
1804 75
1805 182
1809 183
1810 221
1811 156
1813 105
1814 167
1815 124
1816 73
1817 43
1818 219
1819 157
1820 90
1822 143
1823 84
1824 77
1825 143
1826 223
1827 46
1828 48
1829 106
1831 188
1832 176
1833 19
1834 164
1835 166
1837 63
1838 63
1840 51
1842 59
1843 61
1844 26
1845 165
1847 185
1848 47
1849 71
1850 53
1851 72
1852 241
1853 51
1854 19
1855 89
1856 183
1857 196
1858 83
1862 83
1863 122
1864 7
1865 145
1866 200
1867 31
1868 133
1869 186
1870 207
1871 110
1872 225
1873 207
1874 59
1875 226
1876 26
1877 105
1878 21
1879 71
1880 152
1881 235
1882 21
1884 138
1885 182
1886 27
1887 35
1888 37
1889 26
1890 32
1891 96
1892 142
1893 62
1894 41
1895 77
1897 47
1898 142
1899 214
1900 169
1901 196
1902 209
1904 117
1906 117
1907 214
1910 26
1911 44
1912 71
1913 63
1914 187
1915 96
1916 63
1917 126
1918 89
1919 15
1921 31
1922 123
1923 207
1924 123
1925 15
1926 109
1928 195
1929 153
1930 69
1931 207
1933 225
1934 197
1936 225
1937 44
1938 26
1939 88
1940 111
1941 144
1942 72
1943 118
1944 238
1946 87
1947 167
1948 117
1949 140
1950 17
1951 180
1952 26
1953 11
1955 106
1956 113
1957 153
1959 97
1960 244
1962 94
1963 94
1965 126
1966 135
1967 74
1968 209
1969 125
1970 104
1971 26
1972 52
1973 183
1974 145
1975 193
1976 113
1977 117
1978 187
1979 97
1980 154
1981 180
1982 42
1983 30
1984 116
1985 166
1986 183
1987 156
1988 7
1989 43
1990 5
1991 2
1992 180
1993 181
1994 97
1995 94
1996 233
1997 167
1998 52
1999 183
2000 39
2001 170
2002 104
2003 113
2004 71
2005 32
2006 118
2007 215
2008 200
2009 24
2010 26
2011 25
2012 231
2013 63
2014 123
2015 185
2016 200
2017 174
2019 220
2020 237
2021 171
2022 22
2023 117
2024 26
2025 138
2026 209
2027 39
2028 26
2029 142
2030 94
2031 194
2032 145
2033 126
2035 225
2036 31
2038 26
2040 42
2041 159
2042 113
2043 207
2044 171
2045 153
2046 142
2047 225
2050 143
2051 169
2053 7
2054 156
2055 127
2056 217
2057 35
2058 106
2059 140
2060 245
2061 18
2062 30
2064 63
2065 141
2066 71
2067 222
2068 174
2071 98
2072 89
2073 26
2074 126
2075 143
2076 35
2077 98
2078 47
2079 143
2080 26
2081 58
2082 63
2083 138
2084 123
2085 98
2086 67
2087 144
2088 42
2089 126
2090 101
2091 59
2092 247
2093 171
2094 143
2095 131
2096 143
2097 180
2098 121
2099 10
2100 44
2101 26
2102 56
2103 243
2104 89
2105 37
2106 230
2107 44
2108 197
2109 180
2110 211
2111 2
2112 143
2113 6
2115 228
2116 209
2117 2
2118 230
2119 3
2121 240
2122 143
2123 23
2124 207
2125 225
2126 96
2127 225
2128 73
2129 135
2130 103
2131 120
2132 175
2133 109
2134 17
2135 82
2136 187
2139 187
2140 136
2141 167
2142 221
2143 63
2144 13
2145 63
2146 179
2147 106
2148 57
2149 47
2150 80
2152 135
2153 7
2154 124
2155 216
2156 245
2157 234
2158 14
2159 82
2161 233
2162 126
2163 41
2164 165
2165 63
2166 50
2167 181
2168 165
2169 110
2170 135
2171 126
2172 230
2173 140
2174 205
2175 207
2178 145
2179 84
2180 183
2182 63
2183 59
2184 87
2185 26
2186 10
2187 182
2188 53
2189 141
2190 106
2191 50
2192 99
2193 139
2194 36
2195 107
2197 197
2198 69
2199 59
2200 123
2202 165
2203 63
2204 26
2205 130
2206 67
2207 70
2208 70
2210 156
2211 166
2213 46
2214 157
2217 126
2218 238
2219 106
2220 78
2221 203
2222 91
2223 179
2224 52
2226 84
2227 217
2228 69
2229 163
2231 139
2232 26
2233 194
2234 26
2235 203
2236 71
2237 83
2239 69
2240 8
2241 239
2244 137
2245 95
2246 26
2247 123
2248 202
2249 197
2250 230
2251 109
2252 217
2253 45
2255 217
2256 71
2257 21
2258 209
2259 227
2260 224
2261 225
2262 33
2263 99
2265 165
2266 63
2267 7
2268 55
2269 206
2270 197
2271 35
2272 29
2273 118
2274 160
2275 7
2276 235
2277 78
2278 76
2279 26
2280 187
2281 193
2282 115
2283 195
2284 166
2285 36
2286 214
2287 203
2288 200
2290 117
2291 193
2292 119
2293 33
2294 247
2295 26
2298 143
2299 12
2300 123
2301 143
2302 26
2303 26
2304 13
2305 59
2306 119
2307 174
2308 122
2309 197
2310 26
2311 28
2312 160
2314 180
2315 143
2316 68
2317 220
2318 6
2319 142
2320 213
2321 26
2323 145
2324 91
2325 103
2327 176
2329 133
2330 143
2331 69
2332 119
2334 71
2335 38
2336 14
2337 3
2338 142
2339 104
2340 1
2341 211
2342 35
2343 239
2344 203
2345 216
2346 26
2347 13
2349 2
2350 160
2351 89
2353 2
2354 243
2355 115
2356 59
2357 205
2358 140
2359 232
2360 43
2361 106
2362 20
2363 115
2364 39
2365 91
2366 63
2367 42
2368 47
2369 246
2370 35
2371 142
2372 202
2373 120
2374 228
2375 219
2376 47
2377 39
2378 21
2379 239
2381 170
2382 143
2383 45
2385 103
2386 99
2387 126
2388 239
2389 45
2390 154
2391 31
2392 176
2393 120
2395 143
2397 99
2398 159
2399 26
2400 0
2401 7
2402 93
2403 63
2404 188
2405 33
2406 63
2407 4
2408 103
2409 39
2410 32
2411 160
2412 239
2413 126
2414 200
2415 26
2418 54
2419 209
2420 71
2421 30
2422 26
2424 47
2425 193
2427 86
2428 116
2429 103
2430 198
2431 94
2432 63
2433 223
2434 0
2435 104
2438 23
2440 139
2441 26
2442 117
2443 110
2444 143
2445 211
2446 36
2448 96
2449 40
2450 7
2451 22
2452 160
2455 123
2457 83
2458 119
2459 138
2460 71
2461 142
2462 188
2463 166
2464 63
2467 26
2468 69
2470 119
2471 200
2472 225
2473 86
2474 142
2476 166
2478 134
2479 200
2480 237
2481 143
2482 37
2483 223
2484 55
2485 135
2486 9
2488 136
2489 183
2490 24
2491 91
2492 137
2493 205
2494 18
2495 225
2496 86
2498 50
2499 49
2501 220
2502 208
2503 63
2504 63
2505 25
2506 60
2507 65
2508 4
2509 104
2510 124
2511 56
2512 79
2513 167
2514 209
2515 26
2516 137
2517 63
2518 132
2519 13
2520 7
2521 84
2522 59
2524 225
2525 96
2526 63
2527 120
2528 245
2529 144
2531 216
2533 48
2534 247
2535 106
2536 193
2537 222
2538 145
2539 225
2540 89
2541 77
2542 225
2543 88
2545 179
2547 197
2548 48
2549 141
2550 29
2551 12
2552 204
2553 160
2555 225
2556 117
2557 59
2558 180
2559 126
2560 176
2561 129
2562 143
2563 124
2564 230
2565 137
2566 166
2567 183
2568 13
2569 194
2570 184
2571 91
2572 63
2574 234
2575 69
2576 222
2577 225
2579 219
2580 26
2583 166
2584 26
2585 216
2586 49
2587 132
2588 28
2589 26
2590 75
2591 66
2592 167
2594 143
2595 135
2596 71
2597 63
2598 36
2599 105
2601 146
2602 143
2603 1
2604 82
2605 63
2606 181
2607 103
2608 195
2609 103
2610 152
2611 19
2612 26
2614 11
2615 207
2616 230
2617 212
2618 39
2619 196
2620 144
2621 26
2622 7
2623 241
2624 87
2625 239
2626 126
2627 26
2628 208
2631 63
2632 60
2633 235
2634 106
2635 105
2636 122
2637 69
2638 33
2639 36
2640 131
2642 51
2643 47
2644 20
2645 117
2646 151
2647 219
2648 131
2650 116
2652 37
2653 107
2654 26
2656 26
2657 205
2660 211
2661 63
2662 137
2664 110
2665 143
2666 212
2667 162
2668 222
2670 0
2671 159
2672 112
2673 56
2674 8
2676 41
2677 207
2678 109
2679 143
2680 165
2681 239
2682 222
2683 26
2685 188
2686 41
2687 29
2688 26
2689 18
2690 7
2691 19
2692 119
2693 222
2694 120
2695 225
2697 239
2698 95
2701 160
2702 117
2703 225
2704 93
2705 93
2707 86
2709 74
2710 219
2711 15
2714 37
2715 8
2716 207
2717 74
2718 89
2719 182
2720 203
2721 133
2722 114
2723 96
2724 67
2725 53
2726 55
2727 225
2728 162
2729 79
2731 99
2732 176
2733 160
2735 145
2737 235
2738 185
2739 143
2741 208
2742 2
2743 22
2744 140
2745 203
2746 63
2747 6
2748 26
2749 149
2750 176
2751 78
2752 173
2753 117
2755 16
2756 47
2757 1
2758 166
2759 13
2760 123
2761 63
2762 216
2763 47
2764 45
2765 97
2768 182
2769 197
2770 142
2772 164
2773 142
2775 137
2776 26
2777 75
2778 239
2779 60
2780 126
2781 123
2782 63
2783 120
2785 202
2786 105
2787 35
2788 24
2789 180
2791 42
2792 207
2794 77
2795 215
2796 5
2798 53
2799 29
2800 126
2801 95
2802 19
2803 120
2804 199
2805 216
2806 216
2807 89
2809 95
2811 26
2812 14
2813 166
2815 207
2816 58
2817 82
2818 201
2820 183
2821 166
2822 239
2823 13
2825 94
2826 126
2827 183
2830 216
2831 211
2832 213
2833 225
2834 39
2835 187
2836 5
2838 160
2839 26
2840 26
2842 143
2843 160
2844 184
2845 193
2846 13
2847 63
2848 83
2849 113
2850 87
2851 69
2852 26
2853 47
2854 63
2855 106
2856 222
2857 51
2858 26
2859 225
2861 71
2862 37
2863 120
2866 40
2867 30
2868 129
2869 20
2870 93
2871 221
2872 122
2873 136
2874 25
2875 178
2876 26
2878 82
2879 144
2880 51
2881 69
2882 195
2883 203
2884 237
2885 141
2886 30
2887 45
2888 137
2889 143
2890 42
2891 143
2892 31
2893 45
2894 94
2895 124
2896 202
2898 197
2899 69
2900 225
2902 22
2904 146
2905 123
2906 195
2907 195
2908 26
2909 30
2910 69
2911 160
2912 159
2913 26
2914 216
2916 181
2917 138
2918 52
2920 138
2921 91
2922 26
2923 140
2925 119
2926 183
2927 166
2928 63
2930 131
2931 207
2932 104
2933 183
2934 82
2936 196
2937 54
2938 146
2939 143
2940 224
2941 196
2942 164
2943 118
2944 107
2945 82
2946 45
2947 13
2948 92
2949 124
2950 47
2951 26
2952 95
2953 193
2954 239
2955 207
2956 0
2957 57
2959 206
2960 26
2961 143
2962 47
2963 96
2964 160
2965 89
2967 126
2968 57
2969 26
2970 93
2971 140
2972 26
2973 235
2974 200
2975 127
2976 142
2979 183
2980 68
2983 219
2984 200
2985 93
2986 241
2987 120
2988 69
2989 27
2990 119
2991 91
2993 237
2994 63
2995 142
2996 174
2997 131
2999 109
3000 25
3001 63
3002 26
3003 225
3004 207
3005 214
3006 89
3007 45
3008 193
3009 116
3010 26
3011 21
3012 1
3013 205
3014 205
3015 13
3016 0
3017 126
3018 5
3021 102
3022 213
3023 9
3024 26
3025 239
3027 246
3028 74
3029 202
3030 225
3031 203
3032 62
3033 235
3035 95
3036 197
3037 126
3038 7
3039 14
3040 72
3041 151
3042 151
3043 185
3044 53
3045 183
3046 103
3048 63
3049 112
3050 211
3051 240
3052 88
3053 26
3054 142
3055 93
3056 203
3057 116
3058 143
3059 2
3060 2
3061 56
3062 56
3063 104
3064 89
3065 35
3066 197
3067 237
3068 109
3069 186
3070 21
3071 165
3072 87
3076 195
3077 223
3078 159
3079 219
3081 249
3082 45
3084 69
3085 131
3086 20
3087 130
3088 230
3090 63
3091 143
3092 136
3094 131
3095 71
3096 31
3097 119
3098 143
3099 63
3100 159
3101 145
3102 7
3103 19
3104 19
3105 51
3106 237
3107 175
3110 219
3111 239
3112 89
3113 195
3114 143
3115 123
3116 123
3117 28
3118 56
3119 191
3120 118
3121 69
3122 69
3123 54
3124 239
3125 143
3127 0
3128 0
3129 26
3130 71
3131 9
3132 221
3133 132
3134 132
3135 1
3136 72
3137 26
3138 63
3139 140
3140 61
3141 67
3142 45
3143 45
3144 225
3145 117
3146 54
3147 167
3148 63
3149 191
3150 63
3151 63
3152 63
3153 109
3154 140
3155 106
3156 53
3157 83
3158 7
3160 203
3161 76
3162 23
3163 76
3164 84
3165 52
3166 241
3167 143
3168 12
3169 148
3170 129
3171 129
3172 63
3173 2
3174 30
3175 30
3176 45
3177 182
3178 63
3179 143
3180 4
3181 26
3182 113
3183 212
3184 143
3185 26
3186 105
3187 26
3190 203
3191 8
3192 8
3193 120
3194 95
3195 95
3196 64
3197 212
3198 42
3199 220
3200 32
3202 171
3203 208
3205 151
3206 231
3207 166
3209 176
3210 23
3211 196
3212 10
3213 195
3214 183
3215 183
3216 38
3218 101
3219 206
3220 180
3221 89
3222 106
3223 82
3224 216
3225 216
3226 222
3227 190
3228 96
3229 155
3230 146
3231 26
3232 19
3233 207
3234 26
3235 157
3236 157
3237 172
3238 172
3239 225
3240 7
3241 142
3242 216
3243 217
3244 182
3245 149
3246 230
3247 69
3248 117
3249 120
3250 225
3251 72
3252 128
3253 89
3254 89
3255 26
3256 26
3257 230
3258 230
3259 23
3260 7
3261 230
3262 131
3263 195
3264 26
3265 120
3266 104
3267 56
3268 171
3269 133
3270 63
3271 71
3272 144
3273 142
3274 26
3275 65
3276 174
3277 40
3278 40
3279 226
3280 232
3281 47
3282 32
3283 230
3284 53
3285 26
3286 187
3287 26
3288 56
3289 175
3290 175
3291 26
3292 185
3293 185
3294 135
3295 135
3296 138
3297 205
3298 26
3299 230
3300 26
3301 120
3302 113
3303 7
3304 7
3305 26
3306 26
3307 5
3308 182
3309 69
3310 136
3311 23
3312 23
3313 26
3314 119
3315 176
3316 153
3317 26
3318 56
3319 195
3320 209
3321 18
3322 47
3323 165
3324 239
3325 2
3326 26
3327 225
3328 94
3329 163
3330 209
3331 35
3332 43
3333 209
3334 193
3335 145
3336 197
3337 7
3338 26
3339 89
3340 89
3341 72
3342 120
3343 207
3344 63
3345 175
3346 120
3347 120
3348 28
3349 28
3350 159
3351 56
3352 49
3353 49
3354 113
3355 1
3356 154
3357 119
3358 67
3359 143
3360 61
3361 54
3362 51
3363 26
3364 124
3365 96
3366 143
3367 143
3368 191
3369 40
3370 63
3371 160
3372 99
3373 126
3374 4
3375 245
3376 63
3377 31
3378 143
3379 197
3380 199
3381 12
3382 26
3383 209
3384 213
3385 60
3386 89
3387 160
3388 160
3389 117
3390 146
3391 91
3392 26
3393 195
3394 63
3395 142
3396 169
3397 136
3398 117
3399 35
3400 35
3401 209
3402 143
3403 209
3404 160
3405 59
3406 59
3407 114
3408 114
3409 193
3410 193
3411 119
3412 119
3413 216
3414 35
3415 109
3416 225
3417 89
3418 119
3419 165
3420 142
3421 183
3422 26
3423 38
3424 56
3425 101
3426 180
3427 47
3428 241
3429 25
3430 239
3431 13
3432 222
3433 182
3434 69
3435 143
3436 219
3437 19
3438 63
3439 187
3440 63
3441 8
3442 63
3443 199
3444 120
3445 136
3446 66
3447 190
3448 91
3449 91
3450 195
3451 119
3452 69
3453 44
3454 237
3455 92
3456 143
3457 137
3458 143
3459 26
3460 103
3461 175
3462 236
3463 191
3464 237
3465 26
3466 120
