0 230
1 95
2 215
3 181
4 91
6 1
7 70
8 79
9 16
10 113
11 196
12 231
13 108
14 201
15 0
16 230
17 62
18 129
19 70
20 236
21 180
22 24
23 0
24 101
25 102
26 39
27 112
28 95
30 1
31 67
32 207
33 132
34 96
35 88
36 130
37 82
38 216
40 237
41 218
42 157
43 129
44 61
45 29
46 140
47 100
49 191
50 196
51 228
52 88
53 29
54 44
55 26
57 204
58 59
60 184
61 111
62 236
64 6
65 221
66 211
67 50
68 1
69 95
70 153
71 74
75 166
76 83
77 230
78 31
79 152
80 195
81 153
83 63
84 148
85 1
86 57
87 96
88 197
89 146
90 169
91 3
92 56
93 230
94 203
95 30
96 168
97 159
98 132
99 89
101 200
102 173
104 8
105 104
106 105
107 96
108 144
109 170
110 65
111 241
112 43
113 68
114 156
115 132
116 90
118 243
119 60
120 133
122 240
123 129
124 61
125 100
126 45
127 118
128 61
129 31
130 84
131 100
132 157
133 237
135 16
136 144
137 240
138 227
139 142
140 1
141 100
142 209
143 7
144 71
145 213
146 92
147 224
148 205
149 36
150 225
151 19
152 178
153 198
154 37
155 167
156 129
157 230
158 52
159 224
160 245
161 95
162 183
163 134
164 20
165 115
166 104
167 240
168 155
169 215
170 155
171 62
172 140
173 96
174 197
175 73
176 243
177 108
178 155
179 3
180 230
181 178
182 6
183 210
184 243
185 122
186 36
187 151
188 219
189 16
190 6
191 158
192 68
193 57
194 17
195 106
196 153
198 178
199 182
200 165
201 127
202 145
203 220
204 198
206 11
207 100
209 211
210 88
211 100
212 230
213 46
214 122
215 129
216 75
218 12
219 68
220 1
221 132
222 219
223 101
224 180
225 140
226 148
227 33
228 175
229 17
230 55
231 199
233 33
234 12
235 181
236 90
237 155
239 145
240 132
241 174
242 163
243 197
244 180
245 14
246 23
247 54
248 129
249 230
250 2
251 110
252 20
253 32
254 27
256 58
257 66
258 20
259 28
260 3
263 2
264 74
265 248
266 27
267 9
268 2
269 42
271 127
272 227
273 91
274 100
275 107
276 141
277 230
278 163
280 1
281 191
282 208
283 236
284 150
286 161
287 129
288 175
289 13
290 53
292 243
293 164
294 1
295 95
296 103
297 87
299 81
300 225
301 198
303 175
304 136
305 179
306 173
307 158
308 80
309 129
310 107
312 106
313 119
314 172
315 147
317 186
318 203
319 68
320 115
321 86
322 153
323 153
324 238
325 15
326 244
327 128
328 230
330 63
331 180
332 40
333 159
334 107
335 139
336 42
337 145
338 66
340 242
342 113
343 44
344 109
345 95
346 47
347 249
348 69
349 6
350 121
351 230
352 187
353 89
354 145
355 91
356 169
357 70
358 132
361 178
362 158
363 16
364 218
365 117
366 131
367 3
368 1
369 243
370 247
371 209
373 110
375 23
377 104
378 124
379 46
380 144
381 85
382 58
383 150
384 12
385 80
386 68
387 23
389 227
391 29
392 47
393 230
394 1
395 144
396 6
397 243
398 146
400 19
401 38
402 125
403 69
404 28
405 246
406 84
408 236
409 126
410 179
411 244
412 202
413 188
414 161
415 102
416 13
417 124
418 45
419 1
420 159
421 110
422 1
423 39
424 82
425 39
426 151
427 180
428 243
429 140
430 85
431 123
432 116
433 168
434 49
435 187
436 85
437 187
438 74
439 21
440 168
441 200
444 7
445 193
446 1
447 17
448 236
449 225
451 60
452 239
453 241
454 221
455 38
456 9
457 119
458 171
459 26
460 111
461 221
462 155
463 237
464 129
465 230
466 95
467 59
469 69
470 2
471 157
472 94
473 99
474 203
475 103
477 143
478 139
479 129
480 84
481 146
483 51
484 62
485 58
486 74
487 142
488 119
490 90
492 38
493 200
496 32
497 6
498 117
499 165
500 106
501 114
502 38
503 196
504 228
505 94
507 84
508 81
509 198
510 129
511 81
512 161
513 192
514 100
516 173
517 53
518 98
520 193
521 157
522 249
523 19
524 1
525 77
527 31
528 7
529 48
530 46
531 230
532 38
533 1
534 128
535 239
536 139
537 36
538 102
539 59
540 196
541 89
542 36
543 216
544 125
545 148
547 225
548 1
549 36
550 44
551 129
552 42
554 70
555 111
556 100
557 20
558 244
559 71
560 116
561 54
562 144
563 184
564 190
565 233
566 152
567 157
568 71
569 67
570 66
571 219
572 91
573 227
574 196
575 28
576 130
577 58
578 200
579 62
580 28
581 53
582 129
583 111
584 74
585 55
586 160
588 70
589 241
590 12
591 245
592 200
593 242
594 85
596 155
597 44
600 29
601 61
602 127
604 152
606 185
607 20
608 172
609 159
610 193
611 10
612 118
614 247
615 178
616 131
617 234
619 18
620 193
621 61
622 55
623 178
625 213
626 144
627 230
628 136
629 157
630 65
631 69
632 62
633 29
634 71
635 208
636 159
637 232
638 28
639 20
640 198
641 195
642 94
643 199
644 85
645 31
647 43
648 133
649 148
650 79
651 146
652 240
653 216
654 46
655 123
656 236
657 99
658 241
659 157
660 81
661 140
663 88
664 162
665 211
666 153
668 110
669 95
670 48
671 32
672 165
673 117
674 119
675 79
677 44
678 204
679 233
680 95
681 63
682 61
683 76
684 17
685 114
686 66
688 190
689 191
690 90
691 172
692 227
693 106
694 196
695 225
696 62
697 47
698 1
699 63
700 45
701 210
704 240
705 29
706 114
708 241
709 78
710 107
712 66
713 95
714 208
715 96
716 130
717 19
718 146
719 146
720 175
721 85
722 146
723 17
724 69
725 152
726 130
727 166
728 159
729 65
730 85
732 102
733 10
734 29
736 24
738 211
739 178
740 80
741 79
742 36
743 17
744 230
745 1
747 95
748 4
749 206
750 72
751 6
752 230
753 211
754 150
755 11
756 199
757 200
758 122
759 235
760 186
761 187
763 79
764 58
765 116
766 129
767 38
768 123
770 60
771 64
772 27
775 61
776 111
778 127
779 75
780 235
781 85
782 196
783 212
784 37
785 105
786 29
787 189
788 134
789 12
790 157
791 152
792 230
793 135
794 20
795 95
796 17
798 225
800 159
801 163
802 132
803 215
804 31
805 195
806 78
807 118
808 168
810 237
812 29
813 56
814 163
815 131
816 191
817 134
818 211
819 78
820 1
822 237
823 37
824 170
827 249
828 168
829 182
831 1
833 8
834 100
835 185
836 248
837 92
838 96
839 136
840 146
841 175
842 71
843 200
844 247
845 182
846 126
847 103
848 130
849 95
850 220
851 64
852 156
853 198
854 232
855 6
856 236
857 203
858 173
859 144
860 37
861 197
862 1
863 50
864 216
865 26
866 221
867 40
868 97
869 29
870 26
871 209
872 149
873 178
874 108
875 159
876 6
877 127
878 125
879 155
880 94
881 174
882 24
884 101
885 146
886 107
887 117
888 59
889 129
891 32
892 106
893 31
894 74
895 69
896 123
897 232
899 198
900 39
901 221
902 51
903 33
904 34
906 207
907 112
908 196
910 208
911 11
913 61
914 32
915 25
916 100
917 211
918 95
919 126
921 96
922 159
923 95
925 22
927 148
928 45
930 43
931 87
932 88
933 147
934 248
935 109
936 37
937 49
938 103
939 60
940 191
941 102
942 49
943 182
944 215
945 181
946 65
947 224
948 39
950 193
951 70
952 230
953 119
955 181
956 122
957 60
958 36
959 31
960 230
961 198
962 190
963 25
964 10
965 49
966 20
967 186
968 223
969 173
970 76
971 103
972 188
973 39
974 108
975 76
976 148
977 21
978 32
980 250
981 64
982 68
983 213
984 100
986 196
987 236
988 230
989 44
990 4
992 149
994 77
995 240
996 3
997 8
998 245
999 168
1000 204
1001 54
1002 18
1003 222
1004 140
1005 195
1007 72
1008 228
1010 30
1011 245
1012 79
1013 146
1014 127
1015 129
1016 104
1017 32
1018 17
1019 91
1020 19
1021 85
1022 67
1023 108
1024 87
1025 230
1026 187
1027 128
1028 56
1029 100
1030 225
1031 220
1032 15
1033 38
1034 100
1035 64
1036 74
1038 222
1039 91
1040 45
1041 8
1042 209
1043 87
1044 233
1045 38
1046 180
1047 62
1048 84
1049 175
1050 125
1052 189
1053 162
1055 236
1056 39
1059 71
1060 6
1061 191
1062 247
1063 85
1064 47
1065 231
1066 114
1067 92
1068 221
1069 134
1070 6
1071 101
1072 52
1073 32
1074 230
1075 22
1076 7
1077 89
1078 95
1079 214
1080 89
1081 26
1082 45
1083 72
1085 54
1086 6
1087 182
1088 9
1089 142
1091 46
1093 166
1094 240
1095 160
1096 236
1097 75
1098 97
1099 129
1100 66
1101 65
1102 60
1103 73
1104 17
1105 6
1106 70
1107 24
1108 94
1109 180
1110 110
1111 1
1112 32
1113 73
1114 114
1115 177
1116 97
1117 139
1118 171
1119 40
1120 144
1121 84
1122 147
1123 182
1124 170
1125 233
1126 221
1128 2
1129 50
1130 26
1131 191
1132 106
1133 231
1134 248
1135 67
1137 240
1138 131
1139 212
1140 151
1142 102
1143 141
1144 151
1145 249
1147 129
1148 33
1149 247
1151 23
1153 78
1154 102
1155 118
1156 74
1157 144
1158 1
1159 46
1160 216
1161 28
1162 184
1164 215
1165 62
1166 200
1168 179
1169 66
1170 111
1171 84
1172 33
1173 245
1174 247
1175 17
1177 156
1178 7
1180 78
1181 163
1182 37
1183 103
1184 69
1185 51
1186 25
1187 195
1188 221
1189 153
1190 48
1191 104
1193 163
1194 130
1195 157
1197 147
1199 49
1200 206
1201 20
1203 76
1204 29
1205 117
1207 1
1208 26
1209 220
1210 158
1212 155
1213 191
1214 213
1215 12
1217 161
1218 22
1219 66
1220 211
1221 104
1222 35
1223 230
1224 231
1225 74
1226 166
1227 78
1228 74
1229 62
1230 200
1231 96
1232 233
1233 90
1235 28
1236 219
1237 180
1238 108
1239 236
1240 8
1241 61
1242 48
1243 26
1244 157
1245 44
1247 16
1248 62
1250 180
1251 241
1252 85
1253 179
1254 22
1256 206
1257 132
1258 38
1259 169
1261 168
1262 10
1263 45
1264 123
1265 104
1267 187
1268 1
1269 200
1270 216
1271 174
1272 211
1273 132
1274 87
1275 201
1277 63
1278 103
1279 190
1280 194
1284 247
1285 137
1286 134
1287 148
1289 93
1290 210
1291 117
1292 66
1294 34
1296 116
1298 18
1299 33
1302 58
1303 8
1304 29
1305 91
1306 62
1307 44
1308 214
1309 213
1310 58
1311 165
1312 210
1313 39
1314 32
1315 52
1316 85
1317 129
1319 44
1320 154
1321 31
1322 133
1323 180
1325 17
1326 38
1328 2
1329 216
1330 179
1331 43
1332 63
1334 32
1335 140
1336 174
1338 95
1339 136
1340 101
1342 1
1343 62
1344 202
1345 58
1346 238
1347 45
1348 9
1349 18
1351 56
1352 247
1354 189
1355 120
1356 230
1357 130
1359 95
1360 7
1363 185
1364 118
1365 249
1368 45
1369 123
1371 116
1372 110
1373 139
1374 201
1376 26
1377 38
1378 208
1379 198
1381 245
1382 114
1383 198
1384 110
1385 26
1386 32
1387 6
1389 63
1390 199
1391 142
1392 162
1394 85
1395 237
1396 87
1399 70
1400 205
1401 118
1402 1
1403 200
1404 30
1405 200
1406 10
1407 156
1408 154
1409 89
1410 1
1413 236
1414 185
1415 125
1416 33
1417 72
1419 209
1420 247
1421 73
1423 9
1424 108
1425 199
1426 91
1427 60
1428 186
1429 182
1430 76
1431 94
1432 1
1434 182
1436 95
1437 48
1438 143
1439 62
1440 165
1441 75
1442 6
1443 132
1444 3
1445 136
1446 72
1447 156
1448 28
1449 221
1451 177
1453 178
1455 87
1457 84
1458 20
1459 56
1460 24
1461 176
1462 221
1463 85
1464 154
1465 9
1466 61
1467 1
1468 125
1469 179
1470 105
1471 207
1472 119
1473 168
1474 19
1475 95
1476 95
1477 63
1478 163
1480 62
1482 13
1483 168
1485 103
1486 198
1487 75
1488 178
1489 129
1490 33
1491 31
1493 74
1494 112
1495 246
1496 150
1497 141
1499 80
1500 125
1501 182
1502 161
1503 180
1505 104
1506 194
1507 0
1508 225
1509 160
1510 96
1511 87
1513 113
1515 168
1516 140
1517 57
1518 108
1519 13
1520 188
1522 214
1524 94
1525 29
1526 111
1528 118
1529 57
1530 150
1531 0
1532 193
1533 225
1534 116
1535 145
1536 223
1537 17
1538 207
1540 23
1542 249
1543 105
1544 44
1545 1
1547 196
1548 209
1551 202
1552 136
1553 137
1554 1
1555 162
1558 130
1559 12
1560 238
1561 158
1562 96
1563 84
1564 18
1565 52
1566 38
1567 15
1568 84
1569 85
1570 178
1571 115
1573 24
1574 238
1576 103
1577 166
1578 189
1579 95
1581 204
1582 236
1583 131
1586 227
1587 28
1589 111
1590 16
1592 56
1593 37
1594 44
1596 103
1598 38
1599 180
1600 68
1601 80
1602 238
1604 80
1605 49
1606 118
1609 145
1610 114
1612 46
1613 62
1614 141
1616 19
1617 39
1619 153
1620 178
1621 66
1622 91
1623 194
1624 198
1626 211
1627 178
1628 11
1629 34
1630 237
1631 95
1632 221
1633 197
1634 33
1635 31
1637 31
1638 95
1639 58
1640 186
1641 63
1643 28
1644 101
1645 18
1647 127
1648 129
1650 114
1652 84
1653 26
1655 58
1656 76
1657 44
1658 230
1659 66
1660 50
1661 165
1662 102
1663 249
1664 153
1665 219
1666 56
1667 195
1668 15
1669 250
1670 163
1671 63
1672 112
1673 114
1674 225
1675 34
1676 112
1678 121
1680 116
1681 243
1682 53
1684 10
1685 83
1686 127
1687 6
1688 138
1689 204
1690 169
1691 118
1693 204
1694 59
1695 134
1697 142
1698 184
1699 102
1701 118
1702 23
1704 243
1706 78
1707 152
1709 129
1711 44
1712 70
1713 3
1714 229
1715 220
1716 74
1717 202
1718 1
1719 222
1720 42
1721 221
1722 84
1723 198
1724 37
1726 68
1727 80
1728 180
1729 18
1732 40
1733 68
1734 222
1736 185
1738 108
1739 244
1740 29
1741 145
1743 78
1744 53
1745 75
1747 247
1750 221
1751 172
1753 158
1754 243
1755 245
1756 53
1758 137
1759 117
1760 173
1761 108
1762 45
1763 141
1764 36
1765 216
1766 52
1767 84
1768 3
1769 192
1770 191
1771 64
1772 17
1773 26
1774 205
1775 70
1776 66
1777 133
1778 180
1779 180
1780 243
1782 135
1783 186
1784 26
1785 18
1788 73
1789 97
1790 123
1793 28
1794 23
1797 211
1798 249
1799 64
1800 231
1802 231
1803 57
1804 136
1805 175
1809 104
1810 97
1811 72
1813 35
1814 106
1815 146
1816 68
1817 106
1818 148
1819 98
1820 68
1822 70
1823 198
1824 160
1825 14
1826 108
1827 182
1828 103
1829 84
1831 42
1832 66
1833 95
1834 125
1835 43
1838 73
1842 40
1843 12
1844 0
1845 58
1847 177
1848 182
1849 16
1850 242
1851 191
1852 173
1853 114
1854 62
1855 9
1856 129
1857 15
1858 147
1862 147
1863 162
1864 9
1865 180
1866 26
1867 61
1868 16
1869 209
1870 180
1871 61
1873 130
1874 15
1875 1
1876 1
1877 1
1878 102
1879 66
1880 1
1881 230
1882 26
1884 35
1885 161
1886 177
1887 0
1888 77
1889 129
1890 247
1891 139
1892 62
1893 44
1894 69
1895 160
1897 111
1898 167
1899 202
1900 122
1901 0
1902 28
1904 235
1906 31
1907 202
1910 119
1913 111
1914 20
1915 61
1917 208
1918 9
1919 27
1921 125
1923 218
1924 25
1925 185
1926 116
1928 166
1929 83
1930 32
1931 145
1933 243
1934 225
1936 29
1937 213
1938 172
1939 241
1940 123
1941 26
1942 143
1943 158
1944 52
1946 200
1947 45
1948 33
1949 61
1950 219
1951 146
1952 95
1953 51
1955 95
1956 114
1957 202
1959 22
1960 62
1962 173
1963 127
1966 112
1967 13
1968 33
1969 7
1971 1
1972 206
1973 176
1974 19
1975 45
1977 235
1978 155
1979 22
1980 168
1981 1
1982 221
1983 164
1984 55
1985 91
1986 129
1987 72
1989 41
1991 81
1992 174
1994 22
1995 74
1996 18
1997 16
1998 206
1999 59
2000 83
2001 199
2002 144
2003 164
2004 221
2005 195
2006 1
2007 68
2008 46
2009 191
2010 129
2011 86
2012 205
2015 121
2016 191
2017 213
2019 111
2021 20
2022 22
2024 134
2025 3
2027 173
2028 231
2029 20
2030 157
2031 245
2032 20
2033 80
2035 28
2036 141
2040 94
2041 29
2042 164
2045 164
2046 39
2047 132
2051 149
2053 82
2054 72
2055 44
2057 180
2058 1
2059 44
2060 203
2061 48
2062 144
2065 10
2067 177
2068 213
2071 92
2072 0
2073 33
2074 198
2075 26
2076 0
2077 92
2078 118
2079 3
2081 232
2083 103
2084 159
2085 92
2086 12
2087 137
2088 153
2090 158
2091 78
2092 194
2093 109
2094 198
2095 240
2096 142
2097 85
2098 63
2099 127
2100 162
2101 226
2102 3
2103 141
2105 77
2107 42
2108 1
2109 179
2110 136
2111 38
2113 149
2115 53
2116 200
2118 182
2119 74
2121 196
2122 53
2123 245
2124 127
2125 132
2126 100
2127 1
2128 80
2129 110
2130 31
2131 149
2132 130
2133 54
2134 219
2135 1
2140 186
2141 16
2142 97
2143 148
2146 66
2147 84
2148 15
2150 127
2152 132
2153 20
2154 57
2155 237
2156 119
2157 33
2158 195
2159 153
2161 44
2162 198
2163 69
2165 240
2166 100
2167 236
2168 222
2169 248
2170 10
2171 214
2173 44
2174 226
2178 155
2179 53
2182 225
2183 175
2184 179
2185 243
2186 22
2187 23
2188 75
2189 33
2190 122
2191 203
2192 15
2193 70
2194 196
2195 112
2197 150
2200 25
2202 36
2204 243
2205 105
2206 12
2207 163
2210 72
2211 100
2213 182
2214 246
2217 116
2218 147
2220 138
2221 213
2223 66
2224 206
2226 35
2227 82
2228 126
2229 199
2231 198
2232 1
2233 159
2235 65
2236 177
2237 147
2239 121
2240 115
2241 8
2244 60
2245 189
2246 64
2248 66
2249 74
2251 26
2252 230
2253 185
2255 161
2256 181
2257 102
2258 169
2259 89
2260 30
2261 193
2262 26
2263 215
2265 187
2266 2
2267 200
2268 115
2269 118
2270 77
2271 0
2272 155
2273 62
2274 45
2275 178
2276 213
2277 117
2278 33
2280 62
2281 85
2282 115
2284 208
2285 52
2286 202
2287 153
2288 46
2290 247
2291 178
2292 26
2294 33
2298 83
2299 140
2300 68
2302 243
2303 221
2304 56
2305 168
2306 237
2307 213
2308 162
2309 220
2310 139
2311 2
2312 6
2314 11
2315 6
2316 144
2317 111
2318 243
2320 56
2323 19
2324 227
2325 95
2327 1
2329 141
2331 100
2332 241
2334 182
2335 184
2336 87
2337 74
2338 155
2339 6
2340 162
2341 97
2342 74
2343 230
2344 90
2345 174
2346 145
2350 95
2351 45
2353 45
2354 181
2355 44
2356 78
2357 210
2359 38
2360 106
2361 145
2362 71
2363 115
2364 174
2365 96
2367 33
2368 230
2369 91
2372 66
2373 65
2374 171
2376 84
2379 1
2381 64
2383 97
2385 31
2386 35
2387 236
2389 129
2390 29
2391 45
2393 132
2395 146
2397 63
2398 109
2399 1
2400 196
2401 56
2402 204
2403 230
2404 139
2405 69
2406 127
2407 37
2408 113
2409 124
2410 92
2411 101
2413 181
2414 6
2415 1
2418 19
2419 220
2420 191
2421 242
2422 178
2424 59
2425 119
2427 84
2428 55
2429 131
2430 68
2431 74
2432 213
2433 108
2434 168
2438 104
2440 198
2441 16
2442 39
2443 46
2445 221
2446 108
2448 161
2449 156
2450 38
2451 22
2452 101
2455 30
2457 58
2459 103
2460 177
2461 16
2462 139
2463 102
2464 240
2467 230
2468 126
2472 62
2473 26
2474 129
2476 91
2478 141
2482 249
2483 204
2484 29
2485 44
2486 97
2488 173
2489 144
2490 244
2491 6
2492 161
2493 84
2494 93
2495 1
2496 84
2498 164
2499 37
2501 111
2502 85
2503 127
2505 1
2506 128
2507 91
2508 89
2510 146
2511 108
2512 173
2513 135
2514 106
2516 155
2517 95
2518 27
2519 45
2520 59
2521 35
2522 78
2524 39
2525 38
2528 119
2529 49
2531 26
2533 4
2534 194
2536 198
2537 236
2538 155
2539 57
2540 233
2541 160
2542 132
2543 241
2545 66
2547 36
2548 4
2549 151
2550 133
2551 132
2552 75
2553 169
2557 45
2558 74
2560 183
2561 73
2563 146
2565 178
2567 236
2569 159
2570 170
2572 221
2574 32
2576 68
2579 225
2580 6
2583 219
2584 33
2585 231
2586 26
2587 78
2588 2
2589 39
2590 136
2591 37
2592 34
2595 36
2597 237
2598 196
2599 177
2601 81
2602 153
2604 153
2605 17
2606 16
2607 31
2608 34
2609 14
2610 155
2612 230
2614 194
2615 95
2617 199
2618 90
2619 15
2620 49
2621 47
2623 88
2624 1
2625 219
2626 36
2627 225
2628 29
2632 128
2633 59
2634 54
2635 111
2636 61
2637 126
2638 185
2639 213
2640 120
2642 74
2643 168
2644 71
2646 233
2648 53
2650 55
2652 77
2653 112
2654 167
2657 60
2660 90
2662 191
2664 50
2666 211
2667 178
2668 214
2670 62
2671 44
2672 134
2673 2
2674 221
2676 69
2678 54
2679 186
2680 180
2681 225
2682 236
2683 45
2685 61
2686 69
2687 197
2688 145
2689 217
2690 1
2691 142
2692 182
2693 102
2694 95
2695 190
2697 172
2698 211
2701 50
2702 200
2704 29
2705 94
2707 84
2709 245
2710 231
2711 185
2715 159
2716 219
2717 13
2718 9
2719 87
2720 187
2721 125
2722 215
2723 36
2724 12
2725 122
2726 204
2728 178
2729 182
2731 149
2732 104
2733 33
2737 67
2738 121
2739 70
2741 150
2743 130
2744 96
2745 133
2747 243
2748 47
2749 87
2750 238
2751 213
2752 44
2753 235
2755 64
2756 179
2758 234
2759 97
2760 95
2762 68
2763 118
2764 21
2765 22
2768 95
2772 227
2773 102
2775 60
2776 74
2777 136
2778 33
2779 157
2780 102
2783 139
2785 143
2786 111
2787 68
2788 91
2789 174
2791 237
2792 100
2794 160
2795 68
2796 16
2798 170
2799 157
2801 6
2802 153
2803 200
2804 30
2806 38
2807 47
2809 179
2811 64
2812 195
2813 43
2815 74
2816 232
2817 65
2818 180
2820 39
2821 91
2822 28
2823 146
2825 18
2826 208
2830 68
2831 136
2832 200
2833 96
2834 83
2835 62
2838 45
2839 70
2840 237
2843 193
2844 99
2845 13
2846 49
2848 147
2849 200
2850 200
2851 126
2854 111
2856 177
2857 110
2858 142
2859 57
2862 77
2863 240
2866 68
2867 230
2868 56
2869 220
2870 107
2871 97
2872 65
2873 223
2874 9
2875 68
2878 160
2879 101
2880 36
2882 23
2884 102
2886 242
2887 169
2888 177
2889 42
2890 94
2892 150
2894 213
2895 146
2896 183
2898 3
2899 61
2900 1
2902 22
2904 103
2906 180
2908 237
2909 242
2912 109
2914 33
2916 173
2917 20
2918 206
2920 3
2921 196
2923 95
2925 158
2927 160
2928 39
2930 98
2931 26
2932 106
2933 32
2934 25
2936 15
2937 57
2939 1
2940 30
2941 162
2942 119
2943 99
2944 112
2945 168
2946 211
2947 95
2948 172
2950 186
2952 187
2954 176
2955 1
2956 139
2957 15
2959 46
2960 39
2961 36
2962 1
2963 221
2964 26
2965 202
2968 15
2970 107
2971 95
2973 236
2974 53
2975 44
2976 148
2979 231
2980 24
2986 114
2987 92
2988 84
2989 60
2990 119
2991 135
2993 46
2995 102
2996 213
2997 241
2999 65
3000 149
3001 149
3002 38
3003 132
3004 26
3005 202
3008 178
3009 55
3010 55
3011 1
3012 96
3013 226
3014 226
3015 65
3016 117
3017 117
3021 144
3022 212
3023 212
3024 28
3025 218
3027 91
3028 42
3029 66
3030 47
3031 156
3032 156
3033 85
3036 225
3038 23
3039 195
3041 233
3042 233
3043 121
3044 121
3045 144
3046 210
3049 70
3050 59
3051 100
3052 241
3053 45
3055 107
3056 26
3057 12
3058 193
3061 176
3062 74
3063 9
3064 9
3065 31
3066 216
3068 92
3069 92
3070 95
3071 84
3072 200
3076 26
3077 204
3078 204
3079 148
3081 51
3082 129
3085 186
3086 53
3087 105
3091 173
3092 173
3094 241
3095 181
3096 56
3097 56
3098 97
3099 5
3100 109
3101 223
3102 85
3103 97
3104 85
3105 81
3106 114
3107 95
3112 84
3113 230
3114 89
3115 89
3116 89
3117 2
3118 2
3119 195
3120 16
3121 61
3122 38
3123 19
3124 84
3125 186
3127 168
3128 168
3129 49
3130 180
3131 228
3132 97
3133 134
3134 186
3135 230
3136 95
3137 142
3139 96
3140 12
3141 12
3144 1
3145 31
3146 6
3147 200
3149 127
3152 230
3153 189
3155 222
3156 122
3157 147
3158 25
3160 185
3161 33
3162 95
3163 198
3165 206
3166 128
3168 140
3169 73
3170 73
3171 73
3172 230
3173 114
3174 242
3175 242
3176 149
3177 234
3179 145
3180 158
3181 95
3183 186
3184 171
3185 225
3186 168
3190 44
3191 44
3192 146
3193 58
3194 153
3195 153
3196 201
3197 6
3198 80
3199 111
3200 111
3202 20
3203 1
3205 215
3206 89
3207 91
3210 29
3211 0
3212 0
3214 145
3216 184
3218 158
3219 236
3220 80
3224 56
3225 98
3226 146
3227 153
3228 225
3229 232
3230 155
3231 238
3232 26
3233 17
3235 98
3236 98
3237 131
3238 131
3239 243
3240 20
3241 6
3242 243
3243 82
3245 87
3247 49
3248 247
3249 1
3250 132
3251 143
3252 57
3253 202
3254 202
3257 101
3258 101
3259 205
3260 166
3261 180
3262 230
3263 62
3265 65
3266 129
3269 174
3272 78
3275 91
3277 156
3278 156
3279 1
3281 84
3282 59
3284 75
3288 6
3289 38
3290 130
3291 46
3292 121
3293 121
3294 132
3295 36
3296 3
3298 59
3299 243
3301 92
3302 28
3304 59
3305 45
3306 45
3307 175
3308 119
3309 96
3310 68
3313 100
3315 66
3316 83
3318 102
3320 58
3321 244
3323 196
3324 230
3325 63
3327 62
3328 153
3329 52
3330 196
3332 106
3333 106
3334 230
3335 19
3336 3
3337 74
3338 230
3339 45
3340 45
3341 134
3345 193
3346 157
3348 2
3349 207
3351 18
3352 32
3353 32
3354 38
3355 1
3357 29
3358 12
3360 12
3361 230
3363 187
3364 58
3365 178
3367 227
3368 200
3369 127
3370 200
3371 32
3372 67
3374 199
3375 28
3376 60
3377 1
3378 1
3379 129
3380 50
3381 50
3384 2
3385 128
3387 5
3388 234
3389 103
3390 103
3391 181
3392 1
3393 236
3394 236
3396 102
3397 26
3398 235
3399 22
3403 6
3404 173
3405 14
3407 7
3408 7
3409 95
3410 80
3413 89
3415 144
3416 26
3417 168
3419 129
3420 62
3423 184
3424 108
3425 220
3426 80
3427 38
3428 13
3429 86
3430 213
3432 68
3433 148
3434 17
3435 43
3436 43
3439 111
3441 115
3442 30
3443 30
3445 37
3446 37
3447 153
3448 39
3449 39
3451 38
3452 38
3453 9
3454 43
3455 43
3456 200
3457 246
3459 197
3460 186
3461 94
3462 32
3463 129
3465 82
3466 25
3468 143
3469 212
3471 68
3472 138
3473 169
3474 46
3475 205
3477 55
3478 146
3479 90
3480 90
3481 241
3482 10
3484 15
3487 33
3488 63
3489 6
3490 181
3493 237
3494 78
3496 200
3497 142
3498 66
3499 4
3501 214
3502 65
3503 225
3504 199
3506 63
3507 239
3508 161
3509 76
3510 243
3511 62
3512 130
3513 130
3514 46
3515 187
3516 95
3517 132
3518 62
3520 185
3521 185
3523 26
3526 155
3528 1
3529 145
3530 94
3531 125
3532 119
3533 243
3534 231
3535 179
3536 38
3537 102
3538 39
3540 62
3541 230
3542 179
3543 85
3544 203
3546 241
3548 148
3549 29
3550 95
3551 3
3552 157
3553 173
3554 102
3555 96
3556 57
3557 223
3558 45
3559 45
3560 1
3562 123
3563 249
3564 145
3568 207
3569 2
3571 16
3572 61
3573 61
3574 230
3575 150
3576 104
3577 36
3579 1
3580 153
3581 197
3582 110
3583 169
3584 208
3585 143
3589 148
3590 148
3591 61
3592 60
3594 232
3596 53
3597 26
3598 92
3600 189
3601 60
3603 77
3604 26
3606 31
3607 225
3608 172
3609 245
3610 26
3611 33
3612 206
3613 206
3614 73
3615 3
3616 128
3618 231
3619 95
3620 114
3621 61
3623 243
3624 231
3625 163
3627 102
3628 158
3631 94
3632 221
3633 225
3635 120
3636 80
3637 185
3638 240
3639 240
3640 112
3641 74
3643 196
3645 14
3647 175
3648 108
3649 236
3651 180
3652 1
3653 20
3655 88
3656 68
3658 129
3659 17
3660 17
3662 100
3663 72
3665 153
3666 153
3667 39
3668 36
3669 232
3670 17
3671 142
3672 74
3673 243
3674 20
3676 46
3677 67
3678 95
3680 169
3681 231
3682 1
3683 177
3684 60
3685 243
3686 45
3687 26
3689 146
3690 157
3691 18
3692 238
3693 78
3694 197
3695 116
3696 218
3697 218
3698 95
3699 191
3701 26
3702 103
3703 103
3704 47
3705 23
3706 244
3707 173
3708 121
3710 132
3712 210
3713 210
3714 136
3715 185
3716 70
3717 28
3719 45
3720 62
3721 147
3722 147
3723 112
3725 100
3726 159
3727 179
3728 33
3729 23
3731 244
3732 26
3733 28
3734 28
3735 6
3737 175
3739 231
3740 80
3741 51
3742 194
3743 61
3744 103
3745 230
3748 84
3750 241
3751 5
3752 5
3753 232
3754 230
3755 147
3756 219
3758 182
3759 164
3761 18
3762 36
3763 54
3765 60
3766 225
3768 1
3769 169
3770 58
3771 240
3772 24
3773 24
3774 230
3777 243
3778 16
3779 101
3780 101
3781 65
3784 77
3785 77
3789 25
3791 50
3792 38
3793 185
3795 221
3796 96
3797 182
3799 1
3800 95
3801 132
3803 175
3804 37
3807 220
3808 220
3809 200
3810 221
3811 146
3812 225
3815 146
3816 102
3817 58
3818 247
3819 153
3820 80
3821 227
3822 14
3823 40
3824 111
3825 18
3827 91
3828 91
3829 65
3830 3
3832 167
3835 1
3837 14
3838 159
3839 175
3841 118
3842 245
3843 64
3844 186
3845 100
3846 38
3847 26
3848 119
3849 225
3850 129
3851 66
3852 142
3853 213
3854 213
3855 52
3857 115
3858 166
3860 200
3861 1
3862 26
3863 102
3864 222
3865 221
3866 102
3868 155
3869 155
3870 220
3871 195
3872 195
3875 74
3876 25
3877 62
3879 49
3880 106
3881 243
3882 247
3884 236
3885 236
3887 178
3888 101
3889 236
3890 166
3892 129
3895 13
3896 60
3897 226
3898 129
3899 65
3900 65
3901 2
3902 2
3903 36
3904 36
3907 135
3908 102
3909 1
3910 58
3911 181
3912 61
3913 104
3914 104
3915 85
3917 240
3918 125
3919 141
3920 70
3921 70
3922 47
3923 239
3924 118
3925 49
3926 49
3927 75
3928 75
3929 59
3930 62
3931 62
3932 195
3933 195
3935 187
3936 158
3937 185
3938 26
3939 132
3940 26
3941 173
3942 210
3943 1
3944 38
3945 92
3947 100
3948 245
3949 26
3950 85
3951 74
3953 26
3954 145
3955 100
3957 31
3958 26
3960 74
3961 74
3964 74
3965 129
3966 38
3967 231
3968 231
3969 1
3970 106
3971 106
3972 102
3973 96
3974 96
3977 146
3978 146
3979 56
3980 146
3981 169
3982 85
3983 85
3985 200
3986 28
3987 231
3988 129
3991 26
3992 84
3993 62
3994 45
3995 230
3996 186
3997 6
3998 244
4000 129
4001 177
4003 60
4004 225
4006 32
4007 157
4008 95
4009 112
4010 112
4011 26
4012 26
4014 6
4015 34
4019 101
4020 102
4021 127
4022 200
4023 26
4025 26
4026 134
4027 157
4029 95
4032 50
4033 209
4034 209
4035 142
4036 6
4037 231
4038 190
4039 247
4040 95
4041 242
4042 242
4043 70
4044 5
4045 103
4046 103
4047 74
4050 102
4051 180
4052 37
4053 243
4056 180
4058 58
4059 65
4060 44
4061 235
4062 208
4063 225
4064 129
4065 146
4066 102
4067 247
4068 18
4071 80
4072 11
4073 146
4074 83
4075 14
4076 14
4077 187
4078 26
4079 215
4081 191
4082 91
4085 1
4086 168
4087 167
4090 80
4091 80
4095 220
4096 220
4098 236
4099 95
4100 47
4101 65
4102 38
4103 176
4104 213
4105 96
4106 74
4109 142
4110 30
4112 100
4113 231
4114 231
4116 214
4117 185
4118 243
4119 9
4120 83
4121 128
4122 227
4123 131
4124 231
4125 181
4127 87
4128 87
4129 97
4130 230
4132 95
4133 1
4134 202
4138 62
4141 117
4142 6
4143 94
4144 6
4145 61
4146 74
4147 74
4149 200
4152 169
4154 49
4155 221
4156 11
4157 49
4158 200
4159 75
4160 75
4162 225
4163 96
4165 182
4166 94
4167 39
4168 145
4170 102
4171 84
4172 96
4173 116
4174 132
4175 187
4178 68
4179 95
4180 119
4181 119
4182 26
4183 33
4184 100
4185 102
4186 31
4187 159
4189 9
4191 26
4192 6
4193 132
4194 243
4195 145
4196 200
4197 16
4198 175
4199 249
4200 84
4201 1
4202 80
4203 102
4205 153
4207 1
4208 152
4209 142
4210 53
4211 53
4212 230
4213 1
4214 105
4215 96
4217 181
4218 97
4219 242
4220 169
4221 5
4222 109
4225 114
4226 81
4227 186
4228 186
4229 236
4230 231
4231 18
4232 18
4233 196
4234 186
4235 78
4237 26
4238 197
4239 26
4241 169
4242 29
4243 1
4244 17
4245 12
4247 96
4249 96
4250 61
4252 31
4253 31
4255 62
4256 94
4258 227
4259 200
4261 236
4262 127
4263 190
4264 26
4265 222
4266 197
4267 187
4268 187
4269 39
4272 50
4273 221
4274 245
4275 185
4276 1
4277 219
4278 219
4279 96
4280 94
4281 1
4282 95
4283 129
4284 197
4285 197
4286 102
4288 236
4289 177
4290 236
4292 65
4294 235
4295 211
4296 6
4297 211
4298 168
4300 29
4301 16
4302 111
4303 111
4307 215
4308 80
4309 129
4310 191
4312 91
4313 26
4314 26
4315 129
4316 96
4318 1
4319 39
4320 110
4321 62
4322 245
4323 134
4324 134
4326 88
4327 245
4329 180
4330 180
4334 146
4336 29
4337 43
4340 221
4341 200
4342 26
4343 1
4344 185
4345 24
4346 24
4347 225
4348 80
4349 36
4350 38
4352 155
4353 38
4354 185
4355 26
4356 64
4357 169
4358 169
4359 236
4360 49
4361 173
4362 119
4363 129
4364 169
4365 102
4366 84
4367 169
4368 202
4369 166
4370 46
4371 166
4373 180
4374 62
4375 169
4376 74
4377 36
4378 74
4380 102
4381 95
4382 104
4384 191
4385 28
4386 129
4387 145
4388 225
4389 47
4390 47
4391 202
4392 126
4394 136
4395 96
4396 231
4397 23
4398 62
4399 62
4400 95
4402 211
4403 136
4404 59
4405 185
4406 70
4409 159
4410 200
4411 26
4412 191
4414 129
4415 20
4417 231
4418 1
4420 39
4421 9
4422 9
4423 216
4425 33
4426 39
4427 132
4428 243
4429 65
4430 179
4431 6
4432 26
4433 185
4434 78
4435 1
4436 48
4437 204
4438 204
4439 129
4440 39
4441 39
4442 243
4443 1
4444 191
4445 105
4447 200
4448 96
4449 173
4450 96
4452 169
4453 45
4454 45
4455 81
4456 81
4457 102
4458 102
4459 84
4460 230
4461 157
4462 45
4463 1
4464 244
4465 122
4466 102
4467 164
4468 146
4469 146
4470 142
4471 196
4472 1
4473 243
4474 243
4475 60
4476 191
4477 177
4478 139
4479 96
4480 39
4481 18
4482 247
4484 32
4485 157
4486 96
4487 96
4488 95
4489 95
4490 230
4491 108
4492 108
4493 58
4494 53
4495 62
4496 26
4498 187
4499 9
4500 9
4501 26
4502 95
4503 145
4504 199
4505 67
4506 134
4507 134
4508 187
4509 187
4510 172
4511 161
4512 133
4513 231
4514 3
4515 26
4516 200
4517 103
4518 35
4519 1
4520 62
4521 62
4522 46
4523 45
4524 102
4525 196
4526 100
4527 235
4528 235
4529 171
4530 125
4531 26
4532 26
4533 22
4534 20
4536 26
4537 97
4538 146
4539 1
4540 200
4541 35
4542 230
4544 100
4545 26
4546 26
4547 20
4548 245
4549 245
4550 38
4551 180
4552 180
4553 102
4554 38
4555 43
4558 197
4559 37
4560 37
4561 95
4562 186
4563 26
4566 26
4567 128
4568 92
4569 185
4570 197
4571 131
4572 186
4573 25
4574 25
4575 87
4576 169
4577 169
4578 173
4579 102
4580 213
4581 102
4582 247
4583 39
4584 26
4585 231
4586 26
4587 202
4588 84
4589 102
4590 102
4591 94
4592 94
4593 243
4594 65
4595 65
4596 2
4597 2
4598 169
4599 188
4600 45
4601 45
4602 79
4603 33
4604 6
4605 6
4606 95
4607 200
4608 200
4609 240
4610 191
4611 91
4612 187
4613 145
4614 185
4615 185
4616 47
4617 119
4618 97
4619 102
4620 118
4621 84
4622 11
4623 221
4624 76
4625 95
4626 46
4627 1
4628 173
4629 185
4630 185
4631 6
4632 102
4633 38
4634 18
4635 186
4636 197
4637 243
4638 132
4639 102
4640 102
4641 102
4642 26
4643 26
4644 38
4645 95
4646 129
4647 145
4648 145
4649 200
4650 230
4651 120
4652 84
4653 230
4654 204
4655 148
4656 26
4657 231
4658 103
4659 142
4660 142
4661 35
4662 106
4663 102
4664 191
4665 191
4666 96
4667 155
4668 102
4669 242
4670 97
4671 96
4672 49
4673 49
4674 45
4675 18
4676 231
4677 134
4678 187
4679 94
4680 20
4681 155
4682 26
4683 102
4684 84
4685 102
4686 191
4687 142
4688 26
4689 243
4690 169
4691 200
4692 102
4693 197
4694 243
4695 145
4696 39
4697 96
4698 182
4699 95
4700 1
4701 95
4702 102
4703 187
4704 61
4705 110
4706 119
4707 1
4708 39
4709 26
4710 26
4711 102
4712 102
4713 96
4714 102
4715 38
4716 38
4717 200
4718 1
4719 200
4720 127
4721 1
4722 221
4723 185
4724 65
4725 199
4726 213
4727 230
4728 139
4729 157
4730 26
4731 187
4732 77
4733 31
4734 129
4735 187
4736 31
4737 187
4738 80
4739 225
4740 64
4741 172
4742 95
4743 148
4744 62
4745 2
4746 142
4747 81
4748 185
4749 234
4750 29
4751 74
4752 74
4753 102
4754 1
4755 74
4756 221
4757 46
4758 26
4759 39
4760 1
4761 208
4762 102
4763 65
4764 39
4765 95
4766 243
4767 18
4768 102
4769 102
4770 7
4771 187
4772 102
4773 102
4774 62
4775 1
4776 118
4777 89
4778 84
4779 84
4780 97
4781 26
4782 0
4783 1
4784 221
4785 236
4786 236
4787 1
4788 168
4789 167
4790 175
4791 96
4792 200
4793 96
4794 102
4795 236
4796 1
4797 20
4798 169
4799 38
4800 129
4801 129
4802 17
4803 62
4804 100
4805 100
4806 100
4807 39
4808 39
4809 153
4810 153
4811 38
4812 95
4813 125
4814 26
4815 26
4816 246
4817 62
4818 102
4819 94
4820 94
4821 245
4822 102
4823 84
4824 129
4825 243
4826 243
4827 243
4828 181
4829 26
4830 25
4831 26
