0 -1
1 0
2 11
3 -1
5 1
6 0
7 -1
8 0
9 0
10 0
11 -1
12 0
13 -1
14 2
15 0
16 -1
17 0
18 0
20 15
21 0
22 0
23 0
24 0
25 -1
26 0
27 0
28 -1
29 0
30 0
31 0
32 0
33 -1
34 0
35 0
36 -1
37 -1
38 12
39 0
40 0
41 0
42 0
43 0
44 -1
45 -1
46 -1
47 0
48 0
49 -1
50 -1
51 3
52 0
53 -1
54 0
55 0
56 -1
57 -1
58 -1
59 0
60 0
62 0
63 -1
64 -1
65 0
66 0
67 0
68 -1
69 0
70 0
71 0
72 0
73 0
75 -1
76 -1
77 0
78 0
79 -1
80 0
81 0
83 0
84 -1
85 0
86 0
87 0
88 -1
90 0
91 -1
92 12
93 -1
94 0
95 -1
96 0
97 -1
98 -1
99 -1
101 -1
102 0
103 0
104 -1
105 0
106 0
107 0
108 -1
109 0
110 0
112 -1
114 0
115 0
116 -1
117 -1
119 -1
120 0
121 -1
122 0
123 0
124 0
125 -1
126 0
127 0
128 -1
129 0
130 0
132 -1
133 -1
134 0
135 0
136 -1
137 0
138 -1
139 0
140 0
141 0
142 4
143 0
144 16
146 -1
147 12
148 -1
150 -1
151 0
152 0
153 0
154 -1
155 -1
156 0
157 0
158 -1
159 -1
160 0
161 0
162 -1
163 0
164 0
165 0
166 0
167 -1
168 0
169 0
170 0
171 0
172 0
173 -1
174 0
175 -1
176 0
177 0
178 -1
179 0
180 -1
181 -1
182 0
183 0
184 0
185 -1
186 -1
187 0
188 0
189 -1
190 0
191 0
192 0
193 0
194 -1
195 0
196 0
197 -1
198 -1
199 -1
200 0
201 0
202 0
203 0
204 0
206 0
207 0
208 -1
209 10
211 0
212 0
213 -1
214 14
215 -1
216 0
217 0
218 26
219 0
220 0
221 -1
222 0
223 0
224 0
225 -1
226 0
227 0
228 -1
229 6
230 -1
231 0
232 0
233 0
234 0
235 0
236 0
237 0
238 -1
239 -1
240 -1
241 0
242 -1
243 0
244 5
245 0
246 0
247 -1
248 -1
249 0
250 -1
251 0
252 0
254 -1
255 -1
256 0
257 0
258 0
259 0
260 -1
261 0
262 0
263 0
264 0
265 -1
266 -1
267 0
268 0
269 -1
270 0
271 -1
272 0
273 25
274 0
275 0
277 0
278 0
279 -1
280 -1
282 -1
283 0
284 -1
285 0
286 0
287 0
288 -1
289 0
290 -1
291 -1
292 0
293 -1
294 0
295 0
296 0
297 0
298 0
299 0
300 0
301 -1
302 0
303 0
304 -1
305 0
306 -1
307 6
308 0
309 -1
310 22
311 0
312 -1
313 0
314 -1
315 0
316 -1
317 0
318 0
319 0
320 0
321 -1
322 -1
323 0
324 0
325 18
326 0
327 0
328 0
329 0
330 0
331 0
332 0
333 0
334 0
335 -1
337 0
338 0
339 0
340 -1
341 -1
342 0
344 0
345 0
346 -1
347 0
348 -1
349 0
350 0
351 0
352 0
353 0
354 0
356 0
357 -1
358 -1
359 -1
360 0
361 7
362 -1
363 -1
364 0
365 0
366 -1
367 -1
368 -1
369 0
370 0
372 0
373 -1
374 -1
375 -1
376 0
377 0
378 0
379 -1
380 0
381 0
382 -1
383 -1
384 -1
385 0
386 0
387 0
388 0
389 -1
390 0
391 0
392 -1
393 0
394 -1
395 -1
396 -1
397 0
398 0
399 0
400 -1
401 0
402 0
403 -1
404 0
405 -1
406 0
407 0
408 -1
409 0
410 0
411 -1
412 0
413 0
414 0
415 0
416 -1
417 0
418 -1
419 0
420 0
421 0
422 0
423 -1
424 -1
425 0
426 17
427 0
428 0
429 0
430 -1
431 -1
432 0
433 0
434 0
435 0
436 0
437 0
438 -1
440 -1
441 0
442 0
443 0
444 0
445 8
446 -1
447 0
448 0
449 0
450 0
451 -1
452 9
453 0
454 0
455 0
457 -1
458 0
459 20
460 -1
461 0
462 -1
463 0
464 0
465 -1
466 -1
467 6
468 0
469 0
470 0
471 -1
472 0
473 -1
474 0
475 19
476 0
477 -1
478 0
479 0
480 -1
481 0
482 0
483 -1
484 0
485 0
486 0
487 -1
489 7
490 -1
491 -1
492 0
493 0
494 0
495 -1
496 -1
497 -1
498 0
499 -1
501 -1
502 0
503 -1
506 -1
509 -1
510 0
511 -1
512 0
513 0
516 0
518 -1
519 0
520 0
521 0
522 -1
523 0
524 0
525 -1
527 0
528 0
529 -1
530 0
531 0
532 0
533 -1
534 0
535 0
536 -1
537 -1
539 -1
540 -1
541 -1
542 -1
543 0
544 0
545 0
546 0
547 -1
549 -1
550 -1
551 0
552 -1
553 0
554 -1
555 -1
556 0
557 0
558 0
559 16
560 0
562 -1
563 0
564 0
566 0
567 -1
568 16
569 -1
570 -1
571 0
572 -1
573 0
574 0
575 -1
576 0
577 0
578 0
579 0
580 0
581 -1
582 0
583 -1
584 -1
585 -1
586 0
587 0
588 -1
589 0
590 0
592 -1
594 0
595 0
596 0
597 0
598 -1
599 0
600 -1
601 -1
602 -1
604 -1
605 0
606 0
607 0
608 -1
609 0
610 0
611 -1
612 -1
613 0
614 -1
615 -1
616 -1
617 17
618 0
619 0
620 8
621 -1
622 -1
623 -1
624 0
625 0
626 -1
627 0
628 0
629 0
630 26
631 -1
632 -1
633 -1
634 16
635 0
636 0
637 -1
638 0
639 0
640 -1
641 -1
642 0
643 0
644 0
645 0
646 -1
647 -1
648 0
651 0
652 -1
653 0
654 -1
655 -1
656 -1
657 -1
658 -1
659 -1
660 -1
661 0
662 0
663 0
664 0
665 -1
666 0
667 0
668 0
670 -1
671 0
672 0
673 0
674 0
675 -1
676 0
678 0
679 -1
680 0
681 0
682 -1
683 0
684 0
685 0
686 0
687 -1
688 0
689 -1
690 -1
691 0
692 0
693 -1
694 0
695 0
696 0
697 -1
698 0
699 0
701 0
702 -1
703 -1
704 0
705 0
706 -1
707 -1
708 -1
709 -1
710 0
711 0
712 0
713 0
714 -1
716 0
717 -1
718 0
719 0
720 0
722 0
723 -1
724 -1
725 0
726 0
727 -1
728 -1
729 0
730 0
731 -1
732 0
733 -1
734 0
735 -1
736 0
737 26
738 -1
739 7
740 0
741 7
742 -1
743 0
744 0
745 0
746 0
747 -1
748 0
749 0
751 -1
752 0
753 -1
754 0
755 -1
756 0
757 0
758 14
760 0
761 22
762 0
763 0
764 0
765 -1
766 -1
767 0
768 -1
769 0
770 -1
771 0
772 22
773 0
774 0
775 -1
776 -1
777 0
778 0
779 0
780 -1
781 0
782 -1
783 -1
784 0
785 22
787 0
788 0
789 0
790 -1
791 -1
793 -1
794 0
795 0
796 0
797 0
798 0
799 -1
800 0
801 -1
802 0
803 -1
804 0
805 0
806 0
807 0
808 -1
809 0
810 -1
811 -1
812 -1
813 -1
814 -1
815 -1
817 0
818 0
819 -1
820 -1
821 0
822 9
823 0
824 0
826 -1
827 -1
828 -1
829 -1
830 0
831 -1
832 -1
833 0
834 0
835 0
836 -1
837 -1
838 0
839 0
840 0
841 0
843 0
846 1
847 0
848 -1
849 -1
850 0
852 0
853 -1
855 0
856 0
857 0
858 0
859 8
860 -1
861 -1
862 0
863 0
864 0
865 10
866 0
867 0
868 0
869 -1
871 4
872 0
873 -1
874 0
875 0
876 0
877 0
878 -1
879 0
881 0
882 0
883 0
884 0
885 -1
888 -1
889 0
890 0
891 0
892 0
893 -1
894 -1
895 0
896 -1
897 15
898 0
899 0
900 0
901 -1
902 -1
903 0
904 0
905 0
906 0
907 0
909 0
910 0
911 0
912 0
913 0
914 0
915 0
916 0
917 0
918 0
919 0
920 0
921 23
922 0
923 0
924 0
925 0
926 10
927 0
928 0
929 7
930 -1
931 0
932 0
933 -1
934 -1
936 0
937 0
938 0
939 0
940 -1
941 26
942 0
943 0
944 11
946 0
947 -1
948 0
949 -1
950 8
951 0
953 0
954 -1
955 0
956 -1
957 0
958 -1
959 0
960 0
961 0
962 -1
963 -1
964 -1
965 -1
967 0
968 12
969 0
970 -1
971 19
972 -1
973 0
974 0
975 0
977 0
978 0
979 -1
980 0
981 0
982 0
983 0
984 4
985 11
987 0
988 0
989 0
990 0
991 0
992 0
993 0
994 -1
995 0
996 -1
998 0
999 0
1000 -1
1001 0
1002 0
1003 0
1004 0
1005 -1
1006 -1
1008 0
1009 0
1010 -1
1011 -1
1013 13
1014 0
1015 -1
1016 0
1017 -1
1019 -1
1020 -1
1021 0
1022 0
1023 -1
1024 -1
1025 -1
1027 0
1028 0
1029 0
1030 -1
1031 0
1032 18
1034 0
1035 0
1036 -1
1037 25
1038 14
1040 0
1042 4
1044 0
1045 -1
1046 -1
1047 0
1048 0
1049 -1
1050 0
1052 0
1053 0
1054 15
1055 0
1057 -1
1058 0
1059 16
1060 0
1061 -1
1062 2
1063 0
1064 0
1065 0
1066 0
1067 0
1068 0
1069 0
1070 -1
1071 0
1072 0
1074 0
1075 -1
1076 0
1077 -1
1078 0
1079 -1
1080 0
1081 0
1082 0
1083 0
1084 -1
1085 0
1086 0
1087 -1
1088 0
1089 2
1090 -1
1091 -1
1092 0
1093 0
1094 -1
1095 0
1097 0
1098 3
1099 -1
1100 0
1101 9
1103 0
1104 0
1105 24
1106 -1
1107 0
1108 0
1109 0
1110 0
1111 0
1112 0
1113 -1
1114 -1
1115 0
1116 3
1117 0
1118 0
1119 0
1120 7
1121 9
1122 0
1123 0
1124 0
1125 0
1126 13
1127 -1
1128 0
1129 0
1130 -1
1131 0
1132 0
1133 0
1134 0
1135 0
1137 0
1139 -1
1140 -1
1141 -1
1142 0
1143 0
1144 -1
1145 -1
1146 9
1147 0
1148 0
1149 -1
1150 0
1151 -1
1154 0
1155 0
1158 0
1159 -1
1160 0
1161 0
1162 0
1163 -1
1165 0
1166 0
1167 -1
1168 -1
1169 0
1170 -1
1171 -1
1172 -1
1173 0
1174 0
1177 -1
1178 0
1179 0
1180 -1
1181 0
1182 0
1183 0
1184 -1
1185 -1
1186 -1
1187 -1
1188 -1
1189 0
1190 14
1191 0
1192 0
1193 -1
1194 -1
1195 0
1196 -1
1197 0
1198 0
1199 0
1200 0
1201 0
1203 -1
1205 0
1206 0
1207 0
1209 -1
1210 6
1211 -1
1212 0
1213 0
1214 0
1215 26
1216 -1
1217 0
1218 0
1219 0
1220 0
1221 0
1222 0
1223 -1
1225 0
1226 -1
1227 23
1228 -1
1229 0
1230 0
1232 0
1234 0
1235 0
1237 0
1238 0
1239 0
1240 -1
1241 -1
1242 0
1243 0
1245 -1
1246 0
1247 -1
1248 0
1249 0
1250 5
1251 0
1252 0
1253 17
1255 -1
1256 0
1257 -1
1258 -1
1259 -1
1260 13
1261 -1
1262 -1
1263 0
1265 0
1266 0
1267 0
1269 2
1270 0
1271 0
1272 21
1273 0
1274 -1
1275 0
1277 0
1278 0
1279 -1
1281 0
1283 0
1284 0
1285 -1
1286 0
1289 -1
1290 0
1291 -1
1292 0
1293 -1
1294 -1
1295 -1
1296 -1
1297 -1
1298 0
1299 0
1300 0
1301 0
1302 0
1303 0
1305 -1
1306 21
1307 -1
1308 -1
1310 0
1311 0
1313 0
1314 -1
1315 0
1316 0
1317 0
1319 -1
1320 0
1321 0
1323 -1
1324 0
1325 -1
1326 -1
1327 0
1328 0
1329 -1
1330 0
1332 0
1333 0
1334 0
1335 0
1336 0
1337 -1
1339 0
1340 0
1341 -1
1343 -1
1344 0
1345 0
1346 -1
1347 0
1348 0
1349 -1
1350 -1
1351 -1
1352 -1
1353 0
1354 0
1355 0
1357 -1
1358 -1
1359 0
1360 -1
1361 -1
1362 0
1363 -1
1364 0
1365 0
1366 0
1367 0
1368 0
1369 -1
1370 0
1372 0
1373 -1
1374 0
1375 -1
1376 -1
1377 -1
1378 0
1380 -1
1381 0
1382 -1
1384 0
1385 -1
1387 24
1388 17
1389 0
1391 0
1392 0
1393 0
1394 0
1395 0
1396 -1
1397 0
1399 0
1400 0
1401 0
1402 0
1403 0
1404 -1
1405 -1
1406 -1
1407 0
1408 0
1410 0
1411 0
1412 -1
1413 0
1414 0
1415 -1
1416 0
1417 0
1418 0
1419 0
1420 -1
1421 -1
1422 0
1423 -1
1425 0
1426 0
1427 0
1429 0
1431 -1
1432 0
1433 10
1434 -1
1436 -1
1438 0
1439 0
1440 0
1441 0
1442 -1
1443 -1
1444 -1
1445 0
1446 0
1447 0
1448 -1
1449 -1
1450 0
1451 -1
1452 0
1453 0
1454 0
1455 0
1456 0
1457 0
1459 0
1460 -1
1461 0
1462 13
1463 0
1464 0
1465 0
1466 -1
1467 -1
1468 -1
1469 0
1470 0
1471 0
1472 0
1473 -1
1474 0
1475 0
1476 0
1479 0
1480 0
1481 -1
1482 0
1483 0
1484 0
1486 -1
1487 0
1490 0
1491 0
1492 0
1493 0
1494 0
1495 -1
1496 -1
1497 -1
1498 0
1499 0
1500 0
1501 0
1502 0
1503 5
1504 0
1506 -1
1507 0
1508 0
1509 -1
1510 0
1512 -1
1514 0
1515 0
1517 0
1518 0
1520 0
1521 0
1522 0
1523 0
1524 0
1525 0
1526 0
1527 -1
1528 0
1529 -1
1530 -1
1531 0
1532 0
1534 -1
1535 0
1536 -1
1537 -1
1538 0
1540 0
1541 0
1542 -1
1543 0
1544 0
1545 -1
1546 3
1547 -1
1549 -1
1551 0
1552 0
1553 -1
1554 0
1555 -1
1556 0
1557 0
1558 0
1560 -1
1563 1
1565 0
1566 0
1567 18
1568 1
1570 7
1571 0
1572 0
1573 0
1574 -1
1575 0
1576 19
1577 0
1578 0
1579 0
1581 -1
1582 0
1583 0
1584 0
1585 0
1586 0
1587 0
1588 -1
1589 0
1590 -1
1591 19
1593 0
1595 0
1597 -1
1599 -1
1601 0
1602 0
1603 0
1604 -1
1605 0
1607 0
1609 -1
1610 -1
1611 -1
1613 -1
1614 -1
1615 -1
1616 -1
1617 0
1618 0
1619 -1
1621 0
1623 -1
1625 0
1626 0
1627 0
1628 -1
1629 -1
1630 0
1631 -1
1632 13
1633 0
1635 0
1636 0
1637 -1
1639 0
1640 0
1643 4
1644 0
1645 0
1646 0
1647 0
1648 20
1650 -1
1651 0
1652 0
1653 3
1654 4
1655 0
1656 0
1657 0
1658 -1
1659 0
1660 0
1661 0
1662 -1
1663 -1
1664 0
1665 -1
1666 16
1667 0
1668 -1
1669 0
1670 -1
1671 0
1674 0
1676 0
1677 0
1678 0
1679 0
1681 0
1682 -1
1684 -1
1685 -1
1686 -1
1687 10
1688 0
1689 0
1691 0
1692 0
1694 -1
1695 0
1696 -1
1697 -1
1698 0
1699 0
1701 -1
1702 -1
1703 0
1704 -1
1705 0
1706 -1
1707 -1
1708 0
1709 -1
1712 -1
1713 -1
1715 0
1716 0
1718 -1
1719 0
1720 -1
1721 -1
1722 -1
1723 0
1724 0
1725 0
1726 0
1727 0
1728 0
1730 -1
1732 0
1733 0
1734 0
1735 0
1736 -1
1737 0
1738 0
1739 0
1740 0
1741 0
1742 0
1743 -1
1745 0
1747 -1
1748 0
1749 0
1750 0
1751 0
1752 -1
1753 0
1754 0
1755 0
1756 -1
1757 -1
1758 -1
1759 0
1761 0
1762 0
1764 0
1765 0
1766 0
1767 0
1768 -1
1769 0
1771 0
1772 -1
1774 0
1775 0
1776 0
1777 0
1778 5
1779 5
1780 -1
1781 0
1782 0
1783 0
1784 0
1785 0
1786 -1
1788 0
1789 3
1790 -1
1791 -1
1792 21
1793 0
1794 0
1795 -1
1796 0
1797 9
1799 0
1801 0
1802 -1
1804 0
1805 -1
1806 -1
1807 -1
1808 19
1809 0
1810 0
1811 0
1813 22
1815 0
1816 0
1817 0
1818 0
1819 0
1820 -1
1821 0
1822 0
1824 0
1825 0
1826 0
1827 0
1829 -1
1830 22
1831 0
1832 0
1833 0
1834 0
1837 0
1839 0
1840 17
1841 0
1842 0
1843 0
1845 0
1846 -1
1847 0
1848 0
1849 -1
1850 0
1851 25
1853 0
1854 20
1855 0
1857 -1
1858 0
1860 0
1861 0
1863 0
1864 -1
1865 0
1866 0
1867 -1
1868 -1
1869 0
1870 0
1871 0
1873 0
1874 18
1875 -1
1876 23
1877 -1
1878 -1
1879 0
1880 0
1881 0
1882 -1
1883 0
1884 0
1885 0
1887 0
1888 0
1889 -1
1890 0
1891 -1
1894 -1
1895 0
1896 20
1897 0
1899 0
1900 -1
1902 4
1903 0
1904 0
1906 0
1907 0
1908 0
1909 -1
1910 0
1911 0
1912 -1
1913 -1
1914 0
1915 -1
1916 0
1917 -1
1918 0
1919 -1
1920 0
1921 0
1923 0
1924 0
1925 0
1926 -1
1927 0
1928 0
1929 0
1931 -1
1933 0
1934 0
1935 23
1936 0
1938 0
1939 0
1940 0
1941 0
1942 -1
1943 0
1944 0
1945 0
1947 0
1948 0
1949 -1
1950 0
1951 0
1952 -1
1953 -1
1954 -1
1955 0
1957 0
1959 0
1962 -1
1964 0
1965 0
1966 0
1967 -1
1968 0
1969 0
1970 0
1971 0
1972 -1
1973 0
1974 0
1976 0
1977 0
1978 0
1979 0
1980 0
1982 -1
1983 -1
1985 -1
1986 0
1987 0
1991 0
1992 0
1993 0
1994 0
1995 -1
1997 0
1998 0
2000 0
2001 11
2003 -1
2006 -1
2008 -1
2009 0
2010 0
2011 0
2012 0
2013 9
2014 0
2015 0
2016 22
2017 0
2018 24
2019 -1
2020 -1
2021 0
2022 0
2024 0
2025 9
2026 0
2027 0
2028 -1
2029 0
2031 0
2032 0
2033 -1
2034 22
2035 19
2036 0
2037 0
2038 0
2039 -1
2040 0
2041 0
2042 -1
2043 0
2044 -1
2045 0
2046 0
2047 0
2049 0
2050 0
2051 0
2053 -1
2054 0
2055 0
2056 0
2057 -1
2058 -1
2059 -1
2061 0
2062 -1
2063 -1
2064 0
2065 -1
2067 -1
2068 0
2069 0
2070 -1
2071 -1
2072 -1
2073 -1
2075 24
2076 0
2077 -1
2079 0
2080 0
2081 15
2082 0
2083 19
2084 0
2085 -1
2086 -1
2088 0
2089 0
2090 0
2091 0
2092 -1
2093 -1
2094 0
2096 0
2097 0
2099 -1
2100 0
2101 -1
2104 0
2105 0
2107 0
2108 0
2109 -1
2110 0
2111 -1
2113 -1
2114 0
2115 0
2116 -1
2117 13
2118 0
2119 0
2121 -1
2122 0
2123 -1
2124 0
2125 0
2126 -1
2127 -1
2128 0
2129 3
2130 0
2131 0
2132 0
2133 -1
2135 0
2136 0
2137 0
2138 -1
2139 0
2140 0
2141 0
2142 3
2143 0
2144 0
2145 0
2147 -1
2148 0
2149 0
2150 0
2151 0
2152 0
2153 0
2154 -1
2155 -1
2156 0
2157 -1
2158 -1
2159 0
2160 0
2161 -1
2162 0
2163 -1
2164 0
2167 0
2168 0
2170 -1
2171 -1
2172 0
2174 0
2175 -1
2176 0
2177 0
2178 0
2181 -1
2182 -1
2183 0
2184 0
2185 0
2187 0
2188 -1
2189 0
2190 14
2191 0
2192 16
2195 0
2196 -1
2197 0
2198 24
2200 -1
2201 11
2203 9
2204 0
2206 0
2208 0
2211 0
2213 -1
2214 -1
2215 -1
2217 -1
2219 14
2220 0
2221 0
2222 0
2226 0
2227 0
2229 0
2230 0
2232 0
2233 0
2234 0
2235 0
2236 0
2238 -1
2239 0
2240 0
2241 0
2242 -1
2243 0
2244 -1
2245 0
2246 0
2247 -1
2248 0
2249 0
2253 -1
2254 -1
2257 0
2258 0
2259 0
2260 -1
2261 8
2262 0
2263 0
2264 0
2265 0
2266 0
2267 -1
2268 0
2269 0
2270 0
2272 0
2274 0
2275 0
2277 0
2279 -1
2280 0
2281 0
2282 0
2283 0
2284 -1
2286 0
2287 -1
2288 0
2289 0
2290 0
2292 -1
2293 0
2294 -1
2295 -1
2296 1
2297 0
2299 15
2300 0
2301 0
2302 -1
2303 0
2304 0
2305 -1
2306 0
2307 -1
2308 0
2309 0
2310 -1
2311 0
2312 0
2313 -1
2314 0
2315 0
2316 0
2317 -1
2318 0
2319 0
2321 0
2322 -1
2323 0
2324 0
2325 0
2326 0
2327 0
2328 -1
2329 0
2331 0
2332 -1
2333 0
2334 0
2335 0
2336 -1
2337 0
2338 0
2339 21
2340 0
2341 0
2342 -1
2343 -1
2344 2
2346 0
2347 0
2348 0
2349 21
2350 0
2351 0
2352 0
2353 -1
2354 0
2355 0
2357 0
2358 0
2359 0
2361 0
2363 0
2364 0
2365 -1
2366 0
2367 0
2369 -1
2370 0
2371 -1
2373 0
2374 0
2375 0
2376 0
2378 0
2379 0
2380 -1
2381 0
2382 0
2384 -1
2385 -1
2386 0
2387 0
2388 0
2389 0
2390 0
2391 0
2392 0
2393 -1
2394 0
2395 0
2397 0
2398 0
2399 0
2401 0
2403 -1
2404 -1
2405 0
2406 0
2407 0
2410 -1
2412 0
2413 0
2414 0
2415 0
2416 -1
2417 14
2418 0
2420 25
2422 -1
2425 0
2426 0
2427 0
2428 0
2430 0
2431 -1
2432 0
2433 0
2434 0
2435 -1
2436 -1
2437 0
2438 0
2439 0
2440 -1
2441 0
2442 0
2443 -1
2444 -1
2445 0
2446 0
2447 0
2448 0
2449 0
2450 -1
2451 0
2452 0
2453 -1
2454 -1
2455 0
2456 20
2457 0
2458 -1
2460 0
2461 -1
2463 -1
2464 -1
2465 1
2467 0
2468 0
2469 0
2470 -1
2471 15
2472 0
2473 -1
2474 0
2475 0
2476 -1
2477 -1
2478 0
2479 0
2480 0
2482 -1
2483 0
2484 0
2485 0
2486 3
2488 0
2490 0
2491 0
2492 0
2494 -1
2495 -1
2497 0
2498 -1
2500 0
2501 0
2503 -1
2504 -1
2505 0
2506 -1
2507 0
2508 -1
2509 -1
2511 0
2512 0
2513 0
2514 0
2515 0
2516 0
2517 0
2518 22
2519 0
2520 -1
2522 -1
2524 0
2525 0
2526 0
2527 0
2528 0
2529 0
2531 0
2533 0
2534 -1
2536 -1
2537 0
2538 -1
2540 0
2542 0
2543 0
2544 0
2545 0
2546 -1
2547 0
2548 0
2549 0
2550 0
2551 0
2552 0
2553 0
2555 0
2556 -1
2557 0
2558 0
2559 0
2560 0
2561 -1
2562 -1
2563 0
2564 0
2566 0
2567 -1
2568 -1
2569 0
2570 0
2571 0
2572 -1
2574 -1
2576 0
2577 0
2578 -1
2580 21
2582 0
2584 -1
2585 -1
2586 0
2587 22
2588 0
2589 -1
2590 0
2591 0
2592 0
2593 -1
2594 0
2596 0
2597 0
2598 -1
2599 0
2600 -1
2602 0
2603 0
2604 0
2605 0
2606 0
2607 0
2608 0
2609 23
2610 -1
2612 -1
2613 10
2614 -1
2615 0
2616 0
2617 0
2618 -1
2619 0
2621 22
2622 0
2623 0
2624 -1
2625 0
2626 0
2627 0
2629 0
2630 0
2631 -1
2632 0
2633 0
2634 0
2635 -1
2636 0
2637 -1
2641 0
2642 -1
2644 16
2645 0
2647 -1
2648 -1
2649 0
2650 -1
2651 -1
2652 0
2653 0
2654 -1
2655 0
2656 -1
2657 -1
2658 0
2660 -1
2661 0
2664 -1
2665 0
2666 -1
2667 7
2668 -1
2669 0
2670 0
2671 0
2672 0
2673 0
2675 0
2676 0
2677 0
2678 0
2679 0
2680 -1
2681 0
2682 0
2683 -1
2684 0
2685 0
2686 0
2687 0
2688 0
2689 -1
2690 -1
2691 -1
2692 -1
2694 0
2695 0
2696 0
2697 0
2698 0
2699 -1
2700 0
2701 0
2702 0
2703 -1
2705 0
2706 -1
2709 -1
2710 -1
2711 0
2712 0
2713 -1
2714 0
2716 0
2717 0
2718 0
2721 -1
2722 11
2723 -1
2726 0
2727 0
2728 7
2729 -1
2730 0
2731 0
2732 0
2733 0
2735 7
2737 0
2738 0
2739 0
2741 -1
2742 -1
2743 0
2744 0
2745 0
2747 0
2748 0
2749 0
2751 0
2752 0
2753 0
2754 -1
2756 -1
2757 0
2758 0
2759 0
2760 0
2761 0
2762 -1
2763 0
2764 0
2765 0
2766 0
2767 -1
2768 0
2770 0
2776 0
2777 0
2778 0
2779 0
2780 0
2781 0
2782 0
2784 0
2785 0
2786 -1
2787 -1
2788 -1
2789 0
2790 -1
2791 -1
2792 0
2793 0
2794 0
2795 0
2797 0
2799 0
2800 0
2801 -1
2802 0
2804 0
2805 -1
2806 0
2807 0
2808 0
2809 0
2811 0
2812 -1
2814 -1
2815 0
2816 0
2817 0
2818 0
2820 0
2822 0
2823 0
2824 0
2825 0
2826 16
2827 -1
2828 0
2829 -1
2830 0
2832 0
2834 0
2835 0
2836 0
2837 -1
2838 0
2839 0
2841 -1
2842 0
2843 8
2844 0
2845 0
2846 0
2847 -1
2848 0
2849 0
2851 0
2852 0
2853 -1
2854 0
2855 -1
2856 -1
2857 0
2858 0
2859 0
2861 -1
2862 0
2863 0
2864 0
2866 0
2867 -1
2868 12
2869 0
2870 0
2871 3
2873 -1
2874 0
2875 -1
2876 0
2877 0
2878 0
2879 0
2880 -1
2881 -1
2883 0
2884 0
2885 0
2886 -1
2887 0
2888 -1
2891 0
2892 0
2893 -1
2894 0
2895 0
2896 -1
2898 0
2899 0
2900 -1
2901 0
2903 0
2904 0
2905 0
2906 0
2907 0
2909 0
2910 0
2911 0
2912 -1
2913 -1
2914 0
2915 0
2917 0
2919 -1
2920 0
2921 0
2922 0
2923 -1
2924 -1
2925 0
2926 0
2927 0
2928 0
2929 0
2930 -1
2931 0
2932 -1
2934 -1
2935 0
2936 0
2937 0
2938 -1
2940 -1
2941 0
2942 0
2943 0
2946 0
2947 0
2948 0
2949 -1
2950 0
2951 4
2952 0
2955 0
2956 0
2957 0
2958 0
2960 0
2961 -1
2962 0
2964 23
2965 0
2966 0
2967 0
2968 18
2969 0
2970 0
2971 0
2972 0
2973 22
2974 21
2975 -1
2976 0
2977 0
2978 -1
2979 0
2980 0
2982 0
2983 0
2984 -1
2986 -1
2987 -1
2988 -1
2989 -1
2990 0
2991 0
2992 22
2994 1
2995 -1
2996 0
2997 0
3001 -1
3002 -1
3003 -1
3004 -1
3006 -1
3007 -1
3008 0
3009 -1
3011 0
3012 0
3013 0
3014 22
3015 0
3016 0
3018 -1
3020 -1
3021 -1
3022 25
3023 -1
3024 0
3025 0
3026 -1
3027 0
3028 0
3029 -1
3031 0
3034 0
3035 0
3036 0
3037 0
3038 0
3039 0
3040 0
3041 0
3042 14
3043 0
3044 0
3045 0
3046 -1
3047 0
3048 -1
3049 0
3050 -1
3052 0
3053 0
3054 17
3056 0
3057 0
3058 16
3059 -1
3060 0
3061 -1
3063 0
3064 -1
3066 0
3067 0
3068 -1
3069 0
3071 0
3072 0
3074 0
3075 -1
3076 0
3077 0
3078 -1
3080 0
3081 -1
3082 0
3083 22
3084 0
3085 0
3086 -1
3087 0
3088 -1
3089 -1
3090 -1
3091 0
3092 0
3093 0
3095 0
3096 0
3097 -1
3098 -1
3101 0
3102 0
3103 0
3104 -1
3105 -1
3106 0
3109 -1
3110 0
3111 -1
3112 -1
3113 0
3115 0
3116 -1
3117 4
3118 -1
3119 0
3120 0
3121 0
3122 0
3123 -1
3124 0
3126 -1
3127 -1
3130 0
3133 0
3134 0
3140 0
3141 0
3143 0
3144 0
3145 0
3146 0
3147 0
3150 0
3151 0
3152 0
3153 0
3154 0
3155 0
3156 -1
3158 0
3159 0
3162 0
3163 0
3165 0
3166 0
3167 -1
3168 12
3169 0
3171 -1
3173 -1
3174 0
3176 7
3177 0
3179 0
3180 0
3181 -1
3182 1
3183 0
3184 0
3185 -1
3186 0
3187 0
3188 -1
3189 0
3191 0
3192 0
3194 0
3195 0
3196 -1
3197 -1
3198 -1
3201 0
3202 -1
3204 0
3208 -1
3212 -1
3213 -1
3214 0
3216 0
3217 -1
3218 0
3219 0
3220 0
3221 0
3222 0
3223 0
3224 -1
3225 -1
3226 0
3227 -1
3230 -1
3231 0
3233 0
3234 -1
3235 16
3236 0
3237 0
3240 0
3243 -1
3245 -1
3246 0
3247 -1
3248 0
3250 0
3253 0
3254 0
3256 0
3257 -1
3258 0
3259 0
3261 0
3262 -1
3263 0
3264 -1
3265 0
3266 -1
3268 -1
3269 0
3270 -1
3271 0
3272 -1
3273 0
3274 0
3275 0
3276 0
3277 -1
3278 0
3279 -1
3280 0
3281 0
3282 24
3283 -1
3284 -1
3285 8
3286 0
3287 0
3288 0
3289 -1
3290 0
3291 0
3292 0
3293 0
3294 -1
3295 0
3296 0
3297 0
3301 -1
3302 0
3304 0
3306 -1
3307 0
3308 0
3309 -1
3310 0
3312 -1
3314 0
3315 11
3316 0
3317 0
3318 0
3322 -1
3325 26
3326 1
3327 0
3328 0
3329 5
3331 0
3333 0
3335 -1
3336 24
3337 0
3339 -1
3340 0
3341 0
3342 0
3343 0
3345 0
3347 0
3350 14
3351 -1
3352 -1
3353 0
3354 0
3355 0
3356 9
3357 20
3359 0
3360 0
3362 0
3363 0
3367 0
3368 0
3369 0
3370 0
3371 0
3373 -1
3374 0
3375 0
3376 -1
3377 0
3379 -1
3380 0
3382 0
3383 0
3384 0
3385 -1
3386 0
3387 0
3388 -1
3389 -1
3391 25
3392 -1
3393 0
3394 0
3396 0
3397 0
3399 0
3402 -1
3403 0
3404 -1
3405 25
3406 0
3407 0
3409 0
3412 0
3413 0
3414 0
3415 -1
3416 0
3417 17
3418 0
3420 0
3421 3
3422 22
3423 0
3424 -1
3426 0
3427 0
3428 -1
3430 0
3432 21
3433 -1
3434 0
3435 0
3439 0
3440 0
3442 -1
3443 0
3444 0
3445 -1
3447 0
3448 0
3449 -1
3451 0
3452 -1
3453 0
3454 0
3455 7
3456 -1
3457 0
3458 -1
3460 0
3461 0
3462 -1
3464 0
3465 0
3466 0
3467 0
3470 0
3471 0
3472 0
3473 0
3474 0
3475 -1
3476 0
3477 -1
3478 -1
3481 -1
3482 0
3485 0
3486 0
3487 -1
3490 13
3491 -1
3493 0
3494 -1
3495 7
3496 0
3497 0
3499 0
3500 0
3501 0
3502 -1
3503 17
3504 0
3506 -1
3507 0
3509 0
3510 0
3511 0
3512 0
3513 18
3514 0
3515 0
3516 -1
3517 0
3518 0
3519 0
3520 0
3521 0
3523 -1
3525 -1
3526 0
3527 0
3528 0
3529 -1
3531 0
3532 -1
3533 -1
3534 0
3535 0
3536 -1
3537 -1
3538 0
3539 0
3540 -1
3541 0
3543 -1
3544 0
3545 0
3546 0
3548 0
3549 -1
3550 -1
3551 0
3552 0
3553 0
3554 -1
3555 0
3556 0
3557 0
3558 -1
3559 0
3560 0
3561 0
3562 -1
3565 0
3566 -1
3568 -1
3569 0
3571 0
3572 0
3575 0
3579 0
3582 0
3583 0
3584 0
3586 0
3588 0
3590 0
3591 0
3592 -1
3593 0
3594 0
3596 13
3598 0
3600 22
3602 0
3604 0
3606 -1
3610 -1
3612 0
3613 0
3615 -1
3616 7
3617 9
3618 -1
3622 0
3623 0
3624 -1
3625 0
3626 -1
3627 -1
3630 0
3633 -1
3635 10
3637 4
3638 0
3639 -1
3640 -1
3642 0
3643 0
3644 -1
3645 0
3646 0
3647 0
3648 0
3649 0
3650 0
3651 0
3652 0
3653 0
3655 6
3656 -1
3657 -1
3658 0
3659 0
3660 -1
3661 0
3662 -1
3663 -1
3664 24
3665 0
3667 0
3668 0
3669 0
3672 0
3673 0
3675 0
3677 -1
3679 18
3681 -1
3683 0
3685 0
3686 0
3688 -1
3689 0
3690 0
3691 0
3693 0
3695 0
3696 0
3697 0
3698 -1
3699 0
3700 0
3701 0
3702 0
3704 20
3705 -1
3706 0
3707 -1
3712 0
3713 -1
3714 9
3715 12
3716 0
3717 0
3718 -1
3719 -1
3720 0
3721 0
3722 0
3725 0
3726 0
3727 0
3729 1
3730 0
3733 -1
3735 12
3736 0
3737 0
3738 -1
3739 -1
3741 -1
3743 -1
3744 0
3745 -1
3747 -1
3748 -1
3749 -1
3750 0
3752 -1
3753 0
3755 0
3756 0
3757 0
3759 0
3761 0
3762 -1
3764 -1
3765 -1
3767 0
3770 0
3771 0
3772 0
3778 -1
3779 -1
3781 -1
3783 -1
3785 0
3786 0
3787 0
3788 0
3790 -1
3791 0
3795 -1
3797 0
3798 0
3799 0
3800 0
3802 -1
3803 -1
3804 0
3806 0
3807 -1
3810 0
3812 0
3813 0
3814 -1
3815 -1
3816 16
3817 0
3818 0
3819 0
3820 -1
3821 9
3822 0
3824 -1
3825 0
3826 0
3828 0
3832 0
3833 -1
3834 -1
3835 0
3837 -1
3838 0
3839 0
3841 0
3843 0
3844 0
3848 0
3849 -1
3850 -1
3851 0
3852 -1
3855 0
3856 0
3858 -1
3859 -1
3861 0
3863 0
3865 0
3866 0
3867 0
3868 -1
3870 0
3871 0
3874 -1
3875 -1
3876 0
3877 0
3878 0
3879 0
3881 0
3883 0
3884 0
3886 0
3887 0
3888 -1
3889 0
3891 0
3892 0
3893 0
3894 0
3896 0
3901 0
3902 0
3904 0
3905 12
3907 0
3908 -1
3909 0
3910 0
3912 0
3913 0
3914 0
3915 -1
3916 -1
3918 -1
3919 -1
3920 -1
3921 0
3922 0
3924 -1
3925 0
3926 0
3927 -1
3928 0
3930 -1
3931 0
3932 0
3933 0
3935 0
3936 0
3937 0
3941 0
3942 25
3943 0
3945 0
3946 0
3947 0
3949 0
3950 0
3951 -1
3954 -1
3957 -1
3958 0
3959 0
3960 -1
3961 -1
3962 0
3964 0
3965 0
3967 0
3968 0
3970 0
3971 21
3972 -1
3976 0
3978 0
3979 -1
3980 -1
3981 0
3982 5
3983 0
3985 -1
3986 0
3987 0
3988 0
3989 0
3990 0
3991 0
3992 0
3994 -1
3997 0
3998 0
3999 0
4000 0
4001 0
4002 -1
4003 0
4004 0
4006 0
4009 0
4011 0
4012 0
4013 0
4014 0
4015 0
4016 3
4018 0
4019 0
4020 0
4021 0
4022 21
4023 8
4024 -1
4026 0
4027 -1
4028 0
4029 0
4030 -1
4031 0
4032 0
4033 0
4034 0
4035 0
4038 0
4039 0
4040 0
4043 -1
4044 0
4045 -1
4047 0
4051 0
4052 10
4054 -1
4055 0
4056 -1
4057 0
4059 -1
4060 0
4063 0
4065 0
4066 -1
4067 0
4068 0
4071 -1
4072 -1
4074 0
4076 0
4078 0
4080 0
4081 -1
4082 0
4083 0
4085 0
4086 0
4087 0
4088 0
4090 -1
4091 -1
4092 0
4093 -1
4094 -1
4095 0
4096 0
4097 0
4100 0
4103 0
4104 -1
4105 -1
4107 0
4110 -1
4111 -1
4113 0
4114 0
4116 0
4117 0
4119 0
4121 -1
4123 0
4124 19
4125 0
4126 -1
4128 0
4129 -1
4130 0
4132 0
4133 0
4135 -1
4136 0
4137 0
4138 0
4143 -1
4145 0
4147 0
4148 0
4149 0
4150 0
4151 0
4153 -1
4154 0
4155 -1
4158 0
4159 0
4160 0
4161 0
4162 -1
4163 0
4165 0
4166 0
4167 -1
4169 -1
4171 -1
4173 0
4175 0
4176 -1
4178 -1
4179 0
4180 0
4181 0
4183 0
4185 -1
4187 0
4188 -1
4190 -1
4191 -1
4192 0
4193 0
4194 0
4195 -1
4196 0
4197 0
4198 0
4199 0
4200 0
4201 -1
4202 0
4203 0
4208 0
4209 0
4210 0
4211 0
4213 -1
4214 -1
4215 0
4216 0
4218 0
4219 0
4221 -1
4223 22
4224 0
4226 0
4227 0
4229 0
4230 0
4231 0
4233 0
4234 -1
4235 0
4237 -1
4239 2
4240 0
4241 0
4242 -1
4243 0
4244 0
4245 0
4246 0
4247 0
4248 0
4250 0
4251 0
4253 -1
4255 -1
4256 0
4258 0
4260 0
4261 0
4262 0
4265 0
4268 0
4269 0
4271 0
4274 0
4275 -1
4276 0
4277 -1
4278 0
4279 -1
4281 0
4282 0
4283 0
4284 -1
4285 -1
4286 -1
4287 0
4288 0
4289 0
4291 0
4292 0
4294 0
4295 0
4296 0
4297 0
4298 -1
4299 0
4301 -1
4303 0
4304 0
4309 0
4310 -1
4311 0
4312 0
4313 0
4315 0
4316 0
4317 0
4318 -1
4321 0
4322 -1
4323 0
4326 0
4327 -1
4329 0
4330 -1
4331 26
4332 0
4333 0
4335 25
4336 5
4337 0
4338 0
4339 0
4340 0
4341 0
4342 0
4343 0
4344 -1
4345 0
4350 -1
4351 0
4355 0
4356 0
4357 0
4360 0
4361 0
4362 0
4364 -1
4365 -1
4366 0
4367 -1
4368 11
4370 0
4372 0
4373 0
4374 0
4377 -1
4379 -1
4380 0
4382 -1
4383 0
4385 -1
4386 0
4387 0
4388 0
4389 0
4390 0
4391 0
4392 0
4393 0
4395 0
4396 23
4397 0
4398 0
4400 0
4402 0
4405 0
4407 7
4409 0
4410 20
4411 -1
4412 0
4413 0
4415 -1
4417 25
4418 0
4419 -1
4420 -1
4421 -1
4422 0
4424 -1
4425 0
4428 -1
4429 0
4430 -1
4434 -1
4435 0
4436 -1
4437 0
4438 -1
4439 -1
4440 0
4442 0
4443 0
4445 0
4446 0
4448 0
4449 -1
4451 0
4453 0
4454 0
4455 0
4457 -1
4459 -1
4462 0
4463 0
4465 0
4466 0
4467 -1
4468 0
4471 0
4472 -1
4473 -1
4475 0
4477 0
4478 0
4479 0
4480 0
4481 -1
4483 0
4485 0
4487 0
4488 0
4489 0
4492 0
4493 0
4494 0
4495 0
4497 0
4499 0
4502 -1
4503 -1
4506 0
4507 0
4508 -1
4509 -1
4510 -1
4511 -1
4512 0
4514 -1
4515 -1
4516 0
4518 0
4519 0
4520 -1
4521 0
4522 0
4523 0
4525 0
4526 -1
4527 -1
4528 0
4531 25
4532 -1
4536 -1
4537 0
4538 0
4539 0
4540 0
4542 0
4543 0
4544 0
4546 0
4548 0
4549 0
4551 0
4552 0
4556 -1
4557 0
4558 0
4560 0
4561 -1
4562 -1
4565 0
4566 0
4567 -1
4568 -1
4569 0
4571 0
4573 17
4574 0
4575 0
4579 0
4580 -1
4582 0
4583 0
4584 -1
4585 0
4587 0
4588 0
4589 -1
4590 0
4591 -1
4592 0
4595 0
4596 0
4597 0
4598 -1
4600 -1
4601 0
4603 0
4604 -1
4605 0
4606 -1
4608 -1
4609 -1
4610 0
4611 0
4612 -1
4613 0
4616 0
4618 0
4624 -1
4625 0
4626 0
4628 -1
4630 0
4631 0
4632 0
4633 0
4635 -1
4636 -1
4637 0
4639 -1
4640 0
4642 -1
4643 0
4644 -1
4645 0
4647 -1
4649 0
4652 0
4653 0
4654 0
4655 -1
4656 21
4657 0
4658 -1
4659 0
4661 7
4662 0
4665 -1
4667 0
4669 0
4670 0
4671 0
4672 -1
4674 0
4675 -1
4677 0
4680 -1
4681 -1
4682 10
4683 -1
4684 0
4687 26
4690 2
4691 0
4692 0
4695 0
4696 0
4697 0
4698 0
4700 0
4701 0
4702 -1
4704 -1
4705 0
4708 0
4710 -1
4711 0
4714 0
4715 6
4716 11
4717 15
4718 0
4719 0
4722 0
4723 0
4725 13
4726 0
4727 0
4728 0
4729 0
4731 0
4732 0
4733 0
4734 -1
4735 0
4736 0
4739 21
4740 -1
4742 0
4743 -1
4744 22
4747 -1
4748 0
4749 -1
4751 -1
4752 0
4753 0
4755 0
4756 -1
4757 0
4758 0
4762 0
4764 0
4765 0
4766 0
4768 0
4771 18
4773 0
4775 6
4777 0
4778 0
4780 -1
4781 0
4782 2
4783 0
4785 0
4787 0
4788 0
4789 0
4790 0
4791 0
4792 0
4793 -1
4794 -1
4795 0
4799 -1
4800 0
4802 -1
4804 -1
4805 18
4807 0
4808 -1
4809 0
4811 -1
4814 -1
4815 0
4818 0
4820 0
4821 0
4822 0
4824 0
4828 -1
4829 -1
4830 0
4831 0
4833 23
4834 0
4835 -1
4836 -1
4837 0
4838 0
4839 15
4840 0
4841 -1
4842 0
4843 -1
4844 0
4846 0
4848 0
4850 -1
4851 -1
4852 0
4853 -1
4854 -1
4855 -1
4856 -1
4857 -1
4858 0
4860 -1
4861 0
4862 -1
4863 -1
4865 -1
4866 0
4868 -1
4869 0
4870 0
4871 0
4872 0
4874 19
4875 0
4878 0
4879 0
4881 0
4882 0
4884 0
4886 0
4887 0
4888 0
4889 -1
4890 13
4892 0
4894 0
4896 0
4897 0
4898 0
4900 0
4901 0
4902 0
4904 0
4906 0
4908 0
4909 -1
4911 -1
4912 21
4913 0
4916 0
4917 0
4918 6
4920 0
4921 -1
4922 0
4923 -1
4924 0
4926 0
4927 0
4929 0
4930 0
4931 -1
4932 -1
4933 0
4934 0
4937 0
4938 -1
4941 0
4943 0
4944 0
4945 -1
4946 0
4947 0
4951 0
4952 6
4953 0
4955 0
4956 0
4957 0
4959 0
4962 0
4963 0
4966 9
4968 -1
4969 0
4970 0
4971 -1
4972 -1
4974 0
4975 0
4976 0
4979 16
4982 0
4985 0
4986 0
4987 -1
4988 -1
4989 0
4991 0
4992 -1
4994 -1
4995 0
4997 0
4998 0
4999 0
