0 0
1 0
2 0
3 0
5 -1
6 0
7 0
8 0
9 0
10 -1
11 -1
12 0
13 -1
14 -1
15 0
16 0
17 0
18 0
20 -1
21 0
22 0
23 0
24 -1
25 0
26 0
27 0
28 0
29 0
30 0
31 0
32 0
33 1
34 0
35 0
36 0
37 0
38 0
39 0
40 -1
42 0
43 -1
44 -1
45 -1
46 0
47 -1
48 0
49 0
50 -1
51 -1
52 0
53 -1
54 -1
55 -1
56 0
57 -1
58 0
59 -1
60 0
62 -1
63 -1
64 0
65 0
66 2
67 -1
68 0
69 0
70 3
71 0
72 0
73 0
75 -1
76 0
77 0
78 0
79 -1
80 0
81 -1
83 -1
84 -1
85 0
86 0
87 0
88 0
90 0
91 -1
92 0
93 -1
94 0
95 0
96 0
97 0
98 -1
99 -1
101 0
102 12
103 0
104 0
105 0
106 -1
107 0
108 10
109 0
110 0
112 0
114 -1
115 0
116 0
117 -1
119 -1
120 0
121 0
122 0
123 0
124 0
125 0
126 0
127 0
128 -1
129 0
130 0
132 0
133 -1
134 0
135 0
136 0
137 -1
138 0
139 0
140 0
141 0
142 -1
143 0
144 0
146 -1
147 0
148 -1
150 0
151 0
152 0
153 0
154 0
155 -1
156 0
157 -1
158 0
159 -1
160 0
161 0
162 -1
163 0
164 0
165 -1
166 0
167 0
168 0
169 0
170 0
171 0
172 0
173 -1
174 0
175 -1
176 0
177 0
178 -1
179 -1
180 0
181 -1
182 0
183 -1
184 -1
185 0
186 23
187 0
188 0
189 0
190 0
191 0
192 0
193 0
194 -1
195 0
196 -1
197 -1
198 -1
199 -1
200 0
201 0
202 -1
203 0
204 -1
206 0
207 -1
208 0
209 -1
211 -1
212 0
213 0
214 -1
215 0
216 -1
217 0
218 -1
219 0
220 0
221 -1
222 -1
223 0
224 0
225 0
226 -1
227 0
228 0
229 0
230 0
231 0
232 -1
233 0
235 0
236 0
237 -1
238 0
239 24
240 4
241 0
242 5
243 0
244 -1
245 0
246 0
247 0
248 -1
249 0
250 0
251 -1
252 0
254 0
255 0
256 0
257 -1
258 -1
259 0
260 -1
261 0
262 0
263 0
264 0
265 14
266 0
267 0
268 -1
269 0
270 0
271 -1
272 -1
273 0
274 0
275 0
277 0
278 5
279 -1
280 6
282 -1
283 -1
284 -1
285 0
286 0
287 0
288 0
289 0
290 -1
291 0
292 0
293 0
294 0
295 0
296 0
297 -1
298 0
299 0
300 0
301 0
302 0
303 0
304 -1
305 -1
306 -1
307 7
308 0
309 15
310 -1
312 0
313 0
314 -1
315 0
316 -1
317 0
318 0
319 0
320 -1
321 0
322 -1
323 3
324 0
325 0
326 0
327 -1
328 0
329 0
330 0
331 0
332 -1
333 9
334 0
335 -1
337 0
338 0
339 0
340 -1
341 -1
342 -1
344 0
345 0
346 0
347 0
348 -1
349 -1
350 0
351 0
352 0
353 0
354 0
356 0
357 8
358 1
359 0
360 0
361 0
362 16
363 0
364 0
365 0
366 0
367 -1
368 -1
369 0
370 0
372 0
373 -1
374 0
375 0
376 0
377 0
378 -1
379 -1
380 0
381 0
382 -1
383 0
384 0
385 0
386 0
387 0
388 16
389 0
390 -1
391 -1
392 -1
393 0
394 0
395 0
396 0
397 0
398 0
399 0
400 -1
401 0
402 0
403 -1
404 0
405 0
406 -1
407 0
408 -1
409 0
410 0
411 -1
412 0
413 -1
414 0
415 0
416 -1
417 -1
418 0
419 0
420 0
421 0
422 -1
423 -1
424 0
425 0
426 0
427 -1
428 0
429 0
430 0
431 -1
432 4
433 0
434 0
435 0
436 0
437 0
438 -1
440 -1
441 0
442 0
443 0
444 0
445 0
446 0
447 0
448 -1
449 0
450 0
451 -1
452 0
453 0
454 -1
455 0
457 0
458 0
459 -1
460 22
461 0
462 0
463 -1
464 0
465 0
466 -1
467 0
468 0
469 0
470 0
471 0
472 -1
473 0
474 0
475 0
476 0
477 0
478 -1
479 0
480 0
481 0
482 0
483 0
484 0
485 0
486 0
487 -1
489 0
490 -1
491 0
492 0
493 0
494 0
495 -1
496 0
497 0
498 16
499 0
501 0
502 -1
503 -1
506 0
509 0
510 0
511 0
512 0
513 0
516 12
518 0
519 0
520 0
521 0
522 0
523 -1
524 -1
525 -1
527 0
528 0
529 0
530 0
531 0
532 0
533 -1
534 0
535 0
536 20
537 0
539 0
540 0
541 0
542 0
543 0
544 0
545 -1
546 0
547 -1
549 0
550 0
551 0
552 0
553 0
554 -1
555 0
556 0
557 0
558 0
559 0
560 0
562 10
563 0
564 0
567 0
568 0
569 0
570 -1
571 0
572 0
573 0
574 0
575 18
576 -1
577 -1
578 0
579 0
580 0
581 -1
582 0
583 0
584 0
585 0
586 0
587 0
588 0
589 0
590 0
592 -1
594 0
595 -1
596 -1
597 0
598 0
599 0
600 -1
601 -1
602 0
604 -1
605 0
606 0
607 0
608 -1
609 9
610 0
611 0
612 0
613 0
614 -1
615 0
616 -1
617 0
618 -1
619 0
620 0
621 -1
622 0
623 0
624 0
625 0
626 10
627 0
628 0
629 0
630 -1
631 -1
632 0
633 0
634 0
635 0
636 0
637 0
638 0
639 0
640 0
641 0
642 -1
643 0
644 0
645 0
646 -1
647 0
648 0
651 0
652 -1
653 0
654 0
655 11
656 0
657 0
658 0
659 2
660 0
661 0
662 -1
663 0
664 0
665 -1
666 3
667 0
668 -1
670 0
671 -1
672 0
673 0
674 0
675 -1
676 0
678 -1
679 0
680 0
681 0
682 0
683 0
684 0
685 0
686 0
687 0
688 0
689 -1
690 0
691 0
692 0
693 0
694 0
695 -1
696 0
697 0
698 0
699 0
701 -1
702 0
703 -1
705 0
706 0
707 -1
708 0
709 0
710 0
711 -1
712 0
713 0
714 -1
716 -1
717 -1
718 0
720 0
722 0
723 -1
724 -1
725 0
726 0
727 0
728 -1
729 0
730 0
731 0
732 0
733 0
734 -1
735 0
736 0
737 -1
738 -1
739 0
740 0
741 0
742 23
743 0
744 0
745 -1
746 0
747 0
748 0
749 0
751 0
752 0
753 0
754 0
755 0
756 0
757 0
758 -1
760 0
761 0
762 -1
763 0
764 0
765 4
766 0
767 0
768 11
769 0
770 -1
771 0
772 -1
773 0
774 0
775 0
776 0
777 2
778 0
779 13
780 0
781 0
782 -1
783 16
784 0
785 -1
787 0
788 0
789 0
790 0
791 0
793 0
794 0
795 0
796 -1
797 0
798 0
799 0
800 9
801 -1
802 0
803 0
804 0
805 0
806 -1
807 0
808 -1
809 0
810 -1
811 -1
812 0
813 0
814 5
815 0
817 0
818 0
819 -1
820 -1
821 0
822 0
823 0
824 0
826 0
827 11
828 -1
829 -1
830 -1
831 0
832 -1
833 0
834 -1
835 0
836 14
837 -1
838 0
840 0
841 0
843 -1
846 -1
847 0
848 0
849 0
850 0
852 -1
853 0
855 19
856 0
857 0
858 12
859 0
860 -1
861 0
862 0
863 -1
864 0
865 -1
866 -1
867 0
868 -1
869 0
871 -1
872 0
873 -1
874 -1
875 0
876 -1
877 0
878 0
879 0
881 0
882 0
883 0
884 20
885 0
888 0
889 0
890 0
891 -1
892 0
893 -1
894 -1
895 0
896 11
897 16
898 0
899 0
900 0
901 -1
902 0
903 0
904 -1
905 0
906 0
907 0
909 0
910 -1
911 0
912 0
913 0
914 -1
915 -1
916 -1
917 16
918 0
919 0
920 0
921 0
922 9
923 0
924 23
925 -1
926 -1
927 -1
928 0
929 0
930 0
931 24
932 0
933 -1
934 14
936 -1
937 0
938 0
939 0
940 0
941 -1
942 0
943 -1
944 0
946 0
947 0
948 0
949 0
950 0
951 0
953 0
954 10
955 0
956 0
957 -1
958 0
959 0
960 0
961 0
962 0
963 0
964 0
965 0
967 0
968 0
969 12
970 0
971 0
972 0
973 0
974 0
975 0
977 0
978 0
979 0
980 0
981 0
982 -1
983 13
984 -1
985 0
987 0
988 -1
989 0
990 0
991 0
992 0
993 0
994 -1
995 0
996 -1
998 9
999 0
1000 0
1001 -1
1002 0
1003 0
1004 0
1005 0
1006 0
1008 0
1009 0
1010 0
1011 0
1013 0
1014 -1
1015 0
1016 0
1017 0
1019 0
1020 -1
1021 0
1022 0
1023 13
1024 24
1025 21
1027 -1
1028 0
1029 0
1030 0
1031 0
1032 0
1034 -1
1035 0
1036 5
1037 0
1038 -1
1040 -1
1042 -1
1044 0
1045 0
1046 6
1047 0
1048 0
1049 0
1050 0
1052 0
1053 0
1054 -1
1055 -1
1057 -1
1058 -1
1059 0
1060 19
1061 -1
1062 -1
1063 0
1064 0
1065 0
1066 0
1067 -1
1068 0
1069 0
1070 0
1071 0
1072 0
1074 -1
1075 -1
1076 0
1077 0
1078 -1
1079 0
1080 0
1081 -1
1082 -1
1083 0
1084 0
1085 0
1086 0
1087 -1
1088 0
1089 -1
1090 -1
1091 14
1092 0
1093 0
1094 0
1095 0
1097 0
1098 -1
1099 15
1100 -1
1101 0
1103 0
1104 -1
1105 0
1106 8
1107 0
1108 0
1110 0
1111 0
1112 0
1113 -1
1114 0
1115 -1
1116 -1
1117 0
1118 0
1119 -1
1120 0
1121 0
1122 -1
1123 0
1124 0
1125 0
1126 -1
1127 -1
1128 0
1129 -1
1130 0
1131 0
1132 0
1133 0
1134 0
1135 0
1137 0
1139 16
1140 0
1141 -1
1142 -1
1143 0
1144 0
1145 -1
1146 0
1147 -1
1148 -1
1149 0
1150 -1
1151 0
1154 0
1155 0
1158 0
1159 -1
1160 0
1162 0
1163 -1
1165 0
1166 0
1167 0
1168 0
1169 0
1170 22
1171 -1
1172 0
1173 0
1174 0
1177 0
1178 0
1179 0
1180 -1
1181 0
1182 0
1183 0
1184 -1
1185 0
1186 -1
1187 -1
1188 -1
1189 3
1190 -1
1191 0
1192 -1
1193 5
1194 0
1195 0
1196 0
1197 0
1198 0
1199 0
1200 0
1201 -1
1203 0
1205 0
1206 0
1207 0
1209 0
1210 7
1211 0
1212 -1
1213 0
1214 0
1215 -1
1216 0
1217 0
1218 -1
1219 0
1220 0
1221 0
1222 0
1223 -1
1225 2
1226 -1
1227 0
1228 0
1229 0
1230 0
1232 8
1234 0
1235 0
1237 0
1238 -1
1239 20
1240 0
1241 -1
1242 0
1243 0
1245 -1
1246 0
1247 -1
1248 -1
1249 0
1250 -1
1251 0
1252 0
1253 0
1255 0
1256 0
1257 1
1258 -1
1259 -1
1260 -1
1261 -1
1262 0
1263 0
1265 0
1266 0
1267 0
1269 -1
1270 0
1271 0
1272 -1
1273 0
1274 0
1275 0
1277 0
1278 0
1279 0
1281 0
1283 0
1284 0
1285 -1
1286 0
1289 0
1290 -1
1291 -1
1292 -1
1293 0
1294 -1
1295 -1
1296 -1
1297 -1
1298 0
1299 0
1300 0
1302 0
1303 0
1305 0
1306 -1
1307 -1
1308 0
1310 0
1311 0
1313 2
1314 -1
1315 0
1316 0
1317 0
1319 -1
1320 -1
1321 0
1323 0
1324 0
1325 -1
1326 0
1327 0
1328 0
1329 0
1330 0
1332 0
1333 0
1334 0
1335 0
1336 0
1337 0
1339 0
1340 0
1341 0
1343 0
1344 0
1345 0
1346 -1
1347 19
1348 -1
1349 -1
1350 -1
1351 0
1352 0
1354 0
1355 0
1357 0
1358 -1
1359 -1
1360 0
1361 0
1362 0
1363 -1
1364 0
1365 0
1366 0
1367 -1
1368 -1
1369 11
1370 0
1372 0
1373 0
1374 0
1375 0
1376 0
1377 -1
1378 0
1380 -1
1381 0
1382 0
1384 0
1385 -1
1387 0
1388 0
1389 0
1391 0
1392 0
1393 0
1394 0
1396 24
1397 0
1399 0
1400 0
1401 0
1402 0
1403 0
1404 0
1405 -1
1406 -1
1407 0
1410 17
1411 0
1412 6
1413 20
1414 0
1415 -1
1416 0
1417 -1
1418 0
1419 -1
1420 0
1421 -1
1422 -1
1423 0
1425 0
1426 0
1427 -1
1429 0
1431 0
1432 0
1433 -1
1434 -1
1436 -1
1438 -1
1439 0
1440 0
1441 -1
1442 -1
1443 0
1444 -1
1445 -1
1446 0
1447 -1
1448 0
1449 0
1450 0
1451 -1
1452 0
1454 0
1455 -1
1456 -1
1457 0
1459 0
1460 -1
1461 0
1462 7
1463 0
1464 -1
1465 0
1466 -1
1467 -1
1468 0
1469 -1
1470 0
1471 0
1472 0
1473 -1
1474 0
1475 -1
1476 -1
1479 0
1480 -1
1481 -1
1482 0
1483 0
1484 -1
1486 -1
1487 0
1490 0
1491 0
1492 0
1493 0
1495 0
1496 -1
1497 -1
1498 0
1499 0
1500 0
1501 0
1502 0
1503 -1
1504 0
1506 0
1507 -1
1508 0
1509 0
1510 0
1512 -1
1514 -1
1515 0
1517 0
1518 -1
1520 0
1521 0
1522 0
1523 0
1524 -1
1525 0
1526 0
1527 0
1528 0
1529 16
1530 0
1531 0
1532 0
1534 0
1535 0
1536 0
1537 -1
1538 0
1540 0
1541 0
1542 11
1543 0
1544 0
1545 0
1546 -1
1547 0
1549 0
1551 0
1552 -1
1553 -1
1554 0
1555 0
1556 -1
1557 0
1558 -1
1560 0
1563 -1
1565 0
1566 0
1567 0
1568 -1
1570 0
1572 -1
1573 0
1574 0
1575 0
1576 0
1577 -1
1578 0
1579 0
1581 0
1582 0
1583 0
1585 0
1586 0
1587 0
1588 -1
1589 0
1590 0
1591 0
1593 0
1595 0
1597 0
1599 6
1601 0
1602 -1
1603 0
1604 1
1605 0
1607 0
1609 -1
1610 0
1611 0
1613 0
1614 -1
1615 -1
1616 -1
1617 -1
1618 -1
1619 0
1621 -1
1623 0
1625 0
1626 0
1628 0
1629 -1
1630 0
1631 0
1632 -1
1633 0
1635 0
1636 -1
1637 0
1639 0
1640 -1
1643 -1
1644 0
1645 0
1646 -1
1647 0
1648 -1
1650 0
1651 -1
1652 0
1653 -1
1654 -1
1655 -1
1656 0
1657 0
1658 -1
1659 0
1660 -1
1661 0
1662 -1
1663 11
1664 3
1665 -1
1666 0
1667 0
1668 0
1669 0
1670 5
1671 0
1674 -1
1676 0
1677 0
1678 0
1679 0
1681 0
1682 -1
1684 0
1685 -1
1686 -1
1687 -1
1688 16
1689 0
1691 0
1692 0
1694 8
1695 0
1696 18
1697 0
1698 0
1699 0
1701 0
1702 -1
1703 -1
1704 0
1705 0
1706 0
1707 -1
1708 -1
1709 0
1712 -1
1713 -1
1715 0
1716 0
1718 0
1719 -1
1720 0
1721 0
1722 -1
1723 0
1724 0
1725 0
1726 0
1727 0
1728 21
1730 -1
1732 0
1733 0
1734 0
1735 -1
1736 8
1737 0
1738 -1
1739 0
1740 0
1741 0
1742 0
1743 -1
1747 0
1748 0
1749 0
1750 0
1751 0
1752 -1
1753 0
1754 0
1755 0
1756 -1
1757 -1
1758 -1
1759 0
1761 -1
1762 0
1764 -1
1765 0
1766 0
1767 0
1768 0
1769 9
1771 0
1772 -1
1774 0
1775 0
1776 0
1777 0
1778 -1
1779 -1
1780 0
1781 0
1782 0
1783 0
1784 0
1785 0
1786 0
1788 0
1789 -1
1790 11
1791 0
1792 17
1793 0
1794 0
1795 -1
1796 0
1797 0
1799 -1
1801 0
1802 -1
1804 0
1805 -1
1806 0
1807 0
1808 0
1810 -1
1811 -1
1813 7
1815 0
1816 0
1817 0
1818 0
1819 0
1820 0
1821 0
1822 -1
1824 0
1825 0
1826 0
1827 0
1829 -1
1830 -1
1831 0
1832 0
1833 0
1834 -1
1837 -1
1839 -1
1840 0
1841 0
1842 -1
1843 -1
1845 0
1846 0
1847 0
1848 0
1849 0
1850 0
1851 0
1853 0
1854 -1
1855 0
1857 0
1858 0
1860 0
1861 -1
1863 -1
1864 0
1865 0
1866 0
1867 -1
1868 -1
1869 0
1871 -1
1873 0
1874 0
1875 -1
1876 0
1877 0
1878 -1
1879 0
1880 0
1881 0
1882 0
1883 -1
1884 -1
1885 0
1887 -1
1888 0
1889 0
1890 0
1891 -1
1894 -1
1895 0
1896 0
1897 0
1899 -1
1900 0
1902 -1
1903 0
1904 0
1906 0
1907 -1
1908 0
1909 -1
1910 0
1911 0
1912 -1
1913 22
1914 0
1915 -1
1916 0
1917 0
1918 0
1919 -1
1920 0
1921 0
1923 0
1924 0
1925 0
1926 4
1927 0
1928 0
1929 0
1931 -1
1933 0
1934 -1
1935 0
1936 -1
1938 0
1939 0
1940 0
1941 0
1942 -1
1943 0
1944 0
1947 0
1948 0
1949 -1
1950 0
1952 -1
1953 0
1954 -1
1955 0
1957 -1
1959 -1
1962 -1
1964 0
1966 0
1967 0
1968 -1
1969 0
1970 0
1971 0
1972 0
1973 0
1974 0
1976 -1
1977 0
1978 0
1979 0
1980 0
1982 0
1983 0
1985 0
1986 0
1987 0
1991 0
1992 0
1993 0
1994 -1
1995 -1
1997 0
1998 0
2000 -1
2001 0
2003 0
2006 0
2008 0
2009 -1
2010 0
2011 0
2012 0
2013 0
2014 0
2015 0
2016 0
2017 0
2018 0
2019 0
2020 0
2021 0
2022 -1
2024 0
2025 0
2026 0
2027 12
2028 0
2029 0
2031 0
2032 0
2033 1
2034 -1
2035 18
2036 0
2037 0
2038 0
2039 0
2040 8
2041 0
2042 -1
2043 0
2044 10
2045 -1
2046 0
2047 0
2049 0
2050 0
2051 0
2053 0
2054 0
2055 0
2056 0
2057 0
2058 -1
2059 0
2061 0
2062 0
2063 0
2064 0
2065 0
2067 0
2068 0
2069 2
2070 -1
2071 -1
2072 0
2073 -1
2075 0
2076 0
2077 -1
2079 -1
2080 0
2081 -1
2082 0
2083 0
2084 0
2085 -1
2086 0
2088 3
2089 0
2091 0
2092 0
2093 -1
2094 2
2096 0
2099 0
2100 0
2101 0
2104 0
2105 0
2107 0
2108 -1
2109 -1
2110 -1
2111 0
2113 0
2115 0
2116 0
2117 -1
2118 0
2119 0
2121 0
2122 0
2123 -1
2124 0
2125 0
2126 15
2127 -1
2128 0
2129 -1
2130 0
2131 0
2132 0
2133 0
2135 0
2136 0
2137 0
2138 0
2139 -1
2141 0
2142 -1
2143 -1
2144 -1
2145 -1
2147 0
2148 0
2149 0
2150 0
2151 0
2152 -1
2153 0
2154 0
2155 -1
2156 0
2157 0
2158 0
2159 0
2160 0
2161 0
2162 0
2163 -1
2164 0
2167 0
2168 0
2170 -1
2171 -1
2172 -1
2174 0
2175 0
2176 0
2177 -1
2178 0
2181 0
2182 0
2183 0
2184 0
2185 0
2187 0
2188 -1
2189 0
2190 -1
2191 0
2192 0
2195 0
2196 0
2197 0
2198 0
2200 0
2201 0
2203 0
2204 0
2206 0
2211 0
2213 -1
2214 0
2215 0
2217 4
2219 -1
2220 -1
2221 0
2222 19
2226 0
2227 0
2229 0
2230 0
2232 0
2233 0
2234 0
2235 0
2236 0
2238 -1
2239 -1
2240 -1
2241 0
2242 -1
2243 0
2244 -1
2245 0
2246 0
2247 0
2248 -1
2249 -1
2253 0
2254 0
2257 0
2258 0
2259 0
2260 0
2261 0
2263 0
2264 0
2265 -1
2266 0
2267 0
2268 -1
2269 0
2270 0
2272 -1
2274 0
2275 0
2277 0
2279 0
2280 -1
2281 0
2282 0
2283 0
2284 -1
2286 -1
2287 0
2288 18
2289 0
2290 0
2292 0
2293 0
2294 0
2295 10
2296 -1
2297 0
2299 -1
2300 0
2301 12
2302 0
2303 -1
2304 0
2305 0
2306 0
2307 0
2308 0
2309 0
2310 0
2311 0
2312 0
2313 0
2314 0
2315 0
2316 -1
2317 0
2318 0
2319 0
2321 0
2322 0
2323 0
2324 -1
2325 0
2326 0
2327 0
2328 0
2329 -1
2331 0
2332 0
2333 0
2334 0
2335 0
2336 0
2337 0
2338 -1
2339 17
2340 0
2341 -1
2342 -1
2343 -1
2344 -1
2346 0
2347 -1
2348 0
2349 17
2350 0
2351 0
2352 -1
2353 0
2354 0
2355 0
2357 -1
2358 0
2361 0
2363 0
2364 -1
2365 0
2366 0
2367 -1
2369 0
2370 0
2371 0
2373 0
2374 0
2375 0
2376 0
2378 0
2379 0
2380 0
2381 -1
2382 0
2384 -1
2385 0
2386 0
2387 0
2388 0
2389 0
2390 0
2391 0
2392 20
2393 -1
2394 0
2395 0
2397 0
2398 0
2399 0
2401 0
2403 0
2404 16
2405 -1
2406 0
2407 0
2410 -1
2412 0
2413 0
2414 0
2415 0
2416 0
2417 -1
2418 -1
2420 0
2422 0
2425 0
2426 0
2427 21
2428 0
2430 0
2431 5
2432 0
2433 -1
2434 0
2435 -1
2436 0
2437 -1
2438 0
2439 0
2440 0
2442 0
2443 -1
2444 0
2445 0
2446 13
2447 0
2448 0
2449 0
2450 0
2451 0
2452 0
2453 0
2454 6
2455 0
2456 -1
2457 0
2458 0
2460 -1
2461 -1
2463 -1
2464 0
2465 0
2467 0
2468 0
2469 -1
2470 0
2471 -1
2472 0
2473 21
2474 0
2475 0
2476 -1
2477 0
2478 0
2479 0
2480 0
2482 11
2483 0
2484 0
2485 0
2486 -1
2488 12
2490 0
2491 0
2492 0
2494 0
2495 -1
2497 2
2498 0
2500 0
2501 0
2503 -1
2504 0
2505 0
2506 -1
2507 0
2508 0
2509 0
2511 0
2512 0
2513 0
2514 0
2515 0
2516 0
2517 0
2518 -1
2519 0
2520 6
2522 0
2524 0
2525 0
2526 -1
2527 0
2528 0
2529 0
2531 0
2533 0
2534 0
2536 0
2537 -1
2538 -1
2540 -1
2542 0
2543 0
2544 9
2545 0
2546 0
2547 0
2548 0
2549 2
2550 0
2551 0
2552 0
2553 0
2555 0
2556 24
2557 0
2558 0
2559 0
2560 0
2561 -1
2562 -1
2563 0
2564 -1
2566 0
2567 0
2568 -1
2569 0
2570 0
2571 0
2572 -1
2574 0
2576 0
2577 0
2578 -1
2580 17
2582 -1
2584 0
2585 0
2586 0
2587 -1
2588 0
2589 0
2590 0
2591 0
2592 0
2593 0
2594 -1
2596 0
2597 0
2598 13
2599 -1
2600 0
2602 0
2603 0
2604 -1
2605 -1
2606 0
2607 0
2608 0
2609 0
2610 -1
2612 -1
2613 -1
2614 0
2615 0
2616 -1
2617 -1
2618 -1
2619 0
2621 -1
2622 0
2623 0
2624 -1
2625 0
2626 0
2627 0
2629 0
2630 0
2631 -1
2632 -1
2633 -1
2634 0
2635 22
2636 -1
2637 0
2641 -1
2642 0
2644 0
2645 0
2647 0
2648 -1
2649 0
2650 0
2651 0
2652 0
2653 0
2654 -1
2655 0
2656 -1
2657 10
2658 0
2660 0
2661 0
2664 14
2665 0
2666 0
2667 0
2668 0
2669 0
2670 0
2671 0
2672 0
2673 0
2675 0
2676 -1
2677 0
2678 0
2679 0
2680 0
2681 0
2682 20
2683 0
2684 0
2685 -1
2686 0
2687 0
2688 0
2689 0
2690 0
2691 0
2692 -1
2694 -1
2695 0
2696 0
2697 0
2698 0
2699 -1
2701 4
2702 0
2703 0
2705 -1
2706 0
2709 0
2710 0
2711 0
2712 0
2713 0
2714 0
2716 0
2717 0
2718 0
2721 -1
2722 0
2723 23
2726 0
2727 0
2728 0
2729 -1
2730 -1
2731 0
2732 0
2733 0
2735 -1
2737 0
2738 -1
2739 0
2741 -1
2742 -1
2743 2
2744 0
2745 0
2747 0
2748 0
2749 -1
2751 0
2752 0
2753 0
2754 0
2756 -1
2757 0
2758 0
2759 0
2760 0
2761 0
2762 -1
2763 0
2764 0
2765 -1
2766 0
2767 0
2768 0
2770 0
2776 0
2777 0
2778 0
2779 0
2780 0
2781 0
2785 0
2786 22
2787 0
2788 0
2789 0
2790 0
2791 0
2792 0
2793 0
2794 0
2795 0
2797 0
2799 0
2800 0
2801 -1
2802 0
2804 0
2805 -1
2806 0
2807 0
2808 -1
2809 0
2811 0
2812 0
2814 24
2815 0
2816 0
2817 -1
2818 0
2820 -1
2822 18
2823 0
2824 0
2825 0
2826 0
2827 0
2828 0
2829 -1
2830 0
2832 0
2834 0
2835 0
2836 0
2837 -1
2838 0
2839 -1
2841 0
2842 0
2843 0
2844 0
2845 0
2846 0
2847 0
2848 0
2849 0
2851 0
2852 0
2853 0
2854 22
2855 0
2856 -1
2857 -1
2858 0
2859 0
2861 21
2862 0
2863 0
2864 -1
2866 0
2867 0
2868 0
2869 0
2870 0
2871 -1
2873 0
2874 0
2875 -1
2876 0
2877 0
2878 0
2879 0
2880 -1
2881 -1
2883 0
2884 0
2885 0
2886 -1
2887 16
2888 -1
2891 0
2892 0
2893 0
2894 0
2895 0
2896 -1
2898 -1
2899 -1
2900 -1
2901 0
2903 0
2904 0
2905 0
2906 0
2907 0
2909 0
2910 0
2911 0
2912 0
2913 0
2914 0
2915 0
2917 0
2919 11
2920 0
2921 0
2922 0
2923 -1
2924 0
2925 16
2926 0
2927 0
2928 0
2929 0
2930 0
2931 0
2932 0
2934 0
2935 0
2936 0
2937 0
2938 -1
2940 0
2941 0
2942 0
2943 0
2946 0
2947 -1
2948 0
2949 0
2950 0
2951 -1
2952 0
2955 0
2956 0
2957 0
2958 0
2960 -1
2961 -1
2962 -1
2964 0
2965 -1
2966 0
2967 0
2968 0
2969 0
2970 0
2971 0
2972 0
2973 0
2974 8
2975 0
2976 -1
2977 0
2978 -1
2979 -1
2980 0
2982 0
2983 0
2984 -1
2986 0
2987 -1
2988 0
2989 -1
2990 0
2991 0
2992 0
2994 -1
2995 -1
2996 0
2997 0
3001 0
3002 11
3003 0
3004 0
3006 0
3007 -1
3008 0
3009 0
3011 0
3012 0
3013 12
3014 0
3016 15
3018 -1
3020 0
3021 -1
3022 0
3023 -1
3024 0
3025 0
3026 5
3027 0
3028 0
3029 0
3031 0
3034 0
3035 0
3036 0
3037 0
3038 0
3039 -1
3040 0
3041 -1
3042 -1
3043 9
3044 0
3045 0
3046 0
3047 0
3048 0
3049 0
3050 0
3052 0
3053 0
3054 0
3056 0
3057 -1
3058 0
3059 -1
3060 0
3061 -1
3063 9
3064 0
3066 -1
3067 0
3068 0
3069 0
3071 0
3072 0
3074 0
3075 -1
3076 0
3077 2
3078 -1
3080 0
3081 -1
3082 0
3083 -1
3084 0
3085 -1
3086 0
3087 0
3088 0
3089 -1
3090 -1
3091 0
3092 0
3093 8
3095 0
3096 0
3097 0
3098 0
3101 0
3102 0
3103 0
3104 -1
3105 -1
3106 0
3109 -1
3110 -1
3111 -1
3112 -1
3113 0
3115 8
3116 -1
3117 -1
3118 -1
3119 0
3120 0
3121 0
3122 0
3123 -1
3124 0
3126 -1
3127 23
3130 0
3133 0
3134 0
3140 0
3141 0
3143 0
3144 0
3145 0
3146 21
3147 0
3150 0
3151 0
3152 0
3154 -1
3156 0
3158 0
3159 0
3162 0
3163 0
3165 0
3166 0
3167 -1
3168 0
3169 0
3171 0
3173 -1
3174 0
3176 0
3177 0
3179 0
3180 0
3181 -1
3182 -1
3183 0
3184 0
3185 0
3186 0
3187 0
3188 -1
3189 0
3191 3
3192 0
3194 0
3195 0
3196 -1
3197 -1
3198 0
3201 0
3202 0
3204 0
3208 0
3212 0
3213 0
3214 0
3216 -1
3217 0
3218 0
3219 0
3220 -1
3221 -1
3222 0
3223 0
3224 0
3225 -1
3226 0
3227 0
3230 0
3231 -1
3233 0
3234 21
3235 0
3237 0
3240 2
3243 -1
3245 -1
3246 -1
3247 0
3248 0
3250 0
3253 0
3254 0
3256 0
3257 -1
3258 0
3259 0
3261 0
3262 0
3263 0
3264 0
3265 0
3266 0
3268 0
3269 0
3270 -1
3271 0
3272 -1
3273 0
3274 0
3275 -1
3276 0
3277 0
3278 18
3279 0
3280 0
3281 0
3282 0
3283 -1
3284 -1
3285 0
3286 0
3287 0
3288 -1
3289 0
3290 0
3291 0
3292 0
3293 23
3294 -1
3295 -1
3296 0
3297 -1
3301 -1
3302 0
3306 0
3307 0
3308 0
3309 0
3310 0
3312 22
3314 0
3315 0
3316 0
3317 -1
3318 0
3322 0
3325 -1
3326 -1
3327 0
3328 0
3329 -1
3331 0
3333 0
3335 0
3336 0
3337 8
3339 15
3340 0
3342 0
3343 0
3345 0
3347 0
3350 -1
3351 0
3352 -1
3353 0
3354 0
3355 0
3356 0
3357 -1
3359 0
3360 0
3362 0
3363 0
3367 0
3368 -1
3369 0
3370 0
3371 -1
3373 0
3374 0
3375 0
3376 -1
3377 -1
3379 0
3380 -1
3382 0
3383 0
3384 -1
3385 6
3386 0
3387 0
3388 -1
3389 0
3391 0
3392 0
3393 0
3394 0
3396 0
3397 18
3399 0
3402 -1
3403 0
3404 -1
3405 0
3406 0
3407 0
3409 0
3412 0
3413 0
3414 0
3415 0
3416 -1
3417 0
3418 0
3420 0
3421 -1
3422 0
3423 0
3424 0
3426 0
3427 0
3428 -1
3430 0
3432 0
3433 0
3434 0
3435 0
3439 0
3440 0
3442 0
3443 0
3444 0
3445 0
3447 0
3448 0
3449 0
3451 0
3452 -1
3453 -1
3454 0
3455 -1
3456 11
3457 0
3458 -1
3460 21
3461 0
3462 0
3464 0
3465 -1
3466 0
3467 0
3470 -1
3471 0
3472 -1
3473 0
3474 0
3475 -1
3476 0
3477 14
3478 0
3481 0
3482 0
3485 0
3486 0
3487 -1
3490 -1
3491 -1
3493 -1
3494 0
3495 -1
3496 0
3497 -1
3499 0
3500 0
3501 -1
3502 0
3503 0
3504 0
3506 0
3507 -1
3509 0
3510 0
3511 0
3512 0
3513 0
3514 0
3515 0
3516 -1
3517 0
3518 0
3520 0
3521 0
3523 0
3525 0
3526 0
3527 0
3528 0
3529 6
3531 0
3532 0
3533 -1
3534 0
3535 0
3536 0
3537 -1
3538 -1
3539 0
3540 -1
3541 0
3543 -1
3544 -1
3545 0
3546 0
3548 -1
3549 0
3550 0
3551 -1
3552 0
3553 0
3554 0
3555 0
3556 0
3557 0
3558 -1
3559 0
3560 0
3561 0
3562 0
3565 0
3566 -1
3568 -1
3569 0
3571 0
3572 0
3575 0
3579 -1
3582 -1
3583 0
3584 0
3586 0
3588 0
3590 0
3591 0
3592 0
3593 0
3594 0
3596 -1
3598 4
3600 -1
3602 -1
3604 0
3606 0
3610 5
3612 -1
3613 0
3615 0
3616 -1
3617 0
3618 0
3622 0
3623 0
3624 -1
3625 0
3626 0
3627 0
3630 -1
3633 0
3635 -1
3637 -1
3638 0
3639 0
3640 0
3642 0
3644 0
3645 18
3646 0
3647 0
3648 0
3649 0
3650 0
3651 0
3652 0
3653 0
3655 7
3656 22
3657 -1
3658 0
3660 -1
3661 0
3662 0
3663 -1
3664 0
3665 0
3667 -1
3668 0
3669 19
3672 0
3673 -1
3675 0
3677 0
3679 0
3681 -1
3683 -1
3685 -1
3686 0
3688 0
3689 0
3690 0
3691 -1
3693 0
3695 0
3696 -1
3697 0
3698 -1
3699 0
3700 -1
3701 0
3702 0
3704 -1
3705 0
3706 -1
3707 -1
3713 -1
3714 0
3715 0
3716 0
3717 0
3718 -1
3719 -1
3720 0
3721 0
3722 -1
3725 0
3726 0
3727 0
3729 -1
3730 0
3733 -1
3735 -1
3736 0
3737 0
3738 -1
3739 0
3741 0
3743 0
3744 -1
3745 -1
3747 0
3748 -1
3749 0
3750 0
3752 0
3753 0
3755 0
3756 0
3757 -1
3759 0
3761 0
3762 -1
3764 0
3765 -1
3767 0
3770 0
3771 0
3772 0
3778 0
3779 15
3781 15
3783 0
3785 0
3786 0
3787 0
3788 -1
3790 0
3791 0
3795 15
3797 0
3798 0
3799 23
3800 0
3802 -1
3803 0
3804 -1
3806 0
3807 0
3810 0
3812 -1
3813 -1
3814 -1
3815 0
3816 0
3817 0
3819 0
3820 -1
3821 0
3822 0
3824 -1
3825 0
3826 0
3828 -1
3832 0
3833 16
3834 -1
3835 0
3837 0
3838 0
3839 0
3841 0
3843 -1
3844 0
3848 0
3849 -1
3850 -1
3851 0
3852 -1
3855 0
3856 0
3858 -1
3859 0
3861 0
3863 0
3865 0
3866 0
3867 0
3868 -1
3870 0
3871 0
3874 -1
3875 0
3876 -1
3877 0
3878 0
3879 0
3881 -1
3883 0
3884 0
3886 0
3887 0
3888 -1
3889 0
3891 0
3892 0
3894 -1
3896 -1
3901 -1
3902 9
3904 0
3905 0
3907 0
3908 -1
3909 0
3910 0
3912 13
3913 0
3914 0
3915 0
3916 0
3918 0
3919 0
3920 11
3921 3
3922 0
3924 -1
3925 9
3926 8
3927 -1
3928 0
3930 -1
3931 0
3932 0
3933 0
3935 0
3936 0
3937 0
3941 0
3942 0
3943 0
3945 0
3946 0
3947 0
3949 0
3950 0
3951 -1
3954 -1
3957 14
3958 -1
3959 0
3960 10
3961 -1
3962 0
3964 -1
3965 4
3967 0
3968 0
3970 0
3971 17
3972 -1
3976 0
3978 0
3979 19
3980 -1
3981 0
3982 -1
3983 0
3985 -1
3986 0
3987 0
3988 0
3989 0
3990 0
3991 0
3992 0
3994 0
3997 0
3998 0
3999 0
4000 0
4001 19
4002 0
4003 0
4004 0
4006 0
4009 -1
4011 0
4012 -1
4013 0
4014 0
4016 -1
4018 0
4019 0
4020 0
4021 0
4022 -1
4023 0
4024 -1
4026 0
4027 0
4028 0
4029 0
4030 0
4031 0
4032 0
4033 0
4034 0
4035 0
4038 0
4039 0
4040 0
4043 -1
4044 0
4045 0
4047 0
4051 0
4052 -1
4054 0
4055 -1
4056 0
4057 0
4059 -1
4060 0
4063 -1
4065 0
4066 0
4067 0
4068 -1
4071 -1
4072 0
4074 -1
4076 0
4078 0
4080 0
4081 -1
4082 0
4083 0
4085 0
4086 0
4087 -1
4088 -1
4090 -1
4091 -1
4092 0
4093 -1
4094 -1
4095 0
4096 0
4097 0
4100 0
4103 0
4104 0
4105 0
4107 -1
4110 -1
4111 0
4113 3
4114 0
4116 0
4117 0
4119 0
4121 -1
4123 0
4124 0
4125 0
4126 -1
4128 0
4129 0
4130 0
4132 0
4133 0
4135 0
4136 -1
4137 16
4138 -1
4143 0
4145 -1
4147 0
4148 0
4149 -1
4150 0
4151 0
4153 0
4154 0
4155 0
4158 0
4159 0
4160 0
4161 0
4162 0
4163 0
4165 20
4166 0
4167 -1
4169 0
4171 -1
4173 0
4175 0
4176 -1
4178 -1
4179 0
4180 0
4181 0
4183 0
4185 -1
4187 0
4188 0
4190 -1
4191 -1
4192 0
4193 0
4194 0
4195 0
4196 0
4197 -1
4198 0
4199 17
4200 0
4201 -1
4202 0
4203 0
4208 0
4209 0
4210 0
4211 0
4213 -1
4214 0
4215 0
4216 0
4218 0
4219 -1
4221 -1
4223 0
4224 0
4226 0
4227 -1
4229 0
4230 0
4231 0
4233 0
4234 0
4235 0
4237 0
4239 -1
4240 0
4241 0
4242 0
4243 -1
4244 0
4245 0
4246 0
4247 0
4248 0
4250 0
4251 0
4253 -1
4255 -1
4256 -1
4258 0
4260 0
4261 23
4262 0
4265 0
4268 0
4269 0
4271 0
4274 0
4275 -1
4276 0
4277 0
4278 0
4279 0
4281 0
4282 0
4283 0
4284 0
4285 -1
4286 0
4287 0
4288 0
4289 0
4291 0
4292 0
4294 0
4295 0
4296 0
4297 0
4298 0
4299 0
4301 -1
4303 0
4304 0
4309 0
4310 0
4311 0
4312 0
4313 -1
4316 0
4317 -1
4318 0
4321 0
4322 -1
4323 0
4326 0
4327 -1
4329 0
4330 -1
4331 -1
4332 0
4335 0
4336 -1
4337 0
4338 0
4339 0
4340 0
4341 0
4342 0
4343 0
4344 -1
4345 0
4350 -1
4351 0
4355 0
4356 -1
4357 0
4360 0
4361 0
4362 0
4364 0
4365 -1
4366 0
4367 -1
4368 -1
4370 0
4372 0
4373 0
4374 -1
4377 0
4379 0
4380 0
4382 0
4383 0
4385 -1
4386 -1
4387 0
4388 0
4389 0
4390 0
4391 0
4392 -1
4393 0
4395 9
4396 -1
4397 0
4398 0
4400 0
4402 0
4405 0
4407 0
4409 0
4410 -1
4411 -1
4412 0
4413 -1
4415 -1
4417 0
4418 0
4419 0
4420 0
4421 0
4422 0
4424 -1
4425 0
4428 0
4429 0
4430 -1
4434 15
4435 -1
4436 -1
4437 -1
4438 -1
4439 0
4440 -1
4442 0
4443 0
4445 0
4446 2
4448 0
4449 -1
4451 0
4453 0
4454 18
4455 0
4457 -1
4459 -1
4462 0
4463 0
4465 -1
4466 0
4467 -1
4468 0
4471 0
4472 -1
4473 -1
4475 -1
4477 0
4478 0
4479 -1
4480 0
4481 -1
4483 0
4485 0
4487 0
4488 0
4489 0
4492 0
4494 0
4495 0
4497 0
4499 0
4502 -1
4503 0
4506 0
4507 0
4508 0
4509 -1
4510 -1
4511 -1
4512 8
4514 -1
4515 0
4516 0
4518 0
4519 0
4520 18
4521 0
4522 0
4525 0
4526 -1
4527 -1
4528 -1
4531 0
4532 0
4536 -1
4537 0
4538 0
4539 0
4540 0
4542 0
4544 0
4546 0
4548 0
4549 3
4551 0
4552 0
4557 0
4558 0
4560 0
4561 -1
4562 -1
4565 0
4566 0
4567 24
4568 0
4569 0
4571 0
4573 0
4574 0
4575 0
4579 0
4580 0
4582 0
4583 0
4584 -1
4585 0
4587 0
4588 0
4589 0
4590 0
4591 0
4592 0
4595 0
4596 0
4597 0
4598 -1
4600 -1
4601 0
4603 -1
4604 -1
4605 0
4606 0
4608 -1
4609 0
4610 0
4611 0
4612 0
4613 0
4616 0
4618 0
4624 -1
4625 23
4626 0
4628 -1
4630 0
4631 -1
4632 -1
4633 0
4635 0
4636 0
4639 -1
4640 0
4642 0
4643 -1
4644 -1
4645 0
4647 -1
4649 0
4652 -1
4653 0
4654 0
4655 0
4656 -1
4657 0
4658 0
4659 0
4661 0
4662 0
4665 -1
4667 0
4669 0
4670 0
4671 0
4672 0
4674 0
4675 0
4677 -1
4680 0
4681 8
4682 -1
4683 -1
4684 0
4687 -1
4690 -1
4691 0
4692 0
4695 0
4696 0
4697 17
4698 0
4700 0
4701 0
4702 -1
4704 -1
4705 0
4708 0
4710 6
4711 0
4714 0
4715 7
4716 0
4717 -1
4718 0
4719 0
4722 0
4723 -1
4725 -1
4726 0
4727 0
4728 0
4729 0
4731 0
4732 -1
4733 0
4734 -1
4735 0
4736 0
4739 17
4740 0
4742 0
4743 -1
4744 0
4747 0
4748 0
4749 0
4751 -1
4752 0
4753 0
4755 -1
4756 0
4757 0
4758 0
4762 0
4764 0
4765 0
4766 0
4768 0
4771 0
4773 0
4775 7
4777 0
4778 -1
4780 0
4781 0
4782 -1
4785 0
4787 0
4788 19
4789 0
4790 -1
4791 0
4792 0
4793 0
4794 0
4795 0
4799 0
4800 0
4802 0
4804 -1
4805 0
4807 -1
4808 -1
4811 1
4814 -1
4815 0
4818 -1
4820 -1
4821 0
4822 0
4824 0
4828 0
4829 0
4830 0
4831 0
4833 0
4834 0
4835 -1
4836 -1
4837 -1
4838 0
4839 0
4840 0
4841 0
4842 0
4843 0
4844 0
4846 0
4848 0
4850 0
4851 24
4852 0
4853 0
4854 0
4855 -1
4856 0
4857 -1
4858 0
4860 -1
4861 0
4862 0
4863 -1
4865 0
4868 0
4869 0
4870 0
4871 0
4872 0
4874 0
4875 0
4878 0
4879 0
4881 0
4882 -1
4884 0
4886 0
4887 0
4889 0
4890 -1
4892 -1
4894 0
4896 0
4897 0
4898 0
4900 0
4901 0
4902 -1
4906 0
4908 0
4909 -1
4911 0
4912 17
4913 0
4916 0
4917 0
4918 7
4920 0
4921 -1
4922 0
4923 0
4926 0
4927 -1
4929 0
4930 0
4931 0
4932 -1
4933 0
4934 0
4937 0
4938 -1
4941 4
4943 0
4944 0
4945 -1
4946 0
4947 0
4951 0
4952 0
4953 -1
4955 0
4956 0
4957 0
4959 0
4962 0
4963 0
4966 0
4968 0
4969 0
4970 0
4971 0
4972 -1
4974 0
4976 0
4979 0
4982 -1
4985 0
4986 0
4987 -1
4988 0
4989 0
4991 -1
4992 0
4994 0
4995 0
4997 0
4998 0
4999 0
