0 61
1 64
2 195
3 108
5 66
6 1
7 25
8 180
9 191
10 45
11 71
12 104
13 199
14 166
15 77
16 58
17 180
18 129
20 184
21 187
22 189
23 77
24 160
25 22
26 215
27 106
28 9
29 73
30 108
31 25
32 121
33 196
34 149
35 18
36 118
37 190
38 45
39 200
40 22
42 129
43 62
44 41
45 247
46 189
47 199
48 39
49 231
50 84
51 24
52 68
53 112
54 5
55 22
56 47
57 44
58 200
59 86
60 132
62 165
63 229
64 70
65 215
66 60
67 229
68 48
69 132
70 235
71 233
72 156
73 138
75 209
76 165
77 133
78 241
79 246
80 135
81 62
83 151
84 42
85 180
86 195
87 11
88 11
90 183
91 86
92 138
93 209
94 180
95 49
96 58
97 242
98 124
99 112
101 106
102 54
103 150
104 191
105 68
106 186
107 18
108 0
109 113
110 248
112 216
114 38
115 152
116 217
117 232
119 85
120 241
121 20
122 108
123 110
124 244
125 62
126 205
127 104
128 35
129 5
130 47
132 129
133 122
134 150
135 226
136 31
137 69
138 72
139 200
140 101
141 203
142 144
143 193
144 183
146 43
147 138
148 209
150 160
151 73
152 149
153 45
154 29
155 220
156 224
157 37
158 40
159 112
160 237
161 73
162 8
163 156
164 93
165 145
166 45
167 135
168 178
169 217
170 108
171 233
172 215
173 141
174 1
175 91
176 77
177 143
178 65
179 137
180 28
181 230
182 236
183 112
184 194
185 173
186 214
187 111
188 68
189 119
190 149
191 18
192 157
193 218
194 151
195 233
196 213
197 158
198 52
199 223
200 181
201 119
202 142
203 207
204 74
206 28
207 200
208 241
209 165
211 41
212 182
213 175
214 145
215 10
216 188
217 7
218 100
219 96
220 1
221 123
222 38
223 76
224 183
225 189
226 97
227 45
228 14
229 131
230 133
231 18
232 22
233 28
235 233
236 119
237 79
238 239
239 12
240 83
241 161
242 15
243 215
244 124
245 129
246 111
247 215
248 175
249 28
250 1
251 222
252 20
254 18
255 28
256 217
257 175
258 86
259 129
260 84
261 18
262 68
263 20
264 205
265 86
266 108
267 110
268 20
269 45
270 131
271 59
272 102
273 44
274 16
275 156
277 224
278 15
279 30
280 120
282 168
283 165
284 168
285 215
286 101
287 20
288 119
289 119
290 94
291 133
292 93
293 183
294 45
295 16
296 76
297 179
298 68
299 106
300 90
301 73
302 68
303 18
304 7
305 22
306 136
307 228
308 200
309 210
310 171
312 25
313 216
314 99
315 192
316 166
317 173
318 18
319 155
320 214
321 119
322 12
323 235
324 134
325 208
326 111
327 54
328 7
329 28
330 76
331 89
332 246
333 164
334 96
335 125
337 25
338 244
339 242
340 110
341 124
342 114
344 49
345 187
346 152
347 149
348 56
349 128
350 28
351 68
352 108
353 233
354 108
356 18
357 32
358 196
359 163
360 138
361 28
362 99
363 217
364 149
365 218
366 205
367 128
368 142
369 77
370 239
372 93
373 222
374 180
375 77
376 226
377 156
378 65
379 175
380 221
381 180
382 51
383 131
384 193
385 18
386 77
387 180
388 99
389 152
390 249
391 2
392 50
393 108
394 88
395 190
396 231
397 108
398 149
399 244
400 126
401 64
402 187
403 56
404 187
405 4
406 103
407 149
408 176
409 152
410 152
411 213
412 241
413 67
414 40
415 21
416 167
417 65
418 72
419 1
420 29
421 29
422 126
423 120
424 216
425 64
426 57
427 10
428 29
429 10
430 203
431 130
432 175
433 149
434 185
435 132
436 193
437 215
438 243
440 27
441 45
442 225
443 28
444 189
445 53
446 169
447 16
448 232
449 11
450 170
451 87
452 115
453 143
454 240
455 129
457 152
458 1
459 92
460 100
461 248
462 163
463 229
464 217
465 61
466 153
467 104
468 200
469 77
470 170
471 90
472 148
473 233
474 156
475 105
476 1
477 40
478 36
479 169
480 76
481 108
482 18
483 116
484 132
485 18
486 237
487 109
489 28
490 232
491 173
492 129
493 20
494 64
495 223
496 18
497 18
498 99
499 25
501 240
502 123
503 71
506 68
509 73
510 73
511 80
512 101
513 180
516 54
518 28
519 216
520 190
521 64
522 30
523 114
524 5
525 57
527 129
528 193
529 192
530 180
531 108
532 189
533 12
534 215
535 93
536 160
537 180
539 106
540 216
541 80
542 215
543 5
544 1
545 97
546 217
547 52
549 18
550 182
551 131
552 49
553 25
554 34
555 117
556 156
557 93
558 202
559 58
560 248
562 0
563 132
564 93
567 129
568 58
569 167
570 95
571 68
572 14
573 72
574 248
575 63
576 202
577 114
578 78
579 180
580 1
581 94
582 101
583 106
584 157
585 133
586 217
587 93
588 4
589 119
590 133
592 117
594 203
595 141
596 79
597 242
598 167
599 68
600 168
601 159
602 77
604 109
605 185
606 163
607 161
608 220
609 164
610 190
611 177
612 134
613 156
614 94
615 111
616 85
617 243
618 122
619 89
620 53
621 159
622 133
623 240
624 108
625 248
626 0
627 248
628 143
629 129
630 33
631 56
632 205
633 243
634 58
635 67
636 76
637 225
638 170
639 175
640 9
641 20
642 148
643 28
644 203
645 106
646 142
647 216
648 241
651 132
652 136
653 233
654 77
655 30
656 192
657 18
658 64
659 60
660 40
661 121
662 88
663 106
664 167
665 148
666 235
667 216
668 222
670 192
671 23
672 181
673 218
674 149
675 109
676 195
678 228
679 245
680 180
681 151
682 208
683 108
684 224
685 18
686 134
687 193
688 215
689 154
690 231
691 215
692 231
693 241
694 149
695 98
696 180
697 152
698 156
699 151
701 112
702 181
703 98
705 233
706 216
707 3
708 180
709 143
710 177
711 148
712 20
713 82
714 52
716 0
717 97
718 72
720 14
722 72
723 151
724 56
725 119
726 205
727 77
728 164
729 217
730 203
731 102
732 132
733 177
734 128
735 243
736 163
737 145
738 238
739 68
740 18
741 221
742 214
743 143
744 187
745 126
746 215
747 143
748 11
749 90
751 236
752 93
753 13
754 119
755 93
756 205
757 58
758 6
760 10
761 48
762 199
763 182
764 221
765 83
766 190
767 47
768 30
769 193
770 46
771 139
772 51
773 190
774 119
775 208
776 117
777 60
778 1
779 31
780 76
781 203
782 22
783 99
784 96
785 33
787 119
788 156
789 108
790 68
791 67
793 67
794 93
795 245
796 223
797 93
798 221
799 226
800 164
801 86
802 245
803 195
804 129
805 20
806 137
807 106
808 27
809 129
810 122
811 171
812 10
813 241
814 15
815 76
817 156
818 173
819 227
820 186
821 149
822 115
823 108
824 113
826 154
827 30
828 27
829 91
830 65
831 226
832 94
833 47
834 124
835 4
836 86
837 43
838 232
840 182
841 119
843 125
846 46
847 11
848 118
849 143
850 163
852 2
853 73
855 37
856 155
857 180
858 54
859 53
860 96
861 11
862 156
863 229
864 106
865 165
866 114
867 73
868 103
869 150
871 153
872 138
873 142
874 223
875 29
876 23
877 119
878 170
879 39
881 161
882 189
883 132
884 160
885 218
888 28
889 62
890 129
891 158
892 77
893 102
894 243
895 181
896 30
897 99
898 58
899 221
900 190
901 172
902 116
903 73
904 114
905 39
906 121
907 193
909 72
910 222
911 248
912 93
913 80
914 23
915 239
916 87
917 99
918 110
919 105
920 108
921 207
922 164
923 216
924 214
925 55
926 165
927 123
928 68
929 28
930 189
931 12
932 18
933 137
934 86
936 29
937 106
938 58
939 181
940 154
941 12
942 185
943 125
944 195
946 240
947 138
948 150
949 62
950 53
951 138
953 216
954 0
955 68
956 192
957 201
958 180
959 106
960 236
961 73
962 18
963 68
964 177
965 47
967 173
968 138
969 54
970 193
971 105
972 39
973 242
974 11
975 189
977 243
978 181
979 68
980 47
981 139
982 148
983 31
984 235
985 195
987 39
988 128
989 183
990 132
991 189
992 138
993 1
994 112
995 119
996 102
998 164
999 77
1000 9
1001 173
1002 152
1003 18
1004 182
1005 47
1006 77
1008 183
1009 194
1010 49
1011 1
1013 121
1014 12
1015 233
1016 68
1017 68
1019 90
1020 97
1021 203
1022 25
1023 31
1024 12
1025 103
1027 220
1028 76
1029 156
1030 221
1031 149
1032 21
1034 38
1035 139
1036 15
1037 44
1038 145
1040 225
1042 17
1044 245
1045 207
1046 120
1047 80
1048 47
1049 14
1050 170
1052 104
1053 167
1054 184
1055 232
1057 128
1058 128
1059 58
1060 37
1061 204
1062 166
1063 248
1064 101
1065 93
1066 18
1067 220
1068 218
1069 203
1070 18
1071 113
1072 70
1074 69
1075 55
1076 191
1077 77
1078 224
1079 96
1080 72
1081 43
1082 201
1083 203
1084 14
1085 64
1086 28
1087 112
1088 72
1089 166
1090 52
1091 86
1092 1
1093 72
1094 93
1095 217
1097 62
1098 24
1099 210
1100 107
1101 115
1103 72
1104 3
1105 13
1106 32
1107 189
1108 48
1110 96
1111 64
1112 203
1113 91
1114 242
1115 31
1116 24
1117 233
1118 10
1119 246
1120 16
1121 115
1122 219
1123 90
1124 96
1125 178
1126 230
1127 122
1128 9
1129 229
1130 18
1131 239
1132 7
1133 113
1134 167
1135 25
1137 131
1139 99
1140 80
1141 226
1142 141
1143 177
1144 45
1145 109
1146 115
1147 66
1148 197
1149 169
1150 79
1151 88
1154 231
1155 190
1158 101
1159 86
1160 11
1162 77
1163 148
1165 236
1166 225
1167 77
1168 57
1169 40
1170 100
1171 201
1172 73
1173 217
1174 218
1177 193
1178 191
1179 1
1180 8
1181 152
1182 233
1183 113
1184 50
1185 116
1186 239
1187 225
1188 172
1189 235
1190 145
1191 113
1192 235
1193 15
1194 118
1195 217
1196 154
1197 192
1198 10
1199 117
1200 170
1201 12
1203 150
1205 218
1206 127
1207 1
1209 20
1210 228
1211 167
1212 79
1213 150
1214 108
1215 100
1216 180
1217 101
1218 55
1219 105
1220 115
1221 207
1222 90
1223 201
1225 60
1226 171
1227 62
1228 26
1229 180
1230 180
1232 174
1234 190
1235 47
1237 157
1238 166
1239 160
1240 104
1241 23
1242 187
1243 11
1245 89
1246 20
1247 52
1248 146
1249 226
1250 124
1251 29
1252 127
1253 57
1255 216
1256 90
1257 196
1258 239
1259 144
1260 130
1261 27
1262 177
1263 200
1265 169
1266 245
1267 187
1269 166
1270 150
1271 161
1272 211
1273 76
1274 175
1275 157
1277 151
1278 58
1279 169
1281 72
1283 225
1284 239
1285 8
1286 225
1289 216
1290 112
1291 227
1292 107
1293 20
1294 51
1295 141
1296 71
1297 0
1298 182
1299 73
1300 1
1302 18
1303 18
1305 14
1306 211
1307 43
1308 113
1310 10
1311 77
1313 198
1314 158
1315 119
1316 203
1317 243
1319 192
1320 246
1321 187
1323 193
1324 113
1325 151
1326 193
1327 18
1328 121
1329 111
1330 157
1332 76
1333 233
1334 68
1335 45
1336 161
1337 118
1339 133
1340 105
1341 25
1343 102
1344 78
1345 28
1346 8
1347 37
1348 192
1349 12
1350 46
1351 76
1352 169
1354 117
1355 181
1357 216
1358 144
1359 194
1360 58
1361 1
1362 106
1363 66
1364 104
1365 165
1366 200
1367 32
1368 85
1369 30
1370 68
1372 29
1373 233
1374 157
1375 96
1376 89
1377 84
1378 232
1380 110
1381 237
1382 242
1384 29
1385 75
1387 13
1388 57
1389 76
1391 178
1392 167
1393 163
1394 149
1396 12
1397 129
1399 104
1400 47
1401 134
1402 13
1403 180
1404 49
1405 229
1406 177
1407 20
1410 130
1411 108
1412 120
1413 160
1414 163
1415 140
1416 73
1417 157
1418 67
1419 153
1420 169
1421 32
1422 23
1423 193
1425 205
1426 242
1427 185
1429 129
1431 225
1432 149
1433 165
1434 112
1436 144
1438 7
1439 93
1440 40
1441 2
1442 246
1443 196
1444 55
1445 199
1446 185
1447 2
1448 189
1449 172
1450 11
1451 85
1452 106
1454 129
1455 179
1456 237
1457 113
1459 72
1460 34
1461 119
1462 228
1463 18
1464 246
1465 110
1466 159
1467 142
1468 117
1469 22
1470 108
1471 121
1472 216
1473 27
1474 16
1475 35
1476 146
1479 132
1480 79
1481 148
1482 18
1483 129
1484 87
1486 63
1487 2
1490 207
1491 129
1492 96
1493 200
1495 4
1496 74
1497 140
1498 10
1499 18
1500 207
1501 215
1502 101
1503 124
1504 190
1506 116
1507 111
1508 45
1509 1
1510 93
1512 220
1514 179
1515 149
1517 245
1518 146
1520 121
1521 39
1522 62
1523 216
1524 148
1525 182
1526 106
1527 243
1528 70
1529 99
1530 131
1531 182
1532 108
1534 118
1535 181
1536 138
1537 151
1538 121
1540 20
1541 248
1542 30
1543 10
1544 182
1545 163
1546 24
1547 221
1549 18
1551 183
1552 228
1553 198
1554 187
1555 241
1556 174
1557 192
1558 84
1560 134
1563 66
1565 149
1566 129
1567 208
1568 213
1570 28
1572 229
1573 189
1574 134
1575 93
1576 105
1577 136
1578 104
1579 68
1581 45
1582 77
1583 25
1585 224
1586 182
1587 64
1588 97
1589 106
1590 119
1591 105
1593 236
1595 93
1597 104
1599 120
1601 93
1602 137
1603 157
1604 196
1605 7
1607 93
1609 160
1610 242
1611 138
1613 245
1614 140
1615 52
1616 137
1617 222
1618 175
1619 157
1621 105
1623 116
1625 233
1626 115
1628 157
1629 171
1630 18
1631 193
1632 213
1633 241
1635 101
1636 79
1637 189
1639 104
1640 212
1643 153
1644 193
1645 143
1646 78
1647 18
1648 92
1650 242
1651 125
1652 236
1653 24
1654 17
1655 114
1656 150
1657 192
1658 175
1659 161
1660 229
1661 182
1662 172
1663 30
1664 235
1665 244
1666 58
1667 135
1668 208
1669 187
1670 15
1671 163
1674 98
1676 68
1677 139
1678 72
1679 101
1681 39
1682 94
1684 177
1685 138
1686 56
1687 165
1688 12
1689 73
1691 104
1692 180
1694 32
1695 156
1696 63
1697 93
1698 111
1699 76
1701 134
1702 199
1703 66
1704 1
1705 70
1706 4
1707 95
1708 6
1709 207
1712 118
1713 97
1715 180
1716 82
1718 183
1719 155
1720 152
1721 192
1722 59
1723 72
1724 132
1725 149
1726 248
1727 18
1728 103
1730 223
1732 193
1733 180
1734 1
1735 54
1736 174
1737 5
1738 5
1739 11
1740 243
1741 163
1742 119
1743 8
1747 169
1748 183
1749 101
1750 182
1751 20
1752 71
1753 68
1754 182
1755 200
1756 94
1757 43
1758 8
1759 218
1761 69
1762 108
1764 128
1765 108
1766 40
1767 245
1768 49
1769 164
1771 139
1772 151
1774 88
1775 39
1776 29
1777 241
1778 124
1779 124
1780 216
1781 9
1782 67
1783 26
1784 151
1785 104
1786 134
1788 183
1789 212
1790 30
1791 183
1792 211
1793 183
1794 88
1795 201
1796 96
1797 115
1799 139
1801 40
1802 92
1804 161
1805 81
1806 96
1807 156
1808 105
1810 212
1811 112
1813 228
1815 149
1816 155
1817 77
1818 189
1819 93
1820 242
1821 178
1822 192
1824 248
1825 187
1826 11
1827 16
1829 59
1830 171
1831 207
1832 134
1833 13
1834 140
1837 23
1839 2
1840 57
1841 1
1842 246
1843 23
1845 18
1846 131
1847 70
1848 173
1849 25
1850 248
1851 44
1853 64
1854 92
1855 110
1857 208
1858 10
1860 83
1861 69
1863 167
1864 193
1865 183
1866 104
1867 44
1868 151
1869 47
1871 125
1873 4
1874 208
1875 142
1876 62
1877 20
1878 138
1879 134
1880 1
1881 93
1882 76
1883 114
1884 237
1885 40
1887 88
1888 189
1889 203
1890 9
1891 35
1894 56
1895 149
1896 70
1897 90
1899 194
1900 183
1902 153
1903 215
1904 26
1906 39
1907 50
1908 106
1909 15
1910 182
1911 96
1912 147
1913 100
1914 180
1915 35
1916 132
1917 93
1918 110
1919 8
1920 5
1921 221
1923 178
1924 72
1925 163
1926 175
1927 47
1928 152
1929 218
1931 146
1933 217
1934 137
1935 62
1936 97
1938 134
1939 64
1940 93
1941 108
1942 12
1943 157
1944 221
1947 143
1948 127
1949 208
1950 68
1952 99
1953 116
1954 146
1955 149
1957 50
1959 55
1962 50
1964 207
1966 101
1967 119
1968 239
1969 193
1970 200
1971 149
1972 90
1973 248
1974 105
1976 98
1977 163
1978 180
1979 236
1980 58
1982 138
1983 89
1985 14
1986 104
1987 11
1991 1
1992 161
1993 58
1994 55
1995 15
1997 191
1998 90
2000 65
2001 195
2003 89
2006 105
2008 175
2009 111
2010 180
2011 187
2012 205
2013 115
2014 132
2015 76
2016 236
2017 119
2018 127
2019 117
2020 64
2021 93
2022 55
2024 156
2025 115
2026 93
2027 54
2028 138
2029 131
2031 115
2032 16
2033 196
2034 171
2035 63
2036 218
2037 245
2038 78
2039 207
2040 32
2041 44
2042 63
2043 217
2044 0
2045 121
2046 138
2047 200
2049 149
2050 18
2051 187
2053 216
2054 117
2055 132
2056 14
2057 158
2058 59
2059 182
2061 88
2062 110
2063 26
2064 150
2065 177
2067 199
2068 40
2069 60
2070 35
2071 43
2072 248
2073 159
2075 127
2076 218
2077 43
2079 137
2080 215
2081 184
2082 104
2083 218
2084 150
2085 43
2086 68
2088 235
2089 18
2091 192
2092 116
2093 86
2094 60
2096 233
2099 80
2100 129
2101 193
2104 1
2105 189
2107 113
2108 102
2109 159
2110 229
2111 170
2113 152
2115 10
2116 158
2117 213
2118 29
2119 57
2121 150
2122 25
2123 140
2124 182
2125 200
2126 210
2127 48
2128 187
2129 42
2130 187
2131 217
2132 72
2133 192
2135 108
2136 18
2137 1
2138 82
2139 33
2141 191
2142 24
2143 199
2144 98
2145 97
2147 29
2148 236
2149 152
2150 18
2151 180
2152 128
2153 244
2154 167
2155 51
2156 149
2157 73
2158 135
2159 217
2160 182
2161 192
2162 189
2163 50
2164 189
2167 20
2168 221
2170 59
2171 34
2172 33
2174 207
2175 143
2176 143
2177 142
2178 178
2181 22
2182 64
2183 149
2184 44
2185 77
2187 111
2188 34
2189 149
2190 145
2191 18
2192 183
2195 68
2196 31
2197 67
2198 13
2200 150
2201 195
2203 115
2204 225
2206 133
2211 185
2213 147
2214 4
2215 119
2217 175
2219 6
2220 212
2221 106
2222 37
2226 90
2227 216
2229 45
2230 170
2232 245
2233 200
2234 9
2235 163
2236 242
2238 142
2239 125
2240 7
2241 18
2242 247
2243 243
2244 87
2245 29
2246 221
2247 242
2248 20
2249 137
2253 7
2254 181
2257 132
2258 129
2259 72
2260 49
2261 155
2263 129
2264 108
2265 7
2266 20
2267 225
2268 6
2269 187
2270 106
2272 79
2274 93
2275 77
2277 218
2279 1
2280 80
2281 233
2282 68
2283 29
2284 168
2286 78
2287 106
2288 63
2289 215
2290 150
2292 1
2293 39
2294 28
2295 0
2296 66
2297 58
2299 176
2300 113
2301 54
2302 189
2303 222
2304 76
2305 143
2306 225
2307 40
2308 167
2309 16
2310 248
2311 156
2312 236
2313 118
2314 157
2315 26
2316 87
2317 45
2318 182
2319 173
2321 187
2322 236
2323 72
2324 53
2325 40
2326 1
2327 22
2328 117
2329 140
2331 4
2332 180
2333 185
2334 233
2335 132
2336 169
2337 73
2338 79
2339 130
2340 167
2341 69
2342 98
2343 22
2344 166
2346 237
2347 98
2348 245
2349 211
2350 96
2351 241
2352 3
2353 72
2354 231
2355 89
2357 112
2358 21
2361 64
2363 108
2364 65
2365 239
2366 245
2367 32
2369 9
2370 18
2371 108
2373 248
2374 180
2375 233
2376 93
2378 104
2379 248
2380 195
2381 139
2382 10
2384 71
2385 167
2386 167
2387 104
2388 185
2389 47
2390 243
2391 39
2392 160
2393 142
2394 218
2395 76
2397 132
2398 49
2399 189
2401 76
2403 18
2404 99
2405 50
2406 78
2407 134
2410 43
2412 108
2413 173
2414 106
2415 39
2416 149
2417 145
2418 114
2420 44
2422 226
2425 58
2426 11
2427 103
2428 47
2430 248
2431 15
2432 78
2433 51
2434 149
2435 44
2436 89
2437 87
2438 169
2439 106
2440 25
2442 150
2443 80
2444 217
2445 20
2446 31
2447 101
2448 182
2449 20
2450 242
2451 243
2452 167
2453 169
2454 120
2455 49
2456 92
2457 131
2458 161
2460 242
2461 227
2463 37
2464 131
2465 154
2467 132
2468 215
2469 66
2470 165
2471 184
2472 224
2473 103
2474 183
2475 68
2476 14
2477 132
2478 177
2479 236
2480 93
2482 30
2483 90
2484 72
2485 4
2486 24
2488 54
2490 248
2491 20
2492 101
2494 1
2495 186
2497 60
2498 89
2500 72
2501 106
2503 56
2504 240
2505 149
2506 159
2507 9
2508 189
2509 180
2511 28
2512 132
2513 39
2514 77
2515 180
2516 187
2517 177
2518 171
2519 207
2520 120
2522 225
2524 242
2525 104
2526 137
2527 193
2528 18
2529 117
2531 119
2533 11
2534 116
2536 28
2537 165
2538 88
2540 174
2542 89
2543 64
2544 36
2545 200
2546 96
2547 248
2548 39
2549 198
2550 76
2551 243
2552 62
2553 180
2555 64
2556 12
2557 193
2558 242
2559 111
2560 131
2561 147
2562 157
2563 132
2564 128
2566 73
2567 115
2568 52
2569 224
2570 108
2571 118
2572 166
2574 68
2576 9
2577 68
2578 122
2580 130
2582 51
2584 216
2585 167
2586 5
2587 51
2588 108
2589 205
2590 28
2591 216
2592 183
2593 134
2594 128
2596 9
2597 119
2598 31
2599 2
2600 169
2602 217
2603 149
2604 127
2605 103
2606 58
2607 47
2608 29
2609 207
2610 128
2612 209
2613 165
2614 116
2615 132
2616 33
2617 212
2618 231
2619 106
2621 57
2622 40
2623 18
2624 126
2625 61
2626 149
2627 242
2629 72
2630 129
2631 124
2632 128
2633 188
2634 93
2635 100
2636 208
2637 152
2641 69
2642 108
2644 58
2645 18
2647 157
2648 26
2649 183
2650 133
2651 190
2652 189
2653 221
2654 220
2655 10
2656 191
2657 0
2658 163
2660 20
2661 73
2664 86
2665 189
2666 226
2667 221
2668 96
2669 149
2670 132
2671 183
2672 180
2673 121
2675 131
2676 50
2677 142
2678 240
2679 26
2680 127
2681 170
2682 160
2683 240
2684 218
2685 36
2686 78
2687 189
2688 218
2689 248
2690 11
2691 127
2692 33
2694 146
2695 224
2696 5
2697 150
2698 26
2699 44
2701 175
2702 106
2703 21
2705 148
2706 190
2709 193
2710 77
2711 62
2712 101
2713 108
2714 233
2716 129
2717 93
2718 14
2721 140
2722 195
2723 214
2726 157
2727 236
2728 104
2729 112
2730 123
2731 167
2732 93
2733 28
2735 147
2737 182
2738 125
2739 89
2741 167
2742 22
2743 60
2744 108
2745 241
2747 108
2748 101
2749 179
2751 108
2752 244
2753 163
2754 16
2756 232
2757 1
2758 133
2759 76
2760 64
2761 40
2762 159
2763 93
2764 150
2765 55
2766 149
2767 26
2768 13
2770 129
2776 82
2777 16
2778 45
2779 132
2780 78
2781 28
2785 77
2786 100
2787 106
2788 110
2789 9
2790 14
2791 217
2792 25
2793 205
2794 132
2795 217
2797 72
2799 181
2800 106
2801 202
2802 54
2804 49
2805 91
2806 68
2807 187
2808 36
2809 20
2811 39
2812 135
2814 12
2815 190
2816 68
2817 36
2818 202
2820 161
2822 63
2823 1
2824 182
2825 28
2826 183
2827 240
2828 68
2829 158
2830 73
2832 182
2834 108
2835 241
2836 49
2837 112
2838 149
2839 6
2841 89
2842 28
2843 53
2844 18
2845 119
2846 117
2847 62
2848 192
2849 185
2851 152
2852 26
2853 80
2854 100
2855 152
2856 85
2857 222
2858 243
2859 218
2861 103
2862 189
2863 108
2864 59
2866 180
2867 73
2868 138
2869 68
2870 156
2871 24
2873 47
2874 110
2875 148
2876 28
2877 62
2878 248
2879 248
2880 247
2881 23
2883 170
2884 129
2885 77
2886 196
2887 99
2888 87
2891 133
2892 131
2893 157
2894 156
2895 117
2896 198
2898 137
2899 198
2900 186
2901 105
2903 18
2904 105
2905 72
2906 170
2907 156
2909 47
2910 82
2911 78
2912 49
2913 203
2914 182
2915 11
2917 108
2919 30
2920 190
2921 151
2922 29
2923 247
2924 237
2925 99
2926 104
2927 149
2928 189
2929 185
2930 4
2931 96
2932 33
2934 239
2935 169
2936 236
2937 152
2938 142
2940 49
2941 167
2942 108
2943 76
2946 47
2947 33
2948 217
2949 226
2950 10
2951 234
2952 108
2955 39
2956 121
2957 203
2958 143
2960 222
2961 96
2962 194
2964 62
2965 237
2966 26
2967 245
2968 21
2969 1
2970 156
2971 163
2972 132
2973 127
2974 32
2975 182
2976 97
2977 117
2978 46
2979 38
2980 189
2982 89
2983 149
2984 95
2986 132
2987 220
2988 129
2989 87
2990 216
2991 98
2992 170
2994 46
2995 84
2996 40
2997 64
3001 152
3002 30
3003 180
3004 216
3006 72
3007 202
3008 215
3009 161
3011 182
3012 96
3013 54
3014 170
3016 210
3018 34
3020 163
3021 37
3022 44
3023 212
3024 70
3025 152
3026 86
3027 93
3028 106
3029 58
3031 152
3034 158
3035 90
3036 189
3037 76
3038 183
3039 244
3040 221
3041 179
3042 145
3043 164
3044 78
3045 241
3046 4
3047 108
3048 190
3049 183
3050 21
3052 108
3053 163
3054 57
3056 90
3057 38
3058 183
3059 147
3060 93
3061 81
3063 164
3064 225
3066 75
3067 25
3068 28
3069 149
3071 132
3072 226
3074 62
3075 201
3076 72
3077 60
3078 55
3080 189
3081 220
3082 14
3083 51
3084 39
3085 112
3086 228
3087 151
3088 161
3089 57
3090 27
3091 132
3092 18
3093 174
3095 182
3096 221
3097 248
3098 48
3101 83
3102 155
3103 108
3104 43
3105 122
3106 101
3109 84
3110 220
3111 141
3112 56
3113 233
3115 174
3116 59
3117 153
3118 94
3119 217
3120 161
3121 108
3122 101
3123 43
3124 132
3126 194
3127 214
3130 131
3133 217
3134 105
3140 182
3141 134
3143 132
3144 88
3145 131
3146 103
3147 233
3150 28
3151 203
3152 72
3154 38
3156 49
3158 226
3159 218
3162 215
3163 1
3165 240
3166 129
3167 198
3168 22
3169 248
3171 134
3173 67
3174 231
3176 119
3177 106
3179 150
3180 156
3181 23
3182 66
3183 178
3184 152
3185 106
3186 132
3187 178
3188 23
3189 149
3191 235
3192 178
3194 25
3195 21
3196 118
3197 19
3198 189
3201 233
3202 47
3204 20
3208 72
3212 61
3213 49
3214 149
3216 137
3217 194
3218 9
3219 64
3220 66
3221 30
3222 150
3223 108
3224 161
3225 179
3226 61
3227 167
3230 77
3231 148
3233 64
3234 103
3235 58
3237 28
3240 60
3243 162
3245 126
3246 3
3247 180
3248 217
3250 108
3253 70
3254 139
3256 149
3257 75
3258 181
3259 189
3261 119
3262 170
3263 149
3264 225
3265 181
3266 113
3268 26
3269 105
3270 32
3271 20
3272 247
3273 105
3274 67
3275 66
3276 187
3277 217
3278 63
3279 181
3280 28
3281 190
3282 127
3283 213
3284 95
3285 53
3286 68
3287 18
3288 141
3289 241
3290 18
3291 189
3292 163
3293 214
3294 209
3295 107
3296 133
3297 175
3301 89
3302 45
3306 58
3307 73
3308 18
3309 68
3310 18
3312 100
3314 18
3315 195
3316 119
3317 66
3318 76
3322 169
3325 100
3326 209
3327 133
3328 173
3329 124
3331 28
3333 129
3335 104
3336 13
3337 174
3339 210
3340 221
3342 180
3343 113
3345 237
3347 18
3350 6
3351 4
3352 214
3353 77
3354 160
3355 76
3356 115
3357 92
3359 108
3360 108
3362 231
3363 231
3367 58
3368 246
3369 156
3370 113
3371 87
3373 138
3374 193
3375 119
3376 199
3377 139
3379 18
3380 38
3382 215
3383 16
3384 137
3385 120
3386 93
3387 185
3388 172
3389 226
3391 44
3392 73
3393 236
3394 149
3396 18
3397 63
3399 25
3402 220
3403 132
3404 42
3405 44
3406 104
3407 28
3409 70
3412 137
3413 157
3414 39
3415 200
3416 89
3417 57
3418 5
3420 72
3421 212
3422 51
3423 1
3424 193
3426 180
3427 108
3428 42
3430 106
3432 78
3433 110
3434 180
3435 20
3439 221
3440 40
3442 110
3443 106
3444 161
3445 113
3447 236
3448 241
3449 195
3451 182
3452 168
3453 198
3454 182
3455 165
3456 30
3457 77
3458 136
3460 103
3461 1
3462 196
3464 76
3465 212
3466 119
3467 181
3470 87
3471 47
3472 158
3473 62
3474 161
3475 95
3476 170
3477 86
3478 116
3481 154
3482 131
3485 217
3486 20
3487 176
3490 130
3491 59
3493 95
3494 226
3495 147
3496 119
3497 102
3499 108
3500 149
3501 12
3502 242
3503 101
3504 240
3506 225
3507 2
3509 1
3510 221
3511 150
3512 101
3513 21
3514 152
3515 72
3516 165
3517 215
3518 20
3520 70
3521 156
3523 58
3525 135
3526 241
3527 194
3528 16
3529 120
3531 26
3532 134
3533 141
3534 108
3535 16
3536 248
3537 94
3538 10
3539 134
3540 52
3541 241
3543 74
3544 23
3545 180
3546 217
3548 111
3549 200
3550 182
3551 145
3552 163
3553 64
3554 51
3555 217
3556 18
3557 101
3558 184
3559 1
3560 180
3561 9
3562 47
3565 233
3566 232
3568 228
3569 173
3571 113
3572 192
3575 182
3579 21
3582 37
3583 18
3584 200
3586 178
3588 133
3590 54
3591 152
3592 14
3593 108
3594 149
3596 213
3598 175
3600 112
3602 86
3604 110
3606 183
3610 15
3612 146
3613 205
3615 170
3616 147
3617 115
3618 110
3622 62
3623 132
3624 239
3625 129
3626 127
3627 39
3630 139
3633 10
3635 165
3637 17
3638 78
3639 111
3640 80
3642 64
3644 242
3645 63
3646 183
3647 76
3648 233
3649 216
3650 93
3651 14
3652 108
3653 108
3655 228
3656 100
3657 48
3658 129
3660 98
3661 173
3662 61
3663 229
3664 13
3665 133
3667 26
3668 242
3669 37
3672 108
3673 102
3675 90
3677 143
3679 21
3681 122
3683 118
3685 188
3686 76
3688 49
3689 105
3690 68
3691 244
3693 77
3695 11
3696 41
3697 158
3698 42
3699 89
3700 102
3701 10
3702 132
3704 92
3705 116
3706 6
3707 0
3713 196
3714 115
3715 138
3716 20
3717 133
3718 43
3719 145
3720 170
3721 180
3722 36
3725 129
3726 102
3727 64
3729 46
3730 156
3733 138
3735 102
3736 9
3737 9
3738 123
3739 68
3741 25
3743 62
3744 146
3745 137
3747 102
3748 196
3749 119
3750 233
3752 40
3753 236
3755 106
3756 16
3757 117
3759 72
3761 72
3762 218
3764 89
3765 91
3767 49
3770 218
3771 18
3772 18
3778 80
3779 210
3781 210
3783 240
3785 182
3786 182
3787 248
3788 112
3790 26
3791 158
3795 210
3797 93
3798 207
3799 214
3800 5
3802 208
3803 14
3804 43
3806 236
3807 77
3810 108
3812 100
3813 209
3814 8
3815 62
3816 183
3817 245
3819 132
3820 75
3821 119
3822 182
3824 27
3825 40
3826 187
3828 38
3832 48
3833 99
3834 85
3835 215
3837 133
3838 70
3839 77
3841 215
3843 123
3844 129
3848 111
3849 91
3850 168
3851 129
3852 95
3855 149
3856 243
3858 147
3859 131
3861 155
3863 108
3865 133
3866 64
3867 29
3868 71
3870 39
3871 217
3874 66
3875 62
3876 201
3877 93
3878 108
3879 1
3881 66
3883 218
3884 20
3886 121
3887 173
3888 136
3889 7
3891 29
3892 101
3894 125
3896 99
3901 23
3902 164
3904 182
3905 45
3907 45
3908 130
3909 133
3910 218
3912 31
3913 182
3914 129
3915 26
3916 45
3918 134
3919 134
3920 30
3921 235
3922 7
3924 87
3925 164
3926 174
3927 87
3928 89
3930 141
3931 1
3932 45
3933 18
3935 187
3936 157
3937 108
3941 224
3942 44
3943 181
3945 25
3946 104
3947 28
3949 218
3950 70
3951 114
3954 110
3957 86
3958 2
3959 183
3960 0
3961 92
3962 208
3964 37
3965 83
3967 119
3968 237
3970 9
3971 211
3972 51
3976 207
3978 129
3979 37
3980 8
3981 121
3982 87
3983 243
3985 146
3986 76
3987 185
3988 11
3989 18
3990 93
3991 236
3992 161
3994 132
3997 106
3998 149
3999 217
4000 1
4001 37
4002 61
4003 217
4004 10
4006 90
4009 7
4011 182
4012 212
4013 53
4014 225
4016 24
4018 16
4019 14
4020 18
4021 132
4022 211
4023 53
4024 154
4026 10
4027 116
4028 89
4029 165
4030 158
4031 233
4032 236
4033 149
4034 182
4035 28
4038 182
4039 203
4040 108
4043 85
4044 90
4045 62
4047 11
4051 236
4052 12
4054 205
4055 39
4056 215
4057 241
4059 22
4060 178
4063 63
4065 77
4066 96
4067 135
4068 22
4071 46
4072 217
4074 155
4076 189
4078 77
4080 195
4081 27
4082 216
4083 181
4085 163
4086 225
4087 107
4088 32
4090 33
4091 159
4092 132
4093 94
4094 19
4095 189
4096 231
4097 180
4100 216
4103 77
4104 106
4105 61
4107 32
4110 184
4111 243
4113 235
4114 45
4116 133
4117 39
4119 231
4121 230
4123 180
4124 105
4125 76
4126 229
4128 218
4129 132
4130 156
4132 7
4133 226
4135 102
4136 153
4137 99
4138 235
4143 9
4145 107
4147 121
4148 82
4149 146
4150 20
4151 180
4153 194
4154 93
4155 208
4158 225
4159 240
4160 215
4161 236
4162 189
4163 231
4165 160
4166 216
4167 71
4169 135
4171 136
4173 240
4175 216
4176 27
4178 59
4179 218
4180 45
4181 233
4183 161
4185 110
4187 9
4188 216
4190 220
4191 202
4192 76
4193 108
4194 40
4195 68
4196 149
4197 126
4198 156
4199 130
4200 133
4201 151
4202 236
4203 182
4208 88
4209 245
4210 127
4211 226
4213 109
4214 181
4215 89
4216 187
4218 150
4219 191
4221 69
4223 244
4224 90
4226 217
4227 143
4229 129
4230 189
4231 80
4233 68
4234 132
4235 93
4237 143
4239 166
4240 149
4241 70
4242 116
4243 224
4244 18
4245 242
4246 72
4247 108
4248 215
4250 117
4251 215
4253 71
4255 160
4256 50
4258 167
4260 108
4261 214
4262 178
4265 163
4268 207
4269 101
4271 76
4274 82
4275 42
4276 226
4277 154
4278 149
4279 47
4281 190
4282 233
4283 72
4284 96
4285 33
4286 89
4287 73
4288 18
4289 182
4291 9
4292 149
4294 135
4295 93
4296 64
4297 108
4298 226
4299 233
4301 186
4303 182
4304 108
4309 113
4310 33
4311 183
4312 83
4313 95
4316 9
4317 123
4318 4
4321 132
4322 202
4323 101
4326 203
4327 84
4329 215
4330 146
4331 81
4332 242
4335 9
4336 124
4337 108
4338 18
4339 93
4340 132
4341 177
4342 155
4343 18
4344 146
4345 167
4350 57
4351 158
4355 216
4356 55
4357 1
4360 121
4361 26
4362 73
4364 118
4365 202
4366 189
4367 140
4368 100
4370 132
4372 101
4373 108
4374 201
4377 135
4379 119
4380 193
4382 242
4383 26
4385 69
4386 19
4387 156
4388 182
4389 119
4390 150
4391 78
4392 131
4393 243
4395 164
4396 62
4397 89
4398 150
4400 233
4402 152
4405 158
4407 143
4409 45
4410 92
4411 206
4412 149
4413 2
4415 95
4417 44
4418 190
4419 129
4420 193
4421 119
4422 226
4424 126
4425 182
4428 193
4429 40
4430 109
4434 210
4435 6
4436 35
4437 19
4438 6
4439 106
4440 202
4442 75
4443 67
4445 93
4446 60
4448 1
4449 12
4451 93
4453 108
4454 63
4455 1
4457 74
4459 118
4462 132
4463 218
4465 225
4466 182
4467 75
4468 233
4471 73
4472 103
4473 144
4475 141
4477 180
4478 189
4479 33
4480 205
4481 235
4483 226
4485 200
4487 190
4488 45
4489 191
4492 215
4494 45
4495 193
4497 11
4499 236
4502 186
4503 61
4506 106
4507 135
4508 190
4509 205
4510 154
4511 52
4512 174
4514 123
4515 226
4516 203
4518 207
4519 182
4520 63
4521 18
4522 132
4525 217
4526 153
4527 212
4528 85
4531 44
4532 51
4536 136
4537 248
4538 108
4539 248
4540 200
4542 135
4544 106
4546 118
4548 236
4549 235
4551 187
4552 187
4557 108
4558 70
4560 167
4561 201
4562 59
4565 185
4566 149
4567 12
4568 76
4569 26
4571 187
4573 57
4574 48
4575 40
4579 18
4580 135
4582 193
4583 133
4584 188
4585 167
4587 62
4588 18
4589 170
4590 183
4591 104
4592 93
4595 7
4596 83
4597 13
4598 51
4600 122
4601 13
4603 198
4604 109
4605 156
4606 78
4608 141
4609 53
4610 73
4611 149
4612 29
4613 80
4616 18
4618 190
4624 146
4625 214
4626 170
4628 65
4630 78
4631 201
4632 114
4633 29
4635 89
4636 25
4639 141
4640 200
4642 47
4643 146
4644 204
4645 82
4647 23
4649 61
4652 142
4653 90
4654 182
4655 20
4656 211
4657 96
4658 216
4659 182
4661 244
4662 231
4665 22
4667 18
4669 241
4670 221
4671 181
4672 9
4674 108
4675 225
4677 63
4680 105
4681 32
4682 229
4683 62
4684 149
4687 100
4690 166
4691 113
4692 149
4695 18
4696 5
4697 130
4698 67
4700 1
4701 28
4702 52
4704 220
4705 189
4708 218
4710 120
4711 108
4714 90
4715 228
4716 67
4717 184
4718 25
4719 76
4722 193
4723 100
4725 213
4726 187
4727 187
4728 72
4729 73
4731 73
4732 33
4733 217
4734 34
4735 218
4736 233
4739 211
4740 143
4742 104
4743 223
4744 170
4747 195
4748 48
4749 205
4751 171
4752 187
4753 152
4755 191
4756 127
4757 33
4758 242
4762 221
4764 73
4765 187
4766 104
4768 215
4771 106
4773 248
4775 228
4777 182
4778 2
4780 131
4781 161
4782 6
4785 47
4787 82
4788 37
4789 105
4790 137
4791 20
4792 221
4793 187
4794 248
4795 110
4799 20
4800 110
4802 194
4804 230
4805 21
4807 116
4808 12
4811 196
4814 19
4815 1
4818 148
4820 33
4821 217
4822 243
4824 9
4828 200
4829 170
4830 11
4831 9
4833 106
4834 9
4835 52
4836 105
4837 146
4838 28
4839 225
4840 108
4841 226
4842 83
4843 231
4844 96
4846 108
4848 182
4850 80
4851 12
4852 248
4853 221
4854 117
4855 229
4856 149
4857 67
4858 149
4860 44
4861 29
4862 28
4863 168
4865 105
4868 62
4869 77
4870 207
4871 156
4872 155
4874 105
4875 68
4878 106
4879 132
4881 105
4882 128
4884 133
4886 111
4887 106
4889 134
4890 130
4892 97
4894 180
4896 119
4897 217
4898 180
4900 183
4901 216
4902 66
4906 16
4908 110
4909 102
4911 240
4912 211
4913 224
4916 39
4917 215
4918 228
4920 248
4921 247
4922 245
4923 77
4926 233
4927 44
4929 233
4930 150
4931 163
4932 186
4933 40
4934 72
4937 18
4938 155
4941 83
4943 180
4944 152
4945 148
4946 169
4947 132
4951 207
4952 1
4953 219
4955 200
4956 190
4957 20
4959 62
4962 138
4963 183
4966 115
4968 202
4969 108
4970 134
4971 4
4972 52
4974 236
4976 215
4979 58
4982 114
4985 163
4986 133
4987 35
4988 40
4989 129
4991 36
4992 181
4994 143
4995 82
4997 93
4998 16
4999 18
