0 74
1 81
2 145
3 139
5 228
6 228
7 223
8 211
9 221
10 167
11 24
12 212
13 69
14 87
15 244
16 211
17 173
18 188
19 103
20 54
21 138
22 86
23 244
24 43
25 188
26 88
27 103
28 211
29 223
30 103
31 193
32 82
33 53
34 151
35 162
36 189
37 210
38 21
39 151
40 211
41 47
42 47
43 74
44 113
45 92
46 106
47 90
48 129
49 146
50 87
51 72
52 243
53 138
54 67
55 209
56 206
57 88
58 216
59 64
60 222
62 185
63 130
64 216
65 74
66 104
67 19
68 114
69 103
70 10
71 163
72 52
73 22
75 46
76 153
77 151
78 93
79 61
80 84
81 247
83 102
84 144
85 7
86 242
87 187
88 57
90 188
91 226
92 201
93 68
94 118
95 45
96 172
97 20
98 49
99 25
101 246
102 2
103 131
104 221
105 218
106 105
107 47
108 177
109 211
110 230
111 27
112 136
114 30
115 168
116 30
117 230
119 153
120 93
121 162
122 211
123 45
124 57
125 165
126 121
127 162
128 29
129 175
130 170
131 103
132 227
133 75
134 216
135 64
136 147
137 193
138 187
139 124
140 136
141 64
142 32
143 221
144 207
146 44
147 201
148 46
149 165
150 11
151 142
152 183
153 218
154 125
155 165
156 107
157 23
158 94
159 90
160 96
161 105
162 232
163 230
164 134
165 192
166 94
167 115
168 62
169 47
170 39
171 188
172 173
173 119
174 211
175 85
176 100
177 69
178 218
179 143
180 0
181 220
182 164
183 48
184 243
185 99
186 215
187 18
188 5
189 209
190 228
191 194
192 19
193 227
194 241
195 74
196 190
197 103
198 34
199 19
200 194
201 182
202 121
203 93
204 135
205 0
206 20
207 90
208 222
209 7
210 187
211 180
212 151
213 136
214 238
215 230
216 108
217 92
218 25
219 138
220 188
221 158
222 43
223 161
224 88
225 106
226 231
227 189
228 169
229 115
230 176
231 30
232 209
233 211
234 194
235 188
236 70
237 96
238 18
239 114
240 126
241 160
242 29
243 211
244 50
245 103
246 237
247 26
248 145
249 103
250 88
251 163
252 211
254 18
255 227
256 232
257 137
258 188
259 5
260 34
261 0
262 167
263 162
264 162
265 176
266 211
267 236
268 162
269 41
270 228
271 4
272 12
273 31
274 90
275 131
277 84
278 29
279 162
280 148
282 204
283 163
284 204
285 229
286 152
287 103
288 171
289 128
290 47
291 176
292 105
293 98
294 150
295 137
296 51
297 137
298 83
299 151
300 18
301 97
302 139
303 171
304 84
305 146
306 46
307 81
308 59
309 8
310 71
311 103
312 183
313 174
314 153
315 201
316 187
317 110
318 118
319 243
320 192
321 188
322 246
323 227
324 11
325 128
326 237
327 25
328 47
329 0
330 64
331 88
332 159
333 109
334 187
335 44
337 164
338 96
339 190
340 97
341 139
342 217
344 196
345 151
346 63
347 50
348 16
349 8
350 8
351 151
352 103
353 169
354 5
355 221
356 0
357 120
358 11
359 131
360 81
361 242
362 146
363 209
364 212
365 118
366 167
367 26
368 200
369 100
370 105
372 38
373 163
374 130
375 164
376 160
377 230
378 151
379 136
380 21
381 212
382 58
383 133
384 176
385 91
386 138
387 47
388 217
389 112
390 123
391 134
392 43
393 194
394 166
395 182
396 48
397 18
398 12
399 12
400 28
401 176
402 211
403 16
404 212
405 76
406 202
407 90
408 187
409 233
410 232
411 179
412 144
413 63
414 152
415 9
416 25
417 151
418 80
419 51
420 221
421 82
422 64
423 151
424 210
425 182
426 146
427 244
428 127
429 76
430 78
431 55
432 126
433 79
434 85
435 118
436 40
437 103
438 67
439 103
440 155
441 0
442 41
443 39
444 70
445 195
446 194
447 161
448 230
449 5
450 151
451 142
452 95
453 69
454 136
455 178
457 63
458 160
459 65
460 28
461 17
462 212
463 14
464 18
465 80
466 30
467 211
468 129
469 142
470 249
471 169
472 199
473 54
474 52
475 152
476 47
477 198
478 174
479 212
480 180
481 216
482 211
483 13
484 5
485 39
486 96
487 4
489 242
490 40
491 241
492 66
493 211
494 50
495 119
496 83
497 105
498 30
499 18
501 133
502 158
503 24
506 83
509 97
510 223
511 132
512 152
513 27
514 88
516 2
518 130
519 156
520 29
521 84
522 55
523 217
524 201
525 10
527 211
528 221
529 6
530 74
531 194
532 60
533 233
534 25
535 242
536 25
537 223
538 163
539 211
540 164
541 51
542 200
543 175
544 19
545 231
546 223
547 219
549 83
550 197
551 228
552 45
553 223
554 104
555 171
556 52
557 230
558 22
559 56
560 116
562 177
563 105
564 151
566 103
567 10
568 56
569 214
570 61
571 151
572 20
573 103
574 164
575 161
576 143
577 217
578 108
579 173
580 118
581 47
582 41
583 111
584 67
585 176
586 17
587 242
588 194
589 27
590 8
591 88
592 209
593 194
594 100
595 88
596 96
597 12
598 157
599 151
600 204
601 186
602 103
603 211
604 4
605 17
606 172
607 77
608 173
609 22
610 232
611 100
612 8
613 52
614 151
615 222
616 240
617 101
618 10
619 38
620 195
621 186
622 19
623 95
624 64
625 116
626 177
627 188
628 144
629 147
630 129
631 16
632 70
633 138
634 56
635 201
636 230
637 218
638 196
639 193
640 200
641 66
642 199
643 97
644 117
645 83
646 200
647 136
648 41
651 169
652 187
653 150
654 164
655 55
656 203
657 23
658 173
659 104
660 198
661 193
662 175
663 162
664 216
665 36
666 227
667 51
668 163
670 57
671 108
672 145
673 118
674 221
675 4
676 188
678 200
679 21
680 44
681 102
682 137
683 51
684 161
685 64
686 88
687 41
688 196
689 155
690 184
691 5
692 231
693 74
694 160
695 6
696 173
697 63
698 211
699 102
701 48
702 194
703 6
704 47
705 77
706 41
707 143
708 223
709 151
710 94
711 199
712 162
713 248
714 192
716 126
717 28
718 8
719 103
720 47
722 8
723 241
724 16
725 196
726 143
727 164
728 109
729 25
730 100
731 37
732 163
733 81
734 77
735 151
736 86
737 238
738 239
739 131
740 154
741 187
742 215
743 161
744 110
745 64
746 188
747 166
748 191
749 91
751 147
752 105
753 179
754 194
755 23
756 37
757 151
758 238
760 116
761 11
762 145
763 159
764 212
765 126
766 25
767 178
768 55
769 211
770 39
771 34
772 71
773 66
774 171
775 137
776 111
777 4
778 115
779 108
780 114
781 98
782 24
783 29
784 240
785 99
786 93
787 27
788 64
789 19
790 83
791 4
792 118
793 112
794 127
795 18
796 15
797 115
798 103
799 160
800 109
801 29
802 187
803 145
804 211
805 66
806 211
807 70
808 155
809 27
810 75
811 71
812 138
813 3
814 213
815 167
816 38
817 25
818 37
819 157
820 235
821 113
822 95
823 18
824 74
826 155
827 55
828 42
829 85
830 131
831 222
832 47
833 244
834 180
835 200
836 19
837 44
838 3
839 144
840 211
841 128
843 97
846 140
847 114
848 30
849 166
850 93
852 30
853 136
855 23
856 230
857 118
858 182
859 195
860 125
861 241
862 151
863 19
864 151
865 7
866 217
867 170
868 89
869 25
871 32
872 22
873 141
874 52
875 221
876 81
877 228
878 249
879 21
881 147
882 236
883 192
884 9
885 3
886 187
888 136
889 88
890 178
891 84
892 74
893 27
894 67
895 142
896 55
897 47
898 217
899 97
900 23
901 185
902 35
903 194
904 217
905 59
906 77
907 212
909 212
910 163
911 47
912 134
913 169
914 249
915 118
916 180
917 30
918 86
919 109
920 228
921 145
922 109
923 18
924 215
925 158
926 7
927 231
928 103
929 242
930 136
931 12
932 185
933 11
934 3
936 240
937 12
938 160
939 142
940 38
941 129
942 17
943 105
944 193
945 113
946 38
947 201
948 101
949 165
950 195
951 22
953 156
954 177
955 139
956 57
957 230
958 45
959 93
960 162
961 194
962 242
963 83
964 100
965 14
967 110
968 201
969 182
970 18
971 152
972 144
973 190
974 21
975 60
977 101
978 145
979 19
980 244
981 34
982 243
983 147
984 160
985 73
987 21
988 225
989 159
990 3
991 211
992 22
993 183
994 43
995 127
996 226
997 161
998 109
999 142
1000 201
1001 20
1002 193
1003 1
1004 183
1005 66
1006 164
1008 209
1009 142
1010 45
1011 88
1013 229
1014 127
1015 27
1016 112
1017 83
1019 234
1020 28
1021 100
1022 193
1023 147
1024 12
1025 89
1027 173
1028 3
1029 52
1030 188
1031 79
1032 128
1033 164
1034 107
1035 34
1036 29
1037 31
1038 238
1040 112
1041 161
1042 32
1044 70
1045 136
1046 148
1047 123
1048 170
1049 190
1050 249
1052 227
1053 216
1054 54
1055 103
1057 26
1058 77
1059 207
1060 23
1061 42
1062 215
1063 230
1064 192
1065 105
1066 103
1067 173
1068 196
1069 103
1070 105
1071 9
1072 94
1074 193
1075 35
1076 115
1077 94
1078 22
1079 15
1080 44
1081 117
1082 124
1083 149
1084 190
1085 171
1086 39
1087 203
1088 38
1089 236
1090 119
1091 19
1092 47
1093 80
1094 211
1095 17
1097 108
1098 24
1099 8
1100 88
1101 95
1103 3
1104 159
1105 179
1106 245
1107 86
1108 216
1109 6
1110 210
1111 202
1112 136
1113 208
1114 133
1115 74
1116 24
1117 169
1118 116
1119 159
1120 163
1121 95
1122 190
1123 64
1124 15
1125 166
1126 229
1127 75
1128 230
1129 88
1130 18
1131 52
1132 70
1133 32
1134 146
1135 193
1137 51
1139 29
1140 132
1141 36
1142 142
1143 94
1144 21
1145 4
1146 95
1147 113
1148 117
1149 242
1150 96
1151 179
1152 230
1154 66
1155 39
1158 136
1159 19
1160 26
1161 190
1162 142
1163 239
1165 123
1166 41
1167 197
1168 202
1169 187
1170 28
1171 7
1172 194
1173 212
1174 105
1177 41
1178 221
1179 93
1180 157
1181 27
1182 170
1183 74
1184 16
1185 134
1186 18
1187 84
1188 196
1189 10
1190 238
1191 230
1192 227
1193 29
1194 189
1195 25
1196 155
1197 47
1198 39
1199 12
1200 249
1201 47
1203 23
1205 188
1206 98
1207 18
1208 127
1209 162
1210 81
1211 25
1212 159
1213 149
1214 212
1215 129
1216 223
1217 152
1218 206
1219 137
1220 113
1221 230
1222 91
1223 193
1225 104
1226 58
1227 73
1228 67
1229 173
1230 121
1232 21
1233 30
1234 5
1235 244
1237 138
1238 100
1239 9
1240 113
1241 186
1242 163
1243 193
1245 183
1246 170
1247 34
1248 123
1249 169
1250 50
1251 169
1252 100
1253 146
1255 136
1256 91
1257 53
1258 125
1259 218
1260 52
1261 42
1262 81
1263 112
1264 0
1265 230
1266 187
1267 211
1269 236
1270 46
1271 160
1272 33
1273 146
1274 136
1275 138
1277 102
1278 160
1279 242
1281 8
1283 41
1284 90
1285 157
1286 118
1287 88
1289 136
1290 48
1291 157
1292 48
1293 162
1294 58
1295 142
1296 24
1297 177
1298 38
1299 194
1300 74
1301 132
1302 227
1303 1
1305 20
1306 33
1307 36
1308 15
1310 118
1311 145
1313 227
1314 136
1315 131
1316 135
1317 151
1319 140
1320 159
1321 47
1322 93
1323 41
1324 73
1325 241
1326 151
1327 105
1328 174
1329 249
1330 19
1332 25
1333 88
1334 93
1335 76
1336 187
1337 184
1339 138
1340 161
1341 67
1343 193
1344 141
1345 103
1346 115
1347 60
1348 103
1349 246
1350 140
1351 3
1352 242
1353 103
1354 227
1355 118
1357 136
1358 39
1359 79
1360 221
1361 130
1362 227
1363 41
1364 39
1365 1
1366 59
1367 137
1368 98
1369 55
1370 9
1372 210
1373 25
1374 19
1375 15
1376 63
1377 136
1378 103
1380 97
1381 96
1382 133
1384 101
1385 117
1387 4
1388 96
1389 188
1391 62
1392 216
1393 172
1394 3
1395 211
1396 12
1397 227
1399 1
1400 163
1401 8
1402 179
1403 230
1404 45
1405 41
1406 81
1407 211
1408 5
1410 181
1411 18
1412 148
1413 9
1414 172
1415 16
1416 97
1417 134
1418 59
1419 32
1420 242
1421 5
1422 225
1423 150
1425 129
1426 12
1427 194
1429 5
1430 47
1431 103
1432 193
1433 7
1434 99
1436 26
1438 34
1439 144
1440 103
1441 108
1442 224
1443 225
1444 26
1445 134
1446 150
1447 211
1448 106
1449 185
1450 160
1451 153
1452 249
1453 183
1454 211
1455 137
1456 96
1457 170
1458 47
1459 160
1460 23
1461 188
1462 229
1463 103
1464 159
1465 170
1466 186
1467 200
1468 249
1469 146
1470 105
1471 82
1472 157
1473 42
1474 1
1475 101
1476 101
1479 228
1480 159
1481 36
1482 18
1483 103
1484 118
1486 223
1487 108
1490 162
1491 211
1492 240
1493 215
1494 47
1495 76
1496 92
1497 16
1498 20
1499 28
1500 211
1501 230
1502 152
1503 50
1504 200
1505 144
1506 35
1507 153
1508 63
1509 51
1510 228
1512 173
1514 137
1515 79
1517 243
1518 180
1520 63
1521 84
1522 69
1523 237
1524 199
1525 230
1526 150
1527 138
1528 211
1529 29
1530 133
1531 232
1532 5
1534 189
1535 164
1536 195
1537 241
1538 82
1539 5
1540 163
1541 74
1542 55
1543 57
1544 23
1545 73
1546 72
1547 47
1549 187
1551 103
1552 142
1553 232
1554 211
1555 216
1556 148
1557 201
1558 143
1560 120
1563 172
1565 94
1566 178
1567 128
1568 140
1570 242
1571 47
1572 19
1573 86
1574 11
1575 115
1576 237
1577 115
1578 227
1579 83
1581 131
1582 142
1583 113
1584 211
1585 43
1586 187
1587 138
1588 28
1589 25
1590 209
1591 237
1593 240
1594 5
1595 5
1597 211
1599 148
1600 243
1601 138
1602 151
1603 19
1604 53
1605 70
1607 138
1609 132
1610 133
1611 144
1612 136
1613 193
1614 16
1615 70
1616 28
1617 105
1618 161
1619 8
1621 137
1622 90
1623 35
1625 115
1626 95
1627 183
1628 19
1629 63
1630 39
1631 151
1632 229
1633 211
1635 9
1636 159
1637 106
1639 212
1640 110
1643 32
1644 232
1645 188
1646 213
1647 230
1648 65
1649 103
1650 133
1651 105
1652 151
1653 72
1654 32
1655 217
1656 60
1657 5
1658 68
1659 88
1660 88
1661 103
1662 185
1663 55
1664 10
1665 74
1666 56
1667 84
1668 128
1669 123
1670 29
1671 118
1674 6
1676 212
1677 123
1678 27
1679 243
1681 133
1682 47
1684 21
1685 153
1686 16
1687 7
1688 163
1689 131
1690 0
1691 211
1692 84
1694 245
1695 64
1696 161
1697 187
1698 237
1699 161
1701 15
1702 179
1703 172
1704 88
1705 70
1706 76
1707 61
1708 36
1709 145
1710 249
1712 146
1713 70
1715 144
1716 248
1718 167
1719 138
1720 84
1721 57
1722 139
1723 97
1724 25
1725 211
1726 27
1727 154
1728 202
1730 176
1732 188
1733 128
1734 145
1735 241
1736 245
1737 193
1738 129
1739 114
1740 138
1741 105
1742 138
1743 157
1745 108
1747 242
1748 49
1749 151
1750 151
1751 212
1752 37
1753 194
1754 211
1755 138
1756 47
1757 117
1758 157
1759 88
1761 216
1762 121
1764 37
1765 18
1766 94
1767 216
1768 37
1769 109
1771 34
1772 237
1773 74
1774 90
1775 74
1776 240
1777 93
1778 50
1779 50
1780 93
1781 190
1782 112
1783 14
1784 102
1785 27
1786 8
1788 159
1789 72
1790 55
1791 117
1792 181
1793 70
1794 41
1795 7
1796 132
1797 95
1798 0
1799 34
1801 198
1802 179
1804 187
1805 61
1806 15
1807 103
1808 156
1809 144
1810 209
1811 74
1813 19
1815 103
1816 243
1817 74
1818 151
1819 151
1820 131
1821 103
1822 96
1824 17
1825 47
1826 21
1827 19
1829 139
1830 71
1831 242
1832 88
1833 41
1834 122
1837 225
1839 74
1840 202
1841 183
1842 66
1843 225
1845 64
1846 133
1847 113
1848 188
1849 18
1850 118
1851 31
1852 121
1853 41
1854 65
1855 18
1857 128
1858 163
1859 18
1860 110
1861 144
1862 150
1863 216
1864 41
1865 88
1866 103
1867 186
1868 241
1869 113
1870 51
1871 137
1872 113
1873 143
1874 128
1875 200
1876 73
1877 162
1878 51
1879 88
1880 188
1881 134
1882 114
1883 217
1884 96
1885 243
1887 232
1888 37
1889 27
1890 228
1891 113
1892 221
1893 5
1894 16
1895 90
1896 186
1897 130
1899 213
1900 57
1902 94
1903 193
1904 14
1906 59
1907 213
1908 137
1909 213
1910 39
1911 90
1912 208
1913 28
1914 130
1915 113
1916 192
1917 54
1918 147
1919 157
1920 175
1921 94
1922 169
1923 39
1924 121
1925 172
1926 126
1927 148
1928 25
1929 153
1930 151
1931 0
1932 103
1933 188
1934 143
1935 73
1936 231
1938 11
1939 173
1940 44
1941 151
1942 246
1943 19
1944 47
1945 69
1947 144
1948 151
1949 137
1950 90
1951 138
1952 185
1953 35
1954 113
1955 228
1957 213
1959 170
1962 122
1964 53
1965 5
1966 152
1967 22
1968 205
1969 115
1970 59
1971 90
1972 91
1973 188
1974 216
1976 6
1977 131
1978 130
1979 30
1980 172
1982 195
1983 164
1985 20
1986 47
1987 114
1991 163
1992 147
1993 115
1994 135
1995 67
1997 221
1998 91
2000 151
2001 145
2003 164
2006 229
2007 194
2008 136
2009 129
2010 193
2011 188
2012 41
2013 95
2014 160
2015 70
2016 210
2017 94
2018 230
2019 111
2020 20
2021 134
2022 125
2024 188
2025 95
2026 144
2027 2
2028 233
2029 14
2031 22
2032 18
2033 170
2034 71
2035 161
2036 185
2037 129
2038 108
2039 66
2040 211
2041 92
2042 98
2043 231
2044 177
2045 229
2046 10
2047 59
2048 103
2049 103
2050 1
2051 170
2053 210
2054 30
2055 222
2056 188
2057 47
2058 47
2059 36
2061 4
2062 97
2063 233
2064 88
2065 81
2067 73
2068 94
2069 104
2070 113
2071 44
2072 54
2073 135
2074 18
2075 129
2076 118
2077 44
2079 143
2080 222
2081 220
2082 5
2083 50
2084 20
2085 44
2086 176
2087 204
2088 227
2089 160
2090 151
2091 5
2092 134
2093 99
2094 104
2096 151
2097 194
2099 132
2100 27
2101 41
2102 50
2104 103
2105 37
2107 116
2108 162
2109 186
2110 147
2111 136
2113 216
2114 121
2115 215
2116 18
2117 229
2118 188
2119 159
2121 47
2122 113
2123 16
2124 232
2125 59
2126 8
2127 3
2128 27
2129 144
2130 74
2131 90
2132 44
2133 99
2135 194
2136 103
2137 51
2138 143
2139 230
2140 103
2141 221
2142 72
2143 231
2144 6
2145 231
2147 14
2148 123
2149 221
2150 105
2151 212
2152 37
2153 12
2154 244
2155 58
2156 5
2157 97
2158 84
2159 79
2160 169
2161 29
2162 5
2163 108
2164 228
2167 121
2168 1
2170 19
2171 28
2172 70
2174 103
2175 166
2176 69
2177 200
2178 166
2181 47
2182 147
2183 51
2184 205
2185 100
2186 170
2187 237
2188 59
2189 103
2190 238
2191 74
2192 207
2193 7
2195 51
2196 147
2197 93
2198 179
2200 22
2201 145
2203 95
2204 138
2206 88
2208 5
2211 17
2213 85
2214 76
2215 209
2217 126
2219 238
2220 72
2221 21
2222 23
2226 91
2227 210
2229 21
2230 249
2232 212
2233 138
2234 188
2235 92
2236 12
2238 200
2239 5
2240 160
2241 142
2242 92
2243 38
2244 142
2245 221
2246 243
2247 88
2248 137
2249 143
2253 101
2254 23
2257 167
2258 0
2259 160
2260 45
2261 14
2262 190
2263 105
2264 230
2265 70
2266 162
2267 190
2268 192
2269 84
2270 5
2272 5
2274 137
2275 209
2277 118
2279 163
2280 123
2281 188
2282 151
2283 93
2284 204
2286 29
2287 21
2288 161
2289 21
2290 5
2292 47
2293 193
2294 103
2295 177
2296 140
2297 228
2299 54
2300 27
2301 182
2302 106
2303 57
2304 233
2305 94
2306 212
2307 94
2308 216
2309 139
2310 44
2311 142
2312 69
2313 189
2314 19
2315 14
2316 34
2317 111
2318 105
2319 243
2320 194
2321 98
2322 201
2323 27
2324 113
2325 121
2326 0
2327 148
2328 80
2329 122
2331 144
2332 223
2333 12
2334 47
2335 105
2336 47
2337 159
2338 159
2339 33
2340 216
2341 39
2342 6
2343 27
2344 86
2346 88
2347 6
2348 138
2349 181
2350 93
2351 47
2352 0
2353 80
2354 66
2355 29
2356 103
2357 48
2358 70
2359 151
2361 8
2362 49
2363 79
2364 151
2365 211
2366 70
2367 211
2369 234
2370 244
2371 50
2373 25
2374 160
2375 169
2376 242
2378 211
2379 118
2380 145
2381 34
2382 190
2384 148
2385 40
2386 110
2387 25
2388 17
2389 151
2390 138
2391 144
2392 9
2393 142
2394 118
2395 88
2396 81
2397 82
2398 57
2399 90
2401 3
2403 130
2404 29
2405 108
2406 122
2407 125
2409 151
2410 44
2412 88
2413 151
2414 121
2415 138
2416 51
2417 238
2418 217
2419 44
2420 234
2422 18
2425 151
2426 129
2427 202
2428 188
2430 138
2431 29
2432 108
2433 100
2434 79
2435 5
2436 98
2437 242
2438 147
2439 80
2440 7
2441 209
2442 25
2443 132
2444 68
2445 193
2446 147
2447 159
2448 183
2449 211
2450 241
2451 170
2452 15
2453 47
2454 148
2455 45
2456 65
2457 150
2458 8
2460 12
2461 157
2463 34
2464 115
2465 38
2466 27
2467 151
2468 138
2469 241
2470 153
2471 23
2472 84
2473 89
2474 88
2475 18
2476 20
2477 200
2478 223
2479 113
2480 27
2481 121
2482 55
2483 18
2484 47
2485 1
2486 72
2488 2
2490 41
2491 30
2492 152
2494 151
2495 235
2496 44
2497 104
2498 98
2500 44
2501 150
2503 122
2504 94
2505 0
2506 226
2507 90
2508 242
2509 223
2511 74
2512 194
2513 63
2514 74
2515 12
2516 170
2517 223
2518 71
2519 51
2520 37
2522 151
2523 163
2524 190
2525 1
2526 28
2527 47
2528 5
2529 12
2530 0
2531 211
2533 114
2534 35
2535 27
2536 227
2537 172
2538 163
2540 34
2542 12
2543 173
2544 157
2545 124
2546 15
2547 90
2548 110
2549 227
2550 103
2551 49
2552 108
2553 7
2555 51
2556 12
2557 221
2558 12
2559 237
2560 129
2561 208
2562 226
2563 44
2564 77
2566 97
2567 157
2568 119
2569 22
2570 144
2571 1
2572 47
2574 83
2576 232
2577 228
2578 75
2579 5
2580 181
2582 100
2584 210
2585 25
2586 76
2587 71
2588 216
2589 230
2590 182
2591 170
2592 221
2593 15
2594 235
2596 221
2597 211
2598 147
2599 30
2600 242
2602 190
2603 121
2604 79
2605 19
2606 103
2607 211
2608 240
2609 145
2610 77
2612 68
2613 7
2614 134
2615 83
2616 147
2617 209
2618 30
2619 129
2620 230
2621 139
2622 146
2623 57
2624 64
2625 151
2626 200
2627 190
2629 88
2630 121
2631 139
2632 226
2633 108
2634 144
2635 28
2636 137
2637 128
2641 147
2642 90
2644 207
2645 162
2647 169
2648 47
2649 151
2650 176
2651 126
2652 37
2653 212
2654 48
2655 211
2656 214
2657 177
2658 107
2660 64
2661 131
2664 19
2665 86
2666 139
2667 242
2668 69
2669 79
2670 188
2671 159
2672 51
2673 77
2674 103
2675 228
2676 122
2677 51
2678 0
2679 14
2680 37
2681 188
2682 9
2683 122
2684 118
2685 157
2686 108
2687 169
2688 38
2689 136
2690 241
2691 103
2692 57
2694 101
2695 196
2696 175
2697 131
2698 10
2699 136
2700 121
2701 241
2702 47
2703 105
2705 199
2706 130
2709 133
2710 164
2711 47
2712 192
2713 51
2714 51
2716 163
2717 18
2718 121
2720 131
2721 16
2722 145
2723 215
2726 88
2727 216
2728 242
2729 203
2730 143
2731 139
2732 216
2733 227
2735 208
2737 121
2738 105
2739 29
2741 214
2742 148
2743 104
2744 51
2745 93
2747 103
2748 192
2749 137
2750 103
2751 211
2752 139
2753 131
2754 143
2756 146
2757 51
2758 82
2759 3
2760 137
2761 194
2762 186
2763 242
2764 82
2765 125
2766 47
2767 109
2768 0
2770 111
2773 139
2774 103
2776 248
2777 230
2778 218
2779 178
2780 108
2781 137
2782 129
2784 103
2785 142
2786 28
2787 244
2788 97
2789 147
2790 20
2791 73
2792 171
2793 121
2794 103
2795 194
2796 209
2797 8
2798 103
2799 145
2800 88
2801 10
2802 182
2804 223
2805 85
2806 178
2807 110
2808 157
2809 186
2811 243
2812 84
2814 246
2815 165
2816 218
2817 157
2818 10
2820 147
2822 150
2823 160
2824 23
2825 188
2826 207
2827 136
2828 151
2829 136
2830 121
2831 230
2832 230
2834 242
2835 123
2836 57
2837 99
2838 137
2839 103
2841 57
2842 103
2843 195
2844 60
2845 138
2846 12
2847 88
2848 201
2849 195
2851 128
2852 1
2853 132
2854 199
2855 230
2856 153
2857 211
2858 212
2859 227
2861 202
2862 169
2863 51
2864 19
2866 194
2867 212
2868 201
2869 194
2870 131
2871 72
2873 206
2874 236
2875 243
2876 194
2877 103
2878 90
2879 139
2880 235
2881 186
2883 249
2884 211
2885 145
2886 97
2887 30
2888 142
2891 103
2892 133
2893 67
2894 147
2895 150
2896 0
2897 41
2898 143
2899 186
2900 235
2901 0
2903 233
2904 237
2905 44
2906 232
2907 188
2909 232
2910 0
2911 39
2912 99
2913 188
2914 211
2915 21
2917 188
2919 55
2920 29
2921 102
2922 144
2923 92
2924 38
2925 221
2926 25
2927 74
2928 151
2929 195
2930 76
2931 73
2932 187
2934 188
2935 47
2936 123
2937 244
2938 141
2940 45
2941 216
2942 187
2943 51
2945 228
2946 228
2947 188
2948 25
2949 139
2950 215
2951 101
2952 88
2953 64
2954 103
2955 150
2956 195
2957 194
2958 144
2960 64
2961 80
2962 0
2963 183
2964 73
2965 29
2966 14
2967 216
2968 128
2969 118
2970 187
2971 131
2972 137
2973 11
2974 245
2975 60
2976 231
2977 249
2978 140
2979 107
2980 86
2982 132
2983 79
2984 61
2986 133
2987 173
2988 14
2989 142
2990 156
2991 112
2992 71
2994 172
2995 34
2996 94
2997 47
3000 151
3001 63
3002 55
3003 223
3004 173
3006 90
3007 34
3008 127
3009 186
3011 150
3012 240
3013 2
3014 210
3015 138
3016 108
3017 0
3018 176
3020 131
3021 47
3022 31
3023 5
3024 94
3025 170
3026 176
3027 105
3028 14
3029 83
3031 138
3034 47
3035 130
3036 163
3037 3
3038 5
3039 163
3040 221
3041 137
3042 238
3043 157
3044 122
3045 74
3046 76
3047 194
3048 58
3049 49
3050 204
3052 228
3053 131
3054 146
3056 53
3057 107
3058 49
3059 208
3060 173
3061 61
3063 109
3064 103
3066 132
3067 193
3068 227
3069 103
3070 139
3071 163
3072 199
3074 88
3075 193
3076 74
3077 104
3078 132
3080 86
3081 165
3082 30
3083 71
3084 112
3085 48
3086 131
3087 102
3088 161
3089 146
3090 155
3091 172
3092 200
3093 1
3095 88
3096 21
3097 160
3098 11
3101 105
3102 243
3103 210
3104 48
3105 75
3106 152
3109 34
3110 132
3111 119
3112 16
3113 188
3115 1
3116 19
3117 32
3118 47
3119 201
3120 37
3121 211
3122 243
3123 48
3124 80
3126 26
3127 215
3130 228
3133 139
3134 10
3140 164
3141 8
3142 103
3143 105
3144 41
3145 133
3146 202
3147 51
3150 188
3151 100
3152 129
3153 144
3154 107
3155 187
3156 150
3158 212
3159 7
3160 230
3162 51
3163 230
3165 193
3166 178
3167 157
3168 148
3169 51
3171 11
3173 4
3174 124
3176 171
3177 27
3178 103
3179 88
3180 90
3181 186
3182 172
3183 166
3184 137
3185 241
3186 192
3187 73
3188 186
3189 79
3191 10
3192 62
3194 171
3195 137
3196 58
3197 235
3198 106
3201 118
3202 206
3203 212
3204 137
3207 103
3208 133
3212 212
3213 45
3214 147
3216 143
3217 97
3218 53
3219 138
3220 187
3221 228
3222 229
3223 47
3224 241
3225 101
3226 113
3227 204
3230 164
3231 199
3232 41
3233 202
3234 89
3235 56
3236 169
3237 121
3240 104
3241 70
3243 64
3244 138
3245 64
3246 159
3247 223
3248 188
3250 190
3253 188
3254 5
3255 121
3256 145
3257 117
3258 145
3259 230
3260 131
3261 94
3262 115
3263 237
3264 218
3265 69
3266 15
3268 233
3269 243
3270 245
3271 230
3272 92
3273 229
3274 63
3275 140
3276 116
3277 21
3278 161
3279 23
3280 151
3281 236
3282 103
3283 68
3284 225
3285 195
3286 47
3287 163
3288 133
3289 222
3290 154
3291 60
3292 172
3293 215
3294 46
3295 48
3296 30
3297 131
3300 21
3301 153
3302 211
3304 103
3306 139
3307 105
3308 196
3309 83
3310 47
3312 28
3314 230
3315 145
3316 93
3317 0
3318 161
3321 103
3322 242
3325 129
3326 172
3327 169
3328 243
3329 50
3331 137
3332 103
3333 49
3335 211
3336 179
3337 148
3339 8
3340 66
3341 60
3342 115
3343 188
3345 96
3347 212
3348 103
3350 45
3351 76
3352 215
3353 100
3354 9
3355 163
3356 95
3357 65
3359 193
3360 228
3362 66
3363 190
3367 230
3368 159
3369 149
3370 147
3371 20
3373 233
3374 212
3375 47
3376 166
3377 34
3379 105
3380 107
3382 0
3383 242
3384 28
3385 148
3386 115
3387 12
3388 196
3389 36
3391 234
3392 236
3393 132
3394 193
3396 230
3397 161
3399 193
3400 115
3401 160
3402 165
3403 118
3404 144
3405 234
3406 108
3407 27
3409 190
3412 74
3413 74
3414 139
3415 63
3416 147
3417 159
3418 217
3420 14
3421 72
3422 71
3423 18
3424 103
3426 212
3427 103
3428 144
3430 47
3432 129
3433 97
3434 200
3435 162
3436 103
3439 150
3440 236
3442 227
3443 103
3444 193
3445 188
3447 216
3448 144
3449 145
3451 211
3452 204
3453 169
3454 5
3455 101
3456 143
3457 188
3458 187
3460 89
3461 144
3462 53
3463 170
3464 93
3465 47
3466 128
3467 249
3470 142
3471 105
3472 64
3473 64
3474 18
3475 61
3476 63
3477 176
3478 134
3481 38
3482 0
3485 211
3486 215
3487 70
3490 229
3491 139
3493 1
3494 67
3495 208
3496 188
3497 162
3499 113
3500 66
3501 47
3502 133
3503 159
3504 136
3506 9
3507 242
3509 64
3510 103
3511 216
3512 136
3513 128
3514 138
3515 150
3516 7
3517 217
3518 115
3519 79
3520 211
3521 187
3523 103
3525 84
3526 93
3527 47
3528 41
3529 148
3531 14
3532 11
3533 70
3534 103
3535 74
3536 44
3537 47
3538 90
3539 11
3540 186
3541 93
3543 92
3544 225
3545 44
3546 90
3548 237
3549 103
3550 216
3551 110
3552 73
3553 138
3554 63
3555 151
3556 230
3557 152
3558 187
3559 121
3560 103
3561 118
3562 195
3563 212
3564 18
3565 51
3566 230
3568 19
3569 110
3571 9
3572 201
3575 47
3579 204
3582 143
3583 244
3584 124
3586 62
3588 230
3590 182
3591 188
3592 20
3593 47
3594 193
3596 229
3598 126
3600 57
3602 128
3604 103
3605 47
3606 103
3610 29
3611 159
3612 180
3613 23
3615 4
3616 208
3617 95
3618 97
3622 187
3623 145
3624 18
3625 147
3626 228
3627 108
3630 34
3631 204
3633 211
3634 103
3635 7
3637 32
3638 108
3639 222
3640 27
3642 232
3643 47
3644 133
3645 150
3646 14
3647 161
3648 241
3649 156
3650 18
3651 232
3652 136
3653 47
3655 81
3656 28
3657 190
3658 171
3659 190
3660 6
3661 243
3662 15
3663 14
3664 179
3665 69
3667 139
3668 190
3669 23
3672 228
3673 64
3675 47
3677 73
3678 5
3679 194
3681 75
3683 201
3684 103
3685 30
3686 138
3688 45
3689 10
3690 83
3691 12
3693 96
3695 173
3696 180
3697 230
3698 26
3699 132
3700 230
3701 38
3702 140
3704 65
3705 35
3706 215
3707 47
3712 229
3713 53
3714 95
3715 201
3716 57
3717 88
3718 44
3719 238
3720 217
3721 103
3722 157
3725 145
3726 105
3727 79
3729 140
3730 134
3733 103
3735 201
3736 200
3737 221
3738 158
3739 83
3741 183
3743 134
3744 123
3745 151
3747 226
3748 11
3749 209
3750 70
3752 198
3753 229
3755 163
3756 0
3757 0
3759 151
3761 114
3762 26
3764 98
3765 85
3767 45
3768 70
3770 12
3771 83
3772 230
3774 230
3776 74
3778 132
3779 8
3781 8
3783 243
3785 18
3786 188
3787 116
3788 48
3790 233
3791 64
3793 110
3795 8
3797 151
3798 228
3799 215
3800 175
3801 41
3802 137
3803 20
3804 192
3805 70
3806 113
3807 23
3810 103
3812 28
3813 57
3814 157
3815 165
3816 207
3817 190
3818 136
3819 44
3820 98
3821 171
3822 142
3824 155
3825 152
3826 126
3828 139
3831 193
3832 0
3833 29
3834 57
3835 151
3836 194
3837 38
3838 113
3839 103
3841 107
3843 103
3844 131
3846 151
3848 45
3849 85
3850 204
3851 221
3852 1
3855 79
3856 138
3858 208
3859 80
3861 230
3863 121
3865 70
3866 170
3867 144
3868 24
3870 138
3871 44
3873 5
3874 68
3875 73
3876 169
3877 194
3878 230
3879 228
3881 212
3882 170
3883 118
3884 80
3886 82
3887 126
3888 187
3889 70
3891 211
3892 136
3893 129
3894 170
3896 161
3900 211
3901 170
3902 109
3904 193
3905 47
3907 98
3908 229
3909 230
3910 25
3912 103
3913 60
3914 178
3915 129
3916 21
3918 8
3919 74
3920 55
3921 10
3922 74
3924 142
3925 109
3926 245
3927 142
3928 221
3930 119
3931 211
3932 103
3933 5
3935 103
3936 19
3937 164
3939 103
3940 27
3941 107
3942 234
3943 194
3945 193
3946 133
3947 188
3949 196
3950 188
3951 18
3953 103
3954 97
3955 183
3957 160
3958 108
3959 188
3960 177
3961 110
3962 128
3964 60
3965 94
3966 103
3967 145
3968 96
3970 51
3971 33
3972 58
3973 211
3976 51
3978 66
3979 23
3980 157
3981 82
3982 50
3983 172
3985 50
3986 121
3987 17
3988 83
3989 232
3990 228
3991 101
3992 18
3994 136
3995 151
3996 131
3997 160
3998 74
3999 47
4000 121
4001 60
4002 222
4003 103
4004 103
4006 121
4009 70
4011 103
4012 209
4013 243
4014 9
4015 30
4016 72
4017 103
4018 221
4019 20
4020 230
4021 221
4022 181
4023 195
4024 67
4025 39
4026 51
4027 13
4028 169
4029 163
4030 228
4031 47
4032 170
4033 12
4034 18
4035 162
4037 121
4038 151
4039 47
4040 103
4043 153
4044 205
4045 165
4047 191
4048 27
4051 169
4052 7
4054 151
4055 232
4056 169
4057 93
4059 47
4060 62
4061 163
4063 215
4065 142
4066 103
4067 84
4068 146
4071 172
4072 136
4074 243
4076 103
4078 100
4080 131
4081 38
4082 103
4083 211
4085 172
4086 151
4087 88
4088 211
4090 99
4091 24
4092 19
4093 47
4094 235
4095 27
4096 221
4097 51
4100 236
4102 93
4103 164
4104 150
4105 103
4107 137
4110 68
4111 113
4112 74
4113 10
4114 147
4116 242
4117 144
4119 146
4121 141
4123 130
4124 237
4125 103
4126 0
4128 41
4129 167
4130 118
4132 74
4133 36
4135 226
4136 103
4137 217
4138 169
4139 113
4141 103
4143 54
4145 88
4147 195
4148 248
4149 210
4150 147
4151 216
4153 73
4154 5
4155 128
4158 147
4159 5
4160 0
4161 169
4162 106
4163 221
4165 43
4166 156
4167 148
4169 84
4171 0
4172 121
4173 113
4175 211
4176 42
4178 199
4179 51
4180 158
4181 39
4183 217
4185 97
4186 39
4187 0
4188 210
4190 165
4191 167
4192 244
4193 0
4194 152
4195 83
4196 237
4197 64
4198 51
4199 181
4200 19
4201 241
4202 5
4203 7
4204 113
4208 103
4209 243
4210 188
4211 47
4213 4
4214 197
4215 121
4216 103
4218 149
4219 159
4221 50
4223 39
4224 118
4226 151
4227 212
4229 103
4230 86
4231 123
4233 139
4234 231
4235 105
4237 166
4239 236
4240 7
4241 151
4242 134
4243 107
4244 216
4245 190
4246 14
4247 230
4248 193
4250 8
4251 27
4253 24
4254 110
4255 64
4256 122
4258 118
4260 19
4261 215
4262 166
4265 103
4268 228
4269 152
4271 51
4274 165
4275 144
4276 221
4277 38
4278 79
4279 195
4281 39
4282 118
4283 97
4284 161
4285 115
4286 186
4287 105
4288 1
4289 39
4290 193
4291 105
4292 103
4293 230
4294 84
4295 66
4296 26
4297 151
4298 164
4299 51
4301 235
4303 164
4304 47
4309 98
4310 160
4311 164
4312 110
4313 61
4315 103
4316 127
4317 231
4318 49
4321 27
4322 167
4323 159
4326 135
4327 34
4328 64
4329 27
4330 113
4331 129
4332 12
4333 84
4334 211
4335 234
4336 50
4337 86
4338 150
4339 221
4340 222
4341 223
4342 243
4343 130
4344 167
4345 216
4349 230
4350 57
4351 0
4355 160
4356 52
4357 188
4360 82
4361 14
4362 194
4364 189
4365 34
4366 169
4367 122
4368 115
4370 5
4372 136
4373 27
4374 230
4377 84
4379 242
4380 150
4381 211
4382 190
4383 103
4385 193
4386 105
4387 118
4388 159
4389 88
4390 187
4391 6
4392 58
4393 5
4395 109
4396 73
4397 132
4398 110
4399 121
4400 38
4402 228
4405 64
4406 211
4407 227
4409 151
4410 65
4411 186
4412 47
4413 242
4415 61
4416 223
4417 234
4418 126
4419 14
4420 41
4421 209
4422 160
4424 84
4425 100
4428 73
4429 7
4430 4
4434 70
4435 192
4436 113
4437 5
4438 129
4439 80
4440 143
4442 117
4443 144
4445 18
4446 104
4448 103
4449 246
4451 232
4453 47
4454 217
4455 211
4457 92
4459 63
4461 150
4462 221
4463 105
4465 41
4466 23
4467 98
4468 200
4470 187
4471 105
4472 202
4473 30
4475 142
4476 150
4477 223
4478 131
4479 211
4480 129
4481 155
4483 164
4485 124
4487 66
4488 151
4489 221
4492 103
4493 30
4494 137
4495 64
4497 217
4499 115
4502 235
4503 15
4506 198
4507 84
4508 74
4509 136
4510 155
4511 70
4512 164
4513 118
4514 1
4515 160
4516 211
4517 110
4518 66
4519 96
4520 161
4521 150
4522 27
4523 108
4525 170
4526 39
4527 29
4528 30
4531 234
4532 58
4534 103
4536 167
4537 27
4538 103
4539 131
4540 124
4542 84
4543 164
4544 50
4546 108
4547 103
4548 123
4549 10
4551 66
4552 230
4556 190
4557 228
4558 160
4560 150
4561 7
4562 47
4563 211
4564 69
4565 17
4566 221
4567 115
4568 3
4569 14
4570 88
4571 110
4573 146
4574 230
4575 94
4579 57
4580 160
4582 105
4583 138
4584 103
4585 5
4586 103
4587 103
4588 144
4589 249
4590 161
4591 51
4592 91
4593 211
4595 236
4596 164
4597 0
4598 58
4600 21
4601 0
4602 73
4603 227
4604 4
4605 151
4606 38
4608 196
4609 14
4610 223
4611 188
4612 125
4613 123
4614 151
4616 196
4618 103
4620 170
4623 165
4624 153
4625 215
4626 223
4628 218
4630 108
4631 39
4632 217
4633 230
4635 98
4636 18
4637 5
4639 142
4640 59
4642 14
4643 101
4644 42
4645 215
4647 186
4649 113
4651 230
4652 200
4653 130
4654 20
4655 136
4656 33
4657 73
4658 210
4659 138
4661 139
4662 124
4665 47
4667 128
4669 144
4670 188
4671 145
4672 200
4674 103
4675 151
4677 44
4678 167
4680 162
4681 1
4682 7
4683 73
4684 12
4687 129
4690 87
4691 166
4692 237
4695 232
4696 175
4697 6
4698 158
4700 0
4701 103
4702 70
4704 147
4705 5
4708 187
4710 148
4711 194
4714 91
4715 81
4716 133
4717 23
4718 151
4719 70
4722 151
4723 28
4724 103
4725 229
4726 1
4727 151
4728 80
4729 105
4731 194
4732 210
4733 151
4734 241
4735 227
4736 190
4739 33
4740 136
4741 103
4742 74
4743 233
4744 71
4747 103
4748 79
4749 167
4751 111
4752 190
4753 244
4754 103
4755 159
4756 37
4757 163
4758 190
4759 129
4762 103
4764 116
4765 151
4766 227
4768 51
4770 5
4771 130
4772 74
4773 103
4774 103
4775 81
4777 88
4778 51
4779 103
4780 59
4781 170
4782 236
4783 108
4784 145
4785 113
4787 165
4788 60
4789 237
4790 151
4791 137
4792 212
4793 113
4794 73
4795 236
4798 118
4799 162
4800 236
4802 127
4804 141
4805 128
4806 170
4807 93
4808 246
4809 211
4811 53
4814 49
4815 103
4818 199
4820 211
4821 5
4822 82
4824 211
4828 151
4829 115
4830 114
4831 49
4833 144
4834 103
4835 70
4836 185
4837 101
4838 103
4839 218
4840 131
4841 36
4842 110
4843 30
4844 240
4846 170
4848 169
4850 132
4851 12
4852 110
4853 188
4854 80
4855 233
4856 90
4857 4
4858 200
4860 234
4861 211
4862 210
4863 204
4865 162
4866 44
4868 229
4869 100
4870 211
4871 142
4872 243
4874 237
4875 90
4878 150
4879 151
4881 232
4882 77
4884 188
4886 129
4887 0
4888 103
4889 120
4890 229
4891 194
4892 231
4894 173
4896 171
4897 30
4898 84
4900 27
4901 156
4902 241
4904 103
4906 136
4908 30
4909 19
4910 103
4911 122
4912 181
4913 25
4916 93
4917 212
4918 81
4920 30
4921 229
4922 21
4923 118
4924 103
4925 150
4926 187
4927 131
4929 151
4930 166
4931 131
4932 235
4933 94
4934 103
4935 113
4937 211
4938 70
4941 126
4943 103
4944 103
4945 239
4946 103
4947 5
4951 187
4952 163
4953 190
4954 0
4955 213
4956 121
4957 51
4959 108
4962 201
4963 165
4966 95
4968 131
4969 113
4970 74
4971 137
4972 119
4974 227
4975 169
4976 188
4979 207
4982 70
4985 5
4986 74
4987 26
4988 198
4989 105
4991 174
4992 187
4993 113
4994 166
4995 3
4997 105
4998 221
4999 121
