0 0
1 0
2 -1
3 0
5 16
6 0
7 0
8 0
9 0
10 -1
11 0
12 0
13 0
14 -1
15 0
16 0
17 0
18 0
20 -1
21 0
22 0
23 0
24 -1
25 0
26 0
27 0
28 -1
29 -1
30 0
31 0
32 -1
33 -1
34 0
35 0
36 0
37 -1
38 -1
39 0
40 -1
42 0
43 0
44 -1
45 17
46 1
47 0
48 0
49 -1
50 -1
51 2
52 0
53 0
54 0
55 0
56 0
57 -1
58 0
59 0
60 0
62 0
63 -1
64 0
65 0
66 -1
67 -1
68 -1
69 0
70 3
71 0
72 0
73 0
75 0
76 0
77 0
78 0
79 -1
80 -1
81 -1
83 -1
84 -1
85 0
86 0
87 0
88 -1
90 0
91 0
92 -1
93 -1
94 -1
95 0
96 0
97 0
98 0
99 -1
101 -1
102 -1
103 0
104 -1
105 -1
106 -1
107 0
108 1
109 0
110 0
112 0
114 -1
115 0
116 0
117 -1
119 0
120 0
121 -1
122 0
123 0
124 0
125 -1
126 0
127 -1
128 -1
129 -1
130 0
132 0
133 0
134 0
135 0
136 -1
137 -1
138 0
139 -1
140 0
141 0
142 -1
143 -1
144 20
146 -1
147 -1
148 -1
150 -1
151 0
152 0
153 -1
154 -1
155 -1
156 0
157 0
158 -1
159 0
160 -1
161 0
162 4
163 0
164 0
165 -1
166 -1
167 -1
168 0
169 0
170 0
171 0
172 -1
173 -1
174 0
175 -1
176 25
177 0
178 -1
179 -1
180 0
181 0
182 0
183 0
184 0
185 0
186 0
187 0
188 -1
189 0
190 0
191 0
192 15
193 0
194 -1
195 0
196 -1
197 0
198 0
199 0
200 0
201 0
202 -1
203 0
204 -1
206 0
207 0
208 0
209 0
211 -1
212 0
213 0
214 5
215 0
216 -1
217 -1
218 -1
219 -1
220 0
221 0
222 -1
223 0
224 0
225 1
226 -1
227 -1
228 -1
229 0
230 0
231 0
232 0
233 0
235 0
236 0
237 -1
238 0
239 0
240 -1
241 0
242 0
243 0
244 0
245 0
246 0
247 -1
248 -1
249 0
250 0
251 -1
252 0
254 -1
255 0
256 0
257 -1
258 0
259 0
260 -1
261 0
262 0
263 0
264 0
265 -1
266 -1
267 0
268 0
269 0
270 -1
271 0
272 -1
273 -1
274 0
275 -1
277 0
278 0
279 -1
280 -1
282 -1
283 0
284 -1
285 0
286 -1
287 0
288 -1
289 0
290 -1
291 0
292 0
293 0
294 0
295 0
296 0
297 0
298 0
299 0
300 0
301 0
302 0
303 -1
304 0
305 0
306 0
307 0
308 -1
309 0
310 -1
312 0
313 -1
314 0
315 0
316 -1
317 0
318 -1
319 0
320 -1
321 0
322 -1
323 3
324 6
325 -1
326 0
327 0
328 0
329 0
330 0
331 0
332 -1
333 23
334 -1
335 -1
337 -1
338 -1
339 0
340 -1
341 0
342 -1
344 0
345 0
346 0
347 0
348 0
349 0
350 -1
351 0
352 0
353 0
354 0
356 0
357 -1
358 -1
359 -1
360 0
361 0
362 0
363 0
364 0
365 0
366 0
367 -1
368 -1
369 25
370 0
372 -1
373 -1
374 0
375 0
376 -1
377 0
378 0
379 0
380 -1
381 0
382 7
383 0
384 0
385 0
386 -1
387 0
388 0
389 0
390 -1
391 0
392 -1
393 0
394 -1
395 0
396 -1
397 0
398 0
399 0
400 -1
401 -1
402 0
403 0
404 0
405 -1
406 -1
407 0
408 -1
409 -1
410 0
411 0
412 -1
413 -1
414 -1
415 12
416 0
417 -1
418 0
419 0
420 0
421 0
422 8
423 0
424 -1
425 0
426 -1
427 -1
428 0
429 0
430 0
431 -1
432 -1
433 0
434 -1
435 0
436 0
437 0
438 0
440 -1
441 0
442 0
443 0
444 0
445 -1
446 0
447 -1
448 -1
449 0
450 0
451 0
452 9
453 0
454 -1
455 -1
457 0
458 0
459 -1
460 -1
461 -1
462 0
463 -1
464 0
465 0
466 0
467 0
468 -1
469 16
470 25
471 -1
472 0
473 -1
474 0
475 -1
476 0
477 0
478 0
479 0
480 0
481 0
482 0
483 0
484 13
485 0
486 -1
487 0
489 0
490 0
491 0
492 -1
493 0
494 0
495 -1
496 0
497 0
498 0
499 0
501 0
502 0
503 -1
506 -1
509 0
510 0
511 22
512 -1
513 -1
516 -1
518 0
519 -1
520 0
521 0
522 0
523 10
524 0
525 -1
527 0
528 -1
529 0
530 -1
531 0
532 1
533 -1
534 0
535 0
536 -1
537 0
539 -1
540 0
541 -1
542 0
543 -1
544 0
545 -1
546 0
547 -1
549 -1
550 -1
551 -1
552 0
553 -1
554 19
555 -1
556 0
557 0
558 0
559 -1
560 0
562 -1
563 0
564 0
567 -1
568 20
569 0
570 -1
571 -1
572 -1
573 0
574 0
575 18
576 0
577 10
578 0
579 -1
580 0
581 -1
582 0
583 -1
584 0
585 0
586 0
587 0
588 19
589 0
590 0
592 0
594 0
595 0
596 -1
597 0
598 0
599 -1
600 -1
601 0
602 0
604 0
605 -1
606 -1
607 0
608 0
609 23
610 0
611 -1
612 11
613 0
614 -1
615 0
616 0
617 -1
618 0
619 0
620 -1
621 0
622 0
623 0
624 0
625 0
626 1
627 -1
628 0
629 0
630 -1
631 0
632 0
633 0
634 -1
635 -1
636 0
637 0
638 0
639 0
640 0
641 -1
642 0
643 -1
644 0
645 0
646 -1
647 0
648 0
651 0
652 0
653 0
654 0
655 -1
656 0
657 0
658 -1
659 -1
660 0
661 -1
662 -1
663 0
664 0
665 -1
666 0
667 0
668 -1
670 0
671 0
672 0
673 0
674 0
675 0
676 0
678 -1
679 0
680 0
681 -1
682 -1
684 -1
685 0
686 0
687 -1
688 0
689 -1
690 0
691 0
692 0
693 -1
694 0
695 -1
696 0
697 0
698 0
699 -1
701 0
702 0
703 -1
705 0
706 -1
707 0
708 0
709 -1
710 -1
711 0
712 0
713 -1
714 -1
716 0
717 0
718 0
720 -1
722 0
723 -1
724 0
725 -1
726 0
727 0
728 -1
729 0
730 0
731 0
732 0
733 -1
734 0
735 0
736 0
737 -1
738 -1
739 0
740 0
741 0
742 -1
743 -1
744 0
745 8
746 0
747 -1
748 0
749 -1
751 0
752 -1
753 13
754 0
755 0
756 -1
757 0
758 5
760 0
761 -1
762 0
764 0
765 -1
766 0
767 -1
768 -1
769 0
770 -1
771 -1
772 -1
773 -1
774 0
775 -1
776 -1
777 0
778 0
779 -1
780 -1
781 0
782 0
783 0
784 -1
785 0
787 0
788 0
789 0
790 0
791 0
793 -1
794 0
795 0
796 -1
797 0
798 0
799 -1
800 23
801 -1
802 0
803 -1
804 0
805 0
806 -1
807 0
808 -1
809 0
810 0
811 -1
812 0
813 -1
814 0
815 0
817 0
818 0
819 4
820 21
821 -1
822 9
823 -1
824 0
826 -1
827 -1
828 -1
829 -1
830 0
831 -1
832 -1
833 0
834 -1
835 0
836 -1
837 -1
838 14
840 0
841 0
843 0
846 -1
847 0
848 0
849 -1
850 0
852 0
853 -1
855 0
856 0
857 -1
858 -1
859 -1
860 -1
861 0
862 -1
863 -1
864 0
865 0
866 10
867 0
868 -1
869 -1
871 -1
872 0
873 0
874 0
875 -1
876 -1
877 0
878 0
879 -1
881 0
882 0
883 0
884 12
885 -1
888 0
889 0
890 -1
891 0
892 0
893 -1
894 0
895 16
896 -1
897 -1
898 0
899 0
900 -1
901 0
902 0
903 0
904 10
905 -1
906 -1
907 0
909 0
910 -1
911 0
912 0
913 22
914 0
915 0
916 -1
917 0
918 0
919 -1
920 0
921 0
922 23
923 0
924 0
925 -1
926 0
927 -1
928 0
929 0
930 0
931 0
932 0
933 -1
934 -1
936 -1
938 0
939 0
940 0
941 -1
942 -1
943 -1
944 -1
946 -1
947 -1
948 -1
949 -1
950 -1
951 0
953 -1
954 1
955 0
956 0
957 -1
958 0
959 0
960 0
961 0
962 -1
963 -1
964 -1
965 0
967 0
968 0
969 -1
970 0
971 0
972 0
973 0
974 -1
975 0
977 0
978 0
979 0
980 0
981 -1
982 -1
983 -1
984 0
985 0
987 -1
988 -1
989 0
990 0
991 0
992 0
993 0
994 -1
995 0
996 0
998 23
999 16
1000 -1
1001 -1
1002 0
1003 -1
1004 0
1005 -1
1006 0
1009 0
1010 0
1011 0
1013 0
1014 -1
1015 0
1016 -1
1017 -1
1019 -1
1020 -1
1021 0
1022 0
1023 -1
1024 0
1025 -1
1027 0
1028 0
1029 0
1030 0
1031 0
1032 -1
1034 -1
1035 -1
1036 0
1037 -1
1038 5
1040 -1
1042 -1
1044 0
1045 0
1046 -1
1047 -1
1048 15
1049 -1
1050 0
1052 0
1053 0
1054 -1
1055 -1
1057 -1
1058 0
1059 20
1060 0
1061 -1
1062 -1
1063 0
1064 0
1065 0
1066 0
1067 0
1068 0
1069 0
1070 0
1071 12
1072 0
1074 -1
1075 -1
1076 -1
1077 -1
1078 0
1079 -1
1080 0
1081 -1
1082 0
1083 -1
1084 -1
1085 -1
1086 0
1087 -1
1088 0
1089 -1
1090 -1
1091 -1
1092 0
1093 0
1094 0
1095 0
1097 0
1098 2
1099 0
1100 0
1101 9
1103 0
1104 0
1105 13
1106 -1
1107 0
1108 -1
1110 0
1111 0
1112 0
1113 -1
1114 17
1115 0
1116 2
1117 -1
1118 0
1119 -1
1120 -1
1121 9
1122 0
1123 0
1124 -1
1125 -1
1126 -1
1127 0
1128 -1
1129 -1
1130 0
1131 0
1132 0
1133 0
1134 14
1135 0
1137 0
1139 -1
1140 22
1141 -1
1142 -1
1143 -1
1144 -1
1145 0
1146 9
1147 0
1148 -1
1149 -1
1150 -1
1151 0
1154 -1
1155 0
1158 0
1159 -1
1160 -1
1162 0
1163 -1
1165 0
1166 0
1167 -1
1168 -1
1169 -1
1170 -1
1171 0
1172 -1
1173 -1
1174 0
1177 -1
1178 -1
1179 0
1180 4
1181 0
1182 0
1183 0
1184 0
1185 0
1186 0
1187 24
1188 -1
1189 3
1190 5
1191 0
1192 0
1193 0
1194 0
1195 -1
1196 0
1197 0
1198 0
1200 0
1201 -1
1203 0
1205 0
1206 0
1207 0
1209 -1
1210 0
1211 0
1212 -1
1213 0
1214 0
1215 -1
1216 0
1217 -1
1218 -1
1219 -1
1220 -1
1221 0
1222 0
1223 0
1225 -1
1226 7
1227 -1
1228 0
1229 -1
1230 0
1232 0
1234 -1
1235 0
1237 -1
1238 -1
1239 12
1240 0
1241 0
1242 0
1243 -1
1245 0
1246 0
1247 0
1248 0
1249 0
1250 0
1251 0
1252 0
1253 -1
1255 0
1256 0
1257 -1
1258 0
1259 0
1260 -1
1261 -1
1262 -1
1263 -1
1265 0
1266 0
1267 0
1269 -1
1270 -1
1271 0
1272 0
1273 0
1274 0
1275 15
1277 0
1278 0
1279 -1
1281 0
1283 0
1284 0
1285 4
1286 -1
1289 0
1290 0
1291 -1
1292 -1
1293 -1
1294 7
1295 0
1296 -1
1297 -1
1298 -1
1299 0
1300 0
1302 0
1303 -1
1305 -1
1306 0
1307 0
1308 -1
1310 0
1311 0
1313 0
1314 0
1315 0
1316 0
1319 0
1320 -1
1321 0
1323 -1
1324 0
1325 -1
1326 -1
1327 0
1328 -1
1329 0
1330 15
1332 0
1333 -1
1334 -1
1335 -1
1336 0
1337 0
1339 0
1340 0
1341 0
1343 0
1344 -1
1345 0
1346 -1
1347 0
1348 0
1349 -1
1350 -1
1351 -1
1352 -1
1354 -1
1355 -1
1357 0
1358 0
1359 0
1360 -1
1361 0
1362 0
1363 0
1364 0
1365 -1
1366 -1
1367 0
1368 0
1369 -1
1370 0
1372 0
1373 0
1374 15
1375 -1
1376 0
1377 -1
1378 14
1380 -1
1381 -1
1382 17
1384 0
1385 -1
1387 13
1388 -1
1389 0
1391 0
1392 -1
1393 -1
1394 0
1396 0
1397 0
1399 0
1400 0
1401 -1
1402 13
1403 0
1404 0
1405 0
1406 -1
1407 0
1410 0
1411 -1
1412 -1
1413 12
1414 -1
1415 -1
1416 0
1417 0
1418 -1
1419 -1
1420 -1
1421 0
1422 -1
1423 -1
1425 -1
1426 0
1427 0
1429 0
1431 0
1432 0
1433 0
1434 0
1436 0
1438 -1
1439 0
1440 0
1441 -1
1442 0
1443 -1
1444 -1
1445 0
1446 0
1447 0
1448 1
1449 0
1450 0
1451 0
1452 0
1454 0
1455 0
1456 -1
1457 0
1459 0
1460 19
1461 0
1462 0
1463 0
1464 -1
1465 0
1466 0
1467 -1
1468 0
1469 0
1470 0
1471 -1
1472 0
1473 -1
1474 0
1475 -1
1476 -1
1479 0
1480 0
1481 -1
1482 -1
1483 0
1484 0
1486 -1
1487 -1
1490 0
1491 0
1492 -1
1493 0
1495 -1
1496 -1
1497 -1
1498 0
1499 0
1500 0
1502 -1
1503 0
1504 0
1506 0
1507 0
1508 0
1509 -1
1510 0
1512 0
1514 0
1515 0
1517 0
1518 -1
1520 -1
1521 24
1522 -1
1523 -1
1524 0
1525 0
1526 -1
1527 0
1528 0
1529 0
1530 -1
1531 0
1532 0
1534 0
1535 -1
1536 0
1537 -1
1538 0
1540 0
1541 0
1542 -1
1543 0
1544 0
1545 -1
1546 2
1547 0
1549 0
1551 0
1552 0
1553 4
1554 0
1555 0
1556 0
1557 0
1558 0
1560 6
1563 16
1565 0
1566 -1
1567 -1
1568 -1
1570 0
1572 -1
1573 0
1574 6
1575 0
1576 0
1577 0
1578 0
1579 0
1581 -1
1582 16
1585 0
1586 0
1587 0
1588 0
1589 -1
1590 0
1591 0
1593 0
1595 0
1599 -1
1601 0
1602 -1
1603 15
1604 -1
1605 0
1607 0
1609 0
1610 17
1611 0
1613 0
1614 -1
1615 0
1616 0
1617 -1
1618 0
1619 0
1621 -1
1623 0
1625 0
1626 9
1628 -1
1629 7
1630 0
1631 0
1632 0
1633 0
1635 -1
1636 -1
1637 1
1639 0
1640 0
1643 -1
1644 0
1645 0
1646 -1
1648 -1
1650 17
1651 0
1652 0
1653 2
1654 -1
1655 10
1656 0
1657 0
1658 -1
1659 0
1660 -1
1661 0
1662 -1
1663 -1
1664 3
1665 0
1666 -1
1667 24
1668 -1
1669 0
1670 0
1671 0
1674 -1
1676 0
1677 0
1678 0
1679 0
1681 -1
1682 -1
1684 -1
1685 0
1686 0
1687 0
1688 0
1689 -1
1691 0
1692 0
1694 -1
1695 0
1696 18
1697 -1
1698 0
1699 0
1701 11
1702 0
1703 -1
1704 0
1705 0
1706 -1
1707 -1
1708 0
1709 0
1712 19
1713 17
1715 0
1716 18
1718 0
1719 0
1720 0
1721 0
1722 0
1723 0
1724 0
1725 0
1726 0
1727 0
1728 -1
1730 -1
1732 0
1733 0
1734 0
1735 0
1736 -1
1737 -1
1738 -1
1739 0
1740 0
1741 0
1742 0
1743 4
1747 -1
1748 0
1749 0
1750 0
1751 0
1752 0
1753 0
1754 0
1755 -1
1756 -1
1757 -1
1758 4
1759 -1
1761 -1
1764 0
1765 0
1766 -1
1767 0
1768 0
1769 -1
1771 -1
1772 -1
1774 0
1775 0
1776 -1
1777 0
1778 0
1779 0
1780 -1
1781 0
1782 -1
1783 0
1784 0
1785 -1
1786 11
1788 0
1789 2
1790 -1
1791 -1
1792 0
1793 0
1794 0
1795 0
1796 0
1797 9
1799 -1
1801 0
1802 0
1804 0
1805 -1
1806 -1
1807 -1
1808 0
1810 0
1811 0
1813 0
1815 0
1816 0
1817 -1
1818 0
1819 0
1820 0
1821 0
1822 0
1824 0
1825 0
1826 -1
1827 0
1829 0
1830 -1
1831 -1
1832 0
1833 13
1834 -1
1837 -1
1839 0
1840 -1
1841 0
1842 -1
1843 -1
1845 0
1846 -1
1847 -1
1848 0
1849 0
1850 0
1851 -1
1853 0
1854 -1
1855 -1
1857 -1
1858 0
1860 0
1861 -1
1863 0
1864 -1
1865 -1
1866 0
1867 0
1868 0
1869 0
1871 -1
1873 0
1874 -1
1875 -1
1876 -1
1877 -1
1878 0
1879 0
1880 0
1881 0
1882 -1
1883 10
1884 -1
1885 0
1887 -1
1889 0
1890 0
1891 -1
1894 0
1895 0
1896 0
1897 0
1899 -1
1900 0
1902 -1
1904 0
1906 -1
1907 -1
1908 0
1909 -1
1910 0
1911 0
1912 0
1913 -1
1914 0
1915 -1
1916 0
1917 -1
1918 0
1919 4
1920 -1
1921 0
1923 0
1924 0
1925 -1
1926 -1
1927 0
1928 0
1929 0
1931 0
1933 0
1934 -1
1935 -1
1936 -1
1938 6
1939 0
1940 0
1941 0
1942 -1
1943 15
1944 0
1947 0
1948 0
1949 -1
1950 -1
1952 0
1953 -1
1954 -1
1955 0
1957 -1
1959 -1
1962 0
1964 -1
1966 -1
1967 -1
1968 0
1969 -1
1970 -1
1971 0
1972 0
1973 0
1974 -1
1976 -1
1977 -1
1978 0
1979 0
1980 0
1982 0
1983 0
1985 -1
1986 0
1987 0
1991 0
1992 0
1993 0
1994 -1
1995 0
1997 0
1998 -1
2000 0
2001 -1
2003 0
2006 -1
2008 0
2009 -1
2010 0
2011 0
2012 0
2013 9
2014 0
2016 -1
2018 -1
2019 -1
2020 0
2021 0
2022 -1
2024 0
2025 9
2026 0
2027 -1
2028 -1
2029 -1
2031 -1
2032 0
2033 -1
2034 -1
2035 18
2036 0
2037 -1
2038 0
2039 0
2040 -1
2041 17
2042 -1
2043 0
2044 1
2045 0
2046 0
2047 -1
2049 0
2050 -1
2051 0
2053 -1
2054 0
2055 0
2056 0
2057 0
2058 -1
2059 -1
2061 0
2062 -1
2063 -1
2065 -1
2067 -1
2068 0
2069 -1
2070 -1
2071 -1
2072 -1
2073 -1
2075 -1
2076 -1
2077 -1
2079 -1
2080 0
2081 -1
2082 0
2083 0
2084 0
2085 -1
2086 0
2088 3
2089 0
2091 0
2092 0
2093 0
2094 -1
2096 0
2099 22
2100 0
2101 -1
2104 0
2105 0
2107 0
2108 0
2109 0
2110 0
2111 -1
2113 0
2115 0
2116 0
2117 0
2118 0
2119 0
2121 0
2122 0
2123 -1
2124 0
2125 -1
2126 -1
2127 -1
2128 0
2129 -1
2130 -1
2131 0
2132 0
2133 0
2135 0
2136 0
2137 0
2138 0
2139 -1
2141 -1
2142 2
2143 -1
2144 -1
2145 -1
2147 0
2148 0
2149 0
2150 0
2151 0
2152 0
2153 0
2154 0
2155 7
2156 0
2157 -1
2158 24
2159 0
2160 0
2161 0
2162 0
2163 0
2164 0
2167 0
2168 -1
2170 -1
2171 19
2172 0
2174 0
2175 -1
2176 0
2177 -1
2178 0
2181 0
2182 -1
2183 0
2184 0
2185 -1
2187 0
2188 19
2190 5
2191 0
2192 20
2195 0
2196 -1
2197 -1
2198 13
2200 0
2201 -1
2203 -1
2204 -1
2206 0
2211 -1
2213 0
2214 -1
2215 0
2217 -1
2219 5
2220 -1
2221 0
2222 0
2226 0
2227 0
2229 -1
2230 0
2232 0
2233 -1
2234 0
2235 -1
2236 0
2238 -1
2239 -1
2240 0
2241 -1
2242 -1
2243 0
2244 0
2245 -1
2246 0
2247 0
2248 -1
2249 -1
2253 -1
2254 -1
2257 0
2258 0
2259 0
2260 0
2261 -1
2263 -1
2265 0
2266 0
2267 0
2268 -1
2269 0
2270 0
2272 -1
2274 0
2275 0
2277 0
2279 0
2280 -1
2281 0
2282 0
2283 0
2284 -1
2286 0
2287 0
2288 0
2289 0
2290 -1
2292 0
2293 0
2294 0
2295 1
2296 -1
2297 0
2299 -1
2300 -1
2301 -1
2302 1
2303 -1
2304 0
2305 -1
2306 -1
2307 -1
2308 0
2309 0
2310 0
2311 0
2312 0
2313 -1
2314 15
2315 0
2316 0
2317 -1
2318 0
2319 0
2321 0
2322 0
2323 0
2324 -1
2325 0
2326 0
2327 0
2328 -1
2329 -1
2331 -1
2332 0
2333 -1
2334 0
2335 0
2336 -1
2337 -1
2338 -1
2339 0
2340 0
2341 -1
2342 -1
2343 0
2344 -1
2346 0
2347 -1
2348 0
2349 0
2350 -1
2351 0
2352 0
2353 0
2354 -1
2355 0
2357 0
2358 -1
2361 -1
2363 -1
2364 0
2365 0
2366 0
2367 -1
2369 0
2370 0
2371 0
2373 0
2374 0
2375 0
2376 0
2378 0
2379 0
2380 -1
2381 -1
2382 0
2384 0
2385 0
2386 0
2387 0
2388 -1
2389 0
2390 0
2391 0
2392 12
2393 -1
2394 0
2395 0
2397 0
2398 0
2399 0
2401 0
2403 0
2404 -1
2405 0
2406 0
2407 -1
2410 -1
2412 0
2413 0
2414 0
2415 -1
2416 0
2417 5
2418 10
2420 14
2422 -1
2425 0
2426 -1
2427 -1
2428 0
2430 0
2431 0
2432 0
2433 -1
2434 0
2435 -1
2436 -1
2437 0
2438 -1
2439 -1
2440 0
2442 -1
2443 22
2444 0
2445 0
2446 -1
2447 -1
2448 0
2449 0
2450 0
2451 0
2452 0
2453 -1
2454 -1
2455 0
2456 -1
2457 0
2458 11
2460 -1
2461 4
2463 -1
2464 0
2465 0
2467 0
2468 0
2469 16
2470 0
2471 -1
2472 0
2473 -1
2474 0
2475 -1
2476 -1
2477 0
2478 -1
2479 0
2482 -1
2483 0
2484 0
2485 19
2486 2
2488 -1
2490 0
2491 0
2492 -1
2494 0
2495 21
2497 -1
2498 -1
2500 -1
2501 -1
2503 0
2504 -1
2505 0
2506 0
2507 0
2508 -1
2509 0
2512 0
2513 0
2514 0
2515 0
2516 0
2517 -1
2518 -1
2519 0
2520 -1
2522 -1
2524 0
2525 0
2526 -1
2527 0
2528 0
2529 -1
2531 0
2533 0
2534 0
2536 0
2537 0
2538 0
2540 0
2542 0
2543 0
2544 0
2545 -1
2546 -1
2547 0
2548 0
2549 0
2550 0
2551 0
2552 0
2553 0
2555 0
2556 0
2557 -1
2558 0
2559 0
2560 0
2561 0
2562 -1
2563 0
2564 0
2566 0
2567 -1
2568 -1
2569 0
2570 0
2571 -1
2572 -1
2574 -1
2576 -1
2577 0
2578 0
2580 0
2582 -1
2584 -1
2585 0
2586 -1
2587 -1
2589 0
2590 0
2591 -1
2592 0
2593 11
2594 0
2596 0
2597 0
2598 -1
2599 0
2600 -1
2602 0
2603 0
2604 -1
2605 -1
2606 0
2607 -1
2608 -1
2609 0
2610 0
2612 -1
2613 0
2614 0
2615 0
2616 -1
2617 0
2618 0
2619 -1
2621 -1
2622 0
2623 0
2624 8
2625 0
2626 0
2627 0
2629 0
2630 0
2631 0
2632 0
2633 -1
2634 0
2635 -1
2636 -1
2637 -1
2641 -1
2642 0
2644 20
2645 0
2647 -1
2648 -1
2649 0
2650 0
2651 0
2652 0
2653 0
2654 -1
2655 0
2656 0
2657 -1
2658 0
2660 -1
2661 0
2664 -1
2665 0
2666 -1
2667 0
2668 -1
2669 0
2670 0
2671 0
2672 0
2673 -1
2675 -1
2676 0
2677 -1
2678 -1
2679 0
2680 0
2681 0
2682 12
2683 0
2684 0
2685 0
2686 0
2688 -1
2689 0
2690 0
2691 -1
2692 0
2694 -1
2695 0
2696 -1
2697 0
2698 0
2699 -1
2701 -1
2702 0
2703 -1
2705 0
2706 0
2709 0
2710 0
2711 0
2712 -1
2713 0
2714 0
2716 0
2717 -1
2718 0
2721 -1
2722 -1
2723 0
2726 15
2727 0
2728 0
2729 -1
2730 0
2731 0
2732 0
2733 0
2735 -1
2738 -1
2739 0
2741 0
2742 0
2743 -1
2744 0
2745 0
2747 0
2748 0
2749 0
2751 0
2752 0
2753 0
2754 0
2756 0
2757 0
2758 -1
2759 0
2760 0
2761 0
2762 0
2763 0
2764 0
2765 -1
2766 0
2767 -1
2768 13
2770 0
2776 18
2777 0
2778 0
2779 0
2780 0
2781 0
2785 -1
2786 -1
2787 -1
2788 -1
2789 0
2790 -1
2791 0
2792 -1
2793 0
2794 0
2795 0
2797 0
2799 0
2800 0
2801 0
2802 -1
2804 0
2805 -1
2806 -1
2807 0
2808 0
2809 0
2811 0
2812 -1
2814 -1
2815 0
2816 0
2817 0
2818 0
2820 0
2822 18
2824 0
2825 0
2826 20
2827 -1
2828 -1
2829 0
2830 0
2832 0
2834 0
2835 -1
2836 0
2837 0
2838 0
2839 0
2841 0
2842 0
2843 -1
2844 -1
2845 -1
2847 -1
2848 0
2849 -1
2851 -1
2852 0
2853 -1
2854 -1
2855 0
2856 0
2857 -1
2858 0
2859 0
2861 -1
2863 0
2864 -1
2866 0
2867 0
2868 -1
2869 0
2870 -1
2871 2
2873 0
2874 0
2875 0
2876 0
2877 -1
2878 0
2879 -1
2880 0
2881 0
2883 -1
2884 0
2885 0
2886 -1
2887 0
2888 0
2891 0
2892 0
2893 0
2894 0
2895 -1
2896 4
2898 -1
2899 0
2900 21
2901 -1
2903 0
2904 0
2905 -1
2906 -1
2907 0
2909 0
2910 0
2911 0
2912 0
2913 0
2914 0
2915 -1
2917 0
2919 -1
2920 -1
2921 0
2922 -1
2923 17
2924 0
2925 0
2926 0
2927 0
2928 0
2929 -1
2930 -1
2931 -1
2932 0
2934 0
2935 0
2936 0
2937 0
2938 0
2940 0
2941 0
2942 0
2943 0
2946 0
2947 -1
2948 0
2949 -1
2950 0
2951 -1
2952 0
2955 0
2956 -1
2957 0
2958 -1
2960 -1
2961 -1
2962 0
2964 -1
2965 -1
2966 0
2967 0
2968 -1
2969 0
2970 -1
2971 0
2972 0
2973 -1
2974 -1
2975 -1
2976 -1
2977 0
2978 -1
2979 0
2980 0
2982 -1
2983 0
2984 -1
2986 0
2987 0
2988 0
2989 0
2990 -1
2991 -1
2992 -1
2994 -1
2995 -1
2996 0
2997 0
3001 0
3002 -1
3003 0
3004 0
3006 -1
3007 -1
3008 0
3009 0
3011 0
3012 -1
3013 -1
3014 -1
3016 0
3018 -1
3020 -1
3021 -1
3022 -1
3023 0
3024 0
3025 0
3026 -1
3027 0
3028 -1
3029 0
3031 -1
3034 0
3035 0
3036 -1
3038 0
3039 0
3040 0
3041 0
3042 5
3043 0
3044 0
3045 0
3046 -1
3047 0
3048 0
3049 20
3050 -1
3053 -1
3054 -1
3056 0
3057 -1
3058 20
3059 -1
3060 0
3061 -1
3063 -1
3064 -1
3066 -1
3067 0
3068 0
3069 0
3071 0
3072 0
3074 0
3075 0
3076 0
3077 -1
3078 22
3080 0
3081 -1
3082 0
3083 -1
3084 -1
3085 0
3086 -1
3087 0
3088 11
3089 -1
3090 -1
3091 0
3093 -1
3095 0
3096 -1
3097 0
3098 -1
3101 -1
3102 -1
3103 -1
3104 5
3105 0
3106 -1
3109 -1
3110 -1
3111 -1
3112 0
3113 0
3115 -1
3116 -1
3117 -1
3118 -1
3119 -1
3120 0
3121 0
3122 -1
3123 -1
3124 0
3126 -1
3127 0
3130 -1
3133 0
3134 0
3140 0
3141 11
3144 0
3145 0
3146 -1
3147 0
3150 0
3151 0
3152 0
3154 -1
3156 -1
3158 0
3159 0
3162 0
3163 0
3165 -1
3166 -1
3167 4
3168 0
3169 0
3171 6
3173 0
3174 -1
3176 0
3177 0
3179 0
3180 0
3181 0
3182 -1
3183 0
3184 0
3185 -1
3186 0
3187 0
3188 0
3189 0
3191 3
3192 0
3194 0
3195 -1
3196 -1
3197 21
3198 1
3201 0
3202 0
3204 -1
3208 17
3212 0
3213 0
3214 0
3216 -1
3217 0
3218 0
3219 25
3220 0
3221 -1
3222 0
3224 0
3225 0
3226 0
3227 0
3230 0
3231 0
3233 0
3234 -1
3235 20
3237 0
3240 -1
3243 8
3245 8
3246 0
3247 0
3248 0
3250 -1
3253 0
3254 -1
3256 0
3257 -1
3258 0
3259 0
3261 0
3262 0
3263 0
3264 0
3265 0
3266 0
3268 -1
3269 0
3270 -1
3271 -1
3272 -1
3273 0
3274 -1
3275 -1
3276 0
3277 -1
3278 18
3279 0
3280 0
3281 0
3282 -1
3283 -1
3284 -1
3285 -1
3286 0
3287 0
3288 -1
3289 0
3290 0
3291 -1
3292 -1
3293 0
3294 0
3295 -1
3296 0
3297 -1
3301 0
3302 0
3306 -1
3307 0
3308 0
3309 -1
3310 0
3312 -1
3314 0
3315 -1
3316 0
3317 -1
3318 0
3322 -1
3325 -1
3326 -1
3327 0
3328 0
3329 0
3333 0
3335 0
3336 13
3337 0
3339 0
3340 0
3342 -1
3343 0
3345 -1
3347 0
3350 5
3351 -1
3352 0
3353 25
3354 12
3355 0
3356 9
3357 -1
3359 0
3362 -1
3363 -1
3367 0
3368 -1
3369 0
3370 0
3371 0
3373 -1
3374 0
3375 0
3376 -1
3377 -1
3379 0
3380 -1
3382 0
3383 0
3384 0
3385 -1
3386 0
3387 -1
3388 -1
3389 -1
3391 14
3392 -1
3393 -1
3394 0
3397 18
3399 0
3402 -1
3403 0
3404 0
3405 -1
3406 0
3407 -1
3409 0
3412 0
3413 0
3414 0
3415 0
3416 0
3417 -1
3418 -1
3420 0
3421 2
3422 -1
3423 0
3424 0
3426 0
3427 -1
3428 -1
3430 0
3432 0
3433 -1
3434 0
3435 0
3439 0
3440 0
3442 0
3443 0
3444 0
3445 -1
3447 0
3448 0
3449 -1
3451 0
3452 -1
3453 0
3454 0
3455 0
3456 -1
3457 0
3458 0
3460 -1
3461 0
3462 -1
3464 0
3465 2
3466 0
3467 0
3470 0
3471 0
3472 8
3473 0
3474 0
3475 -1
3476 0
3477 -1
3478 0
3481 0
3482 -1
3485 0
3486 0
3487 -1
3490 0
3491 0
3493 -1
3494 -1
3495 0
3496 0
3497 0
3499 0
3500 0
3501 0
3502 0
3503 0
3504 -1
3506 0
3507 -1
3509 0
3510 0
3511 -1
3513 -1
3514 -1
3515 0
3516 0
3517 -1
3518 0
3520 0
3521 -1
3523 0
3525 24
3526 0
3527 0
3528 0
3529 -1
3531 0
3532 6
3533 0
3534 0
3535 0
3536 -1
3537 -1
3538 0
3539 6
3540 0
3541 0
3543 17
3544 -1
3545 0
3546 0
3548 0
3549 -1
3550 0
3551 -1
3552 0
3553 0
3554 7
3555 0
3556 0
3557 -1
3558 0
3559 0
3561 0
3562 0
3565 0
3566 -1
3568 0
3569 0
3571 12
3572 0
3575 0
3579 0
3582 0
3583 0
3584 -1
3586 0
3588 0
3590 -1
3591 -1
3592 -1
3593 0
3594 0
3596 0
3598 -1
3600 0
3602 -1
3604 0
3606 0
3610 0
3612 -1
3613 0
3615 0
3616 0
3617 9
3618 0
3622 0
3623 0
3624 0
3625 0
3626 -1
3627 0
3630 -1
3633 -1
3635 0
3637 -1
3638 0
3639 0
3640 0
3642 -1
3644 0
3645 18
3646 0
3647 0
3648 0
3649 -1
3650 -1
3651 0
3652 0
3653 0
3655 0
3656 -1
3657 -1
3658 0
3660 -1
3661 0
3662 0
3663 0
3664 13
3665 -1
3667 -1
3668 0
3669 0
3672 0
3673 0
3675 0
3677 -1
3679 -1
3681 0
3683 19
3685 0
3686 0
3688 0
3689 0
3690 0
3691 0
3693 0
3695 -1
3696 -1
3697 8
3698 -1
3699 -1
3700 0
3701 0
3702 0
3704 -1
3705 0
3706 0
3707 -1
3713 -1
3714 -1
3715 -1
3716 0
3717 0
3718 -1
3719 5
3720 7
3721 0
3722 0
3725 -1
3726 0
3727 0
3729 -1
3730 0
3733 0
3735 -1
3736 0
3737 0
3738 0
3739 -1
3741 0
3743 0
3744 -1
3745 -1
3747 0
3748 -1
3749 0
3750 0
3752 0
3753 -1
3755 0
3756 0
3757 0
3759 0
3761 0
3762 -1
3764 0
3765 -1
3767 0
3770 0
3771 -1
3778 22
3779 0
3781 -1
3783 0
3785 -1
3786 0
3787 0
3788 0
3790 -1
3791 0
3795 -1
3797 0
3798 0
3799 0
3800 -1
3802 -1
3803 -1
3804 -1
3806 0
3807 0
3810 0
3812 0
3813 0
3814 4
3815 0
3816 20
3817 0
3819 0
3820 -1
3821 0
3822 -1
3824 -1
3825 -1
3826 0
3828 -1
3832 0
3833 0
3834 0
3835 0
3837 0
3838 0
3839 0
3841 0
3843 0
3844 0
3848 0
3849 -1
3850 -1
3851 0
3852 -1
3855 0
3856 0
3858 0
3859 -1
3861 0
3863 0
3865 0
3866 0
3867 0
3868 0
3870 -1
3871 0
3874 -1
3875 0
3876 0
3877 0
3878 0
3879 0
3881 0
3883 0
3884 0
3886 -1
3887 0
3888 0
3889 0
3891 0
3892 0
3894 -1
3896 0
3901 -1
3902 23
3904 0
3905 0
3907 -1
3908 0
3909 0
3910 0
3912 -1
3913 0
3914 -1
3915 -1
3916 -1
3918 11
3919 11
3920 0
3921 3
3922 -1
3924 0
3925 23
3926 0
3927 0
3928 0
3930 0
3931 0
3932 0
3933 0
3935 0
3936 15
3937 0
3941 0
3942 -1
3943 0
3945 0
3946 0
3947 0
3949 0
3950 0
3951 0
3954 -1
3957 -1
3958 -1
3959 0
3960 1
3961 -1
3962 -1
3964 0
3965 -1
3967 0
3968 -1
3970 0
3971 0
3972 7
3976 0
3978 -1
3979 0
3980 4
3981 -1
3982 0
3983 -1
3985 0
3986 0
3987 -1
3988 -1
3989 0
3990 0
3991 -1
3992 0
3994 0
3997 -1
3998 0
3999 -1
4000 0
4001 0
4002 0
4003 -1
4004 0
4006 -1
4009 0
4011 0
4012 0
4013 0
4014 0
4016 2
4018 0
4019 0
4020 0
4021 0
4022 0
4023 -1
4024 0
4026 0
4027 0
4028 -1
4029 0
4030 0
4031 0
4032 0
4034 0
4035 0
4038 0
4039 -1
4040 0
4043 0
4044 0
4045 0
4047 0
4051 0
4052 0
4054 0
4055 -1
4056 0
4057 0
4059 0
4060 0
4063 0
4065 16
4066 0
4067 24
4068 0
4071 -1
4072 0
4074 -1
4076 0
4078 -1
4080 0
4081 -1
4082 0
4083 0
4085 -1
4086 0
4087 -1
4088 0
4090 0
4091 0
4092 0
4093 -1
4094 21
4095 0
4096 -1
4097 0
4100 0
4103 0
4104 -1
4105 0
4107 -1
4110 -1
4111 0
4113 3
4114 0
4116 0
4117 0
4119 -1
4121 0
4123 0
4124 0
4125 0
4126 0
4128 0
4129 0
4130 0
4132 -1
4133 -1
4135 0
4136 0
4137 0
4138 3
4143 -1
4145 -1
4147 -1
4148 18
4149 -1
4150 0
4151 0
4153 -1
4154 0
4155 -1
4158 0
4159 0
4160 0
4161 22
4162 1
4163 -1
4165 12
4166 -1
4167 0
4169 24
4171 0
4173 0
4175 0
4176 -1
4178 -1
4179 0
4180 -1
4181 -1
4183 -1
4185 -1
4188 -1
4190 -1
4191 0
4192 0
4193 0
4194 -1
4195 -1
4196 0
4197 8
4198 0
4199 0
4200 -1
4201 -1
4202 0
4203 0
4208 0
4209 0
4210 -1
4211 0
4213 0
4214 -1
4215 0
4216 -1
4218 0
4219 -1
4221 0
4223 -1
4224 0
4226 0
4227 0
4229 0
4230 0
4231 -1
4233 0
4234 0
4235 0
4237 -1
4239 -1
4240 0
4241 0
4242 0
4243 0
4244 -1
4245 0
4246 0
4248 0
4250 0
4253 0
4255 -1
4256 0
4258 0
4260 0
4261 0
4262 0
4265 0
4268 0
4269 -1
4271 0
4274 18
4275 -1
4276 -1
4277 0
4278 0
4279 0
4281 0
4282 0
4283 -1
4284 -1
4285 0
4286 0
4287 0
4288 -1
4289 0
4291 0
4292 0
4294 0
4295 0
4296 -1
4297 0
4298 -1
4299 0
4301 21
4303 -1
4304 0
4309 0
4310 0
4311 0
4312 0
4313 -1
4316 0
4317 -1
4318 -1
4321 0
4322 0
4323 -1
4326 0
4327 -1
4329 0
4330 0
4331 -1
4332 0
4335 0
4336 0
4337 0
4339 0
4340 0
4341 -1
4342 0
4343 0
4344 -1
4345 0
4350 0
4351 0
4355 0
4356 -1
4357 0
4360 -1
4361 0
4362 0
4364 0
4365 -1
4366 0
4367 -1
4368 -1
4370 0
4372 0
4374 -1
4377 24
4379 0
4380 0
4382 0
4383 -1
4385 -1
4386 0
4387 0
4388 -1
4389 -1
4390 0
4391 0
4392 15
4393 -1
4395 23
4396 -1
4397 -1
4398 0
4400 0
4402 0
4405 8
4407 -1
4409 0
4410 0
4411 0
4412 0
4413 -1
4415 -1
4417 -1
4418 0
4419 0
4420 -1
4421 0
4422 -1
4424 0
4425 25
4428 -1
4429 0
4430 0
4434 0
4435 -1
4436 -1
4437 0
4438 0
4439 -1
4440 0
4442 -1
4443 -1
4445 -1
4446 -1
4448 0
4449 -1
4451 -1
4453 0
4454 18
4455 0
4457 17
4459 -1
4462 0
4463 0
4465 0
4466 0
4467 -1
4468 0
4471 0
4472 -1
4473 0
4475 0
4477 0
4478 0
4479 0
4480 -1
4481 -1
4483 -1
4485 -1
4487 -1
4488 0
4489 0
4492 0
4494 0
4495 0
4497 -1
4499 -1
4502 21
4503 0
4506 -1
4507 -1
4508 0
4509 0
4510 0
4511 0
4512 0
4514 0
4515 -1
4516 0
4518 0
4519 0
4520 18
4521 -1
4522 0
4525 0
4526 0
4527 0
4528 0
4531 14
4532 7
4536 0
4537 -1
4538 0
4539 0
4540 -1
4542 -1
4544 -1
4546 0
4548 0
4549 3
4551 0
4552 0
4558 0
4560 0
4561 0
4562 0
4565 -1
4566 0
4567 0
4568 -1
4569 0
4571 0
4573 -1
4574 8
4575 0
4579 0
4580 0
4582 0
4583 0
4584 -1
4585 0
4587 0
4588 -1
4589 -1
4590 0
4591 0
4592 0
4595 -1
4596 11
4597 13
4598 7
4600 0
4601 13
4603 3
4604 0
4605 0
4606 0
4608 -1
4609 -1
4610 0
4611 0
4612 -1
4613 0
4616 0
4618 0
4624 0
4625 0
4626 0
4628 0
4630 0
4631 0
4632 10
4633 0
4635 -1
4636 0
4639 0
4640 -1
4642 0
4643 -1
4644 -1
4645 18
4647 0
4649 0
4652 -1
4653 0
4655 0
4656 0
4657 -1
4658 -1
4659 0
4661 0
4662 -1
4665 0
4669 0
4670 0
4671 0
4672 0
4674 0
4675 0
4677 -1
4680 0
4681 -1
4682 0
4683 -1
4684 0
4687 -1
4690 -1
4691 0
4692 0
4695 0
4696 -1
4697 0
4698 0
4700 0
4701 0
4702 0
4704 0
4705 0
4708 0
4710 -1
4711 0
4714 0
4715 -1
4716 -1
4717 -1
4718 0
4722 0
4723 0
4725 0
4726 0
4727 0
4728 0
4729 0
4731 0
4732 -1
4733 0
4734 19
4735 0
4736 0
4739 0
4740 -1
4742 -1
4743 -1
4744 -1
4747 -1
4748 0
4749 0
4751 7
4752 -1
4753 0
4755 0
4756 -1
4757 0
4758 0
4762 0
4764 0
4765 0
4766 0
4768 0
4771 0
4773 0
4775 0
4777 0
4778 -1
4780 -1
4781 -1
4782 -1
4785 0
4787 18
4788 0
4789 0
4790 -1
4791 -1
4792 0
4793 0
4794 0
4795 0
4799 -1
4800 0
4802 0
4804 0
4805 -1
4808 -1
4811 -1
4814 21
4815 0
4818 -1
4820 0
4821 0
4822 -1
4824 0
4828 0
4829 0
4830 0
4831 0
4833 -1
4834 0
4835 0
4836 0
4837 -1
4839 0
4840 0
4841 -1
4842 0
4843 0
4844 -1
4846 0
4848 0
4850 -1
4851 0
4852 0
4853 0
4854 -1
4855 -1
4856 0
4857 0
4858 0
4860 -1
4861 0
4862 0
4863 -1
4865 0
4868 0
4869 25
4870 0
4871 0
4872 0
4874 0
4875 -1
4878 -1
4879 0
4881 -1
4882 0
4884 0
4886 -1
4887 0
4889 6
4890 0
4892 -1
4896 0
4897 0
4898 0
4900 0
4901 -1
4902 -1
4906 -1
4908 0
4909 15
4911 0
4912 0
4913 0
4916 -1
4917 0
4918 -1
4920 0
4921 17
4922 -1
4923 0
4926 0
4927 -1
4929 0
4930 0
4931 -1
4932 21
4933 -1
4934 0
4937 0
4938 0
4941 -1
4943 0
4944 0
4945 -1
4946 0
4947 0
4951 0
4952 0
4953 -1
4955 -1
4956 -1
4957 0
4959 0
4962 0
4966 -1
4968 0
4970 11
4971 -1
4972 -1
4974 0
4976 0
4979 20
4982 0
4985 0
4986 0
4987 -1
4988 0
4989 -1
4991 0
4992 0
4994 -1
4995 18
4997 0
4998 0
4999 0
