0 -1
1 0
2 24
3 0
5 29
6 0
7 0
8 0
9 0
10 0
11 19
12 -1
13 0
14 -1
15 -1
16 0
17 0
18 0
20 0
21 0
22 0
23 0
24 1
25 0
26 0
27 -1
28 -1
29 36
30 0
31 0
32 -1
33 -1
34 0
35 0
36 0
37 0
38 0
39 -1
40 0
42 0
43 0
44 2
45 -1
46 3
47 0
48 0
49 0
50 -1
51 4
52 0
53 0
54 0
55 0
56 0
57 -1
58 37
59 -1
60 -1
62 0
63 -1
64 0
65 0
66 0
67 0
68 -1
69 0
70 -1
71 0
72 0
73 0
75 0
76 0
77 0
78 -1
79 -1
80 0
81 -1
83 0
84 -1
85 0
86 0
87 -1
88 -1
90 0
91 -1
92 -1
93 0
94 0
95 -1
96 0
97 0
98 -1
99 -1
101 -1
102 -1
103 0
104 -1
105 -1
106 -1
107 0
108 15
109 0
110 0
112 27
114 22
115 0
116 -1
117 0
119 -1
120 -1
121 -1
122 0
123 0
124 0
125 -1
126 0
127 -1
128 2
129 -1
130 0
132 0
133 0
134 0
135 -1
136 0
137 -1
138 0
139 -1
140 0
141 0
142 -1
143 31
144 0
146 0
147 -1
148 0
150 -1
151 0
152 0
153 0
154 -1
155 -1
156 -1
157 -1
158 0
159 -1
160 0
161 0
162 -1
163 0
164 0
165 -1
166 -1
167 0
168 -1
169 0
170 0
171 0
172 0
173 -1
174 0
175 -1
176 -1
177 0
178 0
179 0
180 0
181 0
182 0
183 -1
184 0
185 0
186 0
187 0
188 0
189 -1
190 0
191 0
192 -1
193 0
194 0
195 0
196 -1
197 0
198 18
199 0
200 0
201 0
202 -1
203 0
204 -1
206 0
207 0
208 -1
209 0
211 0
212 0
213 0
214 0
215 0
216 -1
217 0
218 0
219 0
220 0
221 0
222 -1
223 -1
224 0
225 3
226 0
227 0
228 0
229 0
230 -1
231 0
232 0
233 0
235 0
236 0
237 -1
238 0
239 0
240 0
241 0
242 0
243 0
244 0
245 0
246 0
247 0
248 13
249 0
250 0
251 -1
252 0
254 0
256 0
257 -1
258 0
259 0
260 -1
261 0
262 0
263 0
264 0
265 0
266 0
267 0
268 0
269 0
270 -1
271 0
272 -1
273 -1
274 0
275 0
277 0
278 0
279 0
280 -1
282 -1
283 0
284 -1
285 0
286 5
287 0
288 -1
289 0
290 6
291 -1
292 38
293 -1
294 0
295 0
296 0
297 -1
298 -1
299 0
300 0
301 -1
302 0
303 0
304 0
305 0
306 0
307 14
308 0
309 -1
310 0
312 0
313 -1
314 0
315 0
316 -1
317 7
318 0
319 0
320 -1
321 0
322 -1
323 -1
324 -1
325 0
326 0
327 0
328 0
329 0
330 0
331 0
332 0
333 -1
334 0
335 0
337 0
338 0
339 0
340 32
341 -1
342 8
344 0
345 0
346 9
347 0
348 -1
349 0
350 -1
351 19
352 0
353 0
354 0
356 0
357 -1
358 -1
359 -1
360 0
361 0
362 0
363 -1
364 0
365 0
366 -1
367 -1
368 0
369 -1
370 0
372 0
373 -1
374 -1
375 0
376 0
377 0
378 0
379 0
380 0
381 0
382 0
383 -1
384 0
385 0
386 0
387 0
388 0
389 9
390 -1
391 0
392 -1
393 0
394 -1
395 -1
396 0
397 -1
398 0
399 0
400 -1
401 34
402 0
403 -1
404 -1
405 0
406 23
407 0
408 0
409 0
410 0
411 -1
412 0
413 10
414 5
415 1
416 0
417 0
418 0
419 0
420 -1
421 0
422 0
423 -1
424 0
425 0
426 -1
427 -1
428 -1
429 0
430 -1
431 0
432 0
433 0
434 -1
435 0
436 0
437 0
438 0
440 -1
441 0
442 0
443 0
444 0
445 11
446 -1
447 18
448 0
449 0
450 0
451 12
452 0
453 0
454 -1
455 -1
457 9
458 -1
459 -1
460 -1
461 -1
462 0
463 0
464 0
465 -1
466 13
467 -1
468 -1
469 -1
470 0
471 0
472 -1
473 -1
474 0
475 0
476 0
477 0
478 -1
479 0
480 -1
481 0
482 0
483 18
484 0
485 0
486 0
487 0
489 0
490 -1
491 0
492 0
493 0
494 0
495 -1
496 0
497 0
498 0
499 0
501 -1
502 0
503 19
506 0
509 -1
510 0
511 -1
512 5
513 0
516 -1
518 -1
519 -1
520 0
521 14
522 0
523 8
524 0
525 -1
527 0
528 31
529 0
530 0
531 0
532 3
533 -1
534 0
535 -1
536 0
537 -1
539 37
540 -1
541 0
542 0
543 -1
544 0
545 0
546 0
547 -1
549 0
550 -1
551 -1
552 0
553 0
554 0
555 0
556 0
557 0
558 0
559 0
560 0
562 15
563 0
564 0
567 0
568 0
569 -1
570 -1
571 -1
572 0
573 0
574 -1
575 16
576 -1
577 8
578 0
579 0
580 0
581 6
582 0
583 -1
584 0
585 -1
586 -1
587 -1
588 0
589 0
590 0
592 0
594 -1
595 0
596 -1
597 0
598 -1
599 0
600 -1
601 0
602 0
604 0
605 -1
606 0
607 0
608 0
609 -1
610 0
611 0
612 -1
613 0
614 6
615 -1
616 -1
617 -1
618 0
619 0
620 11
621 0
622 0
623 0
624 0
625 0
626 15
627 0
628 0
629 0
630 -1
631 -1
632 0
633 0
634 0
635 -1
636 0
637 0
638 0
639 0
640 -1
641 -1
642 -1
643 0
644 -1
645 0
646 0
647 27
648 -1
651 0
652 0
653 0
654 0
655 0
656 0
657 0
658 -1
659 -1
660 0
661 0
662 -1
663 0
664 0
665 -1
666 0
667 0
668 -1
670 0
671 -1
672 0
673 0
674 0
675 0
676 0
678 -1
679 0
680 0
681 0
682 17
684 18
685 0
686 0
687 -1
688 0
689 0
690 -1
691 0
692 0
693 0
694 0
695 0
696 0
697 9
698 0
699 0
701 -1
702 0
703 0
705 0
706 0
707 0
708 -1
709 -1
710 36
711 -1
712 0
713 0
714 -1
716 -1
717 -1
718 0
720 -1
722 0
723 0
724 -1
725 0
726 -1
727 0
728 -1
729 0
730 0
731 0
732 0
733 0
734 0
735 0
736 0
737 0
738 -1
739 0
740 0
741 0
742 0
743 18
744 -1
745 0
746 0
747 -1
748 -1
749 0
751 0
752 38
753 -1
754 0
755 -1
756 -1
757 0
758 0
760 -1
761 0
762 0
764 -1
765 0
766 0
767 -1
768 0
769 0
770 0
771 -1
772 0
773 0
774 0
775 17
776 0
777 -1
778 0
779 -1
780 -1
781 -1
782 19
783 0
784 -1
785 0
787 0
789 0
790 0
791 0
793 10
794 0
795 0
796 18
797 0
798 0
799 0
800 -1
801 -1
802 0
803 24
804 0
805 0
806 -1
807 0
808 -1
809 0
810 0
811 -1
812 0
813 -1
814 0
815 -1
817 0
818 0
819 -1
820 20
821 0
822 0
823 0
824 0
826 0
827 0
828 -1
829 -1
830 0
831 0
832 6
833 21
834 0
835 0
836 0
837 0
838 0
840 0
841 0
843 0
846 29
847 -1
848 0
849 -1
850 0
852 22
853 -1
855 35
856 0
857 0
858 0
859 11
860 -1
861 0
862 0
863 0
864 0
865 0
866 8
867 0
868 23
869 0
871 -1
872 0
873 0
874 0
875 -1
876 -1
877 0
878 0
879 0
881 0
882 0
883 0
884 1
885 -1
888 37
889 -1
890 0
891 14
892 0
893 0
894 0
895 -1
896 0
897 0
898 0
899 -1
900 0
901 0
902 18
903 -1
904 8
905 -1
906 -1
907 -1
909 -1
910 -1
911 0
912 0
913 -1
914 -1
915 0
916 0
917 0
918 0
919 0
920 0
921 0
922 -1
923 0
924 0
925 0
926 0
927 0
928 10
929 0
930 27
931 0
932 0
933 -1
934 0
936 -1
938 0
939 12
940 0
941 -1
942 -1
943 -1
944 24
946 0
947 -1
948 0
949 -1
950 11
951 0
953 -1
954 15
955 0
956 0
957 0
958 -1
959 0
960 0
961 -1
962 25
963 0
964 0
965 0
967 7
968 0
969 -1
970 -1
971 0
972 33
973 0
974 0
975 0
977 -1
978 0
979 0
980 21
981 -1
982 33
983 0
984 0
985 -1
987 0
988 -1
989 0
990 11
991 -1
992 0
993 0
994 -1
995 -1
996 0
998 -1
999 -1
1000 -1
1001 -1
1002 0
1003 -1
1004 0
1005 -1
1006 0
1009 0
1010 0
1011 -1
1013 0
1014 0
1015 0
1016 -1
1017 0
1019 -1
1020 -1
1021 -1
1022 0
1023 0
1024 0
1025 23
1027 0
1028 0
1029 0
1030 0
1031 0
1032 0
1034 -1
1035 -1
1036 0
1037 -1
1038 0
1040 10
1042 -1
1044 0
1045 1
1046 -1
1047 -1
1048 0
1049 -1
1050 0
1052 0
1053 0
1054 0
1055 0
1057 0
1058 -1
1059 0
1060 35
1061 0
1062 -1
1063 0
1064 0
1065 38
1066 0
1067 0
1068 0
1069 0
1070 0
1071 1
1072 0
1074 0
1075 0
1076 31
1077 0
1078 0
1079 28
1080 0
1081 -1
1082 -1
1083 -1
1084 -1
1085 0
1086 0
1087 0
1088 0
1089 -1
1090 -1
1091 0
1092 0
1093 0
1094 0
1095 -1
1097 -1
1098 4
1099 -1
1100 0
1101 0
1103 -1
1104 -1
1105 30
1106 -1
1107 0
1108 -1
1110 0
1111 -1
1112 -1
1113 -1
1114 -1
1115 0
1116 4
1117 -1
1118 -1
1119 0
1120 -1
1121 0
1122 0
1123 0
1124 0
1125 0
1126 0
1127 0
1128 -1
1129 0
1130 -1
1131 0
1133 0
1134 0
1135 0
1137 18
1139 0
1140 -1
1141 -1
1142 -1
1143 36
1144 0
1145 0
1146 0
1147 -1
1148 -1
1149 25
1150 -1
1151 0
1154 0
1155 -1
1158 0
1159 0
1160 0
1162 0
1163 -1
1165 -1
1166 0
1167 -1
1168 -1
1169 0
1170 -1
1171 0
1172 -1
1173 -1
1174 0
1177 -1
1178 31
1179 0
1180 -1
1181 0
1183 0
1184 -1
1185 18
1186 0
1187 0
1188 0
1189 -1
1190 0
1191 0
1192 -1
1193 0
1194 0
1195 0
1196 0
1197 0
1198 0
1200 0
1201 -1
1203 0
1205 0
1206 0
1207 0
1209 -1
1210 14
1211 -1
1212 -1
1213 0
1214 0
1215 -1
1216 -1
1217 5
1218 0
1219 -1
1220 0
1221 0
1222 0
1223 0
1225 0
1226 0
1227 -1
1228 0
1229 -1
1230 0
1232 0
1234 0
1235 21
1237 -1
1238 0
1239 1
1240 0
1241 0
1242 0
1243 0
1245 0
1246 0
1247 18
1248 -1
1249 37
1250 0
1251 0
1252 0
1253 0
1255 27
1256 -1
1257 -1
1258 0
1259 13
1260 0
1261 -1
1262 0
1263 -1
1265 -1
1266 0
1267 0
1269 -1
1270 -1
1271 0
1272 26
1273 0
1274 0
1275 -1
1277 0
1278 0
1279 25
1281 0
1283 0
1284 0
1285 -1
1286 0
1289 27
1290 -1
1291 -1
1292 0
1293 -1
1294 0
1295 -1
1296 19
1297 15
1298 0
1299 -1
1300 0
1302 0
1303 -1
1305 0
1306 26
1307 0
1308 28
1310 0
1311 0
1313 0
1314 -1
1315 0
1316 0
1319 0
1320 0
1321 0
1323 -1
1324 0
1325 0
1326 -1
1327 0
1328 -1
1329 0
1330 -1
1332 0
1333 0
1334 0
1335 0
1336 0
1337 0
1339 0
1340 -1
1341 0
1343 0
1344 8
1345 0
1346 -1
1347 35
1348 0
1349 -1
1350 29
1351 -1
1352 25
1354 -1
1355 0
1357 27
1358 13
1359 0
1360 31
1361 -1
1362 0
1363 0
1364 0
1365 -1
1366 0
1367 -1
1368 0
1369 0
1370 0
1372 0
1373 0
1374 -1
1375 28
1376 -1
1377 -1
1378 0
1380 0
1381 0
1382 -1
1384 0
1385 -1
1387 -1
1388 -1
1389 0
1391 0
1392 -1
1393 0
1394 -1
1396 0
1397 0
1399 0
1400 0
1401 0
1402 30
1403 0
1404 -1
1405 0
1406 0
1410 26
1411 0
1412 -1
1413 1
1414 0
1415 -1
1416 -1
1417 -1
1418 -1
1419 -1
1420 25
1421 0
1422 0
1423 -1
1425 -1
1426 0
1427 12
1429 0
1431 0
1432 0
1433 0
1434 0
1436 13
1438 0
1439 38
1440 0
1441 -1
1442 0
1443 -1
1444 -1
1445 0
1446 20
1447 22
1448 3
1449 0
1450 0
1451 -1
1452 0
1454 0
1455 -1
1456 0
1457 -1
1459 0
1460 0
1461 0
1462 0
1463 0
1464 0
1465 0
1466 0
1467 0
1468 0
1469 0
1470 0
1471 -1
1472 0
1473 -1
1474 -1
1475 -1
1476 -1
1479 0
1480 -1
1481 0
1482 -1
1483 -1
1484 12
1486 0
1487 -1
1490 0
1491 0
1492 -1
1493 0
1495 -1
1496 -1
1497 -1
1498 -1
1499 0
1500 -1
1502 5
1503 0
1504 0
1506 18
1507 -1
1508 0
1509 0
1510 0
1512 0
1514 0
1515 0
1517 0
1518 0
1520 10
1521 0
1522 28
1523 0
1524 -1
1525 0
1526 0
1527 0
1528 -1
1529 0
1530 -1
1531 0
1532 0
1534 0
1535 0
1536 0
1537 0
1538 -1
1540 0
1541 0
1542 0
1543 0
1544 0
1545 -1
1546 4
1547 0
1549 0
1551 0
1552 -1
1553 -1
1554 0
1555 0
1556 0
1557 0
1558 -1
1560 -1
1563 -1
1565 0
1566 -1
1567 0
1568 -1
1570 0
1572 0
1573 0
1574 -1
1575 0
1576 0
1577 0
1579 -1
1581 -1
1582 -1
1585 -1
1586 0
1587 34
1588 -1
1589 0
1590 -1
1591 0
1593 28
1595 0
1599 -1
1601 0
1602 0
1603 -1
1604 -1
1605 0
1607 0
1609 0
1610 -1
1611 0
1613 0
1614 -1
1615 18
1616 -1
1617 -1
1618 -1
1619 0
1621 -1
1623 18
1625 0
1626 0
1628 -1
1629 0
1630 0
1631 0
1632 0
1633 -1
1635 1
1636 -1
1637 3
1639 -1
1640 7
1643 -1
1644 21
1645 -1
1646 -1
1648 -1
1650 -1
1651 -1
1652 0
1653 4
1654 -1
1655 8
1656 0
1657 0
1658 0
1659 0
1660 0
1661 0
1662 0
1663 0
1664 -1
1665 0
1666 0
1667 0
1668 0
1669 21
1670 0
1671 0
1674 0
1676 0
1677 -1
1678 0
1679 0
1681 -1
1682 6
1684 0
1685 -1
1686 -1
1687 0
1688 0
1689 -1
1691 0
1692 0
1694 -1
1695 0
1696 16
1697 -1
1698 0
1699 -1
1701 0
1702 -1
1703 29
1704 0
1705 0
1706 -1
1707 -1
1708 0
1709 0
1712 0
1713 -1
1715 0
1716 0
1718 0
1719 0
1720 0
1721 0
1722 -1
1723 -1
1724 0
1725 0
1726 0
1727 0
1728 23
1730 0
1732 0
1733 0
1734 24
1735 0
1736 -1
1737 -1
1738 0
1739 -1
1740 0
1741 0
1742 -1
1743 -1
1747 25
1748 0
1749 0
1750 0
1751 0
1752 19
1753 0
1754 0
1755 -1
1756 6
1757 -1
1758 -1
1759 0
1761 0
1764 0
1765 -1
1766 0
1767 0
1768 -1
1769 -1
1771 0
1772 0
1774 0
1775 -1
1776 0
1777 -1
1778 0
1779 0
1780 0
1781 0
1782 10
1783 0
1784 0
1785 0
1786 0
1788 0
1789 4
1790 0
1791 -1
1792 26
1793 0
1794 0
1795 0
1796 0
1797 0
1799 -1
1801 0
1802 -1
1804 0
1805 -1
1806 -1
1807 0
1808 0
1810 0
1811 -1
1813 0
1815 0
1816 33
1817 0
1818 0
1819 0
1820 -1
1821 0
1822 0
1824 0
1825 0
1826 0
1827 0
1829 -1
1830 -1
1831 0
1832 0
1833 30
1834 0
1837 -1
1839 22
1840 -1
1841 0
1842 0
1843 -1
1845 0
1846 0
1847 0
1848 0
1849 0
1850 0
1851 -1
1853 0
1854 -1
1855 0
1857 0
1858 0
1860 7
1861 -1
1863 0
1864 -1
1865 0
1866 -1
1867 0
1868 0
1869 21
1871 17
1873 -1
1874 0
1875 -1
1876 -1
1877 -1
1878 0
1879 0
1880 0
1881 0
1882 -1
1883 8
1884 0
1885 -1
1887 -1
1889 0
1890 0
1891 2
1894 -1
1895 0
1896 0
1897 0
1899 -1
1900 0
1902 -1
1904 0
1906 -1
1907 8
1908 0
1909 0
1910 0
1911 0
1912 -1
1913 -1
1914 -1
1915 2
1916 0
1917 0
1918 0
1919 -1
1920 -1
1921 36
1923 0
1924 0
1925 0
1926 0
1927 0
1928 0
1929 0
1931 0
1933 0
1934 0
1935 -1
1936 0
1938 -1
1939 0
1940 0
1941 0
1942 -1
1943 -1
1944 0
1947 10
1948 -1
1949 17
1950 0
1952 0
1953 -1
1954 2
1955 0
1957 -1
1959 0
1962 -1
1964 -1
1966 5
1967 -1
1968 0
1969 31
1970 0
1971 0
1972 0
1973 0
1974 36
1976 0
1977 0
1978 -1
1979 0
1980 0
1982 0
1983 0
1985 0
1986 0
1987 -1
1991 0
1992 0
1993 0
1994 0
1995 -1
1997 0
1998 -1
2000 0
2001 -1
2003 -1
2006 0
2008 0
2009 0
2010 0
2011 0
2012 0
2013 0
2014 0
2016 0
2018 -1
2019 0
2020 0
2021 0
2022 0
2024 0
2025 0
2026 0
2027 -1
2028 -1
2029 -1
2031 -1
2032 0
2033 -1
2034 -1
2035 16
2036 0
2037 0
2038 0
2039 -1
2040 -1
2041 -1
2042 -1
2043 0
2044 15
2045 0
2046 0
2047 0
2049 0
2050 -1
2051 -1
2053 0
2054 0
2055 0
2056 0
2057 0
2058 -1
2059 -1
2061 0
2062 32
2063 -1
2065 0
2067 -1
2068 0
2069 0
2070 2
2071 0
2072 0
2073 -1
2075 -1
2076 0
2077 0
2079 0
2080 0
2081 0
2082 0
2083 0
2084 0
2085 0
2086 0
2088 -1
2089 0
2091 0
2092 18
2093 0
2094 0
2096 0
2099 -1
2100 0
2101 -1
2104 0
2105 1
2107 0
2108 0
2109 0
2110 -1
2111 -1
2113 9
2115 -1
2116 0
2117 0
2118 0
2119 0
2121 0
2122 -1
2123 -1
2124 0
2125 0
2126 -1
2127 -1
2128 0
2129 -1
2130 0
2131 0
2132 0
2133 0
2135 0
2136 0
2137 0
2138 0
2139 0
2141 0
2142 4
2143 0
2144 0
2145 0
2147 0
2148 -1
2150 0
2151 0
2152 0
2153 0
2154 21
2155 0
2156 0
2157 -1
2158 0
2160 0
2161 0
2162 0
2163 -1
2164 0
2167 0
2168 -1
2170 0
2171 0
2172 0
2174 0
2175 -1
2176 0
2177 0
2178 0
2181 0
2182 0
2183 0
2184 0
2185 -1
2187 0
2188 0
2190 0
2191 0
2192 0
2196 0
2197 -1
2198 30
2200 0
2201 24
2203 0
2204 -1
2206 0
2211 0
2213 -1
2214 -1
2215 -1
2217 0
2219 0
2220 -1
2221 0
2222 35
2226 0
2227 0
2229 0
2230 0
2232 0
2233 -1
2234 0
2235 -1
2236 0
2238 0
2239 -1
2240 -1
2241 0
2242 -1
2243 -1
2244 12
2245 -1
2246 0
2247 -1
2248 -1
2249 0
2253 -1
2254 -1
2257 0
2259 0
2260 -1
2261 11
2263 24
2265 0
2266 0
2267 0
2268 -1
2269 14
2270 0
2272 -1
2274 0
2275 0
2277 0
2279 0
2280 -1
2281 0
2282 0
2283 0
2284 -1
2286 8
2287 0
2288 -1
2289 0
2290 0
2292 0
2293 -1
2294 0
2295 15
2296 29
2297 0
2299 0
2300 0
2301 -1
2302 3
2303 -1
2304 -1
2305 -1
2306 -1
2307 0
2308 0
2309 0
2310 0
2311 0
2312 0
2313 0
2314 -1
2315 0
2316 0
2317 0
2318 0
2319 0
2321 0
2322 0
2323 0
2324 0
2325 0
2326 0
2327 19
2328 0
2329 0
2331 10
2332 -1
2333 0
2334 0
2335 0
2336 25
2337 -1
2338 -1
2339 0
2340 0
2341 0
2342 0
2343 0
2344 -1
2346 0
2347 0
2348 0
2349 26
2350 0
2352 0
2353 0
2354 0
2355 0
2357 -1
2358 17
2361 34
2363 0
2364 0
2365 0
2366 0
2367 -1
2369 24
2370 0
2371 0
2373 0
2374 -1
2375 1
2376 -1
2378 0
2379 0
2380 -1
2381 -1
2382 0
2384 19
2385 -1
2386 0
2387 0
2388 0
2389 0
2390 0
2391 0
2392 1
2393 0
2394 0
2395 0
2397 0
2398 0
2399 0
2401 0
2403 -1
2404 0
2405 -1
2406 0
2407 0
2410 0
2412 0
2413 0
2414 0
2415 -1
2416 0
2417 0
2418 8
2420 -1
2422 0
2425 0
2426 0
2427 23
2428 0
2430 0
2431 0
2432 0
2433 0
2434 0
2435 0
2436 0
2437 0
2438 -1
2439 0
2440 0
2442 0
2443 -1
2444 -1
2445 0
2446 0
2447 0
2450 0
2451 0
2452 -1
2453 25
2454 -1
2455 0
2456 -1
2457 0
2458 0
2460 0
2461 -1
2463 -1
2464 0
2465 0
2467 0
2468 0
2469 29
2470 0
2471 0
2472 0
2473 23
2474 0
2475 -1
2476 0
2477 0
2478 36
2479 0
2482 0
2483 0
2484 0
2485 0
2486 4
2488 -1
2490 0
2491 0
2492 5
2494 27
2495 20
2497 -1
2498 0
2500 0
2501 0
2503 -1
2504 0
2505 0
2506 -1
2507 -1
2508 0
2509 -1
2512 0
2513 0
2514 0
2515 0
2516 0
2517 36
2518 -1
2519 0
2520 -1
2522 -1
2524 0
2525 0
2526 -1
2527 -1
2528 0
2529 0
2531 0
2533 -1
2534 18
2536 0
2537 0
2538 0
2540 0
2542 0
2543 0
2544 -1
2545 -1
2546 28
2547 -1
2548 0
2549 0
2550 0
2551 0
2552 -1
2553 0
2555 0
2556 0
2557 31
2558 0
2559 0
2560 0
2561 -1
2562 -1
2563 0
2564 0
2566 0
2567 -1
2568 -1
2569 0
2570 0
2571 0
2572 -1
2574 -1
2576 -1
2577 0
2578 0
2580 26
2582 0
2584 0
2585 -1
2586 -1
2587 0
2589 0
2590 0
2591 0
2592 20
2593 -1
2594 0
2596 -1
2597 0
2598 0
2599 22
2600 25
2602 0
2603 0
2604 -1
2605 18
2606 0
2607 0
2608 -1
2609 0
2610 0
2612 0
2613 0
2614 18
2615 -1
2616 0
2617 -1
2618 0
2619 0
2621 0
2622 0
2623 0
2624 0
2625 0
2626 0
2627 0
2629 0
2630 24
2631 -1
2632 0
2633 -1
2634 -1
2635 -1
2636 17
2637 0
2641 -1
2642 0
2644 0
2645 0
2647 -1
2648 6
2649 0
2650 0
2651 0
2652 1
2653 0
2654 -1
2655 0
2656 -1
2657 15
2658 -1
2660 -1
2661 0
2664 0
2665 0
2666 0
2667 0
2668 28
2669 0
2670 0
2671 0
2672 0
2673 -1
2675 -1
2676 0
2677 18
2678 -1
2679 0
2680 -1
2681 0
2682 1
2683 0
2684 0
2685 -1
2686 0
2688 -1
2689 27
2690 0
2691 -1
2692 0
2694 -1
2695 0
2696 -1
2697 0
2698 0
2699 -1
2701 0
2702 0
2703 0
2705 -1
2706 -1
2709 0
2710 0
2711 0
2712 -1
2713 0
2714 0
2716 0
2717 0
2718 0
2721 -1
2722 -1
2723 0
2726 -1
2727 0
2728 0
2729 0
2730 -1
2731 0
2732 0
2733 0
2735 -1
2738 -1
2739 0
2741 -1
2742 19
2743 0
2744 0
2745 -1
2747 0
2748 0
2749 -1
2751 0
2752 0
2754 0
2756 0
2757 0
2758 34
2759 0
2760 0
2761 0
2762 0
2763 -1
2764 0
2765 0
2766 -1
2767 -1
2768 30
2770 -1
2776 0
2777 0
2778 0
2779 -1
2780 0
2781 0
2785 -1
2786 -1
2787 -1
2788 32
2789 0
2790 0
2791 0
2792 -1
2793 0
2794 0
2795 0
2797 0
2799 0
2800 0
2801 0
2802 -1
2804 0
2805 -1
2806 -1
2807 -1
2808 -1
2809 0
2811 0
2812 0
2814 -1
2815 0
2816 0
2817 -1
2818 0
2820 0
2822 16
2824 -1
2825 0
2826 0
2827 -1
2828 -1
2829 0
2830 0
2832 0
2834 0
2835 -1
2836 0
2837 0
2838 0
2839 0
2841 -1
2842 0
2843 11
2844 0
2845 -1
2847 -1
2848 0
2849 -1
2851 0
2852 0
2853 -1
2854 -1
2855 9
2856 -1
2857 -1
2858 0
2859 0
2861 23
2864 0
2866 0
2867 0
2868 -1
2869 0
2870 0
2871 4
2873 0
2874 0
2875 33
2877 0
2878 0
2880 -1
2881 0
2883 0
2884 0
2885 0
2886 32
2887 0
2888 12
2891 0
2892 0
2893 0
2894 0
2895 0
2896 -1
2898 0
2899 0
2900 20
2901 0
2903 0
2904 0
2905 0
2906 -1
2907 0
2909 21
2910 14
2911 0
2912 0
2913 0
2914 0
2915 0
2917 0
2919 0
2920 0
2921 0
2922 -1
2923 -1
2924 0
2925 0
2926 0
2928 0
2929 -1
2930 -1
2931 -1
2932 0
2934 0
2935 -1
2936 -1
2937 21
2938 0
2940 0
2941 0
2942 0
2943 0
2946 0
2947 0
2948 0
2949 0
2950 -1
2951 -1
2952 0
2955 -1
2956 0
2957 0
2958 0
2960 -1
2961 0
2962 0
2964 -1
2965 8
2966 0
2967 0
2968 0
2969 0
2970 0
2971 0
2972 0
2973 0
2974 -1
2975 0
2976 0
2977 -1
2978 29
2979 -1
2980 0
2982 -1
2983 0
2984 26
2986 -1
2987 0
2988 0
2989 12
2990 0
2991 10
2992 0
2994 29
2995 -1
2996 0
2997 0
3001 9
3002 0
3003 0
3004 0
3006 0
3007 -1
3008 0
3009 0
3011 0
3012 -1
3013 -1
3014 0
3016 -1
3018 -1
3020 -1
3021 6
3022 -1
3023 0
3024 0
3025 0
3026 0
3027 0
3028 -1
3029 -1
3031 18
3034 0
3035 0
3036 0
3038 0
3039 -1
3040 -1
3041 -1
3042 0
3043 -1
3044 0
3045 0
3046 -1
3047 0
3048 0
3049 0
3050 -1
3053 0
3054 -1
3056 0
3057 -1
3058 0
3059 -1
3060 0
3061 -1
3063 -1
3064 -1
3066 -1
3067 -1
3068 0
3069 0
3071 0
3072 0
3074 0
3075 0
3076 0
3077 0
3078 -1
3080 0
3081 0
3082 -1
3083 -1
3084 10
3085 -1
3086 -1
3087 0
3088 0
3089 0
3090 -1
3091 0
3093 0
3095 0
3096 0
3097 -1
3098 -1
3101 0
3102 33
3103 0
3104 -1
3105 0
3106 5
3109 -1
3110 -1
3111 -1
3112 -1
3113 0
3115 -1
3116 0
3117 -1
3118 6
3119 8
3120 -1
3121 0
3122 5
3123 -1
3124 0
3126 0
3127 0
3130 0
3133 0
3134 0
3140 0
3141 -1
3144 0
3145 0
3146 23
3147 0
3150 0
3151 -1
3152 0
3154 -1
3156 0
3158 0
3159 0
3162 0
3163 0
3165 -1
3166 -1
3167 -1
3168 19
3169 0
3171 -1
3173 0
3174 0
3176 0
3177 0
3179 0
3180 0
3181 0
3182 29
3183 0
3184 0
3185 -1
3186 -1
3187 0
3188 0
3189 -1
3191 -1
3192 0
3194 0
3195 17
3196 0
3197 20
3198 3
3201 0
3202 0
3204 -1
3208 -1
3212 -1
3213 -1
3214 0
3216 0
3217 0
3218 0
3219 34
3220 0
3221 -1
3222 0
3224 0
3225 0
3226 0
3227 0
3230 0
3231 -1
3233 -1
3234 23
3235 0
3237 0
3240 0
3243 0
3245 0
3246 -1
3247 -1
3248 0
3250 0
3253 0
3254 -1
3256 0
3257 -1
3258 0
3259 0
3261 0
3262 0
3263 0
3264 0
3265 12
3266 -1
3268 -1
3269 0
3270 -1
3271 0
3272 -1
3273 0
3274 10
3275 29
3276 0
3277 0
3278 16
3279 -1
3280 0
3281 0
3282 0
3283 0
3284 -1
3285 11
3286 0
3287 0
3288 -1
3289 -1
3290 0
3291 0
3292 0
3293 0
3294 0
3295 0
3296 0
3297 -1
3301 -1
3302 0
3306 0
3307 0
3308 0
3309 0
3310 0
3312 -1
3314 0
3315 24
3316 0
3317 -1
3318 -1
3322 25
3325 -1
3326 -1
3327 0
3328 0
3329 0
3333 0
3335 37
3336 30
3337 0
3339 0
3340 0
3342 -1
3343 0
3345 0
3347 -1
3350 0
3351 -1
3352 0
3353 -1
3354 1
3355 0
3356 0
3357 -1
3359 0
3362 0
3363 -1
3367 0
3368 0
3369 0
3370 0
3371 0
3373 -1
3374 -1
3375 0
3376 -1
3377 -1
3379 0
3380 -1
3382 0
3383 0
3384 -1
3385 -1
3386 0
3387 -1
3388 0
3389 0
3391 -1
3392 0
3393 -1
3394 0
3397 16
3399 -1
3402 -1
3403 0
3404 -1
3405 -1
3406 0
3407 0
3409 0
3412 -1
3413 0
3414 0
3415 0
3416 0
3417 -1
3418 -1
3420 0
3421 4
3422 0
3423 0
3424 0
3426 -1
3428 -1
3430 0
3432 26
3433 0
3434 0
3435 0
3439 0
3440 0
3442 32
3443 -1
3444 0
3445 0
3447 0
3448 0
3449 24
3451 0
3452 -1
3453 -1
3454 0
3455 -1
3456 0
3457 0
3458 0
3460 23
3461 -1
3462 -1
3464 0
3465 4
3466 0
3467 0
3470 12
3471 0
3472 0
3473 0
3474 0
3475 -1
3476 0
3477 0
3478 18
3481 0
3482 0
3485 0
3486 -1
3487 0
3490 0
3491 -1
3493 -1
3494 0
3495 -1
3496 0
3497 0
3499 0
3500 0
3501 -1
3502 0
3503 0
3504 -1
3506 0
3507 -1
3509 0
3510 0
3511 -1
3513 0
3514 0
3515 0
3516 0
3517 0
3518 0
3520 0
3521 0
3523 0
3525 0
3526 0
3527 0
3528 0
3529 -1
3531 0
3532 -1
3533 -1
3534 0
3535 0
3536 0
3537 6
3538 -1
3539 -1
3540 18
3541 -1
3543 -1
3544 -1
3545 0
3546 0
3548 0
3549 -1
3550 0
3551 -1
3552 0
3553 34
3554 0
3555 0
3556 0
3557 5
3558 0
3559 0
3561 0
3562 0
3565 0
3566 0
3568 0
3569 7
3571 1
3572 0
3575 0
3579 -1
3582 -1
3583 -1
3584 -1
3586 0
3588 0
3590 0
3591 0
3592 0
3593 0
3594 0
3596 0
3598 0
3600 0
3602 0
3604 0
3606 0
3610 0
3612 0
3613 35
3615 0
3616 -1
3617 0
3618 0
3622 0
3623 0
3624 0
3625 0
3626 -1
3627 0
3630 -1
3633 -1
3635 0
3637 -1
3638 -1
3639 -1
3640 0
3642 34
3645 16
3646 0
3647 -1
3648 0
3649 0
3650 0
3651 0
3653 0
3655 14
3656 -1
3657 -1
3658 -1
3660 0
3661 0
3662 -1
3663 0
3664 30
3665 0
3667 -1
3668 0
3669 35
3672 0
3673 -1
3675 0
3677 -1
3679 0
3681 0
3683 0
3685 22
3686 -1
3688 0
3689 0
3690 -1
3691 0
3693 0
3695 0
3696 0
3697 0
3698 -1
3699 0
3700 -1
3701 -1
3702 0
3704 -1
3705 18
3706 0
3707 -1
3713 -1
3714 0
3715 0
3716 0
3717 0
3718 0
3719 0
3720 0
3721 0
3722 -1
3725 -1
3726 0
3727 8
3729 29
3730 0
3733 0
3735 -1
3736 0
3737 -1
3738 0
3739 0
3741 0
3743 18
3744 0
3745 -1
3747 0
3748 -1
3749 -1
3750 0
3752 0
3753 0
3755 0
3756 0
3757 0
3759 0
3761 -1
3762 0
3764 -1
3765 -1
3767 22
3770 -1
3771 -1
3778 -1
3779 -1
3781 -1
3783 0
3785 0
3786 0
3787 0
3788 -1
3790 -1
3791 0
3795 -1
3797 0
3798 0
3799 0
3800 -1
3802 17
3803 0
3804 -1
3806 -1
3807 -1
3810 0
3812 -1
3813 0
3814 -1
3815 -1
3816 0
3817 0
3819 0
3820 -1
3821 0
3822 0
3824 -1
3825 5
3826 0
3828 -1
3832 0
3833 0
3834 -1
3835 0
3837 0
3838 0
3839 0
3841 -1
3843 -1
3844 0
3848 0
3849 -1
3850 -1
3851 -1
3852 -1
3855 0
3856 0
3858 -1
3859 -1
3861 0
3863 0
3865 0
3866 0
3867 -1
3868 19
3870 0
3871 0
3874 0
3875 -1
3876 0
3877 0
3878 0
3879 0
3881 0
3883 0
3884 -1
3886 -1
3887 0
3888 -1
3889 0
3891 0
3892 0
3894 0
3896 -1
3901 -1
3902 -1
3904 0
3905 0
3907 0
3908 0
3909 0
3910 0
3912 0
3913 0
3914 0
3915 0
3916 0
3918 0
3919 0
3920 0
3921 -1
3922 0
3924 12
3925 -1
3926 -1
3927 12
3928 0
3930 -1
3931 0
3932 0
3935 0
3936 -1
3937 0
3941 -1
3942 -1
3943 0
3945 -1
3946 0
3947 0
3949 0
3950 0
3951 0
3954 32
3957 0
3958 0
3959 -1
3960 15
3961 0
3962 0
3964 -1
3965 0
3968 0
3971 26
3972 0
3976 -1
3978 0
3979 35
3980 -1
3981 0
3982 0
3983 34
3985 0
3986 0
3987 -1
3988 -1
3989 0
3990 0
3991 -1
3994 0
3997 0
3998 0
3999 8
4000 0
4001 35
4002 -1
4003 8
4004 0
4006 0
4011 0
4012 -1
4013 0
4014 0
4016 4
4018 0
4019 0
4020 0
4021 0
4022 26
4023 11
4024 0
4026 0
4027 18
4028 -1
4029 0
4030 0
4031 0
4032 0
4034 0
4035 0
4038 0
4039 0
4040 0
4043 -1
4044 0
4045 -1
4047 -1
4051 0
4052 0
4054 0
4055 -1
4056 0
4057 0
4059 0
4060 0
4063 0
4065 -1
4066 28
4067 0
4068 0
4071 -1
4072 27
4074 33
4076 0
4078 -1
4080 0
4081 -1
4082 0
4083 0
4085 0
4086 0
4087 0
4088 -1
4090 0
4091 -1
4092 -1
4093 6
4094 20
4095 0
4096 0
4097 0
4100 0
4103 0
4104 0
4105 -1
4107 0
4110 0
4111 2
4113 -1
4114 0
4116 0
4117 0
4119 0
4121 0
4123 0
4124 0
4125 -1
4126 0
4128 0
4129 0
4130 0
4132 0
4133 0
4135 0
4136 13
4137 0
4138 -1
4143 0
4145 0
4147 -1
4148 0
4149 -1
4150 0
4153 -1
4154 0
4155 0
4158 0
4159 0
4160 0
4161 -1
4162 3
4163 0
4165 1
4166 0
4167 19
4169 0
4171 0
4173 0
4175 0
4176 -1
4178 0
4179 0
4180 0
4181 0
4183 -1
4185 32
4188 0
4190 -1
4191 -1
4192 21
4193 0
4194 5
4195 -1
4196 0
4197 0
4198 0
4199 0
4200 0
4201 0
4202 0
4203 0
4208 0
4209 0
4210 0
4211 0
4213 0
4214 -1
4215 0
4216 0
4218 0
4219 0
4221 0
4223 -1
4224 0
4226 0
4227 -1
4229 0
4230 0
4231 -1
4233 0
4234 0
4235 38
4237 -1
4239 -1
4240 0
4241 0
4242 18
4243 -1
4244 0
4245 0
4248 0
4250 0
4253 19
4255 0
4256 -1
4258 -1
4260 0
4261 0
4262 0
4265 0
4268 0
4269 5
4274 0
4275 -1
4276 31
4277 0
4279 0
4281 0
4282 0
4283 0
4284 28
4285 -1
4286 0
4287 0
4288 -1
4289 0
4291 0
4292 0
4294 0
4295 -1
4296 0
4297 0
4298 0
4299 0
4301 20
4303 0
4304 0
4309 0
4310 0
4311 0
4312 7
4313 -1
4316 0
4317 0
4318 0
4321 0
4322 -1
4323 0
4326 -1
4327 -1
4329 0
4330 2
4331 -1
4332 0
4335 -1
4336 0
4337 0
4339 0
4340 0
4341 36
4342 33
4343 -1
4344 2
4345 0
4350 26
4351 0
4355 0
4356 0
4360 -1
4361 0
4362 -1
4364 0
4365 -1
4366 1
4367 -1
4368 -1
4370 0
4372 0
4374 0
4377 0
4379 -1
4380 0
4382 0
4383 0
4385 0
4386 -1
4387 0
4388 0
4389 0
4390 7
4391 0
4392 0
4393 -1
4395 -1
4396 -1
4397 -1
4400 0
4402 -1
4405 0
4407 -1
4409 -1
4410 0
4411 0
4413 -1
4415 -1
4417 -1
4418 0
4419 0
4420 -1
4421 -1
4422 0
4424 -1
4425 -1
4428 -1
4429 0
4430 0
4434 0
4435 -1
4436 2
4437 -1
4438 0
4439 0
4440 -1
4442 0
4443 10
4445 0
4446 0
4448 0
4449 -1
4451 -1
4453 0
4454 16
4455 -1
4457 -1
4459 0
4463 0
4465 1
4466 0
4467 -1
4468 0
4471 0
4472 23
4473 13
4475 -1
4477 -1
4478 0
4479 0
4480 -1
4481 -1
4483 0
4485 -1
4487 0
4488 0
4489 0
4492 0
4494 -1
4495 0
4497 -1
4499 0
4502 20
4503 -1
4506 0
4507 0
4508 0
4509 0
4510 0
4511 18
4512 -1
4514 -1
4515 0
4518 -1
4519 0
4520 16
4521 0
4522 0
4525 0
4526 13
4527 0
4528 0
4531 -1
4532 0
4536 -1
4537 0
4539 0
4540 -1
4542 0
4544 0
4546 0
4548 -1
4549 -1
4551 0
4552 0
4558 0
4561 0
4562 -1
4565 -1
4566 0
4567 0
4568 -1
4569 0
4571 7
4573 -1
4574 0
4575 0
4579 0
4580 0
4582 -1
4583 0
4584 -1
4585 0
4587 0
4588 -1
4589 0
4590 0
4591 0
4592 0
4595 0
4596 0
4597 30
4598 0
4600 0
4601 30
4603 -1
4604 0
4605 0
4606 0
4608 -1
4609 11
4610 0
4611 0
4612 -1
4613 -1
4616 0
4618 0
4624 0
4625 0
4626 0
4628 0
4630 0
4631 0
4632 8
4633 -1
4635 -1
4636 0
4639 -1
4640 0
4642 0
4643 -1
4644 0
4645 0
4647 0
4649 -1
4652 -1
4653 0
4655 0
4656 26
4657 0
4658 0
4659 0
4661 0
4662 -1
4665 0
4669 0
4670 0
4671 0
4672 0
4674 0
4675 0
4677 -1
4680 0
4681 -1
4682 0
4683 -1
4684 0
4687 0
4690 -1
4691 0
4692 0
4695 0
4696 -1
4697 26
4698 0
4700 0
4701 0
4702 18
4704 0
4705 -1
4708 0
4710 -1
4711 0
4714 0
4715 -1
4716 -1
4717 0
4718 0
4722 -1
4723 -1
4725 0
4726 -1
4727 0
4728 0
4729 0
4731 -1
4732 -1
4733 0
4734 0
4735 0
4736 0
4739 26
4740 37
4742 18
4743 -1
4744 0
4747 24
4748 -1
4749 -1
4751 0
4752 -1
4753 21
4755 0
4756 -1
4757 0
4758 0
4762 10
4764 -1
4765 0
4766 0
4768 0
4771 -1
4773 0
4775 14
4777 0
4778 -1
4780 -1
4781 0
4782 -1
4785 21
4787 0
4788 35
4789 0
4790 -1
4791 -1
4792 0
4793 18
4794 0
4795 0
4799 -1
4800 0
4802 0
4804 0
4805 0
4808 -1
4811 -1
4814 20
4815 0
4818 0
4820 22
4821 0
4822 -1
4824 0
4828 37
4829 0
4830 -1
4831 0
4833 -1
4834 0
4835 18
4836 0
4837 -1
4839 0
4840 -1
4841 0
4842 7
4843 -1
4844 -1
4846 0
4848 0
4850 -1
4851 0
4852 -1
4853 0
4854 0
4855 -1
4856 0
4857 0
4858 0
4860 -1
4861 0
4862 0
4863 -1
4865 0
4868 -1
4869 -1
4870 0
4871 0
4872 33
4874 0
4875 -1
4878 0
4879 0
4881 -1
4882 0
4884 0
4886 0
4887 0
4889 -1
4890 0
4892 0
4896 0
4897 0
4898 0
4900 0
4901 0
4902 29
4906 8
4908 0
4909 0
4911 0
4912 26
4913 0
4916 -1
4917 0
4918 -1
4920 0
4921 -1
4922 0
4923 0
4926 0
4927 -1
4929 0
4930 0
4931 0
4932 20
4933 0
4934 0
4937 0
4938 0
4941 0
4943 0
4944 0
4945 -1
4946 -1
4947 0
4951 -1
4952 0
4953 -1
4955 -1
4956 -1
4957 0
4959 -1
4962 0
4966 0
4968 0
4970 0
4971 0
4972 -1
4974 0
4976 0
4979 0
4982 0
4985 0
4986 0
4987 -1
4988 0
4989 11
4991 -1
4992 0
4994 -1
4995 0
4997 38
4998 0
4999 0
