0 54
1 207
2 56
3 79
5 240
6 25
7 57
8 94
9 21
10 81
11 178
12 233
13 166
14 137
15 20
16 100
17 13
18 94
20 98
21 122
22 246
23 20
24 128
25 222
26 107
27 194
28 205
29 32
30 11
31 110
32 199
33 195
34 81
35 233
36 106
37 56
38 237
39 63
40 30
41 11
42 107
43 161
44 49
45 62
46 179
47 233
48 202
49 115
50 64
51 44
52 239
53 127
54 94
55 58
56 203
57 26
58 176
59 20
60 45
62 155
63 190
64 16
65 196
66 120
67 18
68 225
69 122
70 86
71 152
72 122
73 72
75 148
76 100
77 63
78 231
79 160
80 173
81 219
83 45
84 44
85 239
86 230
87 45
88 135
90 45
91 8
92 18
93 116
94 155
95 169
96 63
97 74
98 123
99 52
101 2
102 238
103 231
104 104
105 205
106 213
107 81
108 201
109 63
110 79
112 8
114 20
115 43
116 171
117 72
119 244
120 231
121 147
122 11
123 42
124 32
125 40
126 41
127 81
128 49
129 182
130 107
132 200
133 213
134 233
135 96
136 76
137 85
138 112
139 196
140 120
141 224
142 187
143 75
144 68
146 244
147 18
148 148
150 179
151 115
152 37
153 114
154 56
155 103
156 150
157 58
158 197
159 86
160 238
161 239
162 189
163 122
164 97
165 128
166 191
167 198
168 41
169 143
170 97
171 224
172 155
173 112
174 202
175 53
176 93
177 166
178 98
179 150
180 161
181 7
182 150
183 132
184 207
185 39
186 127
187 220
188 150
189 105
190 122
191 207
192 93
193 183
194 6
195 225
196 216
197 241
198 36
199 211
200 96
201 37
202 13
203 129
204 199
206 142
207 97
208 249
209 46
211 4
212 161
213 80
214 57
215 43
216 226
217 212
218 218
219 88
220 191
221 82
222 247
223 122
224 132
225 179
226 30
227 230
228 120
229 2
230 36
231 207
232 58
233 118
234 88
235 191
236 81
237 99
238 232
239 80
240 199
241 149
242 144
243 128
244 126
245 101
246 202
247 129
248 176
249 118
250 248
251 171
252 191
254 114
255 173
256 224
257 73
258 230
259 96
260 64
261 95
262 34
263 23
264 212
265 127
266 80
267 247
268 242
269 10
270 93
271 222
272 216
273 48
274 97
275 248
277 143
278 85
279 164
280 87
282 113
283 155
284 113
285 233
286 99
287 129
288 105
289 204
290 7
291 36
292 182
293 113
294 101
295 202
296 41
297 152
298 141
299 11
300 63
301 220
302 107
303 34
304 22
305 107
306 171
307 198
308 132
309 223
310 47
311 11
312 114
313 238
314 100
315 83
316 198
317 34
318 110
319 173
320 128
321 173
322 193
323 86
324 75
325 192
326 202
327 184
328 34
329 118
330 22
331 131
332 177
333 128
334 248
335 236
337 117
338 238
339 183
340 15
341 237
342 122
344 21
345 239
346 159
347 150
348 71
349 156
350 1
351 13
352 11
353 242
354 37
356 95
357 201
358 195
359 113
360 58
361 151
362 121
363 36
364 34
365 23
366 19
367 168
368 22
369 93
370 25
372 150
373 177
374 180
375 76
376 43
377 11
378 122
379 80
380 96
381 233
382 147
383 222
384 52
385 101
386 115
387 37
388 45
389 159
390 78
391 50
392 135
393 107
394 165
395 151
396 109
397 185
398 96
399 171
400 133
401 211
402 156
403 71
404 94
405 125
406 228
407 32
408 35
409 155
410 95
411 54
412 233
413 166
414 99
415 150
416 175
417 246
418 171
419 122
420 216
421 196
422 146
423 168
424 82
425 94
426 3
427 238
428 107
429 81
430 18
431 119
432 88
433 188
434 77
435 97
436 238
437 42
438 165
440 245
441 224
442 233
443 101
444 122
445 234
446 214
447 230
448 72
449 224
450 141
451 197
452 61
453 166
454 23
455 146
457 159
458 42
459 124
460 38
461 204
462 151
463 183
464 204
465 113
466 160
467 198
468 150
469 239
470 141
471 103
472 211
473 200
474 230
475 9
476 131
477 10
478 231
479 30
480 159
481 16
482 194
483 172
484 128
485 207
486 238
487 174
489 151
490 188
491 238
492 143
493 11
494 214
495 15
496 52
497 32
498 0
499 108
501 232
502 182
503 178
506 74
509 220
510 101
511 140
512 99
513 93
516 238
518 145
519 152
520 152
521 155
522 1
523 88
524 45
525 15
527 233
528 142
529 57
530 81
531 107
532 196
533 190
534 239
535 107
536 124
537 167
539 165
540 137
541 109
542 39
543 182
544 248
545 30
546 42
547 91
549 39
550 245
551 93
552 169
553 42
554 51
555 138
556 239
557 11
558 79
559 68
560 27
562 130
563 45
564 122
566 83
567 75
568 68
569 188
570 31
571 150
572 133
573 131
574 110
575 147
576 150
577 88
578 163
579 97
580 118
581 7
582 152
583 138
584 29
585 36
586 88
587 107
588 110
589 107
590 33
592 222
594 184
595 12
596 99
597 20
598 188
599 25
600 113
601 139
602 80
604 174
605 77
606 212
607 184
608 109
609 128
610 226
611 186
612 24
613 122
614 7
615 249
616 19
617 3
618 183
619 96
620 234
621 139
622 105
623 158
624 202
625 27
626 201
627 78
628 81
629 142
630 218
631 71
632 126
633 123
634 68
635 96
636 22
637 98
638 81
639 20
640 51
641 18
642 226
643 184
644 184
645 11
646 22
647 8
648 93
651 11
652 113
653 196
654 76
655 119
656 154
657 200
658 179
659 106
660 10
661 81
662 211
663 63
664 72
665 92
666 86
667 93
668 115
670 39
671 120
672 215
673 230
674 107
675 174
676 94
678 72
679 42
680 239
681 45
682 171
683 93
684 214
685 199
686 63
687 104
688 1
689 90
690 164
691 88
692 37
693 113
694 233
695 63
696 97
697 159
698 122
699 45
701 132
702 95
703 209
704 122
705 220
706 200
707 129
708 167
709 110
710 32
711 23
712 242
713 217
714 77
716 202
717 133
718 224
719 11
720 73
722 224
723 6
724 71
725 152
726 150
727 76
728 205
729 150
730 184
731 236
732 60
733 193
734 220
735 209
736 246
737 218
738 91
739 151
740 101
741 151
742 210
743 230
744 107
745 146
746 239
747 165
748 22
749 50
751 10
752 182
753 209
754 204
755 200
756 202
757 150
758 57
760 32
761 135
762 81
763 152
764 233
765 199
766 214
767 146
768 170
769 60
770 129
771 117
772 47
773 224
774 34
775 171
776 138
777 23
778 95
779 226
780 208
781 184
782 178
783 121
784 196
785 126
787 11
788 122
789 207
790 65
791 65
793 124
794 97
795 97
796 230
797 202
798 194
799 43
800 128
801 144
802 11
803 56
804 214
805 184
806 109
807 94
808 56
809 33
810 246
811 47
812 123
813 39
814 144
815 166
817 215
818 97
819 189
820 24
821 37
822 61
823 155
824 30
826 90
827 170
828 84
829 53
830 156
831 8
832 7
833 40
834 4
835 110
836 127
837 244
838 207
839 81
840 0
841 131
843 225
846 240
847 22
848 106
849 9
850 41
852 20
853 124
855 58
856 72
857 155
858 152
859 234
860 55
861 188
862 213
863 184
864 37
865 46
866 88
867 107
868 228
869 33
871 187
872 101
873 7
874 166
875 216
876 122
877 95
878 147
879 173
881 96
882 156
883 233
884 150
885 208
888 111
889 161
890 146
891 99
892 225
893 127
894 29
895 96
896 119
897 98
898 37
899 184
900 219
901 134
902 26
903 220
904 88
905 11
906 28
907 34
909 34
910 155
911 122
912 97
913 59
914 23
915 0
916 4
917 45
918 246
919 177
920 122
921 229
922 128
923 239
924 225
925 73
926 46
927 30
928 94
929 151
930 104
931 185
932 63
933 179
934 127
936 117
937 115
938 77
939 32
940 90
941 218
942 77
943 213
944 56
946 196
947 114
948 207
949 40
950 234
951 72
953 238
954 201
955 230
956 39
957 129
958 12
959 11
960 129
961 220
962 5
963 74
964 186
965 111
967 131
968 18
969 238
970 185
971 9
972 173
973 183
974 157
975 230
977 21
978 239
979 52
980 79
981 117
982 107
983 216
984 187
985 1
987 96
988 28
989 32
990 22
991 233
992 72
993 28
994 44
995 122
996 236
998 128
999 96
1000 109
1001 129
1002 95
1003 110
1004 117
1005 127
1006 76
1008 143
1009 161
1010 169
1011 248
1013 82
1014 118
1015 111
1016 205
1017 39
1019 40
1020 133
1021 184
1022 233
1023 16
1024 185
1025 228
1027 41
1028 33
1029 122
1030 194
1031 78
1032 192
1034 247
1035 230
1036 85
1037 48
1038 57
1040 166
1042 187
1044 79
1045 159
1046 176
1047 78
1048 93
1049 123
1050 141
1052 101
1053 72
1054 98
1055 72
1057 168
1058 184
1059 68
1060 58
1061 90
1062 137
1063 230
1064 196
1065 182
1066 30
1067 109
1068 115
1069 118
1070 65
1071 128
1072 153
1074 85
1075 205
1076 75
1077 114
1078 143
1079 8
1080 81
1081 40
1082 242
1083 27
1084 145
1085 88
1086 207
1087 69
1088 156
1089 137
1090 112
1091 127
1092 199
1093 171
1094 213
1095 122
1097 226
1098 44
1099 223
1100 81
1101 61
1103 30
1104 99
1105 209
1106 180
1107 246
1108 239
1109 88
1110 143
1111 11
1112 199
1113 53
1114 6
1115 132
1116 44
1117 59
1118 214
1119 177
1120 151
1121 61
1122 25
1123 135
1124 63
1125 142
1126 82
1127 211
1128 25
1129 184
1130 185
1131 50
1132 194
1133 27
1134 207
1135 233
1137 216
1139 121
1140 38
1141 92
1142 12
1143 32
1144 145
1145 65
1146 61
1147 161
1148 40
1149 102
1150 99
1151 54
1154 88
1155 94
1158 120
1159 127
1160 182
1161 219
1162 216
1163 92
1165 131
1166 171
1167 245
1168 3
1169 34
1170 38
1171 221
1172 188
1173 204
1174 115
1177 104
1178 75
1179 41
1180 189
1181 93
1182 63
1183 41
1184 71
1185 26
1186 100
1187 2
1188 134
1189 86
1190 57
1191 0
1192 86
1193 85
1194 106
1195 122
1196 90
1197 11
1198 0
1199 77
1200 141
1201 59
1203 200
1205 25
1206 28
1207 191
1209 147
1210 198
1211 175
1212 99
1213 231
1214 131
1215 218
1216 222
1217 99
1218 83
1219 199
1220 246
1221 224
1222 50
1223 221
1225 120
1226 147
1227 229
1228 29
1229 50
1230 239
1232 40
1234 199
1235 40
1237 230
1238 157
1239 63
1240 3
1241 139
1242 23
1243 25
1245 56
1246 231
1247 167
1248 50
1249 79
1250 126
1251 156
1252 184
1253 3
1255 8
1256 50
1257 195
1258 50
1259 160
1260 82
1261 84
1262 211
1263 166
1265 131
1266 11
1267 216
1269 137
1270 132
1271 230
1272 89
1273 30
1274 80
1275 129
1277 50
1278 118
1279 102
1281 224
1283 149
1284 28
1285 189
1286 118
1289 8
1290 132
1291 189
1292 63
1293 141
1294 147
1295 111
1296 178
1297 130
1298 16
1299 129
1300 11
1301 79
1302 231
1303 110
1305 133
1306 89
1307 58
1308 227
1310 183
1311 239
1313 21
1314 127
1315 96
1316 207
1317 143
1319 110
1320 177
1321 230
1323 104
1324 27
1325 232
1326 67
1327 32
1328 37
1329 117
1330 231
1332 34
1333 37
1334 162
1335 155
1336 25
1337 106
1339 22
1340 122
1341 29
1343 85
1344 205
1345 28
1346 139
1347 214
1348 45
1349 193
1350 144
1351 208
1352 5
1353 118
1354 184
1355 143
1357 8
1358 160
1359 191
1360 75
1361 180
1362 153
1363 148
1364 202
1365 83
1366 132
1367 32
1368 41
1369 170
1370 20
1372 13
1373 214
1374 231
1375 170
1376 61
1377 2
1378 207
1380 15
1381 238
1382 6
1384 63
1385 35
1387 209
1388 3
1389 22
1391 41
1392 72
1393 212
1394 184
1395 11
1396 185
1397 142
1399 110
1400 60
1401 207
1402 13
1403 233
1404 169
1405 222
1406 15
1407 20
1408 83
1410 89
1411 155
1412 87
1413 128
1414 212
1415 35
1416 4
1417 226
1418 96
1419 194
1420 102
1421 146
1422 122
1423 104
1425 156
1426 20
1427 50
1429 230
1431 163
1432 199
1433 98
1434 15
1436 160
1438 146
1439 182
1440 23
1441 226
1442 225
1443 195
1444 168
1445 81
1446 23
1447 20
1448 179
1449 134
1450 115
1451 112
1452 117
1453 11
1454 233
1455 88
1456 238
1457 231
1459 122
1460 181
1461 231
1462 82
1463 150
1464 177
1465 247
1466 243
1467 22
1468 114
1469 207
1470 30
1471 37
1472 196
1473 84
1474 50
1475 21
1476 21
1479 122
1480 122
1481 92
1482 81
1483 63
1484 32
1486 57
1487 226
1490 242
1491 239
1492 196
1493 217
1494 25
1495 125
1496 62
1497 35
1498 191
1499 101
1500 156
1501 11
1502 99
1503 126
1504 185
1506 26
1507 86
1508 128
1509 54
1510 0
1512 109
1514 88
1515 78
1517 96
1518 4
1520 173
1521 2
1522 43
1523 11
1524 211
1525 150
1526 207
1527 127
1528 156
1529 121
1530 222
1531 215
1532 233
1534 106
1535 11
1536 136
1537 6
1538 239
1540 23
1541 142
1542 170
1543 135
1544 1
1545 162
1546 44
1547 16
1549 85
1551 33
1552 231
1553 189
1554 214
1555 72
1556 40
1557 122
1558 219
1560 236
1563 240
1565 231
1566 146
1567 17
1568 240
1570 151
1571 150
1572 184
1573 246
1574 75
1575 93
1576 9
1577 4
1578 101
1579 141
1581 166
1582 96
1583 149
1584 149
1585 226
1586 20
1587 211
1588 10
1589 202
1590 105
1591 9
1593 23
1595 28
1597 42
1599 176
1601 115
1602 212
1603 231
1604 195
1605 194
1607 88
1609 171
1610 6
1611 148
1613 221
1614 35
1615 111
1616 133
1617 242
1618 242
1619 121
1621 73
1623 26
1625 233
1626 228
1627 11
1628 129
1629 147
1630 0
1631 101
1632 82
1633 226
1635 182
1636 99
1637 179
1639 233
1640 58
1643 187
1644 40
1645 95
1646 205
1647 11
1648 124
1650 6
1651 213
1652 107
1653 44
1654 187
1655 88
1656 117
1657 32
1658 82
1659 122
1660 184
1661 239
1662 134
1663 125
1664 86
1665 3
1666 68
1667 229
1668 244
1669 79
1670 144
1671 93
1674 155
1676 131
1677 78
1678 115
1679 23
1681 23
1682 7
1684 186
1685 100
1686 71
1687 46
1688 101
1689 94
1691 63
1692 185
1694 69
1695 122
1696 185
1697 114
1698 202
1699 122
1701 52
1702 106
1703 240
1704 248
1705 114
1706 125
1707 31
1708 219
1709 229
1712 51
1713 64
1715 25
1716 217
1718 95
1719 22
1720 157
1721 39
1722 237
1723 132
1724 117
1725 30
1726 88
1727 101
1728 228
1730 211
1732 155
1733 88
1734 94
1735 1
1736 180
1737 128
1738 157
1739 22
1740 73
1741 45
1742 204
1743 189
1745 226
1747 102
1748 173
1749 34
1750 202
1751 239
1752 18
1753 207
1754 11
1755 128
1756 7
1757 35
1758 189
1759 23
1761 85
1762 30
1764 73
1765 185
1766 153
1767 101
1768 124
1769 128
1771 117
1772 43
1774 60
1775 13
1776 23
1777 231
1778 126
1779 126
1780 34
1781 183
1782 166
1783 28
1784 45
1785 239
1786 33
1788 219
1789 44
1790 119
1791 35
1792 89
1793 215
1794 63
1795 221
1796 242
1797 61
1799 141
1801 72
1802 19
1804 25
1805 31
1806 8
1807 246
1808 9
1809 11
1810 143
1811 88
1813 135
1815 11
1816 43
1817 183
1818 11
1819 239
1820 124
1821 129
1822 246
1824 122
1825 233
1826 153
1827 128
1829 237
1830 47
1831 141
1832 63
1833 13
1834 58
1837 122
1839 215
1840 3
1841 25
1842 177
1843 199
1845 97
1846 134
1847 1
1848 152
1849 70
1850 150
1851 48
1853 41
1854 124
1855 182
1857 192
1858 37
1860 34
1861 16
1863 72
1864 104
1865 224
1866 185
1867 139
1868 232
1869 79
1870 226
1871 171
1873 150
1874 192
1875 121
1876 229
1877 51
1878 80
1879 63
1880 191
1881 37
1882 208
1883 88
1884 238
1885 230
1887 215
1888 202
1889 134
1890 191
1891 70
1894 71
1895 122
1896 124
1897 50
1899 205
1900 52
1902 187
1903 11
1904 28
1906 96
1907 205
1908 184
1909 144
1910 202
1911 78
1912 151
1913 140
1914 73
1915 49
1916 239
1917 200
1918 202
1919 189
1920 182
1921 149
1923 30
1924 42
1925 212
1926 83
1927 184
1928 226
1929 194
1931 232
1933 37
1934 150
1935 229
1936 30
1938 75
1939 143
1940 81
1941 110
1942 193
1943 231
1944 21
1945 0
1947 166
1948 166
1949 111
1950 150
1951 0
1952 171
1953 172
1954 47
1955 122
1957 205
1959 83
1962 71
1964 1
1965 88
1966 99
1967 60
1968 50
1969 142
1970 132
1971 96
1972 50
1973 20
1974 233
1976 37
1977 32
1978 73
1979 83
1980 150
1982 136
1983 70
1985 133
1986 93
1987 22
1991 122
1992 239
1993 233
1994 13
1995 87
1997 191
1998 50
2000 191
2001 56
2003 70
2006 103
2008 80
2009 157
2010 199
2011 20
2012 60
2013 61
2014 81
2015 230
2016 135
2017 0
2018 209
2019 138
2020 54
2021 97
2022 13
2024 93
2025 61
2026 239
2027 238
2028 190
2029 93
2031 128
2032 81
2033 195
2034 47
2035 9
2036 134
2037 153
2038 163
2039 200
2040 32
2041 161
2042 206
2043 93
2044 201
2045 196
2046 83
2047 132
2049 25
2050 94
2051 196
2053 170
2054 23
2055 239
2056 132
2057 241
2058 198
2059 245
2061 120
2062 15
2063 190
2064 63
2065 186
2067 165
2068 157
2069 120
2070 49
2071 244
2072 200
2073 184
2075 209
2076 63
2077 3
2079 150
2080 230
2081 98
2082 202
2083 9
2084 143
2085 244
2086 185
2088 86
2089 97
2090 11
2091 202
2092 46
2093 234
2094 120
2096 230
2097 88
2099 59
2100 196
2101 76
2104 88
2105 212
2107 27
2108 248
2109 139
2110 93
2111 2
2113 43
2114 11
2115 230
2116 241
2117 82
2118 45
2119 3
2121 16
2122 149
2123 40
2124 95
2125 132
2126 223
2127 213
2128 88
2129 44
2130 233
2131 122
2132 81
2133 154
2135 107
2136 83
2137 230
2138 68
2139 207
2140 25
2141 21
2142 44
2143 30
2144 25
2145 30
2147 136
2148 231
2149 41
2150 32
2151 233
2152 73
2153 118
2154 228
2155 147
2156 149
2157 220
2158 2
2159 219
2160 202
2161 110
2162 81
2163 163
2164 118
2167 20
2168 110
2170 18
2171 51
2172 194
2174 129
2175 165
2176 166
2177 22
2178 41
2181 222
2182 140
2183 215
2184 152
2185 93
2187 219
2188 51
2189 11
2190 57
2191 97
2192 68
2195 131
2196 46
2197 161
2198 209
2200 59
2201 56
2203 61
2204 23
2206 33
2208 0
2211 77
2213 70
2214 125
2215 36
2217 83
2219 57
2220 27
2221 184
2222 34
2226 50
2227 141
2229 73
2230 141
2232 37
2233 128
2234 224
2235 27
2236 20
2238 22
2239 213
2240 41
2241 110
2242 70
2243 94
2244 197
2245 216
2246 96
2247 12
2248 4
2249 150
2253 163
2254 245
2257 95
2258 20
2259 233
2260 169
2261 234
2262 41
2263 94
2264 202
2265 149
2266 23
2267 108
2268 128
2269 153
2270 11
2272 99
2274 239
2275 118
2277 230
2279 173
2280 78
2281 230
2282 83
2283 34
2284 227
2286 205
2287 67
2288 185
2289 73
2290 207
2292 248
2293 13
2294 162
2295 201
2296 240
2297 63
2299 98
2300 88
2301 152
2302 179
2303 37
2304 185
2305 68
2306 110
2307 43
2308 72
2309 149
2310 214
2311 45
2312 97
2313 106
2314 231
2315 28
2316 40
2317 138
2318 118
2319 97
2321 207
2322 1
2323 115
2324 58
2325 13
2326 20
2327 18
2328 138
2329 79
2331 166
2332 167
2333 115
2334 191
2335 45
2336 70
2337 3
2338 219
2339 89
2340 72
2341 16
2342 109
2343 232
2344 137
2346 45
2347 83
2348 22
2349 180
2350 107
2351 242
2352 199
2353 171
2354 224
2355 219
2357 132
2358 118
2359 11
2361 211
2363 150
2364 150
2365 109
2366 40
2367 185
2369 79
2370 20
2371 217
2373 79
2374 72
2375 143
2376 107
2378 63
2379 13
2380 124
2381 117
2382 219
2384 178
2385 188
2386 207
2387 96
2388 77
2389 96
2390 83
2391 94
2392 128
2393 146
2394 81
2395 28
2397 63
2398 21
2399 96
2401 33
2403 145
2404 121
2405 21
2406 163
2407 211
2410 244
2412 101
2413 191
2414 37
2415 155
2416 54
2417 57
2418 88
2420 48
2422 43
2425 150
2426 157
2427 228
2428 96
2430 88
2431 144
2432 163
2433 157
2434 78
2435 52
2436 104
2437 247
2438 115
2439 217
2440 42
2441 16
2442 28
2443 38
2444 164
2445 85
2446 216
2447 30
2448 117
2449 215
2450 238
2451 0
2452 122
2453 5
2454 87
2455 153
2456 124
2457 28
2458 52
2460 20
2461 189
2463 64
2464 2
2465 14
2467 239
2468 11
2469 79
2470 100
2471 98
2472 143
2473 228
2474 199
2475 110
2476 133
2477 56
2478 32
2479 231
2480 93
2482 119
2483 94
2484 115
2485 110
2486 44
2488 152
2490 225
2491 72
2492 99
2494 161
2495 24
2497 120
2498 78
2500 191
2501 191
2503 148
2504 21
2505 95
2506 123
2507 79
2508 66
2509 167
2511 149
2512 183
2513 94
2514 225
2515 109
2516 11
2517 32
2518 47
2519 242
2520 29
2522 109
2524 183
2525 110
2526 10
2527 20
2528 150
2529 77
2531 88
2533 22
2534 26
2536 65
2537 155
2538 60
2540 40
2542 226
2543 146
2544 231
2545 196
2546 197
2547 122
2548 22
2549 83
2550 231
2551 73
2552 226
2553 215
2555 150
2556 17
2557 75
2558 20
2559 215
2560 233
2561 70
2562 168
2563 63
2564 231
2566 4
2567 56
2568 111
2569 182
2570 149
2571 155
2572 168
2574 74
2576 72
2577 81
2578 213
2580 89
2582 157
2584 141
2585 123
2586 182
2587 47
2588 239
2589 173
2590 239
2591 156
2592 107
2593 52
2594 73
2596 0
2597 219
2598 53
2599 20
2600 5
2602 219
2603 63
2604 219
2605 149
2606 81
2607 149
2608 196
2609 229
2610 220
2612 116
2613 46
2614 26
2615 141
2616 85
2617 143
2618 164
2619 157
2621 135
2622 120
2623 239
2624 146
2625 101
2626 72
2627 183
2629 115
2630 54
2631 237
2632 73
2633 226
2634 115
2635 140
2636 171
2637 209
2641 85
2642 126
2644 68
2645 239
2647 27
2648 158
2649 25
2650 105
2651 1
2652 212
2653 122
2654 103
2655 25
2656 188
2657 69
2658 88
2660 146
2661 94
2664 127
2665 246
2666 241
2667 151
2668 200
2669 78
2670 207
2671 233
2672 199
2673 37
2675 93
2676 163
2677 214
2678 41
2679 197
2680 29
2681 142
2682 128
2683 158
2684 122
2685 231
2686 163
2687 202
2688 13
2689 104
2690 188
2691 209
2692 126
2694 21
2695 1
2696 182
2697 233
2698 183
2699 6
2700 11
2701 196
2702 215
2703 80
2705 211
2706 180
2709 222
2710 104
2711 118
2712 196
2713 85
2714 233
2716 20
2717 114
2718 247
2721 58
2722 56
2723 127
2726 122
2727 202
2728 151
2729 15
2730 150
2731 33
2732 226
2733 32
2735 151
2737 11
2738 213
2739 219
2741 188
2742 65
2743 120
2744 122
2745 231
2747 11
2748 196
2749 122
2751 0
2752 219
2753 153
2754 15
2756 50
2757 28
2758 194
2759 157
2760 16
2761 96
2762 139
2763 107
2764 194
2765 83
2766 214
2767 190
2768 209
2770 231
2776 217
2777 81
2778 117
2779 239
2780 21
2781 202
2782 42
2784 224
2785 20
2786 140
2787 232
2788 15
2789 11
2790 133
2791 229
2792 233
2793 129
2794 239
2795 88
2797 224
2799 149
2800 97
2801 225
2802 152
2804 153
2805 53
2806 146
2807 107
2808 122
2809 93
2811 215
2812 2
2814 193
2815 217
2816 16
2817 122
2818 225
2820 239
2822 185
2823 191
2824 1
2825 96
2826 68
2827 34
2828 150
2829 241
2830 239
2832 81
2834 122
2835 231
2836 238
2837 15
2838 11
2839 11
2841 77
2842 96
2843 234
2844 230
2845 204
2846 115
2847 160
2848 107
2849 77
2851 13
2852 110
2853 140
2854 59
2855 161
2856 112
2857 115
2858 226
2859 183
2861 228
2862 202
2863 122
2864 184
2866 88
2867 248
2868 18
2869 207
2870 248
2871 44
2873 203
2874 247
2875 43
2876 233
2877 215
2878 122
2879 150
2880 123
2881 139
2883 141
2884 11
2885 239
2886 15
2887 45
2888 197
2891 191
2892 95
2893 29
2894 0
2895 191
2896 16
2898 150
2899 202
2900 24
2901 1
2903 101
2904 185
2905 81
2906 22
2907 122
2909 226
2910 226
2911 205
2912 217
2913 173
2914 122
2915 157
2917 230
2919 119
2920 226
2921 45
2922 107
2923 111
2924 14
2925 142
2926 96
2927 11
2928 153
2929 77
2930 125
2931 196
2932 217
2934 161
2935 239
2936 0
2937 40
2938 7
2940 153
2941 28
2942 20
2943 122
2946 129
2947 10
2948 11
2949 241
2950 25
2951 187
2952 122
2955 11
2956 37
2957 204
2958 81
2960 199
2961 227
2962 184
2964 229
2965 205
2966 28
2967 101
2968 17
2969 191
2970 118
2971 199
2972 239
2973 135
2974 180
2975 61
2976 30
2977 114
2978 90
2979 247
2980 246
2982 40
2983 78
2984 31
2986 6
2987 109
2988 111
2989 197
2990 152
2991 166
2992 47
2994 240
2995 64
2996 75
2997 215
3001 159
3002 119
3003 222
3004 179
3006 249
3007 64
3008 101
3009 247
3011 216
3012 1
3013 238
3014 247
3015 81
3016 226
3018 15
3020 75
3021 7
3022 48
3023 117
3024 75
3025 207
3026 127
3027 128
3028 217
3029 147
3031 216
3034 12
3035 50
3036 224
3037 207
3038 239
3039 171
3040 143
3041 132
3042 57
3043 122
3044 163
3045 225
3046 125
3047 118
3048 109
3049 110
3050 113
3052 215
3053 230
3054 3
3056 20
3057 247
3058 68
3059 53
3060 191
3061 237
3063 247
3064 109
3066 40
3067 155
3068 43
3069 233
3071 224
3072 226
3074 88
3075 221
3076 224
3077 23
3078 38
3080 246
3081 103
3082 78
3083 47
3084 166
3085 132
3086 124
3087 45
3088 52
3089 213
3090 84
3091 63
3092 81
3093 242
3095 11
3096 96
3097 146
3098 135
3101 28
3102 149
3103 202
3104 103
3105 211
3106 99
3109 64
3110 79
3111 111
3112 71
3113 230
3115 242
3116 18
3117 187
3118 7
3119 219
3120 27
3121 216
3122 99
3123 103
3124 95
3126 17
3127 171
3130 93
3133 149
3134 183
3140 213
3141 0
3143 107
3144 60
3145 95
3146 228
3147 226
3150 37
3151 184
3152 42
3153 149
3154 247
3155 215
3156 104
3158 224
3159 94
3162 226
3163 79
3165 129
3166 146
3167 189
3168 18
3169 196
3171 236
3173 65
3174 196
3176 151
3177 30
3179 63
3180 0
3181 139
3182 240
3183 129
3184 73
3185 135
3186 239
3187 129
3188 243
3189 78
3191 86
3192 41
3194 11
3195 248
3196 114
3197 24
3198 179
3201 63
3202 136
3204 184
3208 232
3212 19
3213 169
3214 207
3216 128
3217 108
3218 20
3219 211
3220 0
3221 11
3222 233
3223 0
3224 60
3225 55
3226 231
3227 175
3230 76
3231 211
3233 122
3234 61
3235 68
3236 0
3237 214
3240 23
3243 146
3245 146
3246 219
3247 167
3248 25
3250 191
3253 96
3254 122
3256 11
3257 40
3258 215
3259 107
3261 34
3262 173
3263 75
3264 98
3265 72
3266 166
3268 126
3269 185
3270 69
3271 233
3272 62
3273 37
3274 94
3275 79
3276 27
3277 67
3278 72
3279 245
3280 150
3281 63
3282 209
3283 116
3284 31
3285 234
3286 199
3287 22
3288 12
3289 249
3290 101
3291 117
3292 212
3293 37
3294 148
3295 63
3296 33
3297 63
3301 134
3302 219
3304 30
3306 241
3307 239
3308 156
3309 74
3310 230
3312 140
3314 233
3315 56
3316 239
3317 118
3318 122
3322 5
3325 218
3326 240
3327 114
3328 97
3329 126
3331 16
3333 110
3335 144
3336 209
3337 40
3339 223
3340 37
3341 63
3342 86
3343 191
3345 238
3347 216
3350 57
3351 125
3352 127
3353 93
3354 128
3355 95
3356 61
3357 124
3359 239
3360 11
3362 150
3363 219
3367 81
3368 73
3369 231
3370 149
3371 226
3373 190
3374 185
3375 81
3376 165
3377 117
3379 32
3380 247
3382 153
3383 191
3384 50
3385 176
3386 11
3387 77
3388 134
3389 241
3391 48
3392 110
3393 59
3394 81
3396 11
3397 185
3399 143
3402 103
3403 122
3404 44
3405 48
3406 199
3407 239
3409 13
3412 13
3413 161
3414 93
3415 109
3416 41
3417 3
3418 128
3420 21
3421 44
3422 47
3423 239
3424 173
3426 131
3427 215
3428 44
3430 37
3432 89
3433 15
3434 72
3435 242
3439 25
3440 58
3442 15
3443 230
3444 239
3445 214
3447 224
3448 233
3449 124
3451 215
3452 113
3453 21
3454 122
3455 151
3456 245
3457 204
3458 129
3460 228
3461 239
3462 228
3464 41
3465 27
3466 204
3467 141
3470 32
3471 204
3472 146
3473 143
3474 25
3475 163
3476 32
3477 127
3478 223
3481 14
3482 93
3485 204
3486 0
3487 40
3490 82
3491 237
3493 83
3494 92
3495 151
3496 128
3497 118
3499 117
3500 239
3501 59
3502 232
3503 3
3504 41
3506 20
3507 226
3509 122
3510 63
3511 63
3512 63
3513 17
3514 13
3515 202
3516 46
3517 183
3518 233
3519 219
3520 83
3521 248
3523 59
3525 2
3526 231
3527 83
3528 202
3529 29
3531 25
3532 236
3533 111
3534 207
3535 122
3536 214
3537 7
3538 86
3539 75
3540 111
3541 231
3543 62
3544 122
3545 239
3546 122
3548 202
3549 120
3550 225
3551 128
3552 59
3553 211
3554 146
3555 239
3556 233
3557 99
3558 188
3559 131
3560 11
3561 63
3562 136
3565 226
3566 72
3568 1
3569 34
3571 150
3572 11
3575 239
3579 142
3582 63
3583 12
3584 196
3586 41
3588 239
3590 152
3591 155
3592 133
3593 215
3594 199
3596 82
3598 88
3600 47
3602 205
3604 247
3606 33
3610 144
3612 4
3613 131
3615 65
3616 151
3617 61
3618 15
3622 204
3623 45
3624 4
3625 142
3626 209
3627 158
3630 117
3633 124
3635 46
3637 187
3638 21
3639 249
3640 221
3642 211
3643 233
3644 232
3645 33
3646 11
3647 122
3648 152
3649 152
3650 114
3651 191
3652 2
3653 215
3655 198
3656 140
3657 225
3658 79
3659 41
3660 69
3661 97
3662 186
3663 18
3664 209
3665 33
3667 185
3668 183
3669 58
3672 143
3673 93
3675 122
3677 165
3679 17
3681 213
3683 110
3685 20
3686 204
3688 169
3689 183
3690 141
3691 118
3693 152
3695 157
3696 4
3697 143
3698 140
3699 40
3700 93
3701 86
3702 63
3704 124
3705 26
3706 118
3707 164
3712 224
3713 195
3714 61
3715 18
3716 217
3717 16
3718 244
3719 158
3720 141
3721 94
3722 231
3725 94
3726 161
3727 219
3729 240
3730 118
3733 173
3735 18
3736 81
3737 79
3738 82
3739 74
3741 56
3743 166
3744 50
3745 109
3747 75
3748 195
3749 105
3750 215
3752 10
3753 83
3755 214
3756 1
3757 215
3759 25
3761 30
3762 129
3764 206
3765 53
3767 72
3770 16
3771 25
3772 11
3778 140
3779 223
3781 223
3783 28
3785 81
3786 0
3787 27
3788 132
3790 190
3791 146
3795 223
3797 11
3798 41
3799 118
3800 182
3802 171
3803 133
3804 128
3806 142
3807 125
3810 207
3812 59
3813 60
3814 189
3815 40
3816 68
3817 202
3818 215
3819 239
3820 206
3821 61
3822 122
3824 84
3825 99
3826 196
3828 247
3832 199
3833 121
3834 89
3835 94
3837 111
3838 94
3839 41
3841 63
3843 231
3844 79
3848 202
3849 53
3850 113
3851 156
3852 113
3855 78
3856 152
3858 3
3859 138
3861 72
3863 30
3865 194
3866 207
3867 233
3868 178
3870 94
3871 37
3874 116
3875 162
3876 199
3877 207
3878 83
3879 122
3881 161
3883 230
3884 30
3886 37
3887 97
3888 188
3889 27
3891 224
3892 120
3893 239
3894 83
3896 199
3901 25
3902 128
3904 199
3905 18
3907 117
3908 82
3909 224
3910 233
3912 248
3913 1
3914 143
3915 158
3916 145
3918 52
3919 52
3920 119
3921 86
3922 212
3924 197
3925 128
3926 242
3927 197
3928 81
3930 111
3931 202
3932 23
3933 122
3935 230
3936 122
3937 156
3941 88
3942 48
3943 96
3945 110
3946 95
3947 233
3949 115
3950 96
3951 238
3954 15
3957 121
3958 115
3959 225
3960 69
3961 56
3962 17
3964 214
3965 25
3967 239
3968 238
3970 149
3971 89
3972 147
3976 242
3978 185
3979 58
3980 189
3981 37
3982 126
3983 21
3985 67
3986 122
3987 77
3988 230
3989 215
3990 11
3991 21
3992 25
3994 56
3997 233
3998 81
3999 219
4000 25
4001 131
4002 249
4003 219
4004 114
4006 73
4009 194
4011 149
4012 27
4013 219
4014 20
4015 199
4016 44
4018 219
4019 142
4020 122
4021 95
4022 89
4023 234
4024 29
4026 199
4027 26
4028 79
4029 155
4030 241
4031 83
4032 83
4033 96
4034 117
4035 196
4038 215
4039 118
4040 97
4043 244
4044 45
4045 40
4047 22
4051 59
4052 46
4054 173
4055 34
4056 59
4057 231
4059 16
4060 129
4063 37
4065 95
4066 1
4067 2
4068 107
4071 195
4072 104
4074 11
4076 118
4078 93
4080 202
4081 56
4082 96
4083 122
4085 212
4086 156
4087 150
4088 32
4090 47
4091 123
4092 161
4093 158
4094 147
4095 118
4096 155
4097 122
4100 156
4103 34
4104 21
4105 54
4107 32
4110 116
4111 46
4113 86
4114 81
4116 194
4117 131
4119 224
4121 57
4123 73
4124 9
4125 207
4126 222
4128 34
4129 115
4130 45
4132 212
4133 248
4135 236
4136 21
4137 45
4138 83
4143 66
4145 150
4147 37
4148 217
4149 21
4150 42
4151 0
4153 158
4154 173
4155 192
4158 41
4159 224
4160 153
4161 59
4162 179
4163 11
4165 128
4166 152
4167 178
4169 2
4171 129
4173 202
4175 202
4176 84
4178 51
4179 199
4180 117
4181 152
4183 182
4185 15
4187 11
4188 147
4190 103
4191 84
4192 79
4193 122
4194 99
4195 74
4196 75
4197 143
4198 226
4199 89
4200 33
4201 6
4202 37
4203 42
4208 196
4209 202
4210 13
4211 93
4213 174
4214 245
4215 41
4216 196
4218 95
4219 177
4221 39
4223 135
4224 231
4226 150
4227 96
4229 149
4230 246
4231 50
4233 0
4234 45
4235 182
4237 165
4239 137
4240 42
4241 202
4242 26
4243 88
4244 205
4245 183
4246 21
4247 0
4248 202
4250 120
4251 230
4253 18
4255 124
4256 163
4258 94
4260 33
4261 171
4262 41
4265 143
4268 122
4269 99
4271 199
4274 217
4275 44
4276 43
4277 14
4278 78
4279 111
4281 25
4282 199
4283 196
4284 214
4285 77
4286 195
4287 239
4288 110
4289 202
4291 191
4292 11
4294 173
4295 143
4296 242
4297 81
4298 133
4299 226
4301 24
4303 196
4304 207
4309 184
4310 157
4311 142
4312 213
4313 21
4315 11
4316 25
4317 224
4318 125
4321 191
4322 235
4323 30
4326 184
4327 64
4329 0
4330 70
4331 218
4332 20
4333 0
4335 48
4336 126
4337 246
4338 219
4339 30
4340 107
4341 32
4342 173
4343 73
4344 49
4345 72
4350 89
4351 248
4355 143
4356 83
4357 88
4360 37
4361 28
4362 220
4364 106
4365 64
4366 143
4367 76
4368 56
4370 107
4372 120
4373 239
4374 4
4377 2
4379 3
4380 183
4382 225
4383 226
4385 85
4386 213
4387 0
4388 152
4389 93
4390 131
4391 226
4392 141
4393 33
4395 128
4396 229
4397 40
4398 131
4400 11
4402 21
4405 146
4407 151
4409 219
4410 124
4411 243
4412 122
4413 226
4415 73
4417 48
4418 1
4419 111
4420 104
4421 105
4422 161
4424 214
4425 93
4428 52
4429 231
4430 65
4434 223
4435 128
4436 49
4437 213
4438 158
4439 138
4440 150
4442 35
4443 173
4445 114
4446 120
4448 107
4449 193
4451 95
4453 199
4454 146
4455 156
4457 62
4459 242
4462 216
4463 22
4465 239
4466 1
4467 206
4468 81
4471 239
4472 228
4473 160
4475 12
4477 215
4478 230
4479 194
4480 150
4481 84
4483 43
4485 196
4487 224
4488 0
4489 156
4492 191
4493 11
4494 156
4495 11
4497 182
4499 248
4502 24
4503 108
4506 217
4507 173
4508 109
4509 2
4510 90
4511 167
4512 63
4514 133
4515 159
4516 233
4518 184
4519 152
4520 9
4521 28
4522 231
4523 45
4525 207
4526 160
4527 141
4528 41
4531 48
4532 141
4536 188
4537 88
4538 226
4539 230
4540 196
4542 2
4543 233
4544 191
4546 93
4548 78
4549 86
4551 196
4552 11
4556 212
4557 215
4558 191
4560 131
4561 221
4562 237
4565 77
4566 107
4567 213
4568 208
4569 28
4571 231
4573 3
4574 143
4575 153
4579 239
4580 42
4582 30
4583 115
4584 228
4585 155
4587 118
4588 11
4589 147
4590 199
4591 10
4592 101
4595 212
4596 97
4597 13
4598 147
4600 213
4601 13
4603 191
4604 174
4605 231
4606 14
4608 112
4609 220
4610 107
4611 149
4612 245
4613 231
4616 207
4618 122
4624 100
4625 23
4626 202
4628 98
4630 163
4631 129
4632 88
4633 107
4635 113
4636 225
4637 0
4639 111
4640 132
4642 161
4643 21
4644 90
4645 93
4647 139
4649 142
4652 4
4653 50
4654 0
4655 80
4656 89
4657 135
4658 170
4659 224
4661 151
4662 196
4665 58
4667 101
4669 37
4670 194
4671 215
4672 232
4674 231
4675 14
4677 226
4680 4
4681 180
4682 46
4683 162
4684 122
4687 218
4690 137
4691 30
4692 75
4695 215
4696 182
4697 89
4698 182
4700 199
4701 13
4702 111
4704 109
4705 216
4708 161
4710 29
4711 225
4714 10
4715 198
4716 56
4717 98
4718 0
4719 230
4722 60
4723 59
4725 82
4726 231
4727 239
4728 118
4729 239
4731 101
4732 93
4733 239
4734 51
4735 183
4736 191
4739 89
4740 198
4742 122
4743 15
4744 47
4747 56
4748 225
4749 19
4751 24
4752 42
4753 79
4755 177
4756 42
4757 37
4758 41
4762 96
4764 72
4765 239
4766 101
4768 143
4771 17
4773 224
4775 198
4777 37
4778 226
4780 16
4781 42
4782 137
4783 42
4785 40
4787 191
4788 58
4789 9
4790 110
4791 199
4792 233
4793 58
4794 59
4795 247
4799 141
4800 247
4802 220
4804 7
4805 17
4807 199
4808 193
4809 233
4811 195
4814 82
4815 211
4818 211
4820 20
4821 11
4822 213
4824 120
4828 9
4829 2
4830 3
4831 226
4833 229
4834 25
4835 111
4836 164
4837 21
4838 25
4839 98
4840 215
4841 241
4842 149
4843 164
4844 196
4846 219
4848 79
4850 103
4851 127
4852 207
4853 194
4854 138
4855 190
4856 173
4857 65
4858 72
4860 48
4861 224
4862 236
4863 227
4865 248
4866 11
4868 1
4869 93
4870 42
4871 45
4872 173
4874 9
4875 150
4878 191
4879 239
4881 75
4882 4
4884 224
4886 157
4887 215
4888 152
4889 236
4890 82
4892 30
4894 0
4896 34
4897 60
4898 185
4900 30
4901 152
4902 240
4904 239
4906 226
4908 247
4909 127
4911 158
4912 89
4913 25
4916 34
4917 226
4918 198
4920 27
4921 161
4922 157
4923 76
4924 215
4926 248
4927 135
4929 239
4930 30
4931 52
4932 24
4933 153
4934 4
4937 150
4938 40
4941 11
4943 97
4944 118
4945 91
4946 13
4947 215
4951 45
4952 198
4953 28
4955 205
4956 34
4957 199
4959 226
4962 23
4963 59
4966 61
4968 173
4969 202
4970 33
4971 51
4972 112
4974 83
4975 199
4976 191
4979 68
4982 194
4985 152
4986 143
4987 168
4988 10
4989 56
4991 142
4992 75
4994 165
4995 217
4997 182
4998 97
4999 191
