0 177
1 107
2 215
3 192
5 244
6 192
7 18
8 8
9 246
10 131
11 237
12 71
13 216
14 203
15 106
16 181
17 7
18 155
20 209
21 52
22 123
23 209
24 111
25 155
26 44
27 59
28 56
29 19
30 132
31 155
32 67
33 154
34 229
35 214
36 181
37 169
38 131
39 229
40 230
42 48
43 164
44 37
45 83
46 51
47 85
48 58
49 161
50 117
51 165
52 132
53 29
54 5
55 48
56 159
57 117
58 95
59 70
60 209
62 140
63 114
64 163
65 210
66 143
67 197
68 63
69 155
70 159
71 132
72 229
73 31
75 201
76 235
77 18
78 15
79 22
80 161
81 195
83 103
84 146
85 110
86 185
87 164
88 237
90 88
91 10
92 48
93 157
94 18
95 226
96 208
97 233
98 131
99 66
101 118
102 136
103 109
104 201
105 55
106 207
107 229
108 21
109 139
110 173
112 217
114 8
115 52
116 151
117 203
119 10
120 18
121 236
122 28
123 208
124 39
125 14
126 44
127 249
128 37
129 168
130 185
132 69
133 247
134 109
135 118
136 40
137 90
138 230
139 119
140 185
141 155
142 183
143 156
144 106
146 122
147 48
148 201
150 88
151 163
152 89
153 214
154 56
155 26
156 235
157 44
158 140
159 238
160 88
161 132
162 20
163 140
164 239
165 212
166 169
167 71
168 151
169 52
170 104
171 52
172 78
173 47
174 151
175 75
176 42
177 127
178 135
179 241
180 208
181 121
182 28
183 86
184 45
185 63
186 219
187 52
188 86
189 108
190 208
191 88
192 54
193 70
194 135
195 52
196 195
197 177
198 180
199 87
200 32
201 209
202 22
203 70
204 27
206 71
207 154
208 52
209 239
211 77
212 1
213 228
214 61
215 140
216 116
217 47
218 162
219 69
220 155
221 214
222 152
223 28
224 132
225 51
226 121
227 97
228 127
229 71
230 88
231 18
232 48
233 173
235 132
236 147
237 224
238 246
239 52
240 84
241 155
242 170
243 151
244 96
245 155
246 140
247 151
248 220
249 18
250 1
251 142
252 132
254 193
256 151
257 104
258 52
259 132
260 117
261 52
262 18
263 3
264 1
265 240
266 193
267 159
268 3
269 140
270 234
271 177
272 10
273 171
274 154
275 190
277 185
278 170
279 170
280 141
282 38
283 52
284 38
285 208
286 106
287 228
288 52
289 34
290 17
291 88
292 123
293 7
294 206
295 60
296 229
297 82
298 93
299 173
300 110
301 164
302 52
303 52
304 72
305 173
306 77
307 148
308 135
309 198
310 169
312 106
313 98
314 235
315 195
316 28
317 64
318 18
319 220
320 248
321 182
322 110
323 159
324 184
325 13
326 140
327 145
328 18
329 52
330 29
331 132
332 57
333 33
334 190
335 45
337 173
338 140
339 81
340 249
341 120
342 93
344 188
345 109
346 244
347 71
348 114
349 28
350 60
351 60
352 88
353 78
354 217
356 52
357 101
358 154
359 143
360 60
361 42
362 216
363 108
364 34
365 219
366 231
367 131
368 213
369 42
370 225
372 233
373 142
374 4
375 103
376 23
377 239
378 92
379 228
380 182
381 192
382 31
383 104
384 218
385 31
386 223
387 88
388 233
389 205
390 162
391 109
392 78
393 208
394 133
395 181
396 19
397 63
398 88
399 88
400 189
401 24
402 9
403 114
404 135
405 131
406 126
407 140
408 3
409 145
410 48
411 228
412 63
413 149
414 209
415 111
416 29
417 203
418 190
419 192
420 103
421 89
422 147
423 17
424 169
425 190
426 199
427 100
428 70
429 15
430 11
431 98
432 14
433 52
434 167
435 88
436 39
437 208
438 6
440 102
441 233
442 132
443 104
444 208
445 130
446 228
447 206
448 203
449 123
450 154
451 28
452 72
453 42
454 211
455 96
457 244
458 196
459 217
460 26
461 36
462 224
463 204
464 192
465 177
466 50
467 235
468 186
469 182
470 53
471 18
472 11
473 43
474 229
475 107
476 194
477 173
478 31
479 208
480 31
481 231
482 110
483 0
484 110
485 230
486 140
487 104
489 42
490 39
491 139
492 96
493 48
494 87
495 179
496 104
497 9
498 175
499 229
501 190
502 214
503 237
506 58
509 164
510 7
511 19
512 203
513 192
516 136
518 76
519 98
520 155
521 109
522 49
523 93
524 168
525 145
527 192
528 156
529 150
530 151
531 132
532 51
533 62
534 93
535 88
536 45
537 14
539 95
540 123
541 78
542 63
543 168
544 1
545 121
546 132
547 47
549 104
550 246
551 239
552 226
553 18
554 35
555 234
556 229
557 233
558 228
559 112
560 144
562 21
563 151
564 173
567 111
568 112
569 39
570 22
571 156
572 5
573 71
574 60
575 232
576 127
577 93
578 210
579 7
580 82
581 17
582 164
583 221
584 157
585 18
586 194
587 88
588 6
589 190
590 182
592 246
594 11
595 107
596 224
597 172
598 39
599 8
600 38
601 222
602 70
604 132
605 167
606 238
607 155
608 186
609 33
610 88
611 55
612 25
613 229
614 17
615 52
616 231
617 187
618 70
619 185
620 130
621 175
622 88
623 121
624 1
625 144
626 21
627 202
628 15
629 58
630 162
631 114
632 63
633 29
634 112
635 20
636 29
637 28
638 173
639 69
640 160
641 183
642 11
643 7
644 11
645 4
646 129
647 231
648 151
651 68
652 213
653 43
654 103
655 49
656 150
657 43
658 246
659 143
660 54
661 78
662 118
663 214
664 54
665 125
666 89
667 71
668 142
670 150
671 213
672 32
673 219
674 192
675 104
676 7
678 14
679 46
680 110
681 104
682 122
684 167
685 185
686 170
687 158
688 182
689 99
690 151
691 163
692 8
693 220
694 60
695 242
696 7
697 244
698 202
699 63
701 211
702 32
703 242
705 190
706 87
707 246
708 14
709 193
710 162
711 137
712 3
713 182
714 248
716 127
717 189
718 230
720 164
722 230
723 190
724 114
725 29
726 127
727 103
728 33
729 140
730 137
731 173
732 231
733 55
734 190
735 233
736 123
737 61
738 125
739 42
740 31
741 8
742 219
743 206
744 174
745 147
746 52
747 133
748 172
749 31
751 1
752 123
753 105
754 175
755 43
756 88
757 8
758 61
760 196
761 88
762 15
764 71
765 115
766 118
767 96
768 49
769 52
770 64
771 217
772 92
773 161
774 52
775 122
776 234
777 26
778 110
779 116
780 20
781 11
782 237
783 216
784 56
785 200
787 190
789 182
790 58
791 104
793 149
794 239
795 208
796 167
797 233
798 228
799 23
800 33
801 170
802 52
803 12
804 192
805 70
806 193
807 173
808 102
809 110
810 247
811 92
812 72
813 20
814 170
815 52
817 52
818 229
819 20
820 97
821 68
822 227
823 135
824 9
826 42
827 49
828 102
829 75
830 92
831 23
832 17
833 113
834 77
835 35
836 240
837 122
838 52
840 110
841 52
843 60
846 124
847 172
848 181
849 133
850 70
852 8
853 160
855 156
856 203
857 18
858 65
859 130
860 56
861 139
862 202
863 197
864 131
865 12
866 93
867 155
868 126
869 225
871 183
872 31
873 121
874 42
875 184
876 27
877 9
878 53
879 170
881 155
882 123
883 4
884 222
885 20
888 95
889 198
890 96
891 109
892 220
893 110
894 157
895 182
896 46
897 209
898 78
899 164
900 195
901 32
902 0
903 164
904 93
905 225
906 67
907 59
909 59
910 142
911 71
912 239
913 19
914 123
915 131
916 77
917 132
918 123
919 145
920 208
921 52
922 33
923 192
924 219
925 191
926 80
927 121
928 99
929 42
930 231
931 128
932 87
933 59
934 240
936 56
938 52
939 28
940 99
941 162
942 167
943 207
944 215
946 89
947 48
948 225
949 141
950 130
953 98
954 21
955 208
956 150
957 64
958 14
959 100
960 2
961 164
962 91
963 58
964 55
965 159
967 64
968 110
969 136
970 104
971 24
972 99
973 81
974 94
975 43
977 187
978 48
979 12
980 113
981 217
982 43
983 40
984 122
985 56
987 109
988 27
989 175
990 1
991 228
992 31
993 7
994 157
995 233
996 132
998 33
999 182
1000 176
1001 211
1002 132
1003 34
1004 48
1005 183
1006 103
1009 107
1010 226
1011 1
1013 134
1014 196
1015 155
1016 55
1017 63
1019 171
1020 189
1021 11
1022 155
1023 40
1024 128
1025 126
1027 186
1028 7
1029 229
1030 228
1031 52
1032 13
1034 152
1035 217
1036 170
1037 205
1038 61
1040 149
1042 183
1044 129
1045 109
1046 141
1047 162
1048 1
1049 164
1050 53
1052 239
1053 54
1054 209
1055 203
1057 131
1058 64
1059 112
1060 145
1061 99
1062 203
1063 132
1064 147
1065 123
1066 88
1067 186
1068 32
1069 139
1070 9
1071 222
1072 140
1074 69
1075 191
1076 79
1077 78
1078 185
1079 137
1080 8
1081 190
1082 186
1083 36
1084 164
1085 209
1086 104
1087 200
1088 7
1089 203
1090 47
1091 240
1092 186
1093 190
1094 32
1095 194
1097 116
1098 165
1099 198
1100 85
1101 72
1103 172
1104 224
1105 105
1106 101
1107 123
1108 67
1110 131
1111 174
1112 140
1113 75
1114 71
1115 64
1116 165
1117 182
1118 196
1119 57
1120 181
1121 72
1122 80
1123 32
1124 9
1125 182
1126 134
1127 247
1128 67
1129 197
1130 63
1131 86
1133 36
1134 52
1135 155
1137 60
1139 216
1140 19
1141 125
1142 107
1143 19
1144 163
1145 104
1146 72
1147 213
1148 40
1149 91
1150 224
1151 122
1154 161
1155 145
1158 185
1159 240
1160 168
1162 103
1163 125
1165 54
1166 36
1167 201
1168 199
1169 8
1170 26
1171 78
1172 164
1173 222
1174 48
1177 158
1178 79
1179 34
1180 20
1181 151
1183 1
1184 114
1185 0
1186 203
1187 5
1188 32
1189 159
1190 61
1191 87
1192 159
1193 182
1194 181
1195 85
1196 99
1197 148
1198 104
1200 107
1201 28
1203 43
1205 109
1206 11
1207 155
1209 236
1210 148
1211 29
1212 224
1213 86
1214 194
1215 162
1216 14
1217 209
1218 248
1219 104
1220 228
1221 239
1222 146
1223 78
1225 143
1226 61
1227 150
1228 157
1229 7
1230 110
1232 129
1234 161
1235 113
1237 54
1238 94
1239 111
1240 229
1241 34
1242 192
1243 87
1245 209
1246 81
1247 180
1248 162
1249 168
1250 2
1251 52
1252 137
1253 30
1255 40
1256 146
1257 154
1258 86
1259 50
1260 134
1261 102
1262 55
1263 149
1265 239
1266 1
1267 192
1269 203
1270 0
1271 155
1272 166
1273 52
1274 228
1275 54
1277 104
1278 52
1279 91
1281 230
1283 132
1284 225
1285 20
1286 82
1289 231
1290 86
1291 20
1292 85
1293 236
1294 31
1295 107
1296 237
1297 21
1298 182
1299 164
1300 192
1302 18
1303 34
1305 211
1306 166
1307 102
1308 137
1310 85
1311 32
1313 89
1314 109
1315 140
1316 11
1319 82
1320 57
1321 192
1323 158
1324 36
1325 135
1326 135
1327 192
1328 67
1329 53
1330 54
1332 29
1333 52
1334 63
1335 78
1336 155
1337 181
1339 60
1340 28
1341 157
1343 113
1344 73
1345 208
1346 20
1347 6
1348 68
1349 163
1350 124
1351 20
1352 91
1354 239
1355 18
1357 231
1358 50
1359 118
1360 79
1361 76
1362 93
1363 175
1364 138
1365 99
1366 135
1367 10
1368 44
1369 49
1372 246
1373 45
1374 54
1375 137
1376 175
1377 210
1378 52
1380 138
1381 88
1382 208
1384 246
1385 52
1387 105
1388 199
1389 29
1391 151
1392 54
1393 238
1394 14
1396 128
1397 58
1399 36
1400 139
1401 41
1402 121
1403 48
1404 226
1405 233
1406 55
1410 97
1411 195
1412 141
1413 222
1414 238
1415 115
1416 164
1417 186
1418 20
1419 183
1420 91
1421 63
1422 27
1423 122
1425 230
1426 172
1427 28
1429 32
1431 52
1432 229
1433 218
1434 59
1436 50
1438 55
1439 123
1440 32
1441 116
1442 9
1443 154
1444 110
1445 15
1446 186
1447 173
1448 51
1449 32
1450 52
1451 53
1452 140
1454 192
1455 82
1456 155
1457 228
1459 20
1460 245
1461 229
1462 134
1463 209
1464 57
1465 26
1466 175
1467 220
1468 53
1469 173
1470 9
1471 67
1472 46
1473 102
1474 178
1475 107
1476 107
1479 208
1480 224
1481 125
1482 194
1483 74
1484 28
1486 19
1487 116
1490 3
1491 192
1492 56
1493 182
1495 131
1496 83
1497 115
1498 71
1499 31
1500 9
1502 106
1503 2
1504 7
1506 0
1507 238
1508 132
1509 87
1510 229
1512 186
1514 175
1515 52
1517 185
1518 77
1520 149
1521 161
1522 98
1523 98
1524 11
1525 209
1526 239
1527 29
1528 249
1529 216
1530 104
1531 209
1532 151
1534 181
1535 173
1536 159
1537 151
1538 67
1540 1
1541 7
1542 49
1543 44
1544 8
1545 150
1546 165
1547 48
1549 230
1551 63
1552 48
1553 20
1554 237
1555 54
1556 129
1557 148
1558 127
1560 184
1563 51
1565 140
1566 121
1567 13
1568 124
1570 42
1572 16
1573 123
1574 184
1575 233
1576 24
1577 77
1579 93
1581 115
1582 182
1585 235
1586 132
1587 24
1588 178
1589 239
1590 108
1591 107
1593 56
1595 48
1599 141
1601 43
1602 99
1603 54
1604 154
1605 68
1607 223
1609 78
1610 208
1611 82
1613 78
1614 205
1615 180
1616 178
1617 142
1618 123
1619 52
1621 88
1623 0
1625 132
1626 72
1628 54
1629 61
1630 87
1631 52
1632 134
1633 151
1635 175
1636 224
1637 51
1639 71
1640 190
1643 183
1644 39
1645 182
1646 73
1648 1
1650 208
1651 121
1652 140
1653 65
1654 183
1655 93
1656 192
1657 82
1658 87
1659 87
1660 16
1661 48
1662 32
1663 46
1664 159
1665 1
1666 112
1667 5
1668 13
1669 113
1670 170
1671 104
1674 242
1676 59
1677 162
1678 44
1679 185
1681 153
1682 17
1684 55
1685 235
1686 114
1687 118
1688 128
1689 152
1691 8
1692 24
1694 101
1695 132
1696 232
1697 194
1698 7
1699 28
1701 41
1702 213
1703 124
1704 1
1705 164
1706 181
1707 22
1708 82
1709 1
1712 35
1713 117
1715 192
1716 182
1718 52
1719 60
1720 140
1721 63
1722 120
1723 164
1724 186
1725 48
1726 223
1727 31
1728 126
1730 179
1732 57
1733 29
1734 74
1735 131
1736 101
1737 168
1738 94
1739 172
1740 29
1741 217
1742 222
1743 20
1747 91
1748 112
1749 18
1750 7
1751 109
1752 237
1753 88
1754 230
1755 33
1756 17
1757 127
1758 20
1759 219
1761 90
1764 8
1765 63
1766 107
1767 82
1768 10
1769 33
1771 217
1772 151
1774 175
1775 105
1776 186
1777 15
1778 96
1779 2
1780 34
1781 81
1782 149
1783 204
1784 44
1785 182
1786 221
1788 82
1789 165
1790 49
1791 127
1792 120
1793 155
1794 9
1795 78
1796 78
1797 72
1799 217
1801 173
1802 243
1804 155
1805 22
1806 137
1807 202
1808 107
1810 206
1811 186
1813 179
1815 68
1816 43
1817 220
1818 71
1819 208
1820 115
1821 246
1822 82
1824 194
1825 1
1826 94
1827 87
1829 120
1830 92
1831 228
1832 85
1833 105
1834 64
1837 27
1839 8
1840 199
1841 132
1842 57
1843 27
1845 88
1846 104
1847 186
1848 68
1849 229
1850 9
1851 205
1853 87
1854 1
1855 128
1857 13
1858 229
1860 64
1861 90
1863 54
1864 158
1865 52
1866 63
1867 175
1868 110
1869 113
1871 122
1873 127
1874 13
1875 129
1876 150
1877 236
1878 71
1879 85
1880 155
1881 239
1882 20
1883 93
1884 155
1885 151
1887 209
1889 9
1890 225
1891 37
1894 114
1895 194
1896 103
1897 31
1899 73
1900 150
1902 183
1904 204
1906 225
1907 73
1908 110
1909 174
1910 1
1911 231
1912 75
1913 26
1914 4
1915 37
1916 100
1917 43
1918 209
1919 20
1920 168
1921 162
1923 155
1924 68
1925 238
1926 115
1927 192
1928 145
1929 235
1931 32
1933 52
1934 241
1935 150
1936 121
1938 184
1939 18
1940 8
1941 193
1942 132
1943 54
1944 210
1947 99
1948 219
1949 122
1950 156
1952 74
1953 0
1954 37
1955 1
1957 73
1959 202
1962 114
1964 56
1966 106
1967 128
1968 86
1969 156
1970 81
1972 194
1973 151
1974 19
1976 242
1977 243
1978 76
1979 109
1980 208
1982 159
1983 190
1985 211
1986 188
1987 172
1991 18
1992 155
1993 216
1994 191
1995 245
1997 246
1998 146
2000 200
2001 74
2003 7
2006 151
2008 228
2009 94
2010 229
2011 214
2012 175
2013 227
2014 8
2016 48
2018 66
2019 25
2020 87
2021 239
2022 191
2024 109
2025 40
2026 233
2027 136
2028 114
2029 239
2031 33
2032 15
2033 154
2034 92
2035 232
2036 32
2037 45
2038 109
2039 183
2040 242
2041 83
2042 127
2043 145
2044 21
2045 134
2046 68
2047 135
2049 151
2050 34
2051 28
2053 169
2054 186
2055 48
2056 194
2057 177
2058 28
2059 201
2061 228
2062 249
2063 62
2065 55
2067 133
2068 140
2069 143
2070 37
2071 122
2072 43
2073 27
2075 66
2076 109
2077 122
2079 241
2081 209
2082 93
2083 140
2084 68
2085 247
2086 12
2088 89
2089 118
2091 175
2092 0
2093 188
2094 143
2096 1
2099 19
2100 1
2101 122
2104 88
2105 18
2107 144
2108 19
2109 175
2110 88
2111 219
2113 205
2115 196
2116 68
2117 134
2118 68
2119 30
2121 110
2122 231
2123 84
2124 70
2125 135
2126 198
2127 78
2128 192
2129 146
2130 192
2131 185
2133 150
2135 208
2136 32
2137 71
2138 188
2139 52
2141 185
2142 165
2143 121
2144 242
2145 121
2147 195
2148 54
2150 9
2151 151
2152 151
2153 88
2154 113
2155 61
2156 185
2157 164
2158 5
2160 34
2161 82
2162 73
2163 114
2164 132
2167 69
2168 34
2170 197
2171 35
2172 233
2174 64
2175 133
2176 127
2177 206
2178 151
2181 155
2182 144
2183 52
2184 86
2185 42
2187 7
2188 35
2190 61
2191 110
2192 112
2196 40
2197 225
2198 105
2200 233
2201 215
2203 72
2204 153
2206 12
2211 167
2213 75
2214 131
2215 108
2217 171
2219 61
2220 65
2221 229
2222 145
2226 31
2227 169
2229 163
2230 53
2232 60
2233 239
2234 190
2235 36
2236 172
2238 129
2239 207
2240 7
2241 34
2242 83
2243 201
2244 28
2245 103
2246 140
2247 71
2248 88
2249 241
2253 187
2254 246
2257 104
2259 8
2260 226
2261 93
2263 74
2265 231
2266 3
2267 9
2268 248
2269 132
2270 233
2272 224
2274 208
2275 132
2277 219
2279 135
2280 162
2281 1
2282 132
2283 135
2284 38
2286 73
2287 163
2288 203
2289 163
2290 225
2292 1
2293 105
2294 58
2295 21
2296 244
2297 52
2299 209
2300 223
2301 65
2302 51
2303 142
2304 7
2305 186
2306 193
2307 140
2308 54
2309 110
2310 19
2311 104
2312 28
2313 181
2314 54
2315 204
2316 129
2317 25
2318 48
2319 229
2321 137
2322 155
2323 44
2324 71
2325 24
2326 34
2327 237
2328 25
2329 64
2331 149
2332 14
2333 167
2334 15
2335 48
2336 91
2337 30
2338 224
2339 120
2340 54
2341 69
2342 117
2343 110
2344 156
2346 168
2347 212
2348 28
2349 120
2350 52
2352 77
2353 190
2354 161
2355 82
2357 86
2358 122
2361 24
2363 137
2364 92
2365 48
2366 129
2367 179
2369 115
2370 132
2371 208
2373 104
2374 196
2375 145
2376 185
2378 173
2379 185
2380 74
2381 217
2382 106
2384 237
2385 103
2386 52
2387 118
2388 60
2389 155
2390 29
2391 7
2392 222
2393 10
2394 219
2395 7
2397 208
2398 188
2399 230
2401 7
2403 76
2404 216
2405 210
2406 210
2407 56
2410 91
2412 44
2413 132
2414 18
2415 153
2416 87
2417 61
2418 93
2420 115
2422 23
2425 8
2426 94
2427 126
2428 151
2430 223
2431 170
2432 210
2433 94
2434 52
2435 242
2436 190
2437 233
2438 55
2439 234
2440 18
2442 225
2443 19
2444 151
2445 43
2446 40
2447 30
2450 139
2451 219
2452 28
2453 91
2454 141
2455 226
2456 1
2457 63
2458 41
2460 172
2461 20
2463 242
2464 71
2465 42
2467 151
2468 54
2469 124
2470 235
2471 209
2472 185
2473 126
2474 208
2475 135
2476 211
2477 73
2478 162
2479 54
2482 49
2483 225
2484 81
2485 35
2486 65
2488 136
2490 103
2491 132
2492 209
2494 231
2495 97
2497 143
2498 190
2500 8
2501 234
2503 114
2504 210
2505 132
2506 18
2507 115
2508 78
2509 14
2512 9
2513 14
2514 220
2515 140
2516 28
2517 19
2518 92
2519 186
2520 141
2522 193
2524 81
2525 188
2526 178
2527 63
2528 132
2529 75
2531 186
2533 172
2534 0
2536 71
2537 214
2538 201
2540 46
2542 175
2543 110
2544 246
2545 119
2546 137
2547 146
2548 52
2549 89
2550 209
2551 151
2552 116
2553 14
2555 208
2556 128
2557 79
2558 172
2559 140
2560 78
2561 75
2562 145
2563 68
2564 190
2566 164
2567 153
2568 47
2569 185
2570 14
2571 35
2572 28
2574 58
2576 200
2577 42
2578 247
2580 97
2582 94
2584 169
2585 29
2586 168
2587 169
2589 155
2590 15
2591 56
2592 196
2593 221
2594 18
2596 115
2597 230
2598 40
2599 8
2600 122
2602 64
2603 58
2604 195
2605 60
2606 118
2607 192
2608 56
2609 1
2610 190
2612 130
2613 218
2614 0
2615 93
2616 69
2617 206
2618 151
2619 94
2621 78
2622 8
2623 229
2624 147
2625 82
2626 132
2627 81
2629 60
2630 234
2631 120
2632 8
2633 116
2634 55
2635 26
2636 122
2637 145
2641 90
2642 202
2644 112
2645 214
2647 145
2648 17
2649 246
2650 88
2651 132
2652 8
2654 26
2655 196
2656 39
2657 21
2658 235
2660 236
2661 115
2664 240
2665 123
2666 125
2667 42
2668 11
2669 52
2670 63
2671 60
2672 186
2673 67
2675 15
2676 210
2677 206
2678 211
2679 204
2680 141
2681 52
2682 222
2683 60
2684 109
2685 31
2686 44
2688 214
2689 231
2690 139
2691 66
2692 92
2694 107
2695 182
2696 168
2697 109
2698 9
2699 236
2701 89
2702 88
2703 218
2705 11
2706 76
2709 104
2710 103
2711 68
2712 147
2713 208
2714 173
2716 135
2717 194
2718 194
2721 64
2722 215
2723 219
2726 54
2727 132
2728 42
2729 101
2730 127
2731 52
2732 55
2733 71
2735 75
2738 207
2739 23
2741 39
2742 237
2743 143
2744 71
2745 15
2747 132
2748 78
2749 82
2751 208
2752 82
2754 46
2756 173
2757 192
2758 187
2759 7
2760 60
2761 209
2762 175
2763 88
2764 187
2765 191
2766 237
2767 62
2768 105
2770 43
2776 182
2777 15
2778 214
2779 194
2780 109
2781 60
2785 182
2786 26
2787 4
2788 249
2789 155
2790 211
2791 150
2792 172
2793 44
2794 194
2795 9
2797 230
2799 32
2800 118
2801 155
2802 65
2804 226
2805 75
2806 96
2807 174
2808 31
2809 86
2811 88
2812 5
2814 110
2815 182
2816 132
2817 31
2818 3
2820 155
2822 232
2824 246
2825 182
2826 112
2827 211
2828 156
2829 177
2830 155
2832 48
2835 162
2836 188
2837 59
2838 190
2839 36
2841 233
2842 132
2843 93
2844 43
2845 175
2847 141
2848 148
2849 167
2851 145
2852 6
2853 19
2854 106
2855 244
2856 10
2857 142
2858 110
2859 70
2861 126
2864 197
2866 81
2867 34
2868 48
2869 140
2870 190
2871 165
2873 159
2874 209
2875 43
2877 40
2878 194
2880 182
2881 175
2883 53
2884 132
2885 32
2886 249
2887 132
2888 28
2891 93
2892 104
2893 157
2894 40
2895 234
2896 20
2898 241
2899 175
2900 97
2901 54
2903 34
2904 24
2905 8
2906 142
2907 88
2909 113
2910 109
2911 110
2912 188
2913 214
2914 230
2915 45
2917 88
2919 49
2920 34
2921 58
2922 70
2923 83
2924 127
2925 216
2926 118
2928 225
2929 167
2930 232
2931 56
2932 109
2934 246
2935 60
2936 54
2937 113
2938 121
2940 226
2941 78
2942 182
2943 71
2946 243
2947 210
2948 87
2949 125
2950 196
2951 183
2952 52
2955 87
2956 67
2957 243
2958 15
2960 142
2961 137
2962 216
2964 150
2965 73
2966 204
2967 8
2968 243
2969 155
2970 151
2971 217
2972 151
2973 71
2974 101
2975 246
2976 121
2977 53
2978 124
2979 152
2980 107
2982 190
2983 52
2984 22
2986 208
2987 186
2988 194
2989 28
2990 98
2991 149
2992 92
2994 124
2995 242
2996 140
2997 109
3001 205
3002 49
3003 7
3004 18
3006 218
3007 117
3008 155
3009 192
3011 60
3012 56
3013 136
3014 169
3016 116
3018 179
3020 243
3021 17
3022 171
3023 82
3024 140
3025 154
3026 240
3027 123
3028 4
3029 93
3031 206
3034 177
3035 146
3036 213
3038 89
3039 88
3040 4
3041 82
3042 61
3043 246
3044 114
3045 220
3046 181
3047 70
3048 182
3049 112
3050 164
3053 139
3054 199
3056 175
3057 152
3058 112
3059 75
3060 190
3061 22
3063 33
3064 193
3066 190
3067 52
3068 173
3069 52
3071 1
3072 11
3074 230
3075 78
3076 230
3077 200
3078 19
3080 123
3081 106
3082 52
3083 92
3084 149
3085 86
3086 225
3087 104
3088 41
3089 30
3090 102
3093 30
3095 52
3096 87
3097 60
3098 44
3101 225
3102 43
3103 132
3104 26
3105 247
3106 106
3109 242
3110 127
3111 47
3112 114
3113 1
3115 30
3116 197
3117 183
3118 17
3119 195
3120 145
3121 192
3122 209
3123 26
3124 190
3126 131
3127 219
3130 239
3133 110
3134 70
3140 7
3141 41
3144 201
3145 104
3146 126
3147 132
3150 63
3151 11
3152 1
3154 152
3156 122
3158 68
3159 32
3162 107
3163 104
3165 211
3166 96
3167 20
3168 237
3169 71
3171 184
3173 104
3174 119
3176 52
3179 109
3180 20
3181 175
3182 244
3183 151
3184 163
3185 102
3186 100
3187 52
3188 175
3189 52
3191 159
3192 18
3194 1
3195 122
3196 182
3197 97
3198 51
3201 219
3202 159
3204 104
3208 208
3212 177
3213 226
3214 63
3216 241
3217 228
3218 175
3219 24
3220 213
3221 244
3222 86
3224 139
3225 77
3226 54
3227 29
3230 103
3231 11
3233 174
3234 126
3235 112
3237 71
3240 143
3243 147
3245 147
3246 224
3247 14
3248 93
3250 188
3253 88
3254 231
3256 4
3257 127
3258 32
3259 172
3261 193
3262 71
3263 52
3264 135
3265 190
3266 213
3268 210
3269 24
3270 101
3271 246
3272 83
3273 8
3274 149
3275 124
3276 144
3277 163
3278 232
3279 201
3280 8
3281 172
3282 66
3283 93
3284 22
3285 130
3286 186
3287 88
3288 47
3289 52
3290 194
3291 58
3292 238
3293 109
3294 23
3295 85
3296 93
3297 152
3301 233
3302 152
3306 137
3307 208
3308 104
3309 58
3310 192
3312 26
3314 192
3315 74
3316 48
3317 244
3318 28
3322 91
3325 162
3326 124
3327 78
3328 229
3329 2
3333 48
3335 95
3336 105
3337 129
3339 198
3340 118
3342 238
3343 208
3345 52
3347 209
3350 61
3351 131
3352 219
3353 42
3354 222
3355 190
3356 72
3357 1
3359 78
3362 161
3363 195
3367 15
3368 57
3369 86
3370 45
3371 9
3373 62
3374 150
3375 132
3376 133
3377 217
3379 9
3380 152
3382 140
3383 48
3384 178
3385 141
3386 233
3387 167
3388 32
3389 125
3391 115
3392 8
3393 182
3394 19
3397 232
3399 190
3402 26
3403 88
3404 146
3405 171
3406 4
3407 182
3409 164
3412 105
3413 109
3414 52
3415 182
3416 44
3417 30
3418 168
3420 182
3421 65
3422 92
3423 1
3424 135
3426 59
3428 146
3430 132
3432 57
3433 138
3434 132
3435 3
3439 182
3440 233
3442 249
3443 100
3444 155
3445 45
3447 132
3448 18
3449 215
3451 230
3452 38
3453 89
3454 132
3455 75
3456 49
3457 127
3458 213
3460 126
3461 70
3462 154
3464 34
3465 165
3466 175
3467 53
3470 28
3471 104
3472 219
3473 109
3474 155
3475 99
3476 31
3477 240
3478 0
3481 42
3482 239
3485 29
3486 196
3487 68
3490 134
3491 120
3493 22
3494 125
3495 75
3496 34
3497 131
3499 10
3500 194
3501 28
3502 71
3503 30
3504 211
3506 104
3507 116
3509 18
3511 115
3513 243
3514 145
3515 52
3516 12
3517 106
3520 190
3521 34
3523 52
3525 161
3526 52
3527 118
3528 132
3529 141
3531 204
3532 184
3533 187
3534 208
3535 18
3536 45
3537 17
3538 42
3539 184
3540 180
3541 151
3543 83
3544 27
3545 110
3546 185
3548 7
3549 181
3550 229
3551 212
3552 132
3553 24
3554 216
3555 52
3556 87
3557 106
3558 213
3559 34
3561 110
3562 159
3565 163
3566 45
3568 87
3569 64
3571 222
3572 148
3575 88
3579 164
3582 127
3583 200
3584 119
3586 151
3588 60
3590 65
3591 18
3592 211
3593 230
3594 229
3596 134
3598 84
3600 92
3602 74
3604 159
3606 63
3610 170
3612 77
3613 145
3615 104
3616 75
3617 72
3618 138
3622 29
3623 151
3624 246
3625 58
3626 66
3627 60
3630 217
3633 106
3635 12
3637 183
3638 210
3639 52
3640 127
3642 24
3645 232
3646 18
3647 28
3648 139
3649 98
3650 194
3651 118
3653 132
3655 148
3656 26
3657 78
3658 223
3660 55
3661 229
3662 2
3663 204
3664 105
3665 93
3667 30
3668 81
3669 145
3672 229
3673 110
3675 131
3677 133
3679 243
3681 247
3683 6
3685 8
3686 194
3688 226
3689 70
3690 93
3691 88
3693 88
3695 94
3696 77
3697 147
3698 131
3699 28
3700 110
3701 42
3702 208
3704 1
3705 0
3706 109
3707 28
3713 154
3714 227
3715 48
3716 188
3717 151
3718 122
3719 31
3720 31
3721 155
3722 31
3725 74
3726 188
3727 195
3729 124
3730 86
3733 155
3735 110
3736 73
3737 64
3738 214
3739 58
3741 109
3743 0
3744 162
3745 193
3747 10
3748 154
3749 108
3750 132
3752 173
3753 36
3755 145
3756 109
3757 68
3759 209
3761 1
3762 32
3764 7
3765 75
3767 226
3770 123
3771 100
3778 19
3779 198
3781 198
3783 88
3785 135
3786 127
3787 177
3788 86
3790 62
3791 64
3795 198
3797 202
3798 208
3799 219
3800 168
3802 122
3803 42
3804 212
3806 147
3807 246
3810 186
3812 106
3813 201
3814 7
3815 141
3816 112
3817 1
3819 4
3820 127
3821 52
3822 182
3824 102
3825 203
3826 217
3828 152
3832 186
3833 216
3834 107
3835 64
3837 88
3838 103
3839 220
3841 235
3843 178
3844 113
3848 208
3849 75
3850 38
3851 228
3852 22
3855 52
3856 103
3858 75
3859 25
3861 203
3863 59
3865 233
3866 154
3867 70
3868 237
3870 8
3871 93
3874 130
3875 150
3876 18
3877 88
3878 88
3879 208
3881 213
3883 109
3884 43
3886 67
3887 229
3888 213
3889 56
3891 230
3892 52
3894 202
3896 186
3901 27
3902 33
3904 229
3905 88
3907 214
3908 134
3909 60
3910 93
3912 40
3913 246
3914 121
3915 118
3916 163
3918 41
3919 221
3920 49
3921 159
3922 56
3924 28
3925 33
3926 101
3927 28
3928 82
3930 47
3931 9
3932 186
3935 185
3936 54
3937 132
3941 235
3942 171
3943 32
3945 155
3946 104
3947 132
3949 48
3950 214
3951 201
3954 138
3957 240
3958 116
3959 127
3960 21
3961 1
3962 13
3964 220
3965 171
3968 233
3971 120
3972 61
3976 186
3978 121
3979 156
3980 20
3981 20
3982 2
3983 187
3985 43
3986 192
3987 167
3988 100
3989 48
3990 208
3991 107
3994 19
3997 118
3998 151
3999 195
4000 192
4001 8
4002 52
4003 195
4004 70
4006 163
4011 228
4012 65
4013 185
4014 52
4016 165
4018 88
4019 8
4020 8
4021 139
4022 166
4023 130
4024 157
4026 88
4027 0
4028 34
4029 229
4030 177
4031 164
4032 36
4034 194
4035 1
4038 1
4039 122
4040 109
4043 53
4044 86
4045 14
4047 172
4051 18
4052 218
4054 155
4055 245
4056 18
4057 52
4059 48
4060 151
4063 109
4065 15
4066 137
4067 161
4068 173
4071 124
4072 231
4074 43
4076 110
4078 42
4080 185
4081 102
4082 82
4083 230
4085 238
4086 169
4087 85
4088 173
4090 200
4091 18
4092 208
4093 17
4094 97
4095 110
4096 161
4097 9
4100 44
4103 52
4104 234
4105 2
4107 173
4110 4
4111 37
4113 159
4114 173
4116 68
4117 20
4119 161
4121 121
4123 172
4124 107
4125 20
4126 177
4128 123
4129 155
4132 56
4133 125
4135 10
4136 50
4137 186
4138 159
4143 43
4145 179
4147 67
4148 182
4149 107
4153 150
4154 45
4155 13
4158 104
4159 57
4160 132
4161 19
4162 51
4163 161
4165 111
4166 46
4167 237
4169 161
4171 240
4173 121
4175 151
4176 102
4178 79
4179 88
4180 163
4181 136
4183 168
4185 138
4188 169
4190 26
4191 231
4192 113
4193 208
4194 151
4195 58
4196 52
4197 147
4198 214
4199 131
4200 109
4201 135
4202 20
4203 18
4208 132
4209 185
4210 66
4211 200
4213 104
4214 246
4215 59
4216 192
4218 86
4219 57
4221 36
4223 46
4224 104
4226 52
4227 71
4229 182
4230 123
4231 162
4233 52
4234 48
4235 123
4237 133
4239 203
4240 132
4241 132
4242 217
4243 235
4244 55
4245 81
4248 127
4250 181
4253 237
4255 45
4256 114
4258 229
4260 182
4261 219
4262 151
4265 58
4268 208
4269 106
4274 182
4275 146
4276 79
4277 42
4279 159
4281 220
4282 185
4283 138
4284 137
4285 152
4286 190
4287 132
4288 34
4289 1
4291 225
4292 209
4294 161
4295 121
4296 48
4297 88
4298 23
4299 132
4301 97
4303 151
4304 52
4309 137
4310 196
4311 190
4312 155
4313 22
4316 155
4317 121
4318 131
4321 48
4322 231
4323 30
4326 11
4327 117
4329 132
4330 37
4331 162
4332 172
4335 115
4336 2
4337 123
4339 89
4340 151
4341 162
4342 43
4343 4
4344 37
4345 54
4350 120
4351 177
4355 60
4356 191
4360 67
4361 204
4362 164
4364 181
4365 242
4366 71
4367 115
4368 201
4370 48
4372 185
4374 84
4377 5
4379 108
4380 192
4382 81
4383 226
4385 69
4386 81
4387 104
4388 140
4389 182
4390 155
4391 3
4392 15
4393 171
4395 33
4396 150
4397 28
4400 155
4402 43
4405 109
4407 181
4409 88
4410 1
4411 111
4413 116
4415 22
4417 171
4418 109
4419 89
4420 158
4421 108
4422 23
4424 132
4425 42
4428 4
4429 140
4430 104
4434 198
4435 248
4436 37
4437 207
4438 31
4439 234
4440 127
4442 34
4443 149
4445 42
4446 26
4448 185
4449 132
4451 200
4453 88
4454 232
4455 88
4457 83
4459 87
4463 32
4465 36
4467 190
4468 45
4471 132
4472 126
4473 50
4475 47
4477 14
4478 132
4479 109
4480 104
4481 102
4483 23
4485 119
4487 161
4488 88
4489 185
4492 190
4494 121
4495 188
4497 168
4499 34
4502 97
4503 2
4506 85
4507 161
4508 132
4509 109
4510 99
4511 180
4512 101
4514 178
4515 23
4518 183
4519 88
4520 232
4521 118
4522 190
4525 214
4526 50
4527 82
4528 59
4531 171
4532 61
4536 213
4537 223
4539 9
4540 119
4542 161
4544 85
4546 210
4548 162
4549 159
4551 28
4552 87
4558 7
4561 147
4562 120
4565 167
4567 167
4568 20
4569 204
4571 164
4573 199
4574 147
4575 140
4579 87
4580 52
4582 228
4583 185
4584 116
4585 57
4587 68
4588 55
4589 160
4590 208
4591 202
4592 194
4595 56
4596 41
4597 105
4598 31
4600 247
4601 105
4603 89
4604 104
4605 202
4606 42
4608 47
4609 93
4610 208
4611 60
4612 56
4613 162
4616 104
4618 161
4624 235
4625 219
4626 209
4628 89
4630 210
4631 64
4632 93
4633 70
4635 127
4636 229
4639 225
4640 135
4642 246
4643 107
4644 99
4645 182
4647 175
4649 162
4652 213
4653 31
4655 228
4656 166
4657 56
4658 169
4659 81
4661 82
4662 119
4665 48
4669 18
4670 228
4671 32
4672 208
4674 8
4675 7
4677 248
4680 74
4681 101
4682 218
4683 150
4684 194
4687 162
4690 203
4691 151
4692 52
4696 168
4697 120
4698 214
4700 52
4701 132
4702 180
4704 186
4705 103
4708 213
4710 141
4711 9
4714 31
4715 148
4716 153
4717 209
4718 64
4722 190
4723 106
4725 134
4726 178
4727 132
4728 208
4729 132
4731 164
4732 107
4733 52
4734 35
4735 70
4736 7
4739 166
4740 95
4742 206
4743 179
4744 169
4747 215
4748 127
4749 231
4751 61
4752 141
4753 113
4755 57
4756 14
4757 229
4758 81
4762 99
4764 196
4765 208
4766 93
4768 140
4771 4
4775 148
4777 164
4778 116
4780 225
4781 27
4782 203
4785 113
4787 182
4788 145
4789 24
4790 193
4791 104
4792 71
4793 104
4794 63
4795 159
4799 236
4800 159
4802 190
4804 121
4805 243
4808 110
4811 154
4814 97
4815 7
4818 11
4820 8
4821 52
4822 187
4824 116
4828 95
4829 71
4830 172
4831 3
4833 150
4834 110
4835 180
4836 74
4837 107
4839 28
4840 7
4841 125
4842 64
4843 18
4844 56
4846 154
4848 28
4850 19
4851 128
4852 174
4853 228
4854 234
4855 62
4856 140
4857 104
4858 132
4860 205
4861 230
4862 169
4863 22
4865 118
4868 20
4869 42
4870 60
4871 104
4872 43
4874 107
4875 156
4878 234
4879 208
4881 156
4882 190
4884 190
4886 94
4887 233
4889 184
4890 134
4892 121
4896 52
4897 151
4898 24
4900 44
4901 137
4902 124
4906 195
4908 89
4909 3
4911 121
4912 166
4913 85
4916 181
4917 48
4918 148
4920 144
4921 83
4922 45
4923 103
4926 52
4927 205
4929 1
4930 151
4931 59
4932 97
4933 140
4934 190
4937 68
4938 129
4941 64
4944 106
4945 125
4946 105
4947 230
4951 174
4952 132
4953 80
4955 73
4956 181
4957 186
4959 116
4962 228
4966 227
4968 155
4970 221
4971 35
4972 47
4974 89
4976 88
4979 112
4982 233
4985 210
4986 56
4987 201
4988 173
4989 74
4991 31
4992 44
4994 133
4995 182
4997 123
4998 214
4999 173
