0 56
1 93
2 105
3 90
4 217
5 139
6 3
7 94
8 76
9 21
10 53
11 172
12 140
13 136
14 97
15 113
16 170
17 95
18 49
19 21
20 224
21 214
22 79
23 113
24 212
25 31
26 31
27 191
28 37
29 34
30 217
31 93
32 115
33 69
34 140
35 7
36 101
37 51
38 193
39 103
40 31
41 68
42 170
43 157
44 187
45 249
46 248
47 77
48 103
49 79
50 205
51 12
52 209
53 26
54 178
55 140
56 185
57 207
58 38
59 126
60 151
61 217
62 59
63 39
64 38
65 146
66 179
67 207
68 74
69 217
70 11
71 198
72 197
73 68
75 58
76 83
77 170
78 174
79 55
80 96
81 50
83 129
84 136
85 22
86 56
87 74
88 140
89 112
90 213
91 26
92 9
93 60
94 112
95 96
96 148
97 48
98 156
99 150
100 217
101 148
102 46
103 160
104 1
105 100
106 156
107 95
108 150
109 109
110 105
111 140
112 39
114 75
115 222
116 181
117 25
118 215
119 107
120 44
121 75
122 76
123 75
124 93
125 173
126 59
127 92
128 70
129 8
130 122
131 145
132 32
133 53
134 122
135 89
136 77
137 170
138 31
139 78
140 1
141 51
142 242
143 155
144 82
146 81
147 9
148 58
149 107
150 83
151 230
152 209
153 243
154 241
155 74
156 54
157 123
158 234
159 64
160 188
161 68
162 2
163 230
164 24
165 115
166 199
167 91
168 175
169 217
170 22
171 4
172 74
173 193
174 59
175 52
176 5
177 0
178 197
179 73
180 187
181 38
182 217
183 16
184 21
185 220
186 161
187 148
188 209
189 94
190 183
191 76
192 147
193 166
194 202
195 210
196 50
197 226
198 194
199 156
200 176
201 36
202 50
203 90
204 17
205 132
206 52
207 3
208 101
209 54
210 92
211 86
212 140
213 109
214 128
215 22
216 202
217 213
218 171
219 78
220 140
221 143
222 30
223 142
224 214
225 248
226 177
227 243
228 165
229 217
230 41
231 99
232 140
233 4
234 136
235 170
236 13
237 159
238 126
239 112
240 124
241 215
242 92
243 59
244 40
245 217
246 180
247 99
248 199
249 31
250 49
251 71
252 1
253 217
254 31
255 109
256 151
257 76
258 217
259 103
260 227
261 170
262 20
263 134
264 51
265 22
266 1
267 35
268 134
269 145
270 200
271 91
272 50
273 245
274 77
275 231
276 45
277 61
278 217
279 41
280 39
282 28
283 197
284 28
285 21
286 72
287 70
288 190
289 172
290 29
291 50
292 95
293 144
294 41
295 1
296 98
297 191
298 30
299 170
300 162
301 22
302 90
303 201
304 164
305 132
306 4
307 77
308 161
309 133
310 47
311 49
312 61
313 96
314 88
315 50
316 184
317 213
318 210
319 211
320 23
321 215
322 71
323 11
324 17
325 126
326 92
327 89
328 1
329 170
330 31
331 214
332 30
333 149
334 92
335 25
336 236
337 209
338 188
339 138
340 224
341 3
342 75
344 71
345 82
346 187
347 164
348 175
349 136
350 156
351 170
352 217
353 120
354 217
355 236
356 170
357 91
358 69
359 121
360 57
361 217
362 236
363 94
364 198
365 239
366 104
367 93
368 148
369 5
370 59
372 180
373 231
374 27
375 105
376 171
377 148
378 31
379 109
380 1
381 140
382 203
383 102
384 238
385 221
386 173
387 1
388 93
389 193
390 108
391 15
392 64
393 140
394 224
395 136
396 231
397 49
398 209
399 0
400 169
401 100
402 191
403 30
404 231
405 196
406 134
407 209
408 201
409 165
410 46
411 108
412 58
413 182
414 131
415 143
416 198
417 191
418 118
419 39
420 143
421 21
422 74
423 1
424 51
425 225
426 127
427 174
428 187
429 74
430 126
431 195
432 124
433 109
434 42
435 240
436 214
437 217
438 98
439 64
440 167
441 131
442 37
443 5
444 49
445 6
446 103
447 183
448 81
449 109
450 22
451 183
452 36
453 31
454 95
455 136
456 165
457 118
458 98
459 159
460 44
461 151
462 15
463 99
464 240
465 184
466 192
467 139
468 197
469 209
470 87
471 12
472 4
473 87
474 197
475 32
476 68
477 38
478 34
479 21
480 139
481 140
482 170
483 152
484 140
485 197
486 188
487 119
488 112
489 109
490 214
491 103
492 103
493 31
494 171
495 66
496 170
497 170
498 93
499 136
501 113
502 143
503 172
504 109
505 215
506 31
509 110
510 235
511 167
512 72
513 104
514 237
516 35
518 232
519 96
520 162
521 106
522 195
523 160
524 50
525 0
526 224
527 26
528 200
529 220
530 104
531 140
532 13
533 39
534 208
535 169
536 184
537 110
538 198
539 139
540 240
541 229
542 7
543 79
544 49
545 137
546 13
547 193
549 170
550 113
551 169
552 96
553 164
554 160
555 83
556 197
557 180
558 173
559 16
560 94
562 150
563 105
564 49
566 92
567 164
568 16
569 214
570 55
571 1
572 44
573 191
574 240
575 157
576 132
577 75
578 163
579 109
580 148
581 29
582 215
583 101
584 0
585 80
586 240
587 50
588 49
589 215
590 124
591 140
592 131
593 224
594 130
595 235
596 159
597 112
598 214
599 1
600 28
601 122
602 165
603 235
604 119
605 42
606 109
607 24
608 119
609 149
610 178
611 137
612 114
613 197
614 29
615 101
616 104
617 27
618 233
619 96
620 6
621 53
622 99
623 38
624 51
625 94
626 84
627 210
628 191
629 164
630 171
631 247
632 164
633 92
634 16
635 100
636 1
637 197
638 132
639 170
640 228
641 171
642 43
643 99
644 126
645 15
646 148
647 39
648 212
649 240
651 139
652 50
653 224
654 105
655 195
656 220
657 87
658 210
659 179
660 38
661 74
662 99
663 225
664 112
665 186
666 26
667 85
668 231
669 235
670 220
671 247
672 176
673 27
674 162
675 119
676 76
678 122
679 218
680 21
681 129
682 156
683 0
684 173
685 209
686 142
687 168
688 170
689 105
690 181
691 208
692 89
693 171
694 240
695 103
696 109
697 187
698 165
699 129
700 99
701 82
702 176
703 103
704 76
705 15
706 113
707 4
708 26
709 140
710 219
711 4
712 134
713 66
714 115
716 90
717 169
718 50
719 139
720 1
722 44
723 229
724 200
725 199
726 98
727 105
728 67
729 105
730 130
731 26
732 198
733 81
734 15
735 5
736 79
737 128
738 86
739 31
740 221
741 122
742 246
743 143
744 82
745 74
746 49
747 224
748 158
749 179
751 239
752 95
753 32
754 43
755 87
756 0
757 170
758 128
759 165
760 78
761 83
762 88
763 153
764 240
765 124
766 68
767 103
768 195
769 1
770 77
771 50
772 155
773 68
774 9
775 156
776 127
777 179
778 49
779 206
780 100
781 192
782 172
783 236
784 45
785 229
786 20
787 140
788 236
789 124
790 99
791 119
792 31
793 116
794 93
795 217
796 244
797 180
798 170
799 70
800 246
801 92
802 24
803 23
804 26
805 112
806 140
807 112
808 167
809 140
810 53
811 242
812 110
813 162
814 92
815 104
816 151
817 236
818 170
819 2
820 63
821 139
822 36
823 170
824 57
825 50
826 105
827 195
828 189
829 52
830 191
831 171
832 29
833 180
834 84
835 1
836 22
837 130
838 86
839 50
840 170
841 21
842 70
843 125
846 73
847 158
848 56
849 224
850 90
852 68
853 118
854 215
855 123
856 0
857 239
858 61
859 38
860 245
861 103
862 37
863 207
864 122
865 54
866 75
867 165
868 19
869 139
870 235
871 196
872 192
873 38
874 52
875 83
876 77
877 28
878 222
879 180
881 109
882 186
883 162
884 143
885 24
886 92
888 38
889 133
890 136
891 170
892 171
893 104
894 0
895 139
896 195
897 132
898 74
899 26
900 198
901 198
902 152
903 235
904 75
905 100
906 115
907 198
908 165
909 207
910 71
911 0
912 24
913 218
914 51
915 92
916 1
917 93
918 79
919 47
920 5
921 199
922 246
923 198
924 161
925 80
926 105
927 177
928 17
929 21
930 39
931 136
932 7
933 83
934 210
936 158
937 153
938 249
939 183
940 105
941 171
942 42
943 206
944 227
945 180
946 76
947 41
948 59
949 173
950 6
951 68
952 217
953 96
954 84
955 124
956 220
957 77
958 110
959 15
960 198
961 145
962 98
963 109
964 101
965 80
966 21
967 208
968 9
969 218
970 49
971 32
972 156
973 138
974 102
975 32
976 92
977 27
978 176
979 16
980 148
981 50
982 211
983 77
984 137
985 45
986 165
987 180
988 77
989 62
990 158
991 21
992 192
993 209
994 0
995 140
996 26
997 107
998 67
999 57
1000 235
1001 192
1002 37
1003 226
1004 218
1005 99
1006 105
1008 165
1009 145
1010 201
1011 49
1013 146
1014 160
1015 113
1016 100
1017 109
1018 58
1019 141
1020 169
1021 130
1022 112
1023 77
1024 37
1025 19
1026 99
1027 234
1028 162
1029 197
1030 170
1031 109
1032 148
1033 1
1034 30
1035 62
1036 92
1037 111
1038 128
1039 236
1040 116
1041 142
1042 196
1043 217
1044 57
1045 93
1046 39
1047 117
1048 99
1049 191
1050 87
1052 88
1053 70
1054 204
1055 192
1057 93
1058 24
1059 16
1060 123
1061 105
1062 234
1063 103
1064 240
1065 95
1066 124
1067 234
1068 198
1069 21
1070 176
1071 143
1072 109
1074 76
1075 174
1076 155
1077 139
1078 181
1079 10
1080 139
1081 223
1082 210
1083 217
1084 69
1085 70
1086 22
1087 135
1088 230
1089 234
1090 193
1091 22
1092 170
1093 118
1094 109
1095 82
1097 202
1098 65
1099 133
1100 142
1101 36
1103 158
1104 159
1105 32
1106 91
1107 186
1108 54
1109 154
1110 21
1111 194
1112 76
1113 52
1114 41
1115 77
1116 222
1117 61
1118 171
1119 160
1120 230
1121 244
1122 198
1123 229
1124 132
1125 160
1126 146
1127 53
1128 93
1129 207
1130 140
1131 206
1132 201
1133 217
1134 24
1135 239
1136 15
1137 179
1139 122
1140 114
1141 186
1142 145
1143 34
1144 48
1145 119
1146 36
1147 148
1148 223
1149 0
1150 159
1151 10
1152 151
1153 165
1154 79
1155 112
1157 236
1158 1
1159 187
1160 79
1161 50
1162 105
1163 86
1165 229
1166 206
1167 113
1168 40
1169 140
1170 44
1171 207
1172 26
1173 215
1174 191
1175 58
1176 217
1177 168
1178 51
1179 28
1180 2
1181 104
1182 165
1183 70
1184 163
1185 208
1186 165
1187 200
1188 207
1189 11
1190 128
1191 20
1192 11
1193 92
1194 56
1195 89
1196 105
1197 140
1198 22
1199 134
1200 94
1201 204
1202 31
1203 87
1204 70
1205 180
1206 130
1207 76
1208 15
1209 121
1210 202
1211 31
1212 159
1213 58
1214 68
1215 171
1216 26
1217 131
1218 174
1219 76
1220 204
1221 191
1222 106
1223 199
1224 80
1225 179
1226 182
1227 218
1228 98
1229 109
1230 21
1232 139
1233 181
1234 100
1235 180
1237 154
1238 150
1239 20
1240 145
1241 219
1242 59
1243 234
1244 76
1245 61
1246 99
1247 97
1248 108
1249 237
1250 40
1251 170
1252 130
1253 117
1255 39
1256 179
1257 69
1258 106
1259 124
1260 146
1261 29
1262 38
1263 116
1264 1
1265 148
1266 236
1267 26
1268 95
1269 234
1270 220
1271 31
1272 141
1273 236
1274 109
1275 154
1276 112
1277 92
1278 207
1279 0
1281 213
1283 37
1284 59
1285 2
1286 148
1287 64
1289 39
1290 75
1291 2
1292 142
1293 160
1294 203
1295 165
1296 172
1297 150
1298 76
1299 235
1300 94
1301 237
1302 99
1303 34
1305 16
1306 141
1307 178
1308 10
1309 86
1310 198
1311 176
1313 11
1314 76
1315 103
1316 126
1317 22
1319 178
1320 30
1321 26
1322 20
1323 168
1324 217
1325 202
1326 1
1327 1
1328 115
1329 87
1330 147
1332 99
1333 214
1334 31
1335 74
1336 140
1337 26
1339 164
1340 142
1341 98
1343 170
1344 192
1345 21
1346 131
1347 80
1348 50
1349 71
1350 204
1351 93
1352 181
1353 145
1354 88
1355 239
1357 39
1358 124
1359 237
1360 47
1361 232
1362 99
1363 58
1364 112
1365 80
1366 218
1367 93
1368 16
1369 195
1370 90
1371 70
1372 99
1373 120
1374 147
1375 10
1376 38
1377 93
1378 132
1380 224
1381 188
1382 41
1384 21
1385 35
1386 37
1387 32
1388 117
1389 31
1391 175
1392 148
1393 170
1394 129
1395 217
1396 103
1397 164
1399 217
1400 58
1401 57
1402 32
1403 49
1404 176
1405 81
1406 81
1407 68
1408 70
1409 120
1410 141
1411 170
1412 39
1413 239
1414 170
1415 137
1416 22
1417 52
1418 100
1419 196
1420 183
1421 80
1422 202
1423 168
1424 86
1425 0
1426 162
1427 171
1429 99
1430 13
1431 217
1432 59
1433 54
1434 25
1436 124
1438 213
1439 95
1440 176
1441 194
1442 150
1443 69
1444 93
1445 50
1446 157
1447 49
1448 248
1449 198
1450 207
1451 107
1452 94
1453 170
1454 235
1455 191
1456 188
1457 70
1458 49
1459 68
1460 75
1461 215
1462 146
1463 140
1464 30
1465 223
1466 53
1467 71
1468 87
1469 90
1470 206
1471 54
1472 154
1473 189
1474 163
1475 194
1476 240
1477 217
1478 217
1479 22
1480 153
1481 86
1482 148
1483 151
1484 143
1486 94
1487 206
1489 22
1490 134
1491 235
1492 241
1493 110
1494 21
1495 196
1496 216
1497 137
1498 17
1499 221
1500 160
1501 120
1502 129
1503 40
1504 152
1505 70
1506 152
1507 115
1508 158
1509 113
1510 140
1512 234
1514 191
1515 109
1517 1
1518 94
1519 217
1520 52
1521 200
1522 88
1523 154
1524 4
1525 31
1526 38
1527 6
1528 21
1529 236
1530 102
1531 113
1532 112
1534 56
1535 209
1536 20
1537 88
1538 54
1539 1
1540 59
1541 240
1542 195
1543 156
1544 76
1545 157
1546 12
1547 163
1549 191
1550 165
1551 82
1552 236
1553 131
1554 103
1555 209
1556 57
1557 191
1558 59
1559 112
1560 17
1563 204
1565 15
1566 103
1567 115
1568 204
1570 21
1571 64
1572 235
1573 79
1574 17
1575 180
1576 32
1577 240
1578 88
1579 107
1581 165
1582 70
1583 104
1584 163
1585 54
1586 191
1587 100
1588 169
1589 230
1590 236
1591 87
1593 158
1594 217
1595 209
1597 139
1599 5
1600 211
1601 173
1602 217
1603 147
1604 159
1605 201
1607 173
1609 139
1610 41
1611 58
1612 217
1613 199
1614 137
1615 147
1616 169
1617 113
1618 92
1619 106
1621 76
1622 141
1623 152
1625 21
1626 244
1627 170
1628 147
1629 134
1630 225
1631 1
1632 146
1633 59
1634 230
1635 20
1636 159
1637 248
1639 109
1640 213
1641 31
1642 68
1643 45
1644 180
1645 140
1646 192
1647 49
1648 159
1649 1
1650 41
1651 206
1652 76
1653 65
1654 242
1655 75
1656 87
1657 178
1658 60
1659 142
1660 207
1661 165
1662 49
1663 195
1664 11
1665 1
1666 16
1667 200
1668 210
1669 180
1670 92
1671 112
1672 217
1674 103
1676 50
1677 108
1678 109
1679 112
1680 95
1681 239
1682 29
1684 137
1685 88
1686 247
1687 54
1688 136
1689 191
1690 170
1691 21
1692 32
1694 91
1695 236
1696 157
1697 170
1698 112
1699 107
1701 33
1702 10
1703 204
1704 49
1705 13
1706 196
1707 55
1708 178
1709 199
1710 94
1711 99
1712 1
1713 186
1715 49
1716 66
1718 20
1719 208
1720 89
1721 220
1722 3
1723 235
1724 37
1725 76
1726 173
1727 221
1728 134
1729 58
1730 156
1731 58
1732 217
1733 162
1734 151
1735 170
1736 91
1737 186
1738 150
1739 158
1740 26
1741 93
1742 199
1743 2
1745 202
1746 165
1747 0
1748 16
1749 236
1750 140
1751 160
1752 105
1753 76
1754 170
1755 226
1756 29
1757 223
1758 2
1759 131
1761 1
1762 70
1764 156
1765 28
1766 122
1767 76
1768 163
1769 29
1770 95
1771 68
1772 54
1773 50
1774 58
1775 180
1776 68
1777 207
1778 40
1779 242
1780 28
1781 138
1782 116
1783 215
1784 129
1785 76
1786 33
1788 80
1789 12
1790 195
1791 35
1792 141
1793 201
1794 59
1795 50
1796 139
1797 244
1798 24
1799 131
1801 38
1802 108
1804 122
1805 55
1806 10
1807 163
1808 32
1809 68
1810 12
1811 151
1813 56
1814 103
1815 24
1816 211
1817 171
1818 209
1819 170
1820 50
1821 240
1822 178
1823 15
1824 82
1825 215
1826 84
1827 70
1828 236
1829 3
1830 47
1831 170
1832 142
1833 32
1834 177
1835 32
1837 77
1839 68
1840 117
1841 217
1842 230
1843 77
1845 93
1846 102
1847 57
1848 213
1849 132
1850 109
1851 111
1852 218
1853 113
1854 159
1855 35
1856 165
1857 43
1858 70
1859 198
1860 208
1861 31
1862 132
1863 31
1864 168
1865 214
1866 140
1867 53
1868 95
1869 217
1870 77
1871 156
1872 120
1873 98
1874 162
1875 6
1876 61
1877 95
1878 133
1879 142
1880 217
1881 24
1882 162
1883 160
1884 188
1885 131
1887 113
1888 98
1889 4
1890 59
1891 235
1892 140
1893 80
1894 247
1895 240
1896 57
1897 106
1898 217
1899 192
1900 82
1902 45
1903 235
1904 197
1906 100
1907 192
1908 177
1909 92
1910 58
1911 109
1912 52
1913 44
1914 27
1915 98
1916 31
1917 87
1918 240
1919 2
1920 8
1921 34
1922 230
1923 230
1924 6
1925 109
1926 124
1927 172
1928 208
1929 83
1930 217
1931 191
1932 109
1933 4
1934 90
1935 61
1936 137
1937 236
1938 17
1939 70
1940 139
1941 217
1942 71
1943 147
1944 70
1945 160
1947 182
1948 109
1949 229
1950 1
1951 58
1952 41
1953 152
1954 180
1955 22
1957 192
1958 163
1959 217
1960 70
1961 68
1962 145
1963 145
1964 111
1965 140
1966 129
1967 31
1968 142
1969 60
1970 161
1971 209
1972 183
1973 20
1974 219
1976 170
1977 121
1978 27
1979 217
1980 148
1982 43
1983 204
1985 49
1986 31
1987 45
1990 99
1991 139
1992 109
1993 64
1994 50
1995 171
1996 217
1997 70
1998 179
2000 49
2001 54
2003 204
2005 99
2006 21
2007 68
2008 109
2009 14
2010 59
2011 215
2012 237
2013 244
2014 70
2015 217
2016 31
2017 103
2018 92
2019 184
2020 113
2021 24
2022 80
2024 24
2025 244
2026 140
2027 35
2028 39
2029 70
2031 149
2032 240
2033 69
2034 47
2035 157
2036 198
2037 86
2038 70
2039 99
2040 31
2041 60
2042 144
2043 89
2044 177
2045 146
2046 196
2047 161
2048 217
2049 217
2050 34
2051 198
2052 92
2053 51
2054 235
2055 229
2056 31
2057 226
2058 204
2059 171
2061 10
2062 224
2063 39
2064 142
2065 177
2067 224
2068 103
2069 106
2070 187
2071 192
2072 87
2073 77
2074 118
2075 92
2076 162
2077 192
2079 90
2080 202
2081 73
2082 99
2083 32
2084 101
2085 81
2086 8
2087 176
2088 153
2089 21
2090 59
2091 217
2092 138
2093 30
2094 179
2095 224
2096 1
2097 26
2098 70
2099 167
2100 230
2101 221
2102 163
2103 165
2104 70
2105 0
2107 13
2108 41
2109 219
2110 172
2111 93
2112 100
2113 187
2114 15
2115 171
2116 226
2117 199
2118 213
2119 117
2121 6
2122 104
2123 137
2124 74
2125 161
2126 133
2127 74
2128 237
2129 37
2130 26
2131 240
2132 230
2133 220
2135 140
2136 50
2137 235
2138 195
2139 151
2140 217
2141 1
2142 65
2143 177
2144 21
2145 177
2146 165
2147 115
2148 108
2149 113
2150 217
2151 140
2152 229
2153 0
2154 180
2155 203
2156 112
2157 26
2158 200
2159 50
2160 76
2161 178
2162 118
2163 180
2164 236
2165 224
2167 76
2168 226
2169 235
2170 207
2171 1
2172 201
2173 113
2174 77
2175 224
2176 98
2177 6
2178 160
2181 198
2182 13
2183 240
2184 142
2185 5
2186 217
2187 180
2188 1
2189 70
2190 128
2191 171
2192 64
2193 13
2195 50
2196 77
2197 100
2198 13
2199 95
2200 177
2201 163
2203 244
2204 204
2206 4
2207 217
2208 217
2211 42
2213 52
2214 45
2215 94
2217 124
2218 217
2219 128
2220 12
2221 200
2222 123
2223 37
2226 179
2227 51
2229 91
2230 87
2232 230
2233 157
2234 4
2235 208
2236 162
2238 6
2239 59
2240 163
2241 34
2242 118
2243 12
2244 181
2245 143
2246 209
2247 165
2248 170
2249 90
2253 27
2254 171
2255 230
2257 20
2258 120
2259 70
2260 154
2261 136
2262 165
2263 24
2264 51
2265 247
2266 134
2267 56
2268 93
2269 74
2270 122
2272 165
2274 49
2275 0
2276 103
2277 198
2279 139
2280 108
2281 109
2282 170
2283 28
2284 28
2286 192
2287 48
2288 157
2289 109
2290 120
2292 140
2293 50
2294 217
2295 150
2296 204
2297 92
2299 204
2300 237
2301 199
2302 248
2303 71
2304 28
2305 224
2306 191
2307 103
2308 198
2309 90
2310 38
2311 180
2312 70
2313 56
2314 147
2315 109
2316 33
2317 101
2318 170
2319 49
2320 41
2321 130
2322 1
2323 230
2324 207
2325 37
2326 121
2327 105
2328 136
2329 145
2331 203
2332 110
2333 134
2334 165
2335 93
2336 98
2337 56
2338 153
2339 141
2340 31
2341 103
2342 103
2343 140
2344 220
2345 217
2346 215
2347 95
2348 13
2349 141
2350 68
2351 217
2352 217
2353 118
2354 2
2355 80
2356 151
2357 82
2358 156
2359 21
2361 100
2362 64
2363 151
2364 191
2365 109
2366 57
2367 198
2369 158
2370 46
2371 149
2373 151
2374 98
2375 0
2376 213
2378 70
2379 240
2380 15
2381 50
2382 50
2383 93
2384 199
2385 74
2386 13
2387 31
2388 42
2389 31
2390 21
2391 85
2392 143
2393 143
2394 112
2395 162
2396 230
2397 148
2398 71
2399 209
2401 100
2403 232
2404 236
2405 163
2406 145
2407 241
2409 31
2410 81
2411 37
2412 31
2413 109
2414 122
2415 132
2416 113
2417 128
2418 75
2419 95
2420 111
2422 99
2425 170
2426 186
2427 19
2428 109
2430 78
2431 92
2432 145
2433 150
2434 109
2435 0
2436 85
2437 120
2438 68
2439 136
2440 13
2441 70
2442 59
2443 167
2444 181
2445 31
2446 77
2447 108
2448 61
2449 68
2450 103
2451 70
2452 107
2453 181
2454 39
2455 154
2456 159
2457 80
2458 12
2460 162
2461 2
2463 227
2464 109
2465 105
2466 112
2467 170
2468 154
2469 204
2470 88
2471 132
2472 98
2473 19
2474 214
2475 217
2476 49
2477 118
2478 219
2479 229
2480 112
2481 132
2482 195
2483 50
2484 13
2485 1
2486 65
2488 218
2489 70
2490 59
2491 210
2492 129
2493 109
2494 235
2495 63
2496 86
2497 106
2498 0
2499 217
2500 230
2501 136
2503 200
2504 95
2505 170
2506 156
2507 141
2508 230
2509 110
2511 70
2512 136
2513 204
2514 210
2515 209
2516 148
2517 34
2518 155
2519 180
2520 39
2521 50
2522 209
2523 170
2524 138
2525 217
2526 169
2527 49
2528 6
2529 153
2530 165
2531 217
2533 45
2534 152
2535 112
2536 109
2537 59
2538 58
2539 166
2540 154
2541 70
2542 132
2543 239
2544 122
2545 78
2546 88
2547 240
2548 158
2549 11
2550 207
2551 229
2552 202
2553 26
2554 109
2555 157
2556 158
2557 163
2558 162
2559 180
2560 103
2561 57
2562 0
2563 86
2564 24
2566 235
2567 204
2568 60
2569 98
2570 133
2571 1
2572 204
2574 59
2576 46
2577 120
2578 53
2579 70
2580 141
2581 109
2582 150
2583 170
2584 51
2585 191
2586 8
2587 47
2588 93
2589 217
2590 50
2591 45
2592 239
2593 33
2594 229
2595 120
2596 236
2597 170
2598 77
2599 68
2600 98
2601 217
2602 50
2603 13
2604 50
2605 109
2606 121
2607 26
2608 45
2609 199
2610 24
2612 60
2613 54
2614 152
2615 107
2616 76
2617 12
2618 181
2619 186
2620 1
2621 70
2622 140
2623 7
2624 74
2625 76
2626 152
2627 138
2629 164
2630 54
2631 3
2632 156
2633 202
2634 68
2635 207
2636 156
2637 170
2641 170
2642 98
2643 165
2644 64
2645 7
2647 98
2648 61
2649 31
2650 50
2651 153
2652 70
2653 191
2654 249
2655 98
2656 214
2657 84
2658 54
2660 160
2661 140
2662 236
2663 236
2664 235
2665 79
2666 24
2667 21
2668 88
2669 217
2670 82
2671 62
2672 217
2673 54
2674 151
2675 103
2676 163
2677 237
2678 1
2679 121
2680 187
2681 235
2682 215
2683 38
2684 28
2685 53
2686 145
2687 70
2688 217
2689 39
2690 160
2691 92
2692 156
2694 194
2695 170
2696 8
2697 109
2698 188
2699 93
2700 15
2701 76
2702 236
2703 1
2705 23
2706 213
2707 1
2708 15
2709 102
2710 105
2711 226
2712 70
2713 230
2714 98
2716 139
2717 170
2718 121
2719 70
2720 215
2721 48
2722 119
2723 161
2724 68
2725 24
2726 176
2727 165
2728 170
2729 135
2730 98
2731 86
2732 68
2733 109
2735 57
2737 215
2738 166
2739 80
2741 214
2742 199
2743 179
2744 224
2745 20
2747 217
2748 240
2749 191
2750 236
2751 230
2752 80
2753 121
2754 153
2756 90
2757 45
2758 27
2759 162
2760 57
2761 15
2762 219
2763 50
2764 28
2765 198
2766 103
2767 39
2768 61
2770 146
2773 20
2774 240
2776 66
2777 109
2778 88
2779 198
2780 145
2781 1
2782 86
2784 1
2785 59
2786 44
2787 46
2788 224
2789 236
2790 64
2791 218
2792 234
2793 98
2794 140
2795 68
2796 236
2797 50
2798 217
2799 176
2800 49
2801 84
2802 218
2804 154
2805 52
2806 103
2807 176
2808 122
2809 142
2810 70
2811 209
2812 200
2814 71
2815 117
2816 197
2817 219
2818 188
2820 215
2822 157
2823 24
2824 58
2825 240
2826 100
2827 121
2828 170
2829 226
2830 31
2831 192
2832 49
2833 140
2834 112
2835 229
2836 71
2837 25
2838 49
2839 70
2840 122
2841 142
2842 13
2843 38
2844 32
2845 31
2846 153
2847 237
2848 191
2849 42
2851 154
2852 21
2853 133
2854 70
2855 187
2856 107
2857 160
2858 82
2859 166
2861 134
2862 70
2863 224
2864 74
2865 120
2866 162
2867 21
2868 41
2869 76
2870 163
2871 65
2872 171
2873 23
2874 35
2875 211
2876 70
2877 77
2878 240
2879 20
2880 156
2881 154
2882 180
2883 87
2884 31
2885 176
2886 224
2887 93
2888 104
2891 70
2892 38
2893 98
2894 165
2895 136
2896 236
2897 37
2898 90
2899 219
2900 63
2901 1
2903 58
2904 32
2905 151
2906 74
2907 236
2909 70
2910 217
2911 158
2912 30
2913 215
2914 170
2915 14
2917 217
2919 153
2920 204
2921 162
2922 187
2923 60
2924 105
2925 70
2926 31
2927 49
2928 59
2929 42
2930 18
2931 45
2932 201
2933 215
2934 198
2935 50
2936 229
2937 180
2938 38
2939 215
2940 154
2941 70
2942 49
2943 33
2944 31
2945 21
2946 80
2947 236
2948 208
2949 86
2950 98
2951 45
2952 106
2953 57
2954 217
2955 160
2956 54
2957 93
2958 88
2959 99
2960 113
2961 10
2962 21
2963 61
2964 218
2965 192
2966 215
2967 76
2968 115
2969 191
2970 92
2971 122
2972 49
2973 83
2974 91
2975 99
2976 177
2977 94
2978 73
2979 30
2980 79
2982 237
2983 109
2984 55
2985 86
2986 132
2987 97
2988 115
2989 183
2990 96
2991 116
2992 240
2994 204
2995 205
2996 1
2997 217
3000 112
3001 187
3002 195
3003 26
3004 70
3005 217
3006 1
3007 227
3008 24
3009 154
3011 163
3012 45
3013 218
3014 51
3015 1
3016 202
3017 122
3018 85
3019 217
3020 121
3021 214
3022 245
3023 178
3024 154
3025 95
3026 22
3027 95
3028 46
3029 107
3031 88
3034 32
3035 106
3036 198
3037 162
3038 191
3039 0
3040 165
3041 191
3042 128
3043 122
3044 70
3045 148
3046 158
3047 132
3048 148
3049 93
3050 28
3051 0
3052 215
3053 121
3054 127
3056 58
3057 247
3058 64
3059 52
3060 118
3061 105
3062 70
3063 149
3064 120
3066 35
3067 239
3068 109
3069 217
3070 217
3071 198
3072 4
3074 77
3075 199
3076 50
3077 179
3078 114
3079 217
3080 79
3081 46
3082 101
3083 155
3084 116
3085 64
3086 165
3087 92
3088 89
3089 117
3090 46
3091 21
3092 118
3093 236
3094 90
3095 214
3096 180
3097 240
3098 83
3101 70
3102 211
3103 51
3104 161
3105 53
3106 72
3109 227
3110 237
3111 60
3112 247
3113 109
3114 109
3115 3
3116 207
3117 241
3118 29
3119 50
3120 235
3121 26
3122 131
3123 221
3124 118
3126 93
3127 161
3130 109
3131 140
3132 191
3133 90
3134 233
3137 70
3138 165
3140 204
3141 57
3142 151
3143 151
3144 58
3145 102
3146 149
3147 37
3150 99
3151 130
3152 86
3153 120
3154 30
3155 208
3156 80
3158 122
3159 15
3160 209
3162 51
3163 105
3165 180
3166 70
3167 2
3168 172
3169 121
3171 17
3173 119
3174 78
3176 9
3177 57
3178 145
3179 142
3180 236
3181 219
3182 204
3183 75
3184 70
3185 170
3186 16
3187 160
3188 53
3189 109
3190 31
3191 11
3192 175
3193 15
3194 56
3195 0
3196 83
3197 63
3198 248
3201 70
3202 23
3203 217
3204 170
3207 109
3208 41
3212 101
3213 96
3214 217
3215 21
3216 90
3217 101
3218 165
3219 100
3220 235
3221 112
3222 58
3223 165
3224 122
3225 21
3226 120
3227 21
3229 70
3230 151
3231 4
3232 64
3233 202
3234 19
3235 16
3236 86
3237 133
3238 145
3240 74
3241 165
3242 99
3243 74
3244 170
3245 74
3246 154
3247 110
3248 15
3250 151
3253 215
3254 165
3255 1
3256 82
3257 223
3258 176
3259 112
3260 217
3261 68
3262 112
3263 164
3264 197
3265 181
3266 10
3268 39
3269 13
3270 91
3271 50
3272 118
3273 21
3274 182
3275 204
3276 158
3277 110
3278 157
3279 142
3280 170
3281 56
3282 92
3283 60
3284 80
3285 6
3286 1
3287 124
3288 26
3289 101
3290 58
3291 13
3292 109
3293 33
3294 58
3295 142
3296 163
3297 191
3298 217
3300 122
3301 107
3302 191
3304 136
3306 24
3307 68
3308 197
3309 109
3310 103
3312 44
3314 140
3315 151
3316 120
3317 132
3318 107
3320 112
3321 93
3322 0
3324 109
3325 171
3326 204
3327 95
3328 49
3329 188
3331 1
3332 1
3333 64
3335 139
3336 32
3337 134
3338 103
3339 133
3340 31
3341 13
3342 140
3343 170
3344 217
3345 188
3346 236
3347 99
3348 120
3349 70
3350 128
3351 196
3352 149
3353 214
3354 20
3355 139
3356 14
3357 159
3359 74
3360 21
3362 28
3363 50
3367 82
3368 160
3369 142
3370 156
3371 158
3373 131
3374 140
3375 109
3376 235
3377 140
3379 170
3380 247
3382 122
3383 209
3384 169
3385 39
3386 1
3387 153
3388 49
3389 186
3390 112
3391 2
3392 95
3393 167
3394 21
3396 49
3397 157
3399 239
3400 151
3401 74
3402 74
3403 109
3404 37
3405 111
3406 64
3407 76
3408 70
3409 170
3410 217
3411 24
3412 180
3413 191
3414 90
3415 192
3416 70
3417 117
3418 79
3420 136
3421 65
3422 60
3423 140
3424 21
3425 122
3426 49
3427 68
3428 37
3430 217
3431 217
3432 236
3433 224
3434 152
3435 134
3436 24
3437 70
3438 70
3439 70
3440 186
3442 224
3443 217
3444 76
3445 70
3447 68
3448 76
3449 165
3450 112
3451 217
3452 28
3453 58
3454 162
3455 52
3456 153
3457 199
3458 148
3459 234
3460 19
3461 187
3462 69
3463 105
3464 28
3465 165
3466 215
3467 94
3468 217
3470 181
3471 86
3472 74
3473 74
3474 122
3475 62
3476 134
3477 22
3478 138
3480 21
3481 105
3482 37
3483 31
3484 86
3485 215
3486 98
3487 201
3490 199
3491 3
3493 162
3494 86
3495 57
3496 215
3497 41
3498 145
3499 165
3500 191
3501 73
3502 41
3503 56
3504 240
3506 73
3507 37
3508 109
3509 209
3510 70
3511 191
3512 240
3513 239
3514 165
3515 165
3516 15
3517 99
3518 21
3519 50
3520 165
3521 92
3523 217
3525 96
3526 20
3527 109
3528 37
3529 39
3531 121
3532 17
3533 147
3534 157
3535 215
3536 139
3537 29
3538 49
3539 17
3540 135
3541 207
3542 208
3543 249
3544 77
3545 21
3546 64
3548 112
3549 99
3550 76
3551 162
3552 61
3553 100
3554 17
3555 49
3556 225
3557 129
3558 148
3559 68
3560 99
3561 55
3562 43
3563 31
3564 122
3565 98
3566 0
3567 217
3568 229
3569 213
3571 239
3572 191
3574 15
3575 1
3576 70
3579 28
3582 98
3583 46
3584 78
3586 75
3588 209
3589 234
3590 218
3591 31
3592 49
3593 191
3594 59
3595 70
3596 146
3598 186
3599 226
3600 229
3602 6
3604 35
3605 165
3606 88
3610 217
3611 76
3612 236
3613 123
3615 119
3616 57
3617 36
3618 224
3619 31
3622 4
3623 93
3624 198
3625 50
3626 210
3627 112
3630 232
3631 176
3632 192
3633 76
3634 112
3635 54
3637 196
3638 163
3639 101
3640 217
3642 100
3643 209
3644 41
3645 13
3646 62
3647 107
3648 122
3649 96
3650 170
3651 4
3652 93
3653 191
3655 202
3656 44
3657 74
3658 4
3659 74
3660 103
3661 49
3662 184
3663 121
3664 32
3665 16
3666 31
3667 165
3668 138
3669 123
3672 225
3673 192
3675 122
3677 217
3678 57
3679 93
3681 53
3683 70
3684 136
3685 70
3686 50
3687 122
3688 96
3689 233
3690 30
3691 0
3692 217
3693 188
3694 70
3695 14
3696 94
3697 191
3698 93
3699 237
3700 192
3701 89
3702 92
3704 159
3705 152
3706 164
3707 209
3708 208
3709 68
3712 58
3713 69
3714 36
3715 41
3716 71
3717 217
3718 192
3719 128
3720 186
3721 21
3722 169
3723 209
3724 70
3725 151
3726 21
3727 50
3728 151
3729 73
3730 142
3732 109
3733 217
3735 165
3736 118
3737 158
3738 143
3739 170
3740 76
3741 61
3743 208
3744 108
3745 140
3747 26
3748 69
3749 131
3750 201
3752 38
3753 70
3754 217
3755 170
3756 1
3757 131
3758 13
3759 170
3761 45
3762 99
3763 217
3764 144
3765 52
3766 24
3767 154
3768 217
3770 57
3771 201
3772 49
3774 148
3776 234
3777 70
3778 167
3779 133
3781 133
3783 209
3785 31
3786 132
3787 94
3788 82
3790 39
3791 74
3792 217
3793 157
3795 133
3796 1
3797 112
3798 21
3799 164
3800 79
3801 82
3802 156
3803 64
3804 115
3805 217
3806 77
3807 165
3808 103
3810 217
3812 64
3813 58
3814 131
3815 173
3816 64
3817 236
3818 191
3819 95
3820 144
3821 9
3822 240
3824 167
3825 131
3826 153
3828 247
3830 109
3831 51
3832 149
3833 180
3834 51
3835 217
3836 93
3837 215
3838 57
3839 210
3840 70
3841 54
3843 165
3844 70
3845 217
3846 70
3848 49
3849 52
3850 28
3851 239
3852 80
3853 230
3855 240
3856 164
3858 57
3859 136
3861 124
3862 236
3863 215
3865 154
3866 95
3867 187
3868 172
3870 239
3871 140
3872 70
3873 170
3874 60
3875 58
3876 120
3877 76
3878 70
3879 22
3880 37
3881 70
3882 217
3883 131
3884 220
3885 217
3886 54
3887 217
3888 148
3889 208
3891 170
3892 1
3893 217
3894 70
3896 92
3897 1
3898 41
3899 103
3900 1
3901 230
3902 246
3903 165
3904 59
3905 217
3906 217
3907 88
3908 151
3909 109
3910 49
3911 165
3912 230
3913 58
3914 103
3915 86
3916 137
3917 181
3918 65
3919 57
3920 195
3921 11
3922 208
3924 183
3925 246
3926 91
3927 181
3928 62
3930 39
3931 207
3932 151
3933 162
3935 70
3936 154
3937 186
3938 148
3939 217
3940 198
3941 54
3942 236
3943 54
3945 93
3946 204
3947 1
3949 49
3950 215
3951 126
3953 1
3954 224
3955 61
3956 31
3957 235
3958 206
3959 191
3960 177
3961 165
3962 93
3963 31
3964 80
3965 70
3966 70
3967 176
3968 188
3970 58
3971 141
3972 203
3973 235
3976 92
3977 58
3978 103
3979 123
3980 2
3981 54
3982 188
3983 28
3985 145
3986 145
3987 42
3988 15
3989 214
3990 140
3991 240
3992 180
3993 217
3994 131
3995 1
3996 24
3997 15
3998 171
3999 180
4000 163
4001 80
4002 101
4003 180
4004 99
4006 68
4008 217
4009 201
4011 103
4012 165
4013 235
4014 73
4015 217
4016 65
4017 109
4018 162
4019 64
4020 217
4021 103
4022 141
4023 38
4024 98
4025 225
4026 217
4027 152
4028 237
4029 59
4030 226
4031 1
4032 217
4033 209
4034 140
4035 51
4036 70
4037 13
4038 140
4039 0
4040 103
4042 37
4043 107
4044 142
4045 173
4046 64
4047 158
4048 70
4049 217
4050 51
4051 215
4052 54
4054 217
4055 46
4056 215
4057 174
4059 217
4060 175
4061 217
4062 50
4063 57
4065 139
4066 88
4067 96
4068 90
4069 136
4070 103
4071 73
4072 39
4073 61
4074 86
4076 165
4078 5
4080 1
4081 61
4082 148
4083 31
4085 109
4086 31
4087 142
4088 31
4089 1
4090 10
4091 156
4092 0
4093 61
4094 5
4095 206
4096 95
4097 70
4099 120
4100 186
4101 13
4102 20
4103 132
4104 136
4105 101
4106 140
4107 112
4110 60
4111 70
4112 76
4113 11
4114 215
4115 191
4116 96
4117 120
4118 236
4119 68
4121 6
4122 99
4123 213
4124 39
4125 93
4126 131
4128 99
4129 80
4130 92
4132 89
4133 86
4135 26
4136 70
4137 93
4138 145
4139 217
4141 235
4142 64
4143 87
4145 165
4146 186
4147 16
4148 66
4149 109
4150 239
4151 31
4152 165
4153 224
4154 95
4155 23
4157 138
4158 95
4159 70
4160 122
4161 165
4162 248
4163 95
4164 217
4165 20
4166 96
4167 172
4169 200
4170 56
4171 121
4172 217
4173 112
4174 68
4175 59
4176 167
4177 187
4178 74
4179 217
4180 88
4181 61
4183 79
4184 74
4185 224
4186 31
4187 217
4188 51
4190 46
4191 104
4192 191
4193 235
4194 129
4195 99
4196 164
4197 74
4198 37
4199 141
4200 198
4201 202
4202 76
4203 13
4204 217
4208 217
4209 136
4210 92
4211 31
4212 86
4213 119
4214 142
4215 197
4216 37
4217 217
4218 142
4219 247
4221 163
4223 209
4224 180
4225 230
4226 49
4227 109
4228 217
4229 151
4230 79
4231 108
4232 217
4233 90
4234 105
4235 95
4236 217
4237 224
4238 145
4239 234
4240 13
4241 236
4242 208
4243 54
4244 68
4245 138
4246 70
4247 148
4248 191
4250 136
4251 217
4253 105
4254 57
4255 38
4256 247
4258 70
4259 235
4260 124
4261 161
4262 160
4263 70
4265 170
4266 217
4268 217
4269 129
4271 217
4273 217
4274 51
4275 230
4276 155
4277 105
4278 109
4279 43
4280 99
4281 113
4282 31
4283 224
4284 121
4285 64
4286 0
4287 68
4288 34
4289 51
4290 24
4291 59
4292 70
4293 76
4294 51
4295 217
4296 99
4297 208
4298 171
4299 37
4300 145
4301 63
4303 209
4304 1
4309 131
4310 98
4311 0
4312 213
4313 62
4315 217
4316 1
4317 6
4318 45
4321 15
4322 104
4323 56
4325 151
4326 126
4327 70
4328 225
4329 180
4330 70
4331 171
4332 162
4333 106
4334 21
4335 158
4336 40
4337 79
4338 51
4339 1
4340 59
4341 34
4342 211
4343 213
4344 70
4345 209
4347 165
4349 217
4350 158
4351 226
4355 109
4356 20
4357 70
4359 1
4360 54
4361 99
4362 145
4364 56
4365 227
4366 98
4367 6
4368 165
4370 209
4372 1
4373 76
4374 77
4377 200
4379 217
4380 132
4381 12
4382 138
4383 165
4384 181
4385 86
4386 206
4387 92
4388 153
4389 191
4390 208
4391 70
4392 102
4393 236
4394 86
4395 149
4396 214
4397 237
4398 208
4399 145
4400 165
4402 82
4403 136
4405 74
4406 21
4407 136
4408 234
4409 103
4410 159
4411 53
4412 76
4413 202
4415 55
4416 154
4417 91
4418 153
4419 64
4420 168
4421 236
4422 171
4424 217
4425 118
4428 217
4429 122
4430 176
4434 120
4435 16
4436 187
4437 58
4438 86
4439 136
4440 209
4442 35
4443 182
4444 145
4445 170
4446 106
4448 217
4449 71
4451 74
4453 217
4454 157
4455 71
4457 249
4459 148
4461 132
4462 239
4463 70
4465 37
4466 113
4467 144
4468 74
4470 122
4471 95
4472 224
4473 124
4475 145
4476 132
4477 165
4478 121
4479 103
4480 224
4481 167
4483 171
4485 173
4486 13
4487 100
4488 103
4489 70
4491 217
4492 132
4493 235
4494 86
4495 37
4497 186
4498 76
4499 70
4500 24
4502 63
4503 101
4506 136
4507 165
4508 50
4509 93
4510 105
4511 17
4512 3
4513 180
4514 163
4515 171
4516 120
4517 57
4518 148
4519 153
4520 157
4521 70
4522 217
4523 163
4524 165
4525 95
4526 124
4527 178
4528 95
4529 165
4530 86
4531 111
4532 203
4534 120
4536 21
4537 78
4538 165
4539 121
4540 78
4542 51
4543 240
4544 68
4546 163
4547 217
4548 108
4549 11
4550 21
4551 148
4552 20
4555 209
4556 224
4557 215
4558 68
4559 217
4560 1
4561 207
4562 165
4563 217
4564 56
4565 42
4566 208
4567 82
4568 68
4569 170
4570 120
4571 122
4573 101
4574 235
4575 154
4578 45
4579 225
4580 74
4582 206
4583 1
4584 217
4585 163
4586 165
4587 226
4588 68
4589 87
4590 214
4591 59
4592 4
4593 76
4595 213
4596 154
4597 32
4598 134
4600 122
4601 13
4602 217
4603 58
4604 119
4605 180
4606 217
4608 37
4609 136
4610 1
4611 215
4612 18
4613 229
4614 70
4616 93
4618 217
4619 230
4620 151
4621 50
4622 24
4623 37
4624 88
4625 161
4626 86
4627 70
4628 121
4630 163
4631 77
4632 160
4633 187
4635 73
4636 136
4637 217
4639 165
4640 161
4642 215
4643 240
4644 105
4645 107
4646 165
4647 53
4648 120
4649 230
4650 70
4651 70
4652 145
4653 58
4654 49
4655 109
4656 141
4657 45
4658 51
4659 13
4661 80
4662 78
4663 230
4664 165
4665 170
4667 217
4669 76
4670 170
4671 176
4672 113
4673 230
4674 37
4675 140
4677 93
4678 58
4680 41
4681 3
4682 64
4683 70
4684 240
4686 15
4687 171
4689 76
4690 97
4691 64
4692 164
4695 61
4696 8
4697 141
4698 143
4700 13
4701 217
4702 147
4704 64
4705 70
4706 217
4707 217
4708 70
4709 86
4710 39
4711 101
4712 122
4713 151
4714 106
4715 230
4716 239
4717 132
4718 132
4719 217
4720 122
4722 1
4723 64
4724 165
4725 199
4726 165
4727 240
4728 118
4729 68
4730 180
4731 235
4732 240
4733 70
4734 21
4735 166
4736 93
4737 217
4739 141
4740 136
4741 217
4742 61
4743 117
4744 51
4745 93
4747 151
4748 74
4749 104
4751 203
4752 92
4753 180
4754 162
4755 70
4756 39
4757 109
4758 138
4759 140
4760 208
4761 217
4762 0
4763 86
4764 183
4765 240
4766 88
4768 32
4770 217
4771 27
4772 57
4773 122
4774 21
4775 230
4777 215
4778 37
4779 31
4780 100
4781 77
4782 234
4783 32
4784 199
4785 70
4787 56
4788 123
4789 32
4790 140
4791 76
4792 140
4793 57
4794 61
4795 35
4796 217
4798 180
4799 176
4800 223
4802 24
4803 165
4804 38
4805 115
4806 230
4807 4
4808 71
4809 61
4811 69
4812 217
4814 22
4815 165
4816 217
4817 24
4818 43
4820 68
4821 215
4822 208
4823 70
4824 191
4827 235
4828 38
4829 198
4830 158
4831 103
4833 61
4834 162
4835 17
4836 41
4837 206
4838 109
4839 197
4840 236
4841 86
4842 208
4843 181
4844 158
4846 208
4847 217
4848 237
4850 167
4851 145
4852 15
4853 170
4854 136
4855 39
4856 209
4857 24
4858 152
4859 21
4860 141
4861 170
4862 163
4863 198
4865 240
4866 230
4867 217
4868 157
4869 5
4870 21
4871 92
4872 211
4874 32
4875 170
4878 56
4879 170
4881 37
4882 15
4884 4
4886 186
4887 131
4888 145
4889 17
4890 15
4891 70
4892 6
4894 109
4896 9
4897 61
4898 32
4899 99
4900 230
4901 96
4902 139
4904 217
4906 191
4908 121
4909 118
4910 236
4911 38
4912 141
4913 89
4916 230
4917 121
4918 70
4919 24
4920 13
4921 165
4922 14
4923 151
4924 1
4925 132
4926 92
4927 49
4929 140
4930 103
4931 121
4932 63
4933 103
4934 217
4935 70
4937 217
4938 57
4940 165
4941 95
4943 1
4944 74
4945 86
4946 191
4947 217
4950 235
4951 15
4952 139
4953 50
4954 217
4955 192
4956 136
4957 180
4959 194
4960 13
4961 170
4962 120
4963 235
4964 170
4965 217
4966 36
4968 217
4969 136
4970 120
4971 217
4972 60
4974 165
4975 50
4976 217
4977 136
4978 165
4979 82
4980 99
4982 201
4985 70
4986 208
4987 209
4988 38
4989 105
4990 236
4991 34
4992 191
4993 217
4994 224
4995 194
4997 95
4998 158
4999 37
