0 213
1 131
2 53
3 77
5 5
6 202
7 1
8 79
9 95
10 158
11 94
12 165
13 185
14 181
15 187
16 117
17 99
18 244
20 117
21 140
22 39
23 140
24 171
25 37
26 131
27 187
28 101
29 170
30 163
31 37
32 180
33 88
34 163
35 248
36 76
37 22
38 126
39 164
40 249
42 108
43 169
44 0
45 85
46 110
47 11
48 136
49 99
50 247
51 62
52 151
53 51
54 55
55 248
56 157
57 96
58 127
59 166
60 33
62 22
63 231
64 157
65 15
66 109
67 177
68 185
69 1
70 34
71 77
72 158
73 1
75 55
76 95
77 79
78 194
79 112
80 48
81 239
83 49
84 86
85 82
86 42
87 79
88 241
90 117
91 28
92 12
93 97
94 37
95 221
96 131
97 187
98 66
99 50
101 164
102 111
103 1
104 164
105 72
106 154
107 81
108 133
109 108
110 177
112 128
114 105
115 248
116 186
117 108
119 197
120 184
121 194
122 248
123 175
124 212
125 179
126 108
127 97
128 0
129 120
130 136
132 137
133 158
134 177
135 69
136 39
137 141
138 93
139 12
140 249
141 163
142 64
143 54
144 80
146 17
147 12
148 55
150 159
151 11
152 146
153 145
154 153
155 24
156 16
157 121
158 84
159 205
160 75
161 202
162 125
163 131
164 248
165 179
166 25
167 75
168 152
169 202
170 122
171 22
172 249
173 67
174 248
175 57
176 7
177 185
178 9
179 131
180 175
181 25
182 177
183 223
184 20
185 113
186 144
187 131
188 130
189 27
190 81
191 42
192 19
193 114
194 187
195 1
196 214
197 114
198 63
199 2
200 243
201 228
202 57
203 136
204 5
206 177
207 11
208 101
209 149
211 55
212 9
213 156
214 148
215 82
216 78
217 9
218 19
219 8
220 236
221 93
222 0
223 30
224 17
225 110
226 2
227 145
228 82
229 75
230 141
231 126
232 248
233 140
235 163
236 151
237 242
238 163
239 140
240 123
241 236
242 188
243 27
244 226
245 131
246 104
247 81
248 35
249 42
250 14
251 59
252 236
254 164
256 140
257 102
258 163
259 163
260 247
261 37
262 163
263 76
264 91
265 184
266 42
267 232
268 76
269 9
270 122
271 70
272 230
273 23
274 17
275 136
277 145
278 188
279 229
280 26
282 44
283 236
284 44
285 163
286 30
287 55
288 35
289 104
290 210
291 141
292 218
293 38
294 236
295 126
296 175
297 100
298 29
299 240
300 81
301 115
302 216
303 186
304 146
305 130
306 1
307 222
308 66
309 184
310 225
312 243
313 97
314 95
315 80
316 160
317 139
318 37
319 50
320 179
321 84
322 13
323 34
324 107
325 90
326 104
327 91
328 42
329 37
330 77
331 70
332 36
333 106
334 126
335 175
337 147
338 75
339 103
340 174
341 69
342 192
344 10
345 55
346 161
347 248
348 92
349 177
350 63
351 94
352 163
353 1
354 248
356 37
357 65
358 88
359 223
360 113
361 226
362 191
363 191
364 131
365 82
366 152
367 12
368 25
369 7
370 122
372 233
373 59
374 182
375 87
376 18
377 119
378 230
379 156
380 11
381 248
382 137
383 20
384 156
385 236
386 8
387 148
388 148
389 161
390 78
391 100
392 0
393 163
394 13
395 46
396 168
397 165
398 37
399 70
400 201
401 168
402 208
403 92
404 69
405 95
406 78
407 37
408 126
409 36
410 146
411 186
412 131
413 40
414 30
415 171
416 8
417 230
418 131
419 202
420 3
421 202
422 21
423 97
424 22
425 91
426 118
427 237
428 40
429 137
430 12
431 52
432 123
433 82
434 38
435 245
436 163
437 163
438 51
440 31
441 81
442 156
443 122
444 244
445 135
446 246
447 63
448 108
449 247
450 108
451 68
452 45
453 185
454 116
455 211
457 161
458 35
459 178
460 234
461 33
462 36
463 18
464 175
465 213
466 125
467 127
468 210
469 239
470 209
471 169
472 28
473 71
474 130
475 241
476 131
477 93
478 74
479 81
480 127
481 144
482 70
483 189
484 164
485 37
486 75
487 71
489 226
490 133
491 151
492 74
493 216
494 187
495 127
496 42
497 39
498 148
499 216
501 207
502 93
503 94
506 110
509 115
510 175
511 206
512 30
513 145
516 111
518 182
519 97
520 39
521 203
522 52
523 192
524 245
525 172
527 169
528 54
529 113
530 71
531 163
532 110
533 231
534 48
535 230
536 82
537 167
539 127
540 46
541 55
542 81
543 120
544 104
545 2
546 131
547 67
549 79
550 86
551 122
552 105
553 1
554 56
555 39
556 11
557 93
558 2
559 80
560 75
562 133
563 147
564 240
567 137
568 80
569 219
570 32
571 193
572 147
573 147
574 103
575 150
576 142
577 192
578 21
579 175
580 95
581 210
582 81
583 99
584 51
585 141
586 204
587 230
588 56
589 84
590 156
592 17
594 12
595 136
596 16
597 82
598 219
599 130
600 44
601 177
602 228
604 71
605 143
606 248
607 100
608 246
609 14
610 140
611 136
612 225
613 130
614 210
615 101
616 193
617 168
618 114
619 22
620 135
621 177
622 36
623 25
624 91
625 75
626 133
627 8
628 2
629 249
630 69
631 92
632 108
633 51
634 80
635 221
636 77
637 249
638 114
639 208
640 117
641 100
642 28
643 84
644 12
645 27
646 25
647 128
648 118
651 232
652 193
653 20
654 87
655 52
656 113
657 244
658 109
659 34
660 93
661 137
662 212
663 228
664 224
665 65
666 51
667 244
668 43
670 113
671 12
672 243
673 82
674 82
675 71
676 42
678 207
679 74
680 202
681 49
682 198
684 63
685 236
686 119
687 88
688 229
689 48
690 107
691 130
692 91
693 1
694 37
695 136
696 175
697 161
698 8
699 49
701 223
702 243
703 160
705 227
706 187
707 81
708 167
709 61
710 170
711 20
712 76
713 160
714 237
716 142
717 201
718 76
720 226
722 76
723 187
724 92
725 104
726 142
727 87
728 106
729 140
730 18
731 157
732 77
733 160
734 100
735 55
736 39
737 148
738 73
739 226
740 236
741 79
742 144
743 63
744 138
745 21
746 249
747 13
748 181
749 108
751 208
752 218
753 41
754 104
755 71
756 101
757 126
758 148
760 35
761 155
762 2
764 245
765 123
766 17
767 211
768 52
769 216
770 245
771 161
772 8
773 99
774 186
775 198
776 39
777 109
778 228
779 214
780 102
781 12
782 94
783 191
784 193
785 8
787 84
789 163
790 79
791 71
793 40
794 248
795 249
796 63
797 130
798 77
799 18
800 106
801 188
802 17
803 53
804 169
805 208
806 61
807 104
808 31
809 202
810 158
811 225
812 51
813 102
814 188
815 148
817 163
818 70
819 96
820 190
821 175
822 45
823 70
824 155
826 243
827 52
828 129
829 57
830 79
831 246
832 210
833 173
834 113
835 66
836 184
837 70
838 233
840 93
841 186
843 245
846 5
847 181
848 158
849 13
850 236
852 105
853 63
855 121
856 108
857 37
858 146
859 135
860 153
861 151
862 8
863 22
864 202
865 149
866 192
867 131
868 78
869 122
871 64
872 1
873 25
874 185
875 231
876 125
877 228
878 209
879 11
881 131
882 39
883 27
884 171
885 3
888 127
889 184
890 74
891 203
892 1
893 71
894 51
895 239
896 52
897 117
898 249
899 217
900 148
901 8
902 189
903 217
904 192
905 221
906 98
907 187
909 116
910 59
911 244
912 248
913 47
914 91
915 163
916 55
917 84
918 39
919 156
920 81
921 244
922 106
923 131
924 186
925 224
926 149
927 2
928 40
929 226
930 128
931 238
932 83
933 167
934 184
936 62
938 84
939 68
940 243
941 19
942 38
943 35
944 53
946 39
947 12
948 122
949 237
950 135
951 1
953 173
954 133
955 216
956 113
957 42
958 198
959 27
960 22
961 217
962 89
963 91
964 136
965 202
967 139
968 246
969 111
970 165
971 241
972 199
973 103
974 4
975 140
977 161
978 243
979 156
980 173
981 161
982 199
983 11
984 109
985 18
987 160
988 87
989 1
990 135
991 97
992 1
993 11
994 124
995 117
996 157
998 106
999 239
1000 194
1001 116
1002 177
1003 66
1004 11
1005 159
1006 87
1009 42
1010 114
1011 138
1013 155
1014 228
1015 236
1016 235
1017 79
1019 196
1020 201
1021 12
1022 37
1023 11
1024 238
1025 78
1027 246
1028 36
1029 130
1030 131
1031 82
1032 90
1034 24
1035 49
1036 188
1037 98
1038 148
1040 40
1042 64
1044 74
1045 171
1046 165
1047 215
1048 1
1049 61
1050 209
1052 208
1053 224
1054 117
1055 108
1057 12
1058 74
1059 80
1060 121
1061 48
1062 195
1063 131
1064 157
1065 218
1066 131
1067 126
1068 8
1069 95
1070 39
1071 171
1072 84
1074 208
1075 224
1076 54
1077 1
1078 145
1079 220
1080 212
1081 127
1082 54
1083 211
1084 40
1085 84
1086 122
1087 104
1088 136
1089 195
1090 67
1091 184
1092 126
1093 131
1094 248
1095 204
1097 214
1098 62
1099 173
1100 119
1101 45
1103 135
1104 50
1105 132
1106 65
1107 39
1108 141
1110 156
1111 138
1112 222
1113 57
1114 207
1115 9
1116 62
1117 123
1118 35
1119 36
1120 46
1121 45
1122 161
1123 140
1124 155
1125 202
1126 15
1127 158
1128 141
1129 177
1130 165
1131 83
1133 33
1134 233
1135 202
1137 117
1139 191
1140 47
1141 73
1142 49
1143 170
1144 130
1145 71
1146 45
1147 75
1148 154
1149 89
1150 242
1151 122
1154 99
1155 97
1158 249
1159 184
1160 114
1162 87
1163 73
1165 38
1166 10
1167 85
1168 162
1169 110
1170 234
1171 227
1172 115
1173 118
1174 216
1177 176
1178 54
1179 131
1180 96
1181 71
1183 136
1184 235
1185 189
1186 248
1187 48
1188 8
1189 34
1190 148
1191 119
1192 3
1193 164
1194 76
1195 91
1196 48
1197 80
1198 1
1200 151
1201 160
1203 244
1205 22
1206 12
1207 236
1209 194
1210 222
1211 185
1212 242
1213 83
1214 236
1215 19
1216 167
1217 30
1218 224
1219 102
1220 45
1221 119
1222 126
1223 227
1225 109
1226 233
1227 134
1228 51
1229 99
1230 22
1232 74
1234 99
1235 173
1237 177
1238 4
1239 171
1240 216
1241 177
1242 244
1243 186
1245 117
1246 69
1247 63
1248 38
1249 127
1250 226
1251 243
1252 18
1253 104
1255 128
1256 50
1257 88
1258 83
1259 125
1260 15
1261 129
1262 136
1263 142
1265 116
1266 140
1267 169
1269 195
1270 173
1271 236
1272 152
1273 140
1274 156
1275 66
1277 49
1278 84
1279 89
1281 76
1283 10
1284 122
1285 96
1286 95
1289 128
1290 223
1291 96
1292 119
1293 194
1294 39
1295 195
1296 94
1297 133
1298 155
1299 217
1300 236
1302 236
1303 66
1305 147
1306 152
1307 212
1308 220
1310 82
1311 243
1313 233
1314 68
1315 84
1316 12
1319 1
1320 36
1321 82
1323 88
1324 33
1325 187
1326 164
1327 140
1328 180
1329 209
1330 107
1332 77
1333 17
1334 245
1335 137
1336 236
1337 76
1339 146
1340 30
1341 51
1343 208
1344 192
1345 131
1346 96
1347 121
1348 117
1349 13
1350 5
1351 102
1352 89
1354 208
1355 37
1357 128
1358 125
1359 240
1360 54
1361 198
1362 84
1363 55
1364 218
1365 152
1366 66
1367 72
1368 163
1369 52
1370 216
1372 202
1373 175
1374 19
1375 220
1376 28
1377 15
1378 233
1380 174
1381 75
1382 207
1384 238
1385 127
1387 41
1388 162
1389 77
1391 238
1392 224
1393 248
1394 247
1396 238
1397 249
1399 66
1400 55
1401 156
1402 132
1403 228
1404 221
1405 17
1406 136
1410 152
1411 70
1412 26
1413 171
1414 248
1415 200
1416 217
1417 186
1418 221
1419 64
1420 89
1421 8
1422 87
1423 6
1425 101
1426 82
1427 68
1429 155
1431 163
1432 228
1433 149
1434 8
1436 125
1438 42
1439 218
1440 243
1441 214
1442 17
1443 6
1444 215
1445 2
1446 190
1447 105
1448 110
1449 8
1450 84
1451 197
1452 151
1454 169
1455 100
1456 75
1457 186
1459 36
1460 56
1461 216
1462 15
1463 249
1464 36
1465 232
1466 177
1467 25
1468 209
1469 1
1470 80
1471 141
1472 22
1473 129
1474 72
1475 41
1476 60
1479 202
1480 50
1481 99
1482 164
1483 69
1484 68
1486 1
1487 214
1490 76
1491 169
1492 193
1493 11
1495 128
1496 85
1497 200
1498 230
1499 236
1500 101
1502 30
1503 226
1504 42
1506 189
1507 205
1508 164
1509 187
1510 81
1512 246
1514 100
1515 157
1517 42
1518 245
1520 40
1521 48
1522 220
1523 169
1524 28
1525 216
1526 108
1527 51
1528 97
1529 191
1530 127
1531 243
1532 39
1534 76
1535 27
1536 228
1537 187
1538 141
1540 236
1541 93
1542 52
1543 216
1544 169
1545 134
1546 62
1547 39
1549 93
1551 81
1552 166
1553 49
1554 49
1555 93
1556 74
1557 80
1558 142
1560 107
1563 217
1565 84
1566 74
1567 90
1568 5
1570 226
1572 177
1573 39
1574 107
1575 136
1576 241
1577 1
1579 29
1581 106
1582 239
1585 16
1586 93
1587 168
1588 72
1589 140
1590 27
1591 241
1593 220
1595 42
1599 26
1601 8
1602 45
1603 19
1604 88
1605 249
1607 216
1609 18
1610 207
1611 55
1613 227
1614 26
1615 63
1616 72
1617 59
1618 141
1619 240
1621 102
1623 189
1625 216
1626 45
1628 19
1629 137
1630 81
1631 77
1632 15
1633 27
1635 10
1636 242
1637 110
1639 247
1640 139
1643 64
1644 173
1645 185
1646 58
1648 178
1650 207
1651 186
1652 131
1653 62
1654 64
1655 192
1656 131
1657 130
1658 104
1659 119
1660 22
1661 243
1662 8
1663 52
1664 34
1665 109
1666 80
1667 48
1668 90
1669 173
1670 188
1671 49
1674 160
1676 187
1677 38
1678 140
1679 140
1681 40
1682 210
1684 136
1685 184
1686 235
1687 149
1688 238
1689 197
1691 185
1692 241
1694 65
1695 163
1696 150
1697 164
1698 104
1699 30
1701 51
1702 186
1703 5
1704 14
1705 191
1706 128
1707 32
1708 1
1709 144
1712 56
1713 247
1715 126
1716 160
1718 249
1719 146
1720 9
1721 113
1722 69
1723 217
1724 229
1725 248
1726 8
1727 236
1728 78
1730 127
1732 36
1733 158
1734 53
1735 229
1736 65
1737 44
1738 4
1739 181
1740 51
1741 248
1742 14
1743 96
1747 89
1748 80
1749 79
1750 9
1751 22
1752 94
1753 42
1754 249
1755 14
1756 210
1757 154
1758 49
1759 218
1761 208
1764 151
1765 165
1766 84
1767 140
1768 157
1769 106
1771 93
1772 187
1774 55
1775 46
1776 36
1777 138
1778 226
1779 226
1780 131
1781 103
1782 40
1783 18
1784 49
1785 123
1786 51
1788 163
1789 62
1790 52
1791 116
1792 152
1793 163
1794 126
1795 227
1796 1
1797 226
1799 49
1801 93
1802 186
1804 131
1805 112
1806 3
1807 104
1808 241
1810 108
1811 55
1813 2
1815 55
1816 199
1817 1
1818 163
1819 81
1820 95
1821 131
1822 55
1824 238
1825 244
1826 4
1827 37
1829 69
1830 225
1831 203
1832 119
1833 132
1834 15
1837 125
1839 105
1840 162
1841 140
1842 36
1843 5
1845 37
1846 144
1847 93
1848 117
1849 163
1850 155
1851 98
1853 187
1854 178
1855 232
1857 90
1858 163
1860 139
1861 141
1863 70
1864 88
1865 17
1866 165
1867 244
1868 187
1869 173
1871 198
1873 142
1874 90
1875 25
1876 134
1877 194
1878 244
1879 37
1880 236
1881 248
1882 102
1883 192
1884 75
1885 191
1887 222
1889 70
1890 122
1891 0
1894 92
1895 238
1896 246
1897 126
1899 192
1900 113
1902 64
1904 18
1906 221
1907 192
1908 126
1909 188
1910 130
1911 126
1912 3
1913 234
1914 198
1915 0
1916 27
1917 140
1918 232
1919 49
1920 120
1921 170
1923 163
1924 187
1925 244
1926 123
1927 229
1928 91
1929 95
1931 229
1933 163
1934 131
1935 134
1936 2
1938 107
1939 39
1940 212
1941 191
1942 13
1943 19
1944 21
1947 40
1948 99
1949 198
1950 193
1952 245
1953 189
1954 0
1955 81
1957 192
1959 175
1962 68
1964 153
1966 30
1967 118
1968 83
1969 54
1970 66
1971 248
1972 131
1973 216
1974 170
1976 160
1977 55
1978 198
1979 216
1980 163
1982 157
1983 84
1985 147
1986 249
1987 181
1991 202
1992 236
1993 103
1994 224
1995 231
1997 95
1998 50
2000 230
2001 6
2003 38
2006 248
2008 156
2009 4
2010 228
2011 216
2012 55
2013 45
2014 212
2016 226
2018 90
2019 146
2020 19
2021 248
2022 224
2024 136
2025 45
2026 117
2027 111
2028 231
2029 38
2031 14
2032 2
2033 6
2034 225
2035 150
2036 216
2037 4
2038 240
2039 69
2040 149
2041 165
2042 143
2043 130
2044 133
2045 15
2046 81
2047 66
2049 249
2050 56
2051 227
2053 22
2054 113
2055 27
2056 177
2057 114
2058 160
2059 211
2061 114
2062 174
2063 231
2065 136
2067 13
2068 84
2069 109
2070 0
2071 131
2072 71
2073 5
2075 90
2076 216
2077 9
2079 163
2080 229
2081 117
2082 130
2083 241
2084 187
2085 17
2086 156
2088 34
2089 216
2091 249
2092 189
2093 10
2094 109
2096 131
2099 47
2100 126
2101 6
2104 208
2105 10
2107 75
2108 245
2109 177
2110 166
2111 232
2113 161
2115 35
2116 114
2117 15
2118 117
2119 104
2121 109
2122 193
2123 200
2124 240
2125 56
2126 211
2127 211
2128 216
2129 86
2130 169
2131 238
2132 81
2133 228
2135 163
2136 155
2137 140
2138 11
2139 233
2141 95
2142 62
2143 2
2144 70
2145 2
2147 157
2148 38
2150 140
2151 131
2152 151
2153 70
2154 173
2155 137
2156 82
2157 115
2158 48
2160 186
2161 130
2162 126
2163 235
2164 236
2167 208
2168 66
2170 177
2171 56
2172 249
2174 163
2175 13
2176 185
2177 25
2178 228
2181 37
2182 75
2183 186
2184 83
2185 7
2187 104
2188 56
2190 148
2191 245
2192 80
2196 11
2197 221
2198 132
2200 187
2201 53
2203 226
2204 142
2206 156
2211 38
2213 3
2214 128
2215 4
2217 123
2219 84
2220 195
2221 202
2222 121
2226 126
2227 22
2229 126
2230 209
2232 155
2233 14
2234 163
2235 45
2236 240
2238 25
2239 125
2240 130
2241 66
2242 0
2243 31
2244 68
2245 231
2246 151
2247 207
2248 102
2249 131
2253 168
2254 211
2257 249
2259 212
2260 44
2261 135
2263 53
2265 130
2266 76
2267 245
2268 179
2269 203
2270 163
2272 242
2274 42
2275 70
2277 155
2279 145
2280 215
2281 131
2282 77
2283 236
2284 44
2286 58
2287 126
2288 102
2289 148
2290 122
2292 14
2293 58
2294 146
2295 133
2296 5
2297 131
2299 117
2300 8
2301 146
2302 110
2303 59
2304 102
2305 210
2306 61
2307 84
2308 70
2309 136
2310 175
2311 49
2312 177
2313 76
2314 107
2315 18
2316 74
2317 146
2318 108
2319 70
2321 18
2322 42
2323 136
2324 37
2325 144
2326 76
2327 203
2328 39
2329 200
2331 40
2332 167
2333 113
2334 240
2335 147
2336 89
2337 14
2338 242
2339 228
2340 216
2341 208
2342 160
2343 17
2344 195
2346 79
2347 160
2348 146
2349 152
2350 131
2352 1
2353 131
2354 99
2355 1
2357 223
2358 198
2361 168
2363 229
2364 230
2365 216
2366 74
2367 72
2369 53
2370 216
2371 81
2373 82
2374 35
2375 10
2376 230
2378 185
2379 245
2380 53
2381 49
2382 238
2384 94
2385 219
2386 233
2387 17
2388 126
2389 37
2390 51
2391 27
2392 171
2393 126
2394 82
2395 36
2397 131
2398 10
2399 37
2401 93
2403 182
2404 191
2405 235
2406 151
2407 36
2410 17
2412 42
2413 244
2414 9
2415 40
2416 39
2417 148
2418 192
2420 196
2422 18
2425 36
2426 4
2427 78
2428 177
2430 8
2431 188
2432 21
2433 4
2434 82
2435 50
2436 157
2437 191
2438 56
2439 39
2440 1
2442 122
2443 206
2444 186
2445 126
2446 39
2447 14
2450 151
2451 175
2452 30
2453 89
2454 26
2455 105
2456 178
2457 177
2458 99
2460 82
2461 96
2463 247
2464 52
2465 9
2467 79
2468 177
2469 5
2470 95
2471 117
2472 145
2473 78
2474 17
2475 164
2476 147
2477 117
2478 170
2479 113
2482 52
2483 164
2484 146
2485 56
2486 62
2488 111
2490 248
2491 18
2492 30
2494 128
2495 190
2497 242
2498 157
2500 212
2501 140
2503 92
2504 123
2505 163
2506 123
2507 69
2508 75
2509 167
2512 245
2513 191
2514 1
2515 83
2516 163
2517 170
2518 225
2519 18
2520 26
2522 61
2524 103
2525 27
2526 72
2527 165
2528 82
2529 38
2531 216
2533 135
2534 189
2536 245
2537 216
2538 55
2540 74
2542 84
2543 109
2544 33
2545 12
2546 220
2547 204
2548 87
2549 233
2550 184
2551 240
2552 214
2553 108
2555 202
2556 238
2557 54
2558 82
2559 104
2560 249
2561 3
2562 172
2563 202
2564 100
2566 52
2567 142
2568 67
2569 145
2570 191
2571 56
2572 160
2574 110
2576 29
2577 122
2578 158
2580 152
2582 4
2584 22
2585 118
2586 120
2587 238
2589 37
2590 2
2591 155
2592 190
2593 225
2594 240
2596 69
2597 249
2598 39
2599 105
2600 89
2602 148
2603 249
2604 192
2605 63
2606 114
2607 169
2608 153
2609 244
2610 100
2612 104
2613 149
2614 189
2615 29
2616 208
2617 220
2618 136
2619 45
2621 230
2622 79
2623 248
2624 21
2625 131
2626 81
2627 103
2629 146
2630 53
2631 69
2632 151
2633 78
2634 80
2635 234
2636 198
2637 208
2641 141
2642 156
2644 80
2645 248
2647 172
2648 210
2649 42
2650 208
2651 9
2652 10
2653 11
2654 24
2655 186
2656 219
2657 133
2658 16
2660 194
2661 95
2664 184
2665 187
2666 73
2667 226
2668 220
2669 82
2670 126
2671 81
2672 18
2673 180
2675 189
2676 21
2677 63
2678 116
2679 18
2680 165
2681 240
2682 171
2683 114
2684 22
2685 33
2686 240
2688 3
2689 128
2690 151
2691 90
2692 8
2694 60
2695 229
2696 120
2697 177
2698 236
2699 205
2701 109
2702 17
2703 109
2705 28
2706 198
2709 20
2710 87
2711 114
2712 157
2713 76
2714 82
2716 145
2717 70
2718 232
2721 200
2722 53
2723 144
2726 19
2727 155
2728 226
2729 203
2730 142
2731 233
2732 80
2733 42
2735 57
2738 154
2739 212
2741 219
2742 203
2743 109
2744 244
2745 138
2747 163
2748 157
2749 100
2751 9
2752 1
2754 9
2756 155
2757 81
2758 168
2759 36
2760 148
2761 243
2762 22
2763 230
2764 161
2765 224
2766 195
2767 231
2768 132
2770 20
2776 160
2777 2
2778 145
2779 204
2780 240
2781 163
2785 239
2786 234
2787 68
2788 174
2789 81
2790 147
2791 226
2792 87
2793 1
2794 238
2795 158
2797 76
2799 243
2800 146
2801 9
2802 146
2804 114
2805 3
2806 43
2807 138
2808 74
2809 83
2811 151
2812 48
2814 13
2815 160
2816 163
2817 33
2818 81
2820 236
2822 150
2824 147
2825 177
2826 80
2827 116
2828 193
2829 114
2830 131
2832 42
2834 42
2835 38
2836 10
2837 238
2838 22
2839 186
2841 197
2842 2
2843 135
2844 177
2845 104
2847 68
2848 80
2849 143
2851 36
2852 66
2853 47
2854 220
2855 161
2856 197
2857 59
2858 108
2859 114
2861 78
2864 177
2866 158
2867 131
2868 12
2869 42
2870 126
2871 62
2873 157
2874 232
2875 199
2877 11
2878 238
2880 235
2881 177
2883 209
2884 216
2885 243
2886 174
2887 84
2888 68
2891 156
2892 20
2893 51
2894 11
2895 248
2896 49
2898 163
2899 248
2900 190
2901 11
2903 236
2904 241
2905 212
2906 173
2907 126
2909 173
2910 203
2911 77
2912 10
2913 77
2914 249
2915 226
2917 163
2919 52
2920 4
2921 49
2922 40
2923 100
2924 9
2925 191
2926 17
2928 122
2929 143
2930 46
2931 90
2932 249
2934 163
2935 230
2936 38
2937 173
2938 25
2940 105
2941 70
2942 93
2943 244
2946 79
2947 108
2948 42
2949 73
2950 35
2951 183
2952 249
2955 87
2956 36
2957 90
2958 2
2960 59
2961 220
2962 20
2964 134
2965 58
2966 18
2967 140
2968 36
2969 236
2970 126
2971 71
2972 244
2973 155
2974 65
2975 147
2976 2
2977 209
2978 5
2979 246
2980 39
2982 127
2983 157
2984 152
2986 207
2987 246
2988 202
2989 68
2990 97
2991 40
2992 8
2994 5
2995 247
2996 84
2997 245
3001 161
3002 52
3003 108
3004 109
3006 109
3007 247
3008 100
3009 163
3011 87
3012 153
3013 111
3014 8
3016 157
3018 127
3020 55
3021 210
3022 98
3023 1
3024 84
3025 131
3026 184
3027 218
3028 235
3029 29
3031 63
3034 114
3035 50
3036 77
3038 140
3039 164
3040 29
3041 100
3042 148
3043 74
3044 21
3045 1
3046 128
3047 108
3048 83
3049 80
3050 44
3053 1
3054 162
3056 83
3057 24
3058 80
3059 57
3060 175
3061 112
3063 106
3064 61
3066 127
3067 103
3068 245
3069 37
3071 77
3072 240
3074 113
3075 227
3076 76
3077 39
3078 206
3080 39
3081 24
3082 213
3083 225
3084 40
3085 223
3086 164
3087 49
3088 51
3089 104
3090 31
3091 131
3093 19
3095 249
3096 11
3097 103
3098 232
3101 122
3102 199
3103 202
3104 24
3105 158
3106 30
3109 247
3110 186
3111 67
3112 92
3113 131
3115 19
3116 22
3117 64
3118 210
3119 58
3120 28
3121 169
3122 30
3123 24
3124 131
3126 12
3127 144
3130 122
3133 163
3134 114
3140 113
3141 225
3144 55
3145 20
3146 78
3147 202
3150 126
3151 12
3152 1
3154 24
3156 25
3158 229
3159 229
3162 155
3163 82
3165 116
3166 74
3167 96
3168 94
3169 82
3171 107
3173 71
3174 246
3176 186
3177 126
3179 163
3180 11
3181 177
3182 5
3183 55
3184 148
3185 31
3186 100
3187 158
3188 177
3189 28
3191 34
3192 158
3194 244
3195 198
3196 83
3197 190
3198 110
3201 82
3202 157
3204 102
3208 207
3212 213
3213 105
3214 81
3216 22
3217 79
3218 66
3219 168
3220 75
3221 160
3222 83
3224 151
3225 238
3226 113
3227 8
3230 87
3231 28
3233 138
3234 78
3235 80
3237 177
3240 109
3243 21
3245 21
3246 190
3247 167
3248 91
3250 229
3253 236
3254 186
3256 27
3257 127
3258 243
3259 82
3261 131
3262 148
3263 131
3264 249
3265 68
3266 220
3268 3
3269 241
3270 65
3271 93
3272 85
3273 249
3274 40
3275 5
3276 75
3277 136
3278 150
3279 139
3280 130
3281 87
3282 90
3283 104
3284 112
3285 135
3286 113
3287 131
3288 67
3289 95
3290 236
3291 140
3292 248
3293 144
3294 55
3295 119
3296 104
3297 166
3301 197
3302 166
3306 73
3307 202
3308 37
3309 245
3310 155
3312 234
3314 131
3315 53
3316 9
3317 217
3318 30
3322 89
3325 19
3326 5
3327 155
3328 70
3329 226
3333 140
3335 127
3336 132
3337 74
3339 184
3340 17
3342 205
3343 119
3345 75
3347 160
3350 148
3351 128
3352 144
3353 7
3354 171
3355 145
3356 45
3357 178
3359 216
3362 99
3363 192
3367 177
3368 36
3369 83
3370 216
3371 226
3373 231
3374 165
3375 17
3376 13
3377 146
3379 39
3380 24
3382 9
3383 108
3384 72
3385 26
3386 130
3387 38
3388 8
3389 73
3391 196
3392 108
3393 123
3394 249
3397 150
3399 103
3402 132
3403 245
3404 86
3405 196
3406 155
3407 155
3409 191
3412 46
3413 164
3414 216
3415 83
3416 136
3417 14
3418 44
3420 136
3421 62
3422 238
3423 131
3424 244
3426 116
3428 86
3430 148
3432 152
3433 174
3434 42
3435 76
3439 17
3440 140
3442 174
3443 100
3444 131
3445 175
3447 1
3448 131
3449 53
3451 42
3452 44
3453 3
3454 22
3455 57
3456 52
3457 77
3458 130
3460 78
3461 40
3462 6
3464 244
3465 62
3466 104
3467 209
3470 68
3471 108
3472 21
3473 240
3474 236
3475 32
3476 137
3477 184
3478 189
3481 243
3482 248
3485 82
3486 35
3487 126
3490 15
3491 69
3493 32
3494 73
3495 57
3496 22
3497 245
3499 151
3500 238
3501 160
3502 144
3503 104
3504 116
3506 77
3507 214
3509 163
3510 163
3511 101
3513 90
3514 93
3515 1
3516 149
3517 212
3518 163
3520 177
3521 126
3523 84
3525 48
3526 119
3527 20
3528 11
3529 165
3531 18
3532 107
3533 117
3534 163
3535 2
3536 175
3537 210
3538 205
3539 107
3540 63
3541 138
3543 85
3544 125
3545 202
3546 202
3548 104
3549 46
3550 216
3551 179
3552 191
3553 168
3554 137
3555 17
3556 248
3557 30
3558 193
3559 131
3561 81
3562 202
3565 82
3566 175
3568 144
3569 139
3571 171
3572 80
3575 95
3579 44
3582 142
3583 29
3584 12
3586 55
3588 18
3590 146
3591 37
3592 147
3593 42
3594 42
3596 15
3598 209
3600 137
3602 2
3604 232
3606 113
3610 188
3612 55
3613 121
3615 71
3616 3
3617 45
3618 148
3622 175
3623 155
3624 131
3625 249
3626 90
3627 136
3630 49
3633 110
3635 149
3637 64
3638 68
3639 101
3640 227
3642 168
3645 150
3646 55
3647 30
3648 151
3649 169
3650 17
3651 20
3653 108
3655 222
3656 234
3657 194
3658 173
3660 160
3661 70
3662 213
3663 18
3664 132
3665 156
3667 159
3668 103
3669 121
3672 37
3673 166
3675 238
3677 13
3679 36
3681 158
3683 56
3685 105
3686 14
3688 105
3689 114
3690 29
3691 70
3693 11
3695 4
3696 245
3697 21
3698 12
3699 186
3700 166
3701 205
3702 131
3704 178
3705 189
3706 144
3707 160
3713 88
3714 45
3715 246
3716 10
3717 208
3718 17
3719 148
3720 137
3721 244
3722 74
3725 69
3726 158
3727 58
3729 5
3730 83
3733 95
3735 246
3736 117
3737 69
3738 93
3739 79
3741 11
3743 189
3744 113
3745 61
3747 157
3748 88
3749 27
3750 249
3752 93
3753 175
3755 229
3756 243
3757 17
3759 126
3761 135
3762 84
3764 58
3765 57
3767 105
3770 3
3771 33
3778 206
3779 29
3781 101
3783 209
3785 70
3786 202
3787 75
3788 223
3790 231
3791 240
3795 29
3797 8
3798 42
3799 144
3800 120
3802 198
3803 147
3804 179
3806 113
3807 4
3810 108
3812 117
3813 55
3814 49
3815 149
3816 80
3817 140
3819 27
3820 157
3821 186
3822 155
3824 129
3825 30
3826 11
3828 24
3832 148
3833 191
3834 197
3835 95
3837 208
3838 117
3839 1
3841 16
3843 72
3844 169
3848 175
3849 57
3850 44
3851 231
3852 32
3855 82
3856 146
3858 231
3859 161
3861 108
3863 42
3865 249
3866 131
3867 40
3868 94
3870 177
3871 130
3874 103
3875 61
3876 131
3877 42
3878 126
3879 81
3881 75
3883 22
3884 173
3886 180
3887 70
3888 153
3889 126
3891 249
3892 249
3894 175
3896 54
3901 116
3902 106
3904 158
3905 75
3907 145
3908 15
3909 155
3910 91
3912 11
3913 240
3914 103
3915 228
3916 148
3918 156
3919 225
3920 52
3921 34
3922 27
3924 68
3925 14
3926 19
3927 68
3928 130
3930 67
3931 208
3932 126
3935 202
3936 19
3937 140
3941 16
3942 196
3943 243
3945 103
3946 20
3947 163
3949 216
3950 84
3951 131
3954 174
3957 184
3958 10
3959 61
3960 133
3961 48
3962 90
3964 121
3965 123
3968 75
3971 152
3972 137
3976 38
3978 103
3979 121
3980 49
3981 208
3982 226
3983 168
3985 51
3986 202
3987 143
3988 100
3989 229
3990 81
3991 60
3994 117
3997 229
3998 158
3999 58
4000 131
4001 121
4002 101
4003 192
4004 186
4006 95
4011 245
4012 234
4013 42
4014 77
4016 62
4018 140
4019 240
4020 240
4021 151
4022 152
4023 135
4024 51
4026 113
4027 189
4028 116
4029 22
4030 114
4031 191
4032 175
4034 70
4035 130
4038 9
4039 108
4040 244
4043 197
4044 83
4045 149
4047 181
4051 147
4052 149
4054 37
4055 134
4056 82
4057 119
4059 248
4060 79
4063 144
4065 239
4066 220
4067 48
4068 148
4071 5
4072 128
4074 199
4076 236
4078 7
4080 42
4081 31
4082 95
4083 216
4085 248
4086 230
4087 119
4088 161
4090 8
4091 235
4092 103
4093 210
4094 190
4095 42
4096 99
4097 130
4100 39
4103 249
4104 146
4105 213
4107 161
4110 104
4111 0
4113 34
4114 202
4116 249
4117 226
4119 99
4121 25
4123 155
4124 241
4125 102
4126 202
4128 93
4129 249
4130 9
4132 9
4133 73
4135 157
4136 125
4137 212
4138 34
4143 187
4145 119
4147 180
4148 160
4149 60
4150 126
4153 134
4154 82
4155 90
4158 177
4159 93
4160 9
4161 47
4162 110
4163 99
4165 171
4166 169
4167 94
4169 48
4171 1
4173 136
4175 27
4176 31
4178 56
4179 126
4180 145
4181 146
4183 120
4185 174
4188 22
4190 24
4191 193
4192 173
4193 81
4194 30
4195 110
4196 131
4197 21
4198 156
4199 228
4200 156
4201 187
4202 36
4203 131
4208 79
4209 42
4210 90
4211 230
4213 71
4214 173
4215 130
4216 169
4218 131
4219 36
4221 157
4223 28
4224 49
4226 131
4227 26
4229 163
4230 39
4231 38
4233 216
4234 147
4235 218
4237 13
4239 195
4240 249
4241 79
4242 63
4243 16
4244 80
4245 103
4248 155
4250 76
4253 203
4255 156
4256 235
4258 50
4260 156
4261 144
4262 228
4265 248
4268 131
4269 30
4274 160
4275 86
4276 54
4277 243
4279 228
4281 212
4282 244
4283 174
4284 220
4285 85
4286 202
4287 202
4288 56
4289 130
4291 122
4292 202
4294 48
4295 103
4296 84
4297 9
4298 12
4299 156
4301 190
4303 37
4304 70
4309 18
4310 244
4311 202
4312 139
4313 32
4316 155
4317 114
4318 21
4321 147
4322 152
4323 14
4326 12
4327 247
4329 9
4330 0
4331 19
4332 82
4335 196
4336 226
4337 39
4339 39
4340 248
4341 170
4342 199
4343 198
4344 0
4345 216
4350 152
4351 114
4355 103
4356 224
4360 180
4361 18
4362 217
4364 76
4365 247
4366 10
4367 200
4368 31
4370 27
4372 249
4374 81
4377 48
4379 4
4380 131
4382 103
4383 208
4385 208
4386 116
4387 9
4388 75
4389 123
4390 139
4391 228
4392 140
4393 199
4395 239
4396 134
4397 127
4400 227
4402 173
4405 20
4407 143
4409 164
4410 91
4411 177
4413 214
4415 32
4417 196
4418 9
4419 202
4420 176
4421 27
4422 18
4424 47
4425 7
4428 13
4429 84
4430 71
4434 184
4435 179
4436 0
4437 154
4438 84
4439 146
4440 142
4442 76
4443 40
4445 70
4446 109
4448 177
4449 13
4451 68
4453 113
4454 150
4455 103
4457 85
4459 168
4463 202
4465 10
4466 169
4467 58
4468 93
4471 202
4472 78
4473 125
4475 67
4477 198
4478 1
4479 249
4480 101
4481 129
4483 18
4485 12
4487 99
4488 70
4489 95
4492 83
4494 230
4495 10
4497 44
4499 119
4502 190
4503 213
4506 146
4507 48
4508 163
4509 55
4510 243
4511 63
4512 65
4514 72
4515 18
4518 159
4519 11
4520 150
4521 17
4522 84
4525 131
4526 125
4527 130
4528 243
4531 98
4532 137
4536 153
4537 8
4539 155
4540 12
4542 48
4544 140
4546 21
4548 38
4549 34
4551 22
4552 119
4558 70
4561 227
4562 69
4565 143
4566 81
4567 36
4568 102
4569 18
4571 139
4573 138
4574 21
4575 84
4579 81
4580 84
4582 116
4583 146
4584 78
4585 36
4587 114
4588 56
4589 209
4590 17
4591 127
4592 236
4595 163
4596 51
4597 132
4598 233
4600 158
4601 132
4603 3
4604 71
4605 8
4606 243
4608 67
4609 135
4610 1
4611 1
4612 31
4613 215
4616 37
4618 99
4624 95
4625 144
4626 140
4628 70
4630 21
4631 42
4632 58
4633 40
4635 143
4636 42
4639 195
4640 66
4642 202
4643 60
4644 48
4645 160
4647 163
4649 38
4652 25
4653 126
4655 156
4656 152
4657 212
4658 22
4659 146
4661 240
4662 12
4665 248
4669 22
4670 240
4671 243
4672 95
4674 108
4675 76
4677 94
4680 229
4681 65
4682 149
4683 134
4684 238
4687 19
4690 195
4691 228
4692 131
4695 240
4696 120
4697 152
4698 93
4700 146
4701 228
4702 63
4704 117
4705 231
4708 130
4710 165
4711 245
4714 126
4715 222
4716 167
4717 117
4718 202
4722 95
4723 117
4725 15
4726 72
4727 131
4728 131
4729 202
4731 187
4732 60
4733 131
4734 56
4735 114
4736 229
4739 152
4740 127
4742 63
4743 127
4744 8
4747 53
4748 61
4749 152
4751 137
4752 7
4753 173
4755 36
4756 7
4757 22
4758 103
4762 40
4764 35
4765 131
4766 84
4768 241
4771 182
4773 22
4775 222
4777 81
4778 214
4780 221
4781 161
4782 195
4785 173
4787 160
4788 121
4789 241
4790 61
4791 102
4792 122
4793 63
4794 146
4795 232
4799 194
4800 232
4802 227
4804 25
4805 90
4808 13
4811 88
4814 190
4815 95
4818 83
4820 105
4821 163
4822 168
4824 9
4828 127
4829 75
4830 181
4831 212
4833 134
4834 245
4835 63
4836 229
4837 60
4839 249
4840 49
4841 73
4842 139
4843 87
4844 153
4846 9
4848 144
4850 47
4851 238
4852 138
4853 71
4854 146
4855 231
4856 37
4857 71
4858 81
4860 196
4861 249
4862 202
4863 44
4865 245
4868 191
4869 7
4870 208
4871 9
4872 199
4874 241
4875 193
4878 249
4879 81
4881 195
4882 100
4884 163
4886 4
4887 17
4889 107
4890 15
4892 2
4896 186
4897 236
4898 241
4900 140
4901 169
4902 5
4906 58
4908 232
4909 184
4911 25
4912 152
4913 91
4916 101
4917 163
4918 222
4920 75
4921 15
4922 4
4923 87
4926 202
4927 197
4929 131
4930 228
4931 55
4932 190
4933 84
4934 84
4937 55
4938 74
4941 123
4943 163
4944 148
4945 73
4946 46
4947 175
4951 138
4952 202
4953 86
4955 192
4956 46
4957 113
4959 214
4962 244
4966 45
4968 144
4970 225
4971 56
4972 67
4974 233
4976 163
4979 80
4982 131
4985 71
4986 9
4987 12
4988 93
4989 53
4991 74
4992 93
4994 13
4995 160
4997 218
4998 70
4999 240
