0 126
1 220
2 72
3 5
4 101
6 156
7 201
8 78
9 146
10 85
11 154
12 199
13 16
14 112
15 127
16 99
17 18
18 128
19 219
20 83
21 176
22 20
23 3
24 64
25 175
26 16
27 222
28 126
30 163
31 40
32 118
33 166
34 29
35 144
36 204
37 187
38 42
39 169
40 40
41 58
42 133
43 133
44 241
45 21
46 66
47 232
49 7
50 233
51 142
52 235
53 51
54 79
55 63
57 189
58 232
60 11
61 192
62 143
63 172
64 62
65 232
66 29
67 144
68 135
69 36
70 93
71 0
72 25
73 234
75 149
76 61
77 63
78 146
79 185
80 114
81 149
82 219
83 171
84 56
85 217
86 170
87 11
88 139
89 205
90 155
91 120
92 207
93 143
94 249
95 170
96 37
97 248
98 136
99 13
100 12
101 134
102 27
104 158
105 48
106 53
107 163
108 229
109 158
110 177
111 34
112 138
113 180
114 141
115 103
116 57
118 67
119 244
120 38
121 192
122 176
123 1
124 225
125 238
126 13
127 7
128 219
129 99
130 156
131 52
132 192
133 31
135 134
136 216
137 33
138 110
139 38
140 219
141 18
142 63
143 26
144 51
145 232
146 111
147 144
148 164
149 133
150 25
151 160
152 199
153 237
154 222
155 8
156 99
157 116
158 75
159 19
160 235
161 36
162 47
163 231
164 61
165 41
166 3
167 155
168 176
169 109
170 113
171 20
172 73
173 77
174 128
175 89
176 169
177 108
178 210
179 21
180 230
181 108
182 83
183 72
184 205
185 208
186 76
187 80
188 78
189 37
190 185
191 149
192 158
193 29
194 184
195 211
196 40
198 76
199 26
200 205
201 68
202 84
203 223
204 16
206 101
207 232
208 12
209 185
210 246
211 50
212 28
213 228
214 151
215 30
216 110
218 140
219 245
220 179
221 122
222 2
223 7
224 29
225 235
226 245
227 16
228 122
229 0
230 92
231 237
232 169
233 28
234 43
235 37
236 232
237 149
239 8
240 242
241 20
242 179
243 53
244 219
245 236
246 1
247 148
248 126
249 91
250 101
251 78
252 29
253 139
254 20
255 155
256 225
257 190
258 112
259 207
260 143
261 207
262 239
263 71
264 61
265 118
266 113
267 185
268 65
269 48
271 9
272 237
273 132
274 28
275 222
276 93
277 103
278 160
280 185
281 195
282 235
283 199
284 76
285 147
286 182
287 130
288 111
289 158
290 199
291 82
292 66
293 40
294 204
295 241
296 61
297 170
299 69
300 2
301 161
303 20
304 200
305 74
306 180
307 188
308 76
309 168
310 70
312 138
313 108
314 201
315 101
317 122
318 249
319 76
320 105
321 216
322 140
323 93
324 215
325 27
326 100
327 120
328 29
330 248
331 29
332 191
333 58
334 209
335 180
336 148
337 91
338 123
340 205
342 110
343 54
344 241
345 16
346 81
347 156
348 209
349 162
350 115
351 130
352 108
353 173
354 205
355 94
356 225
357 158
358 101
361 232
362 71
363 37
364 193
365 0
366 203
367 152
368 50
369 36
370 43
371 64
373 78
375 210
377 242
378 13
379 228
380 112
381 48
382 195
383 35
384 55
385 200
386 199
387 214
389 185
391 26
392 84
393 195
394 182
395 16
396 167
397 101
398 30
400 148
401 4
402 241
403 90
404 16
405 57
406 26
408 25
409 143
410 20
411 68
412 109
413 233
414 188
415 124
416 178
417 164
418 102
419 156
420 76
421 69
422 7
423 220
424 187
425 62
426 182
427 25
428 62
429 48
430 27
431 222
432 236
433 133
434 205
435 162
436 63
437 64
438 78
439 0
440 218
441 59
444 149
445 136
446 156
447 13
448 18
449 104
450 147
451 115
452 15
453 122
454 241
455 239
456 91
457 219
458 84
459 139
460 53
461 229
462 169
463 149
464 77
465 155
466 172
467 51
469 147
470 28
471 61
472 167
473 236
474 149
475 151
476 217
477 79
478 17
479 56
480 122
481 104
482 12
483 41
484 163
485 101
486 104
487 109
488 40
490 200
492 28
493 29
494 126
495 101
496 42
497 25
498 177
499 162
500 150
501 160
502 238
503 109
504 185
505 62
507 177
508 21
509 60
510 101
511 232
512 188
513 21
514 163
516 27
517 137
518 237
520 37
521 69
522 20
523 224
524 155
525 22
527 92
528 3
529 208
530 225
531 122
532 37
533 67
534 195
535 149
536 40
537 101
538 172
539 219
540 103
541 44
542 21
543 29
544 61
545 192
547 139
548 172
549 62
550 146
551 29
552 48
554 28
555 90
556 177
557 16
558 222
559 221
560 53
561 113
562 161
563 173
564 120
565 31
566 167
567 103
568 82
569 0
570 13
571 192
572 24
573 249
574 103
575 104
576 27
577 137
578 45
579 70
580 217
581 213
582 195
583 94
584 191
585 193
586 192
588 116
589 163
590 203
591 101
592 59
593 151
594 22
596 232
597 73
598 180
600 29
601 128
602 131
604 79
606 158
607 140
608 7
609 229
610 56
611 245
612 99
614 188
615 172
616 27
617 182
619 98
620 40
621 184
622 161
623 8
625 175
626 207
627 86
628 216
629 103
630 204
631 11
632 147
633 13
634 221
635 66
636 17
637 10
638 185
639 79
640 50
641 20
642 6
643 190
644 22
645 104
647 83
648 22
649 49
650 162
651 110
652 238
653 192
654 101
655 232
656 196
657 164
658 122
659 108
660 20
661 6
662 241
663 170
664 158
665 249
666 150
667 185
668 204
669 116
670 224
671 16
672 203
673 148
674 148
675 115
676 169
677 174
678 42
679 3
680 49
681 140
682 244
683 164
684 53
685 187
686 30
688 133
689 100
690 118
691 120
692 21
693 211
694 102
695 241
696 116
697 33
698 86
699 21
700 108
701 33
704 176
705 22
706 17
708 249
709 6
710 131
712 122
713 112
714 243
715 172
716 55
717 175
718 225
719 204
720 37
721 135
722 2
723 7
724 202
725 149
726 204
727 182
728 92
729 177
730 27
732 168
733 189
734 119
735 71
736 51
738 249
739 131
740 195
741 244
742 133
743 25
744 172
745 2
746 80
747 5
748 48
749 38
750 51
751 5
752 72
753 219
754 20
755 112
756 83
757 84
758 193
759 42
760 16
761 37
763 186
764 199
765 235
766 238
767 40
768 68
770 7
771 146
772 134
774 71
775 143
776 70
778 247
779 79
780 40
781 55
782 67
783 26
784 215
785 26
786 13
787 34
788 119
789 203
790 170
791 79
792 113
793 152
794 34
795 91
796 193
798 230
799 12
800 92
801 146
802 167
803 184
804 28
805 211
806 84
807 136
808 78
810 65
812 13
813 25
814 216
815 204
816 81
817 231
818 104
819 65
820 63
821 35
822 195
823 109
824 170
827 20
828 9
829 42
831 43
832 155
833 21
834 130
835 126
836 205
837 118
838 168
839 42
840 43
841 86
842 159
843 204
844 43
845 232
846 67
847 31
848 232
849 5
850 103
851 78
852 154
853 50
854 173
855 18
856 86
857 143
858 57
859 239
860 119
861 176
862 207
863 58
864 139
865 31
866 0
867 87
868 241
869 48
870 133
871 169
872 51
873 172
874 97
875 8
876 77
877 150
878 28
879 31
880 17
881 232
882 115
883 104
884 99
885 217
886 60
887 241
888 96
889 162
890 81
891 73
892 150
893 101
894 192
895 172
896 131
897 82
899 161
900 72
901 1
902 181
903 60
904 224
905 18
906 68
907 140
908 116
910 86
911 0
913 180
914 52
915 4
916 130
917 13
918 175
919 76
921 67
922 92
923 175
925 39
927 40
928 50
930 189
931 129
932 193
933 239
934 118
935 5
936 222
937 144
938 122
939 46
940 182
941 21
942 40
943 51
944 151
945 239
946 77
947 144
948 48
950 239
951 20
952 74
953 108
955 216
956 219
957 33
958 195
959 185
960 233
961 10
962 158
963 241
964 43
965 6
966 200
967 102
968 149
969 131
970 188
971 129
972 233
973 195
974 223
975 188
976 244
977 222
978 229
980 153
981 138
982 32
983 160
984 152
986 72
987 45
988 156
989 133
990 85
992 51
993 230
994 201
995 5
996 21
997 136
998 7
999 180
1000 146
1001 21
1002 164
1003 83
1004 210
1005 20
1007 51
1008 24
1010 85
1011 34
1012 138
1013 71
1014 68
1015 71
1016 3
1017 189
1018 205
1019 94
1020 175
1021 86
1022 108
1023 157
1024 129
1025 71
1026 40
1027 37
1028 58
1029 148
1030 238
1031 172
1032 55
1033 65
1034 207
1035 59
1036 62
1038 30
1039 94
1040 152
1041 58
1042 216
1043 40
1044 231
1045 37
1046 205
1047 100
1048 238
1049 56
1050 0
1052 167
1053 216
1055 18
1056 91
1059 51
1060 114
1061 29
1062 56
1063 12
1064 85
1065 25
1066 187
1067 109
1068 110
1069 193
1070 149
1071 29
1072 197
1073 160
1074 219
1075 117
1076 101
1077 121
1078 103
1079 158
1080 89
1081 122
1082 236
1083 158
1084 62
1085 241
1086 91
1087 21
1088 136
1089 56
1091 40
1093 247
1094 168
1095 85
1096 86
1097 116
1098 17
1099 62
1100 219
1101 158
1102 115
1103 82
1104 109
1105 51
1106 171
1107 51
1108 49
1109 48
1110 200
1111 1
1112 139
1113 115
1114 189
1115 72
1116 164
1117 126
1118 73
1119 4
1120 156
1121 61
1122 42
1123 21
1124 101
1125 178
1126 232
1128 20
1129 111
1130 200
1131 194
1132 33
1133 239
1134 205
1135 148
1137 30
1138 215
1139 210
1140 232
1142 139
1143 33
1144 17
1145 173
1147 239
1148 122
1149 5
1151 68
1153 21
1154 219
1155 136
1156 152
1157 122
1158 67
1159 204
1160 167
1161 125
1162 22
1164 72
1165 63
1166 66
1168 158
1169 83
1170 33
1171 69
1172 128
1173 8
1174 134
1175 136
1177 139
1178 71
1180 65
1181 133
1182 18
1183 16
1184 70
1185 181
1186 182
1187 209
1188 164
1189 39
1190 30
1191 199
1193 191
1194 71
1195 5
1197 175
1198 131
1199 177
1200 26
1201 122
1202 126
1203 182
1204 37
1205 147
1206 35
1207 192
1208 18
1209 182
1210 64
1212 60
1213 161
1214 30
1215 140
1217 85
1218 117
1219 100
1220 34
1221 172
1222 123
1223 12
1224 35
1225 239
1226 139
1227 177
1228 9
1229 231
1230 102
1231 124
1232 110
1233 144
1235 180
1236 160
1237 48
1238 191
1239 29
1240 29
1241 7
1242 68
1243 219
1244 91
1245 140
1247 91
1248 139
1250 55
1251 83
1252 86
1253 168
1254 88
1255 2
1256 174
1257 166
1258 65
1259 225
1261 134
1262 140
1263 163
1264 131
1265 49
1267 234
1268 25
1269 56
1270 120
1271 51
1272 237
1273 169
1274 177
1275 138
1277 134
1278 71
1279 245
1280 123
1284 42
1285 20
1286 137
1287 3
1289 59
1290 184
1291 131
1292 195
1294 199
1295 36
1296 205
1297 65
1298 158
1299 128
1300 156
1301 147
1302 139
1303 120
1304 60
1305 24
1306 6
1307 144
1308 48
1309 223
1310 37
1311 232
1312 53
1313 46
1314 32
1315 75
1316 37
1317 113
1318 102
1319 185
1320 191
1321 26
1322 84
1323 4
1325 30
1326 147
1328 140
1329 192
1330 138
1331 83
1332 1
1333 168
1334 140
1335 143
1336 204
1338 14
1339 48
1340 234
1341 104
1342 62
1343 7
1344 44
1345 91
1346 65
1347 33
1348 223
1349 28
1351 7
1352 5
1354 167
1355 143
1356 169
1357 4
1359 102
1360 232
1363 112
1364 136
1365 185
1366 180
1367 230
1368 13
1369 106
1370 126
1371 31
1372 200
1373 40
1374 139
1376 91
1377 124
1378 13
1379 247
1381 176
1382 59
1383 49
1384 190
1385 28
1386 64
1387 180
1389 17
1390 43
1391 29
1392 191
1394 219
1395 58
1396 129
1398 12
1399 81
1400 97
1401 162
1402 67
1403 14
1404 231
1405 59
1406 216
1407 70
1408 59
1409 10
1410 6
1413 225
1414 26
1415 46
1416 20
1417 151
1419 120
1420 182
1421 137
1422 156
1423 138
1424 100
1425 138
1426 230
1427 115
1428 238
1429 229
1430 17
1431 95
1432 130
1434 101
1436 242
1437 21
1438 29
1439 154
1440 210
1441 205
1442 139
1443 6
1444 152
1445 189
1446 193
1447 224
1448 56
1449 37
1451 199
1453 230
1455 0
1456 31
1457 238
1458 120
1459 30
1460 141
1461 187
1462 28
1463 188
1464 100
1465 164
1466 7
1467 50
1468 175
1469 9
1470 7
1471 55
1472 48
1473 105
1474 40
1475 113
1476 207
1477 248
1478 179
1479 104
1480 81
1482 15
1483 6
1485 128
1486 146
1487 205
1488 0
1489 217
1490 148
1491 51
1493 200
1494 111
1495 82
1496 97
1497 184
1499 236
1500 125
1501 182
1502 223
1503 67
1504 133
1505 101
1506 123
1507 120
1508 240
1509 1
1510 172
1511 149
1513 52
1514 207
1515 199
1516 15
1517 21
1518 191
1519 156
1520 233
1522 158
1524 48
1525 31
1526 90
1528 33
1529 29
1530 28
1531 26
1532 133
1533 7
1534 126
1535 112
1536 187
1537 136
1538 106
1540 60
1542 131
1543 26
1544 201
1545 147
1546 35
1547 152
1548 147
1550 169
1551 196
1552 180
1553 71
1554 50
1555 179
1558 55
1559 204
1560 14
1561 65
1562 172
1563 172
1564 175
1565 173
1566 148
1567 110
1568 172
1569 60
1570 27
1571 41
1572 131
1573 30
1574 215
1576 184
1577 19
1578 164
1579 130
1580 35
1581 160
1582 12
1583 27
1584 91
1585 16
1586 15
1587 4
1589 132
1590 66
1592 53
1593 207
1594 26
1596 79
1597 65
1598 242
1599 66
1600 5
1601 195
1602 15
1604 91
1605 177
1606 162
1608 65
1609 234
1610 160
1612 196
1613 176
1614 206
1616 195
1617 12
1618 4
1619 126
1620 48
1621 69
1622 209
1623 41
1624 231
1625 147
1626 238
1627 142
1628 223
1629 199
1630 137
1631 180
1632 65
1633 53
1634 156
1635 2
1637 149
1638 34
1639 147
1640 102
1641 38
1642 35
1643 223
1644 128
1645 158
1647 150
1648 69
1650 216
1651 217
1652 2
1653 101
1654 35
1655 72
1656 21
1657 26
1658 163
1659 219
1660 193
1661 204
1662 4
1663 79
1664 46
1665 238
1666 53
1667 114
1668 210
1669 232
1670 84
1671 146
1672 171
1673 59
1674 34
1675 149
1676 140
1677 95
1678 216
1679 35
1680 235
1681 155
1682 242
1684 59
1685 139
1686 202
1687 122
1688 202
1689 204
1690 37
1691 219
1692 72
1693 80
1694 189
1695 140
1697 125
1698 120
1699 217
1700 104
1701 162
1702 60
1704 34
1706 137
1707 71
1709 81
1711 222
1712 25
1713 199
1714 149
1715 71
1716 104
1717 67
1718 37
1719 83
1720 138
1721 101
1722 16
1723 214
1724 119
1726 180
1727 239
1728 140
1729 216
1730 131
1732 3
1733 48
1734 190
1735 112
1736 146
1737 2
1738 138
1739 6
1740 212
1741 53
1743 128
1744 155
1745 86
1747 158
1748 45
1750 102
1751 207
1753 149
1754 177
1755 45
1756 31
1757 102
1758 232
1759 65
1760 204
1761 223
1762 185
1763 30
1764 72
1765 139
1766 89
1767 25
1768 120
1769 195
1770 177
1771 59
1772 58
1773 143
1774 164
1775 152
1776 62
1777 84
1778 2
1779 126
1780 36
1782 180
1783 158
1784 242
1785 192
1788 82
1789 48
1790 193
1792 69
1793 225
1794 215
1796 45
1797 238
1798 210
1799 179
1800 175
1802 131
1803 20
1804 216
1805 109
1809 101
1810 17
1811 137
1813 99
1814 7
1815 205
1816 5
1817 82
1818 56
1819 111
1820 32
1822 160
1823 242
1824 6
1825 182
1826 43
1827 127
1828 21
1829 15
1831 79
1832 25
1833 116
1834 224
1835 83
1837 103
1838 65
1840 124
1842 83
1843 55
1844 131
1845 233
1847 14
1848 25
1849 8
1850 101
1851 69
1852 19
1853 158
1854 139
1855 133
1856 31
1857 204
1858 241
1862 109
1863 179
1864 91
1865 219
1866 91
1867 7
1868 129
1869 166
1870 116
1871 99
1873 4
1874 116
1875 50
1876 112
1877 242
1878 101
1879 175
1880 192
1881 96
1882 30
1884 28
1885 175
1886 60
1887 128
1888 201
1889 13
1890 43
1891 100
1892 230
1893 111
1894 202
1895 179
1897 192
1898 5
1899 92
1900 219
1901 210
1902 16
1904 4
1906 147
1907 44
1910 163
1912 2
1913 219
1914 74
1915 216
1916 155
1917 2
1918 195
1919 144
1921 128
1922 137
1923 229
1924 178
1925 182
1926 108
1928 34
1929 91
1930 104
1931 6
1933 172
1934 21
1936 16
1937 7
1938 214
1939 148
1940 111
1941 195
1942 118
1943 188
1944 227
1946 8
1947 34
1948 71
1949 31
1950 162
1951 158
1952 103
1953 41
1955 25
1956 170
1957 150
1959 88
1960 70
1962 18
1963 129
1965 172
1966 1
1967 238
1968 28
1969 0
1971 155
1972 123
1973 191
1974 43
1975 177
1976 163
1977 21
1978 91
1979 183
1980 65
1981 31
1982 71
1983 53
1984 58
1985 21
1986 168
1987 51
1989 150
1991 223
1992 131
1993 8
1994 119
1995 62
1996 164
1997 210
1998 123
1999 126
2000 158
2001 109
2002 172
2003 30
2004 128
2005 150
2006 46
2007 233
2008 228
2009 21
2010 220
2011 74
2012 235
2014 234
2015 121
2016 99
2017 46
2019 94
2020 72
2021 34
2022 46
2024 126
2025 6
2026 95
2027 25
2028 172
2029 240
2030 62
2031 137
2032 4
2033 30
2035 29
2036 30
2038 95
2040 190
2041 182
2042 33
2044 217
2045 129
2046 207
2047 102
2051 212
2053 99
2054 193
2055 201
2056 102
2057 180
2058 2
2059 86
2060 170
2061 55
2062 1
2065 160
2066 12
2067 242
2068 46
2071 111
2072 234
2073 16
2074 50
2075 239
2076 207
2077 215
2078 103
2079 164
2080 163
2081 44
2083 71
2084 231
2085 57
2086 215
2087 71
2088 117
2090 110
2091 6
2092 243
2093 245
2094 25
2095 195
2096 207
2097 1
2098 26
2099 149
2100 66
2101 182
2102 21
2103 109
2105 201
2106 80
2107 122
2108 91
2109 200
2110 71
2111 31
2113 193
2115 6
2116 242
2118 65
2119 157
2121 61
2122 81
2123 72
2124 131
2125 242
2126 207
2127 168
2128 249
2129 189
2130 175
2131 62
2132 231
2133 21
2134 9
2135 72
2136 237
2139 116
2140 101
2141 146
2142 21
2143 21
2145 4
2146 98
2147 152
2148 19
2149 14
2150 187
2152 184
2153 230
2154 3
2155 177
2156 71
2157 233
2158 114
2159 116
2161 232
2162 50
2163 145
2164 172
2165 185
2166 149
2167 205
2168 69
2169 232
2170 14
2171 225
2172 217
2173 38
2174 136
2178 29
2179 48
2182 2
2183 7
2184 120
2185 36
2186 46
2187 189
2188 86
2189 219
2190 7
2191 40
2192 231
2193 216
2194 179
2195 1
2197 86
2198 239
2200 178
2202 21
2204 180
2205 53
2206 215
2207 84
2210 115
2211 50
2213 5
2214 247
2217 108
2218 121
2220 198
2221 4
2223 98
2224 54
2226 216
2227 9
2228 230
2229 216
2231 146
2232 25
2233 92
2234 28
2235 239
2236 230
2237 148
2239 229
2240 218
2241 17
2244 193
2245 83
2246 239
2248 187
2249 108
2250 217
2251 4
2252 233
2253 182
2255 83
2256 29
2257 239
2258 182
2259 211
2260 3
2261 175
2262 84
2263 184
2265 220
2266 65
2267 180
2268 123
2269 26
2270 16
2271 207
2272 109
2273 31
2274 97
2275 48
2276 121
2277 0
2278 128
2279 31
2280 91
2281 225
2282 243
2283 36
2284 4
2285 170
2286 92
2287 175
2288 228
2290 85
2291 163
2292 25
2293 48
2294 239
2298 13
2299 52
2300 195
2302 2
2303 4
2304 116
2305 136
2306 172
2307 234
2308 191
2309 103
2310 207
2311 14
2312 4
2314 91
2315 104
2316 204
2317 132
2318 163
2319 239
2320 65
2321 35
2323 138
2324 156
2325 225
2327 162
2329 206
2331 172
2332 230
2334 158
2335 150
2336 170
2337 192
2338 65
2339 168
2340 138
2341 25
2342 195
2343 238
2344 111
2345 193
2346 195
2349 12
2350 239
2351 128
2353 147
2354 5
2355 193
2356 152
2357 53
2358 2
2359 239
2360 150
2361 1
2362 221
2363 54
2364 148
2365 56
2367 139
2368 177
2369 132
2370 30
2371 147
2372 187
2373 217
2374 190
2376 103
2377 185
2379 104
2381 138
2383 2
2385 128
2386 21
2387 172
2388 37
2389 65
2390 28
2391 163
2393 238
2395 217
2397 21
2398 158
2399 155
2400 179
2401 28
2402 2
2403 162
2404 204
2405 215
2406 72
2407 215
2408 190
2409 133
2410 203
2411 219
2413 225
2414 12
2415 130
2418 129
2419 195
2420 34
2421 18
2422 69
2424 184
2425 6
2427 207
2428 232
2429 210
2430 166
2431 62
2432 234
2433 43
2434 225
2435 96
2438 48
2440 146
2441 2
2442 126
2443 71
2445 72
2446 78
2448 147
2449 224
2450 176
2451 46
2452 25
2455 231
2457 193
2459 131
2460 31
2461 131
2462 177
2463 48
2464 155
2467 25
2468 102
2471 195
2472 156
2473 116
2474 2
2476 101
2478 33
2479 91
2480 116
2482 79
2483 126
2484 235
2485 18
2486 17
2488 86
2489 156
2490 111
2491 230
2492 120
2493 122
2494 245
2495 103
2496 26
2498 128
2499 71
2501 209
2502 63
2503 35
2504 104
2505 116
2506 73
2507 209
2508 211
2510 109
2511 155
2512 146
2513 50
2514 173
2516 214
2517 128
2518 189
2519 45
2520 13
2521 178
2522 15
2524 31
2525 34
2528 65
2529 177
2531 25
2533 166
2534 218
2535 80
2536 37
2537 249
2538 167
2539 29
2540 18
2541 52
2542 37
2543 122
2545 123
2547 91
2548 166
2549 20
2550 22
2551 129
2552 205
2553 101
2557 65
2558 249
2560 27
2561 82
2563 134
2564 128
2565 99
2567 131
2569 92
2570 148
2572 62
2574 146
2576 40
2579 240
2580 163
2583 192
2584 104
2585 147
2586 81
2587 189
2588 131
2589 230
2590 189
2591 119
2592 56
2595 154
2596 1
2597 25
2598 78
2599 219
2601 21
2602 81
2604 66
2605 184
2606 155
2607 28
2608 199
2609 26
2610 60
2611 35
2612 249
2614 178
2615 130
2617 83
2618 118
2619 40
2620 109
2621 91
2623 232
2624 116
2625 35
2626 134
2627 172
2628 62
2631 103
2632 166
2633 185
2634 76
2635 149
2636 249
2637 242
2638 152
2639 59
2640 140
2642 124
2643 9
2644 194
2646 3
2648 8
2650 193
2652 178
2653 3
2654 37
2657 72
2660 111
2661 195
2662 204
2664 149
2665 217
2666 249
2667 71
2668 230
2670 143
2671 133
2672 28
2673 14
2674 128
2676 70
2677 217
2678 146
2679 4
2680 149
2681 67
2682 108
2683 207
2685 116
2686 246
2687 7
2688 95
2689 226
2690 176
2691 31
2692 28
2693 217
2694 125
2695 76
2697 214
2698 100
2701 219
2702 62
2703 155
2704 17
2705 48
2707 204
2709 238
2710 31
2711 241
2715 136
2716 158
2717 168
2718 37
2719 196
2720 126
2721 206
2722 40
2723 81
2724 3
2725 53
2726 160
2727 12
2728 71
2729 26
2731 149
2732 195
2733 4
2737 168
2738 136
2739 160
2741 76
2742 116
2743 8
2744 207
2745 71
2747 163
2748 139
2749 40
2750 101
2751 217
2752 118
2753 48
2755 160
2756 120
2758 140
2759 239
2760 34
2761 217
2762 230
2763 163
2764 78
2765 39
2768 116
2769 172
2772 76
2773 175
2775 20
2776 91
2777 210
2778 163
2779 6
2780 196
2781 103
2783 180
2785 33
2786 30
2787 7
2788 170
2789 149
2791 219
2792 175
2794 179
2795 26
2796 177
2798 128
2799 137
2801 48
2802 13
2803 225
2804 210
2806 234
2807 81
2809 83
2811 37
2812 114
2813 62
2815 1
2816 150
2817 40
2818 167
2820 14
2821 140
2822 225
2823 81
2825 101
2826 35
2830 79
2831 180
2832 131
2833 80
2834 185
2835 168
2838 149
2839 175
2840 230
2843 177
2844 236
2845 163
2846 40
2847 36
2848 148
2849 131
2850 204
2851 102
2852 2
2854 217
2855 2
2856 31
2857 43
2858 124
2859 99
2861 125
2862 22
2863 195
2866 48
2867 30
2868 109
2869 185
2870 209
2871 126
2872 28
2873 187
2874 170
2875 245
2876 2
2878 52
2879 176
2880 193
2881 45
2882 9
2883 147
2884 66
2885 109
2886 116
2887 31
2888 234
2889 146
2890 139
2892 210
2894 216
2895 109
2896 47
2898 21
2899 217
2900 103
2902 88
2904 184
2905 45
2906 219
2908 177
2909 18
2911 155
2912 76
2913 80
2914 25
2916 109
2917 219
2918 98
2920 152
2921 116
2922 239
2923 40
2925 28
2927 216
2928 31
2930 204
2931 80
2932 219
2933 146
2934 4
2936 131
2937 126
2938 172
2939 163
2940 3
2941 179
2942 158
2943 249
2944 3
2945 239
2946 130
2947 128
2948 182
2949 35
2950 91
2951 8
2952 155
2954 9
2955 66
2956 111
2957 134
2959 147
2960 124
2961 100
2962 175
2963 4
2964 239
2965 234
2968 27
2970 222
2971 125
2972 196
2973 48
2974 31
2975 201
2976 146
2979 177
2980 193
2986 241
2987 30
2988 6
2989 161
2990 175
2991 34
2993 65
2995 2
2996 117
2997 215
2999 48
3000 13
3001 204
3002 155
3003 103
3004 16
3005 121
3006 45
3007 230
3008 163
3009 10
3010 137
3011 147
3012 156
3013 33
3014 7
3015 81
3016 147
3017 28
3018 45
3021 229
3022 149
3023 0
3024 225
3025 7
3027 132
3028 5
3029 223
3030 179
3031 18
3032 79
3033 185
3035 4
3036 16
3038 120
3039 114
3041 231
3042 3
3043 11
3044 33
3045 16
3046 33
3048 239
3049 127
3050 146
3051 152
3052 122
3053 177
3055 209
3056 204
3057 26
3058 104
3061 164
3062 83
3063 104
3064 37
3065 230
3066 12
3067 168
3068 210
3069 28
3070 31
3071 77
3072 25
3076 172
3077 204
3078 4
3079 64
3081 165
3082 2
3084 125
3085 155
3086 242
3087 53
3088 217
3091 204
3092 19
3094 21
3095 133
3096 40
3097 72
3098 217
3099 242
3100 5
3101 69
3102 185
3103 28
3104 72
3105 1
3106 207
3107 27
3111 220
3112 35
3113 35
3114 234
3115 234
3116 45
3117 55
3118 60
3119 111
3120 8
3121 7
3122 45
3123 82
3124 137
3125 4
3127 230
3128 242
3129 239
3130 195
3131 24
3132 21
3133 4
3134 204
3135 199
3136 116
3137 101
3139 207
3140 68
3141 55
3144 147
3145 31
3146 35
3147 229
3148 125
3149 14
3152 103
3153 235
3154 25
3155 193
3156 53
3157 149
3158 160
3160 168
3161 131
3162 193
3163 115
3164 4
3165 23
3166 138
3168 6
3169 159
3170 137
3171 121
3172 81
3173 223
3174 178
3175 136
3176 4
3177 182
3179 37
3180 188
3181 31
3183 31
3184 103
3185 162
3186 186
3187 62
3190 128
3191 67
3192 128
3193 180
3194 149
3195 136
3196 32
3197 195
3198 2
3199 70
3200 215
3202 61
3203 162
3205 131
3206 133
3207 21
3210 26
3211 210
3212 55
3214 182
3215 130
3216 82
3218 86
3219 72
3220 200
3221 2
3222 2
3224 109
3225 232
3226 65
3227 93
3228 72
3229 193
3230 234
3231 91
3232 152
3233 193
3234 125
3235 247
3236 247
3237 118
3238 27
3239 172
3240 103
3241 72
3242 175
3243 78
3245 101
3246 217
3247 35
3248 31
3249 81
3250 103
3251 79
3252 204
3253 131
3254 45
3255 102
3256 230
3257 30
3258 53
3259 167
3260 126
3261 182
3262 116
3263 155
3265 81
3266 6
3269 232
3270 45
3272 128
3275 27
3277 154
3278 154
3279 50
3281 103
3282 2
3284 86
3286 172
3287 104
3288 28
3289 126
3290 209
3291 129
3292 82
3293 82
3294 184
3295 184
3296 152
3298 217
3299 25
3301 53
3302 102
3303 96
3304 116
3305 177
3306 125
3307 195
3308 21
3309 195
3310 83
3312 196
3313 155
3314 239
3315 29
3316 230
3318 1
3319 155
3320 12
3321 106
3323 29
3324 99
3325 178
3327 103
3328 4
3329 17
3330 83
3331 62
3332 137
3333 150
3334 102
3335 5
3336 146
3337 21
3338 135
3339 176
3340 56
3341 178
3345 118
3346 103
3348 60
3349 247
3351 175
3352 230
3353 139
3354 239
3355 163
3356 65
3357 125
3358 215
3360 19
3361 102
3362 169
3363 185
3364 126
3365 34
3366 91
3367 133
3368 14
3369 68
3370 128
3371 16
3372 133
3374 138
3375 207
3376 108
3377 16
3378 128
3379 130
3380 20
3381 20
3382 12
3383 12
3384 139
3385 52
3387 62
3388 62
3389 35
3390 154
3391 1
3392 112
3393 176
3394 176
3396 207
3397 99
3398 120
3399 88
3403 62
3404 31
3405 223
3406 124
3407 149
3408 241
3409 16
3410 241
3411 125
3412 35
3413 56
3414 35
3415 126
3416 16
3417 207
3419 139
3420 185
3423 79
3424 155
3425 56
3426 69
3427 113
3428 204
3429 17
3430 91
3431 96
3432 219
3433 72
3434 219
3435 12
3436 192
3437 12
3439 219
3441 218
3442 112
3443 3
3445 48
3446 246
3447 93
3448 46
3449 46
3451 81
3452 239
3453 72
3454 56
3455 134
3456 176
3457 193
3459 35
3460 207
3461 234
3462 227
3463 30
3464 96
3465 112
3466 37
3467 95
3468 109
3469 71
3471 101
3472 198
3473 35
3474 37
3475 19
3476 45
3477 92
3478 34
3479 60
3480 118
3481 61
3482 175
3484 239
3485 35
3486 239
3487 80
3488 56
3489 139
3490 168
3491 128
3492 239
3493 125
3494 65
3496 147
3497 104
3498 225
3499 166
3501 230
3502 31
3503 155
3504 139
3505 65
3506 207
3507 103
3508 34
3509 17
3510 91
3511 18
3512 22
3513 146
3514 228
3515 196
3516 25
3517 72
3518 12
3520 71
3521 126
3522 45
3523 45
3524 45
3526 167
3528 62
3529 239
3530 72
3531 107
3532 180
3533 45
3534 217
3535 120
3536 239
3537 2
3538 35
3539 168
3540 238
3541 29
3542 17
3543 101
3544 231
3546 103
3548 112
3549 25
3550 2
3551 164
3552 31
3553 215
3554 35
3555 204
3556 29
3557 162
3558 176
3559 112
3560 80
3562 126
3563 18
3564 234
3565 45
3566 45
3567 128
3568 57
3569 55
3570 45
3571 155
3572 217
3573 35
3574 230
3575 28
3576 37
3577 176
3579 220
3580 71
3581 30
3582 69
3583 124
3584 21
3585 164
3586 2
3587 35
3588 2
3589 65
3590 8
3591 143
3592 242
3593 175
3594 149
3596 230
3597 155
3598 215
3600 99
3601 108
3603 207
3604 21
3605 2
3606 28
3607 80
3608 215
3609 125
3610 45
3611 131
3612 123
3613 38
3614 201
3615 91
3616 242
3618 31
3619 80
3620 187
3621 175
3622 217
3623 45
3624 66
3625 67
3627 103
3628 188
3630 65
3631 5
3632 126
3633 16
3635 28
3636 25
3637 34
3638 101
3639 48
3640 56
3641 225
3642 16
3643 8
3644 95
3645 189
3647 128
3648 16
3649 116
3650 62
3651 31
3652 220
3653 95
3654 125
3655 109
3656 177
3657 2
3658 168
3659 193
3660 125
3661 35
3662 207
3663 173
3664 125
3665 117
3666 219
3667 14
3668 116
3669 128
3670 71
3671 161
3672 69
3673 172
3674 26
3676 28
3677 126
3678 95
3679 35
3680 116
3681 36
3682 168
3683 125
3684 125
3685 125
3686 207
3687 35
3688 83
3689 91
3690 176
3691 37
3692 71
3693 28
3694 232
3695 180
3696 128
3697 217
3698 36
3699 45
3700 45
3701 155
3702 4
3703 6
3704 139
3705 21
3706 74
3707 172
3708 184
3709 45
3710 196
3711 217
3712 7
3713 53
3714 172
3715 4
3716 26
3717 16
3718 125
3719 207
3720 12
3721 2
3722 101
3723 104
3724 104
3725 232
3726 168
3727 9
3728 169
3729 45
3730 45
3731 111
3732 2
3733 71
3734 2
3735 5
3736 169
3737 35
3738 12
3739 239
3740 146
3741 165
3742 243
3743 31
3744 26
3745 172
3746 2
3747 2
3748 156
3749 124
3750 169
3751 31
3752 195
3753 99
3754 220
3755 182
3756 116
3757 125
3758 217
3759 53
3760 125
3761 149
3762 155
3763 239
3764 128
3765 79
3766 240
3767 217
3768 155
3769 112
3770 195
3771 155
3772 53
3773 20
3774 195
3775 56
3776 80
3777 104
3778 249
3779 60
3780 207
3781 225
3782 155
3783 95
3784 201
3785 210
3786 172
3787 125
3788 45
3789 4
3790 45
3791 150
3792 103
3793 91
3794 16
3795 230
3796 34
3797 3
3798 31
3799 95
3800 80
3801 35
3802 196
3803 28
3804 71
3805 2
3806 80
3807 80
3808 65
3809 155
3810 2
3811 80
3812 31
3813 16
3814 2
3815 40
3816 172
3817 172
3818 37
3819 37
3820 163
3821 16
3822 100
3823 182
3824 215
3825 35
3826 168
3827 210
3828 21
3829 99
3830 133
3831 175
3832 37
3833 239
3834 81
3835 104
3836 36
3837 9
3838 178
3839 207
3840 125
3841 207
3842 91
3843 124
3844 172
3845 8
3846 65
3847 125
3848 225
3849 2
3850 62
3851 98
3852 112
3853 234
3854 137
3855 89
3856 2
3857 218
3858 201
3859 124
3860 172
3861 35
3862 242
3863 35
3864 62
3865 35
3866 35
3867 34
3868 137
3869 125
3870 103
3871 227
3872 71
3873 104
3874 2
3875 104
3876 225
3877 125
3878 35
