0 137
1 45
2 65
3 33
4 242
6 137
7 236
8 219
9 119
10 13
11 31
12 77
13 86
14 173
15 187
16 81
17 223
18 164
19 40
20 99
21 71
22 204
23 32
24 219
25 137
26 75
27 74
28 31
30 184
31 22
32 160
33 179
34 54
35 187
36 16
37 70
38 22
40 51
41 219
42 131
43 46
44 124
45 60
46 213
47 167
49 230
50 4
51 44
52 211
53 181
54 169
55 149
57 64
58 120
60 87
61 124
62 231
64 99
65 40
66 96
67 126
68 102
69 149
70 89
71 222
75 116
76 58
77 178
78 203
79 110
80 22
81 213
83 205
84 216
86 228
87 171
88 199
89 84
90 231
91 200
92 41
93 96
94 146
95 239
96 86
97 106
98 110
99 163
101 97
102 56
104 12
105 10
106 208
107 29
108 16
109 223
110 171
111 33
112 230
113 44
114 158
115 0
116 73
118 245
119 69
120 150
122 43
123 97
124 30
125 216
126 154
127 94
128 46
129 12
130 216
131 33
132 81
133 137
135 195
136 96
137 12
138 214
139 51
140 45
141 246
142 152
143 170
144 84
145 59
146 157
147 140
148 92
149 210
150 241
151 102
152 214
153 81
154 233
155 66
156 101
157 225
158 44
159 120
160 86
161 137
162 108
163 66
164 54
165 181
166 9
167 144
168 51
169 70
170 221
171 81
172 1
173 224
174 136
175 142
176 244
177 86
178 121
179 33
180 216
181 163
182 99
183 249
184 0
185 28
186 71
187 96
188 189
189 12
190 49
191 95
192 80
193 201
194 204
195 57
196 213
198 75
199 119
200 120
201 78
202 199
203 172
204 12
206 242
207 60
209 60
210 182
211 216
212 99
213 242
214 187
215 131
216 171
218 204
219 152
220 162
221 45
222 231
223 120
224 71
225 113
226 170
227 45
228 46
229 218
230 36
231 231
233 97
234 199
235 33
236 217
237 205
239 96
240 209
241 41
242 237
243 74
244 21
245 120
246 192
247 125
248 164
249 216
250 59
251 246
252 38
253 185
254 233
256 152
257 23
258 81
259 202
260 140
263 181
264 241
265 189
266 136
267 155
268 80
269 119
271 217
272 173
273 126
274 125
275 106
276 10
277 38
278 237
280 151
281 104
282 12
283 6
284 12
286 65
287 216
288 71
289 190
290 86
292 145
293 190
295 45
296 162
297 111
299 66
300 119
301 219
303 114
304 86
305 75
306 26
307 39
308 12
309 46
310 249
312 219
313 188
314 96
315 26
317 247
318 18
319 163
320 191
321 35
322 246
323 89
324 47
325 2
326 189
327 110
328 114
330 142
331 245
332 214
333 230
334 242
335 21
336 211
337 56
338 200
340 28
342 39
343 83
344 153
345 184
346 52
347 12
348 54
349 178
350 63
351 172
352 192
353 55
354 96
355 182
356 216
357 167
358 236
361 241
362 154
363 213
364 219
365 242
366 176
367 214
369 97
370 22
371 151
373 148
375 71
377 232
378 54
379 200
380 45
381 210
382 185
383 12
384 200
385 7
386 94
387 125
389 118
391 236
392 73
393 184
394 58
395 96
396 184
397 231
398 81
400 69
401 137
402 58
403 70
404 81
405 8
406 222
408 161
409 228
410 54
411 187
412 58
413 207
414 65
415 14
416 79
417 54
418 31
419 137
420 98
421 94
422 31
423 118
424 1
425 241
426 72
427 80
428 46
429 5
430 185
431 112
432 205
433 69
434 200
435 137
436 93
437 125
438 110
439 205
440 162
441 4
444 218
445 33
446 125
447 54
448 22
449 184
451 115
452 168
453 230
454 95
455 71
456 146
457 99
458 66
459 6
460 152
461 29
462 143
463 245
464 81
465 137
466 225
467 60
469 185
470 198
471 141
472 199
473 176
474 52
475 174
477 204
478 22
479 81
480 162
481 138
483 171
484 184
485 0
486 6
487 72
488 22
490 10
492 59
493 96
496 189
497 46
498 124
499 120
500 235
501 246
502 38
503 167
504 205
507 221
508 18
509 157
510 97
511 125
512 181
513 204
514 216
516 110
517 141
518 124
520 152
521 17
522 117
523 59
525 157
527 242
528 214
529 83
530 56
531 58
532 209
533 46
534 64
535 52
536 51
537 31
538 149
539 60
540 216
541 13
542 67
543 204
544 59
545 167
547 186
548 131
549 133
550 28
551 244
552 12
554 104
555 187
556 159
557 137
558 187
559 42
560 189
561 117
562 80
563 183
564 33
565 113
566 114
567 38
568 24
569 51
570 65
571 154
572 176
573 199
574 4
575 37
576 249
577 17
578 29
579 168
580 95
581 134
582 99
583 182
584 22
585 88
586 4
588 51
589 4
590 83
591 31
592 95
593 157
594 27
596 56
597 120
600 26
601 26
602 78
604 142
606 98
607 213
608 140
609 204
610 94
611 169
612 195
614 246
615 231
616 106
617 183
619 114
620 98
621 75
622 74
623 163
625 9
626 241
627 45
628 77
629 38
630 204
631 142
632 86
633 106
634 215
635 120
636 174
637 76
638 12
639 113
640 58
641 236
642 138
643 124
644 103
645 45
647 113
648 227
649 117
650 117
651 84
652 137
653 124
654 17
655 146
656 14
657 22
658 249
659 162
660 80
661 5
663 54
664 22
665 6
666 185
668 39
669 80
670 157
671 216
672 189
673 55
674 22
675 171
677 32
678 115
679 70
680 0
681 249
682 120
683 233
684 22
685 213
686 118
688 151
689 184
690 193
691 65
692 77
693 107
694 81
695 159
696 133
697 9
698 129
699 56
700 204
701 91
704 81
705 126
706 112
708 33
709 96
710 79
712 181
713 18
714 11
715 221
716 110
717 34
719 84
720 232
721 247
722 45
723 83
724 70
725 157
726 249
727 71
728 230
729 17
730 66
732 149
733 70
734 51
736 110
738 0
739 65
740 198
741 158
742 31
743 80
744 0
745 245
747 58
748 19
749 55
750 146
751 96
752 225
753 244
754 169
755 230
756 18
757 172
758 13
759 207
760 198
761 178
763 83
764 241
765 120
766 131
767 71
768 89
770 150
771 65
772 52
775 125
776 13
778 78
779 171
780 77
781 154
782 33
783 52
784 91
785 8
786 21
787 217
788 154
789 187
790 17
791 174
792 218
793 85
794 14
795 81
796 230
798 119
800 230
801 243
802 124
803 157
804 236
805 113
806 159
807 94
808 75
810 137
812 26
813 113
814 248
815 115
817 66
818 58
819 104
820 245
822 69
823 242
824 19
827 223
828 40
829 179
831 198
833 159
834 216
835 186
836 195
837 110
838 46
839 40
840 124
841 58
842 24
843 55
844 242
845 119
846 167
847 169
848 16
849 58
850 172
851 200
852 181
853 58
854 148
855 221
856 113
857 167
858 83
859 96
860 91
861 131
862 216
863 106
864 132
865 164
866 191
867 111
868 81
869 21
870 151
871 9
872 27
873 101
874 86
875 98
876 46
877 220
878 4
879 124
880 163
881 36
882 205
884 120
886 55
887 200
888 26
889 12
891 167
892 215
893 56
894 54
895 23
896 146
897 76
899 32
900 241
901 80
902 73
903 242
904 112
906 227
907 5
908 58
910 12
911 82
913 68
914 217
915 56
916 216
917 172
918 99
919 88
921 138
922 120
923 97
925 240
927 95
928 150
930 204
931 236
932 204
933 34
934 189
935 73
936 91
937 126
938 113
939 40
940 81
941 11
942 242
943 77
944 83
945 86
946 138
947 189
948 186
950 161
951 204
952 38
953 90
955 4
956 230
957 8
958 33
959 137
960 7
961 83
962 189
963 167
964 169
965 241
966 192
967 138
968 9
969 224
970 112
971 171
972 8
973 125
974 65
975 106
976 66
977 205
978 113
980 103
981 28
982 16
983 36
984 33
986 192
987 241
988 46
989 214
990 174
992 112
994 28
995 81
996 54
997 39
998 12
999 185
1000 147
1001 151
1002 179
1003 26
1004 199
1005 22
1007 206
1008 73
1010 239
1011 43
1012 112
1013 65
1014 105
1015 38
1016 187
1017 66
1018 54
1019 110
1020 210
1021 195
1022 56
1023 211
1024 236
1025 100
1026 56
1027 140
1028 22
1029 9
1030 164
1031 125
1032 180
1033 67
1034 231
1035 83
1036 14
1038 5
1039 182
1040 203
1041 219
1042 151
1043 19
1044 214
1045 204
1046 140
1047 245
1048 216
1049 58
1050 33
1052 160
1053 28
1055 113
1056 231
1059 42
1060 225
1061 81
1062 163
1063 245
1064 44
1065 145
1066 56
1067 86
1068 122
1069 195
1070 12
1071 39
1072 128
1073 27
1074 225
1075 40
1076 96
1077 242
1078 31
1079 236
1080 13
1081 38
1082 222
1083 1
1085 117
1086 244
1087 203
1088 230
1089 69
1091 17
1093 159
1094 38
1095 52
1096 113
1097 102
1098 85
1099 69
1100 159
1101 154
1102 13
1103 1
1104 119
1105 119
1106 168
1107 205
1108 85
1109 0
1110 94
1111 6
1112 185
1113 196
1114 112
1115 234
1116 44
1117 169
1118 122
1119 19
1120 33
1121 66
1122 205
1123 150
1124 112
1125 70
1126 200
1128 85
1129 182
1130 29
1131 195
1132 217
1133 29
1134 170
1135 110
1138 106
1139 4
1140 249
1142 199
1143 74
1144 77
1145 146
1147 137
1148 43
1149 223
1151 40
1153 9
1154 30
1155 94
1156 68
1157 232
1158 159
1159 17
1160 204
1161 95
1162 18
1164 28
1165 245
1166 60
1168 206
1169 133
1170 152
1171 81
1172 181
1173 29
1174 221
1175 65
1177 146
1178 246
1180 156
1181 162
1182 39
1183 199
1184 70
1185 73
1186 56
1187 65
1188 122
1189 89
1190 181
1191 214
1193 237
1194 232
1195 119
1197 209
1199 80
1200 4
1201 167
1203 236
1204 36
1205 55
1207 162
1208 247
1209 0
1210 39
1212 241
1213 23
1214 102
1215 120
1217 191
1218 10
1219 154
1220 17
1221 232
1222 51
1223 45
1224 244
1225 133
1226 117
1227 140
1228 77
1229 246
1230 0
1231 97
1232 70
1233 73
1235 185
1236 117
1237 173
1238 181
1239 179
1240 60
1241 230
1242 176
1243 199
1244 117
1245 55
1247 12
1248 67
1250 22
1251 56
1252 117
1253 1
1254 40
1256 64
1257 242
1258 31
1259 101
1261 175
1262 36
1263 234
1264 27
1265 96
1267 247
1268 225
1269 30
1270 167
1271 113
1272 68
1273 7
1274 65
1275 179
1277 82
1278 179
1279 222
1280 207
1284 28
1285 200
1286 27
1287 242
1289 158
1290 87
1291 132
1292 118
1294 148
1296 52
1298 221
1299 133
1302 58
1303 75
1304 104
1305 32
1306 184
1307 74
1308 30
1309 14
1310 104
1311 146
1312 87
1313 234
1314 195
1315 44
1316 48
1317 138
1319 36
1320 142
1321 83
1322 207
1323 11
1325 104
1326 97
1328 153
1329 221
1330 51
1331 113
1332 1
1334 189
1335 196
1336 169
1338 53
1339 86
1340 93
1342 164
1343 247
1344 242
1345 46
1346 132
1347 27
1348 167
1349 133
1351 56
1352 36
1354 85
1355 58
1356 7
1357 54
1359 232
1360 70
1363 98
1364 94
1365 77
1368 23
1369 105
1371 93
1372 94
1373 21
1374 113
1376 0
1377 26
1378 9
1379 242
1381 4
1382 66
1383 158
1384 94
1385 38
1386 33
1387 138
1389 196
1390 112
1391 93
1392 28
1394 192
1395 213
1396 236
1399 77
1400 92
1401 195
1402 164
1403 15
1404 62
1405 217
1406 169
1407 65
1408 83
1409 13
1410 184
1413 80
1414 98
1415 77
1416 75
1417 206
1419 124
1420 169
1421 102
1423 133
1424 110
1425 167
1426 93
1427 187
1428 161
1429 56
1430 181
1431 172
1432 97
1434 203
1436 225
1437 13
1438 43
1439 236
1440 66
1441 200
1442 114
1443 224
1444 36
1445 123
1446 206
1447 181
1448 26
1449 99
1451 46
1453 96
1455 19
1457 216
1458 144
1459 93
1460 115
1461 94
1462 55
1463 124
1464 19
1465 155
1466 75
1467 247
1468 4
1469 112
1470 74
1471 109
1472 127
1473 54
1474 117
1475 184
1476 184
1477 196
1478 248
1480 38
1482 74
1483 93
1485 11
1486 200
1487 63
1488 230
1489 0
1490 132
1491 242
1493 23
1494 58
1495 193
1496 89
1497 40
1499 159
1500 58
1501 238
1502 132
1503 230
1505 249
1506 206
1507 75
1508 81
1509 63
1510 45
1511 102
1513 182
1515 69
1516 1
1517 85
1518 211
1519 136
1520 227
1522 213
1524 119
1525 201
1526 13
1528 152
1529 201
1530 93
1531 83
1532 152
1533 96
1534 37
1535 80
1536 205
1537 32
1538 227
1540 202
1542 17
1543 8
1544 32
1545 4
1547 4
1548 210
1551 14
1552 4
1553 55
1554 29
1555 28
1558 186
1559 65
1560 65
1561 4
1562 149
1564 119
1565 207
1566 222
1567 2
1568 192
1569 148
1570 181
1571 181
1573 132
1574 16
1576 70
1577 193
1578 85
1579 184
1581 249
1582 17
1583 106
1586 167
1587 58
1589 182
1590 204
1592 179
1593 219
1594 170
1596 75
1598 97
1599 151
1600 163
1602 140
1604 230
1605 198
1606 86
1609 202
1610 112
1612 65
1613 45
1614 123
1616 34
1617 231
1619 58
1620 201
1621 86
1622 182
1623 25
1624 51
1626 151
1627 152
1628 119
1629 154
1630 143
1631 172
1632 40
1633 136
1634 137
1635 14
1637 230
1638 45
1639 202
1640 221
1641 142
1644 41
1645 241
1647 188
1648 81
1650 112
1652 7
1653 41
1655 231
1656 200
1657 170
1658 58
1659 244
1660 87
1661 154
1662 29
1663 146
1664 17
1665 199
1666 110
1667 22
1668 2
1669 105
1670 237
1671 82
1672 190
1673 112
1674 58
1675 222
1676 214
1678 75
1680 54
1681 133
1682 114
1684 36
1685 124
1686 36
1687 178
1688 28
1689 147
1690 68
1691 94
1693 143
1694 167
1695 66
1697 186
1698 154
1699 26
1701 95
1702 55
1704 192
1706 153
1707 54
1709 101
1711 200
1712 77
1713 195
1714 158
1715 188
1716 117
1717 71
1718 11
1719 192
1720 119
1721 95
1722 172
1723 181
1724 155
1726 94
1727 99
1728 59
1729 46
1732 10
1733 85
1734 195
1736 144
1738 132
1739 36
1740 132
1741 7
1743 77
1744 192
1745 25
1747 117
1750 221
1751 246
1753 140
1754 178
1755 178
1756 192
1758 157
1759 106
1760 56
1761 65
1762 95
1763 88
1764 230
1765 132
1766 227
1767 67
1768 54
1769 69
1770 56
1771 157
1772 83
1773 137
1774 92
1775 30
1776 133
1777 193
1778 204
1779 241
1780 81
1782 207
1783 59
1784 137
1785 26
1788 123
1789 96
1790 112
1793 125
1794 51
1797 169
1798 206
1799 65
1800 218
1802 104
1803 85
1804 123
1805 178
1809 51
1810 85
1811 41
1813 137
1814 9
1815 42
1816 244
1817 226
1818 33
1819 160
1820 16
1822 124
1823 75
1824 4
1825 77
1826 83
1827 120
1828 72
1829 118
1831 148
1832 159
1833 99
1834 51
1835 77
1838 146
1842 19
1843 200
1844 40
1845 0
1847 25
1848 16
1849 60
1850 223
1851 184
1852 22
1853 246
1854 45
1855 36
1856 53
1857 15
1858 75
1862 9
1863 82
1864 223
1865 67
1866 29
1867 60
1868 106
1869 112
1870 12
1871 18
1873 249
1874 194
1875 138
1876 53
1877 31
1878 241
1879 163
1880 119
1881 225
1884 204
1885 55
1886 106
1887 55
1888 28
1889 38
1890 230
1891 68
1892 0
1893 219
1894 171
1895 217
1897 69
1898 23
1899 182
1900 213
1901 157
1902 41
1904 51
1906 179
1907 182
1910 213
1913 94
1914 93
1915 58
1917 133
1918 139
1919 40
1921 96
1923 204
1924 123
1925 98
1926 93
1928 185
1929 124
1930 216
1931 67
1933 38
1934 151
1936 138
1937 136
1938 185
1939 249
1940 27
1941 29
1942 22
1943 66
1944 160
1946 97
1947 41
1948 97
1949 119
1950 117
1951 18
1952 131
1953 111
1956 13
1957 55
1959 187
1960 39
1962 231
1963 231
1966 74
1967 136
1968 67
1969 170
1971 149
1972 40
1973 142
1974 133
1975 16
1977 13
1978 231
1979 240
1980 86
1981 241
1982 77
1983 74
1984 74
1985 187
1986 20
1987 206
1989 235
1991 119
1992 19
1994 10
1995 14
1996 22
1997 34
1998 40
1999 26
2000 119
2001 157
2002 45
2003 88
2004 37
2005 236
2006 184
2007 189
2008 200
2009 77
2010 131
2011 19
2012 92
2015 146
2016 221
2017 96
2019 13
2021 230
2022 40
2024 18
2025 88
2027 145
2028 164
2029 6
2030 138
2031 93
2032 11
2033 173
2035 132
2036 79
2040 119
2041 17
2042 74
2045 123
2046 31
2047 69
2051 117
2053 171
2054 79
2055 110
2057 16
2058 29
2059 40
2060 152
2061 13
2062 37
2065 41
2067 209
2068 41
2071 236
2072 194
2073 26
2074 7
2075 53
2076 157
2077 113
2078 4
2079 52
2081 76
2083 179
2084 51
2085 157
2086 236
2087 200
2088 185
2090 52
2091 33
2092 85
2093 73
2094 209
2095 104
2097 178
2098 18
2099 104
2100 126
2101 158
2102 28
2103 136
2105 28
2107 170
2108 97
2109 56
2110 33
2111 26
2113 185
2115 58
2116 97
2118 173
2119 83
2121 33
2122 71
2123 104
2124 78
2125 213
2126 18
2127 164
2128 94
2129 124
2130 236
2131 96
2132 249
2133 217
2134 195
2135 149
2140 245
2141 46
2142 41
2143 95
2146 28
2147 68
2148 180
2150 217
2152 93
2153 184
2154 44
2155 199
2156 113
2157 59
2158 22
2159 119
2161 219
2163 111
2165 80
2166 96
2167 213
2168 46
2169 154
2170 143
2171 55
2173 28
2174 8
2178 132
2179 162
2182 141
2183 114
2184 170
2185 97
2186 55
2187 151
2188 206
2189 58
2190 181
2191 159
2192 159
2193 77
2194 94
2195 79
2197 12
2200 10
2202 86
2204 221
2205 79
2206 65
2207 237
2210 174
2211 216
2213 12
2214 193
2217 230
2218 161
2220 200
2221 14
2223 28
2224 64
2226 202
2227 196
2228 94
2229 230
2231 40
2232 81
2233 113
2235 241
2236 93
2237 26
2239 25
2240 191
2241 39
2244 55
2245 40
2246 141
2248 117
2249 4
2251 221
2252 67
2253 104
2255 191
2256 33
2257 147
2258 125
2259 13
2260 62
2261 98
2262 247
2263 132
2265 172
2266 80
2267 49
2268 132
2269 114
2270 65
2271 132
2272 12
2273 137
2274 222
2275 33
2276 41
2277 10
2278 80
2280 71
2281 31
2282 132
2284 12
2285 157
2286 77
2287 247
2288 200
2290 110
2291 214
2292 161
2294 131
2298 230
2299 79
2300 94
2302 209
2303 96
2304 77
2305 213
2306 198
2307 41
2308 110
2309 172
2310 28
2311 41
2312 132
2314 119
2315 31
2316 80
2317 182
2318 184
2320 41
2323 162
2324 173
2325 31
2327 20
2329 40
2331 161
2332 59
2334 93
2335 147
2336 19
2337 236
2338 56
2339 149
2340 65
2341 99
2342 221
2343 31
2344 44
2345 169
2346 27
2350 0
2351 114
2353 7
2354 33
2355 169
2356 196
2357 87
2359 99
2360 42
2361 119
2362 215
2363 158
2364 110
2365 68
2367 218
2368 46
2369 182
2372 167
2373 223
2374 167
2376 4
2379 137
2381 132
2383 6
2385 30
2386 118
2387 97
2389 45
2390 93
2391 48
2393 68
2395 241
2397 82
2398 73
2399 184
2400 88
2401 230
2402 40
2403 71
2404 102
2405 169
2406 231
2407 139
2408 181
2409 230
2410 200
2411 60
2413 216
2414 97
2415 184
2418 162
2419 133
2420 178
2421 113
2422 43
2424 183
2425 118
2427 31
2428 168
2429 106
2430 74
2431 14
2432 234
2433 181
2434 125
2438 40
2440 242
2441 178
2442 145
2443 17
2445 99
2446 211
2448 178
2449 158
2450 97
2451 40
2452 93
2455 116
2457 151
2459 119
2460 12
2461 80
2462 56
2463 7
2464 71
2467 26
2468 228
2472 184
2473 149
2474 71
2476 10
2478 190
2482 17
2483 77
2484 146
2485 236
2486 85
2488 119
2489 96
2490 115
2491 221
2492 191
2493 58
2494 204
2495 184
2496 245
2498 152
2499 30
2501 40
2502 119
2503 41
2505 81
2506 190
2507 182
2508 13
2510 84
2512 178
2513 238
2514 24
2516 41
2517 212
2518 52
2519 31
2520 120
2521 224
2522 169
2524 185
2525 100
2528 241
2529 51
2531 164
2533 36
2534 109
2536 68
2537 71
2538 55
2539 201
2540 70
2541 4
2542 30
2543 40
2545 200
2547 95
2548 70
2549 89
2550 207
2551 93
2552 63
2557 161
2558 12
2560 122
2561 25
2563 84
2565 162
2567 69
2569 213
2570 171
2572 231
2574 27
2576 54
2579 81
2580 149
2583 117
2584 172
2585 202
2586 14
2587 159
2588 41
2589 137
2590 123
2591 155
2592 94
2595 110
2597 247
2598 36
2599 80
2601 33
2602 14
2604 213
2605 11
2606 86
2607 80
2608 246
2609 12
2610 104
2612 26
2614 25
2615 184
2617 18
2618 73
2619 194
2620 242
2621 85
2623 60
2624 67
2625 58
2626 59
2627 192
2628 30
2632 190
2633 102
2634 27
2635 88
2636 124
2637 211
2638 138
2639 109
2640 179
2642 49
2643 204
2644 215
2646 70
2648 125
2650 88
2652 110
2653 35
2654 124
2657 150
2660 193
2662 230
2664 195
2666 0
2667 132
2668 77
2670 43
2671 170
2672 27
2673 41
2674 241
2676 70
2678 151
2679 81
2680 52
2681 67
2683 218
2685 80
2686 174
2687 219
2688 56
2689 108
2690 97
2692 193
2693 161
2694 184
2695 52
2697 133
2698 43
2701 98
2702 45
2704 18
2705 131
2707 38
2709 232
2710 71
2711 98
2715 22
2716 17
2717 122
2718 139
2719 173
2720 96
2721 55
2722 83
2723 192
2724 40
2725 1
2726 55
2728 132
2729 193
2731 196
2732 249
2733 172
2737 236
2738 72
2739 124
2741 199
2743 26
2744 186
2745 238
2748 85
2749 109
2750 163
2751 71
2752 155
2753 51
2755 65
2756 75
2758 179
2759 178
2762 30
2763 52
2764 182
2765 240
2768 178
2772 159
2773 247
2775 55
2776 16
2777 51
2778 137
2779 88
2780 29
2783 236
2785 120
2786 88
2787 28
2788 187
2789 70
2791 9
2792 30
2794 9
2795 160
2796 179
2798 112
2799 30
2801 218
2802 124
2803 26
2804 62
2806 38
2807 98
2809 1
2811 88
2812 110
2813 102
2815 34
2816 121
2817 112
2818 31
2820 161
2821 187
2822 173
2825 119
2826 172
2830 36
2831 33
2832 210
2833 162
2834 54
2835 231
2838 23
2839 77
2840 45
2843 152
2844 187
2845 196
2846 200
2848 162
2849 56
2850 146
2851 228
2854 94
2856 26
2857 120
2858 143
2859 96
2862 28
2863 104
2866 85
2867 184
2868 151
2869 151
2870 249
2871 234
2872 102
2873 75
2874 155
2875 16
2878 33
2879 120
2880 60
2882 154
2884 198
2886 60
2887 172
2888 55
2889 80
2890 30
2892 36
2894 85
2895 84
2896 10
2898 4
2899 26
2900 149
2902 106
2904 223
2906 132
2908 199
2909 56
2912 44
2914 37
2916 224
2917 81
2918 175
2920 88
2921 186
2923 96
2925 98
2927 198
2928 241
2930 169
2931 29
2932 217
2933 35
2934 56
2936 243
2937 228
2939 97
2940 239
2941 28
2942 96
2943 242
2944 190
2945 86
2946 216
2947 164
2948 236
2950 46
2952 7
2954 142
2955 119
2956 44
2957 2
2959 209
2960 58
2961 133
2964 31
2965 106
2968 2
2970 87
2971 198
2973 7
2974 230
2975 187
2976 195
2979 60
2980 75
2986 204
2987 86
2988 172
2989 40
2990 127
2991 238
2993 188
2995 53
2996 153
2997 179
2999 14
3000 210
3001 185
3002 69
3003 0
3004 202
3005 242
3008 141
3009 211
3010 94
3011 11
3012 81
3013 237
3014 160
3015 223
3016 13
3017 187
3021 232
3022 232
3023 159
3024 202
3025 54
3027 182
3028 56
3029 86
3030 207
3031 132
3032 65
3033 34
3036 68
3038 95
3039 110
3041 214
3042 19
3043 174
3044 63
3045 216
3046 249
3049 122
3050 18
3051 4
3052 230
3053 144
3055 242
3056 80
3057 22
3058 195
3061 83
3062 204
3063 139
3064 233
3066 132
3068 162
3069 185
3070 137
3071 216
3072 97
3076 125
3077 106
3078 143
3079 216
3081 128
3082 38
3085 53
3086 18
3087 136
3091 230
3092 204
3094 56
3095 33
3096 51
3097 21
3098 241
3099 109
3100 73
3101 204
3102 210
3103 133
3104 17
3105 17
3106 246
3107 221
3112 247
3114 55
3115 77
3116 202
3117 109
3118 113
3119 44
3120 95
3121 139
3122 209
3123 146
3124 17
3125 118
3127 125
3128 69
3129 31
3130 17
3131 227
3132 141
3133 98
3134 96
3135 201
3136 31
3137 185
3139 14
3140 157
3141 77
3144 213
3145 204
3146 46
3147 163
3149 188
3152 45
3153 207
3155 5
3156 65
3157 66
3158 113
3160 99
3161 186
3162 173
3163 28
3165 64
3166 35
3168 113
3169 111
3170 102
3171 1
3172 38
3173 56
3174 28
3175 10
3176 12
3177 183
3179 88
3180 139
3181 45
3183 95
3184 151
3185 119
3186 123
3190 124
3191 169
3192 30
3193 43
3194 230
3195 119
3196 179
3197 247
3198 241
3199 249
3200 249
3202 28
3203 119
3205 236
3206 26
3207 242
3210 249
3211 200
3212 157
3214 86
3216 147
3218 217
3219 113
3220 58
3224 17
3225 66
3226 244
3227 168
3228 161
3229 76
3230 121
3231 249
3232 172
3233 65
3235 238
3236 85
3237 32
3238 13
3239 38
3240 184
3241 37
3242 178
3243 196
3245 206
3247 192
3248 9
3249 131
3250 0
3251 21
3252 109
3253 106
3254 242
3257 204
3258 60
3259 165
3260 193
3261 80
3262 241
3263 164
3265 223
3266 231
3269 70
3272 186
3275 205
3277 132
3278 181
3279 178
3281 198
3282 72
3284 206
3288 99
3289 186
3290 200
3291 242
3292 63
3293 25
3294 179
3295 30
3296 88
3298 249
3299 245
3301 43
3302 184
3304 60
3305 185
3306 210
3308 102
3309 14
3310 85
3313 26
3315 166
3316 96
3318 14
3320 202
3321 115
3323 198
3324 81
3325 196
3327 184
3328 247
3329 83
3330 132
3332 50
3333 42
3334 218
3335 162
3336 95
3337 151
3338 178
3339 188
3340 188
3341 167
3345 16
3346 81
3348 72
3349 207
3351 241
3352 195
3353 167
3354 14
3357 230
3358 200
3360 187
3361 81
3363 56
3364 221
3365 101
3367 210
3368 133
3369 135
3370 48
3371 198
3372 124
3374 18
3375 192
3376 243
3377 45
3378 184
3379 6
3380 183
3381 183
3384 31
3385 35
3387 204
3388 242
3389 231
3390 171
3391 216
3392 59
3393 209
3394 93
3396 49
3397 45
3398 13
3399 106
3403 154
3404 138
3405 102
3407 69
3408 201
3409 119
3410 173
3413 26
3415 132
3416 164
3417 95
3419 97
3420 81
3423 87
3424 95
3425 151
3426 81
3427 31
3428 93
3429 35
3430 72
3432 22
3433 104
3434 200
3435 80
3436 28
3439 152
3441 191
3442 62
3443 239
3445 75
3446 91
3447 89
3448 96
3449 218
3451 31
3452 192
3453 205
3454 157
3455 157
3456 67
3457 193
3459 104
3460 186
3461 14
3462 83
3463 131
3465 206
3466 211
3468 230
3469 51
3471 153
3472 32
3473 247
3474 203
3475 92
3477 152
3478 46
3479 150
3480 128
3481 33
3482 77
3484 2
3487 209
3488 120
3489 31
3490 156
3494 132
3496 131
3497 48
3498 17
3499 171
3501 247
3502 216
3503 100
3504 96
3506 18
3507 52
3508 3
3509 55
3510 3
3511 214
3512 110
3513 230
3514 200
3515 14
3516 104
3517 93
3518 6
3520 169
3521 20
3523 209
3526 69
3528 198
3529 133
3530 186
3531 77
3532 241
3533 49
3534 209
3535 60
3538 7
3540 184
3541 149
3542 206
3543 98
3544 142
3546 216
3548 216
3549 133
3550 184
3551 217
3552 198
3553 93
3554 49
3555 119
3556 96
3557 204
3558 90
3559 90
3560 149
3562 112
3563 60
3564 202
3568 44
3569 109
3571 151
3572 60
3573 26
3574 46
3575 169
3576 169
3577 31
3579 97
3580 96
3581 79
3582 94
3584 66
3585 103
3589 186
3590 210
3591 167
3592 221
3594 230
3596 17
3597 164
3598 113
3600 238
3601 238
3603 77
3604 100
3606 200
3607 7
3608 148
3609 75
3610 156
3611 132
3612 64
3613 77
3614 40
3615 79
3616 35
3618 210
3619 149
3620 56
3621 77
3623 225
3624 41
3625 79
3627 38
3628 223
3631 218
3632 95
3633 45
3635 96
3636 80
3637 80
3638 80
3639 14
3640 133
3641 125
3643 172
3645 113
3647 67
3648 95
3649 80
3651 46
3652 81
3653 38
3655 21
3656 14
3658 45
3659 110
3660 77
3662 243
3663 174
3665 248
3666 102
3667 48
3668 26
3669 148
3670 121
3671 6
3672 75
3673 149
3674 113
3676 117
3677 60
3678 137
3680 14
3681 29
3682 11
3683 243
3684 238
3685 241
3686 86
3687 161
3689 100
3690 204
3691 56
3692 77
3693 224
3694 40
3695 186
3696 102
3697 102
3698 81
3699 202
3702 60
3703 133
3704 153
3705 95
3706 140
3707 231
3708 171
3710 14
3712 87
3713 87
3714 33
3715 161
3716 9
3717 184
3719 218
3720 81
3721 241
3722 120
3723 59
3725 136
3726 98
3727 75
3728 7
3729 202
3731 187
3732 29
3733 117
3734 231
3735 172
3737 93
3739 178
3740 197
3741 128
3742 72
3743 199
3744 179
3745 71
3748 68
3750 56
3751 153
3752 153
3753 26
3754 67
3755 221
3756 48
3758 141
3759 74
3761 56
3762 81
3763 125
3765 242
3766 67
3769 129
3770 162
3771 71
3772 54
3773 54
3774 184
3777 93
3778 93
3779 14
3780 241
3781 95
3784 28
3785 77
3789 56
3791 106
3792 45
3793 100
3795 221
3796 49
3797 204
3800 81
3801 30
3803 178
3804 30
3807 133
3808 34
3809 137
3810 11
3812 119
3815 194
3816 149
3817 67
3818 236
3819 56
3820 138
3821 69
3822 136
3823 214
3824 249
3825 186
3827 200
3828 242
3829 118
3830 162
3832 66
3835 149
3837 56
3838 51
3839 192
3841 147
3842 14
3843 80
3844 164
3845 216
3846 53
3847 67
3848 99
3849 212
3850 6
3851 236
3852 20
3853 197
3854 161
3855 73
3857 181
3858 227
3860 209
3862 137
3863 49
3864 60
3865 221
3866 244
3868 41
3869 238
3870 33
3871 157
3872 10
3875 99
3876 228
3877 46
3879 4
3880 9
3881 184
3882 14
3884 80
3885 37
3887 214
3888 179
3889 26
3890 238
3892 241
3895 232
3896 243
3897 237
3898 30
3899 117
3900 146
3901 203
3902 243
3903 7
3904 53
3907 203
3908 95
3909 6
3910 202
3911 202
3912 26
3913 55
3914 242
3915 247
3917 81
3918 79
3919 136
3920 14
3921 141
3922 44
3923 140
3924 95
3925 230
3926 242
3927 25
3928 72
3929 93
3930 246
3931 133
3932 54
3933 132
3935 14
3936 141
3937 141
3938 247
3939 133
3940 37
3941 186
3942 87
3943 67
3944 192
3945 95
3947 241
3948 241
3949 41
3950 133
3951 145
3953 186
3954 231
3955 18
3957 137
3958 161
3960 102
3961 132
3964 178
3966 164
3967 37
3968 20
3969 81
3970 235
3971 50
3972 49
3973 49
3974 49
3977 241
3979 93
3980 241
3981 45
3982 141
3983 17
3985 161
3986 161
3987 161
3988 43
3991 53
3992 247
3993 47
3994 95
3995 129
3996 67
3997 53
3998 113
4000 247
4001 104
4003 242
4004 81
4006 117
4007 133
4008 31
4009 79
4010 79
4011 48
4014 69
4015 27
4019 14
4020 229
4021 90
4022 144
4023 6
4025 221
4026 195
4027 80
4032 183
4033 52
4034 86
4035 156
4036 192
4037 67
4038 88
4039 41
4040 6
4041 236
4042 82
4043 204
4044 104
4045 169
4046 223
4047 241
4050 178
4051 31
4052 30
4053 225
4056 98
4058 197
4059 241
4060 32
4061 224
4062 12
4063 12
4064 177
4066 129
4067 99
4068 198
4072 30
4074 77
4075 169
4076 169
4077 133
4078 3
4079 236
4081 49
4082 187
4086 95
4087 124
4090 145
4091 3
4095 48
4096 154
4098 80
4099 137
4100 136
4101 229
4102 75
4103 152
4104 141
4105 38
4106 195
4109 80
4110 239
4112 116
4116 55
4117 104
4118 81
4119 75
4120 21
4121 77
4122 173
4123 242
4124 202
4125 5
4127 174
4128 72
4129 247
4130 164
4132 137
4133 6
4134 55
4138 131
4141 104
4142 49
4143 143
4144 144
4145 209
4146 145
4147 49
4149 225
4152 212
4154 210
4155 3
4156 80
4157 242
4158 20
4159 128
4160 174
4162 99
4163 81
4165 80
4166 20
4167 125
4168 132
4170 29
4171 26
4172 164
4173 230
4174 241
4175 178
4178 153
4179 34
4180 230
4181 119
4182 20
4183 20
4184 133
4187 94
4189 139
4191 149
4192 53
4193 26
4194 178
4195 204
4196 97
4197 230
4198 12
4199 117
4200 125
4201 20
4202 234
4205 247
4207 184
4208 157
4209 20
4210 71
4211 17
4212 71
4214 214
4217 198
4218 229
4219 133
4220 45
4221 41
4222 73
4225 117
4226 48
4227 172
4228 53
4229 241
4230 20
4231 241
4232 119
4233 43
4234 100
4235 98
4237 14
4238 232
4239 46
4241 45
4242 223
4243 60
4244 210
4245 230
4247 247
4249 161
4250 181
4252 120
4253 93
4255 49
4256 12
4258 58
4259 46
4261 130
4262 90
4263 151
4264 46
4265 5
4266 202
4267 20
4268 247
4269 68
4272 183
4273 225
4274 198
4277 18
4278 17
4280 7
4281 247
4282 67
4283 100
4284 178
4285 49
4288 93
4289 60
4290 60
4292 14
4294 106
4295 17
4296 201
4297 244
4298 125
4300 221
4301 133
4302 51
4303 202
4307 80
4308 14
4309 131
4310 143
4312 32
4313 20
4314 20
4315 97
4316 7
4318 29
4319 100
4320 162
4321 232
4322 145
4323 147
4324 147
4326 106
4327 241
4329 93
4330 230
4334 46
4336 173
4337 132
4340 11
4341 26
4342 137
4343 119
4344 143
4345 115
4346 187
4347 88
4348 41
4349 93
4350 241
4352 121
4353 20
4354 3
4355 31
4356 94
4357 41
4358 36
4359 100
4360 216
4361 192
4362 127
4363 247
4364 247
4365 37
4366 80
4367 80
4368 202
4369 116
4370 243
4371 207
4373 60
4374 164
4375 4
4376 6
4377 53
4378 6
4380 20
4381 31
4382 82
4384 49
4385 132
4386 49
4387 58
4388 49
4389 207
4390 85
4391 141
4392 228
4394 101
4395 149
4396 46
4397 95
4398 129
4399 17
4402 46
4403 4
4404 169
4405 161
4406 124
4409 119
4410 29
4411 229
4414 67
4415 192
4418 231
4420 11
4421 155
4422 139
4423 202
4425 172
4426 7
4427 231
4428 164
4429 197
4430 1
4431 97
4432 192
4433 161
4434 9
4435 31
4436 242
4437 173
4438 224
4439 38
4440 49
4441 49
4442 97
4444 14
4445 152
4447 225
4448 209
4449 14
4450 49
4452 241
4453 90
4454 144
4455 46
4456 161
4457 149
4458 149
4459 241
4461 59
4462 192
4463 97
4464 56
4465 236
4466 141
4467 74
4468 104
4469 186
4470 38
4471 198
4472 247
4473 6
4475 176
4476 49
4477 247
4478 21
4479 186
4480 149
4481 124
4482 80
4484 195
4485 48
4486 129
4487 129
4488 225
4489 225
4490 6
4491 181
4492 80
4493 48
4494 117
4495 3
4496 164
4498 241
4499 18
4500 133
4501 14
4502 3
4503 132
4504 210
4505 236
4506 86
4507 95
4508 49
4509 20
4510 223
4512 199
4513 133
4514 79
4515 29
4516 197
4517 77
4518 14
4519 164
4520 38
4521 31
4522 119
4523 209
4524 20
4525 192
4526 141
4527 47
4528 173
4529 66
4530 46
4531 49
4532 49
4533 115
4534 80
4536 149
4537 38
4538 20
4539 20
4540 49
4541 172
4542 99
4544 216
4545 197
4546 141
4548 209
4549 29
4550 93
4551 102
4552 14
4553 96
4554 17
4555 80
4558 132
4559 75
4560 233
4561 20
4562 68
4563 104
4566 119
4567 28
4568 65
4569 145
4570 55
4571 83
4572 80
4573 228
4574 94
4575 72
4576 72
4577 36
4578 68
4579 212
4580 72
4582 241
4583 20
4584 29
4585 186
4586 20
4587 224
4588 186
4589 20
4590 20
4591 172
4592 29
4593 110
4594 7
4595 148
4596 153
4597 17
4598 100
4599 207
4600 234
4601 197
4602 195
4603 37
4604 67
4605 7
4606 45
4607 241
4608 225
4609 38
4610 241
4611 182
4612 143
4613 0
4614 20
4615 20
4616 41
4617 197
4618 161
4619 7
4620 201
4621 100
4622 132
4623 3
4624 55
4625 48
4626 200
4627 49
4628 93
4629 77
4630 186
4631 164
4632 100
4633 198
4634 29
4635 212
4636 131
4637 49
4638 149
4640 14
4641 20
4642 149
4643 172
4644 0
4645 99
4646 164
4647 7
4648 225
4649 97
4650 43
4651 124
4652 202
4653 37
4654 147
4655 216
4656 29
4657 20
4658 56
4659 49
4660 80
4661 61
4662 107
4663 229
4664 186
4665 186
4667 125
4668 20
4669 204
4670 229
4671 129
4672 209
4673 209
4674 134
4675 192
4676 100
4677 41
4678 129
4679 149
4680 95
4681 161
4682 225
4683 247
4684 119
4685 29
4686 29
4687 38
4690 241
4691 37
4692 46
4693 79
4694 29
4695 46
4696 169
4697 129
4698 146
4699 20
4702 17
4703 6
4705 94
4706 231
4707 96
4708 231
4709 225
4710 241
4711 49
4712 247
4714 173
4717 48
4718 212
4719 144
4720 220
4721 164
4722 100
4723 212
4724 95
4725 195
4726 48
4727 45
4728 102
4729 80
4730 149
4731 20
4732 200
4733 14
4734 6
4735 49
4736 236
4737 77
4739 67
4740 49
4741 112
4742 6
4743 33
4744 29
4745 192
4746 81
4747 173
4748 225
4749 249
4750 37
4751 80
4752 241
4753 14
4754 20
4755 241
4756 197
4757 9
4758 46
4759 214
4760 38
4761 93
4762 149
4763 119
4764 225
4765 225
4766 20
4767 132
4770 96
4772 225
4773 225
4774 20
4775 225
4776 95
4777 209
4778 53
4779 38
4780 186
4781 241
4782 157
4783 20
4784 209
4785 29
4786 172
4787 192
4789 124
4790 67
4791 53
4792 212
4793 198
4794 49
4795 186
4796 6
4798 231
4799 137
4800 38
4801 45
4802 80
4803 225
4804 203
4805 243
4806 243
4807 229
4808 231
4809 146
4810 154
4811 192
4812 149
4813 231
4814 53
4815 234
4816 160
4817 129
4818 38
4819 247
4820 20
4821 224
4822 3
4823 149
4825 247
4826 49
4827 3
4828 11
4829 29
4830 228
4831 29
4832 100
4833 100
4834 48
4835 228
4836 29
4837 221
4838 0
4839 14
4840 49
4841 44
4842 197
4843 20
4844 104
4845 49
4846 3
4847 225
4848 212
4849 197
4850 137
4851 137
4852 169
4853 212
4854 229
4855 234
4856 243
4857 247
4858 49
4859 129
4860 153
4861 212
4862 29
4863 178
4864 241
4865 209
4866 100
4867 212
4868 36
4869 29
4870 38
4871 209
4872 65
4873 104
4874 3
4875 202
4876 6
4877 209
4878 30
4879 49
4880 164
4881 212
4882 212
4883 49
4884 130
4885 130
4886 225
4887 225
4888 41
4889 29
4890 53
4891 29
4892 218
4893 20
4894 145
4895 3
4896 48
4897 172
4898 11
4899 20
4900 129
4901 119
4902 14
4903 204
4904 212
4905 164
4906 209
4907 49
4908 175
4909 3
4910 162
4911 234
4912 41
4913 231
4914 161
4915 96
4916 137
4917 49
4918 77
4919 80
4920 229
4921 229
4922 161
4923 100
4924 80
4925 38
4926 197
4927 79
4928 100
4929 100
4930 20
4931 49
4932 29
4933 100
4934 20
4935 20
4936 247
4937 145
4938 225
4939 65
4940 186
4941 65
4942 14
4943 225
4944 149
4945 49
4946 49
4947 100
4948 58
4949 29
4950 29
4951 197
4952 6
4953 212
4954 6
4955 11
4956 246
4957 29
4958 184
4959 149
4960 95
4961 225
4962 100
4963 129
4964 100
4965 6
4966 21
4967 20
4968 3
4969 6
4970 49
4971 30
4972 20
4973 20
4974 164
4975 96
4976 124
4977 225
4978 103
4979 27
4980 241
4981 178
4982 100
4983 223
4984 6
4985 6
4986 10
4987 132
4988 55
4989 49
4990 213
4991 49
4992 20
4993 204
4994 53
4995 137
4996 49
4997 49
4998 49
4999 129
5000 29
5001 37
5002 147
5003 231
5004 48
5005 198
5006 100
5007 53
5008 37
5009 20
5010 49
5011 149
5012 231
5013 223
5014 198
5015 225
5016 20
5017 86
5018 129
5019 245
5020 149
5021 20
5022 129
5023 20
5024 49
5025 186
5026 20
5027 20
5028 133
5029 66
5030 149
5031 6
5032 247
5033 3
5034 3
5035 230
5036 126
5037 49
5038 80
5039 186
5040 20
5041 145
5042 3
5043 95
5044 97
5045 46
5046 48
5047 209
5048 225
5049 7
5050 137
5051 209
5052 6
5053 66
5054 192
5055 37
5056 3
5057 37
5058 37
5059 104
5060 49
5061 14
5062 11
5063 14
5064 104
5065 229
5066 234
5067 229
5068 153
5069 29
5070 60
5071 203
5072 243
5073 247
5074 197
5075 212
5076 229
5077 100
5078 229
5079 243
5080 234
5081 45
5082 6
5083 70
5084 228
5085 197
5086 137
5087 224
5088 49
5089 3
5090 30
5091 230
5092 3
5093 37
5094 67
5095 83
5096 143
5097 225
5098 20
5099 49
5100 164
5101 247
5102 225
5103 49
