0 192
1 9
2 77
3 17
4 77
5 193
6 172
7 179
8 124
9 1
10 123
11 4
12 100
13 172
14 197
15 180
16 209
17 234
18 214
19 244
20 211
21 23
22 38
23 30
24 104
25 72
26 178
27 97
28 73
29 210
30 95
31 82
32 88
33 76
34 12
35 10
36 172
37 67
38 194
39 128
40 95
41 42
42 204
43 107
44 206
45 107
46 162
47 117
48 59
49 28
50 85
51 22
52 178
53 10
54 36
55 47
56 198
57 187
58 248
59 113
60 195
61 109
62 208
63 188
64 77
65 44
66 245
67 96
68 47
69 47
70 45
71 146
72 121
73 244
74 244
75 198
76 198
77 7
78 243
79 186
80 164
81 99
82 181
83 131
84 149
85 219
86 122
87 96
88 192
89 239
90 58
91 83
92 234
93 153
94 130
95 154
96 133
97 117
98 74
99 178
100 61
101 242
102 30
103 232
104 117
105 46
106 230
107 210
108 189
109 155
110 15
111 188
112 99
113 243
114 120
115 59
116 19
118 217
119 173
120 5
121 112
122 116
123 5
124 7
125 51
126 1
127 30
128 206
129 100
130 139
131 156
132 231
133 217
134 117
135 76
136 230
137 103
138 30
139 174
140 172
141 99
142 19
143 146
144 49
145 125
146 156
147 73
148 233
149 19
150 8
151 5
152 84
153 142
154 30
155 27
156 24
157 186
158 151
159 107
160 85
161 210
162 240
163 74
164 63
165 20
166 100
167 199
168 193
169 121
170 204
171 160
172 160
173 129
174 213
175 54
176 128
177 147
178 176
179 161
180 29
181 129
182 1
183 193
184 28
185 82
186 224
187 64
188 212
189 205
190 206
191 195
192 45
193 158
194 232
195 245
196 12
197 157
198 107
199 67
200 96
201 225
202 186
203 165
204 3
206 5
207 5
208 47
209 88
210 140
211 39
212 68
213 205
214 230
215 91
216 134
217 65
218 174
219 180
220 146
221 249
222 128
223 12
224 200
225 248
226 85
227 142
228 205
229 215
230 100
231 5
232 47
233 107
234 18
235 68
236 63
237 208
239 154
240 122
241 138
242 33
243 10
244 19
245 228
246 119
247 247
248 68
249 227
250 82
251 112
252 25
253 73
254 93
255 68
256 19
257 70
258 175
259 11
260 17
261 152
262 51
263 234
264 139
265 204
266 122
267 168
268 23
269 94
271 20
272 149
273 13
274 5
275 171
276 171
277 126
278 222
280 116
281 198
282 10
283 2
284 173
285 149
286 152
287 11
288 207
289 36
290 159
291 121
292 186
293 161
294 183
295 142
296 153
297 152
298 35
299 70
300 220
301 45
303 191
304 107
305 68
306 124
307 20
308 178
309 168
310 207
311 210
312 1
313 40
314 204
315 193
316 105
317 133
318 73
319 130
320 42
321 29
322 23
323 20
324 51
325 135
326 122
327 113
328 233
329 133
330 212
331 155
332 209
333 144
334 171
335 20
336 225
337 1
338 234
339 238
340 74
341 210
342 135
343 54
344 222
345 9
346 72
347 47
348 119
349 82
350 241
351 128
352 113
353 176
354 67
355 182
356 51
357 64
358 109
361 38
362 92
363 116
364 99
365 145
366 22
367 159
368 128
369 47
370 244
371 215
372 27
373 135
374 161
375 45
376 105
377 183
378 122
379 162
380 238
381 70
382 91
383 65
384 10
385 29
386 85
387 172
388 157
389 53
391 10
392 79
393 214
394 161
395 161
396 153
397 146
398 94
399 175
400 206
401 128
402 162
403 134
404 210
405 62
406 177
407 210
408 68
409 81
410 38
411 45
412 96
413 146
414 46
415 168
416 118
417 76
418 69
419 172
420 25
421 142
422 111
423 47
424 52
425 227
426 5
427 162
428 175
429 81
430 10
431 62
432 248
433 6
434 203
435 47
436 174
437 110
438 190
439 170
440 45
441 190
443 199
444 135
445 91
446 192
447 66
448 68
449 201
450 91
451 172
452 158
453 119
454 96
455 61
456 116
457 12
458 78
459 197
460 89
461 21
462 59
463 248
464 9
465 137
466 188
467 172
468 58
469 102
470 70
471 183
472 108
473 71
474 112
475 83
476 244
477 191
478 25
479 70
480 198
481 59
482 201
483 167
484 210
485 59
486 59
487 73
488 85
490 48
491 35
492 122
493 126
494 198
495 117
496 71
497 17
498 200
499 29
500 82
501 70
502 133
503 61
504 154
505 213
506 227
507 163
508 202
509 119
510 198
511 149
512 64
513 243
514 133
515 214
516 88
517 5
518 151
519 163
520 86
521 135
522 4
523 134
524 59
525 140
526 210
527 94
528 85
529 82
530 23
531 53
532 81
533 154
534 128
535 231
536 26
537 10
538 201
539 172
540 101
541 245
542 36
543 91
544 19
545 152
546 65
547 198
548 168
549 183
550 46
551 200
552 77
554 244
555 195
556 86
557 56
558 45
559 230
560 36
561 24
562 189
563 195
564 63
565 73
566 184
567 217
568 49
569 171
570 50
571 18
572 2
573 149
574 101
575 188
576 193
577 19
578 37
579 195
580 3
581 97
582 25
583 28
584 57
585 40
586 222
588 244
589 51
590 93
591 173
592 45
593 41
594 62
596 208
597 88
598 52
599 105
600 208
601 91
602 31
603 199
604 25
605 65
606 150
607 100
608 19
609 111
610 244
611 52
612 42
613 163
614 88
615 59
616 119
617 175
618 232
619 36
620 100
621 193
622 100
623 72
624 113
625 61
626 211
627 63
628 82
629 217
630 198
631 83
632 77
633 92
634 235
635 32
636 241
637 176
638 150
639 119
640 210
641 172
642 31
643 76
644 235
645 116
647 100
648 131
649 175
650 105
651 239
652 47
653 172
654 40
655 121
656 213
657 247
658 100
659 135
660 146
661 162
662 25
663 117
664 178
665 75
666 100
667 68
668 31
669 249
670 246
671 58
672 144
673 169
674 191
675 23
676 199
677 0
678 33
679 42
680 107
681 77
682 71
683 8
684 212
685 205
686 39
688 51
689 38
690 12
691 38
692 178
693 111
694 101
695 229
696 61
697 158
698 195
699 52
700 198
701 12
702 109
703 59
704 5
705 190
706 171
707 210
708 205
709 36
710 133
711 213
712 206
713 86
714 48
715 116
716 116
717 122
718 192
719 1
720 19
721 198
722 162
723 248
724 93
725 226
726 105
727 184
728 135
729 38
730 10
731 214
732 46
733 52
734 161
735 160
736 38
737 225
738 69
739 52
740 29
741 124
742 69
743 69
744 168
745 214
746 126
747 91
748 173
749 74
750 111
751 163
752 186
753 110
754 119
755 198
756 58
757 175
758 112
759 179
760 40
761 227
763 87
764 172
765 208
766 161
767 122
768 62
769 188
770 174
771 155
772 103
773 59
774 58
775 5
776 82
777 19
778 122
779 93
780 158
781 134
782 65
783 10
784 77
785 148
786 119
787 188
788 74
789 134
790 8
791 52
792 192
793 152
794 200
795 47
796 238
797 27
798 178
799 72
800 144
801 200
802 44
803 130
804 70
805 245
806 36
807 159
808 121
809 51
810 211
811 65
812 53
813 68
814 243
815 244
816 29
817 117
818 238
819 40
820 128
821 249
822 147
823 213
824 125
825 183
827 45
828 45
829 74
831 73
832 199
833 119
834 58
835 61
836 74
837 44
838 117
839 83
840 51
841 200
842 237
843 115
844 119
845 191
846 10
847 26
848 100
849 162
850 219
851 125
852 224
853 106
854 195
855 156
856 224
857 96
858 180
859 213
860 54
861 117
862 63
863 195
864 51
865 130
866 84
867 120
868 25
869 115
870 72
871 161
872 112
873 157
874 144
875 68
876 110
877 53
878 70
879 55
880 248
881 173
882 207
883 128
884 172
885 199
886 15
887 186
888 65
889 24
890 105
891 195
892 82
893 5
894 86
895 210
896 121
897 122
899 121
900 100
901 234
902 56
903 121
904 135
905 5
906 131
907 156
908 162
910 192
911 218
913 211
914 121
915 200
916 198
917 6
918 91
919 104
920 168
921 25
922 19
923 59
924 133
925 41
926 1
927 133
928 75
930 151
931 200
932 232
933 24
934 204
935 23
936 169
937 48
938 117
939 208
940 192
941 217
942 31
943 49
944 120
945 37
946 101
947 21
948 65
949 168
950 3
951 121
952 107
953 234
954 201
955 142
956 165
957 174
958 202
959 102
960 209
961 62
962 82
963 139
964 6
965 39
966 238
967 175
968 77
969 149
970 28
971 77
972 46
973 159
974 105
975 139
976 16
977 122
978 91
980 166
981 139
982 246
983 53
984 226
985 105
986 147
987 214
988 3
989 195
990 112
991 70
992 112
993 25
994 61
995 30
996 119
997 12
998 111
999 133
1000 191
1001 168
1002 80
1003 211
1004 99
1005 163
1006 37
1007 243
1008 166
1010 204
1011 29
1012 73
1013 17
1014 245
1015 165
1016 150
1017 139
1018 102
1019 182
1020 206
1021 119
1022 77
1023 237
1024 85
1025 178
1026 72
1027 116
1028 170
1029 225
1030 154
1031 58
1032 135
1033 99
1034 128
1035 14
1036 163
1037 40
1038 115
1039 20
1040 75
1041 184
1042 99
1043 69
1044 1
1045 224
1046 110
1047 107
1048 188
1049 77
1050 177
1052 117
1053 227
1055 191
1056 244
1058 40
1059 43
1060 6
1061 249
1062 7
1063 157
1064 79
1065 69
1066 205
1067 173
1068 124
1069 119
1070 204
1071 2
1072 98
1073 139
1074 19
1075 50
1076 142
1077 176
1078 211
1079 24
1080 90
1081 8
1082 245
1083 206
1084 205
1085 129
1086 72
1087 97
1088 178
1089 158
1091 74
1092 105
1093 30
1094 157
1095 218
1096 224
1097 26
1098 19
1099 217
1100 193
1101 110
1102 208
1103 195
1104 42
1105 248
1106 221
1107 207
1108 149
1109 121
1110 233
1111 224
1112 73
1113 96
1114 97
1115 198
1116 18
1117 224
1118 151
1119 192
1120 158
1121 248
1122 2
1123 8
1124 75
1125 99
1126 113
1127 59
1128 227
1129 200
1130 222
1131 225
1132 28
1133 1
1134 53
1135 178
1136 1
1137 25
1138 119
1139 163
1140 224
1142 208
1143 170
1144 23
1145 73
1146 162
1147 47
1148 159
1149 154
1150 37
1151 10
1152 3
1153 111
1154 70
1155 159
1156 46
1157 8
1158 161
1159 178
1160 40
1161 232
1162 245
1164 1
1165 5
1166 216
1167 149
1168 74
1169 124
1170 112
1171 228
1172 163
1173 1
1174 205
1175 46
1177 232
1178 142
1179 133
1180 40
1181 168
1182 186
1183 197
1184 92
1185 114
1186 249
1187 174
1188 19
1189 140
1190 43
1191 149
1192 40
1193 247
1194 12
1195 197
1197 173
1198 199
1199 65
1200 159
1201 225
1202 238
1203 7
1204 183
1205 46
1206 214
1207 233
1208 121
1209 225
1210 182
1211 118
1212 208
1213 119
1214 115
1215 234
1216 3
1217 84
1218 50
1219 70
1220 40
1221 183
1222 138
1223 35
1224 197
1225 105
1226 110
1227 63
1228 49
1229 52
1230 191
1231 183
1232 45
1233 93
1234 59
1235 115
1236 234
1237 100
1238 62
1239 208
1240 74
1241 104
1242 190
1243 59
1244 1
1245 18
1246 213
1247 35
1248 73
1249 118
1250 38
1251 68
1252 53
1253 68
1254 132
1255 214
1256 179
1257 205
1258 48
1259 95
1260 210
1261 20
1262 241
1263 69
1264 48
1265 231
1267 227
1268 69
1269 197
1270 231
1271 50
1272 38
1273 68
1274 69
1275 45
1277 122
1278 121
1279 222
1280 143
1281 113
1282 65
1283 150
1284 135
1285 100
1286 77
1287 10
1288 29
1289 151
1290 12
1291 40
1292 109
1293 163
1294 39
1295 109
1296 2
1297 69
1298 122
1299 214
1300 82
1301 25
1302 197
1303 211
1304 163
1305 245
1306 117
1307 120
1308 198
1309 115
1310 64
1311 18
1312 12
1313 40
1314 111
1315 100
1316 121
1317 89
1318 1
1319 1
1320 94
1321 17
1322 243
1323 232
1324 168
1325 161
1326 66
1327 72
1328 227
1329 109
1330 45
1331 121
1332 233
1333 77
1334 189
1335 89
1336 186
1338 191
1339 195
1340 12
1341 37
1342 121
1343 119
1344 10
1345 197
1346 40
1347 50
1348 68
1349 128
1350 109
1351 17
1352 30
1354 241
1355 226
1356 153
1357 40
1359 74
1360 142
1361 65
1362 183
1363 102
1364 14
1365 186
1366 217
1367 217
1368 36
1369 34
1370 154
1371 161
1372 233
1373 38
1374 20
1376 126
1377 210
1378 184
1379 42
1380 210
1381 59
1382 96
1383 121
1384 142
1385 7
1386 94
1387 172
1388 161
1389 139
1390 29
1391 72
1392 87
1393 59
1394 119
1395 84
1396 200
1397 32
1398 68
1399 65
1400 241
1401 20
1402 31
1403 161
1404 177
1405 45
1406 99
1407 233
1408 94
1409 134
1410 15
1411 213
1412 3
1413 213
1414 216
1415 48
1416 135
1417 226
1419 12
1420 68
1421 116
1422 202
1423 112
1424 208
1425 110
1426 5
1427 225
1428 100
1429 99
1430 152
1431 213
1432 113
1433 168
1434 25
1436 133
1437 2
1438 172
1439 169
1440 234
1441 93
1442 161
1443 162
1444 154
1445 111
1446 52
1447 224
1448 162
1449 156
1450 199
1451 31
1453 133
1454 199
1455 170
1456 59
1457 188
1458 97
1459 191
1460 90
1461 130
1462 95
1463 206
1464 209
1465 164
1466 76
1467 128
1468 77
1469 178
1470 92
1471 142
1472 61
1473 4
1474 206
1475 63
1476 234
1477 79
1478 88
1479 168
1480 70
1481 27
1482 135
1483 48
1484 65
1485 52
1486 2
1487 112
1488 174
1489 91
1490 222
1491 239
1492 105
1493 122
1494 97
1495 100
1496 36
1497 48
1498 70
1499 112
1500 168
1501 233
1502 55
1503 40
1504 99
1505 152
1506 136
1507 77
1508 188
1509 198
1510 47
1511 223
1512 232
1513 75
1514 69
1515 129
1516 81
1517 184
1518 235
1519 172
1520 56
1522 7
1524 89
1525 59
1526 36
1528 70
1529 161
1530 244
1531 30
1532 161
1533 36
1534 168
1535 29
1536 2
1537 82
1538 6
1540 40
1542 121
1543 148
1544 8
1545 29
1546 37
1547 85
1548 163
1550 61
1551 116
1552 17
1553 121
1554 210
1555 63
1556 214
1557 232
1558 184
1559 115
1560 102
1561 163
1562 47
1563 225
1564 214
1565 100
1566 36
1567 36
1568 147
1569 53
1570 15
1571 42
1572 105
1573 110
1574 102
1575 27
1576 77
1577 153
1578 207
1579 150
1580 214
1581 187
1582 188
1583 244
1584 58
1585 105
1586 159
1587 55
1588 213
1589 36
1590 116
1591 105
1592 177
1593 175
1594 68
1595 183
1596 74
1597 65
1598 188
1599 3
1600 87
1601 85
1602 171
1603 37
1604 32
1605 68
1606 45
1607 77
1608 92
1609 244
1610 116
1612 162
1613 72
1614 225
1615 35
1616 205
1617 214
1618 77
1619 68
1620 70
1621 68
1622 182
1623 127
1624 19
1625 142
1626 158
1627 17
1628 20
1629 162
1630 161
1631 188
1632 210
1633 19
1634 210
1635 105
1636 37
1637 20
1638 25
1639 214
1640 188
1641 16
1642 163
1643 19
1644 163
1645 42
1646 213
1647 172
1648 208
1649 65
1650 200
1651 37
1652 157
1653 173
1654 65
1655 92
1656 7
1657 130
1658 153
1659 193
1660 210
1661 111
1662 77
1663 20
1664 31
1665 197
1666 177
1667 5
1668 119
1669 49
1670 222
1671 168
1672 218
1673 36
1674 210
1675 121
1676 25
1677 77
1678 228
1679 109
1680 248
1681 106
1682 204
1684 82
1685 117
1686 92
1687 96
1688 227
1689 187
1690 126
1691 51
1692 105
1693 168
1694 64
1695 117
1697 1
1698 109
1699 37
1700 214
1701 42
1702 214
1703 65
1704 77
1705 29
1706 121
1707 186
1708 168
1709 133
1711 30
1712 31
1713 154
1714 146
1715 161
1716 3
1717 208
1718 106
1719 102
1720 94
1721 82
1722 25
1723 214
1724 19
1725 157
1726 30
1727 149
1728 84
1729 161
1730 26
1732 146
1733 139
1734 73
1735 47
1736 64
1737 232
1738 161
1739 163
1740 112
1741 207
1743 40
1744 183
1745 173
1746 3
1747 82
1748 37
1750 150
1751 52
1753 107
1754 17
1755 214
1756 77
1757 126
1758 100
1759 64
1760 149
1761 31
1762 107
1763 133
1764 58
1765 27
1766 78
1767 196
1768 173
1769 198
1770 59
1771 14
1772 248
1773 172
1774 5
1775 205
1776 73
1777 243
1778 197
1779 168
1780 59
1781 238
1782 2
1783 172
1784 116
1785 115
1786 61
1788 195
1789 82
1790 10
1792 38
1793 82
1794 214
1795 72
1796 105
1797 31
1798 61
1799 139
1800 147
1802 214
1803 208
1804 82
1805 244
1806 32
1808 210
1809 118
1810 19
1811 77
1812 65
1813 112
1814 74
1815 234
1816 99
1817 168
1818 156
1819 190
1820 73
1821 210
1822 64
1823 198
1824 8
1825 113
1826 208
1827 2
1828 19
1829 25
1830 65
1831 176
1832 213
1833 109
1834 208
1835 40
1837 199
1838 168
1840 37
1841 227
1842 162
1843 119
1844 139
1845 59
1847 94
1848 163
1849 197
1850 139
1851 178
1852 222
1853 117
1854 197
1855 82
1856 101
1857 19
1858 112
1862 198
1863 70
1864 3
1865 156
1866 199
1867 89
1868 116
1869 19
1870 163
1871 129
1872 232
1873 199
1874 163
1875 181
1876 68
1877 119
1878 85
1879 109
1880 129
1881 126
1882 68
1884 82
1885 210
1886 115
1887 175
1888 61
1889 11
1890 119
1891 130
1892 23
1893 239
1894 19
1895 30
1896 183
1897 232
1898 5
1899 10
1900 116
1901 152
1902 31
1904 234
1906 109
1907 10
1908 210
1909 210
1910 233
1911 198
1912 197
1913 219
1914 99
1915 30
1916 210
1917 37
1918 168
1919 38
1921 25
1922 244
1923 99
1924 29
1925 128
1926 31
1928 213
1929 198
1930 197
1931 150
1932 105
1933 59
1934 99
1936 47
1937 107
1938 232
1939 99
1940 4
1941 61
1942 129
1943 48
1944 80
1946 2
1947 128
1948 121
1949 149
1950 156
1951 244
1952 188
1953 16
1955 1
1956 96
1957 163
1958 214
1959 132
1960 195
1962 53
1963 99
1964 105
1965 213
1966 227
1967 244
1968 105
1969 97
1970 149
1971 210
1972 138
1973 144
1974 232
1975 26
1976 68
1977 115
1978 65
1979 54
1980 159
1981 200
1982 7
1983 39
1984 80
1985 198
1986 77
1987 107
1988 183
1989 168
1990 197
1991 128
1992 1
1993 162
1994 132
1995 163
1996 20
1997 3
1998 117
1999 65
2000 2
2001 5
2002 188
2003 3
2004 168
2005 109
2006 142
2007 156
2008 117
2009 5
2010 188
2011 130
2012 6
2013 65
2014 244
2015 73
2016 219
2017 214
2019 96
2020 1
2021 23
2022 52
2023 116
2024 32
2025 233
2026 113
2027 72
2028 188
2029 105
2030 26
2031 111
2032 1
2033 31
2034 65
2035 51
2036 133
2037 105
2038 168
2039 213
2040 77
2041 202
2042 31
2043 197
2044 126
2045 172
2046 191
2047 211
2048 37
2049 244
2050 232
2051 112
2052 32
2053 52
2054 5
2055 156
2056 117
2057 5
2058 161
2059 155
2060 135
2061 121
2062 224
2063 188
2064 105
2065 207
2066 105
2067 157
2068 109
2071 200
2072 37
2073 3
2074 133
2075 40
2076 59
2077 25
2078 35
2079 19
2080 126
2081 173
2082 113
2083 232
2084 183
2085 156
2086 163
2087 121
2088 119
2089 213
2090 234
2091 48
2092 136
2093 88
2094 105
2095 238
2096 205
2097 19
2098 18
2099 5
2100 241
2101 161
2102 244
2103 44
2104 105
2105 42
2106 65
2107 107
2108 51
2109 48
2110 1
2111 210
2112 3
2113 173
2114 3
2115 121
2116 154
2117 210
2118 163
2119 57
2121 142
2122 113
2123 202
2124 37
2125 133
2126 217
2127 47
2128 153
2129 92
2130 198
2131 210
2132 116
2133 206
2134 85
2135 193
2136 193
2137 165
2139 12
2140 172
2141 168
2142 111
2143 59
2144 126
2145 59
2146 73
2147 186
2148 140
2149 198
2150 45
2151 59
2152 29
2153 139
2154 116
2155 70
2156 25
2157 25
2158 164
2159 48
2161 36
2162 106
2163 34
2164 105
2165 105
2166 36
2167 119
2168 159
2169 111
2170 175
2171 202
2172 210
2173 8
2174 174
2175 3
2176 214
2178 126
2179 81
2180 201
2181 188
2182 65
2183 77
2184 77
2185 47
2186 198
2187 205
2188 19
2189 234
2190 115
2191 173
2192 184
2193 122
2194 230
2195 85
2196 65
2197 59
2198 65
2199 68
2200 105
2202 48
2203 65
2204 51
2205 230
2206 100
2207 6
2208 68
2210 33
2211 58
2212 147
2213 197
2214 57
2216 214
2217 147
2218 80
2219 163
2220 85
2221 210
2222 23
2223 1
2224 179
2226 198
2227 1
2228 161
2229 74
2231 244
2232 3
2233 83
2234 11
2235 249
2236 77
2237 81
2239 217
2240 48
2241 175
2242 105
2243 199
2244 65
2245 5
2246 35
2247 210
2248 70
2249 213
2250 210
2251 29
2252 192
2253 238
2255 59
2256 191
2257 106
2258 40
2259 62
2260 74
2261 40
2262 228
2263 96
2265 47
2266 77
2267 163
2268 45
2269 53
2270 27
2271 69
2272 208
2273 1
2274 61
2275 175
2276 12
2277 141
2278 100
2279 198
2280 217
2281 154
2282 61
2283 133
2284 105
2285 178
2286 92
2287 133
2288 205
2289 32
2290 163
2291 210
2292 244
2293 68
2294 205
2295 168
2296 65
2297 133
2298 65
2299 236
2300 149
2301 77
2302 61
2303 31
2304 211
2305 77
2306 61
2307 40
2308 94
2309 219
2310 161
2311 227
2312 197
2314 48
2315 168
2316 153
2317 170
2318 68
2319 65
2320 197
2321 214
2322 199
2323 116
2324 139
2325 105
2327 233
2329 225
2330 199
2331 201
2332 122
2333 65
2334 105
2335 29
2336 169
2337 86
2338 40
2339 197
2340 149
2341 163
2342 133
2343 150
2344 244
2345 61
2346 69
2347 59
2349 214
2350 59
2351 61
2353 69
2354 154
2355 63
2356 99
2357 89
2358 217
2359 154
2360 168
2361 27
2362 49
2363 4
2364 165
2365 68
2366 214
2367 107
2368 244
2369 4
2370 165
2371 238
2372 159
2373 61
2374 80
2375 105
2376 35
2377 197
2378 68
2379 47
2381 8
2382 213
2383 157
2385 217
2386 214
2387 122
2388 77
2389 23
2390 53
2391 105
2392 118
2393 133
2394 210
2395 210
2396 65
2397 77
2398 142
2399 210
2400 53
2401 74
2402 58
2403 105
2404 128
2405 214
2406 37
2407 7
2408 162
2409 72
2410 58
2411 105
2412 35
2413 210
2414 126
2415 7
2416 168
2418 119
2419 214
2420 105
2421 63
2422 107
2424 65
2425 150
2426 65
2427 211
2428 48
2429 234
2430 145
2431 121
2432 214
2433 122
2434 5
2435 128
2436 213
2437 210
2438 46
2440 26
2441 35
2442 26
2443 163
2444 213
2445 26
2446 43
2448 105
2449 73
2450 35
2451 52
2452 105
2455 77
2456 197
2457 236
2458 121
2459 232
2460 23
2461 48
2462 178
2463 161
2464 199
2466 197
2467 199
2468 31
2470 105
2471 126
2472 59
2473 211
2474 217
2475 213
2476 105
2477 210
2478 169
2479 29
2480 197
2481 213
2482 86
2483 149
2484 225
2485 24
2486 135
2487 40
2488 191
2489 232
2490 109
2491 105
2492 59
2493 24
2494 78
2495 47
2496 14
2497 214
2498 202
2499 213
2501 82
2502 52
2503 214
2504 65
2505 102
2506 129
2507 182
2508 176
2509 65
2510 195
2511 197
2512 92
2513 139
2514 168
2515 210
2516 163
2517 149
2518 119
2519 61
2520 31
2521 29
2522 171
2523 59
2524 224
2525 186
2526 1
2527 58
2528 227
2529 122
2531 233
2533 112
2534 143
2535 168
2536 155
2537 172
2538 77
2539 161
2540 1
2541 155
2542 126
2543 65
2545 234
2547 202
2548 173
2549 48
2550 226
2551 122
2552 93
2553 109
2555 47
2556 37
2557 149
2558 243
2559 213
2560 51
2561 122
2562 59
2563 234
2564 210
2565 73
2566 37
2567 106
2568 3
2569 83
2570 85
2571 37
2572 172
2574 24
2575 113
2576 89
2577 188
2578 219
2579 188
2580 168
2581 149
2582 214
2583 238
2584 68
2585 40
2586 116
2587 19
2588 77
2589 219
2590 50
2591 68
2592 68
2594 59
2595 29
2596 61
2597 198
2598 230
2599 142
2601 25
2602 37
2603 197
2604 121
2605 238
2606 165
2607 61
2608 213
2609 29
2610 38
2611 214
2612 153
2614 56
2615 7
2616 37
2617 58
2618 161
2619 19
2620 147
2621 16
2622 199
2623 232
2624 198
2625 77
2626 36
2627 27
2628 52
2631 58
2632 129
2633 115
2634 178
2635 198
2636 201
2637 2
2638 68
2639 49
2640 44
2641 105
2642 37
2643 48
2644 235
2645 1
2646 20
2647 197
2648 157
2650 53
2651 37
2652 15
2653 247
2654 27
2655 214
2656 105
2657 52
2658 199
2660 213
2661 58
2662 121
2663 65
2664 173
2665 105
2666 150
2667 38
2668 210
2669 77
2670 51
2671 1
2672 58
2673 165
2674 77
2676 92
2677 210
2678 82
2679 168
2680 168
2681 27
2682 122
2683 163
2684 27
2685 149
2686 103
2687 244
2688 219
2689 78
2690 77
2691 61
2692 69
2693 147
2694 1
2695 47
2697 72
2698 39
2700 105
2701 31
2702 53
2703 47
2704 202
2705 3
2706 65
2707 210
2709 244
2710 244
2711 152
2714 61
2715 52
2716 217
2717 122
2718 168
2719 58
2720 168
2721 107
2722 6
2723 126
2724 163
2725 49
2726 222
2727 116
2728 15
2729 97
2731 86
2732 64
2733 191
2735 116
2736 217
2737 70
2738 29
2739 64
2740 133
2741 245
2742 61
2743 176
2744 37
2745 40
2746 61
2747 68
2748 16
2749 152
2750 106
2751 70
2752 239
2753 58
2755 129
2756 59
2757 105
2758 118
2759 197
2760 233
2761 213
2762 40
2763 35
2764 102
2765 41
2768 162
2769 47
2770 199
2771 65
2772 153
2773 82
2774 105
2775 26
2776 65
2777 48
2778 95
2779 227
2780 37
2781 233
2782 37
2783 26
2785 191
2786 117
2787 162
2788 77
2789 50
2790 58
2791 68
2792 29
2793 1
2794 155
2795 155
2796 109
2798 68
2799 161
2800 213
2801 32
2802 175
2803 183
2804 154
2805 1
2806 61
2807 58
2809 68
2811 35
2812 243
2813 214
2815 65
2816 176
2817 48
2818 155
2819 27
2820 37
2821 105
2822 188
2823 210
2825 100
2826 37
2827 101
2828 220
2829 210
2830 1
2831 23
2832 116
2833 214
2834 122
2835 116
2836 149
2838 19
2839 105
2840 126
2841 105
2842 210
2843 213
2844 95
2845 105
2846 37
2847 188
2848 81
2849 172
2850 77
2851 91
2852 105
2853 197
2854 165
2855 213
2856 214
2857 65
2858 47
2859 232
2860 214
2861 113
2862 38
2863 7
2864 157
2865 58
2866 139
2867 149
2868 29
2869 244
2870 171
2871 91
2872 5
2873 3
2874 5
2875 124
2876 105
2877 105
2878 7
2879 161
2880 29
2881 105
2882 202
2883 233
2884 72
2885 19
2886 68
2887 68
2888 31
2889 113
2890 35
2891 37
2892 244
2893 3
2894 43
2895 63
2896 140
2897 69
2898 122
2899 214
2900 47
2902 132
2904 61
2905 105
2906 147
2907 197
2908 191
2909 17
2910 105
2911 168
2912 142
2913 217
2914 149
2915 65
2916 219
2917 25
2918 111
2920 233
2921 198
2922 11
2923 91
2925 37
2926 232
2927 77
2928 26
2929 65
2930 37
2931 105
2932 198
2933 29
2934 72
2936 121
2937 232
2938 72
2939 68
2940 74
2941 73
2942 153
2943 7
2944 77
2945 159
2946 183
2947 211
2948 198
2949 163
2950 40
2951 105
2952 32
2953 113
2954 111
2955 68
2956 40
2957 135
2959 219
2960 37
2961 199
2962 77
2963 1
2964 244
2965 37
2967 65
2968 45
2969 183
2970 245
2971 165
2972 105
2973 122
2974 219
2975 145
2976 201
2978 37
2979 128
2980 38
2981 35
2983 214
2984 105
2985 161
2986 63
2987 116
2988 210
2989 172
2990 202
2991 220
2992 183
2993 147
2994 201
2995 113
2996 100
2997 68
2998 232
2999 61
3000 244
3001 163
3002 51
3003 59
3004 157
3005 93
3006 37
3007 113
3008 210
3009 78
3010 37
3011 51
3012 168
3013 67
3014 197
3015 109
3016 155
3017 64
3018 162
3019 65
3020 126
3021 229
3022 163
3023 93
3024 113
3025 174
3026 40
3027 13
3028 154
3029 70
3030 56
3031 199
3032 73
3033 126
3034 58
3035 29
3036 77
3037 213
3038 157
3039 174
3040 210
3041 99
3042 48
3043 178
3044 29
3045 161
3046 82
3047 213
3048 113
3049 212
3050 128
3051 146
3052 19
3053 26
3054 35
3055 171
3056 198
3057 156
3058 238
3059 118
3060 210
3061 135
3062 244
3063 105
3064 168
3065 175
3066 27
3067 61
3068 19
3069 115
3070 238
3071 188
3072 165
3073 168
3074 58
3075 65
3076 109
3077 154
3078 168
3079 217
3080 118
3081 60
3082 133
3083 219
3084 105
3085 149
3086 72
3087 230
3088 37
3089 65
3090 65
3091 72
3092 88
3093 219
3094 219
3095 211
3096 17
3097 202
3098 113
3099 219
3100 23
3101 117
3102 121
3103 147
3104 163
3105 15
3106 165
3107 147
3108 37
3109 37
3110 121
3111 51
3112 59
3113 68
3114 244
3115 244
3116 244
3117 149
3118 52
3119 200
3120 162
3121 31
3122 105
3123 112
3124 19
3125 65
3126 40
3127 77
3128 226
3129 116
3130 214
3131 22
3132 92
3133 161
3134 161
3135 233
3136 52
3137 69
3138 58
3139 37
3140 45
3141 119
3142 201
3143 201
3144 162
3145 109
3146 58
3147 200
3148 3
3149 3
3150 214
3151 214
3152 157
3153 165
3154 165
3155 26
3156 115
3157 197
3158 113
3159 105
3160 217
3161 121
3162 37
3163 134
3164 198
3165 240
3166 24
3167 197
3168 105
3169 185
3170 77
3171 214
3172 233
3173 128
3174 63
3175 239
3176 118
3177 175
3178 197
3179 213
3180 20
3181 197
3182 58
3183 162
3184 37
3185 137
3186 103
3187 61
3188 168
3189 168
3190 68
3191 1
3192 217
3193 150
3194 119
3195 48
3196 4
3197 163
3198 26
3199 1
3200 73
3201 65
3202 63
3203 233
3204 168
3205 5
3206 58
3207 3
3208 105
3209 37
3210 45
3211 152
3212 30
3213 113
3214 63
3215 210
3216 73
3217 65
3218 1
3219 211
3220 197
3221 199
3222 213
3223 69
3224 3
3225 113
3226 149
3227 103
3228 40
3229 122
3230 105
3231 128
3232 175
3233 75
3234 59
3235 57
3236 10
3237 93
3238 119
3239 59
3240 139
3241 40
3242 233
3243 36
3244 59
3245 175
