0 121
1 218
2 117
3 9
4 249
6 121
7 40
8 106
9 97
10 109
11 186
12 71
13 233
14 176
15 164
16 145
17 130
18 101
19 5
20 85
21 250
22 182
23 198
24 184
25 101
26 165
27 91
28 6
30 195
31 39
32 99
33 215
34 37
35 93
36 15
37 108
38 50
40 249
41 141
42 146
43 244
44 215
45 235
46 33
47 122
49 73
50 135
51 158
52 53
53 249
54 130
55 101
57 19
58 138
60 238
61 88
62 244
64 131
65 189
66 85
67 10
68 175
69 167
70 120
71 192
75 44
76 71
77 220
78 68
79 64
80 13
81 63
83 204
84 166
85 56
86 7
87 126
88 82
89 122
90 103
91 63
92 225
93 21
94 88
95 34
96 116
97 5
98 171
99 37
101 240
102 87
104 165
105 172
106 53
107 17
108 117
109 69
110 212
111 62
112 26
113 132
114 36
115 129
116 119
118 157
119 247
120 7
122 76
123 218
124 157
125 166
126 72
127 44
128 113
129 235
130 166
131 62
132 98
133 218
135 155
136 42
137 74
138 132
139 159
140 142
141 123
142 174
143 169
144 5
145 155
146 120
147 53
148 18
149 242
150 27
151 200
152 197
153 177
154 207
155 230
156 6
157 150
158 99
159 119
160 107
161 121
162 93
163 87
164 64
165 174
166 72
167 48
168 178
169 5
170 15
171 21
172 183
173 15
174 184
175 179
176 86
177 122
178 182
179 62
180 166
181 219
182 129
183 60
184 157
185 217
186 85
187 230
188 173
189 64
190 220
191 135
192 24
193 15
194 77
195 191
196 183
198 52
199 194
200 174
201 120
202 206
203 165
204 4
206 60
207 11
209 12
210 191
211 166
212 6
213 172
214 207
215 221
216 207
218 46
219 127
220 82
221 94
222 244
223 46
224 233
225 33
226 208
227 6
228 24
229 115
230 239
231 97
233 218
234 26
235 186
236 247
237 5
239 131
240 168
241 41
242 96
243 184
244 11
245 183
246 163
247 4
248 229
249 166
250 132
251 87
252 88
253 202
254 140
256 71
257 39
258 88
259 46
260 16
263 28
264 194
265 53
266 140
267 35
268 9
269 97
271 72
272 42
273 137
274 31
275 128
276 119
277 75
278 96
280 156
281 177
282 33
283 244
284 182
286 47
287 86
288 12
289 58
290 74
292 38
293 53
294 1
295 98
296 123
297 164
299 230
300 12
301 236
303 197
304 41
305 64
306 205
307 133
308 203
309 157
310 231
312 60
313 62
314 165
315 177
317 4
318 149
319 112
320 99
321 34
322 235
323 120
324 180
325 127
326 111
327 39
328 175
330 143
331 233
332 139
333 215
334 231
335 83
336 16
337 12
338 39
340 197
342 8
343 144
344 170
345 177
346 28
347 115
348 155
349 89
350 164
351 244
352 48
353 77
354 41
355 118
356 94
357 215
358 74
361 43
362 213
363 238
364 95
365 87
366 137
367 230
368 142
369 121
370 79
371 203
373 40
375 145
377 72
378 116
379 172
380 147
381 73
382 156
383 15
384 59
385 103
386 174
387 154
389 71
391 11
392 8
393 242
394 131
395 166
396 242
397 17
398 115
400 182
401 134
402 85
403 108
404 218
405 36
406 87
408 49
409 99
410 5
411 209
412 200
413 28
414 202
415 17
416 182
417 116
418 237
419 121
420 81
421 170
422 73
423 17
424 108
425 229
426 238
427 49
428 43
429 203
430 60
431 91
432 169
433 83
434 128
435 163
436 73
437 24
438 64
439 196
440 26
441 225
444 107
445 62
446 142
447 46
448 214
449 131
451 185
452 173
453 187
454 9
455 98
456 148
457 163
458 45
459 48
460 243
461 103
462 218
463 64
464 94
465 121
466 229
467 24
469 133
470 6
471 68
472 197
473 151
474 230
475 58
477 37
478 99
479 235
480 231
481 167
483 228
484 218
485 73
486 56
487 43
488 184
490 133
492 76
493 9
496 212
497 244
498 30
499 30
500 33
501 5
502 29
503 165
504 30
505 129
507 74
508 71
509 199
510 218
511 41
512 217
513 132
514 166
516 87
517 17
518 15
520 230
521 24
522 176
523 78
524 229
525 232
527 87
528 155
529 8
530 203
531 233
532 17
533 103
534 169
535 72
536 46
537 177
538 56
539 149
540 146
541 54
542 67
543 171
544 139
545 107
547 250
548 218
549 49
550 79
551 86
552 203
554 176
555 126
556 97
557 48
558 198
559 161
560 228
561 100
562 146
563 77
564 186
565 0
566 111
567 157
568 161
569 155
570 194
571 46
572 185
573 67
574 98
575 152
576 130
577 42
578 3
579 25
580 244
581 181
582 89
583 210
584 136
585 135
586 206
588 182
589 86
590 210
591 125
592 225
593 8
594 169
596 26
597 47
600 168
601 113
602 87
604 106
606 206
607 52
608 28
609 39
610 230
611 37
612 24
614 165
615 237
616 189
617 33
619 82
620 86
621 37
622 2
623 219
625 100
626 224
627 75
628 30
629 98
630 49
631 8
632 115
633 87
634 161
635 83
636 109
637 179
638 123
639 122
640 68
641 199
642 73
643 186
644 212
645 48
647 26
648 143
649 85
650 41
651 87
652 23
653 40
654 85
655 180
656 27
657 127
658 187
659 135
660 178
661 88
663 192
664 50
665 147
666 162
668 122
669 163
670 111
671 72
672 16
673 122
674 208
675 53
677 92
678 201
679 60
680 216
681 117
682 5
683 36
684 141
685 33
686 74
688 62
689 94
690 34
691 199
692 26
693 19
694 166
695 226
696 177
697 230
698 101
699 76
700 30
701 198
704 242
705 120
706 132
708 117
709 68
710 115
712 165
713 129
714 154
715 27
716 52
717 15
718 222
719 122
720 47
721 168
722 24
723 25
724 106
725 184
726 194
727 156
728 64
729 73
730 169
732 56
733 141
734 189
736 211
738 86
739 170
740 27
741 109
742 186
743 73
744 94
745 73
747 9
748 44
749 182
750 197
751 4
752 150
753 71
754 41
755 200
756 194
757 147
758 39
759 2
760 163
761 101
763 58
764 190
765 184
766 17
767 227
768 164
770 65
771 64
772 111
775 157
776 214
778 126
779 25
780 122
781 197
782 186
783 22
784 58
785 111
786 33
787 28
788 122
789 210
790 112
791 228
792 4
793 71
794 129
795 145
796 235
798 24
800 130
801 250
802 165
803 204
804 122
805 199
806 132
807 30
808 5
810 218
812 227
813 11
814 112
815 10
816 131
817 40
818 125
819 43
820 221
822 146
823 30
824 217
827 15
828 96
829 52
831 163
833 69
834 166
835 43
836 183
837 232
838 27
839 44
840 71
841 113
842 212
843 197
844 122
845 26
846 140
847 149
848 15
849 9
850 82
851 184
852 54
853 1
854 106
855 194
856 122
857 230
858 137
859 147
860 19
861 24
862 145
863 91
864 149
865 229
866 50
867 109
868 38
869 130
870 237
871 132
872 236
873 171
874 169
875 81
876 244
877 52
878 9
879 9
880 155
881 239
882 211
884 160
885 20
886 199
887 87
888 186
889 197
891 202
892 5
893 203
894 215
895 133
896 33
897 179
899 39
900 103
901 216
902 93
903 5
904 139
906 8
907 226
908 186
910 123
911 60
913 21
914 235
915 194
916 166
917 1
918 29
919 88
921 38
922 238
923 32
925 84
927 178
928 241
930 197
931 171
932 180
933 205
934 53
935 8
936 19
937 201
938 122
939 79
940 146
941 49
942 13
943 149
944 204
945 68
946 73
947 243
948 102
950 110
951 30
952 240
953 153
955 166
956 235
957 108
958 242
959 148
960 154
961 128
962 53
963 194
964 200
965 103
966 67
967 4
968 28
969 55
970 138
971 33
972 111
973 49
974 33
975 161
976 107
977 209
978 231
980 8
981 160
982 122
983 135
984 225
986 205
987 168
988 167
989 122
990 119
992 5
994 189
995 24
996 47
997 174
998 74
999 82
1000 74
1001 62
1002 155
1003 68
1004 174
1005 128
1007 238
1008 80
1010 8
1011 186
1012 139
1013 52
1014 57
1015 147
1016 92
1017 64
1018 236
1019 59
1020 15
1021 5
1022 0
1023 143
1024 171
1025 20
1026 203
1027 173
1028 92
1029 186
1030 85
1031 244
1032 196
1033 224
1034 89
1035 58
1036 89
1038 154
1039 118
1040 81
1041 99
1042 132
1043 249
1044 60
1045 74
1046 28
1047 31
1048 166
1049 24
1050 206
1052 45
1053 249
1055 38
1056 90
1059 182
1060 26
1061 171
1062 226
1063 107
1064 99
1065 51
1066 159
1067 62
1068 40
1069 233
1070 37
1071 208
1072 248
1073 160
1074 20
1075 189
1076 12
1077 231
1078 121
1079 11
1080 207
1081 103
1082 136
1083 2
1085 30
1086 9
1087 71
1088 149
1089 149
1091 237
1093 192
1094 242
1095 127
1096 64
1097 112
1098 44
1099 197
1100 74
1101 230
1102 126
1103 108
1104 194
1105 86
1106 181
1107 211
1108 42
1109 147
1110 170
1111 218
1112 202
1113 99
1114 249
1115 42
1116 158
1117 24
1118 173
1119 108
1120 62
1121 230
1122 207
1123 156
1124 138
1125 60
1126 126
1128 30
1129 10
1130 3
1131 192
1132 28
1133 103
1134 111
1135 215
1137 244
1138 87
1139 135
1140 239
1142 203
1143 16
1144 233
1145 239
1147 147
1148 46
1149 200
1151 96
1153 72
1154 27
1155 30
1156 73
1157 31
1158 110
1159 237
1160 171
1161 9
1162 21
1164 214
1165 157
1166 157
1168 192
1169 213
1170 243
1171 73
1172 49
1173 102
1174 55
1175 72
1177 47
1178 107
1180 178
1181 15
1182 249
1183 235
1184 108
1185 105
1186 64
1187 199
1188 232
1189 10
1190 5
1191 235
1193 91
1194 15
1195 113
1197 17
1199 113
1200 62
1201 15
1203 107
1204 116
1205 11
1207 180
1208 51
1209 110
1210 99
1212 178
1213 197
1214 27
1215 46
1217 63
1218 59
1219 155
1220 73
1221 110
1222 182
1223 27
1224 31
1225 237
1226 86
1227 148
1228 130
1229 77
1230 188
1231 101
1232 60
1233 143
1235 67
1236 219
1237 205
1238 96
1239 184
1240 30
1241 200
1242 196
1243 82
1244 237
1245 111
1247 107
1248 31
1250 126
1251 159
1252 26
1253 161
1254 189
1256 93
1257 226
1258 224
1259 42
1261 33
1262 174
1263 163
1264 60
1265 186
1267 90
1268 56
1269 200
1270 11
1271 132
1272 145
1273 131
1274 77
1275 16
1277 13
1278 122
1279 53
1280 133
1284 40
1285 236
1286 123
1287 189
1289 127
1290 164
1291 235
1292 98
1294 148
1296 140
1298 203
1299 110
1302 156
1303 30
1304 55
1305 19
1306 147
1307 120
1308 130
1309 168
1310 89
1311 186
1312 96
1313 90
1314 202
1315 53
1316 49
1317 98
1319 11
1320 143
1321 126
1322 183
1323 225
1325 177
1326 32
1328 41
1329 55
1330 45
1331 73
1332 174
1334 54
1335 44
1336 115
1338 195
1339 125
1340 24
1342 229
1343 51
1344 249
1345 156
1346 73
1347 39
1348 60
1349 49
1351 122
1352 37
1354 37
1355 156
1356 142
1357 123
1359 233
1360 192
1363 27
1364 30
1365 194
1368 28
1369 245
1371 113
1372 170
1373 83
1374 47
1376 29
1377 113
1378 88
1379 199
1381 26
1382 207
1383 141
1384 170
1385 103
1386 247
1387 9
1389 2
1390 160
1391 168
1392 33
1394 244
1395 11
1396 199
1399 182
1400 105
1401 24
1402 101
1403 76
1404 158
1405 247
1406 200
1407 180
1408 212
1409 58
1410 75
1413 113
1414 206
1415 100
1416 47
1417 238
1419 123
1420 200
1421 41
1423 156
1424 91
1425 5
1426 47
1427 210
1428 163
1429 0
1430 5
1431 20
1432 32
1434 71
1436 229
1437 127
1438 138
1439 172
1440 115
1441 54
1442 116
1443 31
1444 7
1445 99
1446 238
1447 91
1448 178
1449 224
1451 225
1453 73
1455 207
1457 166
1458 152
1459 38
1460 151
1461 139
1462 216
1463 62
1464 179
1465 104
1466 107
1467 221
1468 9
1469 249
1470 228
1471 183
1472 235
1473 246
1474 230
1475 32
1476 142
1477 143
1478 112
1480 131
1482 87
1483 110
1485 42
1486 87
1487 10
1488 135
1489 56
1490 237
1491 11
1493 155
1494 115
1495 106
1496 143
1497 133
1499 46
1500 24
1501 156
1502 21
1503 130
1505 11
1506 34
1507 183
1508 86
1509 106
1510 240
1511 112
1513 179
1515 219
1516 183
1517 81
1518 99
1519 52
1520 8
1522 40
1524 157
1525 62
1526 87
1528 2
1529 15
1530 237
1531 164
1532 72
1533 125
1534 12
1535 12
1536 53
1537 126
1538 70
1540 178
1542 178
1543 45
1544 144
1545 86
1547 62
1548 41
1551 123
1552 188
1553 235
1554 32
1555 207
1558 194
1559 162
1560 180
1561 42
1562 103
1563 163
1564 49
1565 183
1566 87
1567 196
1568 156
1569 127
1570 174
1571 44
1573 182
1574 180
1576 155
1577 158
1578 230
1579 32
1581 98
1582 168
1583 87
1586 132
1587 154
1589 126
1590 159
1592 87
1593 77
1594 25
1596 77
1598 32
1599 225
1600 112
1601 1
1602 140
1604 168
1605 49
1606 203
1609 113
1610 249
1612 38
1613 241
1614 53
1616 15
1617 20
1619 21
1620 197
1621 26
1622 210
1623 108
1624 11
1626 156
1627 116
1628 205
1629 71
1630 227
1631 142
1632 76
1633 160
1634 6
1635 90
1637 33
1638 29
1639 97
1640 220
1641 34
1643 190
1644 125
1645 17
1647 130
1648 234
1650 249
1652 103
1653 4
1655 152
1656 246
1657 25
1658 163
1659 227
1660 25
1661 69
1662 150
1663 180
1664 38
1665 110
1666 87
1667 128
1668 2
1669 78
1670 77
1671 117
1672 50
1673 249
1674 27
1675 148
1676 60
1678 165
1680 5
1681 142
1682 64
1684 174
1685 15
1686 30
1687 89
1688 236
1689 98
1690 94
1691 30
1693 102
1694 215
1695 40
1697 102
1698 230
1699 222
1701 24
1702 180
1704 1
1706 176
1707 64
1709 227
1711 128
1712 15
1713 99
1714 127
1715 122
1716 242
1717 203
1718 48
1719 156
1720 203
1721 9
1722 147
1723 171
1724 54
1726 115
1727 43
1728 238
1729 24
1732 2
1733 132
1734 186
1736 17
1738 112
1739 30
1740 130
1741 24
1743 168
1744 89
1745 249
1747 200
1750 6
1751 170
1753 106
1754 224
1755 17
1756 89
1758 91
1759 40
1760 55
1761 96
1762 97
1763 165
1764 89
1765 149
1766 8
1767 103
1768 202
1769 132
1770 237
1771 136
1772 120
1773 167
1774 119
1775 97
1776 42
1777 7
1778 122
1779 177
1780 195
1782 230
1783 40
1784 167
1785 237
1788 211
1789 4
1790 96
1793 43
1794 96
1797 225
1798 139
1799 64
1800 131
1802 227
1803 7
1804 44
1805 103
1809 130
1810 30
1811 26
1813 48
1814 72
1815 40
1816 12
1817 50
1818 62
1819 139
1820 77
1822 194
1823 215
1824 86
1825 203
1826 191
1827 155
1828 100
1829 146
1831 127
1832 130
1833 29
1834 155
1835 73
1838 139
1842 106
1843 87
1844 249
1845 82
1847 130
1848 165
1849 176
1850 234
1851 147
1852 232
1853 132
1854 85
1855 22
1856 101
1857 82
1858 77
1862 230
1863 54
1864 186
1865 233
1866 3
1867 0
1868 249
1869 16
1870 130
1871 26
1873 130
1874 60
1875 142
1876 3
1877 163
1878 43
1879 74
1880 12
1881 6
1882 20
1884 122
1885 239
1886 162
1887 226
1888 189
1889 147
1890 130
1891 233
1892 218
1893 52
1894 34
1895 173
1897 132
1898 116
1899 210
1900 217
1901 198
1902 156
1904 197
1906 205
1907 210
1910 194
1913 81
1914 177
1915 215
1917 42
1918 22
1919 180
1921 147
1923 72
1924 236
1925 9
1926 157
1928 241
1929 15
1930 49
1931 142
1933 240
1934 62
1936 221
1937 135
1938 44
1939 187
1940 91
1941 114
1942 136
1943 143
1944 111
1946 134
1947 68
1948 218
1949 73
1950 219
1951 233
1952 29
1953 228
1955 23
1956 165
1957 162
1959 118
1960 87
1962 97
1963 67
1966 91
1967 189
1968 113
1969 50
1971 195
1972 60
1973 106
1974 200
1975 163
1977 207
1978 250
1979 223
1980 203
1981 240
1982 76
1983 183
1984 78
1985 58
1986 193
1987 192
1989 5
1991 113
1992 88
1994 59
1995 17
1996 208
1997 149
1998 133
1999 237
2000 250
2001 144
2002 131
2003 88
2004 216
2005 199
2006 32
2007 45
2008 172
2009 76
2010 29
2011 106
2012 119
2015 77
2016 110
2017 73
2019 61
2021 129
2022 189
2024 64
2025 81
2027 51
2028 3
2029 75
2030 203
2031 113
2032 152
2033 188
2035 237
2036 186
2040 97
2041 156
2042 99
2045 116
2046 188
2047 110
2051 47
2053 78
2054 238
2055 13
2057 175
2058 3
2059 231
2060 173
2061 198
2062 1
2065 97
2067 163
2068 68
2071 11
2072 178
2073 48
2074 68
2075 23
2076 54
2077 11
2078 94
2079 236
2081 228
2083 122
2084 37
2085 232
2086 11
2087 37
2088 76
2090 34
2091 186
2092 65
2093 143
2094 43
2095 73
2096 27
2097 12
2098 237
2099 42
2100 53
2101 111
2102 45
2103 115
2105 189
2107 138
2108 32
2109 71
2110 0
2111 113
2113 215
2115 156
2116 134
2118 154
2119 136
2121 72
2122 0
2123 250
2124 40
2125 236
2126 224
2127 17
2128 186
2129 55
2130 122
2131 97
2132 64
2133 247
2134 236
2135 195
2140 188
2141 97
2142 176
2143 49
2146 5
2147 206
2148 196
2150 72
2152 244
2153 48
2154 243
2155 38
2156 215
2157 165
2158 128
2159 250
2161 40
2162 1
2163 179
2165 178
2166 15
2167 192
2168 152
2169 132
2170 227
2171 60
2173 13
2174 109
2178 82
2179 147
2182 1
2183 155
2184 91
2185 121
2186 11
2187 15
2188 54
2189 190
2190 77
2191 186
2192 148
2193 122
2194 30
2195 180
2197 203
2200 2
2202 135
2204 73
2205 139
2206 162
2207 197
2210 192
2211 166
2213 74
2214 16
2217 0
2218 235
2220 208
2221 168
2223 238
2224 66
2226 250
2227 34
2228 183
2229 159
2231 189
2232 142
2233 64
2235 244
2236 27
2237 226
2239 249
2240 116
2241 44
2244 231
2245 16
2246 42
2248 107
2249 225
2251 225
2252 4
2253 168
2255 217
2256 230
2257 229
2258 178
2259 54
2260 158
2261 62
2262 43
2263 117
2265 131
2266 9
2267 168
2268 200
2269 148
2270 30
2271 226
2272 26
2273 23
2274 208
2275 202
2276 88
2277 87
2278 49
2280 89
2281 203
2282 149
2284 250
2285 155
2286 76
2287 168
2288 172
2290 214
2291 197
2292 1
2294 218
2298 200
2299 7
2300 174
2302 102
2303 90
2304 55
2305 46
2306 163
2307 237
2308 211
2309 73
2310 236
2311 1
2312 157
2314 205
2315 56
2316 224
2317 210
2318 157
2320 225
2323 165
2324 125
2325 37
2327 89
2329 44
2331 23
2332 46
2334 113
2335 159
2336 54
2337 31
2338 26
2339 48
2340 5
2341 89
2342 17
2343 131
2344 108
2345 41
2346 215
2350 75
2351 113
2353 48
2354 9
2355 194
2356 37
2357 164
2359 188
2360 5
2361 26
2362 161
2363 111
2364 116
2365 166
2367 71
2368 89
2369 118
2372 197
2373 219
2374 132
2376 167
2379 229
2381 194
2383 244
2385 38
2386 156
2387 27
2389 153
2390 98
2391 163
2393 94
2395 90
2397 117
2398 2
2399 195
2400 149
2401 130
2402 130
2403 17
2404 176
2405 108
2406 67
2407 77
2408 174
2409 46
2410 232
2411 21
2413 88
2414 167
2415 142
2418 41
2419 154
2420 89
2421 197
2422 241
2424 176
2425 241
2427 122
2428 78
2429 249
2430 45
2431 17
2432 152
2433 54
2434 49
2438 64
2440 40
2441 113
2442 17
2443 68
2445 224
2446 99
2448 97
2449 36
2450 240
2451 59
2452 97
2455 44
2457 71
2459 38
2460 24
2461 113
2462 100
2463 67
2464 85
2467 220
2468 7
2472 218
2473 229
2474 129
2476 126
2478 16
2482 178
2483 76
2484 47
2485 231
2486 30
2488 55
2489 166
2490 209
2491 157
2492 63
2493 49
2494 95
2495 134
2496 130
2498 46
2499 15
2501 214
2502 73
2503 157
2505 94
2506 143
2507 61
2508 54
2510 122
2511 103
2512 89
2513 132
2514 58
2516 237
2517 167
2518 127
2519 113
2520 138
2521 176
2522 88
2524 73
2525 229
2528 17
2529 0
2531 150
2533 174
2534 34
2536 85
2537 73
2538 82
2539 15
2540 60
2541 62
2542 113
2543 11
2545 39
2547 98
2548 183
2549 58
2550 44
2551 244
2552 10
2553 129
2557 168
2558 24
2560 50
2561 44
2563 40
2565 235
2567 82
2569 136
2570 63
2572 85
2574 64
2576 5
2579 86
2580 32
2583 219
2584 240
2585 156
2586 89
2587 72
2588 68
2589 75
2590 99
2591 54
2592 116
2595 192
2597 102
2598 30
2599 178
2601 186
2602 237
2604 95
2605 205
2606 113
2607 130
2608 241
2609 88
2610 177
2612 72
2614 99
2615 32
2617 194
2618 228
2619 37
2620 231
2621 243
2623 170
2624 27
2625 97
2626 65
2627 168
2628 43
2632 8
2633 194
2634 2
2635 81
2636 123
2637 7
2638 142
2639 30
2640 238
2642 150
2643 64
2644 161
2646 60
2648 31
2650 213
2652 59
2653 127
2654 156
2657 108
2660 34
2662 76
2664 174
2666 86
2667 15
2668 130
2670 86
2671 126
2672 233
2673 1
2674 90
2676 183
2678 62
2679 188
2680 71
2681 75
2682 17
2683 123
2685 250
2686 93
2687 184
2688 12
2689 93
2690 195
2691 48
2692 156
2693 152
2694 32
2695 173
2697 200
2698 203
2701 71
2702 147
2704 71
2705 244
2707 129
2709 177
2710 145
2711 206
2715 208
2716 26
2717 189
2718 22
2719 49
2720 225
2721 30
2722 144
2723 85
2724 59
2725 133
2726 52
2728 15
2729 45
2731 95
2732 64
2733 48
2737 64
2738 112
2739 194
2741 176
2743 250
2744 90
2745 176
2747 244
2748 7
2749 54
2750 180
2751 12
2752 25
2753 77
2755 64
2756 189
2758 211
2759 90
2760 131
2762 237
2763 94
2764 191
2765 84
2768 75
2772 132
2773 17
2775 117
2776 157
2777 116
2778 32
2779 88
2780 3
2783 83
2785 95
2786 81
2787 5
2788 191
2789 132
2791 241
2792 4
2794 72
2795 111
2796 238
2798 138
2799 113
2801 100
2802 171
2803 188
2804 158
2806 157
2807 230
2809 91
2811 41
2812 238
2813 200
2815 233
2816 44
2817 236
2818 157
2820 102
2821 191
2822 4
2823 20
2825 113
2826 131
2830 42
2831 31
2832 38
2833 226
2834 149
2835 244
2838 123
2839 176
2840 218
2843 86
2844 201
2845 52
2846 13
2848 194
2849 76
2850 98
2851 7
2854 7
2856 225
2857 160
2858 218
2859 165
2862 189
2863 73
2866 132
2867 142
2868 71
2869 135
2870 231
2871 152
2872 49
2873 46
2874 35
2875 122
2878 71
2879 160
2880 26
2882 72
2884 29
2886 26
2887 85
2888 76
2889 250
2890 97
2892 239
2894 65
2895 122
2896 66
2898 9
2899 113
2900 134
2902 59
2904 226
2906 26
2908 38
2909 113
2912 99
2914 102
2916 55
2917 88
2918 182
2920 81
2921 102
2923 24
2925 154
2927 86
2928 102
2930 88
2931 193
2932 230
2933 135
2934 194
2936 4
2937 7
2939 32
2940 119
2941 180
2942 68
2943 140
2944 191
2945 170
2946 186
2947 147
2948 0
2950 27
2952 73
2954 106
2955 178
2956 44
2957 127
2959 27
2960 51
2961 178
2962 150
2963 244
2964 167
2965 87
2968 2
2970 13
2971 153
2973 244
2974 188
2975 144
2976 107
2979 215
2980 182
2986 77
2987 62
2988 147
2989 214
2990 147
2991 156
2993 190
2995 244
2996 149
2997 159
2999 227
3000 73
3001 46
3002 82
3003 6
3004 48
3005 214
3008 250
3009 143
3010 213
3011 48
3012 75
3013 119
3014 108
3015 200
3016 59
3017 126
3021 76
3022 133
3023 139
3024 24
3025 200
3027 61
3028 200
3029 26
3030 183
3031 226
3032 249
3033 221
3036 241
3038 156
3039 13
3041 60
3042 211
3043 58
3044 207
3045 166
3046 60
3049 136
3050 215
3051 62
3052 11
3053 244
3055 79
3056 216
3057 141
3058 78
3061 63
3062 24
3063 35
3064 78
3065 152
3066 149
3068 115
3069 125
3070 121
3071 166
3072 129
3076 195
3077 136
3078 177
3079 166
3081 248
3082 218
3085 229
3086 130
3087 99
3091 55
3092 87
3094 159
3095 88
3096 122
3097 122
3098 90
3099 65
3100 34
3101 95
3102 157
3103 73
3104 73
3105 42
3106 186
3107 195
3112 224
3113 150
3114 113
3115 112
3116 177
3117 183
3118 112
3119 243
3120 113
3121 116
3122 224
3123 65
3124 125
3125 31
3127 49
3128 83
3129 235
3130 154
3131 105
3132 135
3133 81
3134 97
3135 21
3136 73
3137 226
3139 90
3140 25
3141 162
3144 222
3145 235
3146 244
3147 215
3149 76
3152 166
3153 174
3155 154
3156 77
3157 45
3158 64
3160 9
3161 89
3162 90
3163 79
3165 93
3166 44
3168 116
3169 104
3170 41
3171 106
3172 129
3173 33
3174 83
3175 217
3176 176
3177 60
3179 156
3180 133
3181 85
3183 156
3184 186
3185 74
3186 246
3190 0
3191 130
3192 31
3193 168
3194 41
3195 82
3196 139
3197 103
3198 190
3199 117
3200 117
3202 74
3203 12
3205 117
3206 42
3207 249
3210 162
3211 54
3212 91
3214 241
3216 159
3218 239
3219 122
3220 205
3224 225
3225 174
3226 237
3227 120
3228 102
3229 228
3230 14
3231 139
3232 167
3233 235
3235 65
3236 239
3237 10
3238 126
3239 101
3240 48
3241 90
3242 102
3243 106
3245 207
3247 48
3248 15
3249 218
3250 129
3251 107
3252 81
3253 162
3254 52
3257 15
3258 15
3259 18
3260 158
3261 130
3262 90
3263 101
3265 123
3266 244
3269 132
3272 43
3275 61
3277 180
3278 5
3279 221
3281 167
3282 226
3284 54
3288 131
3289 168
3290 160
3291 0
3292 25
3293 112
3294 171
3295 31
3296 81
3298 180
3299 174
3301 62
3302 218
3304 115
3305 107
3306 244
3307 153
3308 203
3309 244
3310 88
3313 237
3315 120
3316 97
3318 240
3320 149
3321 66
3323 68
3324 73
3325 140
3327 147
3328 168
3329 127
3330 178
3332 226
3333 54
3334 240
3335 15
3336 9
3337 62
3338 220
3339 194
3340 194
3341 122
3345 37
3346 157
3348 135
3349 183
3351 168
3352 45
3353 47
3354 244
3355 190
3357 194
3358 232
3360 210
3361 110
3363 27
3364 73
3365 110
3367 68
3368 102
3369 57
3370 90
3371 49
3372 132
3374 64
3375 168
3376 237
3377 75
3378 32
3379 131
3380 77
3381 54
3384 186
3385 183
3387 237
3388 160
3389 168
3390 54
3391 62
3392 85
3393 17
3394 113
3396 195
3397 48
3398 25
3399 232
3403 186
3404 73
3405 37
3407 180
3408 215
3409 17
3410 31
3413 42
3415 33
3416 193
3417 123
3419 101
3420 205
3423 50
3424 242
3425 41
3426 110
3427 224
3428 250
3429 53
3430 190
3432 208
3433 38
3434 52
3435 73
3436 33
3439 7
3441 30
3442 44
3443 158
3445 77
3446 185
3447 10
3448 38
3449 38
3451 31
3452 17
3453 28
3454 128
3455 128
3456 48
3457 143
3459 38
3460 102
3461 89
3462 144
3463 188
3465 106
3466 53
3468 215
3469 37
3471 237
3472 181
3473 244
3474 100
3475 105
3477 22
3478 168
3479 116
3480 248
3481 86
3482 38
3484 169
3487 17
3488 91
3489 237
3490 21
3493 3
3494 178
3496 142
3497 168
3498 4
3499 2
3501 113
3502 85
3503 67
3504 97
3506 125
3507 72
3508 17
3509 33
3510 229
3511 122
3512 184
3513 130
3514 172
3515 102
3516 89
3517 244
3518 32
3520 194
3521 229
3523 17
3526 15
3528 163
3529 125
3530 152
3531 100
3532 113
3533 56
3534 224
3535 249
3536 114
3537 3
3538 129
3540 218
3541 134
3542 192
3543 62
3544 105
3546 55
3548 9
3549 42
3550 240
3551 247
3552 73
3553 38
3554 20
3555 38
3556 15
3557 46
3558 113
3559 113
3560 195
3562 96
3563 182
3564 102
3568 143
3569 30
3571 74
3572 176
3573 157
3574 227
3575 41
3576 88
3577 85
3579 32
3580 49
3581 64
3582 170
3583 48
3584 45
3585 143
3589 216
3590 227
3591 33
3592 206
3594 37
3596 131
3597 56
3598 11
3600 230
3601 73
3603 55
3604 114
3606 87
3607 131
3608 246
3609 46
3610 90
3611 0
3612 209
3613 176
3614 133
3615 7
3616 158
3618 131
3619 229
3620 33
3621 85
3623 195
3624 97
3625 37
3627 102
3628 65
3631 9
3632 9
3633 188
3635 82
3636 17
3637 168
3638 178
3639 43
3640 135
3641 1
3643 163
3645 47
3647 157
3648 242
3649 102
3651 43
3652 218
3653 222
3655 60
3656 178
3658 29
3659 52
3660 102
3662 4
3663 192
3665 122
3666 113
3667 90
3668 73
3669 44
3670 213
3671 156
3672 46
3673 101
3674 64
3676 15
3677 200
3678 101
3680 89
3681 134
3682 234
3683 220
3684 41
3685 190
3686 21
3687 163
3689 17
3690 82
3691 178
3692 82
3693 178
3694 226
3695 227
3696 110
3697 235
3698 86
3699 216
3701 167
3702 15
3703 4
3704 135
3705 200
3706 243
3707 222
3708 249
3710 244
3712 60
3713 58
3714 0
3715 17
3716 215
3717 218
3719 157
3720 225
3721 102
3722 249
3723 69
3725 126
3726 81
3727 122
3728 6
3729 227
3731 198
3732 23
3733 125
3734 1
3735 103
3737 102
3739 43
3740 250
3741 70
3742 149
3743 233
3744 40
3745 240
3748 86
3750 159
3751 100
3752 88
3753 237
3754 101
3755 216
3756 27
3758 68
3759 53
3761 26
3762 85
3763 4
3765 13
3766 27
3768 229
3769 89
3770 200
3771 85
3772 161
3773 107
3774 242
3777 168
3778 107
3779 90
3780 90
3781 225
3784 59
3785 11
3789 194
3791 96
3792 94
3793 167
3795 163
3796 229
3797 215
3799 229
3800 157
3801 157
3803 190
3804 200
3807 154
3808 149
3809 101
3810 24
3811 23
3812 74
3815 216
3816 56
3817 168
3818 217
3819 203
3820 205
3821 186
3822 30
3823 22
3824 214
3825 90
3827 207
3828 249
3829 241
3830 41
3832 230
3835 32
3837 170
3838 123
3839 244
3841 168
3842 102
3843 113
3844 220
3845 166
3846 20
3847 229
3848 163
3849 43
3850 29
3851 199
3852 89
3853 1
3854 27
3855 8
3857 44
3858 143
3860 56
3861 229
3862 167
3863 229
3864 15
3865 20
3866 150
3868 190
3869 4
3870 200
3871 128
3872 238
3875 168
3876 108
3877 168
3879 225
3880 230
3881 244
3882 178
3884 49
3885 89
3887 37
3888 47
3889 240
3890 30
3892 224
3895 76
3896 42
3897 44
3898 24
3899 123
3900 46
3901 4
3902 68
3903 190
3904 152
3907 71
3908 225
3909 167
3910 97
3911 24
3912 4
3913 122
3914 40
3915 168
3917 76
3918 97
3919 37
3920 90
3921 135
3922 2
3923 173
3924 163
3925 199
3926 79
3927 249
3928 112
3929 98
3930 122
3931 12
3932 199
3933 159
3935 102
3936 176
3937 178
3938 89
3939 244
3940 89
3941 168
3942 50
3943 195
3944 131
3945 225
3947 17
3948 17
3949 23
3950 237
3951 20
3953 168
3954 125
3955 31
3957 205
3958 103
3960 24
3961 24
3964 43
3965 56
3966 195
3967 90
3968 20
3969 94
3970 199
3971 226
3972 20
3973 150
3974 20
3977 90
3978 150
3979 216
3980 90
3981 75
3982 12
3983 123
3985 27
3986 102
3987 102
3988 221
3991 150
3992 224
3993 112
3994 97
3995 3
3996 56
3997 56
3998 107
4000 17
4001 38
4003 79
4004 225
4006 177
4007 177
4008 6
4009 180
4010 180
4011 23
4012 23
4014 37
4015 241
4019 90
4020 20
4021 38
4022 102
4023 167
4025 29
4026 197
4027 220
4029 101
4032 82
4033 16
4034 186
4035 218
4036 23
4037 167
4038 200
4039 73
4040 195
4041 194
4042 46
4043 250
4044 178
4045 73
4046 12
4047 89
4050 43
4051 157
4052 200
4053 195
4056 71
4058 163
4059 102
4060 201
4061 112
4062 46
4063 113
4064 20
4065 20
4066 150
4067 17
4068 188
4071 114
4072 110
4073 23
4074 68
4075 41
4076 41
4077 168
4078 150
4079 214
4081 102
4082 191
4085 101
4086 4
4087 71
4090 244
4091 56
4095 4
4096 239
4098 38
4099 32
4100 28
4101 163
4102 64
4103 22
4104 190
4105 147
4106 242
4109 113
4110 119
4112 100
4113 56
4114 229
4116 182
4117 250
4118 244
4119 47
4120 37
4121 199
4122 113
4123 162
4124 38
4125 14
4127 58
4128 26
4129 17
4130 56
4132 29
4133 32
4134 162
4138 75
4141 216
4142 20
4143 102
4144 222
4145 152
4146 150
4147 150
4149 229
4152 114
4154 178
4155 229
4156 12
4157 13
4158 20
4159 57
4160 10
4162 153
4163 205
4165 113
4166 229
4167 240
4168 224
4170 20
4171 98
4172 56
4173 194
4174 17
4175 17
4178 88
4179 68
4180 194
4181 113
4182 20
4183 20
4184 31
4185 229
4186 48
4187 46
4189 239
4191 3
4192 134
4193 24
4194 244
4195 176
4196 134
4197 159
4198 89
4199 62
4200 163
4201 3
4202 152
4203 114
4205 168
4207 101
4208 184
4209 20
4210 31
4211 157
4212 235
4213 56
4214 108
4215 114
4217 237
4218 124
4219 85
4220 75
4221 4
4222 143
4225 76
4226 17
4227 56
4228 56
4229 27
4230 43
4231 89
4232 49
4233 98
4234 163
4235 72
4237 17
4238 0
4239 48
4241 85
4242 156
4243 42
4244 85
4245 76
4247 90
4249 195
4250 5
4252 235
4253 49
4255 229
4256 233
4258 68
4259 224
4261 17
4262 177
4263 62
4264 56
4265 38
4266 157
4267 20
4268 90
4269 94
4272 96
4273 3
4274 131
4275 167
4276 193
4277 123
4278 49
4279 29
4280 89
4281 195
4282 233
4283 56
4284 97
4285 190
4286 114
4288 113
4289 0
4290 194
4292 90
4294 25
4295 156
4296 27
4297 86
4298 113
4300 73
4301 186
4302 162
4303 38
4307 117
4308 90
4309 218
4310 102
4312 19
4313 20
4314 20
4315 101
4316 29
4318 32
4319 150
4320 122
4321 90
4322 244
4323 26
4324 17
4326 169
4327 168
4329 113
4330 26
4334 27
4336 244
4337 244
4340 43
4341 89
4342 167
4343 190
4344 168
4345 151
4346 93
4347 67
4348 1
4349 27
4350 229
4352 100
4353 229
4354 229
4355 195
4356 65
4357 227
4358 17
4359 3
4360 225
4361 67
4362 146
4363 89
4364 244
4365 89
4366 216
4367 102
4368 12
4369 34
4370 4
4371 44
4373 130
4374 101
4375 131
4376 195
4377 23
4378 195
4380 20
4381 121
4382 122
4384 17
4385 117
4386 20
4387 142
4388 195
4389 183
4390 7
4391 1
4392 7
4394 226
4395 110
4396 27
4397 225
4398 20
4399 177
4400 167
4402 67
4403 31
4404 130
4405 17
4406 64
4409 194
4410 23
4411 193
4412 147
4414 56
4415 67
4417 150
4418 229
4420 240
4421 35
4422 22
4423 237
4425 29
4426 229
4427 190
4428 56
4429 168
4430 192
4431 167
4432 195
4433 103
4434 71
4435 6
4436 52
4437 177
4438 38
4439 218
4440 3
4441 3
4442 121
4443 240
4444 1
4445 34
4447 150
4448 90
4449 216
4450 150
4452 23
4453 49
4454 89
4455 103
4456 67
4457 167
4458 167
4459 90
4460 150
4461 162
4462 103
4463 32
4464 235
4465 46
4466 103
4467 99
4468 177
4469 20
4470 27
4471 166
4472 229
4473 3
4474 23
4475 210
4476 20
4477 38
4478 236
4479 89
4480 48
4481 6
4482 113
4484 82
4485 177
4486 150
4487 51
4488 150
4489 150
4490 134
4491 96
4492 227
4493 163
4494 71
4495 240
4496 56
4498 43
4499 186
4500 225
4501 20
4502 20
4503 17
4504 113
4505 0
4506 157
4507 12
4508 20
4509 20
4510 200
4511 163
4512 235
4513 27
4514 7
4515 23
4516 1
4517 15
4518 67
4519 195
4520 147
4521 241
4522 73
4523 4
4524 3
4525 42
4526 237
4527 226
4528 227
4529 28
4530 250
4531 20
4532 20
4533 118
4534 157
4536 229
4537 17
4538 150
4539 20
4540 23
4541 147
4542 32
4544 166
4545 3
4546 152
4547 222
4548 168
4549 229
4550 17
4551 194
4552 244
4553 129
4554 195
4555 49
4558 177
4559 112
4560 58
4561 195
4562 43
4563 89
4566 168
4567 13
4568 0
4569 17
4570 12
4571 10
4572 102
4573 108
4574 30
4575 112
4576 17
4577 177
4578 156
4579 114
4580 125
4581 229
4582 244
4583 3
4584 193
4585 240
4586 89
4587 38
4588 102
4589 20
4590 229
4591 56
4592 229
4593 205
4594 222
4595 141
4596 42
4597 4
4598 167
4599 111
4600 43
4601 163
4602 16
4603 152
4604 222
4605 24
4606 131
4607 195
4608 229
4609 240
4610 102
4611 61
4612 102
4613 142
4614 20
4615 229
4616 68
4617 152
4618 48
4619 67
4620 225
4621 6
4622 26
4623 229
4624 180
4625 134
4626 172
4627 56
4628 43
4629 250
4630 43
4631 195
4632 23
4633 131
4634 229
4635 56
4636 240
4637 56
4638 222
4639 195
4640 240
4641 56
4642 3
4643 152
4644 129
4645 129
4646 23
4647 101
4648 56
4649 134
4650 24
4651 71
4652 89
4653 89
4654 98
4655 9
4656 3
4657 20
4658 55
4659 229
4660 17
4661 244
4662 185
4663 56
4664 1
4665 1
4666 114
4667 4
4668 229
4669 202
4670 124
4671 244
4672 103
4673 103
4674 181
4675 89
4676 20
4677 113
4678 56
4679 134
4680 67
4681 229
4682 195
4683 240
4684 110
4685 23
4686 23
4687 222
4688 3
4689 23
4690 27
4691 240
4692 134
4693 160
4694 56
4695 1
4696 244
4697 229
4698 49
4699 129
4700 20
4701 56
4702 129
4703 195
4704 89
4705 170
4706 48
4707 244
4708 114
4709 229
4710 229
4711 20
4712 224
4713 150
4714 38
4715 20
4716 20
4717 102
4718 150
4719 17
4720 40
4721 101
4722 23
4723 23
4724 225
4725 160
4726 244
4727 166
4728 176
4729 43
4730 32
4731 20
4732 232
4733 90
4734 167
4735 229
4736 122
4737 38
4738 101
4739 75
4740 17
4741 60
4742 167
4743 73
4744 244
4745 237
4746 190
4747 113
4748 20
4749 182
4750 89
4751 89
4752 229
4753 229
4754 195
4755 1
4756 43
4757 88
4758 163
4759 241
4760 229
4761 205
4762 56
4763 24
4764 193
4765 134
4766 195
4767 17
4768 20
4769 20
4770 157
4771 56
4772 195
4773 195
4774 195
4775 56
4776 222
4777 1
4778 195
4779 129
4780 168
4781 229
4782 96
4783 23
4784 195
4785 153
4786 153
4787 101
4788 103
4789 62
4790 129
4791 195
4792 114
4793 1
4794 229
4795 224
4796 32
4797 222
4798 103
4799 134
4800 101
4801 94
4802 177
4803 20
4804 100
4805 154
4806 1
4807 20
4808 102
4809 122
4810 162
4811 103
4812 56
4813 153
4814 23
4815 3
4816 16
4817 193
4818 190
4819 244
4820 229
4821 250
4822 103
4823 114
4824 229
4825 129
4826 195
4827 229
4828 42
4829 193
4830 44
4831 3
