0 89
1 233
2 56
3 100
4 5
5 194
6 9
7 155
8 208
9 47
10 201
11 34
12 152
13 244
14 113
15 242
16 109
17 107
18 195
19 9
20 58
21 135
22 207
23 115
24 59
25 29
26 89
27 217
28 187
29 9
30 78
31 19
32 102
33 30
34 198
35 102
36 106
37 51
38 241
39 221
40 181
41 34
42 19
43 180
44 84
45 189
46 73
47 160
49 14
50 234
51 3
52 213
53 234
54 12
55 122
57 186
58 34
59 108
60 154
61 81
62 106
63 221
64 29
65 33
66 109
67 131
68 69
69 94
70 41
71 46
72 134
73 113
74 195
75 161
76 246
77 89
78 27
79 114
80 174
81 14
82 114
83 30
84 47
85 36
86 10
87 133
88 171
89 55
90 119
91 46
92 167
93 75
94 61
95 153
96 82
97 32
98 227
99 214
100 64
101 92
102 234
104 18
105 222
106 212
107 36
108 202
109 14
110 172
111 2
112 85
113 179
114 123
115 53
116 3
118 157
119 208
120 27
121 174
122 89
123 27
124 156
125 190
126 27
127 207
128 138
129 35
130 127
131 207
132 10
133 125
135 234
136 40
137 54
138 55
139 14
140 167
141 170
142 63
143 234
144 59
145 230
146 137
147 143
148 44
149 196
150 73
151 179
152 83
153 37
154 226
155 122
156 183
157 187
158 124
159 10
160 160
161 50
162 120
163 33
164 198
165 98
166 11
167 36
168 126
169 189
170 33
171 44
172 66
173 99
174 56
175 123
176 156
177 245
178 207
179 138
180 89
181 80
182 139
183 4
184 10
185 80
186 92
187 73
188 25
189 214
190 73
191 184
192 214
193 92
194 119
195 90
196 4
197 50
198 138
199 230
200 51
201 90
202 59
203 82
204 119
206 99
207 219
208 69
209 71
210 242
211 33
212 184
213 59
214 39
215 187
216 39
218 25
219 131
220 52
221 23
222 29
223 194
224 37
225 131
226 68
227 191
228 213
229 216
230 141
231 52
232 53
233 20
234 85
235 63
236 45
237 80
239 29
240 149
241 55
242 133
243 59
244 63
245 211
246 57
247 131
248 171
249 118
250 33
251 46
252 246
253 43
254 180
255 108
256 145
257 83
258 164
259 8
260 33
261 140
262 56
263 72
264 7
265 237
266 0
267 22
268 204
269 100
271 189
272 233
273 128
274 77
275 228
276 15
277 36
278 38
280 195
281 9
282 133
283 134
284 211
285 9
286 196
287 108
288 143
289 170
290 219
291 219
292 190
293 204
294 190
295 103
296 75
297 112
299 126
300 69
301 12
303 180
304 37
305 37
306 180
307 226
308 25
309 171
310 28
312 188
313 135
314 25
315 169
317 114
318 16
319 11
320 176
321 215
322 189
323 41
324 239
325 124
326 213
327 37
328 100
330 137
331 52
332 91
333 59
334 3
335 85
336 109
337 194
338 235
339 159
340 87
342 154
343 241
344 169
345 233
346 56
347 53
348 228
349 71
350 234
351 156
352 171
353 234
354 234
355 93
356 204
357 169
358 181
361 40
362 219
363 24
364 35
365 46
366 242
367 210
368 75
369 104
370 68
371 205
372 233
373 136
374 221
375 138
377 1
378 158
379 182
380 89
381 213
382 149
383 119
384 247
385 157
386 86
387 160
389 48
391 12
392 243
393 82
394 134
395 1
396 170
397 114
398 202
400 92
401 190
402 181
403 3
404 43
405 241
406 66
407 69
408 56
409 145
410 212
411 3
412 44
413 97
414 112
415 8
416 31
417 30
418 159
419 4
420 248
421 37
422 19
423 223
424 35
425 29
426 47
427 9
428 188
429 198
430 177
431 205
432 37
433 68
434 30
435 104
436 184
437 170
438 247
439 136
440 211
441 168
444 212
445 180
446 2
447 196
448 187
449 76
450 194
451 34
452 183
453 98
454 86
455 53
456 57
457 73
458 46
459 75
460 211
461 180
462 119
463 210
464 69
465 223
466 233
467 83
469 118
470 193
471 157
472 172
473 3
474 100
475 203
476 151
477 207
478 190
479 58
480 179
481 125
482 119
483 96
484 23
485 36
486 119
487 72
488 0
490 63
492 114
493 144
494 249
495 61
496 26
497 187
498 197
499 113
500 63
501 129
502 23
503 35
504 167
505 125
507 165
508 169
509 38
510 195
511 80
512 112
513 207
514 118
516 66
517 114
518 63
519 245
520 40
521 46
522 141
523 237
524 231
525 26
527 79
528 11
529 158
530 140
531 21
532 73
533 73
534 47
535 202
536 84
537 97
538 1
539 68
540 156
541 237
542 135
543 21
544 106
545 109
547 113
548 76
549 22
550 197
551 0
552 196
554 204
555 200
556 167
557 206
558 59
559 67
560 212
561 99
562 176
563 154
564 37
565 193
566 160
567 118
568 12
569 45
570 192
571 226
572 67
573 156
574 223
575 1
576 133
577 197
578 36
579 28
580 122
581 60
582 106
583 200
584 67
585 72
586 218
588 204
589 2
590 54
591 44
592 168
593 102
594 237
596 80
597 208
598 193
600 170
601 57
602 173
604 72
606 222
607 182
608 63
609 177
610 193
611 86
612 183
614 92
615 53
616 150
617 139
619 211
620 187
621 172
622 72
623 89
625 140
626 140
627 73
628 152
629 89
630 145
631 79
632 140
633 219
634 67
635 171
636 44
637 237
638 48
639 115
640 215
641 63
642 125
643 46
644 237
645 164
647 169
648 143
649 58
650 193
651 217
652 104
653 84
654 78
655 72
656 164
657 59
658 238
659 51
660 11
661 222
662 157
663 59
664 129
665 7
666 95
667 87
668 165
669 190
670 230
671 159
672 131
673 80
674 154
675 35
676 108
677 102
678 242
679 176
680 35
681 109
682 237
683 230
684 49
685 206
686 33
688 31
689 86
690 59
691 10
692 87
693 41
694 81
695 244
696 249
697 49
698 87
699 109
700 193
701 62
704 179
705 67
706 59
707 76
708 246
709 45
710 197
712 184
713 198
714 179
715 77
716 88
717 75
718 195
719 188
720 170
721 9
722 82
723 83
724 95
725 44
726 249
727 78
728 3
729 51
730 177
732 127
733 86
734 170
735 219
736 187
737 50
738 139
739 157
740 64
741 212
742 61
743 245
744 76
745 151
746 119
747 218
748 81
749 107
750 55
751 82
752 103
753 187
754 109
755 121
756 31
757 215
758 49
759 3
760 118
761 164
763 166
764 152
765 152
766 164
767 40
768 205
770 19
771 196
772 131
774 82
775 202
776 107
777 195
778 67
779 49
780 83
781 59
782 56
783 212
784 14
785 217
786 219
787 2
788 182
789 15
790 168
791 66
792 84
793 71
794 84
795 94
796 29
797 233
798 145
799 53
800 234
801 189
802 18
803 0
804 172
805 237
806 45
807 212
808 48
810 204
812 21
813 77
814 189
815 178
816 82
817 33
818 190
819 140
820 114
821 113
822 57
823 134
824 6
825 53
827 72
828 211
829 236
831 7
832 8
833 38
834 8
835 190
836 154
837 150
838 106
839 39
840 156
841 14
842 54
843 24
844 208
845 214
846 83
847 82
848 63
849 99
850 125
851 85
852 141
853 215
854 45
855 187
856 207
857 84
858 42
859 204
860 143
861 245
862 73
863 45
864 7
865 171
866 211
867 39
868 181
869 63
870 9
871 57
872 66
873 1
874 143
875 76
876 187
877 107
878 193
879 127
880 35
881 177
882 109
883 164
884 182
885 119
886 129
887 37
888 77
889 27
890 108
891 46
892 72
893 219
894 38
895 223
896 213
897 207
899 12
900 82
901 114
902 148
903 38
904 237
905 84
906 15
907 218
908 213
910 20
911 39
913 89
914 181
915 235
916 77
917 100
918 213
919 40
921 73
922 103
923 113
924 139
925 116
927 113
928 127
930 85
931 224
932 161
933 195
934 10
935 169
936 3
937 30
938 114
939 197
940 126
941 138
942 64
943 34
944 102
945 36
946 43
947 102
948 213
950 119
951 68
952 92
953 222
955 37
956 152
957 40
958 244
959 145
960 72
961 15
962 61
963 189
964 210
965 248
966 190
967 156
968 20
969 181
970 143
971 0
972 97
973 157
974 121
975 59
976 124
977 211
978 19
980 209
981 92
982 237
983 4
984 208
986 204
987 125
988 58
989 14
990 180
991 113
992 208
993 57
994 85
995 25
996 100
997 134
998 197
999 159
1000 165
1001 86
1002 32
1003 145
1004 61
1005 235
1007 55
1008 105
1010 111
1011 194
1012 45
1013 161
1014 67
1015 213
1016 18
1017 168
1018 73
1019 247
1020 75
1021 0
1022 193
1023 111
1024 88
1025 181
1026 68
1027 5
1028 205
1029 55
1030 75
1031 125
1032 205
1033 187
1034 29
1035 85
1036 225
1038 134
1039 150
1040 243
1041 124
1042 68
1043 188
1044 16
1045 18
1046 124
1047 135
1048 2
1049 113
1050 30
1052 213
1053 9
1055 213
1056 16
1059 12
1060 10
1061 135
1062 73
1063 231
1064 243
1065 190
1066 71
1067 187
1068 51
1069 179
1070 124
1071 33
1072 120
1073 185
1074 103
1075 107
1076 207
1077 66
1078 29
1079 211
1080 42
1081 138
1082 39
1083 40
1084 64
1085 170
1086 43
1087 80
1088 0
1089 131
1091 19
1093 166
1094 53
1095 131
1096 207
1097 151
1098 28
1099 171
1100 197
1101 198
1102 70
1103 219
1104 40
1105 66
1106 166
1107 109
1108 229
1109 21
1110 162
1111 14
1112 246
1113 34
1114 88
1115 64
1116 228
1117 198
1118 71
1119 121
1120 179
1121 75
1122 155
1123 18
1124 73
1125 91
1126 4
1128 227
1129 19
1130 63
1131 87
1132 143
1133 195
1134 176
1135 19
1137 114
1138 224
1139 140
1140 55
1142 83
1143 59
1144 24
1145 12
1147 104
1148 99
1149 61
1151 41
1152 108
1153 61
1154 4
1155 219
1156 127
1157 55
1158 56
1159 100
1160 62
1161 125
1162 117
1164 103
1165 7
1166 19
1168 92
1169 68
1170 177
1171 75
1172 65
1173 113
1174 184
1175 246
1177 221
1178 72
1179 221
1180 140
1181 195
1182 197
1183 1
1184 95
1185 96
1186 56
1187 217
1188 219
1189 110
1190 134
1191 246
1193 143
1194 184
1195 47
1197 24
1198 22
1199 64
1200 45
1201 170
1202 190
1203 185
1204 8
1205 245
1206 151
1207 75
1208 169
1209 37
1210 91
1212 40
1213 187
1214 140
1215 25
1216 104
1217 201
1218 107
1219 68
1220 121
1221 1
1222 148
1223 104
1224 231
1225 151
1226 198
1227 197
1228 12
1229 85
1230 24
1231 22
1232 176
1233 242
1235 21
1236 145
1237 106
1238 143
1239 161
1240 218
1241 202
1242 41
1243 36
1244 245
1245 226
1247 23
1248 47
1249 164
1250 141
1251 193
1252 103
1253 162
1254 150
1255 231
1256 146
1257 124
1258 58
1259 126
1261 179
1262 6
1263 139
1264 58
1265 0
1267 77
1268 190
1269 113
1270 25
1271 55
1272 219
1273 29
1274 29
1275 11
1277 45
1278 134
1279 91
1280 238
1283 36
1284 124
1285 141
1286 179
1287 153
1289 91
1290 21
1291 13
1292 56
1294 99
1295 195
1296 124
1297 190
1298 98
1299 144
1300 106
1301 157
1302 174
1303 145
1304 33
1305 241
1306 58
1307 67
1308 27
1309 178
1310 245
1311 87
1312 62
1313 248
1314 18
1315 83
1316 24
1317 109
1318 77
1319 197
1320 91
1321 182
1322 61
1323 221
1325 181
1326 75
1327 56
1328 14
1329 20
1330 184
1331 169
1332 31
1333 47
1334 168
1335 33
1336 134
1338 73
1339 138
1340 77
1341 36
1342 9
1343 227
1344 141
1345 47
1346 140
1347 187
1348 113
1349 27
1350 194
1351 161
1352 168
1354 124
1355 206
1356 57
1357 171
1359 89
1360 153
1362 119
1363 245
1364 237
1365 114
1366 17
1367 64
1368 84
1369 120
1370 106
1371 149
1372 162
1373 115
1374 157
1376 1
1377 221
1378 184
1379 12
1381 119
1382 88
1383 160
1384 18
1385 246
1386 35
1387 181
1388 16
1389 129
1390 24
1391 135
1392 60
1394 114
1395 124
1396 224
1397 53
1398 76
1399 56
1400 15
1401 47
1402 63
1403 65
1404 147
1405 168
1406 40
1407 63
1408 91
1409 42
1410 13
1412 195
1413 225
1414 84
1415 33
1416 79
1417 124
1419 38
1420 27
1421 181
1422 58
1423 109
1424 182
1425 129
1426 23
1427 66
1428 2
1429 187
1430 115
1431 76
1432 57
1434 134
1436 156
1437 100
1438 2
1439 202
1440 184
1441 234
1442 7
1443 193
1444 99
1445 80
1446 100
1447 124
1448 159
1449 114
1451 35
1453 204
1455 155
1456 119
1457 2
1458 55
1459 58
1460 203
1461 71
1462 33
1463 11
1464 61
1465 175
1466 0
1467 179
1468 157
1469 189
1470 68
1471 14
1472 47
1473 176
1474 37
1475 86
1476 7
1477 228
1478 175
1479 76
1480 140
1482 52
1483 48
1485 213
1486 112
1487 10
1488 30
1489 194
1490 179
1491 234
1493 27
1494 95
1495 35
1496 67
1497 33
1498 195
1499 80
1500 122
1501 188
1502 18
1503 103
1504 145
1505 198
1506 148
1507 6
1508 221
1509 178
1510 108
1511 112
1513 25
1514 188
1515 219
1516 182
1517 19
1518 237
1519 222
1520 97
1522 189
1524 197
1525 9
1526 200
1528 45
1529 18
1530 140
1531 59
1532 64
1533 45
1534 125
1535 56
1536 73
1537 181
1538 120
1540 185
1542 58
1543 155
1544 166
1545 204
1546 36
1547 207
1548 77
1550 171
1551 232
1552 227
1553 187
1554 2
1555 213
1556 16
1558 88
1559 21
1560 126
1561 140
1562 108
1563 194
1564 31
1565 83
1566 49
1567 66
1568 221
1569 167
1570 40
1571 176
1572 193
1573 19
1574 239
1575 233
1576 167
1577 66
1578 124
1579 2
1580 119
1581 186
1582 69
1583 224
1584 125
1585 23
1586 138
1587 118
1588 22
1589 90
1590 24
1592 83
1593 169
1594 33
1596 0
1597 144
1598 23
1599 19
1600 45
1601 145
1602 208
1604 151
1605 56
1606 47
1608 35
1609 204
1610 173
1612 178
1613 127
1614 67
1616 245
1617 50
1618 190
1619 63
1620 13
1621 68
1622 93
1623 148
1624 226
1625 9
1626 47
1627 83
1628 157
1629 16
1630 161
1631 23
1632 8
1633 154
1634 118
1635 225
1637 55
1638 7
1639 64
1640 89
1641 107
1642 76
1643 13
1644 204
1645 175
1647 107
1648 138
1650 65
1651 8
1652 122
1653 101
1654 122
1655 229
1656 185
1657 234
1658 27
1659 63
1660 64
1661 40
1662 43
1663 83
1664 248
1665 1
1666 83
1667 236
1668 35
1669 247
1670 166
1671 193
1672 117
1673 67
1674 104
1675 51
1676 218
1677 50
1678 138
1679 56
1680 80
1681 113
1682 83
1684 46
1685 138
1686 95
1687 18
1688 150
1689 186
1690 119
1691 184
1692 9
1693 22
1694 189
1695 182
1697 53
1698 82
1699 122
1700 22
1701 47
1702 24
1704 31
1706 197
1707 172
1709 171
1711 166
1712 77
1713 48
1714 206
1715 107
1716 22
1717 63
1718 62
1719 138
1720 18
1721 86
1722 113
1723 62
1724 180
1725 53
1726 145
1727 9
1728 51
1729 220
1730 65
1732 168
1733 27
1734 138
1735 233
1736 198
1737 125
1738 28
1739 142
1740 237
1741 11
1743 9
1744 231
1745 49
1747 18
1748 122
1750 99
1751 2
1753 45
1754 187
1755 122
1756 140
1757 188
1758 83
1759 43
1760 103
1761 249
1762 27
1763 197
1764 77
1765 47
1766 205
1767 77
1768 177
1769 113
1770 231
1771 136
1772 102
1773 2
1774 3
1775 169
1776 193
1777 61
1778 125
1779 119
1780 151
1782 71
1783 138
1784 2
1785 81
1788 141
1789 178
1790 141
1792 187
1793 246
1794 24
1796 36
1797 23
1798 195
1799 168
1800 78
1802 24
1803 10
1804 152
1805 100
1809 198
1810 28
1811 27
1813 92
1814 0
1815 134
1816 11
1817 63
1818 169
1819 111
1820 45
1822 189
1823 171
1824 164
1825 171
1826 81
1827 240
1828 81
1829 48
1831 227
1832 82
1833 195
1834 241
1835 121
1837 151
1838 125
1840 8
1842 121
1843 12
1844 9
1845 204
1847 103
1848 140
1849 22
1850 165
1851 37
1852 102
1853 129
1854 75
1855 246
1856 156
1857 58
1858 226
1862 138
1863 33
1864 151
1865 179
1866 50
1867 0
1868 13
1869 212
1870 56
1871 0
1873 249
1874 204
1875 75
1876 8
1877 7
1878 99
1879 56
1880 37
1881 64
1882 204
1884 64
1885 188
1886 197
1887 9
1888 85
1889 197
1890 68
1891 37
1892 159
1893 234
1894 95
1895 45
1897 81
1898 7
1899 34
1900 152
1901 129
1902 194
1904 14
1906 140
1907 227
1910 23
1912 50
1913 232
1914 172
1915 37
1916 8
1917 151
1918 89
1919 141
1921 77
1922 77
1923 35
1924 214
1925 222
1926 145
1928 50
1929 43
1930 151
1931 156
1933 221
1934 210
1936 156
1937 14
1938 132
1939 98
1940 247
1941 140
1942 11
1943 189
1944 34
1946 40
1947 142
1948 20
1949 56
1950 134
1951 58
1952 104
1953 96
1955 190
1956 59
1957 62
1959 93
1960 28
1962 198
1963 161
1965 76
1966 164
1967 245
1968 231
1969 123
1970 149
1971 69
1972 150
1973 136
1974 73
1975 188
1976 104
1977 14
1978 125
1979 41
1980 4
1981 165
1982 9
1983 14
1984 34
1985 129
1986 57
1987 55
1989 63
1990 125
1991 139
1992 106
1993 190
1994 200
1995 225
1996 175
1997 47
1998 101
1999 122
2000 87
2001 0
2002 118
2003 204
2004 119
2005 235
2006 181
2007 210
2008 129
2009 33
2010 223
2011 71
2012 66
2014 204
2015 14
2016 84
2017 140
2019 200
2020 77
2021 198
2022 101
2024 8
2025 145
2026 50
2027 219
2028 221
2029 53
2030 194
2031 103
2032 188
2033 63
2035 156
2036 197
2038 119
2040 207
2041 169
2042 14
2043 50
2044 125
2045 213
2046 190
2047 159
2051 66
2053 33
2054 106
2055 153
2056 9
2057 78
2058 231
2059 19
2060 46
2061 185
2062 170
2064 119
2065 174
2066 16
2067 113
2068 140
2071 228
2072 77
2073 140
2074 215
2075 225
2076 36
2077 107
2078 233
2079 131
2080 23
2081 45
2082 50
2083 159
2084 169
2085 228
2086 38
2087 4
2088 28
2090 11
2091 181
2092 220
2093 32
2094 151
2095 149
2096 190
2097 24
2098 207
2099 218
2100 167
2101 57
2102 226
2103 154
2105 26
2106 119
2107 19
2108 244
2109 157
2110 140
2111 221
2113 207
2115 215
2116 246
2118 77
2119 67
2121 193
2122 232
2123 5
2124 65
2125 7
2126 119
2127 221
2128 145
2129 92
2130 194
2131 64
2132 133
2133 86
2134 37
2135 167
2136 62
2139 43
2140 179
2141 47
2142 161
2143 113
2145 113
2146 235
2147 106
2148 70
2149 9
2150 168
2152 213
2153 191
2154 10
2155 63
2156 0
2157 99
2158 174
2159 140
2161 234
2162 215
2163 163
2164 1
2165 193
2166 18
2167 129
2168 138
2169 187
2170 188
2171 43
2172 119
2173 14
2174 158
2178 135
2179 86
2182 119
2183 14
2184 135
2185 104
2186 101
2187 48
2188 19
2189 213
2190 19
2191 134
2192 202
2193 112
2194 158
2195 218
2197 171
2198 119
2199 225
2200 31
2202 126
2204 43
2205 212
2206 153
2207 166
2210 117
2211 8
2213 27
2214 111
2217 245
2218 35
2219 195
2220 137
2221 232
2222 82
2223 235
2224 146
2226 196
2227 109
2228 245
2229 24
2231 196
2232 204
2233 234
2234 204
2235 171
2236 195
2237 189
2239 194
2240 238
2241 170
2244 9
2245 73
2246 122
2247 232
2248 68
2249 145
2250 119
2251 195
2252 214
2253 7
2255 27
2256 106
2257 77
2258 43
2259 70
2260 147
2261 140
2262 214
2263 227
2265 223
2266 194
2267 103
2268 180
2269 131
2270 23
2271 190
2272 40
2273 113
2274 21
2275 191
2276 21
2277 230
2278 38
2279 149
2280 29
2281 167
2282 196
2283 56
2284 231
2285 133
2286 72
2287 232
2288 59
2290 184
2291 119
2292 9
2293 189
2294 29
2298 73
2299 25
2300 149
2302 53
2303 16
2304 204
2305 140
2306 8
2307 140
2308 247
2309 125
2310 65
2311 173
2312 139
2314 149
2315 151
2316 157
2317 90
2318 149
2319 8
2320 108
2321 151
2323 25
2324 57
2325 119
2327 245
2329 242
2330 8
2331 69
2332 127
2334 61
2335 214
2336 217
2337 38
2338 43
2339 231
2340 173
2341 77
2342 118
2343 104
2344 115
2345 5
2346 225
2349 151
2350 1
2351 159
2353 122
2354 134
2355 62
2356 207
2357 14
2358 122
2359 171
2360 173
2361 36
2362 67
2363 59
2364 78
2365 9
2366 121
2367 40
2368 24
2369 128
2370 181
2371 140
2372 68
2373 194
2374 97
2376 233
2377 157
2378 113
2379 69
2381 61
2383 76
2385 77
2386 114
2387 7
2388 171
2389 159
2390 62
2391 139
2393 7
2395 119
2397 207
2398 169
2399 69
2400 193
2401 72
2402 36
2403 221
2404 245
2405 173
2406 119
2407 192
2408 18
2409 177
2410 137
2411 195
2413 108
2414 122
2415 2
2418 35
2419 31
2420 16
2421 167
2422 127
2424 82
2425 71
2427 9
2428 219
2429 169
2430 46
2431 165
2432 151
2433 186
2434 140
2435 77
2438 37
2440 196
2441 36
2442 194
2443 167
2445 144
2446 68
2448 231
2449 109
2450 47
2451 101
2452 125
2455 147
2457 184
2459 159
2460 195
2461 13
2462 245
2463 4
2464 36
2467 43
2468 245
2470 151
2471 122
2472 245
2473 213
2474 53
2476 5
2478 3
2479 23
2480 204
2481 50
2482 187
2483 31
2484 59
2485 21
2486 115
2488 0
2489 1
2490 28
2491 76
2492 112
2493 179
2494 143
2495 104
2496 234
2498 204
2499 19
2501 107
2502 172
2503 36
2504 76
2505 82
2506 111
2507 93
2508 70
2509 53
2510 100
2511 22
2512 35
2513 142
2514 181
2515 69
2516 4
2517 77
2518 211
2519 194
2520 72
2521 220
2522 45
2524 73
2525 7
2526 50
2528 167
2529 99
2531 82
2533 180
2534 238
2535 76
2536 106
2537 159
2538 135
2539 27
2540 196
2541 218
2542 53
2543 238
2545 14
2547 244
2548 98
2549 182
2550 210
2551 187
2552 10
2553 18
2556 125
2557 9
2558 7
2560 206
2561 58
2563 134
2564 119
2565 25
2567 4
2568 125
2569 3
2570 6
2572 231
2574 165
2576 72
2577 233
2579 82
2580 119
2583 149
2584 171
2585 64
2586 72
2587 189
2588 72
2589 50
2590 80
2591 59
2592 76
2595 10
2596 5
2597 204
2598 158
2599 219
2601 135
2602 231
2603 53
2604 4
2605 29
2606 113
2607 165
2608 246
2609 211
2610 189
2611 151
2612 75
2614 148
2615 2
2617 31
2618 59
2619 141
2620 157
2621 142
2622 119
2623 177
2624 82
2625 122
2626 174
2627 221
2628 151
2631 22
2632 51
2633 106
2634 189
2635 24
2636 56
2637 145
2638 107
2639 158
2640 207
2642 8
2643 73
2644 54
2646 91
2648 140
2650 72
2652 169
2653 217
2654 82
2657 64
2660 185
2661 9
2662 101
2664 154
2665 125
2666 118
2667 210
2668 171
2670 62
2671 197
2672 167
2673 144
2674 77
2676 95
2677 221
2678 145
2679 27
2680 167
2681 145
2682 24
2683 232
2685 43
2686 163
2687 24
2688 125
2689 130
2690 47
2691 229
2692 31
2693 82
2694 164
2695 233
2697 132
2698 61
2701 4
2702 121
2703 233
2704 169
2705 82
2707 193
2709 245
2710 75
2711 84
2714 121
2715 24
2716 145
2717 157
2718 89
2719 249
2720 164
2721 111
2722 44
2723 139
2724 153
2725 87
2726 129
2727 104
2728 99
2729 217
2731 184
2732 245
2733 190
2737 193
2738 14
2739 189
2741 212
2742 9
2743 19
2744 65
2745 195
2747 149
2748 142
2749 112
2750 215
2751 193
2752 237
2753 82
2755 133
2756 64
2758 20
2759 125
2760 77
2761 151
2762 64
2763 233
2764 46
2765 116
2768 195
2769 108
2770 31
2772 157
2773 9
2775 154
2776 164
2777 184
2778 75
2779 157
2780 8
2781 221
2782 76
2783 82
2785 109
2786 24
2787 180
2788 32
2789 59
2791 4
2792 82
2794 45
2795 10
2796 24
2798 195
2799 56
2801 73
2802 86
2803 225
2804 153
2806 56
2807 231
2809 145
2811 77
2812 236
2813 169
2815 112
2816 212
2817 172
2818 52
2820 225
2821 197
2822 1
2823 122
2825 169
2826 151
2830 24
2831 194
2832 173
2833 231
2834 73
2835 29
2838 35
2839 119
2840 125
2842 119
2843 213
2844 240
2845 50
2846 40
2847 223
2848 189
2849 195
2850 225
2851 78
2852 119
2853 231
2854 64
2855 151
2856 113
2857 196
2858 56
2859 18
2861 8
2862 26
2863 43
2866 27
2867 161
2868 167
2869 106
2870 228
2871 165
2872 145
2873 171
2874 175
2875 51
2876 119
2878 218
2879 24
2880 14
2881 119
2882 195
2883 31
2884 77
2885 187
2886 171
2887 9
2888 21
2889 22
2890 157
2892 140
2893 104
2894 172
2895 195
2896 123
2898 145
2899 221
2900 104
2902 150
2904 0
2905 36
2906 4
2908 58
2909 179
2910 125
2911 119
2912 169
2913 118
2914 140
2916 219
2917 135
2918 148
2920 164
2921 5
2922 125
2923 106
2925 122
2927 99
2928 9
2930 4
2931 119
2932 48
2933 23
2934 56
2936 181
2937 5
2938 7
2939 89
2940 147
2941 106
2942 218
2943 198
2944 80
2945 82
2946 204
2947 204
2948 138
2949 65
2950 23
2951 119
2952 50
2954 71
2955 225
2956 153
2957 34
2959 194
2960 50
2961 43
2962 76
2963 188
2964 204
2965 119
2968 212
2970 137
2971 9
2972 231
2973 56
2974 171
2975 166
2976 1
2979 29
2980 207
2983 121
2984 76
2985 121
2986 65
2987 63
2988 76
2989 35
2990 75
2991 139
2993 31
2995 151
2996 68
2997 193
2999 204
3000 193
3001 106
3002 1
3003 233
3004 223
3005 34
3006 119
3007 119
3008 119
3009 70
3010 204
3011 77
3012 125
3013 131
3014 40
3015 5
3016 145
3017 188
3018 64
3021 202
3022 213
3023 34
3024 248
3025 187
3027 128
3028 18
3029 58
3030 192
3031 9
3032 109
3033 246
3035 113
3036 164
3038 151
3039 236
3040 76
3041 226
3042 180
3043 14
3044 197
3045 1
3046 227
3048 125
3049 241
3050 134
3051 45
3052 238
3053 77
3055 228
3056 178
3057 117
3058 50
3061 176
3062 196
3063 1
3064 89
3065 157
3066 50
3067 245
3068 173
3069 21
3070 43
3071 127
3072 57
3076 221
3077 165
3078 22
3079 37
3081 74
3082 125
3084 221
3085 63
3086 172
3087 141
3088 8
3090 76
3091 106
3092 237
3094 40
3095 195
3096 72
3097 140
3098 122
3099 64
3100 189
3101 126
3102 20
3103 194
3104 190
3105 249
3106 249
3107 24
3111 104
3112 125
3113 77
3114 77
3115 77
3116 9
3117 161
3118 72
3119 227
3120 190
3121 197
3122 151
3123 154
3124 229
3125 164
3127 194
3128 184
3129 108
3130 249
3131 163
3132 185
3133 169
3134 24
3135 164
3136 106
3137 225
3139 204
3140 54
3141 247
3144 140
3145 204
3146 151
3147 38
3148 8
3149 65
3152 1
3153 124
3154 9
3155 100
3156 19
3157 138
3158 76
3160 64
3161 101
3162 229
3163 90
3164 121
3165 199
3166 11
3167 232
3168 222
3169 123
3170 181
3171 13
3172 43
3173 215
3174 193
3175 180
3176 139
3177 196
3178 125
3179 164
3180 85
3181 195
3182 36
3183 171
3184 69
3185 69
3186 39
3187 171
3190 190
3191 197
3192 77
3193 106
3194 14
3195 4
3196 66
3197 5
3198 225
3199 150
3200 107
3202 198
3203 75
3205 63
3206 61
3207 173
3209 5
3210 12
3211 129
3212 115
3214 73
3215 2
3216 214
3218 33
3219 140
3220 113
3221 76
3222 151
3224 0
3225 63
3226 64
3227 90
3228 188
3229 207
3230 103
3231 245
3232 215
3233 7
3234 125
3235 111
3236 166
3237 137
3238 150
3239 221
3240 191
3241 9
3242 140
3243 234
3245 188
3246 119
3247 231
3248 245
3249 171
3250 233
3251 33
3252 40
3253 36
3254 119
3255 204
3256 231
3257 197
3258 0
3259 161
3260 8
3261 114
3262 140
3263 113
3265 56
3266 149
3267 76
3268 125
3269 0
3270 125
3272 204
3273 119
3274 122
3275 150
3277 99
3278 109
3279 75
3280 164
3281 233
3282 225
3284 167
3286 151
3287 151
3288 58
3289 121
3290 88
3291 165
3292 14
3293 3
3294 62
3295 87
3296 145
3297 231
3298 122
3299 195
3301 63
3302 125
3303 122
3304 195
3305 232
3306 122
3307 82
3308 198
3309 149
3310 126
3312 178
3313 119
3314 22
3315 4
3316 149
3317 76
3318 47
3319 22
3320 36
3321 163
3323 126
3324 157
3325 56
3327 2
3328 225
3329 33
3330 113
3331 5
3332 181
3333 77
3334 9
3335 84
3336 145
3337 87
3338 223
3339 108
3340 108
3341 178
3345 33
3346 53
3347 53
3348 197
3349 79
3351 31
3352 23
3353 23
3354 249
3355 164
3356 194
3357 151
3358 38
3360 241
3361 82
3362 125
3363 36
3364 9
3365 118
3366 118
3367 125
3368 65
3369 15
3370 65
3371 122
3372 0
3374 32
3375 178
3376 195
3377 50
3378 151
3379 108
3380 19
3381 40
3382 119
3383 53
3384 106
3385 100
3386 139
3387 22
3388 22
3389 151
3390 234
3391 50
3392 159
3393 9
3394 24
3396 43
3397 37
3398 197
3399 93
3403 108
3404 64
3405 121
3406 16
3407 212
3408 219
3409 140
3410 212
3411 119
3412 225
3413 126
3414 36
3415 188
3416 53
3417 82
3418 76
3419 75
3420 82
3423 214
3424 22
3425 157
3426 198
3427 82
3428 161
3429 222
3430 139
3431 122
3432 187
3433 204
3434 119
3435 50
3436 168
3437 16
3439 195
3440 36
3441 220
3442 77
3443 241
3444 36
3445 73
3446 105
3447 41
3448 178
3449 248
3451 113
3452 56
3453 167
3454 27
3455 211
3456 122
3457 38
3459 36
3460 249
3461 9
3462 124
3463 48
3464 195
3465 8
3466 82
3467 232
3468 5
3469 58
3470 64
3471 68
3472 137
3473 232
3474 194
3475 102
3476 119
3477 35
3478 149
3479 24
3480 3
3481 2
3482 31
3483 231
3484 8
3485 36
3486 8
3487 231
3488 113
3489 164
3490 5
3491 204
3492 225
3493 144
3494 4
3495 53
3496 8
3497 119
3498 232
3499 192
3500 231
3501 171
3502 8
3503 8
3504 126
3505 82
3506 232
3507 233
3508 121
3509 115
3510 82
3511 165
3512 175
3513 224
3514 182
3515 36
3516 204
3517 213
3518 53
3519 108
3520 107
3521 82
3522 36
3523 36
3524 151
3525 64
3526 135
3527 76
3528 156
3529 36
3530 204
3531 59
3532 235
3533 36
3534 204
3535 17
3536 36
3537 36
3538 76
3539 171
3540 246
3541 73
3542 211
3543 5
3544 192
3545 22
3546 1
3547 1
3548 164
3549 125
3550 69
3551 210
3552 43
3553 129
3554 151
3555 24
3556 27
3557 76
3558 190
3559 108
3560 231
3561 119
3562 8
3563 21
3564 77
3565 36
3566 36
3567 77
3568 79
3569 35
3570 8
3571 108
3572 221
3573 231
3574 221
3575 119
3576 57
3577 139
3578 89
3579 223
3580 27
3581 24
3582 18
3583 76
3584 121
3585 67
3586 36
3587 36
3588 36
3589 65
3590 204
3591 35
3592 50
3593 43
3594 99
3595 221
3596 221
3597 231
3598 150
3599 65
3600 140
3601 213
3602 249
3603 24
3604 129
3605 119
3606 165
3607 50
3608 127
3609 122
3610 122
3611 101
3612 148
3613 185
3614 133
3615 197
3616 178
3617 108
3618 149
3619 76
3620 127
3621 145
3622 190
3623 231
3624 68
3625 195
3626 69
3627 108
3628 226
3629 76
3630 194
3631 100
3632 232
3633 1
3634 232
3635 9
3636 204
3637 195
3638 157
3639 50
3640 126
3641 171
3642 7
3643 144
3644 76
3645 73
3646 31
3647 82
3648 223
3649 76
3650 232
3651 82
3652 69
3653 50
3654 36
3655 161
3656 4
3657 231
3658 53
3659 21
3660 125
3661 225
3662 5
3663 55
3664 125
3665 107
3666 65
3667 249
3668 235
3669 151
3670 77
3671 215
3672 207
3673 221
3674 115
3675 125
