0 0
1 0
2 1
3 2
4 3
6 3
7 4
8 -1
9 1
10 -1
11 -1
12 -1
13 3
14 5
15 -1
16 3
17 3
18 1
19 3
20 2
21 5
22 5
23 -1
24 4
25 1
26 -1
27 -1
28 0
30 1
31 4
32 -1
33 -1
34 5
35 -1
36 3
37 2
38 -1
40 2
41 -1
42 -1
43 5
44 5
45 5
46 3
47 5
49 3
50 -1
51 -1
52 5
53 4
54 5
55 1
57 -1
58 4
60 4
61 5
62 5
63 0
64 1
65 2
66 3
67 -1
68 3
69 0
70 -1
71 -1
72 3
73 1
75 -1
76 5
77 1
78 3
79 3
80 6
81 -1
82 3
83 -1
84 3
85 0
86 -1
87 -1
88 2
89 2
90 0
91 5
92 3
93 5
94 3
95 5
96 5
97 -1
98 2
99 5
101 3
102 4
104 5
105 2
106 2
107 1
108 2
109 5
110 -1
111 1
112 5
113 3
114 -1
115 1
116 7
118 -1
119 -1
120 -1
121 5
122 1
123 3
124 3
125 0
126 5
127 -1
128 3
129 -1
130 3
131 3
132 3
133 1
135 4
136 3
137 -1
138 2
139 5
140 -1
141 3
142 3
143 4
144 6
145 4
146 4
147 -1
148 -1
149 -1
150 1
151 5
152 2
153 -1
154 2
155 3
156 -1
157 1
158 -1
159 -1
160 -1
161 0
162 -1
163 5
164 -1
165 -1
166 5
167 0
168 3
169 4
170 -1
171 2
172 -1
173 5
174 5
175 -1
176 1
177 5
178 2
179 5
180 1
181 3
182 1
183 3
184 -1
185 2
186 5
187 1
188 -1
189 2
190 -1
191 5
192 3
193 -1
194 2
195 -1
196 -1
198 -1
199 4
200 4
201 -1
202 -1
203 2
204 5
206 3
207 5
208 0
209 5
210 -1
211 3
212 3
213 -1
214 7
215 1
216 -1
218 4
219 -1
220 -1
221 -1
222 1
223 2
224 5
225 5
226 -1
227 1
228 3
229 -1
230 2
231 3
232 1
233 1
234 2
235 5
236 2
237 -1
239 1
240 1
241 5
242 -1
243 2
244 2
245 -1
246 1
247 5
248 1
249 1
250 3
251 -1
252 3
253 3
254 4
256 3
257 2
258 1
259 1
260 -1
261 1
262 0
263 -1
264 5
265 -1
266 5
267 3
268 3
269 3
271 4
272 3
273 -1
274 3
275 7
276 -1
277 0
278 -1
280 5
281 1
282 4
283 5
284 2
285 1
286 3
287 -1
288 2
289 -1
290 -1
291 3
292 1
293 -1
294 -1
295 -1
296 3
297 -1
299 1
300 1
301 4
303 2
304 5
305 4
306 3
307 2
308 4
309 3
310 2
312 -1
313 5
314 4
315 5
317 3
318 3
319 2
320 -1
321 -1
322 -1
323 -1
324 5
325 -1
326 2
327 2
328 5
330 -1
331 2
332 4
333 4
334 2
335 3
336 2
337 3
338 -1
340 4
342 -1
343 -1
344 3
345 1
346 5
347 3
348 -1
349 3
350 -1
351 3
352 3
353 4
354 5
355 -1
356 -1
357 5
358 5
361 5
362 5
363 2
364 5
365 4
366 -1
367 2
368 5
369 0
370 2
371 -1
373 4
375 5
377 5
378 5
379 -1
380 1
381 3
382 3
383 3
384 4
385 3
386 2
387 3
389 5
391 -1
392 2
393 3
394 3
395 5
396 2
397 3
398 5
400 5
401 0
402 5
403 -1
404 1
405 -1
406 4
408 3
409 2
410 4
411 -1
412 -1
413 -1
414 2
415 1
416 5
417 -1
418 3
419 5
420 3
421 2
422 3
423 1
424 5
425 0
426 5
427 0
428 1
429 3
430 4
431 4
432 -1
433 5
434 8
435 1
436 3
437 -1
438 -1
439 -1
440 -1
441 4
444 2
445 -1
446 3
447 2
448 5
449 3
450 1
451 -1
452 -1
453 5
454 3
455 0
456 5
457 3
458 2
459 3
460 2
461 -1
462 1
463 4
464 1
465 0
466 0
467 5
469 5
470 1
471 3
472 5
473 -1
474 4
475 -1
477 2
478 4
479 -1
480 3
481 0
483 -1
484 1
485 3
486 0
487 2
488 4
490 5
492 -1
493 -1
494 1
495 1
496 6
497 1
498 3
499 3
500 5
501 2
502 1
503 -1
504 2
505 0
507 3
508 5
509 5
510 3
511 -1
512 2
513 5
514 1
516 2
517 3
518 5
520 3
521 5
522 5
523 7
524 1
525 6
527 2
528 -1
529 2
530 3
531 -1
532 3
533 3
534 3
535 -1
536 5
537 3
538 0
539 2
540 0
541 -1
542 2
543 5
544 3
545 3
547 3
548 1
549 1
550 5
551 -1
552 3
554 3
555 7
556 3
557 1
558 7
559 -1
560 -1
561 -1
562 -1
563 2
564 5
565 1
566 -1
567 1
568 6
569 -1
570 5
571 5
572 -1
573 3
574 0
575 0
576 4
577 3
578 0
579 7
580 0
581 -1
582 1
583 -1
584 -1
585 -1
586 5
588 3
589 1
590 4
591 3
592 -1
593 -1
594 -1
596 -1
597 4
598 3
600 5
601 3
602 2
604 4
606 5
607 2
608 4
609 -1
610 3
611 4
612 -1
614 4
615 1
616 2
617 3
619 5
620 3
621 3
622 4
623 0
625 3
626 1
627 3
628 2
629 3
630 3
631 -1
632 1
633 2
634 -1
635 2
636 4
637 -1
638 5
639 -1
640 3
641 2
642 3
643 5
644 -1
645 5
647 5
648 -1
649 5
650 5
651 -1
652 1
653 -1
654 3
655 2
656 1
657 -1
658 5
659 3
660 7
661 3
662 1
663 2
664 4
665 0
666 2
667 1
668 5
669 1
670 4
671 1
672 -1
673 5
674 -1
675 -1
677 -1
678 -1
679 4
680 -1
681 2
682 -1
683 -1
684 2
685 5
686 3
688 3
689 3
690 7
691 2
692 5
693 -1
694 1
695 -1
696 1
697 -1
698 3
699 5
700 3
701 -1
704 3
705 -1
706 -1
708 5
709 3
710 5
712 3
713 1
714 5
715 1
716 9
717 1
718 1
719 3
720 -1
721 1
722 0
723 2
724 -1
725 2
726 2
727 3
728 -1
729 -1
730 -1
732 0
733 6
734 4
735 3
736 6
738 1
739 3
740 1
741 -1
742 5
743 3
744 1
745 0
746 0
747 5
748 3
749 -1
750 2
751 5
752 0
753 -1
754 -1
755 1
756 1
757 3
758 5
759 -1
760 1
761 3
763 -1
764 3
765 -1
766 1
767 -1
768 -1
770 2
771 5
772 2
774 5
775 -1
776 2
778 -1
779 4
780 -1
781 4
782 1
783 -1
784 3
785 -1
786 2
787 3
788 2
789 7
790 2
791 4
792 5
793 5
794 1
795 1
796 5
798 1
800 -1
801 3
802 -1
803 5
804 3
805 -1
806 -1
807 2
808 -1
810 1
812 3
813 2
814 5
815 7
816 0
817 -1
818 1
819 1
820 3
822 3
823 2
824 2
827 5
828 4
829 -1
831 3
832 0
833 5
834 1
835 1
836 2
837 -1
838 3
839 -1
840 -1
841 5
842 -1
843 5
844 2
845 2
846 5
847 1
848 -1
849 3
850 1
851 6
852 4
853 3
854 -1
855 2
856 2
857 5
858 -1
859 1
860 7
861 3
862 1
863 4
864 3
865 1
866 8
867 -1
868 5
869 3
870 3
871 5
872 -1
873 1
874 -1
875 1
876 5
877 -1
878 3
879 0
880 2
881 5
882 -1
883 0
884 2
885 0
886 5
887 2
888 1
889 2
890 0
891 4
892 2
893 3
894 5
895 3
896 5
897 -1
899 4
900 0
901 3
902 -1
903 5
904 4
905 1
906 -1
907 2
908 -1
910 -1
911 -1
913 5
914 -1
915 5
916 1
917 3
918 1
919 2
921 3
922 4
923 3
925 -1
927 5
928 -1
930 -1
931 -1
932 5
933 1
934 6
935 -1
936 -1
937 -1
938 5
939 5
940 3
941 5
942 -1
943 5
944 -1
945 1
946 1
947 -1
948 3
950 1
951 2
952 3
953 3
955 5
956 5
957 7
958 3
959 5
960 3
961 -1
962 4
963 3
964 5
965 3
966 -1
967 0
968 -1
969 3
970 -1
971 2
972 -1
973 1
974 5
975 2
976 2
977 -1
978 5
980 -1
981 4
982 4
983 5
984 2
986 3
987 1
988 5
989 3
990 -1
992 4
994 4
995 3
996 5
997 4
998 5
999 3
1000 1
1001 5
1002 -1
1003 5
1004 2
1005 4
1007 2
1008 -1
1010 -1
1011 1
1012 2
1013 2
1014 -1
1015 5
1016 -1
1017 2
1018 4
1019 4
1020 1
1021 2
1022 3
1023 -1
1024 2
1025 1
1026 5
1027 2
1028 -1
1029 5
1030 -1
1031 0
1032 -1
1033 1
1034 1
1035 -1
1036 3
1038 5
1039 -1
1040 5
1041 6
1042 -1
1043 5
1044 4
1045 -1
1046 -1
1047 5
1048 1
1049 1
1050 -1
1052 -1
1053 4
1055 3
1056 1
1059 4
1060 2
1061 5
1062 5
1063 3
1064 -1
1065 1
1066 5
1067 2
1068 -1
1069 5
1070 -1
1071 2
1072 -1
1073 5
1074 3
1075 5
1076 3
1077 -1
1078 0
1079 5
1080 -1
1081 3
1082 -1
1083 5
1084 0
1085 2
1086 1
1087 5
1088 2
1089 3
1091 5
1093 -1
1094 3
1095 -1
1096 5
1097 1
1098 4
1099 3
1100 3
1101 5
1102 -1
1103 4
1104 5
1105 5
1106 -1
1107 4
1108 -1
1109 1
1110 3
1111 3
1112 3
1113 -1
1114 2
1115 3
1116 6
1117 3
1118 -1
1119 2
1120 3
1121 -1
1122 -1
1123 3
1124 3
1125 5
1126 2
1128 -1
1129 -1
1130 1
1131 -1
1132 -1
1133 0
1134 -1
1135 5
1137 3
1138 2
1139 5
1140 -1
1142 5
1143 -1
1144 5
1145 4
1147 1
1148 -1
1149 5
1151 -1
1153 5
1154 1
1155 5
1156 5
1157 3
1158 -1
1159 3
1160 -1
1161 3
1162 -1
1164 1
1165 3
1166 3
1168 5
1169 3
1170 2
1171 3
1172 1
1173 1
1174 5
1175 2
1177 5
1178 5
1180 1
1181 5
1182 5
1183 5
1184 -1
1185 -1
1186 5
1187 4
1188 -1
1189 -1
1190 3
1191 5
1193 -1
1194 5
1195 2
1197 1
1198 1
1199 3
1200 -1
1201 3
1202 1
1203 3
1204 5
1205 3
1206 0
1207 -1
1208 3
1209 3
1210 4
1212 -1
1213 -1
1214 1
1215 2
1217 -1
1218 2
1219 5
1220 3
1221 0
1222 4
1223 1
1224 3
1225 1
1226 3
1227 3
1228 2
1229 5
1230 1
1231 0
1232 -1
1233 -1
1235 3
1236 3
1237 3
1238 -1
1239 3
1240 2
1241 5
1242 -1
1243 2
1244 1
1245 -1
1247 2
1248 3
1250 -1
1251 5
1252 5
1253 5
1254 2
1255 0
1256 -1
1257 -1
1258 1
1259 3
1261 2
1262 4
1263 1
1264 4
1265 -1
1267 1
1268 1
1269 1
1270 -1
1271 2
1272 -1
1273 1
1274 3
1275 8
1277 4
1278 5
1279 6
1280 -1
1284 6
1285 2
1286 5
1287 2
1289 -1
1290 -1
1291 5
1292 3
1294 -1
1296 -1
1297 3
1298 2
1299 3
1300 3
1302 3
1303 5
1304 5
1305 -1
1306 3
1307 -1
1308 5
1309 3
1310 1
1311 2
1312 7
1313 3
1314 -1
1315 -1
1316 3
1317 -1
1318 0
1319 3
1320 6
1321 4
1322 4
1323 1
1325 3
1326 1
1328 5
1329 5
1330 -1
1331 3
1332 2
1334 4
1335 -1
1336 3
1338 1
1339 3
1340 3
1341 0
1342 1
1343 3
1344 -1
1345 1
1346 1
1347 2
1348 5
1349 5
1351 2
1352 2
1354 4
1355 5
1356 3
1357 3
1359 0
1360 4
1363 1
1364 2
1365 3
1366 1
1367 1
1368 5
1369 -1
1370 1
1371 3
1372 3
1373 5
1374 2
1376 1
1377 1
1378 2
1379 4
1381 -1
1382 -1
1383 5
1384 5
1385 1
1386 5
1387 3
1389 2
1390 2
1391 -1
1392 4
1394 -1
1395 -1
1396 -1
1398 0
1399 3
1400 -1
1401 3
1402 1
1403 2
1404 6
1405 2
1406 -1
1407 2
1408 -1
1409 -1
1410 1
1413 3
1414 2
1415 5
1416 2
1417 2
1419 3
1420 3
1421 5
1422 1
1423 2
1424 -1
1425 2
1426 5
1427 -1
1428 1
1429 5
1430 2
1431 0
1432 3
1434 3
1436 3
1437 -1
1438 2
1439 -1
1440 5
1441 4
1442 3
1443 3
1444 2
1445 2
1446 2
1447 4
1448 3
1449 3
1451 5
1453 3
1455 -1
1456 1
1457 1
1458 3
1459 3
1460 -1
1461 -1
1462 5
1463 2
1464 4
1465 -1
1466 2
1467 3
1468 1
1469 4
1470 5
1471 -1
1472 -1
1473 -1
1474 5
1475 1
1476 1
1477 -1
1478 2
1479 3
1480 1
1482 -1
1483 3
1485 3
1486 5
1487 7
1488 7
1489 1
1490 5
1491 2
1493 5
1494 -1
1495 -1
1496 -1
1497 -1
1499 4
1500 1
1501 3
1502 3
1503 3
1504 2
1505 3
1506 -1
1507 2
1508 5
1509 3
1510 0
1511 2
1513 2
1515 -1
1516 -1
1517 5
1518 -1
1519 5
1520 -1
1522 -1
1524 1
1525 3
1526 7
1528 -1
1529 -1
1530 3
1531 -1
1532 2
1533 5
1534 3
1535 1
1536 5
1537 8
1538 -1
1540 5
1542 3
1543 -1
1544 6
1545 1
1546 0
1547 5
1548 1
1551 2
1552 3
1553 5
1554 3
1555 -1
1558 7
1559 3
1560 5
1561 3
1562 1
1563 0
1564 3
1565 4
1566 -1
1567 -1
1568 0
1569 2
1570 5
1571 -1
1572 1
1573 3
1574 5
1576 4
1577 -1
1578 2
1579 1
1580 0
1581 3
1582 0
1583 2
1584 1
1585 1
1586 2
1587 3
1589 -1
1590 3
1592 -1
1593 3
1594 4
1596 2
1597 1
1598 1
1599 3
1600 5
1601 1
1602 -1
1604 1
1605 3
1606 3
1608 3
1609 1
1610 2
1612 1
1613 3
1614 4
1616 1
1617 0
1618 0
1619 3
1620 2
1621 5
1622 -1
1623 4
1624 2
1625 1
1626 3
1627 -1
1628 3
1629 3
1630 5
1631 3
1632 1
1633 2
1634 1
1635 0
1637 2
1638 3
1639 1
1640 0
1641 4
1642 0
1643 5
1644 1
1645 5
1647 5
1648 5
1650 5
1652 0
1653 3
1654 0
1655 1
1656 5
1657 7
1658 3
1659 1
1660 2
1661 3
1662 1
1663 2
1664 3
1665 1
1666 -1
1667 6
1668 9
1669 -1
1670 5
1671 5
1672 -1
1673 -1
1674 1
1675 -1
1676 2
1677 0
1678 -1
1679 1
1680 7
1681 0
1682 -1
1684 4
1685 5
1686 -1
1687 3
1688 -1
1689 3
1690 1
1691 -1
1692 3
1693 0
1694 -1
1695 2
1697 1
1698 5
1699 1
1700 0
1701 3
1702 5
1704 1
1706 3
1707 1
1709 3
1711 -1
1712 1
1713 -1
1714 4
1715 5
1716 1
1717 3
1718 5
1719 3
1720 5
1721 3
1722 3
1723 3
1724 2
1726 3
1727 3
1728 2
1729 5
1730 1
1732 -1
1733 -1
1734 2
1735 3
1736 1
1737 0
1738 2
1739 5
1740 4
1741 3
1743 1
1744 0
1745 5
1747 5
1750 3
1751 1
1753 -1
1754 3
1755 1
1756 1
1758 2
1759 5
1760 5
1761 5
1762 3
1763 -1
1764 1
1765 3
1766 -1
1767 0
1768 2
1769 5
1770 3
1771 4
1772 -1
1773 3
1774 -1
1775 2
1776 1
1777 -1
1778 3
1779 1
1780 0
1782 -1
1783 2
1784 1
1785 5
1788 4
1789 3
1790 2
1792 1
1793 1
1794 5
1797 3
1798 5
1799 2
1800 1
1802 3
1803 2
1804 5
1805 5
1809 2
1810 2
1811 3
1813 2
1814 -1
1815 -1
1816 5
1817 7
1818 5
1819 9
1820 2
1822 5
1823 2
1824 1
1825 5
1826 -1
1827 -1
1828 5
1829 -1
1831 2
1832 3
1833 1
1834 -1
1835 5
1838 5
1840 0
1842 2
1843 4
1844 -1
1845 5
1847 5
1848 1
1849 3
1850 5
1851 -1
1852 -1
1853 -1
1854 3
1855 2
1856 1
1857 5
1858 2
1862 4
1863 4
1864 1
1865 5
1866 1
1867 5
1868 2
1869 7
1870 1
1871 5
1873 5
1874 1
1875 3
1876 1
1877 3
1878 1
1879 3
1880 -1
1881 1
1882 1
1884 5
1885 1
1886 2
1887 1
1888 2
1889 5
1890 5
1891 2
1892 1
1893 2
1894 -1
1895 -1
1897 5
1898 5
1899 8
1900 5
1901 5
1902 1
1904 -1
1906 1
1907 -1
1910 5
1912 0
1913 3
1914 5
1915 5
1916 0
1917 3
1918 3
1919 6
1921 1
1922 5
1923 2
1924 5
1925 3
1926 3
1928 3
1929 3
1930 0
1931 -1
1933 0
1934 5
1936 1
1937 5
1938 5
1939 5
1940 4
1941 0
1942 -1
1943 2
1944 -1
1946 1
1947 3
1948 1
1949 1
1950 3
1951 5
1952 0
1953 -1
1955 3
1956 -1
1957 5
1959 9
1960 -1
1962 3
1963 -1
1966 4
1967 3
1968 3
1969 -1
1971 0
1972 -1
1973 -1
1974 5
1975 3
1976 3
1977 -1
1978 3
1979 -1
1980 3
1981 1
1982 5
1983 2
1984 -1
1985 2
1986 1
1987 4
1989 2
1991 1
1992 1
1993 1
1994 2
1995 1
1996 7
1997 5
1998 -1
1999 3
2000 3
2001 4
2002 0
2003 3
2004 3
2005 5
2006 -1
2007 -1
2008 -1
2009 2
2010 0
2011 -1
2012 -1
2014 1
2015 5
2016 6
2017 3
2019 -1
2020 1
2021 0
2022 3
2024 3
2025 5
2027 1
2028 0
2029 3
2030 3
2031 3
2032 1
2033 1
2035 3
2036 3
2040 2
2041 3
2042 2
2044 1
2045 2
2046 1
2047 1
2051 4
2053 2
2054 2
2055 4
2056 1
2057 3
2058 0
2059 2
2060 4
2061 4
2062 3
2065 5
2066 0
2067 5
2068 3
2071 2
2072 3
2073 1
2074 3
2075 0
2076 5
2077 5
2078 1
2079 -1
2080 1
2081 -1
2083 2
2084 4
2085 -1
2086 5
2087 5
2088 5
2090 -1
2091 3
2092 5
2093 7
2094 1
2095 1
2096 1
2097 3
2098 4
2099 5
2100 -1
2101 -1
2102 5
2103 3
2105 2
2106 0
2107 5
2108 1
2109 2
2110 3
2111 1
2113 2
2115 3
2116 3
2118 1
2119 -1
2121 5
2122 1
2123 1
2124 5
2125 -1
2126 1
2127 1
2128 5
2129 4
2130 1
2131 1
2132 4
2133 5
2134 -1
2135 0
2136 5
2139 1
2140 3
2141 1
2142 5
2143 3
2146 2
2147 -1
2148 -1
2149 1
2150 2
2152 1
2153 1
2154 2
2155 3
2156 5
2157 -1
2158 -1
2159 1
2161 2
2162 3
2163 -1
2164 1
2165 3
2166 5
2167 -1
2168 5
2169 2
2170 1
2171 5
2172 0
2173 4
2174 7
2178 5
2179 3
2182 0
2183 3
2184 2
2185 0
2186 3
2187 5
2188 2
2189 1
2190 5
2191 5
2192 5
2193 5
2194 2
2195 5
2197 5
2198 0
2200 2
2202 2
2204 3
2205 2
2206 5
2207 -1
2210 -1
2211 3
2213 5
2214 7
2217 3
2218 -1
2220 -1
2221 1
2223 2
2224 -1
2226 5
2227 6
2228 5
2229 5
2231 5
2232 1
2233 4
2234 -1
2235 1
2236 1
2237 2
2239 -1
2240 2
2241 4
2244 2
2245 2
2246 0
2248 5
2249 3
2251 3
2252 5
2253 5
2255 5
2256 5
2257 1
2258 5
2259 -1
2260 -1
2261 5
2262 5
2263 2
2265 1
2266 1
2267 3
2268 2
2269 -1
2270 3
2271 3
2272 -1
2273 0
2274 -1
2275 -1
2276 2
2277 -1
2278 1
2280 1
2281 3
2282 5
2283 0
2284 3
2285 2
2286 2
2287 1
2288 -1
2290 4
2291 -1
2292 1
2293 1
2294 0
2298 2
2299 5
2300 3
2302 0
2303 1
2304 3
2305 5
2306 0
2307 3
2308 -1
2309 1
2310 1
2311 1
2312 3
2314 3
2315 0
2316 3
2317 -1
2318 3
2320 3
2321 0
2323 -1
2324 1
2325 5
2327 5
2329 6
2331 1
2332 3
2334 3
2335 3
2336 4
2337 2
2338 -1
2339 1
2340 4
2341 1
2342 1
2343 3
2344 4
2345 3
2346 1
2350 3
2351 1
2353 3
2354 5
2355 5
2356 -1
2357 -1
2358 0
2359 0
2360 5
2361 -1
2362 6
2363 -1
2364 2
2365 3
2367 2
2368 1
2369 -1
2370 1
2371 0
2372 2
2373 1
2374 -1
2376 1
2377 1
2379 0
2381 5
2383 0
2385 1
2386 5
2387 1
2388 1
2389 1
2390 3
2391 1
2393 3
2395 0
2397 2
2398 2
2399 0
2400 5
2401 3
2402 1
2403 1
2404 3
2405 5
2406 0
2407 3
2408 2
2409 -1
2410 7
2411 5
2413 3
2414 0
2415 1
2418 5
2419 1
2420 1
2421 3
2422 -1
2424 3
2425 3
2427 5
2428 4
2429 2
2430 2
2431 1
2432 1
2433 -1
2434 1
2438 5
2440 3
2441 1
2442 1
2443 3
2445 1
2446 4
2448 1
2449 6
2450 5
2451 5
2452 3
2455 6
2457 3
2459 5
2460 1
2461 3
2462 3
2463 3
2464 0
2467 1
2468 3
2471 5
2472 3
2473 1
2474 1
2476 5
2478 4
2479 1
2480 1
2482 5
2483 1
2484 4
2485 5
2486 2
2488 3
2489 3
2490 9
2491 1
2492 5
2493 3
2494 -1
2495 0
2496 2
2498 3
2499 2
2501 9
2502 3
2503 1
2504 0
2505 -1
2506 -1
2507 4
2508 -1
2510 5
2511 1
2512 3
2513 3
2514 4
2516 3
2517 1
2518 2
2519 0
2520 5
2521 2
2522 -1
2524 3
2525 0
2528 1
2529 5
2531 1
2533 2
2534 2
2535 0
2536 3
2537 3
2538 -1
2539 -1
2540 5
2541 5
2542 3
2543 -1
2545 -1
2547 1
2548 2
2549 6
2550 -1
2551 1
2552 7
2553 1
2557 1
2558 3
2560 -1
2561 4
2563 2
2564 0
2565 5
2567 5
2569 7
2570 5
2572 1
2574 3
2576 5
2579 1
2580 1
2583 5
2584 0
2585 0
2586 1
2587 5
2588 -1
2589 1
2590 2
2591 4
2592 5
2595 -1
2596 3
2597 1
2598 2
2599 3
2601 5
2602 1
2604 -1
2605 3
2606 0
2607 3
2608 -1
2609 4
2610 5
2611 0
2612 -1
2614 -1
2615 1
2617 3
2618 -1
2619 5
2620 5
2621 5
2623 4
2624 0
2625 1
2626 4
2627 1
2628 1
2631 0
2632 -1
2633 3
2634 -1
2635 -1
2636 3
2637 3
2638 -1
2639 2
2640 2
2642 1
2643 2
2644 -1
2646 4
2648 -1
2650 5
2652 2
2653 -1
2654 3
2657 2
2660 4
2661 1
2662 3
2664 2
2665 0
2666 1
2667 5
2668 3
2670 3
2671 5
2672 5
2673 1
2674 1
2676 -1
2677 0
2678 3
2679 1
2680 -1
2681 3
2682 3
2683 1
2685 1
2686 -1
2687 4
2688 1
2689 -1
2690 3
2691 1
2692 3
2693 0
2694 0
2695 2
2697 3
2698 -1
2701 5
2702 5
2704 2
2705 1
2707 3
2709 3
2710 3
2711 5
2715 -1
2716 5
2717 1
2718 3
2719 1
2720 5
2721 -1
2722 -1
2723 3
2724 4
2725 4
2726 3
2728 5
2729 -1
2731 -1
2732 5
2733 0
2737 1
2738 -1
2739 2
2741 4
2742 0
2743 3
2744 3
2745 2
2747 1
2748 2
2749 2
2750 5
2751 3
2752 7
2753 3
2755 2
2756 5
2758 4
2759 1
2760 0
2762 3
2763 3
2764 6
2765 -1
2768 1
2769 0
2772 2
2773 1
2775 5
2776 5
2777 5
2778 1
2779 3
2780 1
2783 1
2785 4
2786 3
2787 3
2788 -1
2789 4
2791 1
2792 1
2794 2
2795 -1
2796 5
2798 1
2799 3
2801 3
2802 5
2803 1
2804 4
2806 1
2807 5
2809 3
2811 5
2812 2
2813 5
2815 3
2816 5
2817 -1
2818 5
2820 1
2821 4
2822 0
2823 1
2825 5
2826 5
2830 2
2831 3
2832 3
2833 0
2834 3
2835 1
2838 2
2839 1
2840 1
2843 5
2844 7
2845 5
2846 4
2848 5
2849 5
2850 3
2851 1
2854 -1
2855 1
2856 3
2857 2
2858 1
2859 -1
2861 0
2862 6
2863 1
2866 -1
2867 -1
2868 5
2869 3
2870 4
2871 1
2872 3
2873 3
2874 -1
2875 4
2878 -1
2879 5
2880 -1
2881 0
2882 5
2883 0
2884 1
2885 1
2886 1
2887 1
2888 1
2889 3
2890 3
2892 5
2894 5
2895 3
2896 -1
2898 3
2899 1
2900 0
2902 9
2904 5
2906 1
2908 3
2909 3
2912 -1
2914 1
2916 5
2917 3
2918 2
2920 5
2921 1
2922 0
2923 3
2925 5
2927 3
2928 1
2930 3
2931 0
2932 -1
2933 5
2934 5
2936 -1
2937 1
2938 0
2939 0
2940 4
2941 2
2942 5
2943 5
2944 -1
2945 3
2946 1
2947 1
2948 3
2950 1
2951 1
2952 1
2954 -1
2955 5
2956 -1
2957 9
2959 3
2960 0
2961 5
2962 0
2963 3
2964 0
2965 3
2968 -1
2970 7
2971 1
2972 0
2973 1
2974 1
2975 -1
2976 3
2979 -1
2980 5
2986 5
2987 5
2988 1
2989 4
2990 0
2991 1
2993 1
2995 3
2996 5
2997 5
2999 3
3000 5
3001 2
3002 3
3003 3
3004 1
3005 2
3006 0
3008 5
3009 -1
3010 3
3011 1
3012 3
3013 7
3014 4
3015 -1
3016 3
3017 4
3018 0
3021 2
3022 4
3023 -1
3024 1
3025 3
3027 -1
3028 5
3029 3
3030 2
3031 1
3032 2
3033 3
3035 1
3036 1
3038 3
3039 4
3041 6
3042 4
3043 -1
3044 2
3045 3
3046 -1
3048 0
3049 -1
3050 3
3051 5
3052 5
3053 3
3055 4
3056 3
3057 -1
3058 3
3061 -1
3062 3
3063 3
3064 5
3065 1
3066 0
3068 -1
3069 3
3070 1
3071 3
3072 1
3076 1
3077 3
3078 1
3079 -1
3081 -1
3082 0
3085 0
3086 3
3087 2
3091 5
3092 7
3094 3
3095 5
3096 5
3097 5
3098 1
3099 3
3100 2
3101 5
3102 3
3103 3
3104 1
3105 3
3106 1
3107 3
3111 1
3112 1
3113 0
3114 1
3115 1
3116 0
3117 -1
3118 5
3119 -1
3120 1
3121 -1
3122 1
3123 4
3124 5
3125 3
3127 1
3128 3
3129 3
3130 3
3131 -1
3132 5
3133 1
3134 3
3135 5
3136 1
3137 5
3139 1
3140 7
3141 2
3144 1
3145 1
3146 0
3147 -1
3149 1
3152 0
3153 -1
3155 1
3156 -1
3157 -1
3158 5
3160 1
3161 3
3162 3
3163 7
3165 -1
3166 -1
3168 3
3169 -1
3170 3
3171 4
3172 3
3173 5
3174 3
3175 -1
3176 1
3177 3
3179 5
3180 2
3181 1
3183 1
3184 0
3185 5
3186 6
3187 1
3190 3
3191 3
3192 1
3193 3
3194 -1
3195 5
3196 4
3197 1
3198 1
3199 2
3200 5
3202 3
3203 -1
3205 3
3206 5
3207 5
3210 -1
3211 5
3212 -1
3214 -1
3215 1
3216 2
3218 3
3219 3
3220 3
3224 5
3225 2
3226 5
3227 -1
3228 1
3229 -1
3230 5
3231 2
3232 1
3233 5
3234 0
3235 7
3236 7
3237 -1
3238 7
3239 0
3240 1
3241 1
3242 1
3243 -1
3245 3
3247 0
3248 1
3249 3
3250 1
3251 2
3252 3
3253 3
3254 3
3255 1
3257 5
3258 5
3259 -1
3260 5
3261 2
3262 3
3263 3
3265 1
3266 1
3269 2
3270 0
3272 1
3275 4
3277 2
3278 4
3279 3
3281 0
3282 3
3284 7
3286 0
3287 0
3288 3
3289 1
3290 -1
3291 5
3292 -1
3293 5
3294 2
3295 5
3296 5
3298 3
3299 5
3301 2
3302 1
3304 5
3305 3
3306 0
3307 0
3308 -1
3309 1
3310 5
3312 1
3313 1
3314 0
3315 4
3316 1
3318 1
3319 0
3320 0
3321 -1
3323 3
3324 3
3325 5
3327 0
3328 1
3329 2
3330 5
3332 3
3333 5
3334 0
3335 5
3336 3
3337 5
3338 1
3339 3
3340 3
3341 2
3345 -1
3346 1
3348 5
3349 -1
3351 1
3352 3
3353 3
3354 1
3355 1
3356 1
3357 1
3358 5
3360 -1
3361 3
3362 1
3363 0
3364 3
3365 1
3367 5
3368 3
3369 -1
3370 1
3371 1
3372 5
3374 5
3375 1
3376 3
3377 0
3378 1
3379 1
3380 5
3381 2
3384 3
3385 5
3387 1
3388 1
3389 1
3390 -1
3391 5
3392 1
3393 1
3394 3
3396 1
3397 3
3398 -1
3399 9
3403 3
3404 1
3405 5
3406 0
3407 2
3408 5
3409 3
3410 5
3411 0
3412 0
3413 5
3414 0
3415 5
3416 1
3417 3
3419 -1
3420 3
3423 2
3424 0
3425 3
3426 2
3427 5
3428 3
3429 -1
3430 1
3432 3
3433 3
3434 5
3435 3
3436 2
3437 0
3439 3
3441 5
3442 5
3443 4
3445 3
3446 -1
3447 -1
3448 3
3449 3
3451 0
3452 0
3453 1
3454 2
3455 -1
3456 5
3457 2
3459 1
3460 1
3461 1
3462 6
3463 1
3465 1
3466 1
3467 0
3468 5
3469 2
3471 3
3472 -1
3473 0
3474 -1
3475 -1
3476 0
3477 4
3478 3
3479 2
3480 -1
3481 1
3482 1
3484 3
3485 0
3486 1
3487 0
3488 5
3489 5
3490 3
3491 1
3492 0
3493 1
3494 1
3496 1
3497 0
3498 1
3499 4
3501 3
3502 3
3503 1
3504 3
3506 1
3507 3
3508 1
3509 2
3510 0
3511 5
3512 7
3513 5
3514 -1
3515 1
3516 1
3517 1
3518 0
3520 5
3521 0
3522 0
3523 1
3524 0
3526 2
3528 1
3529 1
3530 1
3531 2
3532 3
3533 0
3534 1
3535 2
3536 0
3537 0
3538 1
3540 1
3541 1
3542 2
3543 3
3544 6
3546 5
3548 3
3549 1
3550 0
3551 -1
3552 3
3553 5
3554 0
3555 3
3556 -1
3557 5
3558 1
3559 3
3560 0
3562 3
3563 5
3564 1
3567 1
3568 -1
3569 9
3570 0
3571 1
3572 1
3573 1
3574 3
3575 3
3576 3
3577 5
3579 0
3580 3
3581 5
3582 5
3583 0
3584 4
3585 -1
3589 1
3590 1
3591 5
3592 3
3594 -1
3596 1
3597 0
3598 5
3600 2
3601 3
3603 1
3604 5
3606 3
3607 0
3608 5
3609 1
3610 0
3611 3
3612 -1
3613 5
3614 -1
3615 1
3616 3
3618 1
3619 1
3620 3
3621 3
3622 0
3623 0
3624 3
3625 -1
3627 3
3628 2
3630 0
3631 -1
3632 1
3633 1
3635 5
3636 1
3637 1
3638 3
3639 0
3640 5
3641 1
3642 1
3643 3
3644 0
3645 2
3647 1
3648 3
3649 1
3650 0
3651 1
3652 1
3653 0
3654 0
3655 5
3656 3
3658 1
3659 8
3660 0
3661 1
3662 3
3663 4
3665 5
3666 3
3667 1
3668 1
3669 -1
3670 5
3671 3
3672 -1
3673 0
3674 -1
3676 1
3677 3
3678 0
3680 1
3681 1
3682 5
3683 0
3684 0
3685 0
3686 1
3687 0
3688 3
3689 3
3690 3
3691 3
3692 5
3693 3
3694 2
3695 3
3696 1
3697 1
3698 3
3699 1
3700 0
3701 0
3702 1
3703 3
3704 5
3705 5
3706 -1
3707 0
3708 5
3710 1
3712 -1
3713 -1
3714 5
3715 1
3716 2
3717 0
3718 0
3719 1
3720 0
3721 0
3722 2
3723 1
3724 0
3725 -1
3726 3
3727 5
3728 1
3729 0
3730 0
3731 4
3732 0
3733 5
3734 0
3735 3
3737 0
3738 0
3739 1
3740 3
3741 -1
3742 5
3743 3
3744 2
3745 0
3746 0
3747 0
3748 3
3750 5
3751 1
3752 1
3753 5
3754 1
3755 3
3756 1
3758 3
3759 6
3760 0
3761 5
3762 3
3763 0
3764 1
3765 2
3766 3
3767 1
3768 0
3769 1
3770 3
3771 0
3772 2
3773 2
3774 3
3775 0
3777 0
3778 2
3779 1
3780 1
3781 3
3784 4
3785 5
3787 0
3788 0
3789 1
3790 0
3791 2
3792 3
3793 0
3795 -1
3796 0
3797 4
3798 1
3799 0
3800 1
3801 1
3802 0
3803 3
3804 3
3807 0
3808 1
3809 0
3810 0
3811 0
3812 3
3815 5
3816 0
3817 1
3818 -1
3819 3
3820 3
3821 5
3822 5
3823 -1
3824 5
3825 1
3826 1
3827 4
3828 2
3829 -1
3830 -1
3831 1
3832 3
3833 0
3834 1
3835 0
3836 0
3837 4
3838 5
3839 1
3840 0
3841 1
3842 1
3843 1
3844 0
3845 0
3846 1
3847 0
3848 1
3849 3
3850 1
3851 2
3852 1
3853 1
3854 1
3855 -1
3856 0
3857 4
3858 -1
3860 0
3861 0
3862 3
3863 0
3864 3
3865 0
3866 0
3868 1
3869 0
3870 0
3871 6
3872 5
3873 0
3874 0
3875 1
3876 1
3877 3
3878 0
3879 1
3880 0
3881 0
3882 3
3883 0
3884 0
3885 0
3886 1
3887 -1
3888 2
3889 1
3890 -1
3891 1
3892 1
3893 0
3894 0
3895 1
3896 3
3897 2
3898 1
3899 1
3900 0
3901 0
3902 0
3903 0
3904 0
3905 0
3906 0
3907 3
3908 3
3909 0
3910 0
3911 0
3912 3
3913 2
3914 -1
3915 1
3916 0
3917 1
3918 1
3919 2
3920 3
3921 1
3922 2
3923 3
3924 0
3925 5
3926 2
3927 5
3928 3
3929 1
3930 1
3931 1
3932 2
3933 3
3934 0
3935 0
3936 3
3937 3
3938 3
3939 1
3940 1
3941 0
3942 -1
3943 0
3944 0
3945 0
3946 0
3947 1
3948 1
3949 0
3950 3
3951 1
3952 0
3953 1
3954 -1
3955 0
3956 0
3957 0
3958 0
3959 0
3960 1
3961 0
3962 1
3963 1
3964 5
3965 1
3966 0
3967 1
3968 0
3969 1
3970 1
3971 3
3972 0
3973 0
3974 0
3975 0
3976 0
3977 1
3978 0
3979 0
3980 1
3981 1
3982 1
3983 3
3984 0
3985 1
3986 0
3987 0
3988 1
3989 3
3990 1
3991 0
3992 1
3993 -1
3994 1
3995 0
3996 0
3997 0
3998 3
3999 0
4000 0
4001 1
4002 0
4003 5
4004 0
4005 1
4006 1
4007 1
4008 0
4009 3
4010 1
4011 1
4012 0
4013 1
4014 -1
4015 3
4016 0
4017 0
4018 0
4019 0
4020 0
4021 0
4022 1
4023 0
4024 1
4025 1
4026 5
4027 0
4028 0
4029 1
4030 1
4031 0
4032 5
4033 5
4034 1
4035 3
4036 0
4037 0
4038 3
4039 3
4040 0
4041 1
4042 1
4043 0
4044 1
4045 5
4046 3
4047 1
4048 0
4049 0
4050 1
4051 1
4052 1
4053 0
4054 0
4055 1
4056 3
4057 0
4058 0
4059 1
4060 -1
4061 3
4062 5
4063 3
4064 0
4065 0
4066 0
4067 0
4068 0
4069 0
4070 0
4071 0
4072 1
4073 0
4074 3
4075 1
4076 1
4077 1
4078 0
4079 3
4080 0
4081 1
4082 -1
4083 0
4084 1
4085 0
4086 1
4087 1
4088 0
4089 0
4090 1
4091 0
4092 0
4093 0
4094 1
4095 0
4096 0
4097 0
4098 1
4099 0
4100 -1
4101 1
4102 1
4103 -1
4104 1
4105 1
4106 1
4107 0
4108 0
4109 0
4110 -1
4111 0
4112 5
4113 0
4114 0
4115 1
4116 3
4117 1
4118 1
4119 1
4120 2
4121 5
4122 0
4123 3
4124 0
4125 1
4126 0
4127 3
4128 1
4129 1
4130 0
4131 0
