0 0
1 1
2 2
3 3
4 4
6 0
7 2
8 -1
9 5
10 -1
11 5
12 3
13 3
14 -1
15 -1
16 5
17 3
18 0
19 4
20 1
21 5
22 2
23 -1
24 -1
25 0
26 -1
27 -1
28 5
30 1
31 4
32 -1
33 4
34 -1
35 -1
36 -1
37 2
38 4
40 -1
41 -1
42 1
43 1
44 3
45 3
46 4
47 2
49 3
50 5
51 6
52 -1
53 -1
54 3
55 0
57 -1
58 4
60 -1
61 3
62 1
64 1
65 4
66 5
67 -1
68 3
69 0
70 -1
71 -1
75 -1
76 5
77 1
78 3
79 4
80 4
81 4
83 -1
84 5
86 2
87 -1
88 3
89 -1
90 1
91 4
92 5
93 5
94 2
95 -1
96 3
97 4
98 4
99 -1
101 0
102 3
104 3
105 -1
106 -1
107 0
108 -1
109 3
110 -1
111 3
112 3
113 6
114 -1
115 1
116 6
118 3
119 2
120 -1
122 3
123 0
124 5
125 5
126 2
127 2
128 1
129 3
130 5
131 3
132 5
133 0
135 2
136 5
137 3
138 -1
139 2
140 1
141 2
142 -1
143 -1
144 -1
145 -1
146 4
147 -1
148 -1
149 5
150 1
151 3
152 2
153 5
154 -1
155 -1
156 -1
157 0
158 6
159 -1
160 3
161 0
162 -1
163 -1
164 4
165 -1
166 2
167 1
168 2
169 2
170 5
171 5
172 -1
173 9
174 -1
175 -1
176 -1
177 3
178 -1
179 3
180 5
181 -1
182 1
183 2
184 1
185 4
186 5
187 5
188 -1
189 3
190 0
191 5
192 5
193 3
194 2
195 -1
196 4
198 -1
199 5
200 4
201 -1
202 3
203 1
204 3
206 4
207 3
209 3
210 -1
211 5
212 1
213 4
214 -1
215 1
216 -1
218 2
219 2
220 -1
221 1
222 1
223 4
224 5
225 2
226 -1
227 1
228 1
229 -1
230 2
231 1
233 0
234 3
235 3
236 2
237 4
239 5
240 1
241 5
242 -1
243 -1
244 2
245 4
246 1
247 5
248 0
249 5
250 8
251 2
252 1
253 2
254 -1
256 2
257 -1
258 5
259 5
260 -1
263 4
264 1
265 -1
266 -1
267 -1
268 5
269 5
271 2
272 5
273 -1
274 5
275 4
276 -1
277 1
278 -1
280 3
281 5
282 3
283 0
284 3
286 2
287 5
288 5
289 -1
290 3
292 1
293 -1
295 1
296 3
297 -1
299 2
300 5
301 -1
303 -1
304 3
305 2
306 5
307 -1
308 3
309 1
310 2
312 -1
313 -1
314 5
315 5
317 1
318 3
319 -1
320 -1
321 -1
322 2
323 -1
324 -1
325 -1
326 -1
327 4
328 8
330 -1
331 3
332 -1
333 3
334 4
335 2
336 -1
337 3
338 4
340 -1
342 -1
343 4
344 3
345 1
346 2
347 3
348 4
349 1
350 -1
351 1
352 1
353 2
354 5
355 -1
356 5
357 2
358 2
361 1
362 2
363 4
364 -1
365 4
366 -1
367 2
369 0
370 4
371 3
373 -1
375 5
377 3
378 4
379 4
380 1
381 5
382 2
383 3
384 4
385 1
386 2
387 5
389 3
391 2
392 6
393 1
394 5
395 5
396 1
397 1
398 5
400 -1
401 0
402 5
403 2
404 5
405 -1
406 -1
408 1
409 2
410 4
411 4
412 5
413 6
414 2
415 1
416 -1
417 4
418 5
419 0
420 3
421 2
422 5
423 3
424 -1
425 1
426 -1
427 5
428 1
429 3
430 2
431 -1
432 -1
433 2
434 4
435 0
436 5
437 5
438 4
439 -1
440 -1
441 5
444 3
445 3
446 5
447 4
448 4
449 1
451 -1
452 -1
453 3
454 5
455 5
456 2
457 1
458 2
459 0
460 2
461 0
462 1
463 3
464 5
465 0
466 0
467 3
469 -1
470 1
471 5
472 3
473 -1
474 2
475 -1
477 2
478 4
479 5
480 3
481 5
483 -1
484 1
485 1
486 0
487 3
488 -1
490 -1
492 8
493 5
496 -1
497 1
498 3
499 -1
500 -1
501 2
502 1
503 2
504 -1
507 5
508 3
509 4
510 0
511 5
512 4
513 2
514 5
516 4
517 5
518 3
520 2
521 5
522 3
523 -1
525 4
527 4
528 2
529 4
530 3
531 5
532 1
533 1
534 -1
535 2
536 2
537 5
538 0
539 3
540 5
541 4
542 1
543 2
544 -1
545 2
547 1
548 1
549 5
550 4
551 5
552 3
554 5
555 4
556 2
557 0
558 4
559 -1
560 -1
561 3
562 5
563 2
564 3
565 2
566 8
567 1
568 -1
569 2
570 2
571 2
572 -1
573 3
574 5
575 1
576 2
577 5
578 0
579 -1
580 5
581 -1
582 1
583 4
584 4
585 3
586 5
588 2
589 5
590 4
591 5
592 5
593 -1
594 7
596 3
597 -1
600 5
601 5
602 -1
604 -1
606 3
607 -1
608 2
609 2
610 2
611 3
612 2
614 2
615 1
616 4
617 -1
619 -1
620 3
621 2
622 -1
623 -1
625 2
626 1
627 1
628 3
629 1
630 2
631 -1
632 3
633 -1
634 -1
635 4
636 -1
637 -1
638 -1
639 2
640 5
641 2
642 5
643 3
644 -1
645 1
647 2
648 -1
649 3
650 3
651 -1
652 0
653 3
654 5
655 -1
656 1
657 4
658 2
659 3
660 5
661 3
663 -1
664 4
665 0
666 -1
668 2
669 5
670 4
671 5
672 -1
673 2
674 4
675 -1
677 -1
678 -1
679 2
680 1
681 -1
682 4
683 -1
684 4
685 4
686 3
688 3
689 1
690 -1
691 2
692 3
693 -1
694 5
695 2
696 5
697 2
698 0
699 -1
700 2
701 -1
704 5
705 -1
706 2
708 3
709 5
710 2
712 4
713 3
714 -1
715 5
716 4
717 3
719 -1
720 3
721 1
722 1
723 4
724 2
725 4
726 2
727 5
728 3
729 5
730 2
732 0
733 2
734 -1
736 4
738 1
739 -1
740 1
741 -1
742 5
743 5
744 1
745 3
747 5
748 -1
749 -1
750 2
751 5
752 0
753 5
754 3
755 3
756 3
757 1
758 -1
759 6
760 1
761 1
763 -1
764 1
765 4
766 1
767 5
768 -1
770 -1
771 2
772 2
775 5
776 4
778 -1
779 -1
780 3
781 2
782 3
783 2
784 -1
785 -1
786 2
787 2
788 2
789 4
790 5
791 -1
792 3
793 2
794 1
795 5
796 3
798 5
800 3
801 5
802 3
803 4
804 2
805 2
806 2
807 2
808 2
810 0
812 -1
813 2
814 -1
815 -1
817 -1
818 5
819 5
820 3
822 -1
823 2
824 -1
827 3
828 4
829 4
831 1
833 2
834 5
835 1
836 -1
837 4
838 1
839 4
840 3
841 5
842 -1
843 2
844 4
845 5
846 2
847 3
848 -1
849 5
850 1
851 4
852 4
853 5
854 -1
855 5
856 2
857 2
858 -1
859 5
860 -1
861 1
862 5
863 -1
864 3
865 0
866 4
867 -1
868 5
869 2
870 3
871 2
872 7
873 -1
874 3
875 3
876 1
877 -1
878 5
879 3
880 -1
881 2
882 -1
884 4
886 2
887 4
888 5
889 3
891 2
892 -1
893 3
894 4
895 -1
896 -1
897 -1
899 -1
900 1
901 5
902 -1
903 4
904 2
906 -1
907 3
908 5
910 3
911 4
913 -1
914 2
915 3
916 5
917 1
918 1
919 3
921 5
922 4
923 0
925 -1
927 5
928 -1
930 2
931 2
932 2
933 3
934 -1
935 6
936 -1
937 -1
938 2
939 4
940 5
941 5
942 4
943 -1
944 4
945 3
946 5
947 -1
948 1
950 1
951 2
952 1
953 -1
955 5
956 3
957 -1
958 3
959 0
960 1
961 4
962 -1
963 2
964 3
965 1
966 1
967 5
968 2
969 3
970 2
971 -1
972 -1
973 5
974 2
975 4
976 2
977 -1
978 2
980 -1
981 4
982 -1
983 2
984 3
986 1
987 1
988 1
989 2
990 -1
992 2
994 4
995 5
996 4
997 -1
998 3
999 2
1000 3
1001 3
1002 4
1003 5
1004 3
1005 4
1007 -1
1008 6
1010 -1
1011 3
1012 2
1013 2
1014 -1
1015 1
1016 -1
1017 2
1018 4
1019 -1
1020 5
1021 2
1022 3
1023 -1
1024 2
1025 0
1026 3
1027 -1
1028 4
1029 2
1030 0
1031 5
1032 -1
1033 1
1034 1
1035 4
1036 1
1038 3
1039 -1
1040 3
1041 -1
1042 3
1043 -1
1044 2
1045 2
1046 -1
1047 3
1048 5
1049 5
1050 3
1052 -1
1053 4
1055 2
1056 1
1059 -1
1060 0
1061 5
1062 -1
1063 3
1064 6
1065 1
1066 3
1067 3
1068 -1
1069 2
1070 3
1071 -1
1072 -1
1073 7
1074 0
1075 4
1076 5
1077 4
1078 5
1079 2
1080 4
1081 1
1082 -1
1083 -1
1085 3
1086 5
1087 -1
1088 3
1089 2
1091 5
1093 2
1094 1
1095 2
1096 2
1097 3
1098 2
1099 2
1100 -1
1101 2
1102 4
1103 -1
1104 5
1105 5
1106 -1
1107 -1
1108 2
1109 1
1110 2
1111 0
1112 -1
1113 -1
1114 2
1115 1
1116 6
1117 3
1118 -1
1119 -1
1120 3
1121 2
1122 -1
1123 -1
1124 2
1125 2
1126 4
1128 2
1129 -1
1130 0
1131 2
1132 2
1133 0
1134 -1
1135 4
1138 4
1139 5
1140 -1
1142 3
1143 -1
1144 3
1145 -1
1147 0
1148 3
1149 3
1151 4
1153 2
1154 5
1155 2
1156 5
1157 3
1158 -1
1159 5
1160 2
1161 5
1162 3
1164 4
1165 3
1166 3
1168 -1
1169 5
1170 2
1171 5
1172 4
1173 0
1174 5
1175 2
1177 2
1178 2
1180 -1
1181 -1
1182 -1
1183 3
1184 2
1185 -1
1186 3
1187 2
1188 -1
1189 -1
1190 -1
1191 2
1193 -1
1194 -1
1195 5
1197 1
1199 5
1200 5
1201 -1
1203 2
1204 -1
1205 2
1207 -1
1208 1
1209 1
1210 2
1212 1
1213 -1
1214 3
1215 4
1217 4
1218 -1
1219 2
1220 5
1221 3
1222 -1
1223 1
1224 5
1225 5
1226 3
1227 -1
1228 3
1229 2
1230 1
1231 0
1232 2
1233 -1
1235 -1
1236 3
1237 5
1238 4
1239 4
1240 3
1241 3
1242 -1
1243 3
1244 3
1245 -1
1247 3
1248 1
1250 4
1251 3
1252 3
1253 -1
1254 4
1256 -1
1257 -1
1258 5
1259 -1
1261 -1
1262 2
1263 1
1264 -1
1265 5
1267 1
1268 0
1269 5
1270 2
1271 -1
1272 -1
1273 1
1274 2
1275 4
1277 -1
1278 4
1279 -1
1280 -1
1284 4
1285 4
1286 2
1287 4
1289 -1
1290 4
1291 3
1292 3
1294 7
1296 2
1298 5
1299 5
1302 5
1303 -1
1304 5
1305 -1
1306 1
1307 -1
1308 5
1309 1
1310 5
1311 2
1312 -1
1313 1
1314 2
1315 6
1316 1
1317 5
1319 2
1320 -1
1321 4
1322 6
1323 5
1325 5
1326 0
1328 3
1329 5
1330 2
1331 2
1332 -1
1334 -1
1335 -1
1336 3
1338 0
1339 3
1340 5
1342 0
1343 1
1344 4
1345 1
1346 3
1347 7
1348 2
1349 5
1351 3
1352 2
1354 2
1355 5
1356 1
1357 4
1359 3
1360 2
1363 3
1364 2
1365 3
1368 -1
1369 -1
1371 5
1372 2
1373 2
1374 2
1376 1
1377 5
1378 2
1379 4
1381 5
1382 -1
1383 -1
1384 2
1385 1
1386 3
1387 5
1389 -1
1390 -1
1391 5
1392 4
1394 1
1395 2
1396 2
1399 3
1400 -1
1401 2
1402 0
1403 -1
1404 -1
1405 2
1406 3
1407 2
1408 -1
1409 4
1410 1
1413 5
1414 3
1415 3
1416 2
1417 -1
1419 3
1420 3
1421 3
1423 5
1424 4
1425 -1
1426 5
1427 4
1428 1
1429 3
1430 4
1431 1
1432 0
1434 3
1436 0
1437 4
1438 2
1439 2
1440 -1
1441 4
1442 -1
1443 9
1444 2
1445 -1
1446 -1
1447 4
1448 5
1449 1
1451 1
1453 5
1455 -1
1457 5
1458 1
1459 5
1460 -1
1461 -1
1462 2
1463 3
1464 2
1465 -1
1466 2
1467 1
1468 5
1469 -1
1470 -1
1471 2
1472 -1
1473 4
1474 3
1475 1
1476 1
1477 -1
1478 -1
1480 1
1482 -1
1483 5
1485 5
1486 4
1487 -1
1488 3
1489 1
1490 3
1491 4
1493 -1
1494 5
1495 -1
1496 -1
1497 -1
1499 2
1500 5
1501 -1
1502 3
1503 3
1505 2
1506 -1
1507 -1
1508 5
1509 -1
1510 1
1511 3
1513 -1
1515 2
1516 -1
1517 2
1518 -1
1519 -1
1520 -1
1522 4
1524 5
1525 3
1526 4
1528 2
1529 3
1530 5
1531 -1
1532 2
1533 5
1534 1
1535 5
1536 -1
1537 -1
1538 -1
1540 5
1542 5
1543 -1
1544 -1
1545 5
1547 5
1548 5
1551 1
1552 5
1553 2
1554 0
1555 4
1558 1
1559 2
1560 -1
1561 5
1562 0
1564 5
1565 6
1566 -1
1567 -1
1568 1
1569 -1
1570 4
1571 -1
1573 3
1574 -1
1576 2
1577 -1
1578 2
1579 1
1581 2
1582 5
1583 4
1586 2
1587 5
1589 4
1590 2
1592 4
1593 -1
1594 -1
1596 -1
1598 0
1599 3
1600 -1
1602 -1
1604 3
1605 1
1606 3
1609 5
1610 2
1612 2
1613 1
1614 -1
1616 3
1617 1
1619 5
1620 3
1621 3
1622 -1
1623 -1
1624 2
1626 3
1627 2
1628 5
1629 2
1630 1
1631 1
1632 4
1633 -1
1634 0
1635 1
1637 3
1638 1
1639 5
1640 5
1641 -1
1644 5
1645 1
1647 -1
1648 5
1650 2
1652 1
1653 5
1655 1
1656 4
1657 -1
1658 5
1659 5
1660 -1
1661 2
1662 0
1663 -1
1664 5
1665 3
1666 4
1667 4
1668 -1
1669 -1
1670 -1
1671 -1
1672 -1
1673 2
1674 5
1675 -1
1676 -1
1678 -1
1680 4
1681 -1
1682 -1
1684 2
1685 3
1686 2
1687 1
1688 4
1689 3
1690 5
1691 2
1693 1
1694 2
1695 2
1697 1
1698 2
1699 5
1701 5
1702 2
1704 1
1706 3
1707 4
1709 5
1711 4
1712 3
1713 2
1714 -1
1715 -1
1716 3
1717 5
1718 5
1719 1
1720 5
1721 5
1722 1
1723 4
1724 -1
1726 2
1727 1
1728 8
1729 1
1732 -1
1733 2
1734 2
1736 1
1738 3
1739 2
1740 3
1741 1
1743 3
1744 1
1745 -1
1747 3
1750 5
1751 -1
1753 -1
1754 1
1755 1
1756 1
1758 4
1759 4
1760 3
1761 2
1762 5
1763 3
1764 3
1765 3
1766 -1
1767 1
1768 4
1769 2
1770 3
1771 4
1772 4
1773 0
1774 -1
1775 5
1776 5
1777 -1
1778 2
1779 1
1780 5
1782 6
1783 -1
1784 0
1785 5
1788 -1
1789 5
1790 2
1793 5
1794 2
1797 3
1798 -1
1799 2
1800 3
1802 5
1803 2
1804 -1
1805 1
1809 -1
1810 2
1811 5
1813 0
1814 2
1815 -1
1816 5
1817 -1
1818 3
1819 -1
1820 -1
1822 3
1823 2
1824 5
1825 3
1826 -1
1827 -1
1828 3
1829 3
1831 -1
1832 -1
1833 1
1834 2
1835 3
1838 2
1842 2
1843 4
1844 -1
1845 1
1847 2
1848 -1
1849 3
1850 3
1851 1
1852 4
1853 -1
1854 1
1855 -1
1856 0
1857 -1
1858 2
1862 2
1863 4
1864 3
1865 1
1866 0
1867 3
1868 4
1869 2
1870 3
1871 3
1873 2
1874 -1
1875 5
1876 0
1877 5
1878 1
1879 -1
1880 5
1881 -1
1884 2
1885 2
1886 4
1887 2
1888 4
1889 1
1890 3
1891 5
1892 1
1893 -1
1894 -1
1895 2
1897 -1
1898 -1
1899 -1
1900 4
1901 4
1902 5
1904 2
1906 4
1907 -1
1910 4
1913 2
1914 5
1915 5
1917 5
1918 -1
1919 -1
1921 5
1923 2
1924 -1
1925 3
1926 5
1928 2
1929 3
1930 5
1931 1
1933 1
1934 3
1936 5
1937 -1
1938 2
1939 2
1940 -1
1941 0
1942 -1
1943 2
1944 -1
1946 0
1947 5
1948 0
1949 5
1950 3
1951 3
1952 1
1953 -1
1956 -1
1957 2
1959 -1
1960 2
1962 1
1963 1
1966 -1
1967 -1
1968 1
1969 -1
1971 0
1972 -1
1973 -1
1974 5
1975 -1
1977 4
1978 1
1979 -1
1980 3
1981 1
1982 3
1983 -1
1984 -1
1985 4
1986 0
1987 -1
1989 -1
1991 5
1992 -1
1994 4
1995 1
1996 -1
1997 3
1998 -1
1999 5
2000 5
2001 4
2002 1
2003 3
2004 1
2005 2
2006 1
2007 -1
2008 4
2009 3
2010 1
2011 -1
2012 -1
2015 -1
2016 5
2017 5
2019 4
2021 3
2022 4
2024 3
2025 3
2027 1
2028 0
2029 0
2030 5
2031 5
2032 5
2033 5
2035 3
2036 2
2040 5
2041 5
2042 -1
2045 -1
2046 5
2047 -1
2051 3
2053 -1
2054 -1
2055 4
2057 -1
2058 0
2059 4
2060 -1
2061 4
2062 1
2065 5
2067 1
2068 5
2071 2
2072 -1
2073 5
2074 1
2075 0
2076 4
2077 2
2078 5
2079 2
2081 -1
2083 4
2084 -1
2085 4
2086 2
2087 4
2088 2
2090 2
2091 3
2092 -1
2093 6
2094 1
2095 5
2097 1
2098 3
2099 5
2100 -1
2101 -1
2102 4
2103 -1
2105 4
2107 -1
2108 0
2109 3
2110 3
2111 5
2113 2
2115 5
2116 0
2118 -1
2119 -1
2121 3
2122 5
2123 5
2124 -1
2125 -1
2126 3
2127 0
2128 2
2129 3
2130 2
2131 5
2132 2
2133 2
2134 2
2135 0
2140 3
2141 1
2142 5
2143 5
2146 4
2147 5
2148 -1
2150 2
2152 5
2153 1
2154 6
2155 3
2156 2
2157 8
2158 4
2159 5
2161 -1
2163 -1
2165 5
2166 5
2167 4
2168 1
2169 2
2170 1
2171 2
2173 4
2174 -1
2178 3
2179 3
2182 5
2183 -1
2184 -1
2185 0
2186 2
2187 3
2188 -1
2189 5
2190 -1
2191 2
2192 2
2193 3
2194 2
2195 2
2197 3
2200 -1
2202 3
2204 -1
2205 -1
2206 2
2207 -1
2210 -1
2211 5
2213 3
2214 -1
2217 3
2218 1
2220 4
2221 1
2223 4
2224 -1
2226 5
2227 -1
2228 2
2229 3
2231 4
2232 5
2233 2
2235 1
2236 5
2237 5
2239 2
2240 -1
2241 -1
2244 2
2245 4
2246 5
2248 3
2249 5
2251 5
2252 1
2253 5
2255 -1
2256 3
2257 3
2258 5
2259 4
2260 -1
2261 3
2262 1
2263 3
2265 1
2266 5
2267 0
2268 3
2269 -1
2270 2
2271 3
2272 3
2273 0
2274 -1
2275 3
2276 5
2277 -1
2278 5
2280 5
2281 5
2282 3
2284 3
2285 4
2286 3
2287 1
2288 4
2290 4
2291 2
2292 1
2294 1
2298 3
2299 2
2300 2
2302 1
2303 5
2304 3
2305 4
2306 1
2307 5
2308 4
2309 1
2310 4
2311 5
2312 3
2314 5
2315 5
2316 5
2317 4
2318 1
2320 5
2323 3
2324 5
2325 5
2327 0
2329 -1
2331 1
2332 2
2334 5
2335 3
2336 -1
2337 2
2338 3
2339 0
2340 2
2341 1
2342 5
2343 5
2344 -1
2345 3
2346 -1
2350 1
2351 -1
2353 1
2354 3
2355 3
2356 -1
2357 -1
2359 1
2360 -1
2361 5
2362 -1
2363 -1
2364 4
2365 5
2367 3
2368 1
2369 -1
2372 2
2373 3
2374 2
2376 5
2379 0
2381 3
2383 0
2385 5
2386 3
2387 0
2389 1
2390 5
2391 1
2393 5
2395 1
2397 -1
2398 6
2399 1
2400 3
2401 3
2402 4
2403 5
2404 3
2405 3
2406 1
2407 -1
2408 4
2409 3
2410 4
2411 3
2413 5
2414 0
2415 1
2418 3
2419 5
2420 1
2421 2
2422 3
2424 4
2425 3
2427 5
2428 -1
2429 4
2430 -1
2431 1
2432 1
2433 4
2434 5
2438 -1
2440 4
2441 1
2442 1
2443 5
2445 1
2446 -1
2448 1
2449 -1
2450 0
2451 4
2452 5
2455 -1
2457 3
2459 5
2460 3
2461 5
2462 3
2463 1
2464 5
2467 5
2468 2
2472 1
2473 0
2474 5
2476 -1
2478 -1
2482 5
2483 3
2484 2
2485 2
2486 2
2488 5
2489 5
2490 -1
2491 5
2492 -1
2493 5
2494 2
2495 1
2496 3
2498 2
2499 5
2501 4
2502 5
2503 5
2505 5
2506 -1
2507 -1
2508 4
2510 -1
2512 1
2513 2
2514 -1
2516 5
2517 0
2518 2
2519 5
2520 4
2521 -1
2522 3
2524 -1
2525 0
2528 1
2529 2
2531 0
2533 2
2534 -1
2536 5
2537 5
2538 2
2539 3
2540 2
2541 5
2542 5
2543 -1
2545 4
2547 5
2548 2
2549 -1
2550 6
2551 5
2552 -1
2557 1
2558 3
2560 -1
2561 -1
2563 -1
2565 -1
2567 -1
2569 4
2570 -1
2572 1
2574 7
2576 4
2579 5
2580 0
2583 3
2584 1
2585 5
2586 1
2587 2
2588 5
2589 0
2590 -1
2591 -1
2592 2
2595 4
2597 1
2598 2
2599 5
2601 3
2602 1
2604 4
2605 5
2606 3
2607 5
2608 2
2609 3
2610 5
2612 5
2614 -1
2615 1
2617 3
2618 -1
2619 -1
2620 4
2621 2
2623 3
2624 1
2625 5
2626 8
2627 1
2628 5
2632 -1
2633 3
2634 -1
2635 3
2636 3
2637 -1
2638 5
2639 2
2640 4
2642 0
2643 2
2644 -1
2646 2
2648 5
2650 3
2652 4
2653 -1
2654 3
2657 -1
2660 -1
2662 3
2664 2
2666 1
2667 3
2668 3
2670 3
2671 -1
2672 2
2673 5
2674 1
2676 2
2678 3
2679 5
2680 2
2681 1
2683 3
2685 5
2686 -1
2687 2
2688 3
2689 -1
2690 0
2692 -1
2693 1
2694 1
2695 -1
2697 5
2698 3
2701 3
2702 1
2704 3
2705 1
2707 1
2709 3
2710 5
2711 3
2715 4
2716 5
2717 -1
2718 -1
2719 5
2720 5
2721 2
2722 4
2723 1
2724 4
2725 -1
2726 2
2728 3
2729 -1
2731 -1
2732 2
2733 1
2737 2
2738 3
2739 3
2741 3
2743 5
2744 1
2745 2
2748 2
2749 2
2750 -1
2751 5
2752 -1
2753 2
2755 2
2756 2
2758 -1
2759 1
2762 5
2763 2
2764 -1
2765 -1
2768 1
2772 2
2773 1
2775 2
2776 -1
2777 2
2778 0
2779 -1
2780 0
2783 2
2785 -1
2786 3
2787 4
2788 -1
2789 2
2791 2
2792 5
2794 2
2795 -1
2796 4
2798 2
2799 5
2801 3
2802 3
2803 5
2804 -1
2806 1
2807 3
2809 -1
2811 3
2812 4
2813 3
2815 3
2816 -1
2817 -1
2818 5
2820 1
2821 4
2822 5
2825 5
2826 1
2830 2
2831 3
2832 -1
2833 3
2834 4
2835 1
2838 -1
2839 3
2840 1
2843 -1
2844 -1
2845 -1
2846 4
2848 -1
2849 3
2850 -1
2851 2
2854 2
2856 5
2857 -1
2858 1
2859 5
2862 4
2863 5
2866 2
2867 1
2868 3
2869 3
2870 2
2871 1
2872 3
2873 2
2874 -1
2875 -1
2878 3
2879 4
2880 3
2882 2
2884 1
2886 3
2887 1
2888 2
2889 5
2890 5
2892 2
2894 2
2895 -1
2896 -1
2898 5
2899 5
2900 0
2902 4
2904 3
2906 3
2908 3
2909 3
2912 6
2914 1
2916 3
2917 5
2918 -1
2920 3
2921 1
2923 5
2925 3
2927 1
2928 1
2930 3
2931 0
2932 2
2933 -1
2934 3
2936 -1
2937 2
2939 0
2940 -1
2941 4
2942 5
2943 -1
2944 -1
2945 3
2946 5
2947 0
2948 2
2950 1
2952 1
2954 -1
2955 5
2956 6
2957 -1
2959 1
2960 5
2961 5
2964 5
2965 4
2968 -1
2970 4
2971 1
2973 1
2974 3
2975 -1
2976 2
2979 3
2980 2
2986 2
2987 3
2988 1
2989 4
2990 -1
2991 2
2993 -1
2995 0
2996 3
2997 4
2999 1
3000 -1
3001 2
3002 -1
3003 1
3004 5
3005 4
3008 5
3009 -1
3010 2
3011 5
3012 5
3013 -1
3014 -1
3015 3
3016 4
3017 4
3021 3
3022 3
3023 2
3024 5
3025 -1
3027 -1
3028 3
3029 3
3030 6
3031 3
3032 2
3033 3
3036 5
3038 5
3039 4
3041 2
3042 -1
3043 -1
3044 -1
3045 5
3046 2
3049 -1
3050 3
3051 5
3052 3
3053 1
3055 4
3056 5
3057 4
3058 -1
3061 4
3062 2
3063 -1
3064 -1
3066 3
3068 3
3069 2
3070 0
3071 5
3072 0
3076 5
3077 4
3078 1
3079 5
3081 -1
3082 1
3085 0
3086 3
3087 -1
3091 3
3092 2
3094 3
3095 3
3096 -1
3097 2
3098 1
3099 -1
3100 6
3101 2
3102 5
3103 5
3104 5
3105 5
3106 2
3107 5
3112 1
3114 2
3115 3
3116 5
3117 2
3118 -1
3119 6
3120 5
3121 -1
3122 1
3123 -1
3124 5
3125 3
3127 5
3128 2
3129 5
3130 5
3131 -1
3132 5
3133 3
3134 5
3135 3
3136 5
3137 -1
3139 1
3140 4
3141 3
3144 4
3145 2
3146 1
3147 -1
3149 -1
3152 1
3153 6
3155 3
3156 -1
3157 2
3158 2
3160 1
3161 1
3162 5
3163 4
3165 -1
3166 -1
3168 2
3169 -1
3170 3
3171 -1
3172 1
3173 3
3174 4
3175 -1
3176 -1
3177 -1
3179 3
3180 -1
3181 1
3183 5
3184 3
3185 5
3186 -1
3190 3
3191 3
3192 5
3193 3
3194 3
3195 5
3196 4
3197 -1
3198 1
3199 2
3200 2
3202 4
3203 5
3205 2
3206 5
3207 4
3210 2
3211 4
3212 4
3214 3
3216 3
3218 2
3219 2
3220 5
3224 5
3225 2
3226 5
3227 -1
3228 1
3229 -1
3230 -1
3231 -1
3232 1
3233 2
3235 2
3236 2
3237 -1
3238 4
3239 1
3240 1
3241 -1
3242 1
3243 -1
3245 -1
3247 1
3248 2
3249 1
3250 1
3251 2
3252 6
3253 4
3254 4
3257 2
3258 3
3259 -1
3260 -1
3261 5
3262 1
3263 0
3265 3
3266 1
3269 2
3272 1
3275 -1
3277 3
3278 4
3279 1
3281 1
3282 3
3284 -1
3288 1
3289 1
3290 4
3291 4
3292 -1
3293 -1
3294 4
3295 5
3296 3
3298 2
3299 3
3301 3
3302 1
3304 3
3305 -1
3306 5
3308 3
3309 1
3310 2
3313 5
3315 -1
3316 5
3318 1
3320 5
3321 -1
3323 1
3324 5
3325 -1
3327 1
3328 1
3329 4
3330 3
3332 -1
3333 -1
3334 -1
3335 3
3336 5
3337 3
3338 1
3339 -1
3340 -1
3341 2
3345 -1
3346 5
3348 3
3349 6
3351 1
3352 -1
3353 2
3354 1
3357 -1
3358 4
3360 4
3361 5
3363 3
3364 5
3365 -1
3367 5
3368 5
3369 -1
3370 1
3371 1
3372 3
3374 3
3375 1
3376 5
3377 1
3378 1
3379 0
3380 -1
3381 -1
3384 5
3385 2
3387 2
3388 4
3389 1
3390 2
3391 5
3392 8
3393 1
3394 5
3396 0
3397 1
3398 4
3399 4
3403 2
3404 -1
3405 3
3407 2
3408 3
3409 5
3410 5
3413 5
3415 3
3416 0
3417 5
3419 0
3420 5
3423 -1
3424 5
3425 3
3426 5
3427 5
3428 5
3429 -1
3430 3
3432 4
3433 5
3434 4
3435 5
3436 4
3439 2
3441 -1
3442 -1
3443 -1
3445 -1
3446 -1
3447 -1
3448 5
3449 3
3451 5
3452 1
3453 -1
3454 4
3455 4
3456 1
3457 6
3459 5
3460 1
3461 1
3462 4
3463 1
3465 -1
3466 -1
3468 3
3469 2
3471 3
3472 -1
3473 1
3474 3
3475 -1
3477 -1
3478 1
3479 6
3480 -1
3481 3
3482 3
3484 -1
3487 1
3488 -1
3489 5
3490 -1
3494 3
3496 1
3497 1
3498 5
3499 -1
3501 1
3502 5
3503 0
3504 5
3506 3
3507 2
3508 0
3509 2
3510 0
3511 -1
3512 4
3513 3
3514 4
3515 1
3516 5
3517 5
3518 0
3520 3
3521 0
3523 1
3526 2
3528 1
3529 5
3530 1
3531 3
3532 1
3533 0
3534 1
3535 3
3538 1
3540 1
3541 0
3542 -1
3543 3
3544 -1
3546 5
3548 5
3549 5
3550 1
3551 2
3552 1
3553 5
3554 0
3555 5
3556 5
3557 2
3558 -1
3559 -1
3560 0
3562 -1
3563 3
3564 5
3568 -1
3569 2
3571 3
3572 3
3573 5
3574 1
3575 3
3576 3
3577 5
3579 0
3580 5
3581 2
3582 2
3584 2
3585 -1
3589 1
3590 5
3591 2
3592 5
3594 3
3596 5
3597 0
3598 2
3600 2
3601 2
3603 3
3604 0
3606 4
3607 1
3608 -1
3609 2
3610 -1
3611 3
3612 -1
3613 3
3614 -1
3615 2
3616 -1
3618 5
3619 0
3620 3
3621 3
3623 0
3624 5
3625 -1
3627 1
3628 3
3631 3
3632 5
3633 1
3635 5
3636 5
3637 5
3638 5
3639 1
3640 5
3641 5
3643 1
3645 2
3647 1
3648 5
3649 5
3651 1
3652 5
3653 1
3655 2
3656 1
3658 1
3659 4
3660 3
3662 5
3663 -1
3665 -1
3666 3
3667 1
3668 5
3669 -1
3670 -1
3671 0
3672 -1
3673 0
3674 2
3676 3
3677 3
3678 0
3680 1
3681 0
3682 5
3683 5
3684 2
3685 1
3686 3
3687 1
3689 0
3690 2
3691 3
3692 3
3693 9
3694 4
3695 1
3696 3
3697 3
3698 5
3699 5
3702 3
3703 5
3704 3
3705 5
3706 -1
3707 1
3708 -1
3710 1
3712 4
3713 -1
3714 3
3715 1
3716 2
3717 1
3719 3
3720 5
3721 1
3722 -1
3723 2
3725 -1
3726 3
3727 2
3728 1
3729 5
3731 4
3732 0
3733 3
3734 1
3735 1
3737 5
3739 1
3740 1
3741 -1
3742 3
3743 3
3744 4
3745 5
3748 5
3750 3
3751 3
3752 3
3753 5
3754 1
3755 5
3756 1
3758 5
3759 -1
3761 3
3762 5
3763 5
3765 4
3766 1
3769 0
3770 3
3771 5
3772 4
3773 4
3774 1
3777 5
3778 5
3779 1
3780 1
3781 5
3784 4
3785 3
3789 3
3791 -1
3792 1
3793 0
3795 5
3796 0
3797 2
3800 5
3801 5
3803 1
3804 5
3807 5
3808 3
3809 0
3810 5
3812 5
3815 -1
3816 0
3817 1
3818 2
3819 3
3820 5
3821 -1
3822 -1
3823 2
3824 2
3825 1
3827 4
3828 4
3829 3
3830 3
3832 -1
3835 0
3837 3
3838 -1
3839 1
3841 3
3842 1
3843 5
3844 0
3845 5
3846 0
3847 1
3848 1
3849 0
3850 0
3851 2
3852 0
3853 1
3854 1
3855 -1
3857 -1
3858 -1
3860 1
3862 0
3863 0
3864 3
3865 5
3866 5
3868 5
3869 2
3870 -1
3871 4
3872 -1
3875 1
3876 2
3877 1
3879 5
3880 2
3881 1
3882 1
3884 5
3885 1
3887 2
3888 4
3889 5
3890 -1
3892 1
3895 3
3896 5
3897 -1
3898 5
3899 3
3900 2
3901 3
3902 5
3903 1
3904 0
3907 3
3908 5
3909 0
3910 5
3911 5
3912 5
3913 2
3914 4
3915 1
3917 5
3918 2
3919 -1
3920 1
3921 5
3922 6
3923 -1
3924 5
3925 3
3926 4
3927 -1
3928 3
3929 5
3930 2
3931 5
3932 4
3933 3
3935 1
3936 5
3937 5
3938 1
3939 5
3940 1
3941 1
3942 -1
3943 1
3944 1
3945 5
3947 1
3948 1
3949 5
3950 5
3951 1
3953 1
3954 1
3955 3
3957 0
3958 1
3960 3
3961 3
3964 1
3966 0
3967 1
3968 0
3969 5
3970 -1
3971 -1
3972 0
3973 0
3974 0
3977 1
3979 5
3980 1
3981 1
3982 5
3983 5
3985 1
3986 1
3987 1
3988 3
3991 0
3992 1
3993 -1
3994 5
3995 0
3996 1
3997 0
3998 2
4000 1
4001 5
4003 4
4004 5
4006 3
4007 5
4008 5
4009 -1
4010 2
4011 1
4014 2
4015 2
4019 1
4020 0
4021 -1
4022 1
4023 0
4025 5
4026 2
4027 5
4032 -1
4033 2
4034 3
4035 -1
4036 1
4037 1
4038 3
4039 5
4040 0
4041 2
4042 4
4043 -1
4044 5
4045 3
4046 3
4047 1
4050 1
4051 5
4052 5
4053 0
4056 3
4058 1
4059 1
4060 -1
4061 3
4062 3
4063 3
4064 -1
4066 0
4067 1
4068 1
4072 5
4074 3
4075 3
4076 3
4077 5
4078 0
4079 2
4081 0
4082 4
4086 5
4087 3
4090 1
4091 0
4095 1
4096 2
4098 5
4099 0
4100 -1
4101 0
4102 2
4103 -1
4104 5
4105 1
4106 2
4109 5
4110 -1
4112 -1
4116 2
4117 5
4118 5
4119 -1
4120 2
4121 3
4122 5
4123 4
4124 5
4125 3
4127 -1
4128 3
4129 1
4130 0
4132 0
4133 0
4134 2
4138 1
4141 5
4142 0
4143 1
4144 1
4145 1
4146 1
4147 0
4149 0
4152 0
4154 5
4155 0
4156 5
4157 4
4158 0
4159 -1
4160 -1
4162 1
4163 5
4165 5
4166 0
4167 5
4168 3
4170 0
4171 5
4172 0
4173 3
4174 1
4175 1
4178 3
4179 3
4180 3
4181 5
4182 0
4183 0
4184 5
4187 2
4189 -1
4191 0
4192 0
4193 5
4194 1
4195 2
4196 0
4197 3
4198 3
4199 3
4200 5
4201 0
4202 1
4205 1
4207 1
4208 4
4209 0
4210 5
4211 5
4212 5
4214 2
4217 1
4218 0
4219 5
4220 1
4221 5
4222 6
4225 3
4226 1
4227 1
4228 0
4229 1
4230 0
4231 1
4232 5
4233 3
4234 0
4235 3
4237 1
4238 3
4239 1
4241 1
4242 3
4243 3
4244 5
4245 3
4247 1
4249 1
4250 4
4252 4
4253 5
4255 0
4256 3
4258 5
4259 1
4261 -1
4262 -1
4263 3
4264 1
4265 3
4266 5
4267 0
4268 1
4269 5
4272 -1
4273 0
4274 1
4277 3
4278 5
4280 1
4281 1
4282 1
4283 0
4284 1
4285 0
4288 5
4289 3
4290 3
4292 1
4294 4
4295 5
4296 3
4297 -1
4298 -1
4300 5
4301 5
4302 2
4303 5
4307 5
4308 1
4309 1
4310 1
4312 -1
4313 0
4314 0
4315 0
4316 1
4318 0
4319 0
4320 3
4321 3
4322 1
4323 3
4324 3
4326 -1
4327 1
4329 5
4330 3
4334 1
4336 5
4337 3
4340 -1
4341 5
4342 0
4343 5
4344 1
4345 -1
4346 -1
4347 -1
4348 5
4349 5
4350 1
4352 -1
4353 0
4354 0
4355 5
4356 2
4357 5
4358 2
4359 0
4360 5
4361 1
4362 -1
4363 1
4364 1
4365 1
4366 5
4367 5
4368 5
4369 -1
4370 5
4371 6
4373 3
4374 0
4375 5
4376 0
4377 0
4378 0
4380 0
4381 5
4382 4
4384 0
4385 3
4386 0
4387 5
4388 0
4389 6
4390 2
4391 5
4392 2
4394 -1
4395 0
4396 1
4397 5
4398 0
4399 5
4402 1
4403 5
4404 3
4405 1
4406 3
4409 5
4410 0
4411 0
4414 1
4415 1
4418 1
4420 5
4421 -1
4422 -1
4423 5
4425 1
4426 1
4427 1
4428 0
4429 1
4430 -1
4431 0
4432 1
4433 1
4434 2
4435 5
4436 4
4437 -1
4438 9
4439 1
4440 0
4441 0
4442 0
4444 1
4445 2
4447 0
4448 1
4449 1
4450 0
4452 1
4453 5
4454 1
4455 1
4456 1
4457 0
4458 0
4459 1
4461 8
4462 1
4463 0
4464 3
4465 2
4466 5
4467 -1
4468 5
4469 1
4470 1
4471 1
4472 1
4473 0
4475 -1
4476 0
4477 1
4478 2
4479 1
4480 0
4481 3
4482 5
4484 2
4485 1
4486 0
4487 0
4488 0
4489 0
4490 0
4491 4
4492 5
4493 1
4494 -1
4495 -1
4496 0
4498 1
4499 3
4500 5
4501 1
4502 0
4503 3
4504 5
4505 2
4506 3
4507 5
4508 0
4509 0
4510 3
4512 3
4513 5
4514 2
4515 0
4516 1
4517 3
4518 1
4519 0
4520 1
4521 5
4522 5
4523 1
4524 0
4525 1
4526 5
4527 -1
4528 5
4529 2
4530 1
4531 0
4532 0
4533 -1
4534 5
4536 0
4537 1
4538 0
4539 0
4540 0
4541 1
4542 1
4544 5
4545 1
4546 5
4548 1
4549 0
4550 5
4551 3
4552 1
4553 5
4554 5
4555 5
4558 -1
4559 -1
4560 -1
4561 0
4562 5
4563 5
4566 5
4567 4
4568 2
4569 -1
4570 2
4571 -1
4572 5
4573 2
4574 2
4575 3
4576 3
4577 -1
4578 5
4579 0
4580 3
4582 1
4583 0
4584 0
4585 1
4586 0
4587 9
4588 1
4589 0
4590 0
4591 1
4592 0
4593 4
4594 1
4595 -1
4596 3
4597 5
4598 0
4599 6
4600 1
4601 1
4602 2
4603 1
4604 1
4605 1
4606 1
4607 -1
4608 0
4609 1
4610 1
4611 -1
4612 1
4613 1
4614 0
4615 0
4616 5
4617 1
4618 1
4619 1
4620 3
4621 0
4622 3
4623 0
4624 2
4625 1
4626 4
4627 0
4628 5
4629 3
4630 1
4631 0
4632 0
4633 1
4634 0
4635 0
4636 1
4637 0
4638 0
4640 1
4641 0
4642 0
4643 1
4644 -1
4645 1
4646 0
4647 1
4648 0
4649 0
4650 3
4651 3
4652 5
4653 1
4654 3
4655 5
4656 0
4657 0
4658 3
4659 0
4660 5
4661 -1
4662 -1
4663 -1
4664 1
4665 1
4667 5
4668 0
4669 2
4670 0
4671 0
4672 1
4673 1
4674 -1
4675 1
4676 0
4677 5
4678 0
4679 0
4680 5
4681 1
4682 0
4683 1
4684 5
4685 0
4686 0
4687 1
4690 1
4691 1
4692 1
4693 2
4694 0
4695 1
4696 3
4697 0
4698 2
4699 0
4702 5
4703 0
4705 2
4706 1
4707 5
4708 1
4709 0
4710 1
4711 0
4712 1
4714 5
4717 1
4718 0
4719 -1
4720 -1
4721 0
4722 0
4723 0
4724 5
4725 -1
4726 1
4727 1
4728 3
4729 5
4730 0
4731 0
4732 4
4733 1
4734 0
4735 0
4736 2
4737 3
4739 1
4740 0
4741 -1
4742 0
4743 3
4744 0
4745 1
4746 5
4747 5
4748 0
4749 2
4750 1
4751 5
4752 1
4753 1
4754 0
4755 1
4756 1
4757 2
4758 1
4759 -1
4760 1
4761 5
4762 0
4763 5
4764 0
4765 0
4766 0
4767 3
4770 5
4772 0
4773 0
4774 0
4775 0
4776 5
4777 1
4778 0
4779 1
4780 1
4781 1
4782 4
4783 0
4784 1
4785 0
4786 1
4787 1
4789 3
4790 1
4791 0
4792 0
4793 1
4794 0
4795 1
4796 0
4798 1
4799 0
4800 1
4801 1
4802 5
4803 0
4804 -1
4805 5
4806 5
4807 0
4808 1
4809 2
4810 2
4811 1
4812 0
4813 1
4814 0
4815 1
4816 -1
4817 0
4818 1
4819 1
4820 0
4821 9
4822 -1
4823 0
4825 1
4826 0
4827 0
4828 5
4829 0
4830 2
4831 0
4832 0
4833 0
4834 1
4835 2
4836 0
4837 -1
4838 1
4839 1
4840 0
4841 6
4842 1
4843 0
4844 5
4845 0
4846 0
4847 0
4848 0
4849 1
4850 0
4851 -1
4852 3
4853 0
4854 0
4855 1
4856 5
4857 1
4858 0
4859 0
4860 -1
4861 0
4862 0
4863 1
4864 1
4865 1
4866 0
4867 0
4868 2
4869 0
4870 1
4871 1
4872 2
4873 5
4874 -1
4875 5
4876 0
4877 -1
4878 5
4879 0
4880 0
4881 0
4882 0
4883 0
4884 -1
4885 -1
4886 0
4887 0
4888 5
4889 0
4890 0
4891 0
4892 3
4893 0
4894 -1
4895 0
4896 1
4897 1
4898 5
4899 0
4900 0
4901 5
4902 1
4903 2
4904 0
4905 0
4906 1
4907 0
4908 -1
4909 0
4910 3
4911 1
4912 5
4913 1
4914 1
4915 5
4916 0
4917 0
4918 3
4919 5
4920 0
4921 0
4922 1
4923 0
4924 5
4925 1
4926 1
4927 -1
4928 0
4929 0
4930 0
4931 0
4932 0
4933 0
4934 0
4935 0
4936 1
4937 1
4938 0
4939 2
4940 1
4941 2
4942 1
4943 0
4944 0
4945 0
4946 0
4947 0
4948 5
4949 0
4950 0
4951 1
4952 0
4953 0
4954 0
4955 5
4956 2
4957 0
4958 1
4959 0
4960 5
4961 0
4962 0
4963 0
4964 0
4965 0
4966 2
4967 0
4968 0
4969 0
4970 0
4971 5
4972 0
4973 0
4974 0
4975 5
4976 3
4977 0
4978 -1
4979 -1
4980 1
4981 1
4982 0
4983 3
4984 0
4985 0
4986 4
4987 3
4988 2
4989 0
4990 4
4991 0
4992 0
4993 2
4994 0
4995 0
4996 0
4997 0
4998 0
4999 0
5000 0
5001 1
5002 -1
5003 1
5004 1
5005 1
5006 0
5007 0
5008 -1
5009 0
5010 0
5011 0
5012 1
5013 3
5014 1
5015 0
5016 0
5017 3
5018 0
5019 3
5020 0
5021 0
5022 0
5023 0
5024 0
5025 1
5026 0
5027 0
5028 5
5029 2
5030 0
5031 0
5032 1
5033 0
5034 0
5035 3
5036 -1
5037 0
5038 5
5039 1
5040 0
5041 -1
5042 0
5043 5
5044 0
5045 1
5046 1
5047 1
5048 0
5049 1
5050 0
5051 1
5052 0
5053 2
5054 1
5055 1
5056 0
5057 1
5058 1
5059 5
5060 0
5061 1
5062 5
5063 1
5064 5
5065 0
5066 1
5067 0
5068 3
5069 0
5070 3
5071 -1
5072 5
5073 1
5074 1
5075 0
5076 0
5077 0
5078 0
5079 5
5080 1
5081 1
5082 0
5083 2
5084 2
5085 1
5086 0
5087 -1
5088 0
5089 0
5090 5
5091 3
5092 0
5093 1
5094 1
5095 4
5096 1
5097 0
5098 0
5099 0
5100 0
5101 1
5102 0
5103 0
