0 0
1 1
2 6
3 2
4 3
6 0
7 3
8 13
9 2
10 -1
11 4
12 4
13 4
14 4
15 -1
16 2
17 4
18 0
19 3
20 2
21 2
22 6
23 -1
24 5
25 0
26 6
27 -1
28 1
30 0
31 5
32 7
33 6
34 6
35 -1
36 4
37 3
38 -1
40 -1
41 -1
42 -1
43 1
44 6
45 4
46 6
47 -1
49 2
50 4
51 -1
52 -1
53 3
54 4
55 0
57 -1
58 -1
60 3
61 4
62 1
64 1
65 3
66 2
67 -1
68 4
69 0
70 -1
71 -1
75 -1
76 4
77 1
78 2
79 6
80 5
81 -1
83 -1
84 2
85 0
86 6
87 11
88 4
89 6
90 1
91 -1
92 2
93 4
94 4
95 7
96 3
97 3
98 6
99 -1
101 1
102 5
104 6
105 -1
106 -1
107 1
108 -1
109 -1
110 -1
111 4
112 4
113 6
114 -1
115 1
116 -1
118 2
119 6
120 6
122 -1
123 1
124 2
125 2
126 6
127 3
128 2
129 4
130 2
131 4
132 2
133 1
135 3
136 2
137 4
138 6
139 4
140 1
141 4
142 3
143 8
144 -1
145 -1
146 -1
147 -1
148 -1
149 2
150 1
151 4
152 6
153 -1
154 9
155 6
156 1
157 0
158 7
159 -1
160 6
161 0
162 -1
163 5
164 6
165 3
166 6
167 1
168 2
169 -1
170 4
171 4
172 -1
173 4
174 -1
175 -1
176 2
177 6
178 6
179 4
180 2
181 -1
182 1
183 3
184 2
185 -1
186 2
187 6
188 -1
189 6
190 1
191 4
192 2
193 4
194 6
195 -1
196 -1
198 3
199 4
200 3
201 -1
202 4
203 6
204 2
206 -1
207 6
209 2
210 -1
211 2
212 1
213 -1
214 11
215 2
216 11
218 6
219 -1
220 4
221 2
222 1
223 6
224 4
225 6
226 -1
227 1
228 2
229 4
230 -1
231 2
233 1
234 4
235 4
236 -1
237 3
239 1
240 1
241 4
242 -1
243 -1
244 6
245 3
246 1
247 2
248 0
249 2
250 6
251 5
252 4
253 6
254 -1
256 4
257 5
258 4
259 -1
260 -1
263 -1
264 4
265 10
266 -1
267 -1
268 2
269 2
271 6
272 -1
273 -1
274 2
275 9
276 -1
277 1
278 -1
280 2
281 2
282 6
283 1
284 6
286 -1
287 2
288 2
289 -1
290 4
292 2
293 -1
294 1
295 -1
296 4
297 -1
299 6
300 2
301 -1
303 6
304 4
305 6
306 2
307 -1
308 4
309 2
310 6
312 -1
313 4
314 6
315 2
317 2
318 4
319 4
320 7
321 -1
322 4
323 -1
324 6
325 -1
326 -1
327 5
328 4
330 -1
331 4
332 -1
333 6
334 6
335 -1
336 -1
337 2
338 5
340 6
342 -1
343 -1
344 6
345 -1
346 -1
347 4
348 3
349 1
350 -1
351 1
352 1
353 6
354 4
355 -1
356 2
357 6
358 4
361 1
362 -1
363 3
364 3
365 5
366 -1
367 6
368 1
369 0
370 3
371 4
373 3
375 2
377 -1
378 3
379 -1
380 1
381 2
382 2
383 4
384 5
385 1
386 3
387 2
389 4
391 6
392 -1
393 2
394 1
395 2
396 2
397 1
398 4
400 -1
401 0
402 2
403 3
404 1
405 -1
406 -1
408 2
409 -1
410 3
411 -1
412 4
413 3
414 6
415 1
416 6
417 3
418 2
419 0
420 4
421 -1
422 2
423 1
424 -1
425 0
426 3
427 2
428 1
429 4
430 3
431 -1
432 8
433 -1
434 9
435 1
436 2
437 2
438 6
439 -1
440 4
441 2
444 6
445 4
446 1
447 6
448 3
449 1
451 -1
452 -1
453 -1
454 2
455 2
456 6
457 1
458 3
459 1
460 -1
461 1
462 1
463 6
464 2
465 0
466 0
467 2
469 3
470 1
471 2
472 6
473 -1
474 6
475 -1
477 6
478 -1
479 4
480 6
481 0
483 -1
484 1
485 2
486 0
487 1
488 5
490 -1
492 4
493 2
496 -1
497 1
498 6
499 6
500 6
501 3
502 1
503 6
504 6
505 1
507 4
508 4
509 6
510 1
511 4
512 -1
513 6
514 2
516 5
517 1
518 4
520 6
521 2
522 4
523 -1
524 0
525 11
527 5
528 3
529 -1
530 4
531 -1
532 1
533 1
534 8
535 6
536 6
537 2
538 0
539 4
540 -1
541 5
542 1
543 6
544 -1
545 6
547 2
548 1
549 2
550 -1
551 2
552 4
554 4
555 -1
556 2
557 1
558 -1
559 -1
560 -1
561 4
562 -1
563 6
564 4
565 4
566 -1
567 2
568 -1
569 3
570 4
571 6
572 -1
573 1
574 -1
575 1
576 4
577 2
578 0
579 11
580 1
581 -1
582 1
583 -1
584 -1
585 4
586 4
588 6
589 2
590 -1
591 2
592 2
593 -1
594 8
596 4
597 6
600 1
601 2
602 5
604 -1
606 4
607 3
608 -1
609 8
610 6
611 6
612 2
614 6
615 2
616 3
617 6
619 4
620 2
621 -1
622 -1
623 -1
625 4
626 1
627 1
628 6
629 2
630 2
631 12
632 4
633 -1
634 -1
635 -1
636 -1
637 -1
638 4
639 6
640 -1
641 6
642 2
643 4
644 -1
645 1
647 4
648 10
649 2
650 4
651 5
652 0
653 3
654 2
655 6
656 1
657 -1
658 -1
659 4
660 2
661 -1
663 -1
664 -1
665 1
666 6
668 6
669 1
670 -1
671 6
672 -1
673 6
674 -1
675 10
677 -1
678 -1
679 3
680 -1
681 6
682 -1
683 -1
684 -1
685 6
686 -1
688 4
689 2
690 7
691 6
692 4
693 -1
694 2
695 -1
696 2
697 6
698 0
699 4
700 6
701 -1
704 2
705 -1
706 6
708 -1
709 2
710 -1
712 6
713 1
714 2
715 1
716 3
717 -1
718 -1
719 6
720 6
721 1
722 -1
723 -1
724 7
725 5
726 4
727 2
728 6
729 2
730 8
732 0
733 -1
734 3
736 -1
738 2
739 -1
740 1
741 -1
742 4
743 2
744 -1
745 2
747 2
748 3
749 6
750 6
751 2
752 0
753 -1
754 4
755 -1
756 4
757 1
758 5
759 -1
760 1
761 0
763 -1
764 1
765 5
766 1
767 2
768 -1
770 6
771 6
772 -1
775 2
776 3
778 11
779 -1
780 6
781 6
782 4
783 -1
784 -1
785 -1
786 6
787 -1
788 6
789 -1
790 4
791 12
792 2
793 4
794 1
795 2
796 4
798 2
800 4
801 -1
802 -1
803 -1
804 6
805 6
806 6
807 6
808 -1
810 1
812 2
813 6
814 -1
815 -1
816 1
817 3
818 2
819 1
820 -1
822 4
823 6
824 -1
827 4
828 -1
829 3
831 1
833 -1
834 2
835 1
836 3
837 11
838 1
839 3
840 4
841 2
842 -1
843 6
844 6
845 4
846 -1
847 4
848 4
849 2
850 4
851 5
852 5
853 1
854 -1
855 4
856 6
857 6
858 -1
859 1
860 -1
861 2
862 -1
863 -1
864 4
865 0
866 -1
867 -1
868 2
869 4
870 2
871 6
872 3
873 -1
874 -1
875 4
876 1
877 3
878 2
879 2
880 3
881 6
882 -1
884 3
885 0
886 6
887 5
888 4
889 6
891 6
892 3
893 4
894 6
895 -1
896 6
897 -1
899 5
900 1
901 2
902 -1
903 -1
904 -1
906 12
907 4
908 4
910 4
911 -1
913 -1
914 4
915 4
916 2
917 1
918 1
919 4
921 2
922 3
923 0
925 -1
927 2
928 4
930 6
931 6
932 6
933 2
934 10
935 12
936 -1
937 -1
938 6
939 3
940 4
941 2
942 5
943 4
944 -1
945 2
946 2
947 -1
948 1
950 2
951 6
952 1
953 1
955 2
956 4
957 3
958 2
959 -1
960 2
961 -1
962 -1
963 4
964 4
965 1
966 1
967 2
968 -1
969 -1
970 -1
971 6
972 -1
973 2
974 6
975 -1
976 -1
977 -1
978 6
980 -1
981 3
982 6
983 4
984 2
986 2
987 1
988 0
989 6
990 -1
992 3
994 3
995 2
996 6
997 3
998 4
999 4
1000 4
1001 4
1002 3
1003 2
1004 3
1005 9
1007 3
1008 -1
1010 12
1011 4
1012 -1
1013 3
1014 -1
1015 1
1016 -1
1017 6
1018 -1
1019 -1
1020 4
1021 3
1022 4
1023 -1
1024 6
1025 0
1026 4
1027 -1
1028 -1
1029 4
1030 2
1031 1
1032 -1
1033 1
1034 1
1035 -1
1036 1
1038 2
1039 -1
1040 4
1041 7
1042 6
1043 3
1044 3
1045 4
1046 3
1047 2
1048 2
1049 2
1050 4
1052 3
1053 3
1055 2
1056 1
1059 6
1060 4
1061 -1
1062 4
1063 -1
1064 -1
1065 -1
1066 4
1067 4
1068 -1
1069 4
1070 6
1071 -1
1072 -1
1073 3
1074 0
1075 3
1076 2
1077 6
1078 0
1079 6
1080 9
1081 1
1082 -1
1083 -1
1085 6
1086 2
1087 4
1088 4
1089 4
1091 2
1093 -1
1094 2
1095 -1
1096 6
1097 4
1098 3
1099 6
1100 -1
1101 6
1102 -1
1103 3
1104 4
1105 2
1106 -1
1107 -1
1108 2
1109 1
1110 -1
1111 1
1112 6
1113 -1
1114 3
1115 2
1116 -1
1117 2
1118 -1
1119 3
1120 4
1121 6
1122 -1
1123 2
1124 -1
1125 3
1126 11
1128 6
1129 -1
1130 0
1131 -1
1132 -1
1133 1
1134 -1
1135 6
1137 1
1138 5
1139 -1
1140 6
1142 4
1143 -1
1144 4
1145 6
1147 1
1148 6
1149 4
1151 -1
1153 6
1154 1
1155 6
1156 2
1157 2
1158 -1
1159 2
1160 6
1161 2
1162 4
1164 -1
1165 2
1166 2
1168 -1
1169 -1
1170 -1
1171 2
1172 2
1173 1
1174 4
1175 -1
1177 6
1178 6
1180 2
1181 4
1182 3
1183 4
1184 3
1185 -1
1186 6
1187 6
1188 -1
1189 -1
1190 3
1191 4
1193 -1
1194 4
1195 2
1197 1
1199 2
1200 4
1201 4
1203 6
1204 3
1205 6
1207 -1
1208 1
1209 2
1210 7
1212 2
1213 6
1214 1
1215 6
1217 -1
1218 5
1219 3
1220 2
1221 2
1222 6
1223 1
1224 2
1225 2
1226 2
1227 -1
1228 4
1229 6
1230 1
1231 0
1232 3
1233 -1
1235 1
1236 4
1237 2
1238 3
1239 5
1240 6
1241 4
1242 -1
1243 4
1244 2
1245 -1
1247 6
1248 2
1250 11
1251 4
1252 4
1253 3
1254 3
1256 -1
1257 4
1258 1
1259 -1
1261 -1
1262 3
1263 1
1264 3
1265 4
1267 1
1268 0
1269 4
1270 -1
1271 6
1272 -1
1273 1
1274 6
1275 -1
1277 5
1278 6
1279 -1
1280 -1
1284 3
1285 3
1286 4
1287 3
1289 -1
1290 -1
1291 4
1292 2
1294 -1
1296 -1
1298 4
1299 2
1302 2
1303 6
1304 4
1305 -1
1306 1
1307 -1
1308 4
1309 1
1310 1
1311 4
1312 3
1313 1
1314 -1
1315 10
1316 2
1317 -1
1319 6
1320 -1
1321 11
1322 3
1323 2
1325 2
1326 0
1328 4
1329 4
1330 3
1331 2
1332 3
1334 5
1335 -1
1336 4
1338 0
1339 2
1340 2
1342 0
1343 1
1344 3
1345 2
1346 2
1347 5
1348 3
1349 2
1351 6
1352 6
1354 6
1355 2
1356 1
1357 4
1359 4
1360 -1
1363 1
1364 6
1365 4
1368 -1
1369 -1
1371 2
1372 -1
1373 -1
1374 6
1376 1
1377 2
1378 4
1379 6
1381 4
1382 9
1383 -1
1384 -1
1385 1
1386 6
1387 2
1389 -1
1390 3
1391 1
1392 6
1394 1
1395 6
1396 6
1399 6
1400 -1
1401 -1
1402 0
1403 4
1404 10
1405 6
1406 4
1407 6
1408 -1
1409 -1
1410 1
1413 2
1414 4
1415 4
1416 6
1417 3
1419 4
1420 4
1421 4
1423 2
1424 -1
1425 3
1426 6
1427 -1
1428 1
1429 4
1430 -1
1431 0
1432 0
1434 4
1436 0
1437 -1
1438 -1
1439 -1
1440 4
1441 5
1442 3
1443 2
1444 6
1445 -1
1446 3
1447 -1
1448 2
1449 1
1451 2
1453 2
1455 11
1457 2
1458 1
1459 2
1460 -1
1461 -1
1462 2
1463 4
1464 -1
1465 -1
1466 6
1467 -1
1468 2
1469 3
1470 12
1471 3
1472 4
1473 -1
1474 -1
1475 0
1476 1
1477 -1
1478 -1
1480 1
1482 -1
1483 2
1485 2
1486 5
1487 -1
1488 -1
1489 0
1490 2
1491 6
1493 3
1494 4
1495 13
1496 -1
1497 -1
1499 6
1500 2
1501 2
1502 -1
1503 4
1505 -1
1506 7
1507 3
1508 2
1509 13
1510 1
1511 4
1513 -1
1515 4
1516 -1
1517 4
1518 7
1519 3
1520 -1
1522 3
1524 2
1525 4
1526 5
1528 -1
1529 4
1530 2
1531 -1
1532 6
1533 2
1534 2
1535 2
1536 -1
1537 11
1538 -1
1540 2
1542 2
1543 3
1544 -1
1545 2
1547 4
1548 4
1551 4
1552 1
1553 4
1554 0
1555 -1
1558 4
1559 6
1560 -1
1561 -1
1562 1
1563 1
1564 2
1565 3
1566 -1
1567 -1
1568 2
1569 -1
1570 3
1571 3
1573 6
1574 -1
1576 3
1577 -1
1578 6
1579 0
1581 2
1582 1
1583 5
1586 6
1587 -1
1589 -1
1590 4
1592 5
1593 6
1594 11
1596 6
1598 0
1599 2
1600 -1
1601 1
1602 -1
1604 1
1605 2
1606 4
1609 2
1610 3
1612 2
1613 4
1614 -1
1616 -1
1617 0
1619 -1
1620 6
1621 4
1622 -1
1623 3
1624 6
1626 2
1627 3
1628 2
1629 4
1630 2
1631 1
1632 4
1633 3
1634 1
1635 1
1637 6
1638 1
1639 2
1640 1
1641 -1
1643 1
1644 2
1645 1
1647 4
1648 4
1650 3
1652 1
1653 2
1655 1
1656 -1
1657 11
1658 1
1659 2
1660 -1
1661 -1
1662 0
1663 6
1664 2
1665 2
1666 5
1667 9
1668 -1
1669 -1
1670 -1
1671 6
1672 -1
1673 3
1674 1
1675 -1
1676 3
1678 6
1680 3
1681 1
1682 6
1684 3
1685 4
1686 6
1687 1
1688 -1
1689 2
1690 2
1691 6
1693 1
1694 6
1695 3
1697 1
1698 6
1699 1
1701 2
1702 6
1704 1
1706 4
1707 6
1709 2
1711 9
1712 4
1713 -1
1714 -1
1715 6
1716 2
1717 4
1718 1
1719 2
1720 4
1721 2
1722 1
1723 6
1724 5
1726 4
1727 1
1728 -1
1729 2
1732 -1
1733 6
1734 4
1736 1
1738 4
1739 6
1740 4
1741 2
1743 1
1744 1
1745 3
1747 4
1750 1
1751 6
1753 13
1754 1
1755 1
1756 1
1758 -1
1759 3
1760 4
1761 3
1762 2
1763 -1
1764 1
1765 4
1766 -1
1767 1
1768 -1
1769 6
1770 -1
1771 9
1772 -1
1773 0
1774 -1
1775 2
1776 2
1777 6
1778 6
1779 2
1780 0
1782 6
1783 3
1784 0
1785 2
1788 -1
1789 2
1790 3
1793 1
1794 -1
1797 2
1798 -1
1799 6
1800 1
1802 2
1803 6
1804 3
1805 1
1809 4
1810 6
1811 4
1813 1
1814 6
1815 3
1816 2
1817 -1
1818 4
1819 -1
1820 -1
1822 4
1823 6
1824 2
1825 4
1826 -1
1827 3
1828 4
1829 -1
1831 -1
1832 -1
1833 1
1834 3
1835 2
1838 -1
1842 13
1843 -1
1844 3
1845 4
1847 4
1848 -1
1849 4
1850 -1
1851 1
1852 -1
1853 6
1854 2
1855 -1
1856 0
1857 4
1858 6
1862 6
1863 -1
1864 4
1865 4
1866 0
1867 4
1868 3
1869 -1
1870 4
1871 4
1873 4
1874 3
1875 1
1876 0
1877 1
1878 1
1879 -1
1880 2
1881 1
1882 0
1884 6
1885 -1
1886 6
1887 4
1888 3
1889 1
1890 4
1891 4
1892 1
1893 3
1894 7
1895 -1
1897 6
1898 3
1899 -1
1900 -1
1901 -1
1902 2
1904 6
1906 2
1907 -1
1910 4
1913 4
1914 2
1915 6
1917 2
1918 -1
1919 6
1921 1
1923 -1
1924 3
1925 2
1926 2
1928 4
1929 4
1930 2
1931 1
1933 1
1934 4
1936 -1
1937 4
1938 -1
1939 -1
1940 -1
1941 0
1942 -1
1943 -1
1944 -1
1946 0
1947 2
1948 1
1949 2
1950 4
1951 4
1952 1
1953 -1
1955 0
1956 -1
1957 6
1959 -1
1960 5
1962 2
1963 1
1966 -1
1967 3
1968 2
1969 -1
1971 0
1972 3
1973 13
1974 4
1975 1
1977 -1
1978 2
1979 -1
1980 4
1981 1
1982 4
1983 3
1984 -1
1985 -1
1986 0
1987 -1
1989 3
1991 2
1992 4
1994 -1
1995 1
1996 -1
1997 4
1998 -1
1999 2
2000 2
2001 -1
2002 1
2003 4
2004 2
2005 6
2006 0
2007 3
2008 -1
2009 4
2010 1
2011 13
2012 -1
2015 6
2016 2
2017 2
2019 -1
2021 1
2022 3
2024 6
2025 4
2027 1
2028 0
2029 1
2030 4
2031 2
2032 1
2033 1
2035 2
2036 4
2040 2
2041 2
2042 7
2045 -1
2046 1
2047 2
2051 6
2053 -1
2054 3
2055 5
2057 -1
2058 0
2059 6
2060 -1
2061 -1
2062 1
2065 2
2067 1
2068 2
2071 6
2072 2
2073 1
2074 -1
2075 0
2076 -1
2077 6
2078 2
2079 -1
2081 -1
2083 6
2084 6
2085 11
2086 6
2087 6
2088 4
2090 7
2091 4
2092 6
2093 -1
2094 1
2095 2
2096 1
2097 2
2098 2
2099 2
2100 -1
2101 -1
2102 -1
2103 4
2105 3
2107 -1
2108 0
2109 4
2110 4
2111 2
2113 6
2115 2
2116 0
2118 2
2119 11
2121 6
2122 4
2123 2
2124 3
2125 -1
2126 1
2127 1
2128 4
2129 4
2130 6
2131 2
2132 6
2133 6
2134 -1
2135 0
2140 1
2141 2
2142 4
2143 2
2146 3
2147 4
2148 -1
2150 6
2152 1
2153 1
2154 3
2155 2
2156 6
2157 6
2158 9
2159 2
2161 3
2162 1
2163 -1
2165 2
2166 4
2167 8
2168 1
2169 6
2170 2
2171 3
2173 5
2174 -1
2178 4
2179 1
2182 1
2183 3
2184 -1
2185 0
2186 6
2187 4
2188 -1
2189 1
2190 6
2191 4
2192 -1
2193 6
2194 6
2195 6
2197 4
2200 -1
2202 4
2204 2
2205 -1
2206 6
2207 -1
2210 -1
2211 2
2213 4
2214 -1
2217 4
2218 4
2220 -1
2221 1
2223 3
2224 -1
2226 2
2227 7
2228 3
2229 4
2231 3
2232 1
2233 6
2235 1
2236 1
2237 4
2239 3
2240 3
2241 3
2244 6
2245 -1
2246 2
2248 6
2249 2
2251 2
2252 2
2253 1
2255 -1
2256 6
2257 0
2258 2
2259 5
2260 -1
2261 4
2262 1
2263 6
2265 1
2266 2
2267 1
2268 4
2269 6
2270 6
2271 4
2272 4
2273 0
2274 -1
2275 -1
2276 4
2277 5
2278 2
2280 1
2281 4
2282 4
2284 2
2285 3
2286 4
2287 1
2288 -1
2290 3
2291 6
2292 1
2294 1
2298 4
2299 -1
2300 3
2302 1
2303 1
2304 4
2305 -1
2306 1
2307 2
2308 -1
2309 2
2310 -1
2311 1
2312 2
2314 2
2315 0
2316 1
2317 -1
2318 2
2320 2
2323 6
2324 2
2325 -1
2327 1
2329 3
2331 0
2332 6
2334 2
2335 4
2336 5
2337 2
2338 4
2339 1
2340 3
2341 1
2342 1
2343 1
2344 3
2345 4
2346 6
2350 1
2351 2
2353 1
2354 2
2355 4
2356 6
2357 -1
2359 1
2360 3
2361 4
2362 -1
2363 -1
2364 3
2365 2
2367 4
2368 1
2369 -1
2372 6
2373 4
2374 6
2376 0
2379 0
2381 4
2383 1
2385 2
2386 2
2387 1
2389 1
2390 2
2391 1
2393 2
2395 1
2397 6
2398 -1
2399 0
2400 4
2401 4
2402 4
2403 1
2404 4
2405 3
2406 1
2407 6
2408 3
2409 6
2410 11
2411 4
2413 4
2414 0
2415 1
2418 4
2419 -1
2420 1
2421 6
2422 4
2424 4
2425 4
2427 6
2428 -1
2429 3
2430 3
2431 1
2432 1
2433 -1
2434 2
2438 -1
2440 3
2441 2
2442 1
2443 2
2445 1
2446 7
2448 2
2449 -1
2450 1
2451 5
2452 2
2455 3
2457 4
2459 2
2460 2
2461 2
2462 4
2463 1
2464 2
2467 1
2468 6
2472 1
2473 0
2474 1
2476 -1
2478 -1
2482 2
2483 4
2484 6
2485 6
2486 6
2488 4
2489 2
2490 -1
2491 2
2492 -1
2493 2
2494 3
2495 0
2496 4
2498 -1
2499 4
2501 3
2502 2
2503 2
2505 2
2506 10
2507 -1
2508 5
2510 6
2511 1
2512 1
2513 6
2514 -1
2516 2
2517 0
2518 -1
2519 2
2520 -1
2521 4
2522 4
2524 2
2525 0
2528 1
2529 4
2531 0
2533 3
2534 7
2536 2
2537 2
2538 4
2539 4
2540 3
2541 4
2542 2
2543 -1
2545 5
2547 2
2548 3
2549 -1
2550 3
2551 1
2552 -1
2553 1
2557 1
2558 2
2560 -1
2561 3
2563 3
2565 4
2567 4
2569 9
2570 -1
2572 2
2574 6
2576 3
2579 2
2580 0
2583 4
2584 1
2585 2
2586 1
2587 6
2588 2
2589 1
2590 7
2591 5
2592 3
2595 -1
2597 1
2598 6
2599 2
2601 4
2602 2
2604 -1
2605 2
2606 2
2607 4
2608 4
2609 4
2610 2
2612 6
2614 7
2615 0
2617 4
2618 12
2619 6
2620 6
2621 3
2623 6
2624 1
2625 2
2626 -1
2627 1
2628 1
2632 12
2633 4
2634 -1
2635 4
2636 4
2637 6
2638 1
2639 6
2640 3
2642 0
2643 6
2644 -1
2646 3
2648 2
2650 -1
2652 5
2653 -1
2654 2
2657 3
2660 7
2662 4
2664 3
2666 2
2667 4
2668 4
2670 2
2671 11
2672 4
2673 1
2674 1
2676 3
2678 4
2679 1
2680 4
2681 1
2682 1
2683 4
2685 2
2686 -1
2687 -1
2688 2
2689 -1
2690 0
2691 1
2692 2
2693 1
2694 0
2695 -1
2697 -1
2698 4
2701 4
2702 1
2704 4
2705 1
2707 1
2709 2
2710 2
2711 4
2715 -1
2716 4
2717 3
2718 -1
2719 2
2720 2
2721 6
2722 -1
2723 2
2724 5
2725 -1
2726 3
2728 4
2729 3
2731 -1
2732 -1
2733 1
2737 6
2738 4
2739 4
2741 -1
2743 2
2744 1
2745 4
2747 1
2748 6
2749 5
2750 6
2751 2
2752 -1
2753 6
2755 6
2756 3
2758 -1
2759 1
2760 1
2762 2
2763 2
2764 -1
2765 -1
2768 1
2772 6
2773 1
2775 6
2776 2
2777 3
2778 0
2779 4
2780 0
2783 -1
2785 3
2786 4
2787 3
2788 -1
2789 6
2791 4
2792 2
2794 6
2795 -1
2796 3
2798 -1
2799 2
2801 4
2802 -1
2803 1
2804 -1
2806 2
2807 6
2809 -1
2811 4
2812 3
2813 4
2815 4
2816 -1
2817 -1
2818 2
2820 1
2821 -1
2822 2
2823 0
2825 2
2826 1
2830 2
2831 2
2832 2
2833 4
2834 4
2835 1
2838 4
2839 4
2840 1
2843 2
2844 -1
2845 3
2846 5
2848 4
2849 4
2850 2
2851 6
2854 6
2856 2
2857 3
2858 1
2859 6
2862 3
2863 2
2866 6
2867 1
2868 4
2869 4
2870 6
2871 1
2872 2
2873 6
2874 -1
2875 6
2878 4
2879 3
2880 4
2882 6
2884 1
2886 4
2887 2
2888 4
2889 2
2890 2
2892 6
2894 6
2895 6
2896 -1
2898 2
2899 2
2900 0
2902 5
2904 4
2906 4
2908 2
2909 2
2912 7
2914 1
2916 4
2917 4
2918 6
2920 4
2921 1
2923 2
2925 2
2927 2
2928 1
2930 4
2931 -1
2932 6
2933 4
2934 4
2936 2
2937 6
2939 0
2940 -1
2941 6
2942 2
2943 -1
2944 -1
2945 6
2946 4
2947 1
2948 4
2950 1
2952 2
2954 13
2955 2
2956 3
2957 -1
2959 1
2960 1
2961 2
2962 0
2963 1
2964 0
2965 5
2968 -1
2970 5
2971 1
2973 1
2974 1
2975 -1
2976 -1
2979 6
2980 6
2986 6
2987 4
2988 1
2989 3
2990 1
2991 2
2993 1
2995 1
2996 4
2997 4
2999 2
3000 2
3001 6
3002 4
3003 1
3004 1
3005 3
3008 2
3009 -1
3010 -1
3011 1
3012 1
3013 -1
3014 3
3015 4
3016 5
3017 11
3021 4
3022 -1
3023 -1
3024 -1
3025 4
3027 -1
3028 4
3029 4
3030 3
3031 4
3032 3
3033 -1
3036 4
3038 2
3039 5
3041 3
3042 -1
3043 -1
3044 11
3045 2
3046 3
3049 -1
3050 6
3051 4
3052 -1
3053 1
3055 3
3056 2
3057 -1
3058 -1
3061 -1
3062 2
3063 -1
3064 -1
3065 1
3066 4
3068 -1
3069 2
3070 0
3071 2
3072 1
3076 0
3077 -1
3078 2
3079 2
3081 -1
3082 1
3085 0
3086 4
3087 7
3091 4
3092 5
3094 4
3095 4
3096 6
3097 6
3098 1
3099 -1
3100 7
3101 -1
3102 2
3103 2
3104 2
3105 2
3106 4
3107 0
3112 1
3113 0
3114 2
3115 4
3116 2
3117 3
3118 4
3119 3
3120 2
3121 3
3122 1
3123 6
3124 2
3125 2
3127 2
3128 -1
3129 4
3130 2
3131 -1
3132 4
3133 4
3134 2
3135 4
3136 2
3137 4
3139 1
3140 -1
3141 6
3144 1
3145 4
3146 1
3147 6
3149 4
3152 2
3153 3
3155 2
3156 6
3157 3
3158 6
3160 2
3161 1
3162 1
3163 -1
3165 -1
3166 3
3168 -1
3169 -1
3170 4
3171 -1
3172 1
3173 6
3174 -1
3175 -1
3176 4
3177 -1
3179 2
3180 -1
3181 -1
3183 2
3184 4
3185 4
3186 -1
3190 4
3191 4
3192 2
3193 1
3194 4
3195 4
3196 -1
3197 1
3198 1
3199 6
3200 6
3202 4
3203 2
3205 6
3206 2
3207 3
3210 6
3211 -1
3212 -1
3214 4
3216 4
3218 -1
3219 6
3220 2
3224 2
3225 3
3226 2
3227 -1
3228 1
3229 -1
3230 -1
3231 -1
3232 0
3233 4
3235 6
3236 -1
3237 -1
3238 -1
3239 0
3240 1
3241 1
3242 1
3243 -1
3245 9
3247 1
3248 4
3249 1
3250 1
3251 6
3252 4
3253 6
3254 3
3257 4
3258 4
3259 -1
3260 -1
3261 4
3262 1
3263 0
3265 4
3266 1
3269 6
3272 1
3275 -1
3277 6
3278 3
3279 -1
3281 0
3282 4
3284 -1
3288 1
3289 1
3290 3
3291 4
3292 11
3293 4
3294 6
3295 2
3296 4
3298 6
3299 -1
3301 4
3302 1
3304 4
3305 6
3306 1
3307 1
3308 4
3309 1
3310 4
3313 2
3315 -1
3316 2
3318 1
3320 4
3321 -1
3323 2
3324 2
3325 -1
3327 1
3328 1
3329 -1
3330 2
3332 4
3333 5
3334 1
3335 4
3336 2
3337 4
3338 1
3339 4
3340 4
3341 6
3345 6
3346 2
3348 4
3349 3
3351 1
3352 -1
3353 6
3354 1
3355 1
3357 4
3358 11
3360 -1
3361 -1
3363 1
3364 2
3365 2
3367 2
3368 1
3369 -1
3370 1
3371 2
3372 6
3374 6
3375 1
3376 2
3377 1
3378 0
3379 1
3380 -1
3381 -1
3384 4
3385 3
3387 2
3388 3
3389 1
3390 5
3391 4
3392 2
3393 1
3394 2
3396 0
3397 1
3398 -1
3399 11
3403 4
3404 2
3405 6
3407 6
3408 6
3409 1
3410 2
3413 2
3415 6
3416 -1
3417 4
3419 0
3420 2
3423 -1
3424 2
3425 4
3426 2
3427 1
3428 2
3429 10
3430 1
3432 -1
3433 2
3434 3
3435 2
3436 6
3439 6
3441 6
3442 3
3443 -1
3445 6
3446 -1
3447 -1
3448 2
3449 2
3451 2
3452 1
3453 -1
3454 9
3455 9
3456 1
3457 -1
3459 2
3460 1
3461 1
3462 -1
3463 -1
3465 -1
3466 10
3468 6
3469 6
3471 2
3472 -1
3473 1
3474 -1
3475 -1
3477 -1
3478 1
3479 -1
3480 -1
3481 2
3482 2
3484 -1
3487 1
3488 -1
3489 2
3490 -1
3493 0
3494 2
3496 1
3497 1
3498 2
3499 -1
3501 2
3502 2
3503 1
3504 2
3506 2
3507 6
3508 1
3509 6
3510 0
3511 6
3512 5
3513 4
3514 -1
3515 1
3516 1
3517 1
3518 0
3520 4
3521 0
3523 1
3526 4
3528 1
3529 2
3530 1
3531 4
3532 2
3533 0
3534 1
3535 3
3536 0
3537 0
3538 1
3540 1
3541 0
3542 -1
3543 4
3544 -1
3546 -1
3548 2
3549 2
3550 1
3551 -1
3552 2
3553 2
3554 0
3555 2
3556 4
3557 6
3558 2
3559 2
3560 0
3562 3
3563 6
3564 1
3568 10
3569 6
3571 4
3572 4
3573 2
3574 2
3575 4
3576 4
3577 2
3579 0
3580 2
3581 6
3582 -1
3583 1
3584 3
3585 -1
3589 2
3590 2
3591 -1
3592 4
3594 6
3596 1
3597 0
3598 6
3600 6
3601 2
3603 4
3604 0
3606 5
3607 1
3608 -1
3609 6
3610 1
3611 4
3612 -1
3613 4
3614 -1
3615 6
3616 -1
3618 1
3619 0
3620 6
3621 2
3623 0
3624 2
3625 6
3627 1
3628 6
3631 2
3632 2
3633 1
3635 4
3636 1
3637 1
3638 2
3639 1
3640 4
3641 1
3643 1
3645 6
3647 2
3648 2
3649 1
3651 1
3652 1
3653 1
3655 3
3656 2
3658 1
3659 -1
3660 1
3662 2
3663 -1
3665 6
3666 2
3667 1
3668 2
3669 -1
3670 -1
3671 2
3672 6
3673 0
3674 6
3676 4
3677 4
3678 0
3680 1
3681 0
3682 -1
3683 1
3684 4
3685 1
3686 4
3687 1
3689 1
3690 4
3691 2
3692 4
3693 2
3694 4
3695 2
3696 2
3697 4
3698 2
3699 2
3701 0
3702 4
3703 2
3704 4
3705 4
3706 -1
3707 1
3708 3
3710 1
3712 3
3713 -1
3714 4
3715 1
3716 6
3717 1
3719 2
3720 2
3721 1
3722 3
3723 -1
3725 11
3726 4
3727 6
3728 1
3729 2
3731 -1
3732 0
3733 2
3734 1
3735 1
3737 1
3739 1
3740 2
3741 -1
3742 4
3743 4
3744 3
3745 1
3748 2
3750 4
3751 4
3752 4
3753 2
3754 0
3755 -1
3756 1
3758 2
3759 10
3761 4
3762 -1
3763 2
3765 5
3766 1
3768 0
3769 1
3770 4
3771 2
3772 3
3773 6
3774 -1
3777 1
3778 6
3779 1
3780 1
3781 2
3784 5
3785 6
3789 4
3791 3
3792 2
3793 0
3795 1
3796 0
3797 6
3799 0
3800 2
3801 2
3803 1
3804 4
3807 2
3808 4
3809 0
3810 2
3811 0
3812 4
3815 2
3816 0
3817 1
3818 -1
3819 4
3820 2
3821 4
3822 6
3823 -1
3824 3
3825 1
3827 -1
3828 3
3829 -1
3830 4
3832 6
3835 0
3837 6
3838 4
3839 1
3841 1
3842 1
3843 2
3844 1
3845 2
3846 0
3847 0
3848 1
3849 1
3850 1
3851 6
3852 1
3853 1
3854 1
3855 12
3857 -1
3858 10
3860 0
3861 0
3862 0
3863 0
3864 4
3865 0
3866 0
3868 1
3869 2
3870 4
3871 9
3872 3
3875 1
3876 3
3877 1
3879 2
3880 6
3881 1
3882 2
3884 2
3885 1
3887 6
3888 6
3889 1
3890 -1
3892 1
3895 4
3896 2
3897 3
3898 2
3899 4
3900 -1
3901 2
3902 2
3903 1
3904 1
3907 4
3908 2
3909 0
3910 2
3911 -1
3912 2
3913 -1
3914 -1
3915 1
3917 -1
3918 2
3919 6
3920 1
3921 4
3922 -1
3923 -1
3924 1
3925 6
3926 3
3927 3
3928 4
3929 2
3930 6
3931 2
3932 6
3933 4
3935 1
3936 4
3937 2
3938 1
3939 1
3940 1
3941 1
3942 -1
3943 0
3944 1
3945 2
3947 1
3948 1
3949 0
3950 2
3951 -1
3953 1
3954 2
3955 2
3957 2
3958 1
3960 2
3961 2
3964 1
3965 0
3966 0
3967 1
3968 0
3969 2
3970 6
3971 4
3972 0
3973 0
3974 0
3977 1
3978 0
3979 2
3980 1
3981 1
3982 2
3983 4
3985 1
3986 1
3987 1
3988 -1
3991 0
3992 1
3993 -1
3994 2
3995 0
3996 0
3997 0
3998 6
4000 1
4001 2
4003 3
4004 2
4006 2
4007 2
4008 1
4009 6
4010 6
4011 0
4012 0
4014 6
4015 4
4019 1
4020 0
4021 2
4022 1
4023 0
4025 1
4026 6
4027 1
4029 0
4032 4
4033 -1
4034 4
4035 1
4036 0
4037 0
4038 4
4039 2
4040 0
4041 4
4042 6
4043 2
4044 2
4045 2
4046 2
4047 1
4050 1
4051 2
4052 4
4053 0
4056 4
4058 1
4059 1
4060 -1
4061 4
4062 -1
4063 2
4064 0
4065 0
4066 0
4067 1
4068 1
4071 0
4072 2
4073 0
4074 2
4075 4
4076 4
4077 1
4078 0
4079 -1
4081 1
4082 -1
4085 0
4086 2
4087 4
4090 1
4091 0
4095 2
4096 6
4098 2
4099 0
4100 3
4101 1
4102 6
4103 -1
4104 1
4105 1
4106 2
4109 2
4110 -1
4112 4
4113 0
4114 0
4116 6
4117 2
4118 1
4119 6
4120 6
4121 6
4122 2
4123 6
4124 2
4125 -1
4127 -1
4128 4
4129 1
4130 0
4132 1
4133 0
4134 6
4138 1
4141 2
4142 0
4143 1
4144 1
4145 1
4146 0
4147 0
4149 0
4152 0
4154 2
4155 0
4156 2
4157 5
4158 0
4159 -1
4160 -1
4162 1
4163 2
4165 2
4166 0
4167 -1
4168 1
4170 0
4171 2
4172 0
4173 4
4174 1
4175 1
4178 4
4179 2
4180 4
4181 2
4182 0
4183 0
4184 2
4185 0
4186 1
4187 6
4189 -1
4191 0
4192 0
4193 2
4194 1
4195 -1
4196 0
4197 4
4198 1
4199 4
4200 1
4201 -1
4202 1
4203 0
4205 1
4207 0
4208 5
4209 0
4210 2
4211 2
4212 4
4213 0
4214 3
4215 0
4217 2
4218 -1
4219 2
4220 1
4221 2
4222 10
4225 4
4226 1
4227 0
4228 0
4229 1
4230 1
4231 1
4232 2
4233 -1
4234 1
4235 6
4237 1
4238 4
4239 1
4241 2
4242 2
4243 2
4244 2
4245 4
4247 1
4249 0
4250 3
4252 4
4253 2
4255 0
4256 4
4258 2
4259 1
4261 1
4262 2
4263 4
4264 0
4265 2
4266 2
4267 0
4268 1
4269 2
4272 -1
4273 0
4274 1
4275 0
4276 0
4277 4
4278 2
4279 1
4280 1
4281 0
4282 4
4283 0
4284 2
4285 1
4286 0
4288 2
4289 4
4290 4
4292 1
4294 -1
4295 2
4296 1
4297 2
4298 2
4300 2
4301 4
4302 6
4303 2
4307 6
4308 1
4309 1
4310 1
4312 -1
4313 0
4314 0
4315 0
4316 1
4318 0
4319 0
4320 6
4321 1
4322 1
4323 4
4324 1
4326 -1
4327 1
4329 2
4330 4
4334 1
4336 1
4337 1
4340 1
4341 1
4342 0
4343 1
4344 1
4345 -1
4346 -1
4347 1
4348 1
4349 1
4350 0
4352 4
4353 0
4354 0
4355 0
4356 6
4357 2
4358 1
4359 0
4360 2
4361 1
4362 -1
4363 1
4364 1
4365 1
4366 2
4367 1
4368 2
4369 -1
4370 2
4371 3
4373 4
4374 0
4375 1
4376 0
4377 0
4378 0
4380 0
4381 0
4382 -1
4384 1
4385 6
4386 0
4387 1
4388 0
4389 3
4390 6
4391 1
4392 6
4394 4
4395 2
4396 1
4397 2
4398 0
4399 2
4400 0
4402 1
4403 2
4404 4
4405 1
4406 6
4409 4
4410 0
4411 0
4412 1
4414 0
4415 1
4417 0
4418 0
4420 1
4421 -1
4422 -1
4423 2
4425 1
4426 0
4427 1
4428 0
4429 1
4430 -1
4431 0
4432 0
4433 1
4434 4
4435 1
4436 3
4437 2
4438 2
4439 1
4440 0
4441 0
4442 0
4443 1
4444 1
4445 7
4447 0
4448 1
4449 2
4450 0
4452 0
4453 2
4454 1
4455 1
4456 1
4457 0
4458 0
4459 1
4460 0
4461 -1
4462 1
4463 0
4464 4
4465 -1
4466 1
4467 7
4468 2
4469 0
4470 1
4471 2
4472 0
4473 0
4474 0
4475 -1
4476 0
4477 2
4478 -1
4479 1
4480 1
4481 1
4482 2
4484 4
4485 2
4486 0
4487 1
4488 0
4489 0
4490 0
4491 3
4492 2
4493 1
4494 4
4495 1
4496 0
4498 1
4499 4
4500 2
4501 0
4502 0
4503 1
4504 2
4505 4
4506 2
4507 2
4508 0
4509 0
4510 -1
4511 1
4512 4
4513 1
4514 6
4515 0
4516 1
4517 4
4518 1
4519 0
4520 1
4521 4
4522 2
4523 2
4524 0
4525 2
4526 2
4527 4
4528 -1
4529 -1
4530 2
4531 0
4532 0
4533 -1
4534 2
4536 0
4537 1
4538 0
4539 0
4540 0
4541 1
4542 0
4544 2
4545 0
4546 1
4547 1
4548 1
4549 0
4550 1
4551 4
4552 1
4553 1
4554 0
4555 2
4558 2
4559 4
4560 -1
4561 0
4562 1
4563 1
4566 1
4567 5
4568 4
4569 1
4570 2
4571 -1
4572 1
4573 3
4574 6
4575 4
4576 1
4577 2
4578 2
4579 0
4580 2
4581 0
4582 1
4583 0
4584 0
4585 1
4586 1
4587 2
4588 1
4589 0
4590 0
4591 0
4592 0
4593 2
4594 1
4595 -1
4596 2
4597 2
4598 0
4599 -1
4600 1
4601 1
4602 -1
4603 1
4604 1
4605 2
4606 1
4607 0
4608 0
4609 1
4610 1
4611 -1
4612 1
4613 1
4614 0
4615 0
4616 2
4617 1
4618 1
4619 1
4620 2
4621 1
4622 4
4623 0
4624 6
4625 0
4626 -1
4627 0
4628 1
4629 2
4630 1
4631 0
4632 0
4633 1
4634 0
4635 0
4636 -1
4637 0
4638 1
4639 0
4640 1
4641 0
4642 0
4643 1
4644 1
4645 1
4646 0
4647 0
4648 0
4649 0
4650 2
4651 4
4652 1
4653 1
4654 2
4655 2
4656 0
4657 0
4658 4
4659 0
4660 1
4661 1
4662 -1
4663 0
4664 1
4665 1
4666 0
4667 2
4668 0
4669 -1
4670 -1
4671 1
4672 1
4673 1
4674 -1
4675 1
4676 0
4677 2
4678 0
4679 0
4680 1
4681 0
4682 0
4683 1
4684 2
4685 0
4686 0
4687 1
4688 0
4689 0
4690 1
4691 1
4692 0
4693 3
4694 0
4695 1
4696 1
4697 0
4698 2
4699 1
4700 0
4701 0
4702 1
4703 0
4704 1
4705 -1
4706 1
4707 1
4708 0
4709 0
4710 0
4711 0
4712 1
4713 0
4714 2
4715 0
4716 0
4717 1
4718 0
4719 1
4720 3
4721 0
4722 0
4723 0
4724 2
4725 3
4726 1
4727 2
4728 4
4729 1
4730 0
4731 0
4732 11
4733 1
4734 0
4735 0
4736 6
4737 2
4738 0
4739 1
4740 1
4741 -1
4742 0
4743 2
4744 1
4745 2
4746 1
4747 2
4748 0
4749 6
4750 1
4751 1
4752 0
4753 0
4754 0
4755 1
4756 1
4757 4
4758 1
4759 4
4760 0
4761 2
4762 0
4763 2
4764 0
4765 0
4766 0
4767 1
4768 0
4769 0
4770 2
4771 0
4772 0
4773 0
4774 0
4775 0
4776 1
4777 1
4778 0
4779 1
4780 1
4781 0
4782 3
4783 0
4784 0
4785 1
4786 1
4787 0
4788 1
4789 4
4790 1
4791 0
4792 0
4793 1
4794 0
4795 1
4796 0
4797 1
4798 1
4799 0
4800 0
4801 2
4802 2
4803 0
4804 4
4805 2
4806 1
4807 0
4808 1
4809 6
4810 6
4811 1
4812 0
4813 1
4814 0
4815 0
4816 13
4817 0
4818 1
4819 1
4820 0
4821 2
4822 1
4823 0
4824 0
4825 1
4826 0
4827 0
4828 2
4829 0
4830 3
4831 0
