0 0
1 1
2 0
3 2
4 0
5 0
6 0
7 -1
8 6
9 3
10 -1
11 -1
12 2
13 0
14 0
15 -1
16 -1
17 2
18 0
19 0
20 3
21 -1
22 2
23 4
24 6
25 0
26 0
27 -1
28 2
29 0
30 3
31 2
32 -1
33 -1
34 3
35 -1
36 3
37 6
38 -1
39 1
40 3
41 6
42 2
43 5
44 -1
45 2
46 3
47 -1
49 2
50 -1
51 7
52 3
53 6
54 6
55 1
57 5
58 6
59 1
60 -1
61 -1
62 -1
63 1
64 0
65 2
66 5
67 -1
68 1
69 -1
70 -1
71 -1
72 3
73 0
74 0
75 2
76 3
77 0
78 3
79 3
80 -1
81 2
82 3
83 -1
84 3
85 1
86 -1
87 -1
88 0
89 -1
90 1
91 -1
92 3
93 3
94 2
95 5
96 0
97 -1
98 5
99 -1
100 0
101 -1
102 -1
104 -1
105 3
106 5
107 1
108 5
109 2
110 3
111 0
112 5
113 2
114 -1
115 1
116 7
118 3
119 -1
120 3
121 -1
122 0
123 3
124 0
125 0
126 3
127 2
128 2
129 2
130 3
131 2
132 -1
133 1
135 6
136 2
137 -1
138 5
139 2
140 3
141 2
142 3
143 6
144 6
145 -1
146 -1
147 -1
148 5
149 3
150 3
151 2
152 5
153 2
154 5
155 1
156 -1
157 2
158 6
159 -1
160 -1
161 1
162 -1
163 2
164 3
165 -1
166 5
167 1
168 3
169 2
170 2
171 5
172 -1
173 2
174 0
175 -1
176 0
177 0
178 2
179 2
180 0
181 -1
182 0
183 3
184 -1
185 -1
186 -1
187 3
188 -1
189 -1
190 3
191 2
192 -1
193 -1
194 1
195 -1
196 3
197 1
198 2
199 -1
200 -1
201 -1
202 6
203 0
204 1
206 2
207 -1
208 1
209 -1
210 -1
211 2
212 2
213 -1
214 -1
215 2
216 -1
218 -1
219 -1
220 -1
221 0
222 0
223 0
224 2
225 -1
226 2
227 0
228 3
229 -1
230 5
231 -1
232 1
233 3
234 5
235 3
236 5
237 -1
239 0
240 0
241 5
242 -1
243 6
244 3
245 5
246 0
247 -1
248 0
249 0
250 2
251 -1
252 3
253 0
254 5
255 1
256 3
257 5
258 0
259 1
260 2
261 0
262 0
263 -1
264 3
265 -1
266 2
267 1
268 0
269 2
271 -1
272 1
273 -1
274 0
275 -1
276 -1
277 1
278 -1
280 0
281 0
282 -1
283 3
284 -1
285 0
286 3
287 1
288 -1
289 2
290 2
291 2
292 0
293 0
294 0
295 -1
296 3
297 9
299 3
300 1
301 -1
303 -1
304 2
305 2
306 5
307 5
308 -1
309 0
310 4
312 0
313 -1
314 -1
315 3
317 3
318 0
319 5
320 -1
321 3
322 2
323 -1
324 -1
325 6
326 3
327 2
328 2
330 -1
331 -1
332 -1
333 6
334 7
335 5
336 5
337 0
338 3
339 0
340 5
342 5
343 -1
344 3
345 1
346 0
347 1
348 -1
349 -1
350 6
351 0
352 0
353 6
354 6
355 -1
356 0
357 3
358 3
361 2
362 2
363 3
364 2
365 -1
366 -1
367 -1
368 3
369 1
370 2
371 -1
372 1
373 -1
374 1
375 2
377 1
378 5
379 4
380 0
381 3
382 0
383 1
384 6
385 3
386 2
387 -1
389 3
391 -1
392 -1
393 0
394 3
395 1
396 2
397 3
398 -1
400 -1
401 0
402 3
403 -1
404 0
405 -1
406 6
407 1
408 0
409 3
410 5
411 7
412 5
413 -1
414 9
415 1
416 0
417 -1
418 0
419 3
420 -1
421 2
422 2
423 1
424 2
425 0
426 3
427 0
428 0
429 3
430 5
431 -1
432 -1
433 2
434 -1
435 1
436 2
437 2
438 6
439 -1
440 5
441 5
444 5
445 5
446 0
447 -1
448 2
449 1
450 0
451 6
452 -1
453 -1
454 2
455 1
456 0
457 3
458 -1
459 3
460 5
461 5
462 1
463 -1
464 1
465 1
466 1
467 5
469 0
470 3
471 3
472 -1
473 -1
474 2
475 -1
476 1
477 2
478 0
479 3
480 2
481 1
482 1
483 -1
484 0
485 1
486 1
487 2
488 -1
490 3
492 3
493 -1
494 0
495 2
496 -1
497 2
498 3
499 0
500 3
501 -1
502 0
503 2
504 3
505 1
507 3
508 3
509 2
510 0
511 -1
512 9
513 2
514 0
516 6
517 3
518 3
519 0
520 2
521 -1
522 5
523 -1
524 1
525 -1
527 -1
528 5
529 -1
530 0
531 3
532 3
533 3
534 3
535 -1
536 2
537 -1
538 1
539 2
540 0
541 7
542 2
543 -1
544 3
545 5
547 0
548 1
549 1
550 3
551 -1
552 3
554 0
555 -1
556 3
557 -1
558 6
559 -1
560 5
561 2
562 -1
563 -1
564 2
565 3
566 -1
567 0
568 6
569 5
570 -1
571 -1
572 -1
573 0
574 1
575 1
576 -1
577 3
578 1
579 4
580 1
581 -1
582 3
583 -1
584 -1
585 2
586 2
588 0
589 0
590 -1
591 5
592 5
593 -1
594 -1
596 -1
597 -1
598 3
600 2
601 0
602 3
604 2
606 -1
607 -1
608 3
609 5
610 3
611 2
612 -1
614 -1
615 1
616 -1
617 0
619 5
620 2
621 -1
622 2
623 0
625 0
626 0
627 3
628 -1
629 0
630 3
631 -1
632 0
633 2
634 -1
635 0
636 -1
637 -1
638 3
639 4
640 3
641 3
642 1
643 -1
644 -1
645 0
647 3
648 -1
649 3
650 3
651 -1
652 1
653 2
654 3
655 2
656 -1
657 -1
658 -1
659 -1
660 5
661 -1
662 3
663 6
664 2
665 3
666 -1
667 5
668 3
669 0
670 -1
671 0
672 -1
673 -1
674 -1
675 2
676 1
677 -1
678 -1
679 -1
680 -1
681 5
682 -1
683 -1
684 5
685 -1
686 2
688 0
689 2
690 6
691 -1
692 -1
693 -1
694 -1
695 0
696 0
697 -1
698 5
699 5
700 3
701 3
704 2
705 -1
706 -1
707 1
708 3
709 5
710 3
712 2
713 3
714 -1
715 0
716 -1
717 3
718 0
719 0
720 2
721 0
722 0
723 5
724 -1
725 -1
726 0
727 3
728 7
729 -1
730 5
732 3
733 2
734 -1
735 -1
736 2
737 1
738 0
739 3
740 0
741 5
742 -1
743 0
744 1
745 1
746 1
747 2
748 -1
749 -1
750 5
751 0
752 3
753 2
754 5
755 0
756 0
757 3
758 5
759 -1
760 0
761 0
763 -1
764 2
765 -1
766 0
767 2
768 -1
770 2
771 3
772 -1
774 0
775 5
776 8
777 0
778 -1
779 5
780 5
781 6
782 0
783 5
784 2
785 -1
786 2
787 0
788 5
789 -1
790 5
791 6
792 -1
793 -1
794 2
795 -1
796 0
797 1
798 3
799 1
800 6
801 2
802 2
803 2
804 3
805 -1
806 5
807 5
808 3
810 -1
812 3
813 0
814 2
815 3
816 0
817 2
818 0
819 0
820 -1
821 0
822 0
823 3
824 -1
825 1
827 2
828 5
829 -1
831 3
832 1
833 2
834 1
835 0
836 5
837 4
838 3
839 -1
840 0
841 2
842 -1
843 3
844 6
845 -1
846 5
847 0
848 3
849 2
850 1
851 5
852 -1
853 3
854 5
855 2
856 2
857 2
858 -1
859 0
860 -1
861 0
862 3
863 5
864 3
865 0
866 5
867 -1
868 3
869 3
870 0
871 0
872 6
873 1
874 -1
875 1
876 2
877 8
878 3
879 3
880 2
881 5
882 5
883 0
884 5
885 1
886 2
887 2
888 0
889 3
890 1
891 -1
892 2
893 2
894 2
895 1
896 3
897 2
899 -1
900 0
901 -1
902 -1
903 2
904 7
905 -1
906 -1
907 2
908 3
910 3
911 -1
913 0
914 3
915 3
916 0
917 2
918 3
919 2
921 3
922 3
923 0
924 0
925 -1
927 0
928 -1
930 5
931 -1
932 2
933 0
934 -1
935 3
936 -1
937 -1
938 3
939 3
940 3
941 2
942 0
943 6
944 -1
945 1
946 0
947 -1
948 3
950 1
951 2
952 -1
953 -1
955 2
956 -1
957 2
958 -1
959 3
960 2
961 -1
962 2
963 -1
964 -1
965 3
966 0
967 0
968 3
969 3
970 -1
971 2
972 -1
973 3
974 0
975 -1
976 6
977 5
978 2
980 -1
981 5
982 -1
983 3
984 6
986 0
987 1
988 3
989 2
990 -1
991 0
992 6
993 0
994 5
995 -1
996 2
997 3
998 3
999 0
1000 3
1001 2
1002 5
1003 3
1004 2
1005 3
1007 5
1008 -1
1010 -1
1011 0
1012 5
1013 2
1014 -1
1015 3
1016 -1
1017 5
1018 3
1019 -1
1020 3
1021 2
1022 3
1023 -1
1024 -1
1025 3
1026 2
1027 0
1028 -1
1029 -1
1030 3
1031 1
1032 -1
1033 2
1034 0
1035 -1
1036 0
1038 3
1039 -1
1040 -1
1041 6
1042 2
1043 0
1044 0
1045 2
1046 -1
1047 2
1048 0
1049 0
1050 -1
1052 3
1053 0
1055 3
1056 0
1059 6
1060 -1
1061 2
1062 3
1063 1
1064 -1
1065 0
1066 -1
1067 2
1068 -1
1069 2
1070 6
1071 -1
1072 -1
1073 -1
1074 3
1075 8
1076 2
1077 6
1078 0
1079 -1
1080 -1
1081 2
1082 -1
1083 2
1084 0
1085 2
1086 0
1087 -1
1088 -1
1089 -1
1091 2
1093 6
1094 1
1095 -1
1096 2
1097 1
1098 4
1099 0
1100 3
1101 3
1102 -1
1103 2
1104 2
1105 6
1106 -1
1107 5
1108 -1
1109 3
1110 -1
1111 2
1112 3
1113 6
1114 -1
1115 0
1116 -1
1117 -1
1118 -1
1119 0
1120 2
1121 3
1122 -1
1123 2
1124 3
1125 -1
1126 3
1128 -1
1129 2
1130 3
1131 5
1132 -1
1133 0
1134 -1
1135 2
1137 3
1138 -1
1139 0
1140 5
1142 5
1143 6
1144 3
1145 6
1147 1
1148 2
1149 2
1151 -1
1152 1
1153 2
1154 3
1155 2
1156 3
1157 5
1158 0
1159 2
1160 -1
1161 1
1162 -1
1164 3
1165 3
1166 2
1168 -1
1169 2
1170 5
1171 3
1172 0
1173 0
1174 -1
1175 3
1177 1
1178 -1
1179 1
1180 0
1181 0
1182 3
1183 1
1184 -1
1185 -1
1186 0
1187 -1
1188 -1
1189 -1
1190 3
1191 3
1193 -1
1194 2
1195 3
1197 3
1198 1
1199 0
1200 5
1201 2
1202 0
1203 2
1204 1
1205 0
1206 1
1207 3
1208 3
1209 2
1210 -1
1212 2
1213 2
1214 0
1215 -1
1216 1
1217 -1
1218 8
1219 -1
1220 0
1221 1
1222 -1
1223 1
1224 1
1225 1
1226 3
1227 3
1228 -1
1229 5
1230 3
1231 1
1232 -1
1233 -1
1235 3
1236 3
1237 3
1238 -1
1239 2
1240 2
1241 5
1242 -1
1243 1
1244 0
1245 5
1247 0
1248 3
1249 0
1250 -1
1251 3
1252 3
1253 -1
1254 -1
1255 1
1256 -1
1257 6
1258 3
1259 3
1261 2
1262 -1
1263 0
1264 3
1265 2
1267 0
1268 0
1269 0
1270 -1
1271 5
1272 2
1273 0
1274 0
1275 5
1277 5
1278 3
1279 -1
1280 -1
1283 1
1284 6
1285 5
1286 2
1287 5
1289 -1
1290 3
1291 3
1292 0
1294 2
1295 0
1296 6
1297 0
1298 -1
1299 -1
1300 3
1301 3
1302 -1
1303 3
1304 2
1305 -1
1306 3
1307 -1
1308 3
1309 3
1310 0
1311 5
1312 3
1313 -1
1314 2
1315 5
1316 3
1317 5
1318 0
1319 3
1320 -1
1321 5
1322 2
1323 1
1325 3
1326 -1
1327 0
1328 2
1329 3
1330 2
1331 3
1332 0
1333 3
1334 5
1335 2
1336 3
1338 3
1339 2
1340 0
1341 1
1342 0
1343 -1
1344 5
1345 3
1346 0
1347 2
1348 0
1349 3
1350 0
1351 2
1352 -1
1354 6
1355 -1
1356 0
1357 0
1359 0
1360 5
1362 1
1363 -1
1364 -1
1365 3
1366 -1
1367 0
1368 -1
1369 -1
1370 3
1371 0
1372 -1
1373 4
1374 3
1376 1
1377 1
1378 2
1379 -1
1381 1
1382 -1
1383 -1
1384 2
1385 3
1386 2
1387 3
1388 0
1389 -1
1390 3
1391 2
1392 -1
1394 3
1395 6
1396 -1
1397 1
1398 1
1399 0
1400 -1
1401 3
1402 3
1403 0
1404 -1
1405 5
1406 2
1407 3
1408 -1
1409 -1
1410 3
1412 0
1413 0
1414 2
1415 2
1416 -1
1417 6
1419 -1
1420 3
1421 3
1422 3
1423 5
1424 -1
1425 -1
1426 0
1427 6
1428 0
1429 2
1430 -1
1431 1
1432 0
1434 3
1436 0
1437 2
1438 0
1439 -1
1440 2
1441 6
1442 3
1443 3
1444 2
1445 -1
1446 2
1447 -1
1448 0
1449 3
1451 2
1453 0
1455 -1
1456 1
1457 0
1458 -1
1459 3
1460 -1
1461 -1
1462 2
1463 5
1464 2
1465 -1
1466 2
1467 -1
1468 3
1469 2
1470 2
1471 2
1472 3
1473 -1
1474 -1
1475 2
1476 3
1477 -1
1478 -1
1479 1
1480 0
1482 -1
1483 3
1485 3
1486 9
1487 -1
1488 -1
1489 0
1490 2
1491 6
1493 3
1494 -1
1495 2
1496 -1
1497 2
1498 0
1499 -1
1500 1
1501 0
1502 -1
1503 3
1504 3
1505 3
1506 -1
1507 -1
1508 1
1509 3
1510 1
1511 2
1513 -1
1514 0
1515 2
1516 -1
1517 -1
1518 -1
1519 -1
1520 -1
1522 2
1524 3
1525 0
1526 -1
1528 5
1529 2
1530 0
1531 6
1532 0
1533 5
1534 1
1535 0
1536 3
1537 3
1538 -1
1540 2
1542 3
1543 -1
1544 -1
1545 0
1546 1
1547 2
1548 0
1550 0
1551 1
1552 5
1553 2
1554 0
1555 3
1556 0
1558 -1
1559 3
1560 3
1561 0
1562 1
1563 0
1564 0
1565 5
1566 5
1567 6
1568 1
1569 3
1570 2
1571 -1
1572 3
1573 2
1574 -1
1575 1
1576 3
1577 -1
1578 6
1579 0
1580 1
1581 5
1582 1
1583 -1
1584 1
1585 0
1586 2
1587 0
1588 1
1589 -1
1590 3
1592 5
1593 3
1594 2
1596 2
1597 0
1598 0
1599 2
1600 5
1601 3
1602 6
1604 1
1605 0
1606 3
1608 2
1609 0
1610 3
1612 3
1613 -1
1614 -1
1616 0
1617 1
1618 0
1619 3
1620 3
1621 2
1622 -1
1623 -1
1624 -1
1625 0
1626 3
1627 5
1628 3
1629 0
1630 2
1631 0
1632 1
1633 5
1634 0
1635 0
1637 5
1638 3
1639 0
1640 0
1641 -1
1642 1
1643 3
1644 0
1645 -1
1647 8
1648 2
1650 0
1651 1
1652 1
1653 3
1654 1
1655 -1
1656 2
1657 6
1658 3
1659 3
1660 0
1661 2
1662 0
1663 5
1664 3
1665 1
1666 5
1667 -1
1668 2
1669 -1
1670 -1
1671 3
1672 -1
1673 -1
1674 1
1675 -1
1676 2
1677 1
1678 2
1679 0
1680 -1
1681 0
1682 5
1684 -1
1685 2
1686 -1
1687 2
1688 -1
1689 -1
1690 1
1691 2
1692 0
1693 1
1694 2
1695 5
1697 1
1698 0
1699 1
1700 1
1701 3
1702 3
1704 0
1706 3
1707 3
1709 0
1711 -1
1712 0
1713 3
1714 -1
1715 -1
1716 1
1717 3
1718 3
1719 2
1720 2
1721 2
1722 0
1723 3
1724 5
1725 1
1726 3
1727 0
1728 6
1729 -1
1730 0
1732 5
1733 -1
1734 2
1735 1
1736 3
1737 1
1738 -1
1739 -1
1740 -1
1741 5
1743 0
1744 1
1745 5
1747 2
1748 1
1750 2
1751 0
1753 5
1754 2
1755 1
1756 0
1757 0
1758 5
1759 0
1760 3
1761 0
1762 3
1763 3
1764 0
1765 3
1766 -1
1767 0
1768 -1
1769 0
1770 1
1771 -1
1772 -1
1773 0
1774 -1
1775 3
1776 3
1777 2
1778 1
1779 1
1780 1
1782 -1
1783 2
1784 0
1785 -1
1788 5
1789 3
1790 5
1792 2
1793 3
1794 3
1796 1
1797 0
1798 0
1799 5
1800 -1
1802 3
1803 -1
1804 -1
1805 2
1809 3
1810 4
1811 3
1813 -1
1814 2
1815 3
1816 5
1817 3
1818 3
1819 -1
1820 5
1822 2
1823 0
1824 0
1825 0
1826 -1
1827 -1
1828 -1
1829 3
1831 -1
1832 0
1833 0
1834 -1
1835 0
1837 1
1838 1
1840 1
1842 0
1843 6
1844 0
1845 0
1847 3
1848 0
1849 1
1850 3
1851 -1
1852 -1
1853 -1
1854 3
1855 3
1856 0
1857 3
1858 -1
1862 2
1863 -1
1864 1
1865 2
1866 1
1867 2
1868 3
1869 5
1870 0
1871 2
1873 0
1874 0
1875 3
1876 1
1877 3
1878 2
1879 0
1880 -1
1881 0
1882 0
1884 0
1885 0
1886 3
1887 0
1888 5
1889 3
1890 2
1891 2
1892 0
1893 6
1894 -1
1895 -1
1897 -1
1898 3
1899 6
1900 -1
1901 2
1902 0
1904 2
1906 0
1907 5
1910 0
1912 1
1913 1
1914 3
1915 2
1916 1
1917 1
1918 0
1919 5
1921 0
1922 0
1923 2
1924 -1
1925 3
1926 3
1928 1
1929 0
1930 1
1931 0
1933 1
1934 -1
1936 0
1937 2
1938 -1
1939 -1
1940 -1
1941 0
1942 5
1943 2
1944 6
1946 2
1947 -1
1948 3
1949 0
1950 3
1951 3
1952 1
1953 -1
1955 0
1956 -1
1957 3
1959 -1
1960 4
1962 3
1963 2
1965 1
1966 0
1967 0
1968 1
1969 -1
1970 0
1971 1
1972 -1
1973 -1
1974 3
1975 0
1976 1
1977 2
1978 1
1979 -1
1980 3
1981 3
1982 0
1983 2
1984 6
1985 2
1986 0
1987 5
1989 3
1990 1
1991 0
1992 3
1993 0
1994 -1
1995 0
1996 -1
1997 3
1998 -1
1999 1
2000 5
2001 2
2002 0
2003 0
2004 1
2005 3
2006 3
2007 -1
2008 2
2009 2
2010 1
2011 -1
2012 -1
2014 0
2015 2
2016 -1
2017 0
2019 -1
2020 0
2021 3
2022 -1
2024 1
2025 3
2026 1
2027 2
2028 1
2029 1
2030 0
2031 3
2032 0
2033 3
2035 0
2036 3
2038 1
2040 2
2041 3
2042 2
2043 1
2044 1
2045 3
2046 0
2047 0
2051 6
2053 2
2054 3
2055 5
2056 0
2057 3
2058 1
2059 2
2060 -1
2061 2
2062 2
2064 1
2065 -1
2066 0
2067 0
2068 0
2071 -1
2072 0
2073 0
2074 3
2075 0
2076 1
2077 8
2078 1
2079 -1
2080 0
2081 5
2082 1
2083 0
2084 3
2085 -1
2086 2
2087 3
2088 -1
2090 5
2091 3
2092 -1
2093 -1
2094 1
2095 0
2096 0
2097 3
2098 2
2099 2
2100 3
2101 0
2102 -1
2103 5
2105 -1
2106 1
2107 2
2108 0
2109 3
2110 0
2111 1
2113 2
2115 3
2116 3
2118 0
2119 -1
2121 3
2122 1
2123 0
2124 0
2125 3
2126 1
2127 1
2128 3
2129 -1
2130 0
2131 0
2132 -1
2133 2
2134 2
2135 3
2136 3
2139 0
2140 2
2141 3
2142 2
2143 0
2145 0
2146 3
2147 3
2148 -1
2149 0
2150 5
2152 3
2153 0
2154 -1
2155 3
2156 -1
2157 2
2158 -1
2159 0
2161 6
2162 3
2163 -1
2164 1
2165 3
2166 2
2167 2
2168 2
2169 2
2170 0
2171 0
2172 1
2173 2
2174 5
2178 2
2179 -1
2182 1
2183 2
2184 -1
2185 1
2186 -1
2187 3
2188 2
2189 3
2190 2
2191 3
2192 5
2193 2
2194 5
2195 2
2197 0
2198 1
2199 0
2200 0
2202 3
2204 0
2205 5
2206 -1
2207 -1
2210 -1
2211 1
2213 3
2214 -1
2217 0
2218 2
2219 0
2220 -1
2221 1
2222 0
2223 3
2224 -1
2226 3
2227 5
2228 0
2229 3
2231 3
2232 0
2233 6
2234 0
2235 0
2236 0
2237 2
2239 0
2240 -1
2241 2
2244 0
2245 3
2246 1
2247 1
2248 -1
2249 3
2250 1
2251 0
2252 -1
2253 3
2255 3
2256 3
2257 0
2258 0
2259 -1
2260 -1
2261 0
2262 2
2263 -1
2265 1
2266 0
2267 3
2268 -1
2269 -1
2270 0
2271 0
2272 2
2273 0
2274 -1
2275 0
2276 3
2277 -1
2278 2
2279 0
2280 0
2281 3
2282 3
2283 0
2284 1
2285 -1
2286 2
2287 1
2288 -1
2290 2
2291 1
2292 0
2293 2
2294 0
2298 3
2299 -1
2300 0
2302 1
2303 0
2304 0
2305 0
2306 1
2307 0
2308 -1
2309 1
2310 0
2311 3
2312 0
2314 0
2315 1
2316 3
2317 -1
2318 0
2319 1
2320 1
2321 1
2323 -1
2324 0
2325 1
2327 0
2329 -1
2330 1
2331 1
2332 3
2334 2
2335 -1
2336 -1
2337 2
2338 0
2339 1
2340 3
2341 0
2342 0
2343 1
2344 4
2345 0
2346 0
2349 1
2350 1
2351 0
2353 1
2354 3
2355 3
2356 2
2357 2
2358 1
2359 0
2360 3
2361 1
2362 -1
2363 -1
2364 3
2365 0
2366 0
2367 2
2368 3
2369 -1
2370 3
2371 0
2372 -1
2373 0
2374 -1
2376 1
2377 3
2378 0
2379 1
2381 2
2383 1
2385 0
2386 3
2387 3
2388 0
2389 0
2390 3
2391 0
2393 3
2395 1
2397 2
2398 3
2399 1
2400 3
2401 2
2402 1
2403 1
2404 0
2405 3
2406 1
2407 -1
2408 -1
2409 5
2410 -1
2411 0
2413 1
2414 1
2415 0
2418 2
2419 0
2420 0
2421 3
2422 3
2424 0
2425 -1
2427 0
2428 2
2429 3
2430 -1
2431 3
2432 1
2433 -1
2434 0
2435 0
2438 2
2440 3
2441 1
2442 0
2443 3
2445 0
2446 2
2448 1
2449 5
2450 3
2451 -1
2452 1
2455 -1
2457 -1
2459 0
2460 0
2461 3
2462 0
2463 3
2464 1
2467 0
2468 0
2470 1
2471 1
2472 0
2473 3
2474 1
2476 0
2478 7
2479 0
2480 0
2481 1
2482 2
2483 0
2484 6
2485 3
2486 4
2488 2
2489 1
2490 4
2491 1
2492 9
2493 2
2494 -1
2495 1
2496 6
2498 0
2499 2
2501 8
2502 3
2503 1
2504 1
2505 0
2506 -1
2507 -1
2508 -1
2509 1
2510 2
2511 1
2512 2
2513 -1
2514 3
2515 1
2516 3
2517 0
2518 5
2519 0
2520 2
2521 -1
2522 5
2524 3
2525 3
2526 1
2528 3
2529 2
2531 0
2533 -1
2534 -1
2535 1
2536 3
2537 0
2538 2
2539 3
2540 3
2541 2
2542 1
2543 -1
2545 -1
2547 -1
2548 -1
2549 5
2550 -1
2551 2
2552 -1
2553 2
2556 1
2557 0
2558 3
2560 -1
2561 3
2563 3
2564 1
2565 -1
2567 3
2568 1
2569 7
2570 -1
2572 1
2574 3
2576 2
2577 1
2579 0
2580 1
2583 0
2584 0
2585 0
2586 2
2587 2
2588 2
2589 1
2590 -1
2591 -1
2592 1
2595 6
2596 0
2597 0
2598 5
2599 2
2601 2
2602 1
2603 1
2604 3
2605 0
2606 0
2607 3
2608 -1
2609 5
2610 -1
2611 1
2612 3
2614 -1
2615 0
2617 0
2618 6
2619 -1
2620 3
2621 -1
2622 1
2623 5
2624 0
2625 1
2626 -1
2627 1
2628 1
2631 1
2632 -1
2633 3
2634 2
2635 3
2636 0
2637 3
2638 2
2639 -1
2640 2
2642 1
2643 3
2644 -1
2646 -1
2648 0
2650 2
2652 3
2653 -1
2654 0
2657 0
2660 2
2661 0
2662 -1
2664 5
2665 1
2666 0
2667 -1
2668 0
2670 -1
2671 3
2672 3
2673 0
2674 0
2676 -1
2677 1
2678 -1
2679 3
2680 3
2681 3
2682 3
2683 1
2685 0
2686 -1
2687 3
2688 1
2689 -1
2690 3
2691 -1
2692 0
2693 0
2694 0
2695 1
2697 -1
2698 2
2701 3
2702 0
2703 1
2704 3
2705 0
2707 3
2709 0
2710 3
2711 -1
2714 0
2715 3
2716 3
2717 3
2718 0
2719 0
2720 0
2721 -1
2722 5
2723 0
2724 5
2725 5
2726 -1
2727 1
2728 2
2729 -1
2731 2
2732 0
2733 0
2737 3
2738 2
2739 2
2741 5
2742 0
2743 2
2744 0
2745 0
2747 0
2748 -1
2749 9
2750 -1
2751 3
2752 7
2753 0
2755 5
2756 0
2758 3
2759 1
2760 0
2761 1
2762 0
2763 1
2764 -1
2765 -1
2768 0
2769 1
2770 0
2772 3
2773 0
2775 5
2776 0
2777 2
2778 3
2779 3
2780 1
2781 1
2782 1
2783 0
2785 5
2786 3
2787 5
2788 5
2789 6
2791 3
2792 0
2794 5
2795 -1
2796 3
2798 0
2799 0
2801 3
2802 2
2803 0
2804 -1
2806 0
2807 1
2809 3
2811 0
2812 -1
2813 3
2815 -1
2816 5
2817 3
2818 -1
2820 0
2821 3
2822 1
2823 1
2825 3
2826 1
2830 3
2831 0
2832 3
2833 1
2834 3
2835 0
2838 -1
2839 1
2840 1
2842 1
2843 3
2844 -1
2845 1
2846 2
2847 1
2848 2
2849 0
2850 0
2851 3
2852 1
2853 1
2854 0
2855 1
2856 0
2857 3
2858 0
2859 2
2861 1
2862 -1
2863 0
2866 -1
2867 2
2868 3
2869 3
2870 -1
2871 3
2872 3
2873 0
2874 -1
2875 -1
2876 1
2878 2
2879 3
2880 2
2881 1
2882 0
2883 0
2884 0
2885 2
2886 0
2887 0
2888 3
2889 1
2890 3
2892 0
2893 1
2894 3
2895 0
2896 -1
2898 3
2899 1
2900 1
2902 4
2904 2
2905 1
2906 3
2908 3
2909 2
2910 1
2911 1
2912 3
2913 0
2914 0
2916 2
2917 2
2918 -1
2920 0
2921 0
2922 1
2923 3
2925 1
2927 2
2928 0
2930 3
2931 1
2932 3
2933 0
2934 0
2936 3
2937 0
2938 3
2939 0
2940 -1
2941 3
2942 2
2943 3
2944 -1
2945 0
2946 0
2947 0
2948 2
2949 0
2950 0
2951 1
2952 1
2954 -1
2955 0
2956 5
2957 6
2959 0
2960 1
2961 0
2962 1
2963 0
2964 0
2965 1
2968 5
2970 -1
2971 0
2972 1
2973 0
2974 0
2975 -1
2976 1
2979 0
2980 2
2983 0
2984 1
2985 0
2986 0
2987 3
2988 1
2989 2
2990 3
2991 0
2993 0
2995 1
2996 2
2997 3
2999 0
3000 3
3001 3
3002 1
3003 1
3004 1
3005 6
3006 1
3007 1
3008 1
3009 -1
3010 0
3011 0
3012 1
3013 -1
3014 2
3015 0
3016 3
3017 0
3018 0
3021 -1
3022 3
3023 6
3024 3
3025 2
3027 -1
3028 2
3029 3
3030 -1
3031 0
3032 5
3033 3
3035 0
3036 0
3038 1
3039 -1
3040 1
3041 -1
3042 -1
3043 2
3044 3
3045 1
3046 -1
3048 1
3049 -1
3050 3
3051 5
3052 -1
3053 0
3055 -1
3056 3
3057 -1
3058 1
3061 -1
3062 3
3063 1
3064 0
3065 3
3066 1
3067 0
3068 3
3069 3
3070 0
3071 3
3072 0
3076 1
3077 3
3078 1
3079 -1
3081 -1
3082 1
3084 1
3085 -1
3086 3
3087 5
3088 1
3090 1
3091 3
3092 -1
3094 2
3095 0
3096 2
3097 0
3098 1
3099 0
3100 2
3101 3
3102 3
3103 0
3104 0
3105 0
3106 0
3107 3
3111 1
3112 1
3113 0
3114 0
3115 0
3116 0
3117 2
3118 2
3119 -1
3120 0
3121 3
3122 1
3123 5
3124 3
3125 0
3127 0
3128 2
3129 1
3130 0
3131 -1
3132 2
3133 3
3134 3
3135 0
3136 3
3137 0
3139 0
3140 -1
3141 -1
3144 0
3145 0
3146 1
3147 -1
3148 1
3149 0
3152 1
3153 6
3154 0
3155 2
3156 2
3157 2
3158 1
3160 0
3161 3
3162 -1
3163 -1
3164 0
3165 -1
3166 -1
3167 1
3168 -1
3169 -1
3170 3
3171 3
3172 0
3173 3
3174 3
3175 5
3176 0
3177 3
3178 1
3179 0
3180 5
3181 0
3182 1
3183 0
3184 1
3185 1
3186 -1
3187 0
3190 0
3191 3
3192 0
3193 3
3194 2
3195 3
3196 -1
3197 0
3198 0
3199 -1
3200 8
3202 3
3203 3
3205 3
3206 -1
3207 3
3209 0
3210 -1
3211 2
3212 4
3214 3
3215 0
3216 2
3218 2
3219 0
3220 0
3221 1
3222 1
3224 2
3225 3
3226 0
3227 -1
3228 0
3229 2
3230 3
3231 0
3232 3
3233 3
3234 1
3235 -1
3236 6
3237 -1
3238 4
3239 1
3240 0
3241 0
3242 0
3243 6
3245 0
3246 1
3247 1
3248 0
3249 0
3250 1
3251 2
3252 -1
3253 1
3254 1
3255 0
3256 1
3257 3
3258 2
3259 2
3260 1
3261 3
3262 0
3263 0
3265 0
3266 0
3267 1
3268 1
3269 2
3270 1
3272 0
3273 1
3274 1
3275 -1
3277 2
3278 5
3279 3
3280 0
3281 1
3282 0
3284 3
3286 1
3287 1
3288 3
3289 0
3290 -1
3291 3
3292 2
3293 7
3294 3
3295 5
3296 3
3297 1
3298 1
3299 0
3301 3
3302 1
3303 1
3304 0
3305 1
3306 1
3307 0
3308 3
3309 0
3310 3
3312 3
3313 1
3314 1
3315 3
3316 0
3317 1
3318 3
3319 1
3320 1
3321 -1
3323 3
3324 3
3325 0
3327 0
3328 0
3329 2
3330 0
3331 0
3332 3
3333 0
3334 0
3335 2
3336 3
3337 5
3338 1
3339 1
3340 1
3341 3
3345 2
3346 1
3347 1
3348 3
3349 -1
3351 0
3352 0
3353 0
3354 0
3355 0
3356 0
3357 1
3358 2
3360 -1
3361 0
3362 1
3363 1
3364 0
3365 0
3366 0
3367 1
3368 0
3369 -1
3370 0
3371 1
3372 2
3374 -1
3375 3
3376 0
3377 1
3378 1
3379 1
3380 2
3381 2
3382 1
3383 1
3384 3
3385 2
3386 0
3387 1
3388 1
3389 1
3390 -1
3391 1
3392 -1
3393 0
3394 3
3396 0
3397 2
3398 3
3399 -1
3403 1
3404 0
3405 0
3406 0
3407 5
3408 2
3409 0
3410 5
3411 1
3412 0
3413 3
3414 1
3415 0
3416 1
3417 0
3418 1
3419 3
3420 0
3423 -1
3424 1
3425 3
3426 -1
3427 0
3428 2
3429 3
3430 0
3431 1
3432 2
3433 0
3434 1
3435 1
3436 5
3437 0
3439 0
3440 1
3441 -1
3442 0
3443 -1
3444 1
3445 3
3446 -1
3447 -1
3448 3
3449 3
3451 0
3452 0
3453 3
3454 3
3455 -1
3456 1
3457 2
3459 1
3460 0
3461 0
3462 -1
3463 3
3464 0
3465 1
3466 0
3467 1
3468 0
3469 3
3470 0
3471 2
3472 -1
3473 1
3474 0
3475 -1
3476 1
3477 2
3478 0
3479 3
3480 7
3481 0
3482 0
3483 1
3484 1
3485 1
3486 1
3487 1
3488 0
3489 0
3490 0
3491 0
3492 0
3493 0
3494 3
3495 1
3496 1
3497 1
3498 1
3499 -1
3500 1
3501 0
3502 1
3503 1
3504 3
3505 0
3506 1
3507 1
3508 0
3509 -1
3510 0
3511 3
3512 -1
3513 -1
3514 4
3515 1
3516 0
3517 3
3518 1
3519 1
3520 -1
3521 0
3522 1
3523 1
3524 1
3525 0
3526 2
3527 1
3528 0
3529 1
3530 0
3531 -1
3532 -1
3533 1
3534 -1
3535 2
3536 1
3537 1
3538 1
3539 0
3540 3
3541 3
3542 -1
3543 0
3544 -1
3545 1
3546 1
3547 1
3548 0
3549 1
3550 1
3551 -1
3552 0
3553 2
3554 1
3555 3
3556 3
3557 1
3558 0
3559 1
3560 1
3561 1
3562 1
3563 3
3564 0
3565 1
3566 1
3567 0
3568 -1
3569 2
3570 1
3571 1
3572 1
3573 1
3574 1
3575 1
3576 0
3577 0
3578 0
3579 1
3580 3
3581 3
3582 2
3583 1
3584 0
3585 -1
3586 1
3587 1
3588 1
3589 0
3590 0
3591 2
3592 1
3593 0
3594 2
3595 1
3596 1
3597 1
3598 4
3599 0
3600 0
3601 3
3602 0
3603 3
3604 2
3605 1
3606 3
3607 1
3608 3
3609 1
3610 1
3611 -1
3612 -1
3613 -1
3614 -1
3615 3
3616 3
3617 1
3618 0
3619 1
3620 3
3621 3
3622 0
3623 1
3624 2
3625 0
3626 1
3627 1
3628 -1
3629 1
3630 0
3631 2
3632 1
3633 1
3634 1
3635 0
3636 0
3637 0
3638 3
3639 1
3640 3
3641 0
3642 3
3643 0
3644 1
3645 3
3646 0
3647 0
3648 1
3649 1
3650 1
3651 0
3652 1
3653 1
3654 1
3655 2
3656 3
3657 1
3658 1
3659 3
3660 1
3661 0
3662 0
3663 5
3664 1
3665 8
3666 0
3667 0
3668 -1
3669 1
3670 0
3671 3
3672 2
3673 1
3674 -1
3675 1
