0 161
1 33
2 25
3 22
4 64
5 95
6 128
7 53
8 3
9 35
10 169
11 191
12 16
13 6
14 49
15 25
16 6
17 243
18 9
19 44
20 73
21 161
22 54
23 25
24 122
25 134
26 241
27 202
28 161
29 33
30 171
31 168
32 76
33 44
34 168
35 172
36 198
37 247
38 157
39 35
40 224
41 105
42 203
43 167
44 39
45 11
46 6
47 107
48 72
49 9
50 93
51 145
52 64
53 199
54 90
55 72
56 221
57 141
58 173
59 232
60 0
61 13
62 208
63 201
64 228
65 112
66 1
67 222
68 96
69 84
70 26
71 90
72 38
73 45
74 1
75 210
76 243
77 95
78 136
79 213
80 141
81 242
82 214
83 235
84 168
85 9
86 14
87 161
88 184
89 103
90 72
91 170
92 209
93 142
94 118
95 174
96 119
97 72
98 171
99 35
100 218
101 41
102 86
103 34
104 73
105 191
106 28
107 128
108 3
109 87
110 122
111 80
112 86
113 75
114 174
115 237
116 86
118 181
119 84
120 136
121 3
122 161
123 48
124 52
125 161
126 167
127 218
128 39
129 116
130 55
131 70
132 23
133 96
134 34
135 24
136 20
137 166
138 180
139 82
140 209
141 118
142 171
143 135
144 243
145 60
146 207
147 169
148 2
149 121
150 242
151 192
152 86
153 86
154 120
155 241
156 155
157 56
158 59
159 169
160 161
161 172
162 25
163 175
164 117
165 212
166 118
167 96
168 147
169 245
170 122
171 32
172 175
173 128
174 130
175 144
176 80
177 6
178 111
179 5
180 241
181 147
182 184
183 101
184 246
185 169
186 232
187 69
188 98
189 150
190 13
191 60
192 2
193 192
194 83
195 93
196 242
197 128
198 171
199 86
200 180
201 13
202 15
203 92
204 241
206 20
207 107
208 27
209 187
210 50
211 130
212 64
213 104
214 211
215 187
216 235
217 167
218 106
219 180
220 149
221 8
222 19
223 52
224 168
225 6
226 78
227 86
228 114
229 96
230 129
231 157
232 72
233 57
234 26
235 73
236 232
237 86
239 17
240 61
241 236
242 3
243 130
244 169
245 102
246 133
247 180
248 161
249 241
250 132
251 177
252 176
253 173
254 17
255 88
256 86
257 108
258 176
259 241
260 93
261 212
262 232
263 206
264 161
265 63
266 17
267 172
268 206
269 46
271 11
272 215
273 78
274 107
275 50
276 235
277 80
278 3
280 198
281 64
282 17
283 208
284 132
285 42
286 103
287 52
288 204
289 157
290 71
291 129
292 81
293 153
294 79
295 125
296 23
297 3
298 148
299 81
300 162
301 226
303 143
304 246
305 151
306 221
307 137
308 68
309 169
310 50
311 30
312 191
313 122
314 243
315 160
316 169
317 96
318 118
319 220
320 212
321 171
322 9
323 26
324 49
325 25
326 133
327 153
328 244
329 37
330 76
331 157
332 163
333 100
334 50
335 2
336 160
337 72
338 82
339 242
340 91
341 21
342 159
343 77
344 193
345 205
346 86
347 55
348 235
349 21
350 123
351 73
352 115
353 99
354 0
355 78
356 43
357 130
358 172
361 97
362 85
363 150
364 105
365 222
366 204
367 31
368 49
369 52
370 92
371 171
372 32
373 177
374 36
375 13
376 248
377 55
378 14
379 104
380 5
381 58
382 243
383 132
384 186
385 5
386 180
387 156
388 177
389 86
391 154
392 109
393 132
394 168
395 125
396 147
397 125
398 161
399 6
400 179
401 193
402 205
403 235
404 6
405 124
406 46
407 161
408 216
409 89
410 190
411 16
412 229
413 214
414 207
415 122
416 169
417 14
418 143
419 128
420 14
421 226
422 2
423 35
424 247
425 34
426 26
427 101
428 17
429 175
430 58
431 166
432 61
433 226
434 198
435 93
436 222
437 239
438 136
439 180
440 151
441 11
443 184
444 41
445 35
446 29
447 226
448 142
449 160
450 88
451 244
452 143
453 28
454 195
455 193
456 221
457 86
458 106
459 126
460 167
461 11
462 138
463 29
464 148
465 161
466 140
467 173
468 72
469 122
470 232
471 198
472 112
473 25
474 38
475 110
476 105
477 88
478 9
479 183
480 6
481 172
482 6
483 113
484 35
485 171
486 161
487 101
488 127
490 222
491 35
492 193
493 34
494 132
495 14
496 219
497 71
498 81
499 81
500 93
501 185
502 8
503 191
504 169
505 112
506 219
507 105
508 88
509 226
510 69
511 98
512 207
513 168
514 198
515 53
516 86
517 235
518 36
519 122
520 86
521 173
522 166
523 159
524 128
525 246
526 68
527 79
528 135
529 169
530 168
531 122
532 6
533 13
534 201
535 157
536 2
537 32
538 249
539 209
540 216
541 99
542 37
543 116
544 132
545 214
546 53
547 173
548 205
549 182
550 77
551 241
552 46
554 44
555 111
556 38
557 86
558 16
559 243
560 160
561 180
562 3
563 44
564 248
565 168
566 128
567 23
568 243
569 222
570 213
571 3
572 64
573 215
574 216
575 155
576 217
577 159
578 1
579 243
580 8
581 71
582 198
583 111
584 136
585 129
586 111
588 44
589 80
590 186
591 132
592 11
593 91
594 58
596 86
597 90
598 222
599 141
600 132
601 29
602 13
603 61
604 127
605 72
606 102
607 154
608 237
609 3
610 86
611 25
612 191
613 38
614 17
615 27
616 204
617 248
618 192
619 131
620 35
621 29
622 129
623 208
624 7
625 160
626 186
627 31
628 51
629 23
630 106
631 235
632 93
633 199
634 243
635 34
636 76
637 191
638 52
639 105
640 118
641 8
642 112
643 71
644 58
645 73
647 86
648 136
649 36
650 124
651 103
652 178
653 177
654 13
655 166
656 169
657 25
658 28
659 1
660 88
661 175
662 214
663 44
664 18
665 6
666 26
667 88
668 177
669 156
670 31
671 48
672 180
673 222
674 127
675 248
676 83
677 77
678 141
679 66
680 9
681 235
682 197
683 200
684 226
685 211
686 177
688 161
689 136
690 86
691 201
692 201
693 93
694 216
695 34
696 243
697 86
698 31
699 14
700 173
701 101
702 198
703 34
704 161
705 154
706 132
707 36
708 32
709 111
710 111
711 112
712 206
713 121
714 212
715 161
716 217
717 179
718 32
719 103
720 114
721 222
722 180
723 83
724 235
725 213
726 217
727 13
728 3
729 122
730 58
731 155
732 69
733 25
734 154
735 88
736 54
737 13
738 6
739 97
740 5
741 124
742 2
743 226
744 92
745 17
746 43
747 168
748 202
749 4
750 235
751 43
752 248
753 243
754 132
755 82
756 72
757 138
758 211
759 145
760 106
761 242
763 82
764 16
765 61
766 41
767 193
768 166
769 5
770 210
771 75
772 86
773 169
774 143
775 158
776 111
777 1
778 13
779 235
780 2
781 58
782 111
783 85
784 120
785 65
786 199
787 80
788 175
789 186
790 11
791 112
792 98
793 214
794 117
795 84
796 226
797 214
798 168
799 248
800 3
801 3
802 17
803 186
804 79
805 8
806 111
807 218
808 151
809 225
810 84
811 14
812 199
813 96
814 3
815 204
816 33
817 175
818 12
819 25
820 173
821 103
822 143
823 17
824 87
825 23
827 166
828 151
829 86
831 248
832 34
833 86
834 227
835 44
836 63
837 207
838 128
839 51
840 6
841 204
842 243
843 26
844 92
845 127
846 95
847 202
848 198
849 168
850 92
851 75
852 174
853 18
854 191
855 56
856 142
857 118
858 86
859 35
860 100
861 35
862 31
863 154
864 52
865 187
866 112
867 236
868 46
869 92
870 198
871 171
872 45
873 96
874 6
875 14
876 115
877 13
878 232
879 5
880 112
881 102
882 54
883 73
884 122
885 96
886 50
887 222
888 173
889 167
890 193
891 173
892 93
893 142
894 136
895 96
896 166
897 191
899 226
900 242
901 226
902 146
903 226
904 159
905 161
906 76
907 202
908 191
910 34
911 88
913 224
914 48
915 169
916 227
917 81
918 86
919 89
920 138
921 161
922 100
923 180
924 2
925 189
926 187
927 214
928 248
930 86
931 15
932 172
933 242
934 63
935 193
936 120
937 198
938 177
939 244
940 33
941 2
942 198
943 28
944 124
945 86
946 115
947 173
948 92
949 128
950 35
951 45
952 0
953 122
954 125
955 22
956 169
957 210
958 32
959 73
960 98
961 226
962 17
963 11
964 25
965 72
966 12
967 6
968 169
969 86
970 175
971 110
972 214
973 242
974 172
975 3
976 214
977 133
978 8
980 86
981 75
982 220
983 20
984 70
985 28
986 191
987 52
988 115
989 33
990 202
991 218
992 45
993 86
994 246
995 214
996 170
997 52
998 3
999 84
1000 141
1001 149
1002 200
1003 86
1004 26
1005 8
1006 13
1007 235
1008 145
1010 174
1011 192
1012 124
1013 112
1014 13
1015 108
1016 191
1017 219
1018 226
1019 78
1020 179
1021 58
1022 168
1023 20
1024 15
1025 46
1026 173
1027 237
1028 96
1029 38
1030 168
1031 43
1032 25
1033 175
1034 184
1035 75
1036 136
1037 78
1038 211
1039 78
1040 214
1041 52
1042 171
1043 3
1044 164
1045 83
1046 198
1047 147
1048 156
1049 114
1050 232
1052 139
1053 18
1055 142
1056 177
1058 154
1059 243
1060 56
1061 33
1062 49
1063 172
1064 109
1065 133
1066 211
1067 237
1068 226
1069 108
1070 71
1071 122
1072 59
1073 219
1074 105
1075 189
1076 131
1077 99
1078 80
1079 192
1080 99
1081 209
1082 143
1083 11
1084 114
1085 180
1086 228
1087 65
1088 169
1089 173
1091 63
1092 67
1093 143
1094 161
1095 111
1096 142
1097 235
1098 145
1099 68
1100 131
1101 143
1102 244
1103 144
1104 86
1105 86
1106 130
1107 54
1108 76
1109 122
1110 226
1111 46
1112 168
1113 54
1114 185
1115 210
1116 145
1117 25
1118 106
1119 163
1120 179
1121 143
1122 160
1123 65
1124 87
1125 66
1126 169
1127 96
1128 76
1129 222
1130 125
1131 175
1132 216
1133 11
1134 161
1135 168
1136 187
1137 226
1138 204
1139 85
1140 25
1142 173
1143 111
1144 64
1145 14
1146 143
1147 178
1148 169
1149 17
1150 86
1151 16
1152 122
1153 14
1154 5
1155 218
1156 34
1157 3
1158 52
1159 63
1160 116
1161 237
1162 13
1164 82
1165 147
1166 249
1167 77
1168 20
1169 124
1170 167
1171 81
1172 226
1173 44
1174 28
1175 226
1177 221
1178 135
1179 41
1180 25
1181 128
1182 120
1183 152
1184 235
1185 113
1186 76
1187 141
1188 226
1189 26
1190 211
1191 241
1192 26
1193 3
1194 198
1195 201
1197 160
1198 181
1199 198
1200 232
1201 167
1202 76
1203 3
1204 234
1205 222
1206 58
1207 149
1208 154
1209 3
1210 137
1211 73
1212 86
1213 175
1214 105
1215 106
1216 32
1217 11
1218 189
1219 108
1220 143
1221 55
1222 4
1223 81
1224 56
1225 1
1226 243
1227 207
1228 136
1229 243
1230 9
1231 126
1232 66
1233 86
1234 138
1235 86
1236 98
1237 2
1238 0
1239 122
1240 56
1241 29
1242 16
1243 205
1244 168
1245 105
1246 8
1247 21
1248 147
1249 192
1250 76
1251 135
1252 58
1253 191
1254 189
1255 243
1256 4
1257 0
1258 175
1259 140
1260 6
1261 151
1262 124
1263 214
1264 166
1265 155
1267 105
1268 133
1269 173
1270 177
1271 236
1272 226
1273 17
1274 98
1275 2
1277 86
1278 55
1279 17
1280 146
1281 32
1282 1
1283 32
1284 92
1285 25
1286 8
1287 186
1288 35
1289 86
1290 101
1291 25
1292 131
1293 3
1294 243
1295 128
1296 191
1297 3
1298 131
1299 53
1300 128
1301 169
1302 198
1303 86
1304 154
1305 123
1306 226
1307 136
1308 192
1309 0
1310 122
1311 180
1312 101
1313 26
1314 173
1315 59
1316 58
1317 88
1318 230
1319 90
1320 163
1321 105
1322 136
1323 221
1324 11
1325 83
1326 35
1327 71
1328 76
1329 177
1330 2
1331 86
1332 76
1333 161
1334 219
1335 175
1336 102
1338 132
1339 19
1340 52
1341 33
1342 112
1343 105
1344 184
1345 244
1346 25
1347 133
1348 34
1349 161
1350 95
1351 96
1352 17
1354 139
1355 118
1356 41
1357 86
1359 19
1360 135
1361 36
1362 8
1363 102
1364 218
1365 213
1366 68
1367 138
1368 167
1369 166
1370 22
1371 61
1372 226
1373 2
1374 2
1376 228
1377 205
1378 161
1379 226
1380 96
1381 34
1382 185
1383 226
1384 226
1385 5
1386 48
1387 243
1388 53
1389 76
1390 72
1391 147
1392 118
1393 182
1394 58
1395 224
1396 15
1397 23
1398 17
1399 44
1400 2
1401 191
1402 243
1403 13
1404 174
1405 11
1406 25
1407 174
1408 163
1409 99
1410 10
1411 17
1412 198
1413 122
1414 102
1415 1
1416 226
1417 86
1419 84
1420 17
1421 144
1422 115
1423 221
1424 0
1425 72
1426 90
1427 244
1428 106
1429 8
1430 3
1431 10
1432 140
1433 187
1434 65
1436 183
1437 158
1438 167
1439 81
1440 180
1441 235
1442 1
1443 0
1444 31
1445 51
1446 243
1447 174
1448 6
1449 226
1450 55
1451 84
1453 86
1454 140
1455 3
1456 241
1457 156
1458 12
1459 96
1460 44
1461 171
1462 112
1463 12
1464 163
1465 44
1466 29
1467 49
1468 232
1469 151
1470 28
1471 76
1472 122
1473 151
1474 179
1475 157
1476 71
1477 76
1478 3
1479 71
1480 207
1481 6
1482 157
1483 151
1484 244
1485 144
1486 53
1487 235
1488 97
1489 88
1490 206
1491 105
1492 95
1493 121
1494 12
1495 124
1496 88
1497 235
1498 39
1499 52
1500 205
1501 65
1502 204
1503 169
1504 37
1505 191
1506 113
1507 192
1508 35
1509 132
1510 156
1511 37
1512 237
1513 232
1514 98
1515 226
1516 175
1517 14
1518 20
1519 157
1520 214
1522 192
1524 112
1525 94
1526 111
1528 218
1529 192
1530 132
1531 25
1532 86
1533 160
1534 198
1535 148
1536 221
1537 83
1538 76
1540 16
1542 166
1543 65
1544 77
1545 67
1546 62
1547 70
1548 243
1550 222
1551 169
1552 68
1553 3
1554 177
1555 118
1556 39
1557 160
1558 217
1559 186
1560 49
1561 85
1562 48
1563 95
1564 200
1565 59
1566 193
1567 25
1568 95
1569 58
1570 97
1571 212
1572 132
1573 54
1574 49
1575 83
1576 110
1577 2
1578 139
1579 148
1580 58
1581 141
1582 184
1583 204
1584 48
1585 155
1586 180
1587 72
1588 179
1589 111
1590 150
1591 104
1592 96
1593 100
1594 14
1595 194
1596 110
1597 173
1598 115
1599 198
1600 220
1601 180
1602 111
1603 2
1604 172
1605 216
1606 191
1607 86
1608 85
1609 30
1610 185
1612 104
1613 81
1614 235
1615 208
1616 179
1617 177
1618 67
1619 69
1620 86
1621 108
1622 78
1623 113
1624 53
1625 42
1626 143
1627 86
1628 2
1629 243
1630 172
1631 115
1632 232
1633 60
1634 140
1635 246
1636 86
1637 6
1638 8
1639 16
1640 126
1641 76
1642 58
1643 171
1644 86
1645 200
1646 132
1647 13
1648 126
1649 72
1650 185
1651 28
1652 229
1653 145
1654 171
1655 159
1656 3
1657 136
1658 142
1659 131
1660 1
1661 180
1662 28
1663 166
1664 26
1665 152
1666 96
1667 141
1668 25
1669 86
1670 3
1671 122
1672 202
1673 185
1674 34
1675 13
1676 75
1677 147
1678 128
1679 209
1680 61
1681 35
1682 71
1684 186
1685 243
1686 235
1687 187
1688 15
1689 141
1690 43
1691 218
1692 104
1693 243
1694 130
1695 213
1697 179
1698 133
1699 52
1700 1
1701 191
1702 16
1703 95
1704 192
1705 114
1706 124
1707 213
1708 200
1709 161
1711 77
1712 44
1713 237
1714 71
1715 13
1716 121
1717 229
1718 2
1719 246
1720 46
1721 195
1722 171
1723 226
1724 98
1725 161
1726 166
1727 53
1728 46
1729 13
1730 243
1732 163
1733 196
1734 246
1735 241
1736 130
1737 116
1738 0
1739 202
1740 199
1741 182
1743 82
1744 9
1745 235
1746 179
1747 17
1748 243
1750 64
1751 34
1753 60
1754 224
1755 100
1756 9
1757 5
1758 25
1759 222
1760 86
1761 0
1762 167
1763 111
1764 21
1765 5
1766 59
1767 229
1768 170
1769 173
1770 161
1771 75
1772 83
1773 167
1774 210
1775 87
1776 124
1777 136
1778 169
1779 169
1780 74
1781 242
1782 233
1783 104
1784 167
1785 13
1786 191
1788 144
1789 25
1790 166
1792 226
1793 18
1794 16
1795 81
1796 188
1797 143
1798 86
1799 75
1800 13
1802 16
1803 14
1804 51
1805 17
1806 52
1808 29
1809 58
1810 145
1811 235
1812 13
1813 3
1814 0
1815 103
1816 220
1817 173
1818 168
1819 124
1820 220
1821 36
1822 130
1823 187
1824 218
1825 92
1826 0
1827 86
1828 202
1829 184
1830 86
1831 111
1832 131
1833 86
1834 235
1835 86
1837 115
1838 158
1840 33
1841 70
1842 163
1843 186
1844 25
1845 171
1847 123
1848 28
1849 55
1850 87
1851 33
1852 86
1853 132
1854 126
1855 182
1856 241
1857 25
1858 160
1862 118
1863 118
1864 221
1865 209
1866 125
1867 29
1868 83
1869 86
1870 76
1871 167
1872 147
1873 217
1874 25
1875 168
1876 207
1877 3
1878 88
1879 131
1880 149
1881 34
1882 96
1884 55
1885 7
1886 244
1887 25
1888 246
1889 108
1890 92
1891 39
1892 241
1893 90
1894 235
1895 111
1896 36
1897 13
1898 212
1899 184
1900 169
1901 25
1902 171
1904 35
1906 116
1907 184
1908 72
1909 28
1910 161
1911 169
1912 14
1913 68
1914 36
1915 39
1916 93
1917 161
1918 182
1919 3
1921 191
1922 30
1923 105
1924 34
1925 102
1926 61
1928 243
1929 243
1930 48
1931 225
1932 171
1933 181
1934 5
1936 115
1937 160
1938 34
1939 28
1940 166
1941 218
1942 202
1943 137
1944 59
1946 128
1947 229
1948 109
1949 165
1950 98
1951 5
1952 108
1953 146
1955 23
1956 132
1957 184
1958 21
1959 189
1960 243
1962 235
1963 235
1964 95
1965 84
1966 204
1967 157
1968 7
1969 135
1970 68
1971 161
1972 4
1973 171
1974 128
1975 199
1976 161
1977 35
1978 36
1979 189
1980 119
1981 90
1982 112
1983 153
1984 129
1985 64
1986 241
1987 235
1988 31
1989 173
1990 173
1991 211
1992 236
1993 24
1994 47
1995 136
1996 200
1997 73
1998 4
1999 173
2000 14
2001 220
2002 5
2003 58
2004 96
2005 8
2006 42
2007 196
2008 104
2009 64
2010 240
2011 171
2012 2
2013 11
2014 30
2015 123
2016 171
2017 59
2019 111
2020 17
2021 117
2022 47
2023 40
2024 239
2025 31
2026 32
2027 249
2028 13
2029 241
2030 20
2031 100
2032 158
2033 244
2034 14
2035 155
2036 111
2037 172
2038 10
2039 8
2040 138
2041 11
2042 153
2043 201
2044 80
2045 153
2046 209
2047 209
2048 2
2049 37
2050 17
2051 45
2052 169
2053 196
2054 243
2055 77
2056 98
2057 128
2058 167
2059 77
2060 38
2061 16
2062 91
2063 131
2064 131
2065 186
2066 1
2067 84
2068 59
2071 207
2072 243
2073 115
2074 18
2075 209
2076 164
2077 207
2078 44
2079 5
2080 14
2081 191
2082 201
2083 55
2084 72
2085 207
2086 186
2087 25
2088 26
2089 84
2090 122
2091 111
2092 113
2093 165
2094 54
2095 139
2096 194
2097 154
2098 180
2099 186
2100 169
2101 193
2102 40
2103 111
2104 67
2105 246
2106 171
2107 160
2108 108
2109 2
2110 232
2111 83
2112 237
2113 45
2114 73
2115 106
2116 168
2117 227
2118 28
2119 136
2121 70
2122 9
2123 1
2124 13
2125 156
2126 107
2127 84
2128 166
2129 177
2130 18
2131 218
2132 217
2133 195
2134 98
2135 209
2136 36
2137 132
2139 161
2140 201
2141 73
2142 145
2143 248
2144 161
2145 171
2146 82
2147 171
2148 25
2149 202
2150 11
2151 108
2152 21
2153 6
2154 14
2155 224
2156 127
2157 169
2158 141
2159 242
2161 90
2162 18
2163 235
2164 155
2165 231
2166 38
2167 105
2168 86
2169 63
2170 154
2171 44
2172 9
2173 77
2174 210
2175 168
2176 6
2178 147
2179 243
2180 31
2181 43
2182 160
2183 204
2184 20
2185 80
2186 47
2187 133
2188 235
2189 243
2190 211
2191 38
2192 161
2193 53
2194 20
2195 204
2196 198
2197 34
2198 243
2199 5
2200 34
2202 37
2203 143
2204 35
2205 28
2206 186
2207 3
2208 3
2210 235
2211 227
2212 11
2213 1
2214 124
2216 105
2217 61
2218 59
2219 211
2220 15
2221 34
2222 56
2223 82
2224 4
2226 4
2227 247
2228 89
2229 64
2231 53
2232 52
2233 3
2234 8
2235 11
2236 90
2237 160
2239 72
2240 212
2241 86
2242 11
2243 13
2244 244
2245 38
2246 64
2247 61
2248 108
2249 5
2250 71
2251 100
2252 98
2253 243
2255 7
2256 73
2257 2
2258 6
2259 99
2260 165
2261 35
2262 15
2263 54
2265 73
2266 206
2267 26
2268 212
2269 13
2270 5
2271 25
2272 86
2273 233
2274 41
2275 6
2276 59
2277 222
2278 226
2279 6
2280 147
2281 194
2282 212
2283 41
2284 192
2285 64
2286 184
2287 6
2288 104
2289 92
2290 92
2291 14
2292 160
2293 237
2294 57
2295 210
2296 95
2297 119
2298 14
2299 175
2300 105
2301 1
2302 6
2303 177
2304 96
2305 52
2306 218
2307 59
2308 18
2309 172
2310 2
2311 76
2312 171
2314 2
2315 104
2316 3
2317 111
2318 171
2319 187
2320 52
2321 58
2322 44
2323 192
2324 215
2325 161
2327 149
2329 1
2330 235
2331 201
2332 32
2333 198
2334 14
2335 44
2336 3
2337 136
2338 86
2339 10
2340 18
2341 105
2342 44
2343 225
2344 86
2345 102
2346 198
2347 34
2349 95
2350 249
2351 143
2353 207
2354 22
2355 33
2356 111
2357 101
2358 197
2359 19
2360 149
2361 17
2362 243
2363 212
2364 14
2365 34
2366 39
2367 221
2368 105
2369 78
2370 190
2371 55
2372 108
2373 122
2374 106
2375 246
2376 157
2377 14
2378 218
2379 244
2381 75
2382 242
2383 184
2385 105
2386 161
2387 41
2388 203
2389 134
2390 199
2391 156
2392 79
2393 8
2394 158
2395 96
2396 89
2397 235
2398 165
2399 161
2400 20
2401 96
2402 243
2403 36
2404 71
2405 235
2406 235
2407 49
2408 5
2409 14
2410 93
2411 52
2412 241
2413 35
2414 73
2415 148
2416 2
2418 159
2419 137
2420 1
2421 91
2422 248
2424 122
2425 138
2426 172
2427 46
2428 129
2429 204
2430 180
2431 136
2432 59
2433 0
2434 95
2435 35
2436 153
2437 28
2438 12
2440 53
2441 150
2442 92
2443 63
2444 86
2445 105
2446 20
2448 12
2449 174
2450 241
2451 47
2452 52
2455 174
2456 126
2457 118
2458 191
2459 55
2460 90
2461 25
2462 71
2463 93
2464 6
2466 167
2467 249
2468 89
2470 243
2471 73
2472 35
2473 46
2474 209
2475 17
2476 64
2477 18
2478 111
2479 147
2480 1
2481 5
2482 166
2483 28
2484 11
2485 77
2486 145
2487 191
2488 33
2489 179
2490 16
2491 43
2492 138
2493 6
2494 86
2495 34
2496 46
2497 1
2498 153
2499 17
2501 111
2502 222
2503 235
2504 61
2505 37
2506 68
2507 78
2508 99
2509 32
2510 103
2511 6
2512 26
2513 214
2514 209
2515 72
2516 124
2517 166
2518 86
2519 143
2520 173
2521 54
2522 111
2523 36
2524 242
2525 39
2526 179
2527 125
2528 127
2529 138
2531 224
2533 202
2534 146
2535 86
2536 88
2537 208
2538 147
2539 192
2540 39
2541 111
2542 52
2543 222
2545 82
2547 32
2548 202
2549 26
2550 136
2551 21
2552 235
2553 32
2555 55
2556 92
2557 135
2558 90
2559 133
2560 49
2561 144
2562 45
2563 103
2564 241
2565 171
2566 53
2567 35
2568 173
2569 3
2570 93
2571 235
2572 167
2574 219
2575 143
2576 190
2577 140
2578 116
2579 35
2580 10
2581 168
2582 172
2583 98
2584 88
2585 16
2586 116
2587 86
2588 76
2589 134
2590 51
2591 173
2592 14
2594 131
2595 122
2596 235
2597 224
2598 20
2599 174
2601 81
2602 242
2603 23
2604 242
2605 122
2606 24
2607 105
2608 86
2609 102
2610 154
2611 58
2612 142
2614 146
2615 148
2616 1
2617 72
2618 86
2619 25
2620 72
2621 109
2622 141
2623 44
2624 232
2625 229
2626 37
2627 31
2628 222
2631 21
2632 80
2633 235
2634 248
2635 68
2636 52
2637 89
2638 15
2639 20
2640 135
2641 105
2642 33
2643 151
2644 243
2645 57
2646 66
2647 53
2648 9
2650 129
2651 166
2652 246
2653 202
2654 241
2655 106
2656 60
2657 210
2658 108
2660 86
2661 15
2662 78
2663 198
2664 63
2665 82
2666 6
2667 97
2668 192
2669 1
2670 6
2671 136
2672 8
2673 76
2674 235
2676 235
2677 10
2678 195
2679 94
2680 198
2681 69
2682 122
2683 41
2684 122
2685 9
2686 235
2687 60
2688 148
2689 86
2690 35
2691 52
2692 65
2693 17
2694 71
2695 161
2697 34
2698 180
2700 73
2701 35
2702 11
2703 23
2704 11
2705 112
2706 36
2707 92
2709 157
2710 131
2711 102
2714 19
2715 62
2716 6
2717 157
2718 182
2719 15
2720 73
2721 235
2722 220
2723 2
2724 186
2725 211
2726 141
2727 81
2728 97
2729 65
2731 161
2732 105
2733 88
2735 40
2736 95
2737 168
2738 148
2739 130
2740 119
2741 222
2742 191
2743 1
2744 186
2745 136
2746 191
2747 171
2748 109
2749 3
2750 49
2751 39
2752 90
2753 35
2755 75
2756 151
2757 128
2758 108
2759 96
2760 125
2761 8
2762 2
2763 157
2764 81
2765 189
2768 243
2769 183
2770 177
2771 13
2772 180
2773 122
2774 10
2775 244
2776 121
2777 51
2778 243
2779 68
2780 235
2781 125
2782 38
2783 2
2785 11
2786 167
2787 233
2788 64
2789 236
2790 193
2791 67
2792 205
2793 167
2794 111
2795 196
2796 150
2798 87
2799 8
2800 84
2801 43
2802 198
2803 249
2804 174
2805 223
2806 193
2807 86
2809 187
2811 64
2812 141
2813 86
2815 121
2816 191
2817 122
2818 157
2819 21
2820 26
2821 64
2822 155
2823 96
2825 200
2826 161
2827 131
2828 199
2829 92
2830 102
2831 80
2832 13
2833 168
2834 14
2835 6
2836 165
2838 41
2839 44
2840 84
2841 96
2842 138
2843 35
2844 25
2845 44
2846 72
2847 161
2848 160
2849 72
2850 198
2851 89
2852 44
2853 28
2854 169
2855 86
2856 84
2857 177
2858 161
2859 192
2860 2
2861 27
2862 246
2863 88
2864 151
2865 21
2866 196
2867 42
2868 52
2869 122
2870 50
2871 25
2872 106
2873 221
2874 44
2875 220
2876 44
2877 198
2878 12
2879 122
2880 21
2881 29
2882 133
2883 232
2884 9
2885 180
2886 91
2887 229
2888 244
2889 92
2890 138
2891 186
2892 132
2893 32
2894 20
2895 103
2896 25
2897 32
2898 5
2899 29
2900 169
2902 47
2904 104
2905 188
2906 233
2907 179
2908 98
2909 91
2910 198
2911 10
2912 165
2913 171
2914 98
2915 172
2916 14
2917 176
2918 4
2920 31
2921 14
2922 108
2923 157
2925 85
2926 179
2927 12
2928 92
2929 198
2930 124
2931 186
2932 8
2933 171
2934 17
2936 25
2937 14
2938 96
2939 32
2940 174
2941 101
2942 180
2943 180
2944 236
2945 119
2946 5
2947 35
2948 13
2949 186
2950 106
2951 171
2952 43
2953 173
2954 171
2955 205
2956 15
2957 25
2959 173
2960 177
2961 21
2962 19
2963 191
2964 182
2965 184
2967 6
2968 25
2969 240
2970 50
2971 182
2972 41
2973 208
2974 184
2975 77
2976 248
2978 95
2979 184
2980 54
2981 115
2983 19
2984 38
2985 0
2986 185
2987 237
2988 133
2989 244
2990 81
2991 181
2992 41
2993 13
2994 182
2995 9
2996 59
2997 135
2998 168
2999 92
3000 206
3001 68
3002 241
3003 155
3004 241
3005 184
3006 184
3007 248
3008 86
3009 129
3010 129
3011 2
3012 128
3013 210
3014 210
3015 122
3016 1
3017 154
3018 6
3019 6
3020 228
3021 3
3022 85
3023 85
3024 44
3025 105
3026 78
3027 78
3028 46
3029 108
3030 15
3031 161
3032 123
3033 44
3034 5
3035 186
3036 157
3037 133
3038 81
3039 141
3040 72
3041 39
3042 164
3043 123
3044 123
3045 125
3046 101
3047 101
3048 55
3049 130
3050 53
3051 70
3052 28
3053 41
3054 248
3055 50
3056 159
3057 106
3058 212
3059 34
3060 17
3061 170
3062 40
3063 172
3064 172
3065 6
3066 153
3067 3
3068 86
3069 86
3070 44
3071 55
3072 128
3073 180
3074 240
3075 95
3076 95
3077 141
3078 14
3079 71
3080 150
3081 113
3082 212
3083 31
3084 125
3085 9
3086 237
3087 28
3088 28
3089 36
3090 36
3091 136
3092 180
3093 140
3094 131
3095 52
3096 96
3097 6
3098 96
3099 138
3100 123
3101 221
3102 58
3103 58
3104 58
3105 73
3106 17
3107 198
3108 166
3109 166
3110 166
3111 225
3112 121
3113 96
3114 62
3115 62
3116 186
3117 15
3118 167
3119 167
3120 24
3121 29
3122 29
3123 159
3124 159
3125 201
3126 200
3127 1
3128 43
3129 194
3130 223
3131 145
3132 145
3133 14
3134 86
3135 128
3136 157
3137 157
3138 17
3139 186
3140 186
3141 186
3142 147
3143 192
3144 116
3145 116
3146 156
3147 9
3148 13
3149 13
3150 161
3151 161
3152 241
3153 238
3154 182
3155 211
3156 211
3157 118
3158 192
3159 167
3160 126
3161 226
3162 122
3163 211
3164 137
3165 4
3166 80
3167 175
3168 175
3169 223
3170 206
3171 227
3172 6
3173 211
3174 91
3175 91
3176 241
3177 151
3178 131
3179 243
3180 137
3181 32
3182 35
3183 106
3184 106
3185 162
3186 151
3187 151
3188 192
3189 237
3190 224
3191 28
3192 148
3193 228
3194 242
3195 242
3196 2
3197 2
3198 2
3199 12
3200 111
3201 147
3202 117
3203 149
3204 96
3205 124
3206 52
3207 64
3208 72
3209 154
3210 154
3211 124
3212 220
3213 203
3214 31
3215 44
3216 244
3217 6
3218 60
3219 128
3220 5
3221 86
3222 86
3223 32
3224 52
3225 52
3226 122
3227 26
3228 26
3229 3
3230 124
3231 151
3232 138
3233 222
3234 81
3235 124
3236 124
3237 204
3238 204
3239 181
3240 6
3241 98
3242 105
3243 196
3244 133
3245 186
