0 20
1 169
2 74
3 37
4 117
6 170
7 106
8 239
9 174
10 100
11 122
12 96
13 213
14 16
15 135
16 96
17 51
18 64
19 81
20 73
21 71
22 159
23 135
24 145
25 0
26 186
27 210
28 189
30 196
31 135
32 222
33 20
34 154
35 241
36 245
37 9
38 80
40 104
41 124
42 9
43 190
44 52
45 113
46 114
47 177
49 15
50 93
51 72
52 194
53 3
54 105
55 225
57 190
58 199
60 50
61 4
62 71
64 71
65 34
66 224
67 47
68 227
69 227
70 42
71 196
75 12
76 224
77 0
78 188
79 89
80 107
81 98
83 36
84 118
85 31
86 231
87 104
88 103
89 28
90 82
91 157
92 95
93 84
94 122
95 26
96 21
97 29
98 55
99 70
101 32
102 22
104 174
105 202
106 175
107 154
108 223
109 65
110 92
111 39
112 187
113 220
114 62
115 70
116 185
118 227
119 209
120 234
122 151
123 64
124 104
125 161
126 232
127 48
128 52
129 215
130 237
131 216
132 189
133 55
135 129
136 10
137 96
138 182
139 242
140 170
141 45
142 75
143 132
144 91
145 158
146 23
147 95
148 12
149 191
150 137
151 46
152 50
153 0
154 188
155 41
156 71
157 167
158 12
159 76
160 129
161 52
162 19
163 146
164 227
165 48
166 183
167 56
168 142
169 27
170 101
171 189
172 236
173 33
174 181
175 49
176 70
177 213
178 200
179 61
180 219
181 191
182 31
183 78
184 31
185 99
186 0
187 196
188 44
189 30
190 170
191 121
192 73
193 133
194 179
195 49
196 98
198 82
199 152
200 211
201 33
202 63
203 54
204 32
206 46
207 177
209 169
210 29
211 56
212 20
213 166
214 244
215 170
216 200
218 21
219 246
220 221
221 7
222 68
223 122
224 71
225 114
226 226
227 0
228 182
229 56
230 247
231 24
233 0
234 61
235 202
236 33
237 46
239 154
240 36
241 26
242 60
243 181
244 123
245 248
246 127
247 3
248 70
249 219
250 56
251 198
252 90
253 39
254 103
256 155
257 91
258 90
259 122
260 65
263 240
264 6
265 60
266 103
267 112
268 240
269 115
271 179
272 235
273 40
274 177
275 29
276 230
277 170
278 60
280 153
281 117
282 229
283 71
284 229
286 65
287 227
288 154
289 69
290 63
292 104
293 120
294 31
295 70
296 75
297 43
299 75
300 233
301 126
303 154
304 58
305 83
306 76
307 97
308 45
309 190
310 29
312 243
313 169
314 224
315 77
317 165
318 122
319 214
320 48
321 18
322 158
323 42
324 181
325 143
326 127
327 67
328 118
330 156
331 71
332 24
333 1
334 29
335 32
336 70
337 169
338 242
340 141
342 195
343 144
344 6
345 227
346 119
347 154
348 149
349 31
350 147
351 225
352 142
353 87
354 22
355 40
356 82
357 85
358 20
361 217
362 112
363 30
364 124
365 39
366 2
367 193
368 7
369 154
370 206
371 191
373 198
375 73
377 3
378 153
379 166
380 25
381 24
382 55
383 221
384 61
385 116
386 246
387 170
389 119
391 139
392 94
393 104
394 25
395 219
396 154
397 75
398 75
400 247
401 170
402 250
403 149
404 104
405 128
406 64
408 165
409 109
410 21
411 79
412 140
413 58
414 65
415 145
416 156
417 153
418 25
419 170
420 43
421 130
422 0
423 68
424 9
425 47
426 228
427 21
428 55
429 236
430 197
431 17
432 36
433 218
434 186
435 137
436 225
437 142
438 223
439 66
440 207
441 179
444 88
445 134
446 64
447 86
448 161
449 170
451 10
452 110
453 212
454 161
455 189
456 199
457 119
458 108
459 203
460 184
461 25
462 203
463 70
464 25
465 20
466 170
467 199
469 14
470 33
471 192
472 227
473 180
474 184
475 125
477 34
478 205
479 104
480 204
481 20
483 164
484 63
485 32
486 129
487 91
488 145
490 225
492 189
493 223
496 186
497 223
498 136
499 232
500 49
501 211
502 7
503 122
504 145
505 227
507 96
508 113
509 176
510 64
511 111
512 65
513 13
514 161
516 22
517 131
518 162
520 155
521 39
522 17
523 195
524 154
525 74
527 102
528 132
529 99
530 13
531 104
532 114
533 63
534 67
535 191
536 32
537 148
538 196
539 199
540 8
541 87
542 64
543 215
544 56
545 226
547 186
548 73
549 186
550 144
551 70
552 115
554 81
555 38
556 214
557 191
558 79
559 91
560 70
561 3
562 223
563 50
564 75
565 135
566 187
567 189
568 91
569 225
570 89
571 44
572 117
573 235
574 8
575 37
576 245
577 195
578 74
579 51
580 32
581 63
582 154
583 38
584 223
585 247
586 111
588 81
589 39
590 61
591 56
592 179
593 141
594 197
596 46
597 225
600 229
601 3
602 33
604 236
606 4
607 139
608 93
609 1
610 155
611 11
612 219
614 59
615 116
616 2
617 66
619 45
620 134
621 3
622 247
623 191
625 70
626 223
627 170
628 6
629 189
630 21
631 149
632 65
633 3
634 91
635 198
636 156
637 200
638 104
639 96
640 238
641 150
642 227
643 24
644 197
645 31
647 187
648 234
649 226
650 239
651 28
652 170
653 165
654 73
655 17
656 99
657 180
658 212
659 224
660 34
661 236
663 241
664 35
665 68
666 42
668 198
669 170
670 99
671 173
672 211
673 39
674 145
675 236
677 144
678 190
679 160
680 31
681 36
682 16
683 46
684 86
685 168
686 206
688 1
689 196
690 185
691 67
692 67
693 49
694 8
695 189
696 51
697 119
698 0
699 36
700 13
701 78
704 151
705 139
706 120
708 148
709 24
710 138
712 240
713 191
714 48
715 227
716 245
717 247
718 45
719 28
720 182
721 225
722 82
723 179
724 149
725 89
726 245
727 73
728 1
729 92
730 197
732 227
733 11
734 139
736 159
738 68
739 217
740 116
741 239
742 0
743 86
744 73
745 170
747 25
748 53
749 113
750 131
751 148
752 104
753 196
754 221
755 216
756 164
757 36
758 244
759 72
760 108
761 170
763 242
764 7
765 36
766 32
767 189
768 17
770 49
771 171
772 220
775 16
776 38
778 33
779 200
780 57
781 197
782 122
783 112
784 188
785 250
786 3
787 39
788 146
789 61
790 186
791 236
792 45
793 58
794 227
795 37
796 86
798 182
800 1
801 60
802 154
803 74
804 102
805 150
806 24
807 48
808 207
810 55
812 3
813 57
814 60
815 2
816 196
817 146
818 37
819 19
820 196
822 224
823 103
824 147
827 17
828 207
829 152
831 161
833 210
834 56
835 81
836 60
837 23
838 227
839 6
840 165
841 154
842 91
843 61
844 206
845 145
846 157
847 53
848 245
849 25
850 54
851 171
852 62
853 238
854 200
855 167
856 161
857 122
858 22
859 134
860 188
861 82
862 170
863 47
864 100
865 169
866 34
867 26
868 64
869 206
870 95
871 75
872 160
873 191
874 213
875 43
876 191
877 33
878 33
879 25
880 227
881 26
882 159
884 145
885 57
886 29
887 39
888 199
889 187
891 39
892 49
893 13
894 223
895 14
896 17
897 200
899 176
900 98
901 140
902 164
903 176
904 195
906 222
907 210
908 122
910 198
911 46
913 159
914 173
915 201
916 56
917 136
918 196
919 109
921 154
922 1
923 73
925 89
927 226
928 58
930 187
931 172
932 241
933 20
934 60
935 6
936 188
937 186
938 178
939 10
940 196
941 21
942 186
943 175
944 74
945 88
946 20
947 95
948 206
950 134
951 160
952 118
953 169
955 37
956 99
957 49
958 148
959 31
960 45
961 176
962 59
963 186
964 11
965 129
966 37
967 165
968 95
969 22
970 75
971 125
972 58
973 170
974 26
975 180
976 226
977 66
978 150
980 210
981 171
982 214
983 208
984 216
986 82
987 122
988 191
989 105
990 53
992 160
994 74
995 204
996 157
997 122
998 1
999 14
1000 190
1001 161
1002 170
1003 229
1004 243
1005 150
1007 131
1008 72
1010 26
1011 56
1012 239
1013 34
1014 33
1015 189
1016 202
1017 186
1018 86
1019 40
1020 247
1021 197
1022 135
1023 208
1024 172
1025 64
1026 13
1027 93
1028 57
1029 184
1030 182
1031 218
1032 143
1033 104
1034 68
1035 171
1036 223
1038 244
1039 40
1040 58
1041 122
1042 75
1043 43
1044 160
1045 55
1046 95
1047 154
1048 237
1049 182
1050 33
1052 62
1053 35
1055 161
1056 198
1059 91
1060 167
1061 196
1062 242
1063 4
1064 94
1065 104
1066 168
1067 93
1068 140
1069 32
1070 223
1071 145
1072 12
1073 186
1074 96
1075 89
1076 132
1077 87
1078 154
1079 82
1080 87
1081 137
1082 75
1083 115
1085 3
1086 71
1087 250
1088 15
1089 206
1091 60
1093 115
1094 151
1095 111
1096 161
1097 200
1098 72
1099 190
1100 206
1101 110
1102 10
1103 49
1104 46
1105 196
1106 85
1107 159
1108 208
1109 196
1110 130
1111 73
1112 39
1113 49
1114 211
1115 49
1116 72
1117 111
1118 43
1119 24
1120 219
1121 110
1122 77
1123 250
1124 65
1125 160
1126 34
1128 222
1129 47
1130 73
1131 104
1132 165
1133 25
1134 27
1135 135
1137 86
1138 2
1139 218
1140 111
1142 33
1143 138
1144 80
1145 216
1147 170
1148 137
1149 59
1151 79
1153 220
1154 15
1155 48
1156 189
1157 223
1158 170
1159 60
1160 215
1161 93
1162 73
1164 74
1165 154
1166 191
1168 228
1169 239
1170 184
1171 227
1172 176
1173 69
1174 140
1175 86
1177 199
1178 132
1180 19
1181 13
1182 188
1183 75
1184 149
1185 164
1186 201
1187 107
1188 140
1189 42
1190 244
1191 3
1193 60
1194 245
1195 67
1197 77
1199 186
1200 33
1201 5
1203 180
1204 65
1205 39
1207 221
1208 139
1209 54
1210 97
1212 46
1213 104
1214 124
1215 21
1217 65
1218 89
1219 91
1220 17
1221 3
1222 113
1223 154
1224 167
1225 224
1226 55
1227 137
1228 223
1229 51
1230 31
1231 170
1232 160
1233 185
1235 4
1236 44
1237 73
1238 26
1239 145
1240 232
1241 3
1242 79
1243 70
1244 39
1245 243
1247 82
1248 154
1250 123
1251 34
1252 197
1253 228
1254 89
1256 113
1257 20
1258 104
1259 161
1261 207
1262 11
1263 58
1264 17
1265 3
1267 102
1268 104
1269 206
1270 165
1271 26
1272 64
1273 154
1274 43
1275 73
1277 36
1278 178
1279 59
1280 164
1284 206
1285 19
1286 32
1287 61
1289 187
1290 78
1291 19
1292 206
1294 55
1296 54
1298 4
1299 126
1302 24
1303 229
1304 139
1305 117
1306 64
1307 105
1308 82
1309 26
1310 39
1311 211
1312 78
1313 42
1314 39
1315 12
1316 197
1317 170
1319 105
1320 24
1321 102
1322 234
1323 199
1325 179
1326 64
1328 222
1329 165
1330 73
1331 187
1332 156
1334 186
1335 236
1336 26
1338 167
1339 158
1340 122
1342 154
1343 96
1344 62
1345 24
1346 19
1347 88
1348 239
1349 158
1351 57
1352 59
1354 62
1355 122
1356 7
1357 187
1359 31
1360 132
1363 4
1364 48
1365 89
1368 232
1369 17
1371 36
1372 130
1373 32
1374 73
1376 71
1377 55
1378 27
1379 176
1381 129
1382 211
1383 126
1384 130
1385 137
1386 173
1387 196
1389 156
1390 164
1391 142
1392 35
1394 197
1395 104
1396 172
1399 81
1400 12
1401 219
1402 196
1403 33
1404 26
1405 179
1406 11
1407 62
1408 24
1409 87
1410 64
1413 145
1414 4
1415 230
1416 126
1417 131
1419 191
1420 59
1421 49
1423 199
1424 26
1425 164
1426 96
1427 10
1428 108
1429 150
1430 180
1431 28
1432 142
1434 250
1436 170
1437 27
1438 103
1439 104
1440 211
1441 200
1442 249
1443 20
1444 193
1445 6
1446 131
1447 62
1448 114
1449 140
1451 209
1453 50
1455 43
1457 237
1458 37
1459 57
1460 81
1461 18
1462 34
1463 24
1464 24
1465 112
1466 3
1467 7
1468 33
1469 83
1470 175
1471 222
1472 169
1473 207
1474 247
1475 158
1476 158
1477 156
1478 60
1480 137
1482 69
1483 207
1485 49
1486 106
1487 200
1488 217
1489 170
1490 240
1491 102
1493 191
1494 37
1495 128
1496 113
1497 230
1499 116
1500 250
1501 250
1502 65
1503 123
1505 202
1506 164
1507 76
1508 73
1509 120
1510 104
1511 43
1513 100
1515 218
1516 236
1517 231
1518 208
1519 69
1520 58
1522 82
1524 227
1525 24
1526 38
1528 48
1529 133
1530 221
1531 135
1532 155
1533 70
1534 245
1535 169
1536 129
1537 179
1538 210
1540 79
1542 17
1543 250
1544 144
1545 137
1547 216
1548 210
1551 1
1552 96
1553 19
1554 137
1555 35
1558 245
1559 61
1560 181
1561 112
1562 191
1563 32
1564 170
1565 12
1566 189
1567 143
1568 165
1569 197
1570 217
1571 48
1573 159
1574 181
1576 125
1577 12
1578 62
1579 55
1581 190
1582 151
1583 2
1586 182
1587 170
1589 38
1590 30
1592 57
1593 188
1594 105
1596 125
1598 170
1599 153
1600 214
1601 151
1602 24
1604 20
1605 165
1606 219
1609 87
1610 211
1612 166
1613 73
1614 230
1616 247
1617 198
1619 196
1620 50
1621 91
1622 40
1623 164
1624 106
1626 110
1627 50
1628 73
1629 55
1630 26
1631 170
1632 34
1633 181
1634 0
1635 74
1637 114
1638 7
1639 96
1640 165
1641 156
1643 191
1644 4
1645 170
1647 33
1648 203
1650 211
1652 140
1653 72
1655 195
1656 180
1657 105
1658 84
1659 206
1660 47
1661 211
1662 140
1663 17
1664 42
1665 75
1666 57
1667 107
1668 143
1669 210
1670 60
1671 36
1672 210
1673 211
1674 104
1675 73
1676 210
1678 46
1680 36
1681 165
1682 63
1684 11
1685 224
1686 149
1687 169
1688 172
1689 190
1690 82
1691 48
1693 190
1694 85
1695 146
1697 89
1698 127
1699 122
1701 219
1702 79
1704 56
1706 128
1707 89
1709 154
1711 144
1712 81
1713 65
1714 205
1715 33
1716 191
1717 140
1718 154
1719 158
1720 115
1721 161
1722 102
1723 176
1724 188
1726 246
1727 101
1728 64
1729 4
1732 24
1733 220
1734 158
1736 85
1738 26
1739 53
1740 3
1741 22
1743 19
1744 63
1745 200
1747 59
1750 20
1751 163
1753 121
1754 104
1755 1
1756 63
1758 19
1759 39
1760 22
1761 26
1762 232
1763 138
1764 55
1765 100
1766 12
1767 140
1768 157
1769 13
1770 15
1771 171
1772 179
1773 71
1774 12
1775 63
1776 239
1777 234
1778 123
1779 123
1780 7
1782 58
1783 70
1784 28
1785 4
1788 49
1789 88
1790 17
1793 45
1794 79
1797 110
1798 236
1799 171
1800 73
1802 79
1803 231
1804 6
1805 103
1809 202
1810 72
1811 131
1813 115
1814 165
1815 28
1816 214
1817 49
1818 118
1819 128
1820 214
1822 85
1823 169
1824 111
1825 248
1826 26
1827 152
1828 53
1829 102
1831 122
1832 206
1833 196
1834 230
1835 187
1838 49
1842 24
1843 61
1844 135
1845 75
1847 147
1848 175
1849 232
1850 65
1851 196
1852 22
1853 120
1854 203
1855 112
1856 20
1857 143
1858 77
1862 183
1863 35
1864 199
1865 71
1866 75
1867 3
1868 179
1869 210
1870 123
1871 16
1873 245
1874 143
1875 7
1876 137
1877 115
1878 46
1879 206
1880 221
1881 20
1882 57
1884 178
1885 65
1886 10
1887 135
1888 74
1889 189
1890 206
1891 52
1892 20
1893 105
1894 149
1895 111
1897 4
1898 64
1899 62
1900 99
1901 135
1902 191
1904 12
1906 215
1907 62
1910 164
1913 184
1914 13
1915 52
1917 27
1918 112
1919 19
1921 70
1923 124
1924 29
1925 4
1926 36
1928 55
1929 224
1930 173
1931 7
1933 227
1934 61
1936 137
1937 70
1938 163
1939 212
1940 17
1941 93
1942 34
1943 97
1944 12
1946 20
1947 58
1948 0
1949 16
1950 44
1951 116
1952 142
1953 164
1955 170
1956 120
1957 62
1959 89
1960 51
1962 51
1963 51
1966 210
1967 69
1968 104
1969 132
1971 0
1972 113
1973 18
1974 46
1975 16
1977 12
1978 162
1979 89
1980 21
1981 225
1982 34
1983 120
1984 247
1985 117
1986 15
1987 131
1989 49
1991 168
1992 26
1994 89
1995 223
1996 170
1997 174
1998 113
1999 199
2000 153
2001 74
2002 25
2003 120
2004 57
2005 150
2006 154
2007 220
2008 166
2009 117
2010 142
2011 18
2012 12
2015 147
2016 28
2017 1
2019 38
2021 227
2022 89
2024 146
2025 193
2027 22
2028 63
2029 170
2030 208
2031 1
2032 91
2033 20
2035 37
2036 138
2040 1
2041 113
2042 120
2045 120
2046 71
2047 70
2051 160
2053 9
2054 131
2055 144
2057 20
2058 70
2059 144
2060 184
2061 79
2062 141
2065 11
2067 209
2068 12
2071 23
2072 91
2073 191
2074 238
2075 52
2076 135
2077 23
2078 191
2079 61
2081 200
2083 178
2084 29
2085 23
2086 61
2087 19
2088 42
2090 121
2091 24
2092 164
2093 6
2094 159
2095 46
2096 4
2097 61
2098 211
2099 159
2100 15
2101 199
2102 157
2103 138
2105 74
2107 70
2108 142
2109 73
2110 96
2111 55
2113 160
2115 108
2116 20
2118 175
2119 223
2121 216
2122 63
2123 230
2124 33
2125 70
2126 177
2127 227
2128 246
2129 198
2130 102
2131 111
2132 245
2133 161
2134 44
2135 170
2140 70
2141 174
2142 72
2143 226
2146 242
2147 102
2148 143
2150 179
2152 55
2153 88
2154 231
2155 104
2156 145
2157 137
2158 107
2159 98
2161 105
2162 238
2163 149
2165 46
2166 184
2167 96
2168 229
2169 60
2170 47
2171 81
2173 144
2174 49
2178 142
2179 55
2182 70
2183 154
2184 228
2185 154
2186 89
2187 127
2188 200
2189 211
2190 244
2191 184
2192 27
2193 106
2194 208
2195 210
2197 198
2200 29
2202 64
2204 165
2205 175
2206 61
2207 60
2210 131
2211 56
2213 152
2214 128
2217 36
2218 12
2220 172
2221 80
2223 242
2224 113
2226 113
2227 9
2228 109
2229 80
2231 106
2232 170
2233 1
2235 115
2236 96
2237 77
2239 147
2240 48
2241 229
2244 10
2245 75
2246 194
2248 91
2249 61
2251 24
2252 45
2253 66
2255 65
2256 202
2257 154
2258 204
2259 87
2260 26
2261 134
2262 63
2263 74
2265 225
2266 240
2267 61
2268 48
2269 215
2270 100
2271 135
2272 46
2273 70
2274 88
2275 88
2276 12
2277 39
2278 176
2280 0
2281 4
2282 48
2284 229
2285 80
2286 62
2287 80
2288 166
2290 206
2291 50
2292 191
2294 0
2298 153
2299 236
2300 246
2302 114
2303 198
2304 57
2305 15
2306 136
2307 12
2308 35
2309 54
2310 32
2311 51
2312 31
2314 73
2315 70
2316 223
2317 38
2318 196
2320 95
2323 46
2324 235
2325 189
2327 221
2329 230
2331 170
2332 148
2334 152
2335 50
2336 43
2337 223
2338 46
2339 45
2340 35
2341 96
2342 189
2343 96
2344 185
2345 26
2346 154
2350 73
2351 75
2353 25
2354 37
2355 105
2356 152
2357 78
2359 31
2360 49
2361 55
2362 91
2363 48
2364 153
2365 96
2367 190
2368 96
2369 40
2372 91
2373 92
2374 108
2376 191
2379 137
2381 171
2383 136
2385 102
2386 27
2387 32
2389 0
2390 3
2391 58
2393 7
2395 57
2397 36
2398 6
2399 0
2400 185
2401 57
2402 190
2403 162
2404 205
2405 149
2406 51
2407 188
2408 100
2409 153
2410 23
2411 122
2413 202
2414 7
2415 55
2418 195
2419 97
2420 152
2421 141
2422 161
2424 78
2425 36
2427 64
2428 247
2429 2
2430 246
2431 223
2432 12
2433 26
2434 218
2438 202
2440 106
2441 30
2442 206
2443 60
2445 96
2446 208
2448 243
2449 62
2450 15
2451 89
2452 122
2455 26
2457 183
2459 178
2460 96
2461 19
2462 205
2463 77
2464 56
2467 0
2468 109
2472 63
2473 64
2474 71
2476 117
2478 138
2482 17
2483 190
2484 113
2485 144
2486 72
2488 22
2489 219
2490 79
2491 96
2492 65
2493 204
2494 187
2495 154
2496 64
2498 120
2499 103
2501 38
2502 225
2503 51
2505 73
2506 192
2507 40
2508 87
2510 28
2511 213
2512 61
2513 58
2514 49
2516 128
2517 70
2518 220
2519 75
2520 199
2521 113
2522 24
2524 137
2525 52
2528 145
2529 186
2531 104
2533 53
2534 164
2536 90
2537 71
2538 142
2539 133
2540 160
2541 111
2542 104
2543 212
2545 242
2547 148
2548 53
2549 42
2550 234
2551 55
2552 200
2553 148
2557 132
2558 96
2560 181
2561 49
2563 28
2565 82
2567 165
2569 1
2570 65
2572 5
2574 186
2576 21
2579 73
2580 64
2583 44
2584 90
2585 7
2586 215
2587 220
2588 185
2589 0
2590 6
2591 188
2592 43
2595 55
2597 104
2598 208
2599 62
2601 75
2602 98
2604 98
2605 86
2606 129
2607 102
2608 55
2609 248
2610 139
2612 84
2614 164
2615 55
2617 164
2618 185
2619 143
2620 186
2621 94
2623 241
2624 170
2625 140
2626 64
2627 64
2628 225
2632 192
2633 200
2634 3
2635 184
2636 16
2637 109
2638 63
2639 208
2640 34
2642 223
2643 207
2644 91
2646 160
2648 63
2650 247
2652 74
2653 210
2654 41
2657 49
2660 185
2662 40
2664 60
2666 68
2667 217
2668 82
2670 116
2671 105
2672 32
2673 208
2674 105
2676 149
2678 161
2679 70
2680 95
2681 196
2682 145
2683 88
2685 205
2686 149
2687 181
2688 169
2689 187
2690 15
2691 93
2692 250
2693 70
2694 158
2695 1
2697 163
2698 249
2701 134
2702 167
2704 113
2705 227
2707 64
2709 69
2710 73
2711 4
2715 1
2716 204
2717 69
2718 112
2719 172
2720 183
2721 230
2722 74
2723 0
2724 61
2725 134
2726 190
2728 217
2729 250
2731 27
2732 202
2733 90
2737 135
2738 147
2739 85
2741 68
2743 17
2744 61
2745 143
2747 196
2748 94
2749 43
2750 181
2751 167
2752 105
2753 12
2755 171
2756 83
2758 66
2759 57
2760 70
2762 73
2763 191
2764 66
2765 89
2768 196
2772 182
2773 145
2775 10
2776 191
2777 6
2778 0
2779 192
2780 158
2783 32
2785 34
2786 184
2787 21
2788 117
2789 26
2791 137
2792 70
2794 111
2795 220
2796 30
2798 65
2799 135
2801 249
2802 158
2803 191
2804 26
2806 189
2807 119
2809 228
2811 194
2812 107
2813 187
2815 191
2816 200
2817 92
2818 71
2820 42
2821 117
2822 37
2823 57
2825 170
2826 158
2830 26
2831 96
2832 33
2833 227
2834 153
2835 0
2838 88
2839 81
2840 55
2843 134
2844 180
2845 69
2846 186
2848 77
2849 186
2850 154
2851 109
2854 184
2856 209
2857 198
2858 203
2859 133
2862 74
2863 46
2866 220
2867 154
2868 95
2869 121
2870 29
2871 72
2872 21
2873 129
2874 112
2875 214
2878 111
2879 145
2880 55
2882 127
2884 96
2886 141
2887 136
2888 10
2889 248
2890 1
2892 221
2894 208
2895 28
2896 19
2898 61
2899 3
2900 154
2902 89
2904 125
2906 21
2908 104
2909 141
2912 6
2914 104
2916 22
2917 90
2918 113
2920 193
2921 36
2923 22
2925 112
2927 111
2928 206
2930 128
2931 25
2932 165
2933 18
2934 201
2936 143
2937 231
2939 0
2940 26
2941 35
2942 182
2943 46
2944 210
2945 21
2946 73
2947 70
2948 67
2950 108
2952 249
2954 18
2955 223
2956 210
2957 143
2959 13
2960 198
2961 82
2962 31
2963 243
2964 20
2965 62
2968 143
2970 29
2971 22
2973 71
2974 28
2975 144
2976 226
2979 68
2980 159
2986 211
2987 93
2988 102
2989 10
2990 169
2991 58
2993 215
2995 129
2996 12
2997 34
2999 206
3000 160
3001 160
3002 165
3003 70
3004 15
3005 62
3008 50
3009 247
3010 247
3011 154
3012 170
3013 49
3014 49
3015 92
3016 39
3017 39
3021 223
3022 48
3023 112
3024 122
3025 124
3027 40
3028 115
3029 91
3030 94
3031 62
3032 62
3033 20
3036 182
3038 127
3039 107
3041 160
3042 160
3043 147
3044 147
3045 219
3046 78
3049 85
3050 85
3051 216
3052 212
3053 88
3055 29
3056 94
3057 21
3058 37
3061 157
3062 157
3063 112
3064 112
3065 100
3066 100
3068 210
3069 209
3070 140
3071 237
3072 20
3076 36
3077 190
3078 190
3079 118
3081 164
3082 73
3085 63
3086 63
3087 175
3091 22
3092 22
3094 34
3095 202
3096 57
3097 57
3098 57
3099 6
3100 6
3101 129
3102 197
3103 197
3104 197
3105 120
3106 120
3107 36
3112 104
3113 104
3114 87
3115 87
3116 87
3117 222
3118 222
3119 222
3120 165
3121 3
3122 3
3123 195
3124 195
3125 70
3127 218
3128 218
3129 4
3130 72
3131 72
3132 72
3133 220
3134 220
3135 84
3136 189
3137 154
3139 61
3140 61
3141 61
3144 215
3145 215
3146 223
3147 31
3149 33
3152 219
3153 62
3155 244
3156 244
3157 183
3158 201
3160 199
3161 176
3162 176
3163 176
3165 113
3166 192
3168 236
3169 49
3170 40
3171 49
3172 70
3173 168
3174 141
3175 141
3176 66
3177 66
3179 155
3180 97
3181 45
3183 108
3184 108
3185 233
3186 207
3190 105
3191 105
3192 105
3193 25
3194 98
3195 98
3196 73
3197 73
3198 73
3199 38
3200 38
3202 227
3203 221
3205 74
3206 76
3207 117
3210 139
3211 135
3212 135
3214 70
3216 50
3218 121
3219 161
3220 116
3224 95
3225 95
3226 101
3227 42
3228 42
3229 200
3230 200
3231 229
3232 36
3233 86
3235 128
3236 128
3237 2
3238 2
3239 154
3240 88
3241 154
3242 104
3243 9
3245 43
3247 165
3248 75
3249 73
3250 70
3251 34
3252 231
3253 62
3254 62
3257 122
3258 122
3259 12
3260 12
3261 123
3262 123
3263 64
3265 92
3266 45
3269 26
3272 19
3275 40
3277 62
3278 62
3279 7
3281 189
3282 200
3284 200
3288 196
3289 245
3290 245
3291 166
3292 147
3293 147
3294 55
3295 55
3296 193
3298 78
3299 170
3301 93
3302 104
3304 199
3305 88
3306 88
3307 182
3308 21
3309 21
3310 220
3313 37
3315 206
3316 224
3318 126
3320 100
3321 79
3323 64
3324 118
3325 156
3327 227
3328 80
3329 80
3330 35
3332 49
3333 49
3334 45
3335 46
3336 61
3337 61
3338 0
3339 75
3340 75
3341 146
3345 245
3346 189
3348 222
3349 210
3351 170
3352 39
3353 39
3354 32
3355 84
3357 3
3358 61
3360 61
3361 104
3363 215
3364 70
3365 191
3367 182
3368 33
3369 33
3370 33
3371 173
3372 27
3374 164
3375 32
3376 62
3377 161
3378 104
3379 73
3380 47
3381 47
3384 56
3385 192
3387 66
3388 66
3389 125
3390 125
3391 37
3392 32
3393 145
3394 145
3396 82
3397 203
3398 12
3399 89
3403 110
3404 137
3405 24
3407 132
3408 132
3409 20
3410 20
3413 76
3415 135
3416 154
3417 21
3419 71
3420 189
3423 50
3424 213
3425 121
3426 116
3427 104
3428 241
3429 94
3430 90
3432 21
3433 179
3434 179
3435 187
3436 187
3439 184
3441 48
3442 26
3443 26
3445 188
3446 188
3447 42
3448 42
3449 42
3451 189
3452 189
3453 15
3454 67
3455 67
3456 93
3457 128
3459 2
3460 2
3461 150
3462 150
3463 170
3465 9
3466 194
3468 34
3469 34
3471 231
3472 172
3473 172
3474 12
3475 12
3477 247
3478 45
3479 185
3480 185
3481 39
3482 39
3484 143
3487 114
3488 114
3489 249
3490 122
3493 84
3494 19
3496 70
3497 91
3498 91
3499 53
3501 82
3502 77
3503 77
3504 24
3506 211
3507 191
3508 88
3509 180
3510 102
3511 51
3512 245
3513 245
3514 166
3515 166
3516 55
3517 55
3518 170
3520 85
3521 85
3523 198
3526 142
3528 161
3529 31
3530 54
3531 230
3532 145
3533 170
3534 177
3535 83
3536 116
3537 225
3538 167
3540 63
3541 118
3542 228
3543 24
3544 156
3546 148
3548 118
3549 208
3550 227
3551 61
3552 61
3553 22
3554 22
3555 22
3556 133
3557 129
3558 75
3559 75
3560 170
3562 17
3563 17
3564 87
3568 222
3569 222
3571 165
3572 3
3573 3
3574 132
3575 221
3576 3
3577 0
3579 142
3580 158
3581 181
3582 130
3583 154
3584 113
3585 113
3589 61
3590 16
3591 16
3592 209
3594 46
3596 55
3597 31
3598 23
3600 157
3601 62
3603 74
3604 183
3606 102
3607 196
3608 163
3609 126
3610 176
3611 176
3612 113
3613 113
3614 113
3615 192
3616 192
3618 73
3619 70
3620 168
3621 111
3623 136
3624 95
3625 95
3627 32
3628 97
3631 25
3632 161
3633 196
3635 132
3636 20
3637 20
3638 46
3639 46
3640 76
3641 142
3643 199
3645 248
3647 154
3648 213
3649 161
3651 116
3652 32
3653 90
3655 241
3656 21
3658 25
3659 179
3660 179
3662 26
3663 131
3665 42
3666 42
3667 42
3668 15
3669 200
3670 200
3671 36
3672 1
3673 227
3674 96
3676 60
3677 60
3678 154
3680 172
3681 32
3682 154
3683 49
3684 49
3685 15
3686 151
3687 122
3689 167
3690 114
3691 114
3692 19
3693 19
3694 19
3695 75
3696 124
3697 124
3698 37
3699 40
3701 170
3702 53
3703 53
3704 94
3705 127
3706 127
3707 76
3708 147
3710 55
3712 78
3713 78
3714 96
3715 85
3716 85
3717 104
3719 88
3720 161
3721 77
3722 77
3723 37
3725 177
3726 43
3727 83
3728 225
3729 79
3731 79
3732 76
3733 209
3734 209
3735 96
3737 30
3739 223
3740 27
3741 164
3742 164
3743 104
3744 178
3745 45
3748 102
3750 34
3751 6
3752 6
3753 129
3754 7
3755 165
3756 169
3758 120
3759 120
3761 170
3762 0
3763 3
3765 10
3766 73
3768 104
3769 104
3770 32
3771 56
3772 159
3773 159
3774 104
3777 55
3778 82
3779 23
3780 23
3781 1
3784 74
3785 74
3789 201
3791 47
3792 7
3793 166
3795 14
3796 152
3797 152
3799 227
3800 104
3801 141
3803 103
3804 103
3807 97
3808 97
3809 227
3810 65
3811 132
3812 233
3815 28
3816 196
3817 25
3818 98
3819 98
3820 137
3821 235
3822 24
3823 24
3824 38
3825 38
3827 117
3828 117
3829 96
3830 142
3832 41
3835 70
3837 248
3838 29
3839 154
3841 50
3842 171
3843 171
3844 165
3845 161
3846 104
3847 104
3848 119
3849 119
3850 25
3851 242
3852 242
3853 12
3854 12
3855 12
3857 48
3858 234
3860 191
3861 167
3862 5
3863 15
3864 97
3865 140
3866 140
3868 99
3869 128
3870 54
3871 150
3872 150
3875 104
3876 194
3877 96
3879 165
3880 165
3881 196
3882 34
3884 172
3885 172
3887 50
3888 122
3889 122
3890 12
3892 123
3895 69
3896 49
3897 49
3898 64
3899 92
3900 92
3901 185
3902 185
3903 82
3904 82
3907 58
3908 179
3909 167
3910 96
3911 122
3912 232
3913 202
3914 202
3915 225
3917 151
3918 138
3919 138
3920 82
3921 98
3922 94
3923 191
3924 191
3925 186
3926 186
3927 200
3928 200
3929 200
3930 51
3931 51
3932 107
3933 107
3935 166
3936 160
3937 160
3938 55
3939 55
3940 55
3941 54
3942 78
3943 170
3944 93
3945 93
3947 1
3948 1
3949 76
3950 236
3951 119
3953 94
3954 31
3955 177
3957 31
3958 105
3960 157
3961 157
3964 70
3965 71
3966 104
3967 178
3968 178
3969 73
3970 49
3971 49
3972 22
3973 22
3974 22
3977 57
3978 57
3979 57
3980 57
3981 82
3982 197
3983 197
3985 197
3986 146
3987 146
3988 170
3991 116
3992 104
3993 104
3994 232
3995 204
3996 70
3997 70
3998 99
4000 104
4001 10
4003 10
4004 73
4006 186
4007 186
4008 189
4009 210
4010 210
4011 46
4012 28
4014 223
4015 55
4019 23
4020 33
4021 33
4022 33
4023 158
4025 28
4026 32
4027 205
4029 104
4032 47
4033 75
4034 75
4035 203
4036 73
4037 73
4038 59
4039 59
4040 70
4041 141
4042 141
4043 66
4044 66
4045 125
4046 125
4047 223
4050 206
4051 71
4052 103
4053 136
4056 95
4058 155
4059 231
4060 144
4061 12
4062 198
4063 233
4064 28
4065 28
4066 105
4067 105
4068 105
4071 0
4072 73
4073 73
4074 24
4075 24
4076 24
4077 20
4078 20
4079 74
4081 117
4082 117
4085 142
4086 21
4087 41
4090 248
4091 248
4095 121
4096 121
4098 161
4099 204
4100 119
4101 119
4102 55
4103 18
4104 240
4105 170
4106 191
4109 242
4110 26
4112 26
4113 68
4114 167
4116 81
4117 81
4118 7
4119 15
4120 15
4121 67
4122 67
4123 2
4124 2
4125 9
4127 43
4128 43
4129 96
4130 96
4132 70
4133 73
4134 62
4138 64
4141 39
4142 39
4143 118
4144 249
4145 232
4146 202
4147 202
4149 225
4152 167
4154 14
4155 88
4156 180
4157 186
4158 114
4159 200
4160 200
4162 182
4163 104
4165 107
4166 114
4167 64
4168 245
4170 147
4171 147
4172 61
4173 36
4174 36
4175 77
4178 220
4179 116
4180 145
4181 145
4182 106
4183 106
4184 177
4185 177
4186 31
4187 43
4189 112
4191 25
4192 96
4193 116
4194 31
4195 169
4196 20
4197 30
4198 30
4199 24
4200 36
4201 70
4202 198
4203 99
4205 80
4207 227
4208 89
4209 89
4210 63
4211 63
4212 45
4213 45
4214 175
4215 36
4217 14
4218 73
4219 91
4220 82
4221 239
4222 6
4225 211
4226 211
4227 70
4228 70
4229 99
4230 99
4231 170
4232 170
4233 8
4234 60
4235 220
4237 181
4238 181
4239 204
4241 154
4242 93
4243 113
4244 56
4245 61
4247 61
4249 16
4250 16
4252 215
4253 215
4255 82
4256 227
4258 182
4259 33
4261 33
4262 33
4263 1
4264 28
4265 244
4266 244
4267 102
4268 102
4269 196
4272 47
4273 243
4274 101
4275 101
4276 73
4277 44
4278 44
4279 82
4280 129
4281 227
4282 104
4283 71
4284 103
4285 103
4286 158
4288 145
4289 145
4290 145
4292 121
4294 12
4295 110
4296 110
4297 68
4298 207
4300 183
4301 174
4302 38
4303 38
4307 74
4308 74
4309 64
4310 117
4312 117
4313 139
4314 139
4315 71
4316 70
4318 227
4319 198
4320 198
4321 198
4322 29
4323 50
4324 50
4326 241
4327 241
4329 21
4330 21
4334 12
4336 187
4337 187
4340 48
4341 191
4342 31
4343 170
4344 81
4345 81
4346 81
4347 70
4348 70
4349 15
4350 15
4352 200
4353 67
4354 67
4355 227
4356 194
4357 43
4358 43
4359 165
4360 165
4361 5
4362 169
4363 172
4364 172
4365 172
4366 62
4367 62
4368 62
4369 200
4370 247
4371 200
4373 123
4374 64
4375 39
4376 20
4377 15
4378 158
4380 114
4381 137
4382 202
4384 40
4385 40
4386 74
4387 70
4388 82
4389 218
4390 94
4391 109
4392 109
4394 181
4395 104
4396 127
4397 127
4398 51
4399 51
4400 104
4402 224
4403 96
4404 85
4405 85
4406 85
4409 1
4410 129
4411 201
4412 196
4414 154
4415 37
4417 177
4418 177
4420 61
4421 112
4422 112
4423 100
4425 225
4426 25
4427 116
4428 31
4429 228
4430 228
4431 73
4432 36
4433 28
4434 136
4435 154
4436 190
4437 190
4438 190
4439 73
4440 215
4441 215
4442 154
4443 170
4444 114
4445 175
4447 22
4448 22
4449 22
4450 22
4452 153
4453 75
4454 75
4455 77
4456 120
4457 170
4458 170
4459 104
4460 104
4461 189
4462 232
4463 73
4464 99
4465 99
4466 120
4467 120
4468 34
4469 190
4470 4
4471 8
4472 70
4473 23
4474 52
4475 10
4476 209
4477 10
4478 32
4479 224
4480 227
4481 137
4482 206
4484 186
4485 186
4486 104
4487 104
4488 3
4489 3
4490 104
4491 26
4492 26
4493 96
4494 189
4495 191
4496 31
4498 227
4499 199
4500 199
4501 176
4502 176
4503 176
4504 164
4505 135
4506 32
4507 32
4508 74
4509 74
4510 163
4511 151
4512 243
4513 75
4514 192
4515 225
4516 198
4517 34
4518 104
4519 227
4520 137
4521 137
4522 13
4523 13
4524 206
4525 95
4526 194
4527 12
4528 12
4529 110
4530 184
4531 89
4532 89
4533 89
4534 227
4536 64
4537 64
4538 139
4539 139
4540 75
4541 154
4542 170
4544 161
4545 204
4546 246
4547 90
4548 241
4549 241
4550 55
4551 21
4552 21
4553 191
4554 191
4555 187
4558 188
4559 188
4560 188
4561 170
4562 7
4563 29
4566 202
4567 67
4568 67
4569 67
4570 2
4571 2
4572 2
4573 194
4574 194
4575 43
4576 43
4577 43
4578 162
4579 15
4580 199
4581 140
4582 40
4583 198
4584 15
4585 75
4586 62
4587 62
4588 62
4589 123
4590 123
4591 69
4592 69
4593 15
4594 138
4595 92
4596 134
4597 231
4598 101
4599 101
4600 45
4601 101
4602 210
4603 85
4604 249
4605 249
4606 37
4607 225
4608 225
4609 151
4610 40
4611 40
4612 40
4613 70
4614 82
4615 82
4616 215
4617 90
4618 77
4619 50
4620 191
4621 104
4622 180
4623 180
4624 180
4625 137
4626 166
4627 166
4628 54
4629 54
4630 54
4631 31
4632 154
4633 101
4634 45
4635 206
4636 206
4637 170
4638 137
4639 191
4640 126
4641 83
4642 189
4643 101
4644 31
4645 31
4646 190
4647 154
4648 169
4649 20
4650 118
4651 173
4652 190
4653 190
4654 190
4655 198
4656 25
4657 178
4658 178
4659 55
4660 89
4661 49
4662 49
4663 197
4664 114
4665 114
4666 227
4667 219
4668 15
4669 219
4670 154
4671 227
4672 153
4673 85
4674 75
4675 75
4676 146
4677 146
4678 165
4679 55
4680 25
4681 165
4682 74
4683 99
4684 99
4685 101
4686 5
4687 4
4688 5
4689 223
4690 224
4691 201
4692 104
4693 181
4694 181
4695 126
4696 186
4697 186
4698 186
4699 170
4700 189
4701 154
4702 154
4703 32
4704 52
4705 130
4706 102
4707 101
4708 5
4709 159
4710 159
4711 61
4712 61
4713 61
4714 61
4715 23
4716 23
4717 33
4718 33
4719 33
4720 33
4721 22
4722 158
4723 201
4724 122
4725 164
4726 164
4727 219
4728 75
4729 75
4730 104
4731 74
4732 74
4733 74
4734 158
4735 102
4736 102
4737 102
4738 196
4739 25
4740 129
4741 163
4742 154
4743 226
4744 226
4745 8
4746 56
4747 239
4748 203
4749 66
4750 203
4751 223
4752 223
4753 223
4754 136
4755 13
4756 224
4757 61
4758 55
4759 219
4760 0
4761 198
4762 196
4763 98
4764 98
4765 137
4766 8
4767 38
4768 38
4769 38
4770 132
4771 132
4772 206
4773 16
4774 227
4775 221
4776 219
4777 76
4778 64
4779 64
4780 135
4781 135
4782 135
4783 225
4784 167
4785 14
4786 215
4787 170
4788 21
4789 134
4790 154
4791 154
4792 198
4793 173
4794 161
4795 161
4796 223
4797 90
4798 37
4799 170
4800 7
4801 25
4802 179
4803 179
4804 240
4805 215
4806 14
4807 42
4808 42
4809 42
4810 42
4811 189
4812 189
4813 158
4814 101
4815 198
4816 185
4817 140
4818 54
4819 40
4820 40
4821 135
4822 190
4823 73
4824 170
4825 104
4826 104
4827 104
4828 231
4829 37
4830 153
4831 5
