0 -1
1 -1
2 0
3 -1
4 1
6 -1
7 -1
8 -1
9 -1
10 112
11 2
12 -1
13 -1
14 -1
15 3
16 -1
17 4
18 108
19 5
20 -1
21 -1
22 6
23 3
24 7
25 -1
26 -1
27 8
28 -1
30 -1
31 -1
32 124
33 69
34 -1
35 -1
36 -1
37 -1
38 9
40 10
41 -1
42 -1
43 -1
44 -1
45 -1
46 11
47 12
49 -1
50 132
51 -1
52 135
53 -1
54 13
55 -1
57 14
58 -1
60 -1
61 -1
62 -1
64 -1
65 15
66 -1
67 16
68 -1
69 -1
70 17
71 -1
72 -1
75 18
76 -1
77 -1
78 3
79 -1
80 -1
81 19
82 114
83 -1
84 20
85 -1
86 -1
87 10
88 -1
89 -1
90 -1
91 -1
92 21
93 -1
94 -1
95 22
96 -1
97 -1
98 126
99 23
101 -1
102 24
104 -1
105 25
106 -1
107 -1
108 -1
109 -1
110 26
111 -1
112 27
113 28
114 123
115 23
116 29
118 -1
119 -1
120 3
122 -1
123 -1
124 -1
125 -1
126 -1
127 30
128 -1
129 90
130 -1
131 -1
132 -1
133 -1
135 -1
136 -1
137 96
138 -1
139 31
140 95
141 -1
142 32
143 33
144 34
145 -1
146 -1
147 21
148 18
149 35
150 69
151 -1
152 133
153 -1
154 21
155 -1
156 -1
157 -1
158 36
159 -1
160 -1
161 -1
162 37
163 -1
164 -1
165 30
166 -1
167 -1
168 -1
169 -1
170 -1
171 -1
172 -1
173 -1
174 -1
175 -1
176 -1
177 -1
178 113
179 38
180 -1
181 -1
182 -1
183 39
184 -1
185 -1
186 -1
187 -1
188 14
189 -1
190 95
191 -1
192 40
193 -1
194 41
195 3
196 19
198 -1
199 14
200 -1
201 42
202 -1
203 -1
204 -1
206 43
207 12
208 -1
209 -1
210 25
211 -1
212 -1
213 -1
214 -1
215 102
216 44
218 -1
219 -1
220 -1
221 -1
222 -1
223 45
224 -1
225 11
226 -1
227 -1
228 -1
229 -1
230 -1
231 60
232 -1
233 -1
234 -1
235 20
236 -1
237 -1
239 -1
240 46
241 21
242 109
243 -1
244 120
245 -1
246 47
247 -1
248 82
249 -1
250 -1
251 -1
252 -1
253 48
254 49
256 -1
257 -1
258 -1
259 -1
260 132
262 -1
263 -1
264 -1
265 50
266 49
267 51
268 -1
269 -1
271 122
272 -1
273 52
274 12
275 25
276 53
277 -1
278 109
280 54
281 -1
282 -1
283 -1
284 -1
286 55
287 -1
288 -1
289 125
290 56
291 -1
292 -1
293 -1
294 -1
295 -1
296 -1
297 -1
299 -1
300 -1
301 -1
303 -1
304 -1
305 60
306 -1
307 -1
308 -1
309 -1
310 25
312 -1
313 -1
314 -1
315 -1
317 -1
318 -1
319 -1
320 30
321 -1
322 -1
323 17
324 20
325 57
326 47
327 58
328 -1
330 59
331 -1
332 60
333 61
334 25
335 -1
336 62
337 -1
338 31
340 129
342 -1
343 63
344 64
345 -1
346 -1
347 -1
348 65
349 -1
350 66
351 -1
352 -1
353 67
354 -1
355 52
356 -1
357 68
358 69
361 -1
362 -1
363 -1
364 -1
365 21
366 70
367 -1
368 -1
369 -1
370 -1
371 32
373 -1
375 71
377 -1
378 14
379 -1
380 -1
381 60
382 -1
383 -1
384 130
385 -1
386 -1
387 -1
389 -1
391 72
392 -1
393 -1
394 -1
395 -1
396 -1
397 -1
398 -1
400 -1
401 -1
402 -1
403 65
404 -1
405 60
406 -1
408 127
409 138
410 -1
411 22
412 -1
413 73
414 55
415 -1
416 59
417 14
418 -1
419 -1
420 -1
421 -1
422 -1
423 -1
424 -1
425 -1
426 21
427 -1
428 -1
429 -1
430 74
431 75
432 46
433 -1
434 76
435 -1
436 -1
437 -1
438 77
439 78
440 79
441 122
444 -1
445 -1
446 -1
447 80
448 -1
449 -1
450 102
451 81
452 -1
453 -1
454 -1
455 -1
456 -1
457 -1
458 -1
459 -1
460 128
461 -1
462 -1
463 82
464 -1
465 -1
466 -1
467 -1
469 -1
470 -1
471 -1
472 82
473 -1
474 -1
475 83
477 60
478 -1
479 114
480 -1
481 -1
483 84
484 -1
485 -1
486 -1
487 -1
488 111
490 -1
492 -1
493 -1
495 14
496 -1
497 -1
498 -1
499 20
500 3
501 60
502 -1
503 2
504 136
505 82
507 -1
508 15
509 85
510 -1
511 -1
512 55
513 101
514 -1
516 24
517 86
518 -1
520 -1
521 48
522 75
523 -1
524 87
525 88
527 89
528 33
529 -1
530 101
531 -1
532 11
533 -1
534 58
535 -1
536 -1
537 -1
538 -1
539 -1
540 -1
541 67
542 -1
543 90
544 -1
545 -1
547 -1
548 -1
549 -1
550 63
551 69
552 -1
554 5
555 91
556 -1
557 -1
558 22
559 34
560 62
561 -1
562 -1
563 -1
564 -1
565 -1
566 -1
567 -1
568 34
569 -1
570 -1
571 -1
572 1
573 -1
574 -1
575 -1
576 -1
577 -1
578 65
579 4
580 92
581 56
582 87
583 91
584 77
585 -1
586 21
588 5
589 -1
590 130
591 -1
592 122
593 129
594 74
596 -1
597 -1
598 -1
600 -1
601 93
602 42
604 -1
606 -1
607 72
608 119
609 61
610 -1
611 -1
612 -1
614 94
615 -1
616 70
617 78
619 -1
620 -1
621 93
622 -1
623 -1
625 62
626 -1
627 95
628 -1
629 -1
630 -1
631 65
632 132
633 -1
634 34
635 -1
636 59
637 113
638 -1
639 96
640 -1
641 97
642 82
643 -1
644 74
645 -1
647 27
648 3
649 -1
650 -1
651 -1
652 -1
653 -1
654 71
655 75
656 -1
657 -1
658 -1
659 -1
660 60
661 -1
663 -1
664 98
665 -1
666 17
668 -1
669 95
670 -1
671 -1
672 -1
673 21
674 111
675 -1
677 63
678 14
679 99
680 -1
681 -1
682 100
683 43
684 80
685 -1
686 -1
688 -1
689 -1
690 29
691 58
692 58
693 3
694 -1
695 -1
696 4
697 -1
698 95
699 -1
700 101
701 39
704 -1
705 72
706 -1
708 -1
709 -1
710 102
712 -1
713 35
714 30
715 -1
716 -1
717 -1
718 -1
719 -1
720 -1
721 -1
722 -1
723 41
724 65
725 -1
726 -1
727 71
728 61
729 26
730 74
732 -1
733 -1
734 72
735 102
736 6
738 -1
739 -1
740 -1
741 -1
742 -1
743 80
744 -1
745 95
747 -1
748 103
749 104
750 86
751 -1
752 -1
753 -1
754 -1
755 -1
756 -1
757 -1
758 -1
759 -1
760 -1
761 -1
763 31
764 -1
765 46
766 -1
767 -1
768 75
770 105
771 106
772 134
775 100
776 91
778 42
779 44
780 107
781 74
782 2
783 -1
784 21
785 108
786 -1
787 -1
788 -1
789 130
790 -1
791 -1
792 -1
793 73
794 -1
795 -1
796 80
798 -1
800 61
801 50
802 -1
803 0
804 89
805 97
806 -1
807 30
808 79
810 -1
812 -1
813 107
814 109
815 70
816 -1
817 -1
818 110
819 37
820 -1
822 -1
823 49
824 -1
827 75
828 79
829 14
831 -1
833 -1
834 -1
835 5
836 50
837 -1
838 -1
839 -1
840 -1
841 -1
842 34
843 -1
844 -1
845 111
846 -1
847 103
848 -1
849 -1
850 -1
851 106
852 123
853 -1
854 113
855 -1
856 -1
857 -1
858 24
859 -1
860 21
861 -1
862 95
863 16
864 112
865 -1
866 15
867 21
868 -1
869 -1
870 54
871 32
872 -1
873 -1
874 -1
875 -1
876 -1
877 42
878 -1
879 -1
880 82
881 21
882 6
884 7
885 -1
886 25
887 21
888 -1
889 -1
890 -1
891 48
892 3
893 101
894 77
895 -1
896 75
897 113
899 85
900 19
901 -1
902 84
903 85
904 -1
905 -1
906 -1
907 8
908 2
910 -1
911 43
913 -1
914 -1
915 -1
916 -1
917 -1
918 -1
919 138
921 82
922 61
923 114
925 115
927 -1
928 73
930 27
931 137
932 -1
933 -1
934 50
935 64
936 21
937 76
938 116
939 81
940 -1
941 -1
942 76
943 -1
944 0
945 -1
946 -1
947 21
948 -1
950 -1
951 -1
952 -1
953 -1
955 -1
956 -1
957 105
958 -1
959 -1
960 -1
961 85
962 94
963 -1
964 -1
965 -1
966 110
967 -1
968 21
969 24
970 -1
971 83
972 73
973 -1
974 117
975 -1
976 -1
977 78
978 97
980 -1
981 106
982 -1
983 -1
984 -1
986 2
987 45
988 -1
989 13
990 103
992 -1
994 88
995 -1
996 -1
997 45
998 61
999 -1
1000 14
1001 -1
1002 118
1003 -1
1004 -1
1005 -1
1007 86
1008 -1
1010 22
1011 -1
1012 -1
1013 15
1014 42
1015 -1
1016 25
1017 -1
1018 80
1019 52
1020 -1
1021 74
1022 -1
1023 -1
1024 -1
1025 -1
1026 101
1027 119
1028 107
1029 -1
1030 -1
1031 -1
1032 57
1033 10
1034 -1
1035 106
1036 77
1038 -1
1039 52
1040 73
1041 45
1042 32
1043 -1
1044 99
1045 -1
1046 54
1047 10
1048 -1
1049 -1
1050 -1
1052 -1
1053 98
1055 -1
1056 -1
1059 34
1060 -1
1061 -1
1062 -1
1063 -1
1064 -1
1065 10
1066 -1
1067 119
1068 -1
1069 92
1070 -1
1071 7
1072 36
1073 -1
1074 96
1075 115
1076 33
1077 67
1078 -1
1079 -1
1080 67
1081 -1
1082 114
1083 -1
1085 -1
1086 -1
1087 108
1088 136
1089 -1
1091 50
1093 -1
1094 -1
1095 21
1096 -1
1097 44
1098 -1
1099 -1
1100 -1
1101 -1
1102 81
1103 -1
1104 -1
1105 -1
1106 68
1107 6
1108 -1
1109 -1
1110 -1
1111 -1
1112 48
1113 -1
1114 60
1115 105
1116 -1
1117 -1
1118 -1
1119 60
1120 -1
1121 -1
1122 -1
1123 108
1124 -1
1125 99
1126 15
1128 124
1129 16
1130 -1
1131 10
1132 127
1133 -1
1134 -1
1135 -1
1137 -1
1138 70
1139 -1
1140 -1
1142 -1
1143 102
1144 9
1145 -1
1147 -1
1148 -1
1149 94
1151 22
1153 134
1154 -1
1155 30
1156 -1
1157 -1
1158 95
1159 50
1160 90
1161 119
1162 71
1164 0
1165 10
1166 -1
1168 21
1169 -1
1170 128
1171 -1
1172 85
1173 -1
1174 -1
1175 80
1177 -1
1178 33
1180 37
1181 101
1182 21
1183 -1
1184 65
1185 84
1186 -1
1187 -1
1188 -1
1189 17
1190 -1
1191 -1
1193 109
1194 -1
1195 58
1197 -1
1199 76
1200 -1
1201 -1
1203 -1
1204 -1
1205 21
1207 -1
1208 72
1209 -1
1210 -1
1212 -1
1213 10
1214 -1
1215 -1
1217 55
1218 115
1219 -1
1220 -1
1221 -1
1222 104
1223 -1
1224 -1
1225 -1
1226 -1
1227 -1
1228 77
1229 4
1230 -1
1231 -1
1232 99
1233 29
1235 -1
1236 -1
1237 40
1238 117
1239 7
1240 20
1241 93
1242 22
1243 -1
1244 48
1245 -1
1247 -1
1248 10
1250 120
1251 -1
1252 74
1253 -1
1254 115
1256 104
1257 69
1258 10
1259 -1
1261 79
1262 -1
1263 73
1264 75
1265 -1
1267 89
1268 10
1269 -1
1270 -1
1271 21
1272 -1
1273 -1
1274 -1
1275 40
1277 -1
1278 116
1279 94
1280 84
1284 -1
1285 37
1286 92
1287 -1
1289 27
1290 39
1291 37
1292 -1
1294 -1
1296 2
1297 -1
1298 -1
1299 -1
1300 -1
1302 60
1303 -1
1304 72
1305 1
1306 -1
1307 13
1308 -1
1309 117
1310 -1
1311 -1
1312 39
1313 17
1314 48
1315 36
1316 74
1317 102
1318 -1
1319 13
1320 60
1321 89
1322 3
1323 -1
1325 41
1326 -1
1328 -1
1329 -1
1330 40
1331 27
1332 59
1334 -1
1335 -1
1336 21
1338 -1
1339 -1
1340 45
1341 77
1342 82
1343 96
1344 121
1345 60
1346 37
1347 131
1348 -1
1349 -1
1351 107
1352 94
1354 -1
1355 -1
1356 -1
1357 -1
1359 -1
1360 33
1363 -1
1364 30
1365 -1
1366 -1
1367 -1
1368 -1
1369 75
1371 46
1372 -1
1373 -1
1374 40
1376 -1
1377 -1
1378 -1
1379 85
1381 -1
1382 60
1383 -1
1384 -1
1385 -1
1386 -1
1387 -1
1389 59
1390 -1
1391 -1
1392 98
1394 74
1395 10
1396 137
1399 5
1400 18
1401 -1
1402 -1
1403 42
1404 22
1405 122
1406 -1
1407 123
1408 60
1409 67
1410 -1
1413 7
1414 -1
1415 53
1416 -1
1417 86
1419 32
1420 94
1421 -1
1423 -1
1424 117
1425 -1
1426 -1
1427 81
1428 96
1429 97
1430 -1
1431 -1
1432 -1
1434 108
1436 -1
1437 -1
1438 -1
1439 10
1440 -1
1441 44
1442 -1
1443 69
1444 -1
1445 -1
1446 86
1447 123
1448 11
1449 -1
1451 -1
1453 133
1455 -1
1457 -1
1458 110
1459 107
1460 5
1461 -1
1462 15
1463 60
1464 60
1465 51
1466 93
1467 -1
1468 -1
1469 60
1470 -1
1471 124
1472 -1
1473 79
1474 -1
1475 -1
1476 -1
1477 59
1478 109
1480 -1
1482 125
1483 79
1485 -1
1486 -1
1487 44
1488 -1
1489 -1
1490 -1
1491 89
1493 35
1494 110
1495 60
1496 15
1497 53
1499 -1
1500 -1
1501 108
1502 55
1503 120
1504 -1
1505 25
1506 84
1507 -1
1508 -1
1509 -1
1510 114
1511 -1
1513 112
1515 -1
1516 -1
1517 -1
1518 -1
1519 125
1520 73
1522 -1
1524 82
1525 60
1526 91
1528 30
1529 -1
1530 -1
1531 3
1532 -1
1533 62
1534 -1
1535 -1
1536 -1
1537 41
1538 124
1540 22
1542 75
1543 108
1544 63
1545 -1
1546 -1
1547 -1
1548 -1
1551 -1
1552 -1
1553 37
1554 -1
1555 98
1558 -1
1559 -1
1560 20
1561 -1
1562 114
1563 -1
1564 118
1565 36
1566 -1
1567 57
1568 -1
1569 74
1570 -1
1571 30
1572 16
1573 6
1574 20
1576 83
1577 18
1578 -1
1579 -1
1581 14
1582 -1
1583 70
1586 -1
1587 -1
1589 91
1590 -1
1592 107
1593 21
1594 13
1596 83
1598 -1
1599 54
1600 -1
1601 -1
1602 -1
1604 -1
1605 -1
1606 -1
1609 67
1610 60
1612 -1
1613 -1
1614 53
1616 -1
1617 -1
1619 -1
1620 -1
1621 -1
1622 52
1623 84
1624 -1
1626 -1
1627 133
1628 40
1629 -1
1630 -1
1631 -1
1632 15
1633 -1
1634 -1
1635 -1
1637 11
1638 -1
1639 -1
1640 -1
1641 59
1643 32
1644 -1
1645 118
1647 42
1648 -1
1650 60
1652 -1
1653 -1
1654 32
1655 -1
1656 -1
1657 13
1658 -1
1659 -1
1660 16
1661 -1
1662 -1
1663 75
1664 17
1665 -1
1666 107
1667 -1
1668 57
1669 -1
1670 109
1671 -1
1672 8
1673 60
1674 -1
1675 71
1676 8
1678 -1
1680 46
1681 -1
1682 56
1684 -1
1685 -1
1686 65
1687 -1
1688 -1
1689 14
1690 -1
1691 30
1693 14
1694 68
1695 -1
1697 -1
1698 47
1699 45
1701 -1
1702 22
1704 -1
1706 60
1707 -1
1709 82
1711 63
1712 5
1713 132
1714 -1
1715 42
1716 35
1717 -1
1718 -1
1719 -1
1720 -1
1721 -1
1722 -1
1723 85
1724 21
1726 -1
1727 -1
1728 -1
1729 -1
1730 -1
1732 60
1733 28
1734 -1
1736 68
1737 90
1738 117
1739 103
1740 -1
1741 -1
1743 37
1744 56
1745 44
1747 94
1750 -1
1751 128
1753 -1
1754 10
1755 -1
1756 56
1758 37
1759 21
1760 24
1761 117
1762 -1
1763 102
1764 126
1765 112
1766 36
1767 -1
1768 -1
1769 101
1770 -1
1771 106
1772 41
1773 -1
1774 18
1775 -1
1776 -1
1777 3
1778 120
1779 120
1780 -1
1782 73
1783 -1
1784 -1
1785 -1
1788 -1
1789 -1
1790 75
1793 -1
1794 22
1797 -1
1798 -1
1799 106
1800 71
1802 22
1803 -1
1804 -1
1805 49
1809 25
1810 -1
1811 86
1813 -1
1814 127
1815 -1
1816 -1
1817 3
1818 20
1819 60
1820 -1
1822 68
1823 -1
1824 -1
1825 -1
1826 117
1827 14
1828 103
1829 -1
1831 2
1832 -1
1833 -1
1834 53
1835 27
1838 -1
1840 77
1842 60
1843 130
1844 3
1845 -1
1847 66
1848 -1
1849 20
1850 -1
1851 -1
1852 24
1853 -1
1854 -1
1855 51
1856 -1
1857 57
1858 -1
1862 -1
1863 98
1864 -1
1865 -1
1866 -1
1867 93
1868 41
1869 -1
1870 120
1871 100
1873 -1
1874 57
1875 -1
1876 -1
1877 -1
1878 43
1879 -1
1880 -1
1881 -1
1882 107
1884 116
1885 55
1886 81
1887 3
1888 88
1889 -1
1890 -1
1891 -1
1892 69
1893 13
1894 65
1895 21
1897 -1
1898 -1
1899 121
1900 -1
1901 3
1902 32
1904 -1
1906 -1
1907 121
1910 -1
1913 128
1914 -1
1915 -1
1917 -1
1918 51
1919 37
1921 102
1922 67
1923 -1
1924 -1
1925 -1
1926 46
1928 -1
1929 -1
1930 -1
1931 -1
1933 89
1934 38
1936 -1
1937 62
1938 15
1939 -1
1940 75
1941 -1
1942 60
1943 -1
1944 36
1946 -1
1947 73
1948 -1
1949 100
1950 -1
1951 -1
1952 -1
1953 84
1955 95
1956 -1
1957 121
1959 115
1960 4
1962 65
1963 65
1966 8
1967 125
1968 10
1969 33
1971 -1
1972 104
1973 -1
1974 -1
1975 -1
1976 -1
1977 -1
1978 -1
1979 115
1980 -1
1981 -1
1982 15
1983 -1
1984 -1
1985 1
1986 -1
1987 86
1989 3
1991 -1
1992 21
1993 -1
1994 115
1995 77
1996 118
1997 -1
1998 104
1999 -1
2000 14
2001 0
2002 -1
2003 -1
2004 -1
2005 97
2006 -1
2007 28
2008 -1
2009 1
2010 -1
2011 -1
2012 18
2014 -1
2015 66
2016 -1
2017 36
2019 91
2020 -1
2021 -1
2022 115
2024 -1
2025 -1
2027 -1
2028 -1
2029 -1
2030 -1
2031 61
2032 -1
2033 69
2035 -1
2036 102
2040 -1
2041 15
2042 -1
2045 -1
2046 -1
2047 23
2051 -1
2053 -1
2054 86
2055 63
2057 -1
2058 -1
2059 63
2060 -1
2061 22
2062 129
2065 -1
2067 -1
2068 36
2071 -1
2072 34
2073 -1
2074 -1
2075 -1
2076 3
2077 -1
2078 -1
2079 38
2081 113
2083 116
2084 -1
2085 -1
2086 -1
2087 37
2088 -1
2090 -1
2091 -1
2092 84
2093 64
2094 6
2095 43
2096 -1
2097 -1
2098 -1
2099 -1
2100 -1
2101 -1
2102 -1
2103 102
2105 88
2106 32
2107 62
2108 -1
2109 40
2110 -1
2111 -1
2113 -1
2115 -1
2116 -1
2118 -1
2119 77
2121 -1
2122 56
2123 53
2124 42
2125 23
2126 12
2127 -1
2128 -1
2129 -1
2130 89
2131 -1
2132 -1
2133 -1
2134 14
2135 95
2140 -1
2141 -1
2142 -1
2143 -1
2146 31
2147 -1
2148 57
2150 122
2152 126
2153 -1
2154 -1
2155 10
2156 111
2157 -1
2158 -1
2159 19
2161 13
2162 -1
2163 65
2164 -1
2165 43
2166 -1
2167 96
2168 -1
2169 50
2170 16
2171 5
2173 63
2174 105
2178 -1
2179 -1
2182 62
2183 -1
2184 -1
2185 -1
2186 115
2187 47
2188 44
2189 -1
2190 -1
2191 -1
2192 -1
2193 -1
2194 -1
2195 8
2197 -1
2200 -1
2202 -1
2204 -1
2205 -1
2206 130
2207 109
2210 86
2211 -1
2213 14
2214 60
2217 46
2218 36
2220 -1
2221 9
2223 31
2224 104
2226 104
2227 -1
2228 138
2229 9
2231 -1
2232 95
2233 61
2234 -1
2235 -1
2236 -1
2237 -1
2239 66
2240 30
2241 -1
2244 81
2245 -1
2246 135
2248 -1
2249 38
2251 60
2252 -1
2253 78
2255 55
2256 20
2257 -1
2258 -1
2259 67
2260 22
2261 -1
2262 -1
2263 0
2265 -1
2266 -1
2267 -1
2268 30
2269 71
2270 112
2271 3
2272 -1
2273 -1
2274 131
2275 -1
2276 36
2277 21
2278 85
2280 10
2281 -1
2282 30
2284 -1
2285 9
2286 121
2287 9
2288 -1
2290 -1
2291 133
2292 62
2294 -1
2298 14
2299 -1
2300 -1
2302 11
2303 -1
2304 107
2305 -1
2306 -1
2307 36
2308 98
2309 -1
2310 -1
2311 -1
2312 -1
2314 40
2315 -1
2316 -1
2317 91
2318 -1
2320 21
2323 -1
2324 -1
2325 -1
2327 -1
2329 53
2331 -1
2332 -1
2334 14
2335 -1
2336 -1
2337 77
2338 -1
2339 -1
2340 98
2341 96
2342 -1
2343 -1
2344 29
2345 21
2346 10
2350 114
2351 114
2353 -1
2354 -1
2355 13
2356 -1
2357 39
2359 -1
2360 3
2361 -1
2362 34
2363 30
2364 14
2365 -1
2367 -1
2368 96
2369 52
2370 -1
2371 82
2372 -1
2373 26
2374 -1
2376 -1
2379 -1
2381 106
2383 -1
2385 89
2386 -1
2387 -1
2389 -1
2390 -1
2391 73
2393 -1
2395 -1
2397 -1
2398 64
2399 -1
2400 -1
2401 107
2402 14
2403 -1
2404 -1
2405 65
2406 65
2407 21
2408 112
2409 14
2410 -1
2411 45
2413 20
2414 -1
2415 -1
2418 -1
2419 -1
2420 14
2421 129
2422 -1
2424 39
2425 -1
2427 -1
2428 -1
2429 70
2430 -1
2431 77
2432 36
2433 117
2434 -1
2438 25
2440 -1
2441 -1
2442 -1
2443 50
2445 96
2446 -1
2448 -1
2449 123
2450 -1
2451 115
2452 45
2455 22
2457 -1
2459 116
2460 -1
2461 37
2462 -1
2463 132
2464 -1
2467 -1
2468 138
2471 -1
2472 -1
2473 -1
2474 -1
2476 1
2478 102
2480 -1
2482 75
2483 14
2484 -1
2485 63
2486 -1
2488 24
2489 -1
2490 22
2491 -1
2492 55
2493 -1
2494 27
2495 -1
2496 -1
2498 -1
2499 49
2501 91
2502 -1
2503 65
2504 -1
2505 -1
2506 -1
2507 52
2508 67
2510 -1
2511 -1
2512 -1
2513 73
2514 3
2516 60
2517 102
2518 134
2519 114
2520 -1
2521 104
2522 -1
2524 -1
2525 -1
2528 111
2529 76
2531 10
2533 103
2534 84
2536 -1
2537 -1
2538 -1
2539 -1
2540 99
2541 21
2542 -1
2543 -1
2545 31
2547 -1
2548 103
2549 -1
2550 3
2551 126
2552 44
2553 -1
2557 -1
2558 -1
2560 20
2561 -1
2563 -1
2565 -1
2567 -1
2569 61
2570 -1
2572 -1
2574 -1
2576 -1
2579 -1
2580 -1
2583 -1
2584 -1
2585 -1
2586 -1
2587 134
2588 -1
2589 -1
2590 -1
2591 21
2592 -1
2595 126
2596 14
2597 10
2598 -1
2599 123
2601 -1
2602 19
2604 19
2605 80
2606 -1
2607 89
2608 -1
2609 -1
2610 72
2612 -1
2614 84
2615 -1
2617 -1
2618 29
2619 57
2620 76
2621 -1
2623 -1
2624 -1
2625 -1
2626 -1
2627 -1
2628 -1
2632 -1
2633 44
2634 -1
2635 128
2636 100
2637 138
2638 -1
2639 -1
2640 -1
2642 77
2643 79
2644 34
2646 99
2648 56
2650 -1
2652 88
2653 8
2654 -1
2657 105
2660 29
2662 52
2664 50
2666 -1
2667 -1
2668 -1
2670 -1
2671 13
2672 92
2673 -1
2674 13
2676 65
2678 -1
2679 -1
2680 54
2681 -1
2682 7
2683 131
2685 -1
2686 65
2687 -1
2688 -1
2689 27
2690 -1
2691 -1
2692 108
2693 62
2694 -1
2695 -1
2697 -1
2698 -1
2701 -1
2702 -1
2704 15
2705 82
2707 -1
2709 125
2710 71
2711 -1
2715 61
2716 -1
2717 125
2718 51
2719 137
2720 -1
2721 53
2722 0
2723 -1
2724 -1
2725 -1
2726 14
2728 -1
2729 108
2731 -1
2732 25
2733 -1
2737 -1
2738 66
2739 68
2741 -1
2743 -1
2744 -1
2745 3
2747 -1
2748 -1
2749 -1
2750 20
2751 -1
2752 13
2753 -1
2755 106
2756 60
2758 78
2759 107
2760 -1
2762 40
2763 -1
2764 78
2765 115
2768 -1
2772 -1
2773 -1
2775 81
2776 35
2777 -1
2778 -1
2779 -1
2780 65
2783 -1
2785 60
2786 128
2787 -1
2788 1
2789 21
2791 -1
2792 -1
2794 21
2795 28
2796 -1
2798 -1
2799 97
2801 -1
2802 -1
2803 -1
2804 22
2806 -1
2807 -1
2809 -1
2811 135
2812 -1
2813 27
2815 35
2816 113
2817 26
2818 -1
2820 -1
2821 1
2822 -1
2823 -1
2825 118
2826 -1
2830 21
2831 -1
2832 42
2833 -1
2834 14
2835 -1
2838 131
2839 5
2840 -1
2843 -1
2844 -1
2845 125
2846 76
2848 -1
2849 76
2850 87
2851 138
2854 128
2856 -1
2857 -1
2858 -1
2859 -1
2862 88
2863 43
2866 28
2867 -1
2868 21
2869 -1
2870 25
2871 -1
2872 -1
2873 -1
2874 51
2875 -1
2878 21
2879 7
2880 126
2882 47
2883 -1
2884 -1
2886 129
2887 -1
2888 81
2889 -1
2890 -1
2892 -1
2894 -1
2895 -1
2896 37
2898 38
2899 93
2900 -1
2902 115
2904 83
2906 -1
2908 10
2909 129
2912 64
2914 10
2916 24
2917 -1
2918 104
2920 -1
2921 -1
2923 -1
2925 -1
2927 -1
2928 -1
2930 60
2931 -1
2932 127
2933 -1
2934 -1
2936 57
2937 -1
2939 -1
2940 22
2941 98
2942 -1
2943 43
2944 8
2945 -1
2946 -1
2947 23
2948 58
2950 -1
2951 32
2952 -1
2954 -1
2955 -1
2956 -1
2957 57
2959 -1
2960 -1
2961 -1
2962 -1
2963 -1
2964 -1
2965 121
2968 57
2970 25
2971 -1
2972 131
2973 -1
2974 -1
2975 63
2976 -1
2979 -1
2980 6
2986 60
2987 119
2988 -1
2989 81
2990 -1
2991 73
2993 71
2995 132
2996 36
2997 -1
2999 -1
3000 -1
3001 -1
3002 -1
3003 23
3004 -1
3005 121
3006 24
3008 133
3009 -1
3010 -1
3011 -1
3012 -1
3013 105
3014 105
3015 26
3016 21
3017 21
3021 -1
3022 -1
3023 -1
3024 -1
3025 -1
3027 52
3028 -1
3029 -1
3030 -1
3031 123
3032 123
3033 -1
3036 -1
3038 47
3039 -1
3041 99
3042 99
3043 66
3044 66
3045 -1
3046 39
3049 68
3050 -1
3051 -1
3052 -1
3053 131
3055 25
3056 -1
3057 -1
3058 110
3061 -1
3062 -1
3063 51
3064 51
3065 -1
3066 112
3068 -1
3069 -1
3070 -1
3071 -1
3072 -1
3076 -1
3077 14
3078 14
3079 20
3081 84
3082 -1
3085 56
3086 56
3087 -1
3091 24
3092 24
3094 -1
3095 20
3096 107
3097 107
3098 107
3099 64
3100 64
3101 -1
3102 74
3103 74
3104 74
3105 -1
3106 -1
3107 -1
3112 10
3113 -1
3114 67
3115 67
3116 67
3117 -1
3118 -1
3119 124
3120 -1
3121 93
3122 -1
3123 -1
3124 -1
3125 -1
3127 -1
3128 -1
3129 -1
3130 -1
3131 -1
3132 -1
3133 134
3134 134
3135 -1
3136 -1
3137 -1
3139 -1
3140 130
3141 130
3144 -1
3145 90
3146 -1
3147 -1
3149 42
3152 -1
3153 -1
3155 -1
3156 -1
3157 -1
3158 -1
3160 -1
3161 85
3162 85
3163 85
3165 104
3166 -1
3168 -1
3169 -1
3170 -1
3171 -1
3172 -1
3173 -1
3174 129
3175 129
3176 78
3177 78
3179 -1
3180 -1
3181 -1
3183 -1
3184 -1
3185 -1
3186 79
3187 -1
3190 13
3191 13
3192 13
3193 -1
3194 19
3195 19
3196 40
3197 -1
3198 40
3199 91
3200 91
3202 -1
3203 -1
3205 0
3206 -1
3207 1
3210 72
3211 3
3212 3
3214 95
3215 -1
3216 -1
3218 -1
3219 -1
3220 -1
3224 21
3225 21
3226 -1
3227 17
3228 -1
3229 113
3230 -1
3231 -1
3232 -1
3233 80
3235 60
3236 60
3237 70
3238 70
3239 -1
3240 -1
3241 10
3242 10
3243 -1
3245 -1
3247 127
3248 -1
3249 114
3250 23
3251 60
3252 -1
3253 121
3254 121
3255 133
3257 45
3258 45
3259 18
3260 18
3261 120
3262 120
3263 108
3265 26
3266 -1
3269 21
3272 37
3275 52
3277 -1
3278 123
3279 -1
3281 -1
3282 44
3284 44
3287 -1
3288 -1
3289 -1
3290 -1
3291 -1
3292 66
3293 66
3294 126
3295 126
3296 -1
3298 39
3299 -1
3301 119
3302 -1
3304 -1
3305 131
3306 131
3307 -1
3308 -1
3309 -1
3310 28
3313 110
3315 -1
3316 -1
3318 -1
3319 -1
3320 112
3321 22
3323 -1
3324 -1
3325 59
3327 -1
3328 9
3329 9
3330 98
3332 3
3333 3
3334 -1
3335 -1
3336 38
3337 38
3338 -1
3339 114
3340 114
3341 -1
3345 -1
3346 -1
3348 124
3349 124
3351 118
3352 48
3353 48
3354 -1
3355 -1
3357 -1
3358 -1
3360 130
3361 -1
3362 -1
3363 90
3364 -1
3365 -1
3367 -1
3368 42
3369 42
3370 42
3371 -1
3372 -1
3374 -1
3375 92
3376 -1
3377 -1
3378 -1
3379 -1
3380 16
3381 16
3384 -1
3385 -1
3387 78
3388 78
3389 83
3390 83
3391 -1
3392 -1
3393 7
3394 7
3396 -1
3397 -1
3398 -1
3399 115
3403 -1
3404 -1
3405 60
3407 33
3408 33
3409 69
3410 69
3413 -1
3415 3
3416 -1
3417 -1
3419 -1
3420 -1
3423 -1
3424 -1
3425 -1
3426 -1
3427 10
3428 -1
3429 -1
3430 -1
3432 -1
3433 41
3434 41
3435 27
3436 27
3439 128
3441 30
3442 22
3443 22
3445 21
3446 21
3447 17
3448 -1
3449 17
3451 -1
3452 -1
3453 136
3454 58
3455 58
3456 -1
3457 60
3459 70
3460 -1
3461 97
3462 97
3463 102
3465 -1
3466 135
3467 -1
3468 60
3469 60
3471 -1
3472 -1
3473 137
3474 -1
3475 18
3476 -1
3477 -1
3478 -1
3479 29
3480 29
3481 -1
3482 21
3484 57
3487 -1
3488 11
3489 -1
3490 -1
3493 37
3494 37
3496 23
3497 -1
3498 -1
3499 103
3501 -1
3502 132
3503 132
3504 -1
3506 -1
3507 -1
3508 -1
3509 -1
3510 -1
3511 4
3512 -1
3513 -1
3514 -1
3515 -1
3516 126
3517 126
3518 69
3520 68
3521 -1
3522 -1
3523 -1
3526 -1
3528 -1
3529 -1
3530 -1
3531 53
3532 111
3533 -1
3534 12
3535 60
3536 -1
3537 -1
3538 -1
3540 -1
3541 -1
3542 21
3543 60
3544 59
3546 -1
3548 20
3549 -1
3550 -1
3551 38
3552 38
3553 24
3554 -1
3555 24
3556 -1
3557 -1
3558 114
3559 114
3560 95
3562 75
3563 75
3564 67
3567 -1
3568 124
3569 -1
3571 -1
3572 93
3573 93
3574 -1
3575 -1
3576 -1
3577 -1
3579 -1
3580 -1
3581 -1
3582 -1
3583 -1
3584 15
3585 15
3589 -1
3590 100
3591 100
3592 -1
3594 -1
3596 -1
3597 -1
3598 -1
3600 -1
3601 -1
3603 88
3604 -1
3606 89
3607 -1
3608 -1
3609 -1
3610 85
3611 85
3612 104
3613 104
3614 104
3615 -1
3616 -1
3618 71
3619 -1
3620 -1
3621 -1
3623 49
3624 54
3625 54
3627 -1
3628 -1
3631 -1
3632 -1
3633 -1
3635 -1
3636 69
3637 -1
3638 43
3639 43
3640 -1
3641 -1
3643 -1
3645 -1
3647 -1
3648 -1
3649 -1
3651 -1
3652 -1
3653 -1
3655 -1
3656 -1
3658 -1
3659 41
3660 -1
3661 -1
3662 22
3663 86
3665 17
3666 -1
3667 -1
3668 136
3669 113
3670 -1
3671 -1
3672 -1
3673 -1
3674 96
3676 50
3677 -1
3678 -1
3680 137
3681 -1
3682 -1
3683 -1
3684 105
3685 -1
3686 2
3687 2
3688 122
3689 122
3690 11
3691 11
3692 37
3693 37
3694 37
3695 37
3696 -1
3697 -1
3698 -1
3699 -1
3701 23
3702 103
3703 103
3704 -1
3705 47
3706 47
3707 -1
3708 66
3710 126
3712 39
3713 39
3714 -1
3715 -1
3716 68
3717 -1
3718 131
3719 131
3720 -1
3721 -1
3722 -1
3723 -1
3725 12
3726 -1
3727 60
3728 -1
3729 -1
3731 22
3732 -1
3733 -1
3734 -1
3735 -1
3737 -1
3738 -1
3739 -1
3740 -1
3741 84
3742 84
3743 10
3744 116
3745 -1
3746 -1
3747 -1
3748 -1
3750 -1
3751 64
3752 64
3753 -1
3754 -1
3755 -1
3756 -1
3758 -1
3759 -1
3761 118
3762 -1
3763 -1
3765 -1
3766 -1
3768 87
3769 87
3770 -1
3771 -1
3772 6
3773 6
3774 -1
3775 -1
3777 -1
3778 -1
3779 -1
3780 -1
3781 -1
3784 88
3785 88
3789 -1
3791 16
3792 -1
3793 -1
3795 -1
3796 -1
3797 14
3799 -1
3800 -1
3801 -1
3803 49
3804 49
3807 -1
3808 -1
3809 -1
3810 -1
3811 -1
3812 -1
3815 -1
3816 -1
3817 -1
3818 19
3819 19
3820 -1
3821 -1
3822 60
3823 60
3824 91
3825 91
3827 1
3828 1
3829 -1
3830 -1
3831 -1
3832 -1
3834 -1
3835 95
3837 -1
3838 -1
3839 -1
3841 -1
3842 -1
3843 106
3844 -1
3845 -1
3846 10
3847 10
3848 -1
3849 -1
3850 -1
3851 31
3852 -1
3853 36
3854 36
3855 36
3856 110
3857 -1
3858 -1
3860 -1
3861 -1
3862 -1
3863 136
3864 -1
3865 -1
3866 -1
3868 -1
3869 60
3870 -1
3871 97
3872 97
3873 -1
3875 10
3876 135
3877 -1
3879 127
3880 127
3881 -1
3882 60
3884 137
3885 137
3886 133
3887 133
3888 45
3889 45
3890 -1
3891 -1
3892 120
3895 125
3896 105
3897 105
3898 108
3899 26
3900 26
3901 -1
3902 -1
3903 2
3904 2
3907 73
3908 122
3909 -1
3910 -1
3911 -1
3912 20
3913 25
3914 25
3915 -1
3916 -1
3917 -1
3918 102
3919 102
3920 -1
3921 -1
3922 -1
3923 -1
3924 -1
3925 76
3926 76
3927 44
3928 44
3929 44
3930 4
3931 4
3932 -1
3933 -1
3934 -1
3935 -1
3936 -1
3937 -1
3938 126
3939 -1
3940 126
3941 -1
3942 39
3943 95
3944 119
3945 119
3947 -1
3948 -1
3949 -1
3950 -1
3951 -1
3953 -1
3954 -1
3955 12
3957 -1
3958 -1
3960 -1
3961 -1
3964 -1
3965 -1
3966 -1
3967 116
3968 116
3969 -1
3970 3
3971 3
3972 -1
3973 -1
3974 -1
3977 107
3978 -1
3979 -1
3980 107
3981 -1
3982 74
3983 74
3985 74
3986 -1
3987 -1
3988 95
3991 -1
3992 10
3993 10
3994 -1
3995 -1
3996 -1
3997 -1
3998 -1
4000 82
4001 -1
4003 81
4004 -1
4006 -1
4007 -1
4008 -1
4009 8
4010 8
4011 -1
4012 -1
4013 -1
4014 -1
4015 -1
4018 -1
4019 -1
4020 42
4021 42
4022 42
4023 -1
4025 -1
4026 92
4027 -1
4029 -1
4032 16
4033 32
4034 32
4035 -1
4036 71
4037 71
4038 94
4039 -1
4040 -1
4041 129
4042 129
4043 78
4044 78
4045 83
4046 83
4047 77
4048 77
4049 -1
4050 -1
4051 -1
4052 49
4053 49
4056 54
4058 -1
4059 -1
4060 -1
4061 -1
4062 -1
4063 -1
4064 -1
4065 -1
4066 -1
4067 13
4068 13
4071 -1
4072 40
4073 -1
4074 60
4075 60
4076 60
4077 -1
4078 -1
4079 0
4081 -1
4082 1
4084 -1
4085 -1
4086 -1
4087 -1
4089 95
4090 -1
4091 -1
4094 -1
4095 -1
4096 -1
4098 -1
4099 -1
4100 -1
4101 -1
4102 -1
4103 -1
4104 -1
4105 -1
4106 35
4108 -1
4109 31
4110 22
4112 22
4113 -1
4114 -1
4116 5
4117 5
4118 -1
4119 136
4120 136
4121 58
4122 58
4123 70
4124 70
4125 -1
4127 -1
4128 -1
4129 96
4130 -1
4132 -1
4133 114
4134 121
4135 -1
4138 108
4139 26
4140 26
4141 21
4142 -1
4143 -1
4144 -1
4145 20
4146 25
4147 25
4148 -1
4149 -1
4152 -1
4154 -1
4155 -1
4156 -1
4157 76
4158 -1
4159 44
4160 44
4162 -1
4163 114
4165 -1
4166 -1
4167 -1
4168 -1
4170 -1
4171 -1
4172 -1
4173 46
4174 46
4175 -1
4177 28
4178 28
4179 -1
4180 111
4181 111
4182 -1
4183 -1
4184 12
4185 12
4186 -1
4187 -1
4189 51
4191 -1
4192 -1
4193 -1
4194 -1
4195 -1
4196 -1
4197 -1
4198 -1
4199 60
4200 -1
4201 -1
4202 -1
4203 -1
4204 -1
4205 9
4207 -1
4208 -1
4209 -1
4210 56
4211 56
4212 -1
4213 -1
4214 -1
4215 -1
4217 -1
4218 -1
4219 -1
4220 -1
4221 64
4222 64
4223 -1
4224 -1
4225 60
4226 60
4227 -1
4228 -1
4229 -1
4230 -1
4231 118
4232 118
4233 -1
4234 134
4235 134
4237 -1
4238 -1
4239 -1
4240 -1
4241 -1
4242 14
4243 -1
4244 -1
4245 -1
4247 -1
4248 -1
4249 14
4250 100
4251 90
4252 90
4253 90
4255 -1
4256 82
4257 82
4258 -1
4259 42
4260 42
4261 42
4262 42
4263 -1
4264 -1
4265 -1
4266 -1
4267 89
4268 89
4269 -1
4270 16
4272 16
4273 -1
4274 -1
4275 -1
4276 10
4277 14
4278 14
4279 -1
4280 -1
4281 -1
4282 -1
4283 -1
4284 49
4285 49
4286 -1
4288 7
4289 7
4290 7
4292 -1
4294 -1
4295 -1
4296 -1
4297 -1
4298 79
4300 -1
4301 -1
4302 91
4303 91
4304 91
4305 -1
4306 -1
4307 0
4308 0
4309 -1
4310 -1
4312 -1
4313 72
4314 72
4315 -1
4316 95
4317 95
4318 -1
4319 -1
4320 -1
4321 -1
4322 25
4323 -1
4324 -1
4325 -1
4326 -1
4327 -1
4328 -1
4329 -1
4330 -1
4334 -1
4336 -1
4337 27
4338 -1
4339 -1
4340 -1
4341 -1
4342 -1
4343 95
4344 5
4345 5
4346 5
4347 62
4348 62
4349 136
4350 -1
4351 -1
4352 -1
4353 58
4354 58
4355 -1
4356 135
4357 -1
4358 -1
4359 -1
4360 127
4361 -1
4362 -1
4363 -1
4364 137
4365 137
4366 -1
4367 -1
4368 -1
4369 -1
4370 -1
4371 -1
4372 -1
4373 -1
4374 -1
4375 -1
4376 2
4377 2
4378 2
4379 -1
4380 -1
4381 -1
4382 25
4383 25
4384 52
4385 -1
4386 -1
4387 23
4388 -1
4389 -1
4390 -1
4391 138
4392 138
4393 -1
4394 20
4395 114
4396 47
4397 -1
4398 -1
4399 -1
4400 -1
4401 -1
4402 -1
4403 -1
4404 -1
4405 -1
4406 -1
4407 -1
4408 -1
4409 -1
4410 -1
4411 -1
4412 -1
4413 -1
4414 10
4415 110
4416 110
4417 12
4418 12
4419 -1
4420 -1
4421 51
4422 51
4423 -1
4424 -1
4425 -1
4426 -1
4427 -1
4428 -1
4429 21
4430 -1
4431 -1
4432 -1
4433 -1
4434 -1
4435 -1
4436 14
4437 14
4438 14
4439 -1
4440 9
4441 9
4442 -1
4443 -1
4444 -1
4445 -1
4446 -1
4447 -1
4448 -1
4449 24
4450 -1
4451 -1
4452 -1
4453 114
4454 114
4455 -1
4456 -1
4457 95
4458 95
4459 10
4460 -1
4461 -1
4462 -1
4463 -1
4464 -1
4465 -1
4466 -1
4467 -1
4468 15
4469 -1
4470 -1
4471 -1
4472 23
4473 -1
4474 -1
4475 -1
4476 -1
4477 -1
4478 -1
4479 -1
4480 -1
4481 -1
4482 -1
4483 -1
4484 -1
4485 -1
4486 87
4487 87
4488 -1
4489 -1
4490 -1
4491 117
4492 117
4493 -1
4494 -1
4495 -1
4496 -1
4497 82
4498 82
4499 -1
4500 -1
4501 85
4502 85
4503 85
4504 -1
4505 -1
4506 92
4507 92
4508 -1
4509 -1
4510 -1
4511 -1
4512 -1
4513 10
4514 -1
4515 -1
4516 -1
4517 -1
4518 -1
4519 -1
4520 -1
4521 -1
4522 101
4523 101
4524 -1
4525 -1
4526 -1
4527 -1
4528 -1
4529 -1
4530 -1
4531 -1
4532 -1
4533 -1
4534 -1
4535 -1
4536 -1
4537 -1
4538 72
4539 72
4540 -1
4541 -1
4542 95
4543 95
4544 -1
4545 -1
4546 -1
4547 -1
4548 -1
4549 -1
4550 -1
4551 -1
4552 -1
4553 35
4554 35
4555 -1
4556 -1
4557 27
4558 21
4559 21
4560 21
4561 95
4562 -1
4563 25
4564 25
4565 25
4566 25
4567 58
4568 58
4569 58
4570 -1
4571 -1
4572 -1
4573 135
4574 135
4575 -1
4576 -1
4577 -1
