0 -1
1 -1
2 0
3 -1
4 77
6 -1
7 -1
8 -1
9 -1
10 -1
11 1
12 -1
13 -1
14 -1
15 2
16 -1
17 -1
18 -1
19 -1
20 -1
21 -1
22 2
23 2
24 90
25 -1
26 -1
27 3
28 -1
30 -1
31 -1
32 4
33 -1
34 -1
35 5
36 6
37 -1
38 -1
39 -1
40 7
41 58
42 -1
43 6
44 -1
45 -1
46 8
47 -1
49 9
50 9
51 10
52 -1
53 -1
54 11
55 -1
57 2
58 9
60 -1
61 -1
62 61
63 9
64 -1
65 2
66 -1
67 -1
68 -1
69 -1
70 2
71 -1
72 -1
73 12
75 13
76 -1
77 -1
78 23
79 -1
80 -1
81 14
82 -1
83 -1
84 -1
85 -1
86 -1
87 74
88 64
89 -1
90 -1
91 -1
92 15
93 16
94 -1
95 2
96 -1
97 -1
98 17
99 9
100 -1
101 -1
102 18
104 -1
105 -1
106 19
107 -1
108 -1
109 2
110 7
111 -1
112 -1
113 -1
114 20
115 -1
116 21
118 22
119 -1
120 23
121 -1
122 6
123 -1
124 -1
125 9
126 -1
127 -1
128 -1
129 24
130 -1
131 -1
132 -1
133 -1
135 -1
136 25
137 26
138 -1
139 -1
140 9
141 -1
142 -1
143 27
144 18
145 -1
146 40
147 15
148 13
149 -1
150 -1
151 -1
152 28
153 7
154 5
155 -1
156 -1
157 -1
158 29
159 -1
160 -1
161 -1
162 30
163 -1
164 -1
165 31
166 -1
167 -1
168 -1
169 -1
170 -1
171 8
172 2
173 -1
174 -1
175 32
176 -1
177 -1
178 33
179 95
180 -1
181 22
182 -1
183 34
184 -1
185 35
186 -1
187 -1
188 -1
189 -1
190 -1
191 -1
192 36
193 -1
194 37
195 35
196 14
198 -1
199 -1
200 38
201 39
202 -1
203 -1
204 -1
206 -1
207 -1
208 -1
209 -1
210 40
211 -1
212 -1
213 94
214 41
215 9
216 83
218 42
219 7
220 -1
221 -1
222 -1
223 9
224 -1
225 8
226 -1
227 7
228 -1
229 -1
230 18
231 -1
232 -1
233 -1
234 -1
235 -1
236 -1
237 2
239 -1
240 -1
241 5
242 43
243 -1
244 8
245 -1
246 -1
247 -1
248 -1
249 -1
250 -1
251 -1
252 -1
253 -1
254 44
255 -1
256 64
257 -1
258 -1
259 -1
260 9
261 -1
262 -1
263 45
264 -1
265 5
266 44
267 -1
268 45
269 -1
271 -1
272 -1
273 46
274 -1
275 40
276 47
277 -1
278 43
280 -1
281 -1
282 -1
283 61
284 -1
285 -1
286 -1
287 -1
288 86
289 -1
290 48
291 18
292 -1
293 49
294 -1
295 -1
296 -1
297 2
299 -1
300 -1
301 50
303 86
304 -1
305 -1
306 -1
307 -1
308 -1
309 6
310 40
312 -1
313 -1
314 -1
315 -1
317 -1
318 -1
319 -1
320 31
321 -1
322 6
323 2
324 -1
325 2
326 -1
327 51
328 -1
330 -1
331 -1
332 -1
333 52
334 40
335 -1
336 44
337 9
338 -1
340 2
342 53
343 -1
344 6
345 -1
346 7
347 -1
348 54
349 -1
350 55
351 -1
352 -1
353 2
354 -1
355 46
356 -1
357 -1
358 16
361 56
362 57
363 -1
364 58
365 58
366 -1
367 -1
368 -1
369 -1
370 59
371 87
373 -1
375 60
377 -1
378 -1
379 94
380 9
381 -1
382 7
383 -1
384 2
385 48
386 7
387 -1
389 7
391 2
392 2
393 -1
394 -1
395 8
396 61
397 -1
398 -1
400 -1
401 -1
402 -1
403 54
404 -1
405 2
406 62
408 9
409 -1
410 63
411 5
412 8
413 64
414 -1
415 -1
416 -1
417 -1
418 -1
419 -1
420 -1
421 -1
422 -1
423 -1
424 -1
425 -1
426 -1
427 63
428 -1
429 2
430 -1
431 65
432 -1
433 7
434 66
435 -1
436 -1
437 -1
438 -1
439 -1
440 -1
441 -1
444 -1
445 67
446 -1
447 68
448 9
449 -1
450 9
451 69
452 -1
453 -1
454 70
455 -1
456 -1
457 7
458 -1
459 -1
460 -1
461 -1
462 -1
463 -1
464 45
465 -1
466 -1
467 9
469 -1
470 -1
471 -1
472 84
473 -1
474 -1
475 89
476 58
477 49
478 -1
479 -1
480 44
481 -1
482 -1
483 71
484 -1
485 7
486 -1
487 23
488 -1
490 -1
492 -1
493 -1
494 44
495 -1
496 -1
497 -1
498 -1
499 -1
500 35
501 2
502 -1
503 1
504 9
505 84
507 26
508 -1
509 50
510 -1
511 -1
512 -1
513 72
514 9
516 18
517 73
518 8
520 64
521 -1
522 65
523 53
524 74
525 -1
527 75
528 27
529 35
530 72
531 -1
532 8
533 -1
534 51
535 -1
536 -1
537 -1
538 -1
539 9
540 -1
541 2
542 -1
543 24
544 -1
545 -1
547 -1
548 -1
549 -1
550 -1
551 -1
552 -1
554 -1
555 76
556 -1
557 7
558 5
559 18
560 44
561 -1
562 -1
563 -1
564 -1
565 -1
566 -1
567 -1
568 18
569 -1
570 -1
571 -1
572 77
573 -1
574 -1
575 -1
576 -1
577 53
578 -1
579 -1
580 -1
581 48
582 74
583 76
584 -1
585 18
586 2
588 -1
589 -1
590 2
591 -1
592 -1
593 2
594 -1
596 2
597 -1
598 -1
600 -1
601 9
602 39
604 23
606 -1
607 2
608 -1
609 52
610 64
611 -1
612 -1
614 70
615 -1
616 -1
617 -1
619 -1
620 67
621 9
622 18
623 22
625 44
626 -1
627 -1
628 -1
629 -1
630 42
631 54
632 9
633 -1
634 18
635 -1
636 -1
637 33
638 -1
639 26
640 -1
641 78
642 84
643 -1
644 -1
645 -1
647 -1
648 23
649 -1
650 -1
651 -1
652 -1
653 -1
654 60
655 65
656 35
657 -1
658 -1
659 -1
660 49
661 2
662 -1
663 5
664 91
665 -1
666 2
667 -1
668 -1
669 -1
670 35
671 24
672 38
673 58
674 -1
675 23
676 -1
677 -1
678 2
679 79
680 -1
681 -1
682 -1
683 -1
684 68
685 -1
686 9
688 -1
689 -1
690 21
691 51
692 51
693 35
694 -1
695 -1
696 -1
697 7
698 -1
699 -1
700 72
701 34
704 -1
705 2
706 44
708 -1
709 -1
710 80
712 45
713 7
714 31
715 -1
716 -1
717 -1
718 -1
719 -1
720 -1
721 -1
722 -1
723 37
724 54
725 -1
726 -1
727 60
728 52
729 7
730 -1
732 -1
733 -1
734 2
735 9
736 2
738 -1
739 56
740 48
741 -1
742 -1
743 68
744 -1
745 67
746 -1
747 5
748 -1
749 81
750 73
751 -1
752 7
753 7
754 -1
755 -1
756 -1
757 -1
758 41
759 10
760 -1
761 -1
763 -1
764 -1
765 -1
766 7
767 -1
768 65
770 93
771 82
772 -1
774 86
775 -1
776 76
778 39
779 83
780 84
781 -1
782 1
783 57
784 5
785 85
786 -1
787 -1
788 -1
789 2
790 -1
791 23
792 -1
793 64
794 -1
795 -1
796 68
798 -1
799 -1
800 52
801 43
802 -1
803 0
804 75
805 78
806 -1
807 -1
808 -1
810 -1
812 -1
813 84
814 43
815 -1
816 63
817 -1
818 -1
819 30
820 -1
821 -1
822 -1
823 44
824 2
827 65
828 -1
829 -1
831 -1
832 -1
833 -1
834 -1
835 -1
836 5
837 -1
838 -1
839 -1
840 -1
841 86
842 18
843 -1
844 59
845 -1
846 63
847 -1
848 6
849 -1
850 -1
851 82
852 20
853 -1
854 33
855 -1
856 9
857 -1
858 18
859 67
860 5
861 -1
862 -1
863 -1
864 -1
865 -1
866 2
867 5
868 62
869 59
870 -1
871 87
872 12
873 22
874 -1
875 -1
876 -1
877 39
878 -1
879 9
880 84
881 5
882 2
883 -1
884 90
885 84
886 40
887 58
888 9
889 6
890 -1
891 -1
892 35
893 72
894 -1
895 -1
896 65
897 33
899 50
900 14
901 -1
902 71
903 50
904 53
905 -1
906 4
907 3
908 1
910 -1
911 -1
913 -1
914 -1
915 -1
916 -1
917 -1
918 7
919 -1
921 -1
922 52
923 -1
925 88
927 -1
928 64
930 -1
931 -1
932 5
933 -1
934 5
935 6
936 5
937 66
938 -1
939 69
940 -1
941 42
942 66
943 19
944 0
945 -1
946 -1
947 15
948 59
950 67
951 12
952 -1
953 -1
955 -1
956 35
957 93
958 -1
959 -1
960 -1
961 50
962 70
963 -1
964 -1
965 -1
966 -1
967 -1
968 15
969 18
970 -1
971 89
972 64
973 9
974 5
975 -1
976 -1
977 -1
978 78
980 -1
981 82
982 -1
983 25
984 -1
986 1
987 9
988 -1
989 11
990 -1
992 12
993 28
994 -1
995 -1
996 -1
997 9
998 52
999 -1
1000 2
1001 70
1002 -1
1003 -1
1004 -1
1005 78
1007 73
1008 10
1010 2
1011 -1
1012 -1
1013 2
1014 39
1015 8
1016 -1
1017 -1
1018 68
1019 46
1020 -1
1021 -1
1022 -1
1023 25
1024 -1
1025 62
1026 72
1027 -1
1028 84
1029 -1
1030 -1
1031 7
1032 2
1033 8
1034 -1
1035 82
1036 -1
1038 41
1039 46
1040 64
1041 9
1042 87
1043 2
1044 79
1045 -1
1046 -1
1047 -1
1048 -1
1049 -1
1050 -1
1052 2
1053 -1
1055 9
1056 -1
1059 18
1060 -1
1061 -1
1062 -1
1063 -1
1064 2
1065 -1
1066 -1
1067 -1
1068 -1
1069 -1
1070 -1
1071 90
1072 29
1073 -1
1074 26
1075 88
1076 27
1077 2
1078 -1
1079 -1
1080 2
1081 9
1082 -1
1083 -1
1084 -1
1085 -1
1086 -1
1087 85
1088 9
1089 -1
1091 5
1093 -1
1094 -1
1095 2
1096 9
1097 -1
1098 10
1099 6
1100 9
1101 -1
1102 69
1103 32
1104 2
1105 7
1106 -1
1107 2
1108 -1
1109 -1
1110 -1
1111 -1
1112 -1
1113 32
1114 2
1115 93
1116 10
1117 -1
1118 -1
1119 -1
1120 8
1121 -1
1122 -1
1123 85
1124 2
1125 79
1126 2
1128 4
1129 -1
1130 -1
1131 8
1132 9
1133 -1
1134 -1
1135 -1
1137 68
1138 -1
1139 57
1140 -1
1142 -1
1143 80
1144 -1
1145 23
1147 -1
1148 9
1149 70
1151 5
1153 -1
1154 9
1155 -1
1156 -1
1157 -1
1158 9
1159 5
1160 24
1161 -1
1162 60
1164 0
1165 -1
1166 -1
1168 -1
1169 -1
1170 -1
1171 -1
1172 50
1173 -1
1174 -1
1175 68
1177 -1
1178 27
1180 30
1181 72
1182 5
1183 -1
1184 54
1185 71
1186 -1
1187 -1
1188 -1
1189 2
1190 41
1191 -1
1193 43
1194 6
1195 51
1197 -1
1198 -1
1199 66
1200 -1
1201 -1
1202 -1
1203 -1
1204 23
1205 58
1206 -1
1207 -1
1208 2
1209 -1
1210 -1
1212 2
1213 8
1214 58
1215 42
1217 -1
1218 88
1219 -1
1220 -1
1221 -1
1222 81
1223 -1
1224 -1
1225 -1
1226 7
1227 9
1228 -1
1229 -1
1230 -1
1231 67
1232 79
1233 21
1235 -1
1236 -1
1237 36
1238 5
1239 90
1240 67
1241 9
1242 5
1243 -1
1244 -1
1245 -1
1247 -1
1248 61
1250 -1
1251 -1
1252 -1
1253 -1
1254 88
1255 -1
1256 81
1257 16
1258 8
1259 -1
1261 -1
1262 -1
1263 64
1264 65
1265 -1
1267 75
1268 -1
1269 -1
1270 -1
1271 5
1272 87
1273 -1
1274 2
1275 36
1277 -1
1278 -1
1279 70
1280 71
1284 59
1285 30
1286 -1
1287 2
1289 -1
1290 34
1291 30
1292 9
1294 7
1295 -1
1296 1
1297 -1
1298 -1
1299 50
1300 -1
1301 9
1302 -1
1303 -1
1304 2
1305 77
1306 87
1307 11
1308 -1
1309 5
1310 58
1311 38
1312 34
1313 2
1314 -1
1315 29
1316 -1
1317 9
1318 -1
1319 11
1320 -1
1321 75
1322 23
1323 -1
1325 37
1326 -1
1328 4
1329 -1
1330 36
1331 -1
1332 -1
1333 -1
1334 -1
1335 2
1336 5
1338 -1
1339 -1
1340 9
1341 -1
1342 84
1343 26
1344 2
1345 -1
1346 30
1347 -1
1348 -1
1349 6
1351 84
1352 70
1354 2
1355 -1
1356 -1
1357 -1
1359 7
1360 27
1363 -1
1364 -1
1365 -1
1366 -1
1367 -1
1368 -1
1369 65
1370 -1
1371 -1
1372 -1
1373 -1
1374 36
1376 -1
1377 -1
1378 -1
1379 50
1381 -1
1382 2
1383 50
1384 -1
1385 9
1386 -1
1387 7
1389 -1
1390 -1
1391 -1
1392 91
1394 -1
1395 7
1396 -1
1398 -1
1399 -1
1400 13
1401 -1
1402 7
1403 39
1404 2
1405 -1
1406 -1
1407 20
1408 -1
1409 2
1410 87
1413 -1
1414 -1
1415 47
1416 50
1417 73
1419 -1
1420 70
1421 32
1422 -1
1423 -1
1424 5
1425 -1
1426 7
1427 69
1428 -1
1429 78
1430 -1
1431 -1
1432 -1
1434 85
1436 -1
1437 -1
1438 -1
1439 -1
1440 38
1441 83
1442 -1
1443 16
1444 -1
1445 -1
1446 73
1447 20
1448 8
1449 -1
1451 -1
1453 28
1455 2
1456 -1
1457 -1
1458 -1
1459 84
1460 -1
1461 -1
1462 2
1463 -1
1464 -1
1465 -1
1466 9
1467 -1
1468 -1
1469 -1
1470 19
1471 4
1472 -1
1473 -1
1474 -1
1475 -1
1476 -1
1477 -1
1478 43
1479 9
1480 9
1482 -1
1483 -1
1485 32
1486 -1
1487 83
1488 56
1489 9
1490 45
1491 75
1493 -1
1494 -1
1495 2
1496 -1
1497 47
1499 48
1500 -1
1501 85
1502 -1
1503 8
1504 -1
1505 -1
1506 71
1507 -1
1508 -1
1509 44
1510 -1
1511 2
1513 -1
1514 2
1515 7
1516 2
1517 -1
1518 25
1519 -1
1520 64
1522 -1
1524 84
1525 -1
1526 76
1528 -1
1529 -1
1530 -1
1531 2
1532 64
1533 44
1534 6
1535 9
1536 -1
1537 37
1538 4
1540 5
1542 65
1543 85
1544 -1
1545 9
1546 -1
1547 -1
1548 -1
1550 -1
1551 35
1552 8
1553 30
1554 -1
1555 91
1558 -1
1559 2
1560 -1
1561 57
1562 -1
1563 63
1564 -1
1565 29
1566 -1
1567 2
1568 63
1569 -1
1570 56
1571 31
1572 -1
1573 2
1574 -1
1576 89
1577 13
1578 2
1579 -1
1580 -1
1581 2
1582 -1
1583 -1
1584 -1
1585 -1
1586 -1
1587 -1
1589 76
1590 -1
1592 84
1593 5
1594 11
1596 89
1597 9
1598 -1
1599 -1
1600 -1
1601 7
1602 -1
1604 -1
1605 9
1606 -1
1608 57
1609 2
1610 2
1612 -1
1613 87
1614 47
1616 -1
1617 -1
1618 -1
1619 -1
1620 28
1621 -1
1622 46
1623 71
1624 -1
1625 -1
1626 -1
1627 28
1628 36
1629 7
1630 5
1631 -1
1632 2
1633 -1
1634 7
1635 -1
1637 -1
1638 -1
1639 -1
1640 -1
1641 -1
1642 -1
1643 87
1644 -1
1645 -1
1647 39
1648 -1
1650 2
1651 19
1652 22
1653 10
1654 87
1655 53
1656 -1
1657 11
1658 16
1659 9
1660 -1
1661 38
1662 -1
1663 65
1664 2
1665 -1
1666 84
1667 -1
1668 2
1669 -1
1670 43
1671 -1
1672 3
1673 2
1674 -1
1675 60
1676 3
1677 22
1678 -1
1679 9
1680 -1
1681 -1
1682 48
1684 -1
1685 -1
1686 54
1687 -1
1688 -1
1689 2
1690 -1
1691 -1
1692 89
1693 -1
1694 -1
1695 -1
1697 -1
1698 -1
1699 9
1700 -1
1701 -1
1702 5
1704 -1
1706 2
1707 -1
1709 -1
1711 -1
1712 -1
1713 -1
1714 -1
1715 39
1716 -1
1717 -1
1718 -1
1719 -1
1720 -1
1721 70
1722 -1
1723 50
1724 5
1726 7
1727 -1
1728 62
1729 -1
1730 18
1732 -1
1733 -1
1734 -1
1735 -1
1736 -1
1737 -1
1738 5
1739 -1
1740 -1
1741 -1
1743 30
1744 -1
1745 83
1747 70
1748 18
1750 -1
1751 -1
1753 -1
1754 7
1755 52
1756 48
1757 9
1758 30
1759 58
1760 18
1761 5
1762 -1
1763 80
1764 17
1765 -1
1766 29
1767 -1
1768 -1
1769 72
1770 9
1771 82
1772 37
1773 -1
1774 13
1775 -1
1776 -1
1777 23
1778 8
1779 -1
1780 -1
1782 64
1783 -1
1784 -1
1785 -1
1788 32
1789 -1
1790 65
1792 87
1793 -1
1794 5
1796 2
1797 -1
1798 23
1799 82
1800 60
1802 5
1803 -1
1804 -1
1805 44
1809 -1
1810 10
1811 73
1813 -1
1814 9
1815 -1
1816 -1
1817 35
1818 9
1819 2
1820 -1
1822 -1
1823 -1
1824 2
1825 -1
1826 5
1827 -1
1828 -1
1829 -1
1831 1
1832 9
1833 7
1834 47
1835 -1
1837 -1
1838 32
1840 -1
1842 -1
1843 2
1844 2
1845 -1
1847 55
1848 19
1849 67
1850 2
1851 -1
1852 18
1853 44
1854 -1
1855 -1
1856 9
1857 2
1858 -1
1862 -1
1863 91
1864 -1
1865 -1
1866 -1
1867 9
1868 37
1869 -1
1870 8
1871 6
1873 -1
1874 2
1875 -1
1876 9
1877 -1
1878 -1
1879 9
1880 -1
1881 -1
1882 84
1884 -1
1885 -1
1886 69
1887 -1
1888 -1
1889 8
1890 59
1891 -1
1892 9
1893 11
1894 54
1895 2
1897 -1
1898 -1
1899 2
1900 35
1901 2
1902 87
1904 -1
1906 24
1907 2
1910 -1
1912 -1
1913 -1
1914 -1
1915 -1
1916 9
1917 -1
1918 -1
1919 30
1921 80
1922 2
1923 58
1924 -1
1925 -1
1926 -1
1928 7
1929 -1
1930 -1
1931 24
1933 22
1934 95
1936 -1
1937 44
1938 -1
1939 -1
1940 65
1941 -1
1942 49
1943 -1
1944 29
1946 -1
1947 -1
1948 -1
1949 -1
1950 -1
1951 48
1952 -1
1953 71
1955 -1
1956 44
1957 2
1959 88
1960 -1
1962 -1
1963 -1
1965 7
1966 3
1967 -1
1968 8
1969 27
1971 -1
1972 81
1973 -1
1974 -1
1975 -1
1976 -1
1977 -1
1978 -1
1979 88
1980 -1
1981 7
1982 2
1983 49
1984 18
1985 77
1986 -1
1987 73
1989 35
1991 -1
1992 5
1993 -1
1994 88
1995 -1
1996 -1
1997 -1
1998 81
1999 9
2000 -1
2001 0
2002 9
2003 49
2004 84
2005 78
2006 -1
2007 -1
2008 94
2009 77
2010 -1
2011 -1
2012 13
2014 2
2015 55
2016 -1
2017 29
2019 76
2020 44
2021 -1
2022 88
2024 -1
2025 -1
2026 -1
2027 18
2028 -1
2029 -1
2030 25
2031 52
2032 -1
2033 39
2035 -1
2036 80
2038 87
2040 -1
2041 -1
2042 49
2044 -1
2045 49
2046 -1
2047 -1
2051 12
2053 -1
2054 73
2055 -1
2056 -1
2057 -1
2058 -1
2059 -1
2060 -1
2061 5
2062 2
2065 -1
2066 -1
2067 -1
2068 29
2071 -1
2072 18
2073 -1
2074 -1
2075 -1
2076 2
2077 -1
2078 -1
2079 95
2080 7
2081 33
2083 -1
2084 -1
2085 40
2086 2
2087 30
2088 2
2090 -1
2091 -1
2092 71
2093 6
2094 2
2095 -1
2096 -1
2097 -1
2098 38
2099 -1
2100 9
2101 -1
2102 -1
2103 80
2105 -1
2106 87
2107 44
2108 -1
2109 36
2110 8
2111 -1
2113 12
2115 -1
2116 -1
2118 19
2119 -1
2121 -1
2122 48
2123 47
2124 39
2125 -1
2126 -1
2127 -1
2128 7
2129 -1
2130 75
2131 2
2132 -1
2133 70
2134 -1
2135 9
2136 -1
2139 -1
2140 -1
2141 -1
2142 10
2143 -1
2145 -1
2146 -1
2147 -1
2148 2
2149 49
2150 -1
2152 17
2153 -1
2154 -1
2155 7
2156 -1
2157 9
2158 -1
2159 14
2161 11
2162 -1
2163 54
2164 -1
2165 -1
2166 -1
2167 26
2168 -1
2169 5
2170 -1
2171 -1
2172 9
2173 -1
2174 93
2178 -1
2179 7
2182 44
2183 86
2184 -1
2185 -1
2186 88
2187 -1
2188 83
2189 38
2190 41
2191 -1
2192 -1
2193 -1
2194 25
2195 3
2197 -1
2198 7
2200 -1
2202 -1
2204 -1
2205 19
2206 2
2207 43
2210 73
2211 -1
2213 -1
2214 2
2217 -1
2218 29
2220 -1
2221 -1
2223 -1
2224 81
2226 81
2227 -1
2228 -1
2229 -1
2231 -1
2232 9
2233 52
2234 8
2235 -1
2236 7
2237 -1
2239 55
2240 31
2241 -1
2244 69
2245 -1
2246 9
2248 -1
2249 95
2250 9
2251 -1
2252 -1
2253 -1
2255 -1
2256 -1
2257 -1
2258 44
2259 2
2260 2
2261 67
2262 -1
2263 0
2265 -1
2266 45
2267 -1
2268 31
2269 60
2270 -1
2271 2
2272 2
2273 -1
2274 92
2275 -1
2276 29
2277 58
2278 50
2279 44
2280 -1
2281 -1
2282 31
2283 -1
2284 -1
2285 -1
2286 2
2287 -1
2288 94
2290 59
2291 28
2292 44
2293 -1
2294 -1
2298 -1
2299 2
2300 7
2302 22
2303 -1
2304 84
2305 9
2306 -1
2307 29
2308 91
2309 -1
2310 -1
2311 -1
2312 -1
2314 36
2315 -1
2316 -1
2317 76
2318 -1
2319 9
2320 15
2321 -1
2323 -1
2324 -1
2325 -1
2327 -1
2329 47
2331 -1
2332 -1
2334 -1
2335 -1
2336 2
2337 -1
2338 2
2339 87
2340 91
2341 26
2342 -1
2343 -1
2344 21
2345 5
2346 74
2349 87
2350 7
2351 -1
2353 -1
2354 -1
2355 11
2356 -1
2357 34
2358 -1
2359 -1
2360 35
2361 -1
2362 18
2363 31
2364 -1
2365 -1
2367 -1
2368 -1
2369 46
2370 63
2371 -1
2372 -1
2373 7
2374 -1
2376 -1
2377 -1
2379 -1
2381 82
2383 -1
2385 75
2386 -1
2387 -1
2388 -1
2389 -1
2390 -1
2391 64
2393 -1
2395 84
2397 -1
2398 6
2399 63
2400 25
2401 84
2402 -1
2403 -1
2404 -1
2405 -1
2406 -1
2407 5
2408 -1
2409 -1
2410 -1
2411 9
2413 -1
2414 -1
2415 -1
2418 53
2419 -1
2420 -1
2421 2
2422 -1
2424 34
2425 -1
2427 62
2428 18
2429 -1
2430 7
2431 -1
2432 29
2433 5
2434 7
2435 9
2438 -1
2440 -1
2441 -1
2442 59
2443 5
2445 26
2446 25
2448 -1
2449 20
2450 -1
2451 88
2452 9
2455 2
2457 -1
2459 -1
2460 7
2461 30
2462 -1
2463 -1
2464 -1
2467 -1
2468 -1
2471 -1
2472 -1
2473 62
2474 -1
2476 77
2478 80
2479 -1
2480 -1
2482 65
2483 2
2484 -1
2485 -1
2486 10
2488 18
2489 8
2490 5
2491 -1
2492 -1
2493 44
2494 -1
2495 -1
2496 62
2498 49
2499 44
2501 76
2502 -1
2503 -1
2504 -1
2505 -1
2506 -1
2507 46
2508 2
2510 -1
2511 -1
2512 -1
2513 64
2514 35
2516 2
2517 80
2518 -1
2519 -1
2520 9
2521 81
2522 -1
2524 9
2525 -1
2528 -1
2529 66
2531 7
2533 -1
2534 -1
2535 -1
2536 -1
2537 61
2538 -1
2539 -1
2540 79
2541 2
2542 -1
2543 -1
2545 -1
2547 -1
2548 -1
2549 2
2550 23
2551 17
2552 83
2553 -1
2557 27
2558 7
2560 -1
2561 32
2563 -1
2564 9
2565 -1
2567 -1
2569 52
2570 2
2572 -1
2574 -1
2576 63
2579 -1
2580 87
2583 -1
2584 -1
2585 -1
2586 24
2587 -1
2588 4
2589 -1
2590 -1
2591 5
2592 -1
2595 17
2596 -1
2597 7
2598 25
2599 20
2601 -1
2602 14
2604 14
2605 68
2606 -1
2607 75
2608 7
2609 -1
2610 2
2611 -1
2612 16
2614 71
2615 -1
2617 -1
2618 21
2619 2
2620 66
2621 -1
2623 5
2624 -1
2625 22
2626 -1
2627 9
2628 -1
2631 -1
2632 -1
2633 83
2634 -1
2635 -1
2636 -1
2637 -1
2638 -1
2639 25
2640 -1
2642 -1
2643 -1
2644 18
2646 79
2648 48
2650 18
2652 -1
2653 3
2654 8
2657 93
2660 21
2661 -1
2662 46
2664 5
2665 2
2666 -1
2667 56
2668 -1
2670 -1
2671 11
2672 -1
2673 -1
2674 11
2676 54
2677 68
2678 70
2679 -1
2680 -1
2681 -1
2682 90
2683 92
2685 -1
2686 54
2687 -1
2688 -1
2689 -1
2690 -1
2691 -1
2692 85
2693 44
2694 -1
2695 -1
2697 -1
2698 -1
2701 67
2702 -1
2703 -1
2704 -1
2705 84
2707 62
2709 -1
2710 60
2711 -1
2715 52
2716 44
2717 -1
2718 -1
2719 -1
2720 -1
2721 47
2722 0
2723 -1
2724 2
2725 41
2726 2
2727 -1
2728 56
2729 85
2731 -1
2732 -1
2733 -1
2737 -1
2738 55
2739 -1
2741 -1
2742 1
2743 -1
2744 2
2745 23
2747 -1
2748 2
2749 2
2750 -1
2751 -1
2752 11
2753 -1
2755 82
2756 -1
2758 -1
2759 84
2760 -1
2761 78
2762 36
2763 -1
2764 -1
2765 88
2768 7
2769 -1
2772 -1
2773 -1
2775 69
2776 -1
2777 -1
2778 7
2779 -1
2780 -1
2781 -1
2783 -1
2785 49
2786 -1
2787 63
2788 77
2789 5
2791 9
2792 -1
2794 2
2795 -1
2796 -1
2798 2
2799 78
2801 -1
2802 6
2803 -1
2804 2
2806 -1
2807 7
2809 -1
2811 9
2812 -1
2813 -1
2815 -1
2816 33
2817 7
2818 -1
2820 2
2821 77
2822 -1
2823 84
2825 -1
2826 -1
2830 5
2831 8
2832 39
2833 -1
2834 -1
2835 -1
2838 92
2839 -1
2840 -1
2843 67
2844 -1
2845 -1
2846 66
2847 9
2848 -1
2849 66
2850 74
2851 -1
2852 -1
2854 -1
2855 7
2856 -1
2857 -1
2858 -1
2859 -1
2861 62
2862 -1
2863 -1
2866 -1
2867 -1
2868 15
2869 -1
2870 40
2871 -1
2872 42
2873 -1
2874 -1
2875 -1
2876 -1
2878 2
2879 90
2880 17
2881 9
2882 -1
2883 -1
2884 -1
2885 38
2886 2
2887 -1
2888 69
2889 -1
2890 -1
2892 -1
2894 25
2895 -1
2896 30
2898 95
2899 9
2900 -1
2902 -1
2904 89
2905 2
2906 63
2908 7
2909 2
2911 -1
2912 6
2913 -1
2914 7
2916 18
2917 -1
2918 81
2920 2
2921 -1
2922 8
2923 -1
2925 57
2927 2
2928 -1
2930 2
2931 -1
2932 9
2933 -1
2934 -1
2936 2
2937 -1
2938 22
2939 -1
2940 2
2941 91
2942 -1
2943 -1
2944 3
2945 -1
2946 -1
2947 9
2948 51
2949 -1
2950 -1
2951 87
2952 -1
2954 -1
2955 -1
2956 4
2957 2
2959 72
2960 -1
2961 -1
2962 -1
2963 -1
2964 9
2965 2
2968 2
2970 40
2971 -1
2972 92
2973 61
2974 64
2975 -1
2976 -1
2979 -1
2980 2
2986 2
2987 -1
2988 -1
2989 69
2990 -1
2991 64
2993 60
2995 9
2996 29
2997 -1
2999 59
3000 12
3001 12
3002 -1
3003 -1
3004 -1
3005 2
3006 2
3007 28
3008 28
3009 18
3010 18
3011 -1
3012 -1
3013 93
3014 93
3015 7
3016 58
3017 58
3018 22
3021 -1
3022 57
3023 57
3024 -1
3025 58
3027 46
3028 -1
3029 -1
3030 -1
3031 20
3032 20
3033 -1
3035 -1
3036 -1
3038 -1
3039 -1
3041 79
3042 79
3043 55
3044 55
3045 8
3046 34
3048 9
3049 -1
3050 -1
3051 -1
3052 -1
3053 92
3055 40
3056 -1
3057 42
3058 -1
3061 -1
3062 -1
3063 -1
3064 -1
3065 -1
3066 -1
3067 -1
3068 -1
3069 -1
3070 -1
3071 -1
3072 -1
3076 63
3077 2
3078 2
3079 16
3081 71
3082 -1
3084 -1
3085 -1
3086 48
3087 19
3088 19
3091 18
3092 18
3094 -1
3095 -1
3096 84
3097 84
3098 84
3099 6
3100 6
3101 -1
3102 -1
3103 -1
3104 -1
3105 44
3106 44
3107 6
3111 24
3112 -1
3113 -1
3114 2
3115 2
3116 2
3117 4
3118 -1
3119 4
3120 -1
3121 9
3122 9
3123 53
3124 53
3125 -1
3127 7
3128 7
3129 -1
3130 -1
3131 10
3132 10
3133 -1
3134 -1
3135 16
3136 -1
3137 74
3139 2
3140 2
3141 2
3144 -1
3145 24
3146 -1
3147 -1
3148 39
3149 39
3152 -1
3153 2
3154 -1
3155 41
3156 41
3157 -1
3158 -1
3160 -1
3161 50
3162 50
3163 50
3164 -1
3165 81
3166 -1
3168 2
3169 32
3170 32
3171 32
3172 -1
3173 -1
3174 2
3175 2
3176 -1
3177 -1
3179 64
3180 -1
3181 -1
3183 -1
3184 -1
3185 -1
3186 -1
3187 -1
3190 11
3191 11
3192 11
3193 -1
3194 14
3195 14
3196 36
3197 -1
3198 -1
3199 76
3200 76
3202 -1
3203 -1
3205 0
3206 -1
3207 77
3210 2
3211 2
3212 2
3214 -1
3215 -1
3216 -1
3218 -1
3219 9
3220 48
3221 7
3222 -1
3224 15
3225 15
3226 -1
3227 2
3228 2
3229 33
3230 33
3231 -1
3232 -1
3233 68
3234 68
3235 2
3236 2
3237 -1
3238 -1
3239 -1
3240 -1
3241 7
3242 7
3243 -1
3245 2
3246 9
3247 9
3248 -1
3249 -1
3250 -1
3251 49
3252 -1
3253 2
3254 2
3255 28
3256 28
3257 9
3258 9
3259 13
3260 13
3261 8
3262 8
3263 -1
3265 7
3266 -1
3269 5
3270 5
3272 30
3275 -1
3277 20
3278 20
3279 -1
3281 -1
3282 -1
3284 83
3286 -1
3287 7
3288 7
3289 -1
3290 -1
3291 94
3292 55
3293 55
3294 17
3295 17
3296 -1
3298 34
3299 -1
3301 -1
3302 -1
3303 9
3304 9
3305 92
3306 92
3307 -1
3308 42
3309 42
3310 -1
3312 47
3313 -1
3314 9
3315 9
3316 -1
3318 -1
3319 -1
3320 -1
3321 5
3323 -1
3324 -1
3325 -1
3327 -1
3328 -1
3329 -1
3330 91
3331 -1
3332 35
3333 35
3334 -1
3335 -1
3336 95
3337 95
3338 -1
3339 -1
3340 -1
3341 -1
3345 6
3346 -1
3348 4
3349 4
3351 -1
3352 -1
3353 -1
3354 -1
3355 16
3356 -1
3357 -1
3358 2
3360 2
3361 -1
3362 -1
3363 24
3364 -1
3365 22
3366 -1
3367 -1
3368 39
3369 39
3370 39
3371 24
3372 -1
3374 -1
3375 -1
3376 -1
3377 -1
3378 -1
3379 -1
3380 -1
3381 -1
3382 87
3383 -1
3384 -1
3385 -1
3387 -1
3388 -1
3389 89
3390 89
3391 -1
3392 -1
3393 90
3394 90
3396 56
3397 -1
3398 -1
3399 88
3403 -1
3404 -1
3405 -1
3406 -1
3407 27
3408 27
3409 16
3410 16
3411 0
3412 -1
3413 -1
3414 -1
3415 2
3416 -1
3417 -1
3419 -1
3420 8
3423 -1
3424 -1
3425 -1
3426 48
3427 8
3428 5
3429 -1
3430 -1
3431 63
3432 63
3433 37
3434 37
3435 -1
3436 -1
3437 -1
3439 -1
3441 31
3442 -1
3443 2
3445 -1
3446 5
3447 2
3448 2
3449 2
3451 -1
3452 -1
3453 9
3454 51
3455 51
3456 -1
3457 2
3459 -1
3460 -1
3461 78
3462 78
3463 9
3464 9
3465 -1
3466 -1
3467 -1
3468 49
3469 49
3471 -1
3472 -1
3473 -1
3474 13
3475 13
3476 18
3477 18
3478 -1
3479 21
3480 21
3481 -1
3482 58
3484 2
3485 -1
3486 -1
3487 22
3488 8
3489 -1
3490 -1
3491 30
3492 30
3493 30
3494 30
3496 9
3497 -1
3498 -1
3499 -1
3501 89
3502 9
3503 9
3504 -1
3505 38
3506 38
3507 -1
3508 -1
3509 -1
3510 -1
3511 -1
3512 -1
3513 -1
3514 94
3515 94
3516 17
3517 17
3518 9
3520 -1
3521 -1
3522 52
3523 52
3524 52
3526 -1
3528 -1
3529 -1
3530 47
3531 47
3532 -1
3533 -1
3534 -1
3535 -1
3536 -1
3537 -1
3538 -1
3539 6
3540 -1
3541 -1
3542 -1
3543 -1
3544 -1
3546 -1
3548 16
3549 -1
3550 -1
3551 95
3552 -1
3553 18
3554 -1
3555 18
3556 -1
3557 -1
3558 -1
3559 -1
3560 9
3562 65
3563 65
3564 2
3565 2
3566 2
3567 -1
3568 4
3569 4
3570 -1
3571 -1
3572 9
3573 9
3574 -1
3575 -1
3576 -1
3577 -1
3579 -1
3580 6
3581 -1
3582 -1
3583 -1
3584 -1
3585 -1
3586 -1
3587 -1
3588 -1
3589 2
3590 -1
3591 -1
3592 -1
3593 2
3594 2
3596 7
3597 -1
3598 -1
3600 2
3601 2
3603 -1
3604 -1
3605 75
3606 75
3607 -1
3608 -1
3609 50
3610 50
3611 50
3612 -1
3613 -1
3614 -1
3615 -1
3616 -1
3618 60
3619 7
3620 -1
3621 -1
3622 -1
3623 44
3624 -1
3625 -1
3627 63
3628 -1
3630 56
3631 -1
3632 -1
3633 -1
3635 27
3636 9
3637 -1
3638 -1
3639 -1
3640 -1
3641 -1
3642 -1
3643 8
3644 -1
3645 -1
3647 86
3648 -1
3649 9
3650 48
3651 48
3652 -1
3653 -1
3654 5
3655 5
3656 63
3657 63
3658 45
3659 37
3660 37
3661 -1
3662 2
3663 73
3664 73
3665 2
3666 2
3667 2
3668 9
3669 33
3670 33
3671 94
3672 -1
3673 22
3674 26
3676 5
3677 5
3678 -1
3679 -1
3680 -1
3681 -1
3682 -1
3683 93
3684 93
3685 9
3686 1
3687 1
3688 -1
3689 -1
3690 -1
3691 8
3692 30
3693 30
3694 30
3695 30
3696 58
3697 58
3698 -1
3699 -1
3700 -1
3701 9
3702 -1
3703 -1
3704 -1
3705 -1
3706 -1
3707 9
3708 55
3709 55
3710 17
3711 17
3712 34
3713 34
3714 8
3715 -1
3716 -1
3717 -1
3718 92
3719 92
3720 -1
3721 -1
3722 -1
3723 -1
3724 -1
3725 -1
3726 -1
3727 -1
3728 -1
3729 -1
3730 -1
3731 5
3732 -1
3733 -1
3734 -1
3735 -1
3736 -1
3737 -1
3738 -1
3739 -1
3740 -1
3741 -1
3742 -1
3743 -1
3744 -1
3745 -1
3746 -1
3747 -1
3748 -1
3749 -1
3750 -1
3751 6
3752 6
3753 -1
3754 -1
3755 -1
3756 53
3757 -1
3758 49
3759 49
3760 11
3761 -1
3762 -1
3763 -1
3764 69
3765 69
3766 -1
3767 -1
3768 74
3769 74
3770 -1
3771 -1
3772 2
3773 2
3774 -1
3775 -1
3776 -1
3777 -1
3778 -1
3779 -1
3780 -1
3781 -1
3782 -1
3783 -1
3784 -1
3785 -1
3786 -1
3787 41
3788 41
3789 -1
3790 -1
3791 -1
3792 -1
3793 -1
3794 -1
3795 -1
3796 -1
3797 -1
3798 -1
3799 -1
3800 -1
3801 2
3802 -1
3803 44
3804 44
3805 -1
3806 -1
3807 -1
3808 -1
3809 -1
3810 -1
3811 -1
3812 -1
3813 -1
3814 -1
3815 -1
3816 -1
3817 45
3818 14
3819 14
3820 -1
3821 -1
3822 -1
3823 -1
3824 -1
3825 -1
3826 61
3827 -1
3828 -1
3829 -1
3830 -1
3831 -1
3832 8
3833 8
3834 8
3835 -1
3836 -1
3837 -1
3838 -1
3839 86
3840 86
3841 -1
3842 -1
3843 -1
3844 -1
3845 -1
3846 8
3847 8
3848 7
3849 7
3850 45
3851 -1
3852 9
3853 29
3854 29
3855 29
3856 -1
3857 -1
3858 -1
3859 -1
3860 -1
3861 -1
3862 -1
3863 9
3864 -1
3865 -1
3866 -1
3867 -1
3868 2
3869 2
3870 -1
3871 78
3872 78
3873 -1
3874 7
3875 7
3876 9
3877 -1
3878 -1
