0 -1
1 -1
2 0
3 -1
4 1
6 -1
7 -1
8 -1
9 -1
10 -1
11 2
12 -1
13 -1
14 -1
15 3
16 -1
17 91
18 -1
19 4
20 -1
21 -1
22 5
23 3
24 6
25 -1
26 -1
27 -1
28 -1
30 -1
31 -1
32 7
33 -1
34 -1
35 -1
36 -1
37 -1
38 115
40 8
41 -1
42 -1
43 -1
44 -1
45 84
46 46
47 -1
49 -1
50 9
51 10
52 -1
53 -1
54 11
55 -1
57 12
58 -1
60 13
61 10
62 -1
64 -1
65 -1
66 -1
67 14
68 -1
69 -1
70 10
71 -1
72 15
75 16
76 -1
77 -1
78 -1
79 -1
80 -1
81 120
82 -1
83 -1
84 -1
85 -1
86 -1
87 -1
88 -1
89 101
90 -1
91 17
92 18
93 -1
94 -1
95 19
96 -1
97 -1
98 20
99 -1
101 -1
102 21
104 -1
105 -1
106 -1
107 -1
108 -1
109 -1
110 22
111 -1
112 23
113 -1
114 -1
115 -1
116 24
118 -1
119 -1
120 -1
121 -1
122 -1
123 -1
124 -1
125 -1
126 -1
127 -1
128 -1
129 25
130 -1
131 -1
132 -1
133 -1
135 -1
136 110
137 26
138 -1
139 -1
140 125
141 -1
142 27
143 -1
144 28
145 -1
146 -1
147 18
148 -1
149 29
150 93
151 -1
152 122
153 -1
154 30
155 -1
156 -1
157 -1
158 31
159 -1
160 -1
161 -1
162 32
163 -1
164 -1
165 33
166 -1
167 -1
168 -1
169 -1
170 -1
171 -1
172 -1
173 -1
174 -1
175 34
176 -1
177 -1
178 35
179 18
180 121
181 -1
182 -1
183 36
184 -1
185 -1
186 -1
187 -1
188 -1
189 -1
190 -1
191 -1
192 37
193 -1
194 38
195 39
196 120
198 -1
199 12
200 -1
201 40
202 -1
203 -1
204 -1
206 41
207 -1
208 -1
209 -1
210 59
211 -1
212 -1
213 42
214 43
215 -1
216 44
218 -1
219 -1
220 -1
221 -1
222 -1
223 45
224 -1
225 46
226 -1
227 -1
228 -1
229 -1
230 47
231 -1
232 -1
233 -1
234 48
235 -1
236 -1
237 -1
239 -1
240 4
241 30
242 -1
243 -1
244 118
245 -1
246 61
247 -1
248 -1
249 121
250 -1
251 -1
252 -1
253 49
254 50
256 -1
257 -1
258 -1
259 -1
260 9
262 -1
263 -1
264 -1
265 51
266 50
267 52
268 -1
269 -1
271 -1
272 -1
273 53
274 -1
275 59
276 54
277 -1
278 -1
280 48
281 -1
282 -1
283 -1
284 -1
286 4
287 -1
288 -1
289 55
290 56
291 47
292 -1
293 -1
294 -1
295 -1
296 -1
297 57
299 -1
300 -1
301 -1
303 -1
304 -1
305 -1
306 -1
307 58
308 -1
309 -1
310 59
312 -1
313 -1
314 -1
315 -1
317 -1
318 -1
319 -1
320 33
321 -1
322 -1
323 10
324 -1
325 60
326 61
327 62
328 -1
330 63
331 -1
332 -1
333 64
334 59
335 -1
336 -1
337 -1
338 -1
340 65
342 87
343 119
344 -1
345 -1
346 -1
347 -1
348 66
349 -1
350 67
351 -1
352 -1
353 68
354 -1
355 53
356 -1
357 -1
358 -1
361 -1
362 69
363 -1
364 -1
365 10
366 70
367 -1
368 -1
369 -1
370 71
371 27
373 -1
375 96
377 -1
378 72
379 42
380 -1
381 -1
382 -1
383 -1
384 73
385 -1
386 -1
387 -1
389 -1
391 74
392 -1
393 -1
394 -1
395 -1
396 -1
397 -1
398 -1
400 -1
401 -1
402 -1
403 66
404 -1
405 -1
406 -1
408 75
409 -1
410 -1
411 19
412 -1
413 -1
414 4
415 6
416 63
417 72
418 -1
419 -1
420 -1
421 -1
422 -1
423 -1
424 -1
425 -1
426 -1
427 -1
428 -1
429 -1
430 48
431 76
432 4
433 -1
434 77
435 -1
436 -1
437 -1
438 -1
439 48
440 -1
441 -1
444 78
445 -1
446 -1
447 79
448 -1
449 -1
450 -1
451 80
452 -1
453 -1
454 -1
455 -1
456 -1
457 -1
458 -1
459 -1
460 -1
461 -1
462 -1
463 -1
464 -1
465 -1
466 -1
467 -1
469 -1
470 -1
471 -1
472 -1
473 81
474 15
475 82
477 -1
478 -1
479 121
480 -1
481 -1
483 83
484 -1
485 -1
486 -1
487 -1
488 -1
490 -1
492 -1
493 -1
495 12
496 -1
497 -1
498 -1
499 -1
500 39
501 -1
502 -1
503 2
504 114
505 -1
507 26
508 84
509 85
510 -1
511 -1
512 4
513 99
514 -1
516 21
517 86
518 -1
520 -1
521 49
522 76
523 87
524 -1
525 -1
527 88
528 -1
529 -1
530 99
531 -1
532 46
533 -1
534 62
535 124
536 -1
537 -1
538 -1
539 -1
540 -1
541 68
542 -1
543 25
544 -1
545 -1
547 -1
548 -1
549 -1
550 -1
551 -1
552 -1
554 4
555 89
556 15
557 -1
558 19
559 28
560 -1
561 -1
562 -1
563 13
564 -1
565 -1
566 -1
567 -1
568 28
569 -1
570 -1
571 -1
572 1
573 -1
574 -1
575 -1
576 90
577 87
578 -1
579 91
580 -1
581 56
582 -1
583 89
584 -1
585 47
586 92
588 4
589 -1
590 73
591 -1
592 -1
593 65
594 48
596 -1
597 -1
598 -1
600 -1
601 93
602 40
604 -1
606 -1
607 74
608 94
609 64
610 -1
611 -1
612 -1
614 95
615 -1
616 70
617 48
619 -1
620 -1
621 93
622 47
623 -1
625 -1
626 -1
627 -1
628 -1
629 -1
630 -1
631 66
632 9
633 -1
634 28
635 -1
636 63
637 35
638 -1
639 26
640 -1
641 -1
642 -1
643 -1
644 48
645 -1
647 23
648 -1
649 -1
650 -1
651 101
652 -1
653 -1
654 96
655 76
656 -1
657 81
658 -1
659 -1
660 -1
661 -1
663 -1
664 97
665 -1
666 10
667 41
668 -1
669 -1
670 -1
671 -1
672 -1
673 10
674 -1
675 -1
677 119
678 12
679 98
680 -1
681 -1
682 -1
683 41
684 79
685 -1
686 -1
688 -1
689 -1
690 24
691 62
692 62
693 39
694 -1
695 -1
696 91
697 -1
698 -1
699 -1
700 99
701 36
704 -1
705 74
706 123
708 -1
709 -1
710 100
712 -1
713 29
714 33
715 -1
716 90
717 -1
718 -1
719 101
720 -1
721 -1
722 25
723 38
724 66
725 -1
726 90
727 96
728 64
729 22
730 48
732 -1
733 -1
734 74
735 -1
736 5
738 -1
739 -1
740 -1
741 -1
742 -1
743 79
744 -1
745 -1
746 -1
747 -1
748 -1
749 102
750 86
751 -1
752 -1
753 -1
754 -1
755 81
756 -1
757 -1
758 43
759 10
760 -1
761 -1
763 -1
764 -1
765 4
766 -1
767 -1
768 76
770 103
771 104
772 105
774 -1
775 -1
776 89
778 40
779 44
780 106
781 48
782 2
783 69
784 30
785 113
786 -1
787 -1
788 -1
789 73
790 -1
791 -1
792 -1
793 -1
794 -1
795 -1
796 79
798 -1
800 64
801 -1
802 -1
803 0
804 88
805 -1
806 -1
807 -1
808 -1
810 -1
812 -1
813 106
814 -1
815 70
816 -1
817 -1
818 -1
819 32
820 -1
822 -1
823 50
824 -1
827 76
828 -1
829 12
831 -1
833 -1
834 -1
835 4
836 51
837 -1
838 -1
839 -1
840 -1
841 -1
842 28
843 48
844 71
845 -1
846 -1
847 -1
848 -1
849 -1
850 -1
851 104
852 -1
853 -1
854 35
855 -1
856 -1
857 -1
858 21
859 -1
860 30
861 -1
862 -1
863 14
864 -1
865 -1
866 -1
867 30
868 -1
869 71
870 48
871 27
872 92
873 -1
874 -1
875 -1
876 -1
877 40
878 -1
879 -1
880 -1
881 30
882 5
883 -1
884 6
885 -1
886 59
887 10
888 -1
889 -1
890 -1
891 49
892 39
893 99
894 -1
895 -1
896 76
897 35
899 85
900 120
901 107
902 83
903 85
904 87
905 -1
906 7
907 -1
908 2
910 -1
911 41
913 -1
914 -1
915 -1
916 -1
917 -1
918 -1
919 -1
921 -1
922 64
923 -1
925 108
927 -1
928 -1
930 23
931 -1
932 -1
933 -1
934 51
935 -1
936 30
937 77
938 -1
939 80
940 -1
941 -1
942 77
943 -1
944 0
945 -1
946 -1
947 18
948 71
950 -1
951 92
952 -1
953 -1
955 -1
956 -1
957 103
958 -1
959 -1
960 -1
961 85
962 95
963 -1
964 -1
965 -1
966 -1
967 -1
968 18
969 21
970 -1
971 82
972 -1
973 -1
974 109
975 81
976 -1
977 48
978 -1
980 -1
981 104
982 -1
983 110
984 -1
986 2
987 -1
988 -1
989 11
990 -1
992 92
994 -1
995 -1
996 17
997 45
998 64
999 -1
1000 12
1001 -1
1002 111
1003 -1
1004 -1
1005 -1
1007 86
1008 10
1010 19
1011 -1
1012 -1
1013 -1
1014 40
1015 -1
1016 -1
1017 -1
1018 79
1019 53
1020 -1
1021 48
1022 -1
1023 110
1024 -1
1025 -1
1026 99
1027 94
1028 106
1029 15
1030 -1
1031 -1
1032 60
1033 112
1034 -1
1035 104
1036 -1
1038 43
1039 53
1040 -1
1041 45
1042 27
1043 57
1044 98
1045 -1
1046 48
1047 -1
1048 -1
1049 -1
1050 -1
1052 -1
1053 97
1055 -1
1056 -1
1059 28
1060 -1
1061 -1
1062 -1
1063 -1
1064 -1
1065 -1
1066 -1
1067 94
1068 107
1069 -1
1070 -1
1071 6
1072 31
1073 -1
1074 26
1075 108
1076 -1
1077 68
1078 -1
1079 -1
1080 68
1081 -1
1082 -1
1083 -1
1085 -1
1086 -1
1087 113
1088 114
1089 -1
1091 51
1093 -1
1094 -1
1095 92
1096 -1
1097 44
1098 10
1099 -1
1100 -1
1101 -1
1102 80
1103 34
1104 -1
1105 -1
1106 -1
1107 5
1108 7
1109 -1
1110 -1
1111 -1
1112 49
1113 34
1114 -1
1115 103
1116 10
1117 -1
1118 -1
1119 -1
1120 -1
1121 -1
1122 -1
1123 113
1124 -1
1125 98
1126 -1
1128 7
1129 14
1130 25
1131 112
1132 75
1133 -1
1134 -1
1135 -1
1137 79
1138 70
1139 69
1140 -1
1142 -1
1143 100
1144 115
1145 -1
1147 -1
1148 -1
1149 95
1151 19
1153 105
1154 -1
1155 -1
1156 -1
1157 -1
1158 125
1159 51
1160 25
1161 94
1162 96
1164 -1
1165 -1
1166 -1
1168 -1
1169 -1
1170 -1
1171 -1
1172 85
1173 55
1174 107
1175 79
1177 -1
1178 -1
1180 32
1181 99
1182 30
1183 -1
1184 66
1185 83
1186 -1
1187 -1
1188 107
1189 10
1190 43
1191 -1
1193 -1
1194 -1
1195 62
1197 -1
1199 77
1200 -1
1201 -1
1202 -1
1203 81
1204 -1
1205 10
1206 -1
1207 -1
1208 74
1209 -1
1210 58
1212 -1
1213 112
1214 -1
1215 -1
1217 4
1218 108
1219 -1
1220 -1
1221 -1
1222 102
1223 -1
1224 -1
1225 -1
1226 -1
1227 -1
1228 -1
1229 91
1230 -1
1231 -1
1232 98
1233 24
1235 -1
1236 -1
1237 37
1238 109
1239 6
1240 -1
1241 93
1242 19
1243 -1
1244 49
1245 -1
1247 -1
1248 -1
1250 118
1251 -1
1252 48
1253 -1
1254 108
1255 -1
1256 102
1257 -1
1258 112
1259 -1
1261 -1
1262 -1
1263 -1
1264 76
1265 -1
1267 88
1268 -1
1269 -1
1270 -1
1271 30
1272 -1
1273 -1
1274 57
1275 37
1277 -1
1278 -1
1279 95
1280 83
1284 71
1285 32
1286 -1
1287 73
1289 23
1290 36
1291 32
1292 -1
1294 -1
1296 2
1297 -1
1298 -1
1299 -1
1300 -1
1302 -1
1303 -1
1304 74
1305 1
1306 -1
1307 11
1308 -1
1309 109
1310 10
1311 -1
1312 36
1313 10
1314 49
1315 31
1316 48
1317 -1
1318 -1
1319 11
1320 -1
1321 88
1322 -1
1323 -1
1325 38
1326 -1
1328 7
1329 -1
1330 37
1331 23
1332 63
1334 -1
1335 -1
1336 30
1338 -1
1339 -1
1340 45
1341 -1
1342 -1
1343 26
1344 116
1345 -1
1346 32
1347 78
1348 -1
1349 -1
1351 106
1352 95
1354 -1
1355 -1
1356 -1
1357 -1
1359 -1
1360 -1
1363 -1
1364 -1
1365 -1
1366 -1
1367 -1
1368 -1
1369 76
1370 -1
1371 4
1372 -1
1373 -1
1374 37
1376 -1
1377 -1
1378 -1
1379 85
1381 -1
1382 -1
1383 -1
1384 -1
1385 -1
1386 -1
1387 -1
1389 63
1390 -1
1391 -1
1392 97
1394 48
1395 8
1396 -1
1398 -1
1399 4
1400 16
1401 -1
1402 -1
1403 40
1404 19
1405 -1
1406 -1
1407 -1
1408 -1
1409 68
1410 -1
1413 6
1414 -1
1415 54
1416 -1
1417 86
1419 27
1420 95
1421 34
1422 -1
1423 -1
1424 109
1425 -1
1426 -1
1427 80
1428 -1
1429 -1
1430 81
1431 -1
1432 -1
1434 113
1436 -1
1437 -1
1438 -1
1439 -1
1440 -1
1441 44
1442 -1
1443 -1
1444 -1
1445 -1
1446 86
1447 -1
1448 46
1449 107
1451 -1
1453 122
1455 57
1457 -1
1458 -1
1459 106
1460 4
1461 -1
1462 -1
1463 -1
1464 -1
1465 52
1466 93
1467 -1
1468 -1
1469 -1
1470 -1
1471 7
1472 -1
1473 -1
1474 -1
1475 -1
1476 -1
1477 63
1478 -1
1479 -1
1480 -1
1482 55
1483 -1
1485 34
1486 -1
1487 44
1488 -1
1489 -1
1490 -1
1491 88
1493 29
1494 -1
1495 117
1496 84
1497 54
1499 -1
1500 -1
1501 113
1502 4
1503 118
1504 -1
1505 -1
1506 83
1507 -1
1508 -1
1509 123
1510 121
1511 57
1513 -1
1515 -1
1516 -1
1517 -1
1518 110
1519 55
1520 -1
1522 -1
1524 -1
1525 -1
1526 -1
1528 -1
1529 -1
1530 -1
1531 3
1532 -1
1533 -1
1534 -1
1535 -1
1536 -1
1537 38
1538 7
1540 19
1542 76
1543 113
1544 119
1545 -1
1546 -1
1547 -1
1548 -1
1551 -1
1552 -1
1553 32
1554 -1
1555 97
1558 90
1559 73
1560 -1
1561 69
1562 121
1563 -1
1564 111
1565 31
1566 -1
1567 60
1568 -1
1569 48
1570 -1
1571 33
1572 14
1573 5
1574 -1
1576 82
1577 16
1578 -1
1579 -1
1580 -1
1581 12
1582 -1
1583 70
1586 -1
1587 -1
1589 89
1590 -1
1592 -1
1593 30
1594 11
1596 82
1598 -1
1599 48
1600 -1
1601 -1
1602 -1
1604 -1
1605 75
1606 -1
1608 69
1609 68
1610 -1
1612 42
1613 -1
1614 54
1616 -1
1617 -1
1619 -1
1620 122
1621 -1
1622 53
1623 83
1624 -1
1625 -1
1626 -1
1627 122
1628 37
1629 -1
1630 -1
1631 -1
1632 -1
1633 -1
1634 -1
1635 -1
1637 46
1638 -1
1639 -1
1640 -1
1641 63
1643 27
1644 -1
1645 111
1647 40
1648 -1
1650 -1
1652 -1
1653 10
1654 27
1655 87
1656 81
1657 11
1658 -1
1659 -1
1660 14
1661 -1
1662 107
1663 76
1664 10
1665 -1
1666 106
1667 -1
1668 60
1669 -1
1670 -1
1671 -1
1672 -1
1673 -1
1674 -1
1675 96
1676 -1
1677 -1
1678 -1
1679 125
1680 4
1681 -1
1682 56
1684 -1
1685 -1
1686 66
1687 -1
1688 -1
1689 12
1690 -1
1691 -1
1692 -1
1693 12
1694 -1
1695 -1
1697 -1
1698 61
1699 45
1701 -1
1702 19
1704 -1
1706 117
1707 -1
1709 -1
1711 119
1712 4
1713 9
1714 -1
1715 -1
1716 29
1717 -1
1718 -1
1719 -1
1720 -1
1721 -1
1722 -1
1723 85
1724 30
1726 -1
1727 -1
1728 -1
1729 10
1730 28
1732 -1
1733 -1
1734 -1
1735 -1
1736 -1
1737 25
1738 109
1739 -1
1740 -1
1741 -1
1743 32
1744 56
1745 44
1747 95
1750 -1
1751 -1
1753 -1
1754 8
1755 -1
1756 56
1758 32
1759 10
1760 21
1761 109
1762 -1
1763 100
1764 20
1765 -1
1766 31
1767 -1
1768 17
1769 99
1770 -1
1771 104
1772 38
1773 -1
1774 16
1775 -1
1776 -1
1777 -1
1778 118
1779 -1
1780 -1
1782 -1
1783 -1
1784 -1
1785 10
1788 34
1789 10
1790 76
1793 -1
1794 19
1797 -1
1798 -1
1799 104
1800 96
1802 19
1803 -1
1804 -1
1805 50
1809 -1
1810 10
1811 86
1813 -1
1814 75
1815 101
1816 -1
1817 39
1818 -1
1819 117
1820 -1
1822 -1
1823 -1
1824 92
1825 -1
1826 109
1827 12
1828 -1
1829 -1
1831 2
1832 -1
1833 -1
1834 54
1835 23
1838 34
1840 -1
1842 -1
1843 73
1844 3
1845 -1
1847 67
1848 -1
1849 -1
1850 -1
1851 -1
1852 21
1853 123
1854 -1
1855 52
1856 -1
1857 60
1858 -1
1862 -1
1863 97
1864 -1
1865 -1
1866 -1
1867 93
1868 38
1869 -1
1870 118
1871 -1
1873 90
1874 -1
1875 -1
1876 -1
1877 -1
1878 41
1879 -1
1880 -1
1881 -1
1882 106
1884 -1
1885 4
1886 80
1887 3
1888 -1
1889 -1
1890 71
1891 -1
1892 -1
1893 11
1894 66
1895 92
1897 10
1898 -1
1899 116
1900 -1
1901 3
1902 27
1904 -1
1906 25
1907 116
1910 -1
1913 -1
1914 -1
1915 -1
1917 -1
1918 52
1919 32
1921 100
1922 68
1923 -1
1924 -1
1925 -1
1926 4
1928 -1
1929 -1
1930 -1
1931 -1
1933 -1
1934 18
1936 -1
1937 -1
1938 -1
1939 -1
1940 76
1941 -1
1942 -1
1943 58
1944 31
1946 -1
1947 -1
1948 -1
1949 -1
1950 -1
1951 -1
1952 -1
1953 83
1955 -1
1956 123
1957 116
1959 108
1960 91
1962 66
1963 66
1966 -1
1967 55
1968 112
1969 -1
1971 -1
1972 102
1973 -1
1974 -1
1975 15
1976 -1
1977 -1
1978 -1
1979 108
1980 -1
1981 -1
1982 -1
1983 -1
1984 47
1985 1
1986 -1
1987 86
1989 39
1991 -1
1992 30
1993 -1
1994 108
1995 -1
1996 111
1997 -1
1998 102
1999 -1
2000 72
2001 0
2002 -1
2003 -1
2004 -1
2005 -1
2006 -1
2007 -1
2008 42
2009 1
2010 -1
2011 -1
2012 16
2014 -1
2015 67
2016 -1
2017 -1
2019 89
2020 123
2021 -1
2022 108
2024 -1
2025 -1
2027 -1
2028 -1
2029 -1
2030 110
2031 64
2032 -1
2033 -1
2035 -1
2036 100
2040 -1
2041 84
2042 -1
2044 -1
2045 -1
2046 -1
2047 -1
2051 92
2053 -1
2054 86
2055 119
2056 -1
2057 -1
2058 -1
2059 119
2060 15
2061 19
2062 65
2065 -1
2067 -1
2068 -1
2071 -1
2072 28
2073 -1
2074 -1
2075 -1
2076 3
2077 -1
2078 124
2079 18
2081 35
2083 -1
2084 -1
2085 -1
2086 73
2087 32
2088 10
2090 -1
2091 -1
2092 83
2093 -1
2094 5
2095 41
2096 -1
2097 48
2098 -1
2099 -1
2100 114
2101 -1
2102 17
2103 100
2105 -1
2106 27
2107 -1
2108 -1
2109 37
2110 -1
2111 -1
2113 92
2115 -1
2116 -1
2118 -1
2119 -1
2121 -1
2122 56
2123 -1
2124 40
2125 -1
2126 -1
2127 -1
2128 -1
2129 -1
2130 88
2131 18
2132 90
2133 -1
2134 -1
2135 125
2136 -1
2140 -1
2141 -1
2142 10
2143 -1
2146 -1
2147 -1
2148 60
2150 -1
2152 20
2153 -1
2154 -1
2155 8
2156 -1
2157 -1
2158 -1
2159 120
2161 11
2162 -1
2163 66
2164 -1
2165 41
2166 15
2167 26
2168 -1
2169 51
2170 14
2171 4
2173 119
2174 103
2178 -1
2179 -1
2182 -1
2183 -1
2184 -1
2185 -1
2186 108
2187 61
2188 44
2189 -1
2190 43
2191 15
2192 -1
2193 -1
2194 110
2195 -1
2197 -1
2198 -1
2200 -1
2202 -1
2204 -1
2205 -1
2206 73
2207 -1
2210 86
2211 -1
2213 12
2214 117
2217 4
2218 31
2220 -1
2221 115
2223 -1
2224 102
2226 102
2227 -1
2228 -1
2229 115
2231 -1
2232 125
2233 64
2234 -1
2235 -1
2236 -1
2237 -1
2239 67
2240 33
2241 -1
2244 80
2245 -1
2246 -1
2248 -1
2249 18
2251 -1
2252 -1
2253 48
2255 4
2256 -1
2257 112
2258 -1
2259 68
2260 19
2261 -1
2262 -1
2263 0
2265 -1
2266 -1
2267 18
2268 33
2269 -1
2270 -1
2271 3
2272 -1
2273 -1
2274 78
2275 -1
2276 31
2277 10
2278 85
2280 -1
2281 -1
2282 33
2283 -1
2284 -1
2285 115
2286 116
2287 115
2288 42
2290 71
2291 122
2292 -1
2294 -1
2298 72
2299 -1
2300 -1
2302 46
2303 -1
2304 106
2305 -1
2306 -1
2307 31
2308 97
2309 -1
2310 -1
2311 7
2312 -1
2314 37
2315 -1
2316 -1
2317 89
2318 -1
2320 18
2323 -1
2324 -1
2325 -1
2327 -1
2329 54
2331 -1
2332 -1
2334 12
2335 13
2336 57
2337 -1
2338 -1
2339 -1
2340 97
2341 26
2342 -1
2343 -1
2344 24
2345 30
2346 -1
2350 -1
2351 -1
2353 -1
2354 -1
2355 11
2356 -1
2357 36
2359 -1
2360 39
2361 -1
2362 28
2363 33
2364 72
2365 -1
2367 -1
2368 26
2369 53
2370 -1
2371 -1
2372 -1
2373 22
2374 -1
2376 124
2377 72
2379 -1
2381 104
2383 -1
2385 88
2386 -1
2387 -1
2388 -1
2389 -1
2390 -1
2391 -1
2393 -1
2395 -1
2397 -1
2398 -1
2399 -1
2400 110
2401 106
2402 12
2403 -1
2404 -1
2405 66
2406 -1
2407 30
2408 -1
2409 72
2410 -1
2411 45
2413 -1
2414 -1
2415 -1
2418 87
2419 58
2420 12
2421 65
2422 -1
2424 36
2425 -1
2427 -1
2428 47
2429 70
2430 -1
2431 -1
2432 -1
2433 109
2434 -1
2438 -1
2440 -1
2441 -1
2442 71
2443 51
2445 26
2446 110
2448 -1
2449 -1
2450 -1
2451 108
2452 45
2455 19
2457 -1
2459 -1
2460 -1
2461 32
2462 -1
2463 9
2464 -1
2467 -1
2468 -1
2471 -1
2472 -1
2473 -1
2474 -1
2476 1
2478 100
2479 -1
2480 -1
2482 76
2483 12
2484 84
2485 -1
2486 10
2488 21
2489 -1
2490 19
2491 -1
2492 4
2493 -1
2494 23
2495 -1
2496 -1
2498 -1
2499 50
2501 89
2502 -1
2503 -1
2504 4
2505 -1
2506 -1
2507 53
2508 68
2510 101
2511 -1
2512 48
2513 -1
2514 39
2516 117
2517 100
2518 105
2519 -1
2520 -1
2521 102
2522 -1
2524 -1
2525 -1
2528 -1
2529 77
2531 8
2533 -1
2534 83
2536 -1
2537 -1
2538 -1
2539 -1
2540 98
2541 92
2542 -1
2543 -1
2545 -1
2547 -1
2548 -1
2549 10
2550 -1
2551 20
2552 44
2553 -1
2557 -1
2558 -1
2560 -1
2561 34
2563 101
2565 -1
2567 -1
2569 64
2570 -1
2572 -1
2574 -1
2576 -1
2579 -1
2580 -1
2583 -1
2584 -1
2585 -1
2586 25
2587 105
2588 7
2589 -1
2590 -1
2591 30
2592 -1
2595 20
2596 12
2597 8
2598 110
2599 -1
2601 -1
2602 -1
2604 120
2605 79
2606 -1
2607 88
2608 -1
2609 -1
2610 74
2612 -1
2614 83
2615 -1
2617 -1
2618 24
2619 60
2620 77
2621 -1
2623 -1
2624 -1
2625 -1
2626 -1
2627 -1
2628 -1
2631 -1
2632 -1
2633 44
2634 -1
2635 -1
2636 -1
2637 -1
2638 -1
2639 110
2640 -1
2642 -1
2643 -1
2644 28
2646 98
2648 56
2650 47
2652 -1
2653 -1
2654 -1
2657 103
2660 24
2661 -1
2662 53
2664 51
2665 -1
2666 -1
2667 -1
2668 -1
2670 -1
2671 11
2672 -1
2673 7
2674 11
2676 66
2677 79
2678 -1
2679 -1
2680 48
2681 -1
2682 6
2683 78
2685 -1
2686 66
2687 -1
2688 -1
2689 23
2690 -1
2691 -1
2692 113
2693 -1
2694 -1
2695 -1
2697 -1
2698 -1
2701 -1
2702 -1
2704 84
2705 -1
2707 -1
2709 55
2710 96
2711 -1
2715 64
2716 -1
2717 55
2718 52
2719 -1
2720 -1
2721 54
2722 0
2723 -1
2724 73
2725 43
2726 12
2728 -1
2729 113
2731 -1
2732 -1
2733 -1
2737 -1
2738 67
2739 -1
2741 -1
2742 2
2743 -1
2744 73
2745 -1
2747 -1
2748 -1
2749 57
2750 -1
2751 -1
2752 11
2753 -1
2755 104
2756 -1
2758 48
2759 106
2760 -1
2762 37
2763 124
2764 48
2765 108
2768 -1
2769 121
2772 -1
2773 6
2775 80
2776 29
2777 -1
2778 -1
2779 -1
2780 -1
2783 -1
2785 -1
2786 -1
2787 -1
2788 1
2789 30
2791 -1
2792 -1
2794 92
2795 -1
2796 -1
2798 -1
2799 -1
2801 -1
2802 -1
2803 -1
2804 19
2806 -1
2807 -1
2809 -1
2811 -1
2812 -1
2813 -1
2815 29
2816 35
2817 22
2818 -1
2820 10
2821 1
2822 -1
2823 -1
2825 111
2826 -1
2830 30
2831 -1
2832 40
2833 -1
2834 72
2835 -1
2838 78
2839 4
2840 -1
2843 -1
2844 81
2845 55
2846 77
2848 -1
2849 77
2850 -1
2851 -1
2854 -1
2856 -1
2857 -1
2858 -1
2859 -1
2862 -1
2863 41
2866 -1
2867 -1
2868 18
2869 -1
2870 59
2871 10
2872 -1
2873 -1
2874 52
2875 -1
2878 92
2879 6
2880 20
2881 93
2882 61
2883 -1
2884 -1
2886 65
2887 -1
2888 80
2889 -1
2890 -1
2892 -1
2894 110
2895 101
2896 32
2898 18
2899 93
2900 -1
2902 108
2904 82
2906 -1
2908 8
2909 65
2912 -1
2914 8
2916 21
2917 -1
2918 102
2920 -1
2921 -1
2922 -1
2923 -1
2925 69
2927 18
2928 71
2930 117
2931 -1
2932 75
2933 -1
2934 -1
2936 -1
2937 -1
2939 -1
2940 19
2941 97
2942 -1
2943 41
2944 -1
2945 -1
2946 -1
2947 -1
2948 62
2950 -1
2951 27
2952 -1
2954 -1
2955 -1
2956 7
2957 60
2959 99
2960 -1
2961 -1
2962 -1
2963 -1
2964 -1
2965 116
2968 60
2970 59
2971 -1
2972 78
2973 -1
2974 -1
2975 119
2976 -1
2979 -1
2980 5
2986 -1
2987 94
2988 -1
2989 80
2990 -1
2991 -1
2993 -1
2995 9
2996 31
2997 -1
2999 71
3000 92
3001 92
3002 -1
3003 -1
3004 -1
3005 116
3006 -1
3008 122
3009 47
3010 47
3011 -1
3012 -1
3013 103
3014 103
3015 22
3016 10
3017 10
3018 -1
3021 -1
3022 69
3023 69
3024 -1
3025 -1
3027 53
3028 -1
3029 -1
3030 -1
3031 -1
3032 -1
3033 -1
3035 -1
3036 -1
3038 61
3039 -1
3041 98
3042 98
3043 67
3044 67
3045 -1
3046 36
3049 -1
3050 -1
3051 -1
3052 -1
3053 78
3055 59
3056 -1
3057 -1
3058 -1
3061 17
3062 17
3063 52
3064 52
3065 -1
3066 -1
3068 -1
3069 -1
3070 -1
3071 -1
3072 -1
3076 -1
3077 12
3078 12
3079 -1
3081 83
3082 -1
3085 -1
3086 56
3087 -1
3091 21
3092 21
3094 -1
3095 -1
3096 106
3097 106
3098 106
3099 -1
3100 -1
3101 -1
3102 48
3103 48
3104 48
3105 123
3106 123
3107 -1
3112 -1
3113 -1
3114 68
3115 68
3116 68
3117 7
3118 7
3119 7
3120 -1
3121 93
3122 93
3123 87
3124 87
3125 -1
3127 -1
3128 -1
3129 -1
3130 10
3131 10
3132 10
3133 105
3134 105
3135 -1
3136 -1
3137 -1
3139 73
3140 73
3141 73
3144 25
3145 25
3146 -1
3147 -1
3149 40
3152 121
3153 -1
3155 43
3156 43
3157 -1
3158 -1
3160 -1
3161 85
3162 85
3163 85
3165 102
3166 -1
3168 -1
3169 34
3170 34
3171 34
3172 -1
3173 -1
3174 65
3175 65
3176 48
3177 48
3179 -1
3180 58
3181 -1
3183 -1
3184 -1
3185 -1
3186 -1
3187 10
3190 11
3191 11
3192 11
3193 -1
3194 120
3195 120
3196 37
3197 37
3198 37
3199 89
3200 89
3202 -1
3203 -1
3205 0
3206 -1
3207 1
3210 74
3211 3
3212 3
3214 -1
3215 -1
3216 13
3218 -1
3219 -1
3220 -1
3224 18
3225 18
3226 -1
3227 10
3228 10
3229 35
3230 35
3231 -1
3232 -1
3233 79
3234 79
3235 117
3236 117
3237 70
3238 70
3239 -1
3240 -1
3241 8
3242 8
3243 -1
3245 57
3247 75
3248 -1
3249 -1
3250 -1
3251 -1
3252 -1
3253 116
3254 -1
3255 -1
3257 45
3258 45
3259 16
3260 16
3261 118
3262 118
3263 -1
3265 22
3266 -1
3269 30
3270 30
3272 32
3275 53
3277 -1
3278 -1
3279 -1
3281 124
3282 44
3284 44
3287 -1
3288 -1
3289 -1
3290 90
3291 42
3292 67
3293 67
3294 20
3295 20
3296 -1
3298 36
3299 -1
3301 94
3302 -1
3304 -1
3305 78
3306 78
3307 -1
3308 -1
3309 -1
3310 -1
3313 -1
3315 -1
3316 -1
3318 17
3319 -1
3320 -1
3321 19
3323 -1
3324 -1
3325 63
3327 -1
3328 115
3329 115
3330 97
3332 39
3333 39
3334 -1
3335 -1
3336 18
3337 18
3338 -1
3339 -1
3340 -1
3341 -1
3345 -1
3346 -1
3348 7
3349 7
3351 111
3352 49
3353 49
3354 -1
3355 -1
3357 -1
3358 73
3360 73
3361 -1
3362 25
3363 25
3364 -1
3365 -1
3367 -1
3368 40
3369 40
3370 40
3371 -1
3372 -1
3374 -1
3375 -1
3376 -1
3377 -1
3378 -1
3379 -1
3380 14
3381 14
3384 -1
3385 -1
3387 48
3388 48
3389 82
3390 82
3391 -1
3392 -1
3393 6
3394 6
3396 -1
3397 -1
3398 -1
3399 108
3403 -1
3404 -1
3405 -1
3407 -1
3408 -1
3409 -1
3410 -1
3413 -1
3414 3
3415 3
3416 -1
3417 -1
3419 -1
3420 -1
3423 13
3424 -1
3425 18
3426 -1
3427 112
3428 -1
3429 -1
3430 -1
3432 -1
3433 38
3434 38
3435 -1
3436 23
3439 -1
3441 33
3442 19
3443 19
3445 -1
3446 30
3447 10
3448 10
3449 10
3451 -1
3452 -1
3453 114
3454 62
3455 62
3456 -1
3457 117
3459 70
3460 70
3461 -1
3462 -1
3463 -1
3465 -1
3466 -1
3467 -1
3468 -1
3469 -1
3471 -1
3472 -1
3473 -1
3474 -1
3475 16
3476 -1
3477 47
3478 -1
3479 24
3480 24
3481 -1
3482 10
3484 60
3485 -1
3486 -1
3487 -1
3488 46
3489 -1
3490 -1
3492 -1
3493 -1
3494 32
3496 -1
3497 -1
3498 -1
3499 -1
3501 -1
3502 9
3503 9
3504 -1
3506 -1
3507 124
3508 -1
3509 81
3510 -1
3511 91
3512 90
3513 90
3514 42
3515 42
3516 20
3517 20
3518 -1
3520 -1
3521 -1
3522 -1
3523 64
3524 64
3526 -1
3528 -1
3529 -1
3530 -1
3531 54
3532 -1
3533 -1
3534 -1
3535 -1
3536 -1
3537 -1
3538 -1
3540 -1
3541 -1
3542 -1
3543 -1
3544 63
3546 -1
3548 -1
3549 -1
3550 -1
3551 18
3552 18
3553 21
3554 -1
3555 21
3556 -1
3557 -1
3558 -1
3559 -1
3560 125
3562 76
3563 -1
3564 68
3567 7
3568 7
3569 7
3570 -1
3571 -1
3572 93
3573 93
3574 -1
3575 -1
3576 -1
3577 -1
3579 -1
3580 -1
3581 -1
3582 -1
3583 -1
3584 84
3585 84
3589 73
3590 -1
3591 -1
3592 -1
3594 -1
3596 -1
3597 -1
3598 -1
3600 -1
3601 -1
3603 -1
3604 -1
3606 88
3607 -1
3608 -1
3609 -1
3610 -1
3611 85
3612 102
3613 102
3614 102
3615 -1
3616 -1
3618 96
3619 -1
3620 -1
3621 -1
3623 50
3624 48
3625 48
3627 -1
3628 58
3631 -1
3632 -1
3633 -1
3635 -1
3636 -1
3637 -1
3638 41
3639 41
3640 -1
3641 -1
3643 -1
3645 -1
3647 -1
3648 -1
3649 -1
3651 -1
3652 -1
3653 -1
3654 -1
3655 -1
3656 -1
3658 -1
3659 38
3660 -1
3661 19
3662 19
3663 86
3665 10
3666 10
3667 10
3668 114
3669 35
3670 35
3671 -1
3672 -1
3673 -1
3674 26
3676 51
3677 51
3678 -1
3680 -1
3681 -1
3682 -1
3683 -1
3684 103
3685 -1
3686 2
3687 2
3688 -1
3689 -1
3690 46
3691 46
3692 32
3693 32
3694 32
3695 -1
3696 -1
3697 -1
3698 -1
3699 -1
3700 -1
3701 -1
3702 -1
3703 -1
3704 -1
3705 61
3706 61
3707 -1
3708 67
3710 20
3712 36
3713 36
3714 -1
3715 -1
3716 -1
3717 -1
3718 78
3719 78
3720 -1
3721 -1
3722 -1
3723 -1
3724 -1
3725 -1
3726 -1
3727 -1
3728 -1
3729 -1
3731 19
3732 -1
3733 -1
3734 -1
3735 -1
3737 -1
3738 -1
3739 -1
3740 -1
3741 83
3742 83
3743 -1
3744 -1
3745 -1
3746 18
3747 -1
3748 -1
3750 -1
3751 -1
3752 -1
3753 -1
3754 -1
3755 -1
3756 -1
3758 -1
3759 -1
3760 111
3761 111
3762 -1
3763 -1
3765 80
3766 -1
3767 -1
3768 -1
3769 -1
3770 -1
3771 -1
3772 5
3773 5
3774 -1
3775 25
3777 -1
3778 -1
3779 -1
3780 -1
3781 -1
3784 -1
3785 -1
3789 -1
3790 14
3791 14
3792 -1
3793 -1
3795 -1
3796 12
3797 12
3799 -1
3800 -1
3801 65
3802 65
3803 50
3804 50
3807 58
3808 58
3809 -1
3810 -1
3811 -1
3812 -1
3815 101
3816 -1
3817 -1
3818 120
3819 -1
3820 -1
3821 -1
3822 -1
3823 -1
3824 89
3825 89
3826 -1
3827 1
3828 1
3829 -1
3830 -1
3831 -1
3832 -1
3834 -1
3835 -1
3837 -1
3838 -1
3839 -1
3841 13
3842 -1
3843 -1
3844 -1
3845 -1
3846 112
3847 112
3848 -1
3849 -1
3850 -1
3851 -1
3852 -1
3853 -1
3854 -1
3855 31
3856 -1
3857 -1
3858 -1
3860 -1
3861 -1
3862 -1
3863 114
3864 -1
3865 107
3866 107
3868 -1
3869 -1
3870 -1
3871 -1
3872 -1
3873 -1
3874 8
3875 8
3876 -1
3877 26
3878 26
3879 75
3880 75
3881 -1
3882 -1
3883 -1
3884 -1
3885 -1
3886 122
3887 122
3888 45
3889 45
3890 -1
3891 -1
3892 118
3895 55
3896 103
3897 103
3898 -1
3899 22
3900 22
3901 -1
3902 -1
3903 2
3904 2
3907 -1
3908 -1
3909 -1
3910 -1
3911 -1
3912 -1
3913 -1
3914 -1
3915 -1
3916 -1
3917 -1
3918 100
3919 100
3920 -1
3921 -1
3922 -1
3923 124
3924 124
3925 77
3926 77
3927 44
3928 44
3929 44
3930 91
3931 91
3932 -1
3933 -1
3934 42
3935 42
3936 98
3937 98
3938 20
3939 -1
3940 20
3941 -1
3942 36
3943 -1
3944 94
3945 94
3946 64
3947 64
3948 64
3949 -1
3950 -1
3951 -1
3953 -1
3954 -1
3955 -1
3957 -1
3958 -1
3960 17
3961 -1
3963 -1
3964 -1
3965 -1
3966 -1
3967 -1
3968 -1
3969 -1
3970 39
3971 39
3972 -1
3973 -1
3974 -1
3977 -1
3978 -1
3979 -1
3980 106
3981 -1
3982 48
3983 48
3985 48
3986 -1
3987 -1
3988 125
3989 125
3991 -1
3992 -1
3993 -1
3994 -1
3995 -1
3996 -1
3997 -1
3998 -1
3999 -1
4000 -1
4001 80
4002 -1
4003 80
4004 -1
4006 -1
4007 -1
4008 -1
4009 98
4010 58
4011 -1
4012 -1
4013 -1
4014 -1
4015 -1
4018 -1
4019 -1
4020 -1
4021 40
4022 40
4023 -1
4025 -1
4026 -1
4027 -1
4029 -1
4032 14
4033 27
4034 27
4035 -1
4036 -1
4037 -1
4038 95
4039 95
4040 -1
4041 65
4042 65
4043 -1
4044 48
4045 82
4046 82
4047 -1
4048 -1
4049 -1
4050 -1
4051 -1
4052 50
4053 50
4054 15
4055 15
4056 48
4057 -1
4058 -1
4059 -1
4060 -1
4061 -1
4062 -1
4063 -1
4064 -1
4065 101
4066 11
4067 11
4068 11
4071 37
4072 37
4073 37
4074 -1
4075 -1
4076 -1
4077 -1
4078 -1
4079 0
4081 -1
4082 1
4083 -1
4084 -1
4085 -1
4086 -1
4087 -1
4089 -1
4090 -1
4091 -1
4092 -1
4093 -1
4094 -1
4095 -1
4096 -1
4097 -1
4098 -1
4099 -1
4100 -1
4101 -1
4102 -1
4103 -1
4104 -1
4105 -1
4106 29
4107 29
4108 -1
4109 -1
4110 19
4112 19
4113 -1
4114 -1
4115 -1
4116 4
4117 4
4118 -1
4119 114
4120 114
4121 -1
4122 -1
4123 70
4124 70
4125 -1
4126 -1
4127 -1
4128 57
4129 26
4130 26
4131 26
4132 -1
4133 -1
4134 116
4135 116
4136 55
4137 55
4138 -1
4139 22
4140 22
4141 10
4142 10
4143 -1
4144 -1
4145 -1
4146 -1
4147 -1
4148 -1
4149 -1
4150 9
4151 9
4152 -1
4153 -1
4154 -1
4155 -1
4156 81
4157 77
4158 77
4159 44
4160 44
4161 44
4162 -1
4163 121
4164 -1
4165 -1
4166 -1
4167 -1
4168 -1
4169 -1
4170 -1
4171 -1
4172 -1
4173 4
4174 4
4175 -1
4176 -1
4177 -1
4178 -1
4179 -1
4180 94
4181 -1
4182 -1
4183 -1
4184 -1
4185 -1
4186 -1
4187 -1
4188 -1
4189 52
4190 -1
4191 -1
4192 -1
4193 -1
4194 -1
4195 -1
4196 -1
4197 -1
4198 -1
4199 -1
4200 -1
4201 -1
4202 -1
4203 -1
4204 -1
4205 115
4206 -1
4207 -1
4208 -1
4209 -1
4210 56
4211 56
4212 -1
4213 -1
4214 -1
4215 -1
4216 -1
4217 -1
4218 -1
4219 -1
4220 -1
4221 -1
4222 -1
4223 50
4224 -1
4225 -1
4226 -1
4227 -1
4228 -1
4229 -1
4230 -1
4231 111
4232 111
4233 -1
4234 105
4235 105
4236 -1
4237 -1
4238 -1
4239 -1
4240 -1
4241 -1
4242 84
4243 84
4244 -1
4245 73
4246 73
4247 73
4248 73
4249 -1
4250 -1
4251 25
4252 25
4253 25
4254 -1
4255 -1
4256 -1
4257 -1
4258 -1
4259 -1
4260 -1
4261 -1
4262 -1
4263 46
4264 -1
4265 43
4266 43
4267 -1
4268 -1
4269 -1
4270 14
4271 14
4272 14
4273 -1
4274 -1
4275 -1
4276 -1
4277 -1
4278 -1
4279 -1
4280 -1
4281 -1
4282 -1
4283 -1
4284 50
4285 50
4286 58
4287 58
4288 6
4289 6
4290 6
4291 -1
4292 -1
4293 -1
4294 -1
4295 -1
4296 -1
4297 -1
4298 -1
4299 -1
4300 -1
4301 -1
4302 4
4303 4
4304 -1
4305 -1
4306 -1
4307 58
4308 -1
4309 -1
4310 1
4311 -1
4312 -1
4313 -1
4314 -1
4315 -1
4316 -1
4317 -1
4318 -1
4319 -1
4320 -1
4321 -1
4322 -1
4323 13
4324 13
4325 -1
4326 -1
4327 -1
4328 -1
4329 -1
4330 -1
4331 -1
4332 -1
4333 -1
4334 -1
4335 -1
4336 -1
4337 -1
4338 -1
4339 -1
4340 -1
4341 -1
4342 -1
4343 -1
4344 4
4345 4
4346 4
4347 -1
4348 -1
4349 114
4350 114
4351 -1
4352 35
4353 -1
4354 -1
4355 -1
4356 -1
4357 57
4358 57
