0 198
1 199
2 66
3 184
4 83
6 131
7 1
8 7
9 69
10 233
11 174
12 50
13 94
14 245
15 57
16 137
17 17
18 150
19 153
20 247
21 110
22 62
23 57
24 23
25 173
26 34
27 115
28 76
30 87
31 33
32 39
33 212
34 132
35 111
36 119
37 240
38 194
39 5
40 199
41 125
42 201
43 119
44 160
45 16
46 28
47 46
49 124
50 212
51 142
52 212
53 128
54 7
55 177
57 6
58 212
60 21
61 219
62 98
63 183
64 218
65 62
66 85
67 4
68 173
69 42
70 62
71 133
72 71
73 223
75 13
76 89
77 239
78 95
79 172
80 213
81 67
82 9
83 164
84 206
85 172
86 129
87 132
88 61
89 102
90 82
91 38
92 204
93 206
94 137
95 16
96 173
97 40
98 176
99 227
100 99
101 9
102 73
104 69
105 188
106 116
107 127
108 89
109 62
110 9
111 161
112 59
113 71
114 243
115 198
116 133
118 42
119 181
120 95
121 35
122 119
123 88
124 67
125 3
126 99
127 96
128 160
129 145
130 228
131 208
132 26
133 101
135 24
136 10
137 214
138 133
139 171
140 212
141 227
142 201
143 7
144 73
145 246
146 86
147 204
148 13
149 134
150 227
151 82
152 136
153 87
154 159
155 67
156 26
157 237
158 35
159 242
160 14
161 76
162 45
163 121
164 79
165 60
166 68
167 97
168 69
169 82
170 247
171 209
172 62
173 11
174 116
175 113
176 53
177 94
178 117
179 111
180 136
181 42
182 134
183 88
184 9
185 92
186 190
187 118
188 104
189 77
190 222
191 108
192 47
193 207
194 165
195 92
196 67
198 77
199 159
200 135
201 49
202 163
203 70
204 132
206 85
207 46
208 25
209 136
210 86
211 46
212 33
213 50
214 27
215 3
216 205
218 30
219 77
220 231
221 160
222 101
223 80
224 110
225 28
226 146
227 87
228 209
229 161
230 73
231 158
232 177
233 190
234 182
235 41
236 139
237 6
239 160
240 249
241 159
242 224
243 116
244 94
245 131
246 107
247 101
248 132
249 136
250 35
251 242
252 151
253 152
254 11
255 26
256 61
257 40
258 151
259 34
260 212
261 191
262 148
263 75
264 203
265 16
266 11
267 2
268 75
269 162
271 21
272 173
273 236
274 46
275 86
276 13
277 212
278 224
280 90
281 83
282 78
283 98
284 78
285 42
286 234
287 67
288 22
289 49
290 25
291 73
292 47
293 112
294 24
295 177
296 247
297 169
299 98
300 239
301 1
303 22
304 179
305 61
306 3
307 230
308 180
309 119
310 86
312 89
313 195
314 244
315 16
317 47
318 137
319 178
320 60
321 32
322 119
323 62
324 124
325 62
326 107
327 232
328 215
330 202
331 110
332 196
333 18
334 86
335 190
336 132
337 198
338 171
340 62
342 61
343 193
344 82
345 222
346 87
347 26
348 130
349 247
350 91
351 53
352 78
353 204
354 152
355 236
356 239
357 106
358 206
361 140
362 103
363 77
364 125
365 125
366 105
367 169
368 103
369 53
370 109
371 36
373 242
375 211
377 34
378 167
379 50
380 80
381 248
382 9
383 26
384 57
385 25
386 77
387 49
389 87
391 235
392 57
393 175
394 159
395 94
396 98
397 145
398 200
400 127
401 102
402 140
403 130
404 173
405 62
406 48
408 183
409 12
410 200
411 159
412 42
413 61
414 234
415 23
416 202
417 167
418 75
419 131
420 14
421 202
422 227
423 53
424 169
425 203
426 89
427 200
428 93
429 62
430 84
431 19
432 249
433 176
434 120
435 222
436 225
437 78
438 81
439 213
440 56
441 21
444 97
445 41
446 26
447 210
448 3
449 174
450 3
451 110
452 119
453 93
454 186
455 67
456 177
457 87
458 122
459 163
460 103
461 8
462 218
463 141
464 75
465 198
466 201
467 212
469 192
470 139
471 103
472 118
473 15
474 71
475 74
476 125
477 112
478 50
479 192
480 11
481 33
482 14
483 21
484 229
485 87
486 14
487 95
488 30
490 225
492 94
493 33
494 11
495 159
496 155
497 149
498 87
499 41
500 92
501 62
502 160
503 174
504 212
505 118
507 214
508 10
509 1
510 88
511 220
512 50
513 72
514 212
516 73
517 65
518 28
520 87
521 152
522 19
523 61
524 132
525 126
527 99
528 7
529 92
530 72
531 175
532 28
533 177
534 232
535 26
536 190
537 28
538 70
539 212
540 141
541 204
542 241
543 145
544 35
545 146
547 233
548 76
549 249
550 16
551 183
552 162
554 153
555 154
556 71
557 176
558 159
559 73
560 132
561 101
562 89
563 21
564 98
565 33
566 71
567 101
568 73
569 225
570 172
571 104
572 83
573 173
574 124
575 200
576 20
577 61
578 139
579 17
580 5
581 25
582 132
583 154
584 81
585 73
586 62
588 153
589 161
590 57
591 35
592 21
593 62
594 84
596 6
597 9
598 225
600 0
601 212
602 49
604 95
606 221
607 235
608 72
609 18
610 61
611 51
612 13
614 186
615 222
616 105
617 213
619 3
620 41
621 212
622 73
623 42
625 132
626 89
627 5
628 226
629 26
630 30
631 130
632 212
633 128
634 73
635 138
636 202
637 117
638 67
639 214
640 143
641 64
642 118
643 158
644 84
645 175
647 59
648 95
649 3
650 7
651 102
652 24
653 233
654 211
655 19
656 92
657 15
658 93
659 201
660 112
661 62
662 101
663 111
664 63
665 77
666 62
667 85
668 111
669 80
670 92
671 192
672 135
673 125
674 30
675 95
676 215
677 193
678 6
679 38
680 172
681 164
682 44
683 85
684 210
685 156
686 3
688 132
689 118
690 133
691 232
692 232
693 92
694 141
695 68
696 17
697 87
698 5
699 164
700 72
701 88
704 0
705 235
706 11
708 28
709 170
710 166
712 75
713 134
714 60
715 206
716 20
717 127
718 192
719 102
720 209
721 225
722 192
723 165
724 130
725 172
726 20
727 211
728 18
729 9
730 84
732 165
733 51
734 235
735 3
736 62
738 77
739 140
740 25
741 7
742 190
743 210
744 76
745 227
746 239
747 159
748 217
749 31
750 65
751 247
752 87
753 87
754 40
755 142
756 203
757 50
758 27
759 142
760 122
761 206
763 171
764 50
765 249
766 9
767 190
768 19
770 163
771 168
772 135
774 22
775 44
776 154
778 49
779 205
780 118
781 84
782 174
783 103
784 159
785 82
786 128
787 161
788 121
789 57
790 155
791 95
792 216
793 61
794 79
795 42
796 210
798 131
799 101
800 18
801 224
802 160
803 66
804 99
805 64
806 170
807 96
808 56
810 101
812 128
813 118
814 224
815 105
816 200
817 121
818 172
819 45
820 195
821 222
822 192
823 11
824 62
827 19
828 56
829 159
831 247
832 25
833 58
834 46
835 153
836 16
837 86
838 209
839 226
840 196
841 22
842 73
843 182
844 109
845 30
846 200
847 217
848 119
849 159
850 70
851 168
852 243
853 143
854 117
855 237
856 3
857 137
858 73
859 41
860 159
861 88
862 5
863 4
864 233
865 136
866 62
867 159
868 48
869 109
870 90
871 36
872 223
873 42
874 175
875 14
876 187
877 49
878 139
879 212
880 118
881 159
882 62
883 175
884 23
885 118
886 86
887 125
888 212
889 119
890 94
891 152
892 92
893 72
894 81
895 42
896 19
897 117
899 1
900 67
901 209
902 21
903 1
904 61
905 138
906 39
907 115
908 174
910 138
911 85
913 220
914 192
915 180
916 46
917 134
918 87
919 12
921 132
922 18
923 9
925 100
927 146
928 87
930 59
931 52
932 111
933 227
934 16
935 119
936 159
937 120
938 114
939 110
940 192
941 30
942 120
943 116
944 66
945 147
946 177
947 204
948 109
950 41
951 223
952 215
953 195
955 184
956 92
957 163
958 28
959 175
960 216
961 1
962 186
963 155
964 51
965 72
966 33
967 47
968 204
969 73
970 90
971 74
972 61
973 80
974 111
975 15
976 146
977 117
978 64
980 58
981 168
982 178
983 10
984 208
986 174
987 80
988 187
989 7
990 217
992 223
993 136
994 126
995 176
996 38
997 80
998 18
999 42
1000 6
1001 186
1002 43
1003 37
1004 89
1005 64
1007 65
1008 142
1010 62
1011 35
1012 7
1013 62
1014 49
1015 209
1016 147
1017 155
1018 210
1019 236
1020 127
1021 84
1022 33
1023 10
1024 52
1025 48
1026 72
1027 72
1028 118
1029 71
1030 131
1031 176
1032 62
1033 94
1034 101
1035 168
1036 81
1038 27
1039 236
1040 61
1041 80
1042 36
1043 169
1044 38
1045 151
1046 90
1047 209
1048 228
1049 209
1050 139
1052 62
1053 51
1055 3
1056 54
1059 73
1060 237
1061 118
1062 245
1063 75
1064 57
1065 47
1066 156
1067 72
1068 209
1069 5
1070 149
1071 23
1072 35
1073 155
1074 214
1075 100
1076 7
1077 204
1078 174
1079 74
1080 204
1081 227
1082 197
1083 8
1084 209
1085 101
1086 218
1087 82
1088 212
1089 177
1091 16
1093 75
1094 0
1095 62
1096 3
1097 173
1098 142
1099 119
1100 3
1101 119
1102 110
1103 113
1104 6
1105 87
1106 106
1107 62
1108 246
1109 36
1110 202
1111 76
1112 152
1113 113
1114 62
1115 163
1116 142
1117 220
1118 122
1119 71
1120 94
1121 119
1122 92
1123 82
1124 62
1125 38
1126 62
1128 39
1129 4
1130 90
1131 94
1132 183
1133 8
1134 144
1135 33
1137 210
1138 105
1139 103
1140 220
1142 11
1143 166
1144 194
1145 95
1147 24
1148 227
1149 186
1151 159
1153 135
1154 124
1155 96
1156 200
1157 89
1158 124
1159 16
1160 145
1161 72
1162 211
1164 66
1165 98
1166 134
1168 244
1169 7
1170 103
1171 36
1172 1
1173 49
1174 209
1175 210
1177 177
1178 7
1180 45
1181 72
1182 159
1183 192
1184 130
1185 21
1186 180
1187 213
1188 209
1189 62
1190 27
1191 229
1193 224
1194 119
1195 232
1197 185
1198 247
1199 120
1200 139
1201 136
1202 202
1203 15
1204 95
1205 125
1206 84
1207 231
1208 235
1209 35
1210 230
1212 6
1213 28
1214 125
1215 30
1217 234
1218 100
1219 40
1220 82
1221 34
1222 31
1223 36
1224 237
1225 12
1226 9
1227 3
1228 81
1229 17
1230 172
1231 41
1232 38
1233 133
1235 58
1236 104
1237 47
1238 111
1239 23
1240 41
1241 212
1242 159
1243 198
1244 152
1245 89
1247 87
1248 98
1250 94
1251 0
1252 84
1253 244
1254 100
1255 199
1256 31
1257 206
1258 94
1259 201
1261 56
1262 51
1263 61
1264 19
1265 229
1267 99
1268 47
1269 245
1270 233
1271 159
1272 36
1273 160
1274 57
1275 47
1277 164
1278 114
1279 186
1280 21
1284 109
1285 45
1286 5
1287 57
1289 59
1290 88
1291 45
1292 3
1294 9
1295 11
1296 174
1297 89
1298 219
1299 1
1300 131
1301 227
1302 158
1303 37
1304 235
1305 83
1306 36
1307 7
1308 74
1309 111
1310 125
1311 135
1312 88
1313 62
1314 152
1315 35
1316 84
1317 3
1318 134
1319 7
1320 196
1321 99
1322 95
1323 177
1325 165
1326 3
1328 39
1329 233
1330 47
1331 59
1332 202
1333 21
1334 155
1335 62
1336 159
1338 66
1339 179
1340 80
1341 195
1342 118
1343 214
1344 235
1345 158
1346 45
1347 97
1348 44
1349 119
1351 118
1352 186
1354 62
1355 137
1356 47
1357 179
1359 9
1360 7
1363 221
1364 96
1365 172
1366 180
1367 54
1368 172
1369 19
1370 184
1371 249
1372 202
1373 190
1374 47
1376 218
1377 151
1378 144
1379 1
1381 14
1382 62
1383 1
1384 202
1385 227
1386 192
1387 87
1389 202
1390 203
1391 69
1392 63
1394 84
1395 199
1396 52
1398 47
1399 153
1400 13
1401 147
1402 87
1403 49
1404 62
1405 21
1406 51
1407 243
1408 196
1409 204
1410 36
1413 23
1414 221
1415 13
1416 1
1417 65
1419 201
1420 186
1421 113
1422 187
1423 177
1424 111
1425 203
1426 9
1427 110
1428 190
1429 64
1430 15
1431 201
1432 150
1434 82
1436 239
1437 226
1438 72
1439 47
1440 135
1441 205
1442 210
1443 206
1444 169
1445 226
1446 65
1447 243
1448 94
1449 209
1451 181
1453 136
1455 169
1456 14
1457 228
1458 124
1459 118
1460 153
1461 32
1462 62
1463 248
1464 196
1465 2
1466 212
1467 103
1468 139
1469 61
1470 116
1471 39
1472 195
1473 56
1474 127
1475 144
1476 203
1477 202
1478 224
1479 80
1480 3
1482 49
1483 29
1485 113
1486 1
1487 205
1488 140
1489 3
1490 75
1491 99
1493 134
1494 53
1495 62
1496 10
1497 13
1499 25
1500 12
1501 82
1502 234
1503 94
1504 241
1505 188
1506 21
1507 242
1508 68
1509 11
1510 26
1511 169
1513 132
1514 57
1515 176
1516 62
1517 129
1518 10
1519 49
1520 61
1522 74
1524 118
1525 248
1526 154
1528 96
1529 207
1530 40
1531 57
1532 61
1533 132
1534 119
1535 198
1536 72
1537 165
1538 39
1540 159
1542 19
1543 82
1544 193
1545 80
1546 157
1547 208
1548 58
1550 238
1551 92
1552 28
1553 45
1554 26
1555 63
1558 20
1559 57
1560 124
1561 103
1562 192
1563 200
1564 7
1565 35
1566 67
1567 62
1568 200
1569 84
1570 140
1571 60
1572 4
1573 62
1574 124
1576 74
1577 13
1578 62
1579 199
1580 70
1581 6
1582 200
1583 105
1584 192
1585 26
1586 133
1587 102
1589 154
1590 77
1592 118
1593 159
1594 7
1596 74
1597 212
1598 3
1599 90
1600 178
1601 77
1602 170
1604 177
1605 183
1606 147
1608 103
1609 204
1610 62
1612 50
1613 36
1614 13
1616 127
1617 124
1618 105
1619 145
1620 136
1621 40
1622 236
1623 21
1624 1
1625 42
1626 119
1627 136
1628 47
1629 9
1630 111
1631 3
1632 62
1633 116
1634 87
1635 128
1637 209
1638 136
1639 50
1640 47
1641 202
1642 84
1643 36
1644 147
1645 43
1647 49
1648 163
1650 62
1651 116
1652 42
1653 142
1654 36
1655 61
1656 15
1657 7
1658 206
1659 3
1660 4
1661 135
1662 209
1663 19
1664 62
1665 247
1666 118
1667 213
1668 62
1669 58
1670 224
1671 164
1672 115
1673 62
1674 5
1675 211
1676 115
1677 42
1678 38
1679 212
1680 249
1681 160
1682 25
1684 51
1685 89
1686 130
1687 136
1688 52
1689 6
1690 239
1691 96
1692 74
1693 6
1694 106
1695 121
1697 172
1698 107
1699 80
1700 53
1701 147
1702 159
1704 35
1706 62
1707 172
1709 132
1711 193
1712 153
1713 0
1714 234
1715 49
1716 134
1717 42
1718 148
1719 179
1720 162
1721 186
1722 201
1723 1
1724 159
1726 77
1727 247
1728 48
1729 219
1730 73
1732 196
1733 71
1734 179
1735 132
1736 106
1737 145
1738 111
1739 217
1740 128
1741 71
1743 45
1744 25
1745 205
1747 186
1748 73
1750 33
1751 71
1753 108
1754 199
1755 18
1756 25
1757 227
1758 45
1759 125
1760 73
1761 111
1762 174
1763 166
1764 176
1765 233
1766 35
1767 5
1768 38
1769 72
1770 212
1771 168
1772 165
1773 72
1774 13
1775 163
1776 7
1777 95
1778 94
1779 68
1780 47
1782 61
1783 141
1784 72
1785 219
1788 113
1789 142
1790 19
1792 36
1793 227
1794 159
1796 204
1797 119
1798 95
1799 168
1800 211
1802 159
1803 129
1804 226
1805 11
1809 188
1810 142
1811 65
1813 35
1814 183
1815 102
1816 178
1817 92
1818 212
1819 62
1820 178
1822 106
1823 136
1824 62
1825 131
1826 111
1827 159
1828 217
1829 201
1831 174
1832 3
1833 87
1834 13
1835 59
1837 41
1838 113
1840 53
1842 196
1843 57
1844 185
1845 26
1847 91
1848 116
1849 41
1850 62
1851 29
1852 73
1853 11
1854 163
1855 2
1856 183
1857 62
1858 16
1862 68
1863 63
1864 177
1865 141
1866 90
1867 212
1868 165
1869 58
1870 94
1871 119
1873 20
1874 62
1875 103
1876 3
1877 35
1878 85
1879 3
1880 231
1881 33
1882 118
1884 114
1885 234
1886 110
1887 185
1888 126
1889 209
1890 109
1891 160
1892 183
1893 7
1894 130
1895 62
1897 219
1898 241
1899 235
1900 92
1901 57
1902 36
1904 55
1906 145
1907 235
1910 203
1912 27
1913 103
1914 94
1915 160
1916 212
1917 229
1918 2
1919 45
1921 166
1922 204
1923 125
1924 40
1925 221
1926 249
1928 9
1929 176
1930 192
1931 145
1933 42
1934 111
1936 173
1937 132
1938 71
1939 93
1940 19
1941 174
1942 112
1943 230
1944 35
1946 131
1947 61
1948 190
1949 44
1950 104
1951 25
1952 118
1953 21
1955 88
1956 11
1957 235
1959 100
1960 17
1962 17
1963 130
1965 87
1966 115
1967 49
1968 94
1969 7
1971 200
1972 31
1973 32
1974 38
1975 71
1976 5
1977 55
1978 28
1979 100
1980 173
1981 176
1982 62
1983 112
1984 73
1985 83
1986 34
1987 65
1989 92
1991 156
1992 159
1993 24
1994 100
1995 81
1996 43
1997 69
1998 31
1999 212
2000 167
2001 66
2002 80
2003 112
2004 118
2005 64
2006 42
2007 71
2008 50
2009 83
2010 150
2011 32
2012 13
2014 204
2015 91
2016 61
2017 35
2019 154
2020 11
2021 79
2022 100
2024 121
2025 169
2026 70
2027 73
2028 177
2029 183
2030 10
2031 18
2032 139
2033 206
2035 200
2036 166
2038 36
2040 54
2041 10
2042 112
2044 89
2045 112
2046 141
2047 198
2051 223
2053 169
2054 65
2055 193
2056 216
2057 131
2058 136
2059 193
2060 71
2061 159
2062 62
2065 51
2066 66
2067 181
2068 35
2071 86
2072 73
2073 187
2074 143
2075 71
2076 62
2077 86
2078 26
2079 111
2080 87
2081 117
2083 114
2084 40
2085 86
2086 57
2087 45
2088 62
2090 108
2091 170
2092 21
2093 119
2094 62
2095 85
2096 173
2097 182
2098 135
2099 220
2100 212
2101 177
2102 38
2103 166
2105 126
2106 36
2107 132
2108 118
2109 47
2110 28
2111 151
2113 223
2115 122
2116 131
2118 116
2119 81
2121 208
2122 25
2123 13
2124 49
2125 198
2126 46
2127 173
2128 77
2129 2
2130 99
2131 204
2132 20
2133 186
2134 104
2135 212
2136 28
2139 144
2140 141
2141 69
2142 142
2143 146
2145 164
2146 171
2147 201
2148 62
2149 112
2150 21
2152 176
2153 88
2154 129
2155 199
2156 30
2157 227
2158 213
2159 67
2161 7
2162 143
2163 130
2164 26
2165 85
2166 71
2167 214
2168 37
2169 16
2170 4
2171 153
2172 183
2173 16
2174 163
2178 69
2179 9
2182 11
2183 22
2184 244
2185 53
2186 100
2187 107
2188 205
2189 135
2190 27
2191 71
2192 144
2193 1
2194 10
2195 115
2197 138
2198 87
2200 40
2202 241
2204 160
2205 116
2206 57
2207 224
2210 65
2211 46
2213 159
2214 62
2217 249
2218 35
2220 52
2221 194
2223 171
2224 31
2226 31
2227 169
2228 12
2229 194
2231 1
2232 124
2233 18
2234 209
2235 8
2236 176
2237 16
2239 91
2240 60
2241 37
2244 110
2245 90
2246 177
2248 40
2249 111
2250 183
2251 248
2252 216
2253 117
2255 234
2256 41
2257 148
2258 11
2259 204
2260 62
2261 41
2262 163
2263 66
2265 174
2266 75
2267 93
2268 60
2269 211
2270 233
2271 57
2272 6
2273 176
2274 97
2275 181
2276 35
2277 125
2278 1
2279 98
2280 209
2281 173
2282 60
2283 47
2284 0
2285 194
2286 235
2287 194
2288 50
2290 109
2291 136
2292 132
2293 163
2294 190
2298 167
2299 62
2300 77
2302 94
2303 111
2304 118
2305 212
2306 99
2307 35
2308 63
2309 70
2310 190
2311 246
2312 247
2314 47
2315 141
2316 89
2317 154
2318 87
2319 3
2320 204
2321 84
2323 38
2324 173
2325 76
2327 231
2329 13
2331 26
2332 68
2334 159
2335 21
2336 169
2337 81
2338 6
2339 36
2340 63
2341 214
2342 200
2343 192
2344 133
2345 159
2346 132
2349 201
2350 9
2351 123
2353 75
2354 184
2355 7
2356 170
2357 88
2358 44
2359 9
2360 92
2361 93
2362 73
2363 60
2364 167
2365 33
2367 54
2368 228
2369 236
2370 200
2371 26
2372 40
2373 9
2374 122
2376 26
2377 167
2379 222
2381 168
2383 134
2385 99
2386 144
2387 77
2388 78
2389 173
2390 128
2391 61
2393 160
2395 118
2397 164
2398 119
2399 200
2400 57
2401 118
2402 6
2403 28
2404 234
2405 130
2406 130
2407 159
2408 233
2409 167
2410 86
2411 80
2413 41
2414 247
2415 145
2418 61
2419 230
2420 159
2421 62
2422 247
2424 88
2425 50
2427 48
2428 73
2429 105
2430 77
2431 81
2432 35
2433 111
2434 176
2435 3
2438 173
2440 1
2441 77
2442 109
2443 16
2445 214
2446 10
2448 89
2449 243
2450 229
2451 100
2452 80
2455 62
2457 68
2459 114
2460 9
2461 45
2462 234
2463 0
2464 214
2467 239
2468 12
2471 247
2472 229
2473 48
2474 141
2476 83
2478 166
2479 98
2480 164
2482 19
2483 6
2484 10
2485 16
2486 142
2488 73
2489 94
2490 159
2491 247
2492 234
2493 11
2494 59
2495 199
2496 48
2498 112
2499 11
2501 154
2502 225
2503 139
2504 0
2505 191
2506 43
2507 236
2508 204
2510 102
2511 190
2512 182
2513 61
2514 92
2516 62
2517 166
2518 135
2519 123
2520 212
2521 31
2522 170
2524 3
2525 160
2528 30
2529 120
2531 199
2533 217
2534 21
2535 128
2536 76
2537 98
2538 69
2539 207
2540 38
2541 62
2542 68
2543 93
2545 171
2547 118
2548 217
2549 62
2550 95
2551 176
2552 205
2553 28
2557 7
2558 9
2560 124
2561 113
2563 102
2564 183
2565 87
2567 160
2569 18
2570 62
2572 136
2574 155
2576 200
2579 5
2580 36
2583 104
2584 76
2585 50
2586 145
2587 135
2588 39
2589 173
2590 226
2591 159
2592 14
2595 176
2596 159
2597 199
2598 10
2599 243
2601 98
2602 67
2604 67
2605 210
2606 217
2607 99
2608 9
2609 131
2610 235
2611 84
2612 206
2614 21
2615 199
2617 203
2618 133
2619 62
2620 120
2621 204
2623 111
2624 227
2625 42
2626 241
2627 80
2628 225
2631 239
2632 43
2633 205
2634 101
2635 103
2636 44
2637 12
2638 163
2639 10
2640 0
2642 195
2643 56
2644 73
2646 38
2648 25
2650 73
2652 126
2653 115
2654 67
2657 163
2660 133
2661 139
2662 236
2664 16
2665 62
2666 77
2667 140
2668 74
2670 180
2671 7
2672 5
2673 246
2674 7
2676 130
2677 210
2678 186
2679 141
2680 90
2681 118
2682 23
2683 97
2685 234
2686 130
2687 116
2688 198
2689 59
2690 229
2691 71
2692 82
2693 11
2694 203
2695 132
2697 71
2698 210
2701 41
2702 21
2703 70
2704 10
2705 118
2707 48
2709 49
2710 211
2711 221
2715 18
2716 11
2717 49
2718 2
2719 215
2720 68
2721 13
2722 66
2723 190
2724 57
2725 27
2726 6
2727 192
2728 140
2729 82
2731 144
2732 188
2733 76
2737 33
2738 91
2739 106
2741 225
2742 174
2743 164
2744 62
2745 95
2747 87
2748 57
2749 169
2750 124
2751 66
2752 7
2753 55
2755 168
2756 61
2758 213
2759 118
2760 177
2761 64
2762 47
2763 26
2764 213
2765 100
2768 87
2769 192
2772 133
2773 156
2775 110
2776 134
2777 226
2778 87
2779 43
2780 17
2781 177
2783 190
2785 112
2786 103
2787 200
2788 83
2789 159
2791 212
2792 198
2794 62
2795 71
2796 77
2798 204
2799 64
2801 210
2802 119
2803 134
2804 62
2806 190
2807 87
2809 244
2811 212
2812 213
2813 179
2815 134
2816 117
2817 9
2818 21
2820 62
2821 83
2822 36
2823 118
2825 43
2826 144
2830 159
2831 28
2832 49
2833 94
2834 167
2835 42
2838 97
2839 153
2840 247
2843 41
2844 15
2845 132
2846 120
2847 3
2848 16
2849 120
2850 132
2851 12
2852 153
2854 103
2855 87
2856 181
2857 54
2858 218
2859 207
2861 48
2862 126
2863 85
2866 71
2867 42
2868 204
2869 108
2870 86
2871 142
2872 30
2873 230
2874 2
2875 178
2876 34
2878 62
2879 23
2880 176
2881 212
2882 107
2883 139
2884 33
2885 135
2886 62
2887 134
2888 110
2889 131
2890 54
2892 40
2894 10
2895 102
2896 45
2898 111
2899 212
2900 195
2902 220
2904 74
2905 204
2906 200
2908 199
2909 62
2911 201
2912 119
2913 128
2914 199
2916 73
2917 151
2918 31
2920 169
2921 13
2922 209
2923 152
2925 103
2927 62
2928 109
2930 62
2931 7
2932 183
2933 32
2934 180
2936 62
2937 129
2938 42
2939 118
2940 62
2941 63
2942 133
2943 107
2944 115
2945 173
2946 67
2947 3
2948 232
2949 103
2950 122
2951 36
2952 210
2954 32
2955 198
2956 39
2957 62
2959 72
2960 44
2961 101
2962 9
2963 89
2964 80
2965 235
2968 62
2970 86
2971 71
2972 97
2973 98
2974 61
2975 193
2976 146
2979 101
2980 62
2986 62
2987 72
2988 201
2989 110
2990 195
2991 61
2993 211
2995 212
2996 35
2997 0
2999 109
3000 223
3001 223
3002 160
3003 198
3004 34
3005 235
3006 235
3007 136
3008 136
3009 73
3010 73
3011 148
3012 131
3013 163
3014 163
3015 176
3016 125
3017 125
3018 94
3021 89
3022 103
3023 103
3024 34
3025 125
3027 236
3028 162
3029 40
3030 169
3031 243
3032 243
3033 33
3035 153
3036 131
3038 107
3039 213
3041 38
3042 38
3043 91
3044 91
3045 94
3046 88
3048 183
3049 106
3050 68
3051 208
3052 93
3053 97
3055 86
3056 19
3057 30
3058 53
3061 38
3062 38
3063 2
3064 2
3065 118
3066 26
3067 35
3068 58
3069 58
3070 76
3071 228
3072 131
3076 200
3077 6
3078 6
3079 206
3081 21
3082 191
3084 172
3085 25
3086 25
3087 116
3088 116
3091 73
3092 73
3094 0
3095 41
3096 118
3097 118
3098 118
3099 119
3100 119
3101 194
3102 84
3103 84
3104 84
3105 11
3106 11
3107 119
3111 145
3112 47
3113 118
3114 204
3115 204
3116 204
3117 39
3118 39
3119 39
3120 24
3121 212
3122 212
3123 61
3124 61
3125 141
3127 176
3128 176
3129 173
3130 142
3131 142
3132 142
3133 13
3134 13
3135 206
3136 76
3137 132
3139 57
3140 57
3141 57
3144 247
3145 145
3146 149
3147 74
3148 49
3149 49
3152 136
3153 62
3154 71
3155 27
3156 27
3157 68
3158 180
3160 173
3161 1
3162 1
3163 1
3164 86
3165 31
3166 43
3168 62
3169 113
3170 113
3171 113
3172 132
3173 156
3174 62
3175 62
3176 114
3177 213
3179 61
3180 230
3181 192
3183 122
3184 190
3185 247
3186 56
3187 238
3190 7
3191 7
3192 7
3193 75
3194 67
3195 67
3196 47
3197 47
3198 47
3199 154
3200 154
3202 79
3203 231
3205 66
3206 242
3207 83
3210 235
3211 57
3212 57
3214 5
3215 26
3216 21
3218 108
3219 3
3220 25
3221 87
3222 88
3224 204
3225 204
3226 247
3227 62
3228 62
3229 117
3230 117
3231 37
3232 50
3233 210
3234 210
3235 62
3236 62
3237 105
3238 105
3239 42
3240 88
3241 199
3242 199
3243 240
3245 169
3246 183
3247 183
3248 98
3249 9
3250 198
3251 112
3252 129
3253 235
3254 235
3255 136
3256 136
3257 80
3258 80
3259 13
3260 13
3261 94
3262 94
3263 150
3265 9
3266 180
3269 159
3270 159
3272 45
3275 242
3277 243
3278 243
3279 103
3281 26
3282 185
3284 205
3286 3
3287 87
3288 87
3289 138
3290 20
3291 50
3292 91
3293 91
3294 176
3295 176
3296 169
3298 88
3299 227
3301 72
3302 173
3303 212
3304 212
3305 97
3306 97
3307 209
3308 30
3309 30
3310 71
3312 13
3313 53
3314 3
3315 3
3316 89
3318 10
3319 47
3320 5
3321 159
3323 241
3324 215
3325 64
3327 145
3328 194
3329 194
3330 63
3331 63
3332 92
3333 92
3334 216
3335 38
3336 111
3337 111
3338 173
3339 197
3340 197
3341 121
3345 119
3346 26
3348 39
3349 39
3351 7
3352 152
3353 152
3354 190
3355 206
3356 128
3357 128
3358 57
3360 57
3361 175
3362 145
3363 145
3364 149
3365 42
3366 101
3367 133
3368 49
3369 49
3370 49
3371 192
3372 144
3374 203
3375 5
3376 235
3377 14
3378 42
3379 67
3380 4
3381 4
3382 36
3383 201
3384 35
3385 43
3387 117
3388 205
3389 74
3390 74
3391 184
3392 200
3393 23
3394 23
3396 140
3397 163
3398 55
3399 100
3403 0
3404 151
3405 196
3406 71
3407 7
3408 7
3409 206
3410 206
3411 66
3412 66
3413 242
3414 157
3415 185
3416 26
3417 173
3419 26
3420 209
3423 21
3424 227
3425 108
3426 25
3427 94
3428 111
3429 32
3430 32
3431 200
3432 200
3433 165
3434 165
3435 244
3436 138
3437 22
3439 103
3441 60
3442 91
3443 159
3445 232
3446 159
3447 62
3448 62
3449 62
3451 94
3452 94
3453 212
3454 232
3455 232
3456 71
3457 62
3459 113
3460 113
3461 64
3462 64
3463 3
3464 3
3465 7
3466 0
3467 177
3468 112
3469 112
3471 129
3472 52
3473 48
3474 13
3475 13
3476 73
3477 73
3478 180
3479 133
3480 133
3481 247
3482 125
3484 204
3485 157
3486 185
3487 94
3488 28
3489 248
3490 34
3491 45
3492 45
3493 45
3494 45
3496 3
3497 115
3498 215
3499 217
3501 74
3502 212
3503 212
3504 158
3505 135
3506 135
3507 26
3508 120
3509 15
3510 124
3511 17
3512 20
3513 20
3514 50
3515 50
3516 176
3517 176
3518 183
3520 106
3521 106
3522 18
3523 18
3524 18
3526 181
3528 247
3529 24
3530 13
3531 13
3532 30
3533 3
3534 46
3535 61
3536 147
3537 147
3538 66
3539 119
3540 229
3541 215
3542 244
3543 248
3544 202
3546 28
3548 206
3549 34
3550 222
3551 111
3552 111
3553 73
3554 220
3555 73
3556 207
3557 189
3558 89
3559 197
3560 80
3562 19
3563 19
3564 204
3565 204
3566 204
3567 246
3568 39
3569 39
3570 246
3571 24
3572 212
3573 212
3574 177
3575 40
3576 34
3577 53
3579 150
3580 119
3581 116
3582 202
3583 239
3584 10
3585 10
3586 103
3587 217
3588 103
3589 62
3590 44
3591 44
3592 181
3593 6
3594 6
3596 9
3597 172
3598 86
3600 62
3601 62
3603 186
3604 68
3605 99
3606 99
3607 145
3608 71
3609 1
3610 1
3611 1
3612 31
3613 31
3614 31
3615 217
3616 43
3618 211
3619 87
3620 156
3621 220
3622 220
3623 11
3624 90
3625 90
3627 200
3628 20
3630 140
3631 159
3632 22
3633 29
3635 7
3636 3
3637 72
3638 85
3639 107
3640 242
3641 78
3642 134
3643 28
3644 5
3645 131
3647 22
3648 183
3649 3
3650 25
3651 25
3652 9
3653 151
3654 111
3655 111
3656 200
3657 200
3658 75
3659 165
3660 165
3661 185
3662 62
3663 65
3664 65
3665 62
3666 62
3667 62
3668 3
3669 117
3670 117
3671 50
3672 54
3673 42
3674 214
3676 16
3677 159
3678 14
3679 222
3680 48
3681 9
3682 148
3683 163
3684 163
3685 212
3686 174
3687 174
3688 55
3689 84
3690 67
3691 94
3692 45
3693 45
3694 45
3695 45
3696 125
3697 125
3698 239
3699 91
3700 92
3701 3
3702 217
3703 75
3704 159
3705 107
3706 107
3707 3
3708 91
3709 91
3710 176
3711 176
3712 88
3713 88
3714 28
3715 24
3716 24
3717 173
3718 97
3719 97
3720 29
3721 10
3722 159
3723 191
3724 237
3725 46
3726 14
3727 112
3728 177
3729 159
3730 157
3731 159
3732 147
3733 58
3734 147
3735 247
3736 234
3737 77
3738 29
3739 198
3740 26
3741 21
3742 21
3743 145
3744 114
3745 216
3746 123
3747 123
3748 173
3749 222
3750 0
3751 119
3752 119
3753 189
3754 192
3755 233
3756 61
3757 61
3758 112
3759 112
3760 7
3761 43
3762 42
3763 101
3764 110
3765 110
3766 145
3767 116
3768 132
3769 132
3770 87
3771 214
3772 62
3773 62
3774 175
3775 145
3776 29
3777 218
3778 101
3779 86
3780 86
3781 132
3782 33
3783 222
3784 210
3785 34
3786 42
3787 27
3788 27
3789 180
3790 4
3791 4
3792 145
3793 102
3794 2
3795 199
3796 221
3797 221
3798 14
3799 190
3800 199
3801 6
3802 117
3803 11
3804 11
3805 150
3806 121
3807 153
3808 78
3809 192
3810 0
3811 152
3812 218
3813 5
3814 222
3815 221
3816 218
3817 75
3818 67
3819 67
3820 173
3821 173
3822 50
3823 196
3824 110
3825 54
3826 98
3827 83
3828 40
3829 132
3830 78
3831 53
3832 28
3833 209
3834 209
3835 5
3836 101
3837 131
3838 167
3839 22
3840 22
3841 21
3842 28
3843 103
3844 47
3845 222
3846 94
3847 94
3848 192
3849 176
3850 75
3851 171
3852 212
3853 35
3854 35
3855 35
3856 247
3857 109
3858 221
3859 218
3860 12
3861 237
3862 189
3863 124
3864 37
3865 94
3866 209
3867 196
3868 62
3869 62
3870 70
3871 64
3872 64
3873 74
3874 199
3875 199
3876 212
3877 214
3878 24
