0 -1
1 -1
2 0
3 -1
4 1
6 -1
7 -1
8 -1
9 -1
10 -1
11 128
12 -1
13 -1
14 -1
15 2
16 -1
17 3
18 -1
19 4
20 -1
21 -1
22 5
23 2
24 6
25 9
26 -1
27 7
28 -1
30 -1
31 -1
32 -1
33 8
34 9
35 -1
36 -1
37 -1
38 -1
40 9
41 -1
42 -1
43 -1
44 -1
45 -1
46 10
47 11
49 143
50 -1
51 12
52 141
53 -1
54 13
55 -1
57 14
58 -1
60 -1
61 -1
62 -1
64 -1
65 15
66 -1
67 16
68 -1
69 -1
70 17
71 9
75 18
76 -1
77 -1
78 -1
79 -1
80 19
81 20
83 142
84 -1
85 -1
86 -1
87 9
88 -1
89 21
90 -1
91 22
92 23
93 -1
94 -1
95 24
96 -1
97 65
98 25
99 9
101 -1
102 26
104 -1
105 27
106 -1
107 9
108 -1
109 -1
110 28
111 -1
112 29
113 -1
114 30
115 9
116 31
118 9
119 -1
120 -1
122 -1
123 -1
124 9
125 -1
126 -1
127 -1
128 -1
129 110
130 -1
131 -1
132 -1
133 -1
135 -1
136 -1
137 32
138 -1
139 -1
140 9
141 -1
142 136
143 33
144 34
145 -1
146 35
147 23
148 18
149 36
150 9
151 -1
152 -1
153 -1
154 37
155 -1
156 -1
157 -1
158 38
159 -1
160 -1
161 -1
162 39
163 40
164 -1
165 41
166 -1
167 -1
168 -1
169 -1
170 -1
171 -1
172 -1
173 -1
174 -1
175 134
176 9
177 -1
178 42
179 43
180 -1
181 -1
182 -1
183 44
184 45
185 -1
186 9
187 -1
188 46
189 -1
190 9
191 -1
192 47
193 -1
194 48
195 49
196 20
198 -1
199 -1
200 -1
201 50
202 -1
203 -1
204 -1
206 51
207 11
209 -1
210 65
211 -1
212 -1
213 52
214 -1
215 9
216 53
218 54
219 -1
220 -1
221 -1
222 -1
223 55
224 -1
225 10
226 -1
227 -1
228 -1
229 -1
230 -1
231 77
233 9
234 -1
235 -1
236 -1
237 -1
239 -1
240 56
241 24
242 57
243 -1
244 58
245 -1
246 -1
247 -1
248 9
249 -1
250 -1
251 59
252 -1
253 60
254 -1
256 -1
257 61
258 -1
259 -1
260 -1
263 -1
264 -1
265 62
266 -1
267 63
268 -1
269 -1
271 -1
272 -1
273 64
274 11
275 65
276 66
277 9
278 57
280 -1
281 1
282 -1
283 -1
284 -1
286 67
287 -1
288 9
289 68
290 69
292 9
293 -1
294 -1
295 9
296 70
297 71
299 -1
300 -1
301 -1
303 9
304 -1
305 -1
306 -1
307 -1
308 -1
309 -1
310 65
312 -1
313 -1
314 -1
315 72
317 -1
318 -1
319 -1
320 41
321 -1
322 -1
323 17
324 -1
325 73
326 74
327 75
328 -1
330 76
331 -1
332 77
333 78
334 65
335 -1
336 9
337 -1
338 -1
340 79
342 -1
343 80
344 81
345 9
346 -1
347 -1
348 82
349 -1
350 135
351 -1
352 -1
353 83
354 -1
355 64
356 -1
357 84
358 8
361 -1
362 -1
363 -1
364 -1
365 85
366 86
367 -1
368 -1
369 9
370 87
371 136
373 59
375 9
377 -1
378 -1
379 52
380 -1
381 77
382 140
383 -1
384 88
385 -1
386 -1
387 9
389 -1
391 89
392 -1
393 9
394 -1
395 -1
396 9
397 -1
398 -1
400 -1
401 -1
402 -1
403 82
404 -1
405 -1
406 9
408 -1
409 -1
410 90
411 91
412 -1
413 92
414 67
415 6
416 76
417 -1
418 -1
419 9
420 -1
421 -1
422 9
423 -1
424 -1
425 -1
426 -1
427 90
428 -1
429 -1
430 93
431 94
432 56
433 -1
434 95
435 -1
436 139
437 -1
438 9
439 115
440 96
441 -1
444 97
445 -1
446 -1
447 -1
448 98
449 -1
451 99
452 -1
453 -1
454 -1
455 100
456 101
457 -1
458 -1
459 -1
460 -1
461 -1
462 -1
463 9
464 -1
465 -1
466 9
467 -1
469 -1
470 -1
471 -1
472 9
473 131
474 -1
475 145
477 -1
478 -1
479 9
480 -1
481 9
483 102
484 -1
485 -1
486 -1
487 -1
488 103
490 139
492 100
493 -1
496 104
497 -1
498 -1
499 -1
500 49
501 105
502 -1
503 128
504 -1
505 9
507 32
508 -1
509 106
510 -1
511 -1
512 67
513 -1
514 -1
516 26
517 107
518 -1
520 -1
521 60
522 94
523 -1
524 9
525 108
527 109
528 33
529 -1
530 -1
531 9
532 10
533 -1
534 75
535 -1
536 -1
537 -1
538 9
539 -1
540 -1
541 83
542 -1
543 110
544 -1
545 -1
547 -1
548 -1
549 104
550 80
551 9
552 -1
554 4
555 111
556 -1
557 -1
558 91
559 34
560 9
561 -1
562 -1
563 -1
564 70
565 -1
566 -1
567 -1
568 34
569 139
570 -1
571 46
572 1
573 -1
574 -1
575 -1
576 121
577 -1
578 -1
579 3
580 112
581 69
582 9
583 111
584 9
585 -1
586 -1
588 4
589 -1
590 88
591 -1
592 -1
593 79
594 93
596 -1
597 -1
600 -1
601 113
602 50
604 -1
606 -1
607 89
608 -1
609 78
610 -1
611 -1
612 -1
614 114
615 -1
616 86
617 115
619 -1
620 -1
621 113
622 -1
623 -1
625 9
626 -1
627 9
628 -1
629 -1
630 54
631 82
632 -1
633 -1
634 34
635 -1
636 76
637 42
638 9
639 32
640 -1
641 -1
642 9
643 77
644 93
645 -1
647 29
648 -1
649 -1
650 -1
651 21
652 -1
653 -1
654 9
655 94
656 -1
657 131
658 -1
659 -1
660 -1
661 -1
663 -1
664 116
665 -1
666 17
668 59
669 9
670 -1
671 -1
672 -1
673 85
674 103
675 -1
677 80
678 14
679 117
680 -1
681 142
682 118
683 51
684 -1
685 -1
686 119
688 -1
689 -1
690 31
691 75
692 75
693 49
694 -1
695 -1
696 3
697 -1
698 9
699 142
700 -1
701 44
704 -1
705 89
706 -1
708 -1
709 -1
710 120
712 -1
713 36
714 41
715 9
716 121
717 -1
718 -1
719 21
720 -1
721 139
722 -1
723 48
724 82
725 -1
726 121
727 9
728 78
729 28
730 93
732 9
733 -1
734 89
736 5
738 -1
739 -1
740 -1
741 -1
742 9
743 -1
744 -1
745 9
747 -1
748 -1
749 122
750 107
751 -1
752 9
753 129
754 -1
755 -1
756 146
757 -1
758 -1
759 12
760 -1
761 9
763 -1
764 -1
765 56
766 -1
767 100
768 94
770 123
771 124
772 -1
775 118
776 111
778 50
779 53
780 125
781 93
782 128
783 -1
784 37
785 126
786 -1
787 -1
788 40
789 88
790 104
791 -1
792 -1
793 92
794 -1
795 -1
796 -1
798 -1
800 78
801 57
802 -1
803 0
804 109
805 -1
806 -1
807 -1
808 96
810 -1
812 -1
813 125
814 57
815 86
816 -1
817 40
818 -1
819 39
820 9
822 -1
823 -1
824 -1
827 94
828 96
829 -1
831 -1
833 -1
834 -1
835 -1
836 62
837 35
838 9
839 -1
840 -1
841 9
842 34
843 -1
844 87
845 103
846 -1
847 -1
848 -1
849 -1
850 -1
851 124
852 30
853 -1
854 42
855 -1
856 98
857 -1
858 26
859 -1
860 37
861 -1
862 9
863 16
864 -1
865 -1
866 15
867 24
868 9
869 87
870 -1
871 136
872 -1
873 -1
874 -1
875 -1
876 -1
877 50
878 -1
879 -1
880 9
881 24
882 5
884 6
885 125
886 65
887 85
888 -1
889 -1
891 60
892 49
893 -1
894 9
895 -1
896 94
897 42
899 106
900 20
901 127
902 102
903 106
904 -1
906 -1
907 7
908 128
910 -1
911 51
913 -1
914 -1
915 -1
916 -1
917 -1
918 129
919 -1
921 9
922 78
923 -1
925 130
927 -1
928 -1
930 29
931 144
932 -1
933 8
934 62
935 81
936 37
937 95
938 138
939 99
940 -1
941 54
942 95
943 -1
944 0
945 -1
946 -1
947 23
948 87
950 -1
951 -1
952 -1
953 -1
955 -1
956 -1
957 123
958 -1
959 -1
960 -1
961 106
962 114
963 104
964 -1
965 -1
966 -1
967 -1
968 23
969 26
970 -1
971 145
972 92
973 -1
974 24
975 131
976 -1
977 115
978 -1
980 -1
981 124
982 -1
983 -1
984 -1
986 -1
987 55
988 -1
989 13
990 -1
992 -1
994 108
995 -1
996 22
997 55
998 78
999 -1
1000 14
1001 -1
1002 132
1003 -1
1004 -1
1005 -1
1007 107
1008 12
1010 24
1011 -1
1012 -1
1013 15
1014 50
1015 -1
1016 27
1017 104
1018 -1
1019 64
1020 -1
1021 93
1022 -1
1023 -1
1024 144
1025 9
1026 -1
1027 -1
1028 125
1029 -1
1030 -1
1031 -1
1032 73
1033 9
1034 -1
1035 124
1036 9
1038 -1
1039 64
1040 92
1041 55
1042 136
1043 71
1044 117
1045 -1
1046 -1
1047 9
1048 -1
1049 -1
1050 -1
1052 -1
1053 116
1055 98
1056 59
1059 34
1060 -1
1061 -1
1062 -1
1063 -1
1064 -1
1065 9
1066 -1
1067 -1
1068 127
1069 112
1070 -1
1071 6
1072 38
1073 104
1074 32
1075 130
1076 33
1077 83
1078 -1
1079 -1
1080 83
1081 -1
1082 70
1083 -1
1085 -1
1086 -1
1087 126
1088 143
1089 -1
1091 62
1093 -1
1094 -1
1095 -1
1096 98
1097 53
1098 12
1099 -1
1100 119
1101 -1
1102 99
1103 134
1104 -1
1105 129
1106 84
1107 5
1108 -1
1109 -1
1110 -1
1111 -1
1112 60
1113 134
1114 105
1115 123
1116 12
1117 -1
1118 -1
1119 77
1120 -1
1121 -1
1122 72
1123 126
1124 -1
1125 117
1126 15
1128 -1
1129 16
1130 -1
1131 9
1132 -1
1133 -1
1134 -1
1135 -1
1137 -1
1138 86
1139 -1
1140 -1
1142 -1
1143 120
1144 -1
1145 -1
1147 -1
1148 -1
1149 114
1151 91
1153 -1
1154 -1
1155 -1
1156 -1
1157 -1
1158 9
1159 62
1160 110
1161 -1
1162 9
1164 0
1165 9
1166 -1
1168 -1
1169 -1
1170 -1
1171 9
1172 106
1173 68
1174 127
1175 -1
1177 101
1178 33
1180 39
1181 -1
1182 37
1183 70
1184 82
1185 102
1186 -1
1187 19
1188 127
1189 17
1190 -1
1191 -1
1193 57
1194 -1
1195 -1
1197 72
1199 95
1200 -1
1201 -1
1203 131
1204 -1
1205 85
1207 -1
1208 89
1209 -1
1210 -1
1212 -1
1213 9
1214 -1
1215 54
1217 67
1218 130
1219 61
1220 -1
1221 -1
1222 122
1223 9
1224 -1
1225 -1
1226 140
1227 -1
1228 9
1229 3
1230 -1
1231 -1
1232 117
1233 31
1235 -1
1236 46
1237 47
1238 24
1239 6
1240 -1
1241 113
1242 91
1243 9
1244 60
1245 -1
1247 -1
1248 9
1250 58
1251 -1
1252 93
1253 -1
1254 130
1256 122
1257 8
1258 9
1259 -1
1261 96
1262 -1
1263 -1
1264 94
1265 -1
1267 109
1268 9
1269 -1
1270 -1
1271 24
1272 -1
1273 -1
1274 71
1275 47
1277 142
1278 138
1279 114
1280 102
1284 87
1285 39
1286 112
1287 88
1289 29
1290 44
1291 39
1292 119
1294 140
1296 128
1298 -1
1299 -1
1302 77
1303 -1
1304 89
1305 1
1306 -1
1307 13
1308 -1
1309 24
1310 -1
1311 -1
1312 44
1313 17
1314 60
1315 38
1316 93
1317 9
1319 13
1320 77
1321 109
1322 -1
1323 101
1325 48
1326 -1
1328 -1
1329 -1
1330 47
1331 29
1332 76
1334 104
1335 -1
1336 24
1338 -1
1339 -1
1340 55
1342 9
1343 32
1344 30
1345 77
1346 39
1347 97
1348 -1
1349 -1
1351 125
1352 114
1354 -1
1355 -1
1356 -1
1357 -1
1359 45
1360 33
1363 -1
1364 -1
1365 -1
1368 -1
1369 94
1371 56
1372 -1
1373 -1
1374 47
1376 -1
1377 -1
1378 -1
1379 106
1381 -1
1382 105
1383 -1
1384 -1
1385 -1
1386 -1
1387 129
1389 76
1390 146
1391 -1
1392 116
1394 93
1395 9
1396 144
1399 4
1400 18
1401 -1
1402 129
1403 50
1404 24
1405 -1
1406 -1
1407 30
1408 77
1409 83
1410 -1
1413 6
1414 -1
1415 66
1416 -1
1417 107
1419 -1
1420 114
1421 134
1423 101
1424 24
1425 146
1426 -1
1427 99
1428 -1
1429 -1
1430 131
1431 -1
1432 -1
1434 126
1436 9
1437 -1
1438 -1
1439 9
1440 -1
1441 53
1442 133
1443 8
1444 -1
1445 -1
1446 107
1447 30
1448 10
1449 127
1451 -1
1453 -1
1455 71
1457 -1
1458 -1
1459 125
1460 4
1461 -1
1462 15
1463 77
1464 77
1465 63
1466 113
1467 -1
1468 -1
1469 -1
1470 -1
1471 -1
1472 -1
1473 96
1474 -1
1475 -1
1476 -1
1477 76
1478 57
1480 -1
1482 68
1483 96
1485 -1
1486 -1
1487 53
1488 -1
1489 9
1490 -1
1491 109
1493 36
1494 -1
1495 -1
1496 -1
1497 66
1499 -1
1500 -1
1501 126
1502 67
1503 58
1505 27
1506 102
1507 -1
1508 -1
1509 -1
1510 9
1511 71
1513 -1
1515 -1
1516 -1
1517 -1
1518 -1
1519 68
1520 92
1522 -1
1524 9
1525 77
1526 111
1528 -1
1529 -1
1530 -1
1531 2
1532 -1
1533 9
1534 -1
1535 -1
1536 -1
1537 48
1538 -1
1540 -1
1542 94
1543 126
1544 80
1545 -1
1547 -1
1548 -1
1551 -1
1552 -1
1553 39
1554 -1
1555 116
1558 121
1559 88
1560 -1
1561 -1
1562 9
1563 -1
1564 132
1565 38
1566 100
1567 73
1568 -1
1569 93
1570 -1
1571 41
1573 5
1574 -1
1576 145
1577 18
1578 -1
1579 -1
1581 14
1582 -1
1583 86
1586 -1
1587 -1
1589 111
1590 -1
1592 125
1593 37
1594 13
1596 145
1598 -1
1599 -1
1600 -1
1601 -1
1602 -1
1604 8
1605 -1
1606 -1
1609 83
1610 105
1612 52
1613 9
1614 66
1616 -1
1617 59
1619 -1
1620 -1
1621 61
1622 64
1623 102
1624 -1
1626 -1
1627 -1
1628 47
1629 140
1630 -1
1631 -1
1632 15
1633 -1
1634 -1
1635 108
1637 10
1638 -1
1639 -1
1640 -1
1641 76
1643 136
1644 -1
1645 132
1647 50
1648 -1
1650 105
1652 -1
1653 12
1655 -1
1656 131
1657 13
1658 -1
1659 119
1660 16
1661 -1
1662 127
1663 94
1664 17
1665 70
1666 125
1667 19
1668 73
1669 -1
1670 57
1671 142
1672 7
1673 105
1674 -1
1675 9
1676 7
1678 -1
1680 56
1681 -1
1682 69
1684 -1
1685 -1
1686 82
1687 -1
1688 144
1689 14
1690 -1
1691 -1
1693 14
1694 84
1695 40
1697 -1
1698 74
1699 55
1701 -1
1702 91
1704 -1
1706 -1
1707 -1
1709 9
1711 80
1712 4
1713 -1
1714 -1
1715 50
1716 36
1717 -1
1718 9
1719 -1
1720 -1
1721 -1
1722 -1
1723 106
1724 37
1726 -1
1727 -1
1728 9
1729 -1
1732 77
1733 -1
1734 -1
1736 84
1738 24
1739 -1
1740 -1
1741 -1
1743 39
1744 69
1745 53
1747 114
1750 -1
1751 -1
1753 -1
1754 9
1755 -1
1756 69
1758 39
1759 85
1760 26
1761 24
1762 -1
1763 120
1764 25
1765 -1
1766 38
1767 -1
1768 22
1769 -1
1770 -1
1771 124
1772 48
1773 -1
1774 18
1775 -1
1776 -1
1777 -1
1778 58
1779 58
1780 -1
1782 92
1783 9
1784 -1
1785 -1
1788 134
1789 -1
1790 94
1793 -1
1794 91
1797 -1
1798 -1
1799 124
1800 9
1802 -1
1803 -1
1804 -1
1805 -1
1809 27
1810 12
1811 107
1813 -1
1814 -1
1815 21
1816 -1
1817 49
1818 -1
1819 -1
1820 -1
1822 84
1823 -1
1824 -1
1825 -1
1826 24
1827 -1
1828 -1
1829 -1
1831 128
1832 119
1833 129
1834 66
1835 29
1838 -1
1842 77
1843 88
1844 2
1845 -1
1847 135
1848 -1
1849 -1
1850 -1
1851 -1
1852 26
1853 -1
1854 -1
1855 63
1856 -1
1857 73
1858 72
1862 -1
1863 116
1864 101
1865 -1
1866 -1
1867 113
1868 48
1869 -1
1870 58
1871 118
1873 121
1874 73
1875 -1
1876 -1
1877 -1
1878 51
1879 119
1880 -1
1881 8
1882 125
1884 138
1885 67
1886 99
1887 2
1888 108
1889 -1
1890 87
1891 -1
1892 8
1893 13
1894 82
1895 -1
1897 -1
1898 -1
1899 30
1900 -1
1901 2
1902 136
1904 137
1906 110
1907 30
1910 -1
1913 -1
1914 -1
1915 -1
1917 -1
1918 63
1919 39
1921 9
1923 -1
1924 65
1925 -1
1926 56
1928 140
1929 -1
1930 -1
1931 -1
1933 9
1934 43
1936 -1
1937 9
1938 -1
1939 -1
1940 94
1941 -1
1942 -1
1943 -1
1944 38
1946 -1
1947 92
1948 9
1949 118
1950 46
1951 -1
1952 -1
1953 102
1955 9
1956 -1
1957 30
1959 130
1960 3
1962 -1
1963 -1
1966 7
1967 68
1968 9
1969 33
1971 -1
1972 122
1973 -1
1974 -1
1975 -1
1977 137
1978 -1
1979 130
1980 -1
1981 -1
1982 15
1983 -1
1984 -1
1985 1
1986 -1
1987 107
1989 49
1991 -1
1992 24
1994 130
1995 9
1996 132
1997 -1
1998 122
1999 -1
2000 -1
2001 0
2002 -1
2003 -1
2004 125
2005 -1
2006 9
2007 -1
2008 52
2009 1
2010 -1
2011 -1
2012 18
2015 135
2016 -1
2017 -1
2019 111
2021 -1
2022 130
2024 40
2025 -1
2027 26
2028 -1
2029 9
2030 -1
2031 78
2032 -1
2033 8
2035 -1
2036 120
2040 -1
2041 -1
2042 -1
2045 -1
2046 -1
2047 9
2051 -1
2053 -1
2054 107
2055 80
2057 -1
2058 -1
2059 80
2060 -1
2061 91
2062 79
2065 -1
2067 -1
2068 -1
2071 35
2072 34
2073 -1
2074 -1
2075 -1
2076 2
2077 35
2078 -1
2079 43
2081 42
2083 138
2084 65
2085 35
2086 88
2087 39
2088 17
2090 -1
2091 -1
2092 102
2093 81
2094 -1
2095 51
2096 -1
2097 -1
2098 -1
2099 -1
2100 -1
2101 101
2102 22
2103 120
2105 108
2107 9
2108 -1
2109 47
2110 -1
2111 -1
2113 -1
2115 -1
2116 -1
2118 -1
2119 9
2121 -1
2122 69
2123 -1
2124 50
2125 9
2126 11
2127 -1
2128 -1
2129 59
2130 109
2131 -1
2132 121
2133 -1
2134 46
2135 9
2140 9
2141 -1
2142 -1
2143 -1
2146 -1
2147 -1
2148 73
2150 -1
2152 25
2153 -1
2154 -1
2155 9
2156 103
2157 -1
2158 19
2159 20
2161 13
2162 -1
2163 82
2165 51
2166 -1
2167 32
2168 -1
2169 62
2170 16
2171 4
2173 80
2174 123
2178 -1
2179 25
2182 9
2183 9
2184 -1
2185 9
2186 130
2187 74
2188 53
2189 -1
2190 -1
2191 -1
2192 -1
2193 -1
2194 -1
2195 7
2197 -1
2200 65
2202 -1
2204 -1
2205 -1
2206 88
2207 57
2210 107
2211 -1
2213 -1
2214 -1
2217 56
2218 -1
2220 144
2221 -1
2223 -1
2224 122
2226 122
2227 -1
2228 -1
2229 -1
2231 -1
2232 9
2233 78
2235 -1
2236 -1
2237 72
2239 135
2240 41
2241 -1
2244 99
2245 -1
2246 141
2248 61
2249 43
2251 77
2252 -1
2253 -1
2255 67
2256 -1
2257 9
2258 -1
2259 83
2260 24
2261 -1
2262 -1
2263 0
2265 -1
2266 -1
2267 -1
2268 41
2269 -1
2270 -1
2271 2
2272 -1
2273 9
2274 97
2275 -1
2276 -1
2277 85
2278 106
2280 9
2281 -1
2282 41
2284 -1
2285 -1
2286 30
2287 -1
2288 52
2290 87
2291 -1
2292 -1
2294 9
2298 -1
2299 -1
2300 -1
2302 10
2303 59
2304 125
2305 143
2306 -1
2307 -1
2308 116
2309 -1
2310 -1
2311 -1
2312 -1
2314 47
2315 9
2316 -1
2317 111
2318 -1
2320 23
2323 -1
2324 -1
2325 -1
2327 -1
2329 66
2331 -1
2332 -1
2334 -1
2335 -1
2336 71
2337 9
2338 -1
2339 -1
2340 116
2341 32
2342 -1
2343 -1
2344 31
2345 24
2346 9
2350 -1
2351 70
2353 -1
2354 -1
2355 13
2356 -1
2357 44
2359 45
2360 49
2361 -1
2362 34
2363 41
2364 -1
2365 -1
2367 -1
2368 32
2369 64
2372 61
2373 28
2374 -1
2376 -1
2379 -1
2381 124
2383 -1
2385 109
2386 -1
2387 -1
2389 9
2390 -1
2391 -1
2393 -1
2395 125
2397 142
2398 81
2399 -1
2400 -1
2401 125
2402 14
2403 -1
2404 -1
2405 82
2406 -1
2407 37
2408 -1
2409 -1
2410 35
2411 55
2413 -1
2414 -1
2415 -1
2418 -1
2419 -1
2420 -1
2421 79
2422 -1
2424 44
2425 -1
2427 9
2428 -1
2429 86
2430 -1
2431 9
2432 -1
2433 24
2434 -1
2438 27
2440 -1
2441 -1
2442 87
2443 62
2445 32
2446 -1
2448 -1
2449 30
2450 -1
2451 130
2452 55
2455 24
2457 -1
2459 138
2460 -1
2461 39
2462 -1
2463 -1
2464 -1
2467 -1
2468 -1
2472 -1
2473 9
2474 -1
2476 1
2478 120
2482 94
2483 14
2484 -1
2485 80
2486 12
2488 26
2489 -1
2490 91
2491 -1
2492 67
2493 -1
2494 29
2495 9
2496 9
2498 -1
2499 -1
2501 111
2502 139
2503 -1
2505 -1
2506 -1
2507 64
2508 83
2510 21
2511 -1
2512 -1
2513 92
2514 49
2516 -1
2517 -1
2518 -1
2519 70
2520 -1
2521 122
2522 -1
2524 -1
2525 -1
2528 103
2529 95
2531 9
2533 -1
2534 102
2536 -1
2537 -1
2538 -1
2539 -1
2540 117
2541 -1
2542 9
2543 -1
2545 -1
2547 -1
2548 -1
2549 17
2550 -1
2551 25
2552 53
2553 -1
2557 33
2558 -1
2560 -1
2561 134
2563 21
2565 -1
2567 -1
2569 78
2570 -1
2572 -1
2574 104
2576 90
2579 -1
2580 -1
2583 46
2584 -1
2585 -1
2586 110
2587 -1
2588 -1
2589 9
2590 -1
2591 37
2592 -1
2595 25
2597 9
2598 -1
2599 30
2601 -1
2602 20
2604 20
2605 -1
2606 -1
2607 109
2608 140
2609 -1
2610 89
2612 -1
2614 102
2615 -1
2617 146
2618 31
2619 73
2620 95
2621 -1
2623 -1
2624 9
2625 -1
2626 -1
2627 -1
2628 -1
2632 -1
2633 53
2634 -1
2635 -1
2636 118
2637 -1
2638 -1
2639 -1
2640 -1
2642 9
2643 96
2644 34
2646 117
2648 69
2650 -1
2652 108
2653 7
2654 -1
2657 123
2660 31
2662 64
2664 62
2666 -1
2667 -1
2668 -1
2670 -1
2671 13
2672 112
2673 -1
2674 13
2676 82
2678 -1
2679 9
2680 -1
2681 -1
2682 6
2683 97
2685 -1
2686 82
2687 -1
2688 -1
2689 29
2690 -1
2691 -1
2692 126
2693 9
2694 -1
2695 -1
2697 -1
2698 133
2701 -1
2702 -1
2704 -1
2705 9
2707 9
2709 68
2710 9
2711 -1
2715 78
2716 -1
2717 68
2718 63
2719 144
2720 -1
2721 66
2722 0
2723 9
2724 88
2725 -1
2726 14
2728 -1
2729 126
2731 -1
2732 27
2733 -1
2737 -1
2738 135
2739 84
2741 -1
2743 -1
2744 88
2745 -1
2747 -1
2748 -1
2749 71
2750 -1
2751 -1
2752 13
2753 137
2755 124
2756 -1
2758 115
2759 125
2760 9
2762 47
2763 -1
2764 115
2765 130
2768 129
2772 -1
2773 6
2775 99
2776 36
2777 -1
2778 -1
2779 -1
2780 -1
2783 -1
2785 -1
2786 -1
2787 90
2788 1
2789 24
2791 -1
2792 9
2794 -1
2795 -1
2796 -1
2798 -1
2799 -1
2801 133
2802 -1
2803 -1
2804 24
2806 100
2807 -1
2809 -1
2811 141
2812 19
2813 29
2815 36
2816 42
2817 28
2818 -1
2820 17
2821 1
2822 -1
2823 125
2825 132
2826 -1
2830 24
2831 -1
2832 50
2833 9
2834 -1
2835 9
2838 97
2839 4
2840 -1
2843 -1
2844 131
2845 68
2846 95
2848 72
2849 95
2850 9
2851 -1
2854 -1
2856 -1
2857 59
2858 -1
2859 -1
2862 108
2863 51
2866 -1
2867 9
2868 23
2869 -1
2870 65
2871 -1
2872 54
2873 -1
2874 63
2875 -1
2878 -1
2879 6
2880 25
2882 74
2884 -1
2886 79
2887 -1
2888 99
2889 -1
2890 -1
2892 -1
2894 -1
2895 21
2896 39
2898 43
2899 113
2900 9
2902 130
2904 145
2906 90
2908 9
2909 79
2912 81
2914 9
2916 26
2917 -1
2918 122
2920 -1
2921 142
2923 -1
2925 -1
2927 -1
2928 87
2930 -1
2931 -1
2932 -1
2933 -1
2934 -1
2936 73
2937 -1
2939 -1
2940 24
2941 116
2942 -1
2943 51
2944 7
2945 -1
2946 -1
2947 9
2948 75
2950 -1
2952 133
2954 -1
2955 -1
2956 -1
2957 73
2959 -1
2960 59
2961 -1
2962 45
2963 -1
2964 -1
2965 30
2968 73
2970 65
2971 -1
2973 -1
2974 -1
2975 80
2976 -1
2979 -1
2980 5
2986 105
2987 -1
2988 -1
2989 99
2990 -1
2991 92
2993 -1
2995 -1
2996 38
2997 -1
2999 87
3000 -1
3001 -1
3002 -1
3003 9
3004 143
3005 30
3008 -1
3009 -1
3010 -1
3011 9
3012 9
3013 123
3014 123
3015 28
3016 85
3017 85
3021 -1
3022 -1
3023 -1
3024 -1
3025 -1
3027 64
3028 -1
3029 61
3030 -1
3031 30
3032 30
3033 -1
3036 -1
3038 74
3039 19
3041 117
3042 117
3043 135
3044 135
3045 -1
3046 44
3049 84
3050 84
3051 -1
3052 -1
3053 97
3055 65
3056 -1
3057 54
3058 -1
3061 22
3062 22
3063 63
3064 63
3065 -1
3066 -1
3068 -1
3069 -1
3070 -1
3071 -1
3072 -1
3076 -1
3077 14
3078 14
3079 -1
3081 102
3082 -1
3085 69
3086 69
3087 -1
3091 26
3092 26
3094 -1
3095 -1
3096 125
3097 125
3098 125
3099 81
3100 81
3101 -1
3102 93
3103 93
3104 93
3105 -1
3106 -1
3107 142
3112 9
3113 9
3114 83
3115 83
3116 83
3117 -1
3118 -1
3119 -1
3120 -1
3121 113
3122 113
3123 -1
3124 -1
3125 9
3127 -1
3128 -1
3129 -1
3130 -1
3131 12
3132 12
3133 -1
3134 -1
3135 -1
3136 -1
3137 9
3139 88
3140 88
3141 88
3144 110
3145 110
3146 -1
3147 -1
3149 50
3152 -1
3153 -1
3155 -1
3156 -1
3157 -1
3158 -1
3160 -1
3161 106
3162 106
3163 106
3165 122
3166 -1
3168 -1
3169 134
3170 -1
3171 134
3172 9
3173 -1
3174 79
3175 79
3176 115
3177 115
3179 -1
3180 -1
3181 -1
3183 -1
3184 -1
3185 -1
3186 96
3190 13
3191 13
3192 13
3193 -1
3194 20
3195 20
3196 47
3197 47
3198 47
3199 111
3200 111
3202 -1
3203 -1
3205 0
3206 -1
3207 1
3210 89
3211 2
3212 2
3214 9
3216 -1
3218 -1
3219 98
3220 -1
3224 23
3225 23
3226 -1
3227 17
3228 17
3229 42
3230 42
3231 -1
3232 -1
3233 -1
3235 -1
3236 -1
3237 86
3238 86
3239 9
3240 -1
3241 9
3242 9
3243 -1
3245 71
3247 -1
3248 -1
3249 -1
3250 9
3251 -1
3252 -1
3253 30
3254 30
3257 55
3258 55
3259 18
3260 18
3261 58
3262 58
3263 -1
3265 28
3266 -1
3269 24
3272 39
3275 64
3277 30
3278 30
3279 -1
3281 100
3282 53
3284 53
3288 129
3289 -1
3290 121
3291 52
3292 135
3293 135
3294 25
3295 25
3296 -1
3298 44
3299 9
3301 -1
3302 -1
3304 -1
3305 97
3306 97
3307 -1
3308 54
3309 54
3310 -1
3313 -1
3315 119
3316 -1
3318 -1
3320 -1
3321 91
3323 -1
3324 -1
3325 76
3327 9
3328 -1
3329 -1
3330 116
3332 49
3333 49
3334 -1
3335 -1
3336 43
3337 43
3338 -1
3339 70
3340 70
3341 40
3345 -1
3346 -1
3348 -1
3349 -1
3351 132
3352 60
3353 60
3354 -1
3355 -1
3357 -1
3358 88
3360 88
3361 9
3363 110
3364 9
3365 -1
3367 -1
3368 50
3369 50
3370 50
3371 -1
3372 -1
3374 146
3375 112
3376 -1
3377 -1
3378 9
3379 -1
3380 16
3381 16
3384 -1
3385 -1
3387 -1
3388 115
3389 145
3390 145
3391 -1
3392 -1
3393 6
3394 6
3396 -1
3397 -1
3398 137
3399 130
3403 -1
3404 -1
3405 77
3407 33
3408 33
3409 8
3410 8
3413 -1
3415 2
3416 9
3417 -1
3419 -1
3420 -1
3423 -1
3424 -1
3425 -1
3426 -1
3427 9
3428 -1
3429 -1
3430 -1
3432 90
3433 48
3434 48
3435 29
3436 29
3439 -1
3441 41
3442 24
3443 24
3445 37
3446 37
3447 17
3448 17
3449 17
3451 100
3452 100
3453 143
3454 75
3455 75
3456 -1
3457 -1
3459 86
3460 86
3461 -1
3462 -1
3463 9
3465 -1
3466 141
3468 -1
3469 -1
3471 -1
3472 144
3473 -1
3474 18
3475 18
3477 -1
3478 -1
3479 31
3480 31
3481 -1
3482 85
3484 73
3487 10
3488 10
3489 133
3490 -1
3493 -1
3494 39
3496 -1
3497 61
3498 61
3499 -1
3501 -1
3502 -1
3503 -1
3504 77
3506 -1
3507 -1
3508 -1
3509 131
3510 -1
3511 3
3512 121
3513 121
3514 52
3515 52
3516 25
3517 25
3518 9
3520 84
3521 84
3523 -1
3526 -1
3528 -1
3529 -1
3530 -1
3531 66
3532 103
3533 9
3534 11
3535 -1
3536 -1
3537 -1
3538 -1
3540 -1
3541 -1
3542 -1
3543 77
3544 76
3546 -1
3548 -1
3549 -1
3550 9
3551 43
3552 43
3553 26
3554 26
3555 26
3556 -1
3557 -1
3558 70
3559 70
3560 9
3562 94
3563 94
3564 83
3568 -1
3569 -1
3571 -1
3572 113
3573 113
3574 -1
3575 -1
3576 -1
3577 9
3579 -1
3580 -1
3581 -1
3582 -1
3583 9
3584 -1
3585 -1
3589 88
3590 118
3591 118
3592 -1
3594 -1
3596 140
3597 -1
3598 35
3600 -1
3601 -1
3603 108
3604 -1
3606 109
3607 -1
3608 -1
3609 -1
3610 106
3611 106
3612 122
3613 122
3614 122
3615 -1
3616 -1
3618 9
3619 9
3620 -1
3621 -1
3623 -1
3624 -1
3625 -1
3627 -1
3628 -1
3631 -1
3632 -1
3633 9
3635 33
3636 8
3637 8
3638 51
3639 51
3640 -1
3641 -1
3643 -1
3645 -1
3647 9
3648 -1
3649 98
3651 -1
3652 -1
3653 -1
3655 -1
3656 90
3658 -1
3659 48
3660 48
3662 24
3663 107
3665 17
3666 17
3667 17
3668 143
3669 42
3670 42
3671 -1
3672 -1
3673 9
3674 32
3676 62
3677 -1
3678 9
3680 -1
3681 -1
3682 9
3683 -1
3684 123
3685 -1
3686 -1
3687 128
3689 -1
3690 10
3691 10
3692 39
3693 39
3694 39
3695 -1
3696 -1
3697 -1
3698 -1
3699 64
3701 9
3702 -1
3703 -1
3704 -1
3705 74
3706 74
3707 -1
3708 135
3710 25
3712 44
3713 44
3714 -1
3715 84
3716 84
3717 -1
3719 97
3720 -1
3721 72
3722 72
3723 -1
3725 -1
3726 -1
3727 -1
3728 -1
3729 -1
3731 91
3732 -1
3733 -1
3734 -1
3735 -1
3737 -1
3739 9
3740 -1
3741 102
3742 102
3743 9
3744 138
3745 -1
3748 -1
3750 -1
3751 81
3752 81
3753 -1
3754 -1
3755 -1
3756 -1
3758 -1
3759 -1
3761 132
3762 9
3763 -1
3765 99
3766 -1
3768 9
3769 9
3770 -1
3771 -1
3772 5
3773 5
3774 9
3777 -1
3778 -1
3779 35
3780 35
3781 -1
3784 108
3785 108
3789 -1
3791 16
3792 -1
3793 -1
3795 -1
3796 -1
3797 -1
3799 -1
3800 9
3801 79
3803 -1
3804 -1
3807 -1
3808 -1
3809 9
3810 -1
3811 -1
3812 -1
3815 21
3816 9
3817 -1
3818 20
3819 20
3820 -1
3821 -1
3822 77
3823 77
3824 111
3825 111
3827 1
3828 1
3829 -1
3830 -1
3832 -1
3835 9
3837 -1
3838 65
3839 9
3841 -1
3842 124
3843 124
3844 -1
3845 -1
3846 9
3847 9
3848 -1
3849 -1
3850 -1
3851 -1
3852 -1
3853 -1
3854 -1
3855 38
3857 41
3858 -1
3860 -1
3861 -1
3862 -1
3863 143
3864 -1
3865 127
3866 127
3868 -1
3869 -1
3870 -1
3871 -1
3872 -1
3875 9
3876 141
3877 32
3879 -1
3880 -1
3881 -1
3882 -1
3884 144
3885 -1
3887 -1
3888 55
3889 55
3890 18
3892 58
3895 68
3896 123
3897 123
3898 -1
3899 28
3900 28
3901 -1
3902 -1
3903 128
3904 -1
3907 92
3908 -1
3909 -1
3910 -1
3911 -1
3912 -1
3913 27
3914 27
3915 139
3917 -1
3918 120
3919 120
3920 -1
3921 -1
3922 -1
3923 -1
3924 -1
3925 95
3926 95
3927 53
3928 53
3929 53
3930 3
3931 3
3932 19
3933 19
3935 52
3936 117
3937 117
3938 25
3939 25
3940 25
3941 -1
3942 44
3943 9
3944 -1
3945 -1
3947 78
3948 78
3949 -1
3950 -1
3951 -1
3953 -1
3954 -1
3955 11
3957 -1
3958 -1
3960 22
3961 22
3964 9
3965 -1
3966 9
3967 -1
3968 138
3969 -1
3970 49
3971 49
3972 26
3973 26
3974 26
3977 125
3978 125
3979 125
3980 125
3981 -1
3982 93
3983 93
3985 93
3986 40
3987 40
3988 9
3991 -1
3992 9
3993 9
3994 -1
3995 -1
3996 9
3997 9
3998 -1
4000 9
4001 99
4003 99
4004 -1
4006 104
4007 104
4008 -1
4009 7
4010 7
4011 -1
4012 -1
4014 -1
4015 140
4019 35
4020 50
4021 50
4022 50
4023 -1
4025 -1
4026 112
4027 -1
4029 45
4032 16
4033 136
4034 136
4035 -1
4036 9
4037 9
4038 114
4039 114
4040 9
4041 79
4042 79
4043 -1
4044 -1
4045 145
4046 145
4047 9
4050 -1
4051 -1
4052 -1
4053 -1
4056 -1
4058 -1
4059 -1
4060 80
4061 137
4062 -1
4063 -1
4064 -1
4065 21
4066 13
4067 13
4068 13
4071 9
4072 47
4073 47
4074 77
4075 77
4076 77
4077 8
4078 8
4079 0
4081 -1
4082 1
4085 -1
4086 -1
4087 -1
4090 -1
4091 -1
4095 -1
4096 -1
4098 98
4099 -1
4100 -1
4101 -1
4102 -1
4103 -1
4104 -1
4105 -1
4106 36
4109 -1
4110 24
4112 24
4113 -1
4114 -1
4116 4
4117 4
4118 -1
4119 143
4120 143
4121 75
4122 75
4123 86
4124 86
4125 -1
4127 71
4128 71
4129 32
4130 32
4132 9
4133 -1
4134 30
4138 9
4141 85
4142 -1
4143 -1
4144 133
4145 -1
4146 -1
4147 -1
4149 -1
4152 -1
4154 -1
4155 -1
4156 -1
4157 95
4158 -1
4159 53
4160 53
4162 -1
4163 9
4165 -1
4166 -1
4167 9
4168 -1
4170 -1
4171 -1
4172 -1
4173 56
4174 56
4175 72
4178 -1
4179 -1
4180 103
4181 103
4182 -1
4183 -1
4184 11
4185 11
4186 -1
4187 -1
4189 63
4191 -1
4192 -1
4193 -1
4194 45
4195 -1
4196 -1
4197 -1
4198 -1
4199 77
4200 -1
4201 9
4202 -1
4203 -1
4205 -1
4207 9
4208 -1
4209 -1
4210 69
4211 69
4212 -1
4213 -1
4214 -1
4215 -1
4217 -1
4218 -1
4219 -1
4220 -1
4221 -1
4222 81
4225 105
4226 -1
4227 9
4228 9
4229 -1
4230 -1
4231 132
4232 132
4233 -1
4234 -1
4235 -1
4237 -1
4238 -1
4239 -1
4241 -1
4242 -1
4243 -1
4244 -1
4245 88
4247 88
4249 118
4250 118
4252 110
4253 110
4255 -1
4256 9
4258 -1
4259 50
4261 50
4262 50
4263 -1
4264 -1
4265 -1
4266 -1
4267 109
4268 109
4269 -1
4272 16
4273 -1
4274 -1
4275 -1
4276 -1
4277 46
4278 46
4279 -1
4280 -1
4281 9
4282 9
4283 -1
4284 -1
4285 -1
4286 -1
4288 6
4289 6
4290 6
4292 -1
4294 137
4295 -1
4296 -1
4297 -1
4298 96
4300 -1
4301 -1
4302 111
4303 111
4307 0
4308 0
4309 -1
4310 -1
4312 1
4313 89
4314 89
4315 -1
4316 9
4318 -1
4319 59
4320 -1
4321 59
4322 -1
4323 -1
4324 -1
4326 -1
4327 -1
4329 90
4330 90
4334 -1
4336 -1
4337 -1
4340 -1
4341 -1
4342 -1
4343 9
4344 -1
4345 4
4346 4
4347 9
4348 9
4349 143
4350 143
4352 42
4353 -1
4354 -1
4355 9
4356 141
4357 71
4358 71
4359 -1
4360 -1
4361 -1
4362 -1
4363 -1
4364 -1
4365 -1
4366 30
4367 30
4368 30
4369 -1
4370 -1
4371 53
4373 58
4374 -1
4375 -1
4376 -1
4377 -1
4378 -1
4380 -1
4381 -1
4382 27
4384 64
4385 64
4386 -1
4387 9
4388 -1
4389 -1
4390 -1
4391 -1
4392 -1
4394 -1
4395 9
4396 -1
4397 74
4398 -1
4399 3
4400 -1
4402 -1
4403 -1
4404 84
4405 84
4406 84
4409 78
4410 -1
4411 -1
4412 -1
4414 9
4415 -1
4417 11
4418 11
4420 -1
4421 63
4422 63
4423 -1
4425 -1
4426 -1
4427 -1
4428 45
4429 -1
4430 -1
4431 9
4432 -1
4433 -1
4434 -1
4435 9
4436 14
4437 14
4438 14
4439 -1
4440 -1
4441 -1
4442 9
4443 9
4444 -1
4445 -1
4447 26
4448 26
4449 26
4450 26
4452 -1
4453 70
4454 70
4455 -1
4456 -1
4457 9
4458 9
4459 9
4460 9
4461 -1
4462 -1
4463 -1
4464 -1
4465 -1
4466 -1
4467 -1
4468 15
4469 15
4470 -1
4471 -1
4472 9
4473 -1
4474 -1
4475 -1
4476 -1
4477 99
4478 -1
4479 -1
4480 -1
4481 -1
4482 87
4484 104
4485 104
4486 9
4487 9
4488 -1
4489 -1
4490 9
4491 24
4492 24
4493 -1
4494 -1
4495 -1
4496 -1
4498 9
4499 101
4500 101
4501 106
4502 106
4503 106
4504 146
4505 -1
4506 112
4507 112
4508 108
4509 108
4510 -1
4511 -1
4512 -1
4513 -1
4514 -1
4515 -1
4516 -1
4517 -1
4518 9
4519 9
4520 -1
4521 -1
4522 -1
4523 -1
4524 -1
4525 -1
4526 141
4527 137
4528 137
4529 -1
4530 -1
4531 -1
4532 -1
4533 130
4534 -1
4536 9
4537 9
4538 89
4539 89
4540 -1
4541 9
4542 9
4544 -1
4545 -1
4546 -1
4547 -1
4548 -1
4549 -1
4550 -1
4551 90
4552 90
4553 36
4554 36
4555 29
4558 37
4559 37
4560 37
4561 9
4562 -1
4563 -1
4566 -1
4567 75
4568 75
4569 -1
4570 86
4571 86
4572 -1
4573 141
4574 141
4575 71
4576 71
4577 71
4578 -1
4579 -1
4580 -1
4581 -1
4582 -1
4583 59
4584 143
4585 70
4586 30
4587 30
4588 30
4589 58
4590 58
4591 -1
4592 -1
4593 -1
4594 -1
4595 28
4596 -1
4597 -1
4598 -1
4599 -1
4600 -1
4601 -1
4602 -1
4603 -1
4604 133
4605 133
4606 -1
4607 139
4608 139
4609 -1
4610 64
4611 64
4612 64
4613 9
4614 -1
4615 -1
4616 -1
4617 -1
4618 -1
4619 -1
4620 -1
4621 -1
4622 -1
4623 -1
4624 -1
4625 -1
4626 52
4627 -1
4628 -1
4629 -1
4630 -1
4631 -1
4632 -1
4633 -1
4634 -1
4635 119
4636 119
4637 9
4638 -1
4639 -1
4640 -1
4641 -1
4642 -1
4643 -1
4644 45
4645 45
4646 -1
4647 9
4648 -1
4649 -1
4650 -1
4651 -1
4652 14
4653 14
4654 14
4655 -1
4656 -1
4657 -1
4658 138
4659 -1
4660 -1
4661 49
4662 49
4663 -1
4664 -1
4665 -1
4666 -1
4667 -1
4668 -1
4669 -1
4670 -1
4671 9
4672 -1
4673 84
4674 70
4675 70
4676 -1
4677 40
4678 -1
4679 -1
4680 -1
4681 -1
4682 -1
4683 -1
4684 -1
4685 -1
4686 -1
4687 -1
4688 -1
4689 -1
4690 -1
4691 -1
4692 9
4693 -1
4694 -1
4695 -1
4696 104
4697 104
4698 104
4699 -1
4700 100
4701 9
4702 9
4703 -1
4704 -1
4705 -1
4706 -1
4707 -1
4708 -1
4709 -1
4710 -1
4711 -1
4712 -1
4713 -1
4714 -1
4715 35
4716 35
4717 50
4718 50
4719 50
4720 50
4721 -1
4722 -1
4723 -1
4724 -1
4725 146
4726 146
4727 -1
4728 -1
4729 -1
4730 45
4731 108
4732 108
4733 108
4734 -1
4735 109
4736 109
4737 109
4738 9
4739 -1
4740 -1
4741 -1
4742 -1
4743 -1
4744 -1
4745 -1
4746 -1
4747 -1
4748 -1
4749 -1
4750 -1
4751 9
4752 9
4753 9
4754 -1
4755 -1
4756 -1
4757 -1
4758 -1
4759 -1
4760 -1
4761 -1
4762 9
4763 -1
4764 -1
4765 -1
4766 -1
4767 111
4768 111
4769 111
4770 33
4771 33
4772 -1
4773 -1
4774 -1
4775 -1
4776 -1
4777 -1
4778 9
4779 9
4780 -1
4781 -1
4782 -1
4783 -1
4784 -1
4785 -1
4786 -1
4787 9
4788 -1
4789 -1
4790 9
4791 9
4792 -1
4793 -1
4794 98
4795 98
4796 -1
4797 -1
4798 -1
4799 -1
4800 -1
4801 -1
4802 48
4803 -1
4804 -1
4805 -1
4806 -1
4807 17
4808 17
4809 17
4810 17
4811 100
4812 100
4813 -1
4814 -1
4815 -1
4816 -1
4817 -1
4818 -1
4819 -1
4820 -1
4821 -1
4822 -1
4823 -1
4824 9
4825 9
4826 9
4827 9
4828 -1
4829 -1
4830 -1
4831 -1
