0 172
1 151
2 246
3 27
4 65
5 149
6 62
7 198
8 86
9 197
10 39
11 3
12 114
13 25
14 62
15 240
16 31
17 96
18 60
19 163
20 183
21 228
22 240
23 240
24 238
25 19
26 94
27 10
28 144
29 42
30 150
31 63
32 44
33 241
34 2
35 20
36 49
37 102
38 134
39 76
40 137
41 117
42 76
43 114
44 230
45 244
46 6
47 115
49 180
50 43
51 35
52 22
53 64
54 26
55 76
57 38
58 43
59 226
60 131
61 142
62 31
63 225
64 209
65 173
66 133
67 38
68 97
69 97
70 179
71 222
72 210
73 56
74 133
75 30
76 181
77 151
78 222
79 191
80 4
81 158
82 42
83 74
84 241
85 114
86 89
87 2
88 1
89 67
90 218
91 170
92 213
93 82
94 235
95 201
96 141
97 241
98 248
99 219
100 124
101 1
102 54
104 197
105 133
106 111
107 226
108 107
109 173
110 1
111 226
112 48
113 173
114 78
115 17
116 14
118 31
119 217
120 156
121 120
122 49
123 248
124 2
125 37
126 11
127 3
128 230
129 55
130 109
131 26
132 145
133 12
135 195
136 176
137 188
138 222
139 169
140 13
141 41
142 149
143 56
144 178
145 211
146 233
147 213
148 30
149 194
150 219
151 57
152 40
153 133
154 214
155 52
156 125
157 128
158 221
159 192
160 76
161 62
162 16
163 45
164 147
165 80
166 36
167 6
168 171
169 140
170 97
171 235
172 212
173 118
174 6
175 68
176 180
177 25
178 24
179 84
180 7
181 31
182 112
183 150
184 104
185 191
186 63
187 135
188 32
189 14
190 17
191 34
192 158
193 224
194 231
195 0
196 158
197 5
198 1
199 216
200 184
201 93
202 176
203 167
204 241
206 70
207 115
208 143
209 27
210 100
211 40
212 182
213 185
214 248
215 9
216 243
218 139
219 79
220 213
221 90
222 77
223 82
224 228
225 6
226 133
227 133
228 7
229 6
230 70
231 242
232 76
233 159
234 116
235 219
236 57
237 89
239 121
240 143
241 174
242 59
243 36
244 118
245 130
246 77
247 12
248 43
249 7
250 157
251 193
252 115
253 164
254 171
255 106
256 133
257 132
258 115
259 144
260 43
261 151
262 203
263 210
264 22
265 85
266 171
267 83
268 210
269 130
271 237
272 154
273 50
274 217
275 100
276 14
277 154
278 59
280 109
281 65
282 219
283 31
284 39
285 97
286 215
287 52
288 138
289 231
290 22
291 70
292 12
293 119
294 55
295 154
296 135
297 16
299 232
300 135
301 155
303 138
304 96
305 104
306 172
307 10
308 118
309 13
310 100
312 222
313 89
314 181
315 47
317 6
318 235
319 51
320 80
321 194
322 0
323 179
324 65
325 16
326 77
327 20
328 247
330 95
331 228
332 75
333 32
334 100
335 159
336 121
337 143
338 169
339 219
340 102
342 79
343 29
344 166
345 231
346 133
347 234
348 122
349 112
350 218
351 141
352 39
353 124
354 108
355 50
356 12
357 30
358 241
361 248
362 102
363 14
364 117
365 38
366 86
367 212
368 212
369 180
370 37
371 149
372 133
373 13
374 61
375 58
377 144
378 195
379 185
380 13
381 222
382 104
383 234
384 102
385 22
386 79
387 231
389 133
391 26
392 220
393 33
394 88
395 24
396 31
397 27
398 76
400 8
401 245
402 222
403 122
404 136
405 240
406 73
407 76
408 94
409 115
410 235
411 229
412 31
413 1
414 215
415 238
416 236
417 195
418 123
419 62
420 208
421 239
422 121
423 141
424 102
425 160
426 196
427 235
428 16
429 212
430 223
431 175
432 143
433 1
434 49
435 98
436 105
437 39
438 23
439 40
440 148
441 237
444 199
445 2
446 90
447 42
448 43
449 177
450 9
451 88
452 53
453 26
454 72
455 226
456 83
457 133
458 92
459 139
460 11
461 237
462 19
463 182
464 141
465 241
466 12
467 43
469 12
470 57
471 11
472 168
473 186
474 210
475 193
476 187
477 119
478 43
479 145
480 121
481 182
482 6
483 101
484 190
485 12
486 76
487 195
488 153
490 105
492 129
493 193
494 41
495 216
496 81
497 182
498 1
499 12
500 0
501 173
502 93
503 3
504 43
505 168
507 188
508 244
509 155
510 115
511 196
512 215
513 43
514 82
516 54
517 156
518 61
519 89
520 133
521 164
522 175
523 79
524 2
525 211
527 177
528 56
529 191
530 43
531 33
532 6
533 225
534 20
535 17
536 159
537 149
538 106
539 43
540 245
541 124
542 70
543 55
544 157
545 133
547 118
548 15
549 167
550 29
551 94
552 130
554 46
555 71
556 210
557 104
558 229
559 178
560 121
561 12
562 107
563 131
564 232
565 63
566 213
567 145
568 178
569 105
570 191
571 32
572 65
573 154
574 245
575 183
576 161
577 79
578 211
579 96
580 249
581 22
582 2
583 71
584 23
585 70
586 3
588 163
589 226
590 102
591 157
592 237
593 102
594 223
596 89
597 222
598 105
600 43
601 225
602 93
604 195
606 152
607 26
608 22
609 32
610 133
611 32
612 227
614 146
615 143
616 86
617 235
619 41
620 2
621 225
622 70
623 31
625 121
626 196
627 2
628 87
629 145
630 139
631 122
632 43
633 64
634 178
635 46
636 95
637 24
638 2
639 188
640 153
641 60
642 168
643 242
644 223
645 207
647 48
648 156
649 172
650 86
651 67
652 110
653 241
654 58
655 175
656 191
657 186
658 26
659 133
660 119
661 212
662 12
663 88
664 153
665 79
666 179
667 70
668 193
669 82
670 191
671 136
672 184
673 38
674 153
675 195
676 247
677 29
678 38
679 87
680 114
681 74
682 180
683 70
684 42
685 149
686 94
688 76
689 133
690 21
691 20
692 20
693 0
694 245
695 61
696 96
697 42
698 2
699 74
700 43
701 150
704 13
705 26
706 41
707 172
708 149
709 124
710 162
712 210
713 194
714 80
715 94
716 161
717 8
718 40
719 67
720 7
721 105
722 40
723 231
724 122
725 191
726 91
727 58
728 32
729 1
730 223
732 115
733 32
734 26
735 9
736 16
737 230
738 79
739 248
740 22
741 86
742 63
743 42
744 15
745 121
746 12
747 88
748 173
749 189
750 156
751 151
752 40
753 40
754 234
755 186
756 160
757 166
758 104
759 35
760 92
761 219
763 169
764 127
765 143
766 1
767 129
768 175
770 47
771 240
772 14
774 138
775 180
776 71
777 133
778 93
779 243
780 69
781 223
782 3
783 102
784 214
785 99
786 64
787 226
788 45
789 102
790 81
791 195
792 18
793 1
794 147
795 97
796 42
797 104
798 130
799 151
800 32
801 59
802 121
803 246
804 177
805 60
806 124
807 3
808 148
810 12
812 64
813 69
814 59
815 86
816 40
817 45
818 204
819 16
820 124
821 67
822 119
823 171
824 173
825 145
827 175
828 148
829 202
831 77
832 22
833 21
834 69
835 46
836 85
837 233
838 2
839 87
840 31
841 138
842 178
843 116
844 37
845 26
846 238
847 173
848 49
849 88
850 167
851 240
852 78
853 153
854 24
855 128
856 43
857 36
858 54
859 2
860 214
861 236
862 118
863 117
864 39
865 27
866 173
867 174
868 73
869 37
870 109
871 149
872 56
873 31
874 198
875 208
876 39
877 93
878 57
879 13
880 168
881 174
882 240
883 207
884 238
885 69
886 100
887 38
888 43
889 13
890 129
891 164
892 0
893 43
894 23
895 97
896 175
897 24
899 155
900 158
901 238
902 101
903 155
904 79
905 46
906 44
907 10
908 3
910 46
911 70
913 196
914 136
915 226
916 40
917 1
918 40
919 115
921 43
922 32
923 1
924 63
925 4
927 133
928 1
930 48
931 28
932 20
933 219
934 85
935 166
936 214
937 49
938 109
939 88
940 42
941 139
942 49
943 111
944 120
945 21
946 82
947 213
948 37
950 2
951 56
952 247
953 89
955 27
956 191
957 47
958 149
959 207
960 18
961 155
962 146
963 81
964 32
965 160
966 204
967 6
968 213
969 54
970 27
971 193
972 1
973 205
974 46
975 186
976 133
977 149
978 60
980 21
981 240
982 51
983 176
984 26
986 3
987 82
988 39
989 26
990 173
991 3
992 56
993 40
994 211
995 104
996 170
997 82
998 32
999 97
1000 38
1001 72
1002 244
1003 222
1004 222
1005 60
1007 156
1008 35
1010 201
1011 157
1012 86
1013 173
1014 93
1015 235
1016 133
1017 81
1018 42
1019 50
1020 8
1021 223
1022 63
1023 176
1024 28
1025 73
1026 43
1027 22
1028 69
1029 210
1030 130
1031 1
1032 16
1033 27
1034 77
1035 240
1036 23
1038 248
1039 50
1040 1
1041 82
1042 149
1043 124
1044 103
1045 115
1046 109
1047 31
1048 109
1049 7
1050 57
1052 179
1053 153
1055 43
1056 13
1059 178
1060 128
1061 42
1062 62
1063 19
1064 220
1065 232
1066 149
1067 22
1068 238
1069 249
1070 182
1071 238
1072 221
1073 81
1074 188
1075 4
1076 56
1077 124
1078 134
1079 63
1080 124
1081 43
1082 244
1083 237
1084 7
1085 12
1086 209
1087 99
1088 43
1089 93
1091 85
1093 204
1094 13
1095 3
1096 43
1097 187
1098 35
1099 13
1100 94
1101 53
1102 88
1103 68
1104 89
1105 40
1106 30
1107 240
1108 44
1109 149
1110 239
1111 15
1112 164
1113 68
1114 173
1115 47
1116 35
1117 138
1118 92
1119 75
1120 27
1121 53
1122 47
1123 99
1124 173
1125 87
1126 11
1128 44
1129 38
1130 27
1131 27
1132 219
1133 15
1134 190
1135 63
1137 42
1138 86
1139 102
1140 138
1142 118
1143 162
1144 134
1145 195
1147 110
1148 43
1149 146
1151 229
1152 1
1153 14
1154 180
1155 3
1156 19
1157 107
1158 13
1159 85
1160 55
1161 22
1162 58
1164 246
1165 31
1166 104
1168 196
1169 86
1170 11
1171 12
1172 155
1173 231
1174 238
1175 42
1177 83
1178 56
1179 69
1180 16
1181 43
1182 214
1183 135
1184 122
1185 101
1186 226
1187 4
1188 238
1189 179
1190 248
1191 144
1193 59
1194 49
1195 20
1197 47
1198 97
1199 49
1200 57
1201 33
1202 95
1203 186
1204 248
1205 38
1206 143
1207 213
1208 26
1209 18
1210 10
1212 89
1213 27
1214 117
1215 139
1216 77
1217 215
1218 4
1219 132
1220 218
1221 144
1222 189
1223 12
1224 97
1225 133
1226 42
1227 205
1228 23
1229 96
1230 114
1231 97
1232 87
1233 21
1235 21
1236 32
1237 158
1238 192
1239 238
1240 39
1241 82
1242 229
1243 98
1244 164
1245 222
1247 1
1248 31
1249 43
1250 118
1251 241
1252 113
1253 196
1254 4
1255 116
1256 189
1257 241
1258 27
1259 232
1261 148
1262 32
1263 1
1264 175
1265 144
1267 177
1268 232
1269 93
1270 94
1271 174
1272 149
1273 121
1274 117
1275 158
1277 74
1278 109
1279 146
1280 101
1283 106
1284 37
1285 16
1286 249
1287 102
1289 48
1290 150
1291 16
1292 94
1294 104
1295 118
1296 3
1297 107
1298 142
1299 155
1300 60
1301 43
1302 242
1303 222
1304 26
1305 65
1306 149
1307 26
1308 63
1309 192
1310 38
1311 184
1312 150
1313 179
1314 164
1315 221
1316 127
1317 9
1318 222
1319 26
1320 75
1321 177
1322 156
1323 83
1325 231
1326 39
1327 182
1328 44
1329 241
1330 158
1331 48
1332 95
1333 228
1334 81
1335 212
1336 174
1338 5
1339 96
1340 13
1341 23
1342 168
1343 188
1344 220
1345 242
1346 16
1347 128
1348 218
1349 0
1350 149
1351 69
1352 146
1354 179
1355 235
1356 69
1357 96
1359 155
1360 56
1362 179
1363 152
1364 3
1365 191
1366 118
1367 114
1368 176
1369 175
1370 27
1371 143
1372 239
1373 34
1374 158
1376 209
1377 115
1378 190
1379 155
1381 76
1382 173
1383 155
1384 239
1385 43
1386 136
1387 40
1388 198
1389 95
1390 160
1391 171
1392 153
1394 113
1395 137
1396 28
1397 145
1398 31
1399 46
1400 30
1401 227
1402 40
1403 93
1404 201
1405 237
1406 80
1407 78
1408 75
1409 124
1410 149
1412 109
1413 238
1414 152
1415 14
1416 155
1417 156
1419 149
1420 146
1421 68
1422 39
1423 83
1424 192
1425 160
1426 104
1427 88
1428 203
1429 60
1430 186
1431 77
1432 150
1434 99
1436 232
1437 87
1438 219
1439 232
1440 184
1441 243
1442 104
1443 241
1444 212
1445 87
1446 156
1447 78
1448 6
1449 238
1451 217
1453 40
1455 16
1456 76
1457 109
1458 204
1459 69
1460 46
1461 194
1462 173
1463 222
1464 75
1465 83
1466 13
1467 212
1468 57
1469 104
1470 111
1471 44
1472 89
1473 148
1474 8
1475 37
1476 37
1477 95
1478 59
1479 82
1480 205
1482 62
1483 181
1485 68
1486 198
1487 243
1488 248
1489 9
1490 210
1491 177
1493 194
1494 204
1495 240
1496 244
1497 14
1498 224
1499 22
1500 15
1501 174
1502 215
1503 118
1504 70
1505 133
1506 101
1507 192
1508 76
1509 41
1510 7
1511 102
1513 39
1514 124
1515 1
1516 212
1517 89
1518 176
1519 62
1520 1
1522 63
1524 168
1525 222
1526 71
1528 3
1529 224
1530 234
1531 240
1532 133
1533 121
1534 49
1535 9
1536 22
1537 231
1538 44
1540 229
1542 175
1543 99
1544 29
1545 205
1546 35
1547 26
1548 21
1550 148
1551 191
1552 226
1553 16
1554 90
1555 153
1556 103
1558 161
1559 102
1560 65
1561 102
1562 208
1563 149
1564 244
1565 221
1566 129
1567 16
1568 149
1569 223
1570 248
1571 80
1572 89
1573 16
1574 65
1575 151
1576 193
1577 30
1578 179
1579 187
1580 143
1581 38
1582 12
1583 86
1584 136
1585 125
1586 104
1587 245
1588 110
1589 71
1590 14
1592 69
1593 214
1594 26
1596 193
1597 43
1598 39
1599 109
1600 51
1601 79
1602 124
1604 241
1605 94
1606 227
1608 102
1609 124
1610 173
1612 185
1613 232
1614 14
1616 8
1617 180
1618 244
1619 145
1620 40
1621 132
1622 50
1623 101
1624 198
1625 97
1626 53
1627 40
1628 158
1629 42
1630 20
1631 39
1632 11
1633 6
1634 133
1635 21
1637 6
1638 132
1639 160
1640 6
1641 95
1642 231
1643 149
1644 21
1645 244
1647 93
1648 213
1650 173
1651 111
1652 31
1653 35
1654 149
1655 79
1656 186
1657 26
1658 94
1659 94
1660 38
1661 184
1662 238
1663 175
1664 179
1665 135
1666 69
1667 4
1668 16
1669 21
1670 59
1671 74
1672 10
1673 173
1674 19
1675 58
1676 10
1677 31
1678 57
1679 13
1680 143
1681 118
1682 22
1684 32
1685 181
1686 122
1687 27
1688 28
1689 38
1690 12
1691 3
1692 193
1693 187
1694 30
1695 45
1697 85
1698 77
1699 82
1700 74
1701 227
1702 229
1704 157
1706 240
1707 191
1709 43
1711 29
1712 218
1713 43
1714 43
1715 93
1716 194
1717 31
1718 203
1719 96
1720 130
1721 72
1722 12
1723 155
1724 86
1725 49
1726 79
1727 6
1728 73
1729 142
1730 178
1732 75
1733 173
1734 96
1735 90
1736 30
1737 55
1738 192
1739 173
1740 64
1741 108
1743 16
1744 22
1745 243
1747 146
1748 181
1750 182
1751 129
1753 34
1754 137
1755 126
1756 22
1757 43
1758 16
1759 38
1760 54
1761 192
1762 176
1763 162
1764 248
1765 241
1766 221
1767 232
1768 170
1769 43
1770 13
1771 240
1772 231
1773 219
1774 30
1775 176
1776 86
1777 156
1778 118
1779 118
1780 69
1782 1
1783 114
1784 219
1785 142
1788 68
1789 35
1790 175
1792 149
1793 125
1794 229
1796 124
1797 53
1798 195
1799 240
1800 58
1802 229
1803 89
1804 87
1805 171
1809 132
1810 35
1811 156
1813 120
1814 94
1815 67
1816 51
1817 0
1818 241
1819 240
1820 51
1822 30
1823 27
1824 3
1825 15
1826 192
1827 202
1828 201
1829 12
1831 3
1832 94
1833 40
1834 14
1835 48
1837 39
1838 68
1840 23
1842 75
1843 102
1844 102
1845 150
1847 218
1848 111
1849 76
1850 212
1851 222
1852 54
1853 41
1854 139
1855 166
1856 43
1857 16
1858 47
1862 36
1863 153
1864 83
1865 49
1866 27
1867 13
1868 231
1869 21
1870 118
1871 180
1873 91
1874 16
1875 212
1876 205
1877 18
1878 70
1879 94
1880 213
1881 182
1882 69
1884 109
1885 215
1886 88
1887 102
1888 211
1889 235
1890 37
1891 230
1892 94
1893 26
1894 122
1895 3
1897 142
1898 70
1899 220
1900 191
1901 240
1902 149
1904 94
1906 55
1907 220
1910 160
1912 184
1913 11
1914 61
1915 230
1916 43
1917 163
1918 83
1919 16
1921 162
1922 124
1923 117
1924 241
1925 152
1926 143
1928 42
1929 181
1930 136
1931 55
1933 232
1934 84
1936 39
1937 121
1938 129
1939 26
1940 175
1941 124
1942 119
1943 10
1944 221
1946 5
1947 125
1948 159
1949 180
1950 32
1951 22
1952 7
1953 101
1955 171
1956 41
1957 220
1959 4
1960 96
1962 148
1963 122
1965 69
1966 10
1967 62
1968 27
1969 56
1970 118
1971 76
1972 189
1973 194
1974 57
1975 210
1976 61
1977 82
1978 61
1979 4
1980 141
1981 222
1982 173
1983 119
1984 70
1985 65
1986 94
1987 156
1989 0
1990 43
1991 149
1992 174
1993 165
1994 4
1995 23
1996 244
1997 197
1998 189
1999 43
2000 195
2001 120
2002 13
2003 119
2004 69
2005 60
2006 97
2007 173
2008 185
2009 65
2010 17
2011 194
2012 30
2014 124
2015 218
2016 1
2017 140
2019 71
2020 41
2021 147
2022 4
2024 45
2025 212
2026 106
2027 54
2028 225
2029 94
2030 176
2031 32
2032 103
2033 241
2035 183
2036 162
2038 149
2040 114
2041 244
2042 119
2043 187
2044 67
2045 119
2046 49
2047 234
2051 56
2053 102
2054 156
2055 29
2056 18
2057 5
2058 33
2059 29
2060 210
2061 229
2062 102
2064 94
2065 102
2066 216
2067 217
2068 140
2071 233
2072 178
2073 39
2074 153
2075 49
2076 16
2077 233
2078 17
2079 84
2080 133
2081 24
2082 91
2083 109
2084 241
2085 233
2086 102
2087 16
2088 117
2090 34
2091 124
2092 101
2093 166
2094 16
2095 222
2096 19
2097 116
2098 184
2099 10
2100 43
2101 160
2102 170
2103 162
2105 211
2106 149
2107 121
2108 7
2109 158
2110 226
2111 106
2113 56
2115 92
2116 5
2118 111
2119 23
2121 26
2122 22
2123 14
2124 93
2125 62
2126 115
2127 97
2128 79
2129 193
2130 177
2131 3
2132 161
2133 72
2134 32
2135 13
2136 61
2139 190
2140 114
2141 197
2142 35
2143 133
2145 133
2146 169
2147 12
2148 16
2149 119
2150 237
2152 248
2153 206
2154 89
2155 137
2156 153
2157 43
2158 4
2159 158
2161 26
2162 153
2163 122
2164 145
2165 70
2166 210
2167 188
2168 222
2169 85
2170 187
2171 163
2172 225
2173 29
2174 47
2178 171
2179 104
2182 121
2183 138
2184 196
2185 49
2186 4
2187 77
2188 243
2189 184
2190 248
2191 210
2192 190
2193 198
2194 176
2195 10
2197 46
2198 40
2199 180
2200 241
2202 70
2204 118
2205 111
2206 102
2207 59
2210 156
2211 69
2213 202
2214 240
2217 143
2218 140
2219 248
2220 28
2221 134
2222 128
2223 169
2224 189
2226 189
2227 102
2228 115
2229 134
2231 198
2232 13
2233 32
2234 235
2235 163
2236 104
2237 47
2239 218
2240 80
2241 222
2244 88
2245 27
2246 37
2247 102
2248 132
2249 84
2250 225
2251 222
2252 18
2253 55
2255 215
2256 219
2257 203
2258 31
2259 124
2260 201
2261 2
2262 176
2263 246
2265 141
2266 210
2267 227
2268 80
2269 58
2270 39
2271 16
2272 89
2273 222
2274 199
2275 206
2276 140
2277 38
2278 155
2279 121
2280 31
2281 61
2282 80
2283 69
2284 43
2285 134
2286 220
2287 134
2288 185
2290 37
2291 40
2292 121
2293 176
2294 159
2298 195
2299 212
2300 79
2302 6
2303 49
2304 69
2305 13
2306 124
2307 140
2308 153
2309 167
2310 34
2311 44
2312 112
2314 158
2315 127
2316 107
2317 71
2318 150
2319 9
2320 213
2321 231
2323 57
2324 61
2325 144
2327 213
2329 14
2330 54
2331 17
2332 149
2334 202
2335 131
2336 16
2337 23
2338 89
2339 149
2340 153
2341 188
2342 61
2343 55
2344 21
2345 174
2346 2
2349 149
2350 133
2351 85
2353 110
2354 27
2355 26
2356 124
2357 150
2358 180
2359 248
2360 0
2361 177
2362 178
2363 80
2364 195
2365 114
2366 103
2367 114
2368 188
2369 50
2370 235
2371 17
2372 132
2373 1
2374 92
2376 17
2377 195
2378 3
2379 98
2381 240
2383 194
2385 177
2386 190
2387 1
2388 39
2389 19
2390 64
2391 115
2393 90
2395 69
2397 74
2398 166
2399 76
2400 176
2401 69
2402 187
2403 61
2404 43
2405 122
2406 148
2407 46
2408 39
2409 195
2410 233
2411 82
2413 219
2414 183
2415 61
2418 79
2419 10
2420 202
2421 102
2422 112
2424 150
2425 166
2427 73
2428 70
2429 86
2430 79
2431 23
2432 140
2433 192
2434 1
2435 39
2438 106
2440 198
2441 14
2442 37
2443 85
2445 188
2446 176
2448 106
2449 78
2450 236
2451 4
2452 82
2455 201
2457 36
2459 109
2460 104
2461 16
2462 43
2463 43
2464 6
2467 151
2468 115
2470 181
2471 183
2472 190
2473 73
2474 180
2476 65
2478 162
2479 31
2480 74
2481 84
2482 175
2483 38
2484 244
2485 29
2486 35
2488 54
2489 110
2490 229
2491 112
2492 160
2493 121
2494 48
2495 110
2496 73
2498 119
2499 171
2501 71
2502 105
2503 211
2504 143
2505 151
2506 11
2507 50
2508 124
2509 112
2510 67
2511 34
2512 116
2513 1
2514 0
2515 61
2516 240
2517 155
2518 14
2519 85
2520 43
2521 189
2522 124
2524 219
2525 230
2526 209
2528 26
2529 134
2531 137
2533 173
2534 101
2535 74
2536 106
2537 31
2538 171
2539 224
2540 87
2541 3
2542 2
2543 26
2545 169
2547 40
2548 173
2549 179
2550 156
2551 248
2552 243
2553 149
2556 37
2557 56
2558 104
2560 65
2561 68
2563 67
2564 225
2565 155
2567 118
2568 118
2569 32
2570 173
2572 206
2574 81
2576 235
2577 149
2579 2
2580 149
2583 32
2584 106
2585 160
2586 55
2587 14
2588 44
2589 61
2590 87
2591 88
2592 208
2595 248
2596 66
2597 137
2598 176
2599 78
2601 232
2602 158
2603 145
2604 158
2605 42
2606 240
2607 177
2608 42
2609 15
2610 26
2611 167
2612 82
2614 101
2615 55
2617 160
2618 21
2619 16
2620 49
2621 220
2622 137
2623 20
2624 121
2625 31
2626 70
2627 82
2628 105
2631 12
2632 11
2633 116
2634 12
2635 11
2636 180
2637 115
2638 176
2639 176
2640 241
2642 23
2643 148
2644 178
2646 87
2648 22
2650 70
2652 211
2653 10
2654 226
2657 47
2660 21
2661 51
2662 50
2664 85
2665 102
2666 79
2667 248
2668 63
2670 31
2671 26
2672 249
2673 44
2674 26
2676 122
2677 133
2678 72
2679 182
2680 109
2681 145
2682 238
2683 199
2685 22
2686 122
2687 6
2688 231
2689 48
2690 236
2691 49
2692 99
2693 121
2694 37
2695 76
2697 129
2698 248
2701 2
2702 174
2703 82
2704 244
2705 168
2707 73
2709 62
2710 58
2711 152
2714 211
2715 32
2716 121
2717 231
2718 83
2719 28
2720 36
2721 14
2722 120
2723 63
2724 102
2725 248
2726 38
2727 12
2728 248
2729 99
2731 190
2732 133
2733 106
2737 63
2738 218
2739 30
2741 105
2742 3
2743 133
2744 102
2745 70
2747 150
2748 220
2749 16
2750 65
2751 224
2752 26
2753 82
2755 240
2756 104
2758 132
2759 69
2760 154
2761 60
2762 158
2763 17
2764 235
2765 4
2768 40
2769 145
2770 241
2772 104
2773 238
2775 88
2776 194
2777 87
2778 133
2779 11
2780 148
2781 154
2782 209
2783 159
2785 119
2786 11
2787 235
2788 65
2789 174
2791 205
2792 98
2794 3
2795 173
2796 14
2798 212
2799 60
2801 248
2802 0
2803 104
2804 201
2806 75
2807 133
2809 181
2811 22
2812 4
2813 48
2815 194
2816 24
2817 1
2818 228
2820 117
2821 65
2822 183
2823 69
2825 244
2826 163
2830 174
2831 226
2832 93
2833 2
2834 195
2835 121
2838 199
2839 163
2840 12
2842 226
2843 2
2844 186
2845 231
2846 49
2847 82
2848 47
2849 49
2850 2
2851 115
2852 163
2853 21
2854 11
2855 42
2856 217
2857 13
2858 19
2859 224
2861 73
2862 211
2863 70
2866 173
2867 97
2868 213
2869 34
2870 100
2871 35
2872 139
2873 114
2874 83
2875 51
2876 144
2878 3
2879 238
2880 248
2881 225
2882 235
2883 57
2884 114
2885 184
2886 102
2887 217
2888 88
2889 15
2890 114
2892 234
2893 149
2894 176
2895 67
2896 16
2898 84
2899 225
2900 124
2902 4
2904 193
2905 124
2906 235
2908 137
2909 102
2910 22
2911 149
2912 166
2913 194
2914 137
2916 54
2917 115
2918 189
2920 212
2921 74
2922 235
2923 108
2925 102
2927 3
2928 37
2930 3
2931 86
2932 93
2933 194
2934 158
2936 16
2937 89
2938 31
2939 7
2940 201
2941 153
2942 104
2943 248
2944 10
2945 141
2946 52
2947 219
2948 20
2949 102
2950 92
2951 149
2952 42
2954 194
2955 98
2956 44
2957 16
2959 43
2960 180
2961 12
2962 1
2963 222
2964 205
2965 220
2968 16
2970 100
2971 108
2972 199
2973 31
2974 1
2975 29
2976 133
2979 77
2980 16
2983 211
2984 210
2985 192
2986 173
2987 22
2988 12
2989 88
2990 89
2991 194
2993 60
2995 43
2996 221
2997 241
2999 37
3000 56
3001 56
3002 118
3003 206
3004 82
3005 220
3006 220
3007 40
3008 40
3009 70
3010 70
3011 203
3012 60
3013 47
3014 47
3015 1
3016 38
3017 117
3018 6
3021 107
3022 102
3023 102
3024 98
3025 117
3027 50
3028 130
3029 132
3030 102
3031 78
3032 78
3033 182
3035 51
3036 130
3038 77
3039 4
3040 172
3041 87
3042 87
3043 218
3044 218
3045 209
3046 150
3048 94
3049 30
3050 112
3051 26
3052 26
3053 199
3055 100
3056 105
3057 139
3058 200
3061 170
3062 170
3063 83
3064 83
3065 105
3066 7
3067 120
3068 21
3069 21
3070 231
3071 109
3072 5
3076 149
3077 38
3078 187
3079 241
3081 101
3082 151
3084 191
3085 22
3086 22
3087 111
3088 111
3090 61
3091 54
3092 54
3094 241
3095 43
3096 69
3097 69
3098 69
3099 166
3100 166
3101 134
3102 113
3103 127
3104 113
3105 41
3106 41
3107 49
3111 55
3112 6
3113 25
3114 124
3115 124
3116 124
3117 44
3118 44
3119 44
3120 165
3121 13
3122 225
3123 79
3124 79
3125 127
3127 104
3128 1
3129 61
3130 35
3131 35
3132 35
3133 14
3134 14
3135 82
3136 144
3137 2
3139 102
3140 102
3141 102
3144 55
3145 55
3146 163
3147 114
3148 93
3149 93
3152 7
3153 179
3154 108
3155 195
3156 248
3157 36
3158 226
3160 199
3161 155
3162 155
3163 155
3164 189
3165 189
3166 11
3167 11
3168 212
3169 68
3170 68
3171 68
3172 121
3173 149
3174 102
3175 102
3176 109
3177 40
3178 62
3179 133
3180 10
3181 40
3182 82
3183 92
3184 203
3185 135
3186 148
3187 148
3190 16
3191 26
3192 16
3193 123
3194 158
3195 158
3196 158
3197 158
3198 158
3199 71
3200 71
3202 147
3203 213
3205 120
3206 192
3207 65
3209 26
3210 26
3211 240
3212 240
3214 2
3215 90
3216 131
3218 34
3219 43
3220 22
3221 151
3222 42
3224 213
3225 213
3226 97
3227 179
3228 117
3229 24
3230 24
3231 222
3232 166
3233 42
3234 133
3235 240
3236 240
3237 86
3238 86
3239 232
3240 206
3241 137
3242 137
3243 102
3245 124
3246 94
3247 94
3248 2
3249 1
3250 208
3251 119
3252 89
3253 220
3254 220
3255 40
3256 40
3257 82
3258 82
3259 30
3260 30
3261 118
3262 118
3263 62
3265 1
3266 118
3267 151
3268 200
3269 174
3270 174
3272 16
3273 16
3274 16
3275 65
3277 78
3278 78
3279 212
3280 242
3281 17
3282 38
3284 243
3286 172
3287 40
3288 40
3289 88
3290 161
3291 185
3292 218
3293 218
3294 248
3295 248
3296 212
3297 12
3298 12
3299 121
3301 22
3302 136
3303 43
3304 43
3305 199
3306 199
3307 7
3308 139
3309 139
3310 212
3312 14
3313 180
3314 94
3315 94
3316 181
3317 51
3318 170
3319 76
3320 226
3321 229
3323 70
3324 247
3325 91
3327 129
3328 134
3329 134
3330 153
3331 153
3332 0
3333 0
3334 72
3335 57
3336 84
3337 84
3338 151
3339 209
3340 210
3341 45
3345 49
3346 145
3347 145
3348 44
3349 44
3351 0
3352 164
3353 164
3354 159
3355 82
3356 64
3357 64
3358 102
3360 102
3361 33
3362 55
3363 55
3364 182
3365 31
3366 133
3367 104
3368 93
3369 93
3370 93
3371 136
3372 190
3374 160
3375 249
3376 179
3377 31
3378 97
3379 141
3380 179
3381 38
3382 149
3383 149
3384 157
3385 11
3386 149
3387 55
3388 151
3389 193
3390 193
3391 165
3392 76
3393 238
3394 238
3396 248
3397 213
3398 82
3399 4
3403 160
3404 106
3405 75
3406 75
3407 56
3408 56
3409 241
3410 241
3411 120
3412 191
3413 192
3414 117
3415 179
3416 17
3417 141
3418 118
3419 125
3420 235
3423 131
3424 69
3425 34
3426 13
3427 27
3428 20
3429 194
3430 194
3431 235
3432 235
3433 231
3434 231
3435 66
3436 46
3437 224
3439 11
3440 126
3441 80
3442 201
3443 201
3444 135
3445 5
3446 88
3447 212
3448 212
3449 179
3451 118
3452 149
3453 43
3454 20
3455 20
3456 49
3457 240
3459 84
3460 170
3461 62
3462 60
3463 9
3464 9
3465 102
3466 241
3467 154
3468 119
3469 119
3470 89
3471 89
3472 28
3473 28
3474 30
3475 30
3476 70
3477 70
3478 188
3479 14
3480 14
3481 112
3482 116
3483 102
3484 16
3485 16
3486 16
3487 158
3488 149
3489 194
3490 231
3491 16
3492 16
3493 16
3494 16
3495 110
3496 219
3497 132
3498 132
3499 117
3500 187
3501 193
3502 43
3503 43
3504 242
3505 184
3506 184
3507 150
3508 163
3509 242
3510 82
3511 72
3512 161
3513 161
3514 185
3515 160
3516 248
3517 248
3518 94
3519 226
3520 48
3521 155
3522 126
3523 126
3524 126
3525 26
3526 132
3527 24
3528 149
3529 112
3530 14
3531 14
3532 26
3533 231
3534 217
3535 104
3536 21
3537 21
3538 163
3539 13
3540 190
3541 247
3542 196
3543 222
3544 60
3545 21
3546 149
3547 126
3548 39
3549 106
3550 231
3551 84
3552 84
3553 54
3554 54
3555 54
3556 224
3557 7
3558 237
3559 200
3560 225
3561 175
3562 175
3563 175
3564 124
3565 124
3566 124
3567 44
3568 44
3569 44
3570 44
3571 165
3572 225
3573 13
3574 154
3575 234
3576 144
3577 63
3578 245
3579 150
3580 0
3581 118
3582 239
3583 97
3584 244
3585 244
3586 102
3587 102
3588 102
3589 102
3590 180
3591 180
3592 217
3593 38
3594 89
3595 165
3596 42
3597 114
3598 100
3599 89
3600 179
3601 179
3602 211
3603 130
3604 109
3605 177
3606 177
3607 77
3608 129
3609 155
3610 155
3611 155
3612 0
3613 84
3614 0
3615 11
3616 11
3617 165
3618 58
3619 12
3620 226
3621 196
3622 242
3623 39
3624 109
3625 109
3626 21
3627 90
3628 88
3629 12
3630 248
3631 88
3632 236
3633 165
3634 56
3635 56
3636 241
3637 241
3638 115
3639 115
3640 192
3641 94
3642 217
3643 149
3644 118
3645 60
3646 241
3647 138
3648 94
3649 43
3650 13
3651 22
3652 151
3653 115
3654 46
3655 20
3656 235
3657 235
3658 141
3659 231
3660 231
3661 201
3662 201
3663 156
3664 74
3665 179
3666 117
3667 179
3668 219
3669 24
3670 24
3671 166
3672 114
3673 232
3674 188
3675 188
