0 133
1 152
2 57
3 237
4 66
6 173
7 241
8 224
9 183
10 130
11 52
12 58
13 98
14 231
15 29
16 1
17 57
18 211
19 36
20 184
21 219
22 21
23 29
24 81
25 85
26 151
27 90
28 114
30 126
31 51
32 89
33 98
34 212
35 202
36 136
37 238
38 31
40 107
41 132
42 16
43 86
44 14
45 62
46 206
47 0
49 3
50 17
51 2
52 30
53 172
54 119
55 98
57 38
58 208
60 31
61 2
62 114
64 199
65 249
66 3
67 119
68 85
69 84
70 2
71 157
72 209
75 124
76 185
77 84
78 83
79 203
80 134
81 113
82 171
83 106
84 99
85 229
86 205
87 53
88 141
89 116
90 179
91 168
92 21
93 99
94 96
95 18
96 207
97 220
98 7
99 98
101 23
102 117
104 183
105 238
106 165
107 212
108 248
109 138
110 80
111 199
112 245
113 128
114 149
115 98
116 200
118 85
119 18
120 83
121 211
122 3
123 215
124 12
125 161
126 247
127 103
128 14
129 171
130 110
131 159
132 112
133 113
135 133
136 83
137 223
138 221
139 137
140 100
141 133
142 11
143 65
144 182
145 127
146 105
147 21
148 124
149 80
150 3
151 83
152 140
153 234
154 132
155 133
156 23
157 155
158 43
159 233
160 219
161 107
162 118
163 190
164 73
165 103
166 112
167 113
168 155
169 34
170 113
171 53
172 188
173 54
174 136
175 71
176 167
177 98
178 156
179 21
180 33
181 84
182 175
183 232
184 73
185 196
186 175
187 82
188 62
189 217
190 100
191 21
192 69
193 125
194 90
195 196
196 113
198 5
199 38
200 235
201 93
202 127
203 55
204 122
206 152
207 0
208 58
209 108
210 35
211 112
212 192
213 218
214 129
215 179
216 144
218 216
219 40
220 25
221 112
222 7
223 102
224 219
225 206
226 170
227 234
228 171
229 199
230 115
231 188
232 98
233 11
234 72
235 224
236 121
237 97
239 237
240 36
241 132
242 139
243 136
244 216
245 142
246 80
247 154
248 56
249 33
250 205
251 136
252 60
253 46
254 14
256 246
257 96
258 60
259 228
260 17
262 169
263 82
264 37
265 27
266 14
267 123
268 82
269 238
271 35
272 161
273 29
274 0
275 35
276 94
277 180
278 139
280 72
281 66
282 245
283 114
284 245
286 36
287 216
288 122
289 228
290 48
291 115
292 114
293 22
294 180
295 167
296 23
297 75
299 219
300 157
301 154
303 122
304 151
305 110
306 198
307 34
308 184
309 86
310 35
312 166
313 222
314 185
315 41
317 23
318 96
319 201
320 103
321 193
322 172
323 2
324 99
325 83
326 80
327 27
328 160
330 45
331 219
332 120
333 91
334 35
335 153
336 88
337 91
338 137
340 249
342 222
343 104
344 67
345 85
346 176
347 11
348 121
349 33
350 177
351 44
352 31
353 37
354 128
355 29
356 180
357 63
358 98
361 42
362 238
363 217
364 132
365 2
366 27
367 2
368 30
369 167
370 191
371 11
373 191
375 141
377 25
378 162
379 218
380 224
381 110
382 112
383 72
384 27
385 1
386 40
387 3
389 176
391 200
392 27
393 53
394 168
395 114
396 122
397 171
398 80
400 86
401 48
402 170
403 121
404 189
405 79
406 214
408 179
409 145
410 92
411 18
412 133
413 64
414 36
415 81
416 45
417 162
418 49
419 173
420 162
421 101
422 11
423 44
424 238
425 67
426 21
427 92
428 184
429 188
430 132
431 135
432 36
433 175
434 36
435 4
436 26
437 31
438 55
439 72
440 2
441 35
444 77
445 150
446 88
447 76
448 16
449 100
450 3
451 20
452 4
453 28
454 111
455 85
456 161
457 176
458 126
459 103
460 9
461 226
462 199
463 15
464 58
465 167
466 11
467 208
469 141
470 57
471 164
472 225
473 18
474 209
475 136
477 110
478 211
479 33
480 44
481 192
483 70
484 106
485 7
486 219
487 19
488 185
490 26
492 223
493 178
495 38
496 227
497 131
498 74
499 16
500 196
501 244
502 112
503 52
504 52
505 225
507 223
508 62
509 39
510 215
511 168
512 36
513 26
514 161
516 117
517 109
518 212
520 246
521 46
522 135
523 222
524 169
525 201
527 12
528 65
529 196
530 26
531 53
532 206
533 30
534 27
535 33
536 153
537 194
538 32
539 208
540 204
541 37
542 239
543 171
544 205
545 170
547 54
548 23
549 54
550 104
551 98
552 238
554 36
555 242
556 209
557 234
558 18
559 182
560 88
561 154
562 248
563 31
564 219
565 51
566 86
567 112
568 182
569 26
570 203
571 62
572 66
573 161
574 167
575 189
576 178
577 222
578 121
579 57
580 56
581 48
582 169
583 242
584 55
585 115
586 21
588 36
589 199
590 27
591 205
592 35
593 249
594 132
596 97
597 148
598 192
600 245
601 3
602 93
604 19
606 10
607 200
608 185
609 91
610 246
611 8
612 21
614 210
615 180
616 27
617 72
619 14
620 150
621 3
622 115
623 175
625 88
626 248
627 44
628 6
629 112
630 216
631 121
632 17
633 172
634 182
635 195
636 45
637 156
638 12
639 223
640 103
641 87
642 225
643 188
644 132
645 173
647 245
648 83
649 186
650 224
651 116
652 167
653 114
654 141
655 135
656 168
657 132
658 28
659 3
660 110
661 188
663 202
664 232
665 73
666 2
667 152
668 136
669 100
670 196
671 32
672 235
673 2
674 185
675 19
677 104
678 38
679 34
680 229
681 106
682 61
683 152
684 76
685 59
686 17
688 206
689 157
690 200
691 27
692 27
693 196
694 204
695 68
696 57
697 176
698 44
699 106
700 26
701 232
704 3
705 200
706 14
708 194
709 50
710 192
712 82
713 80
714 103
715 212
716 178
717 86
718 189
719 116
720 23
721 26
722 189
723 90
724 121
725 203
726 178
727 141
728 91
729 80
730 132
732 33
733 8
734 200
735 192
736 21
738 197
739 42
740 1
741 224
742 175
743 76
744 23
745 40
746 180
747 168
748 109
749 13
750 109
751 73
752 107
753 175
754 54
755 18
756 213
757 158
758 129
759 2
760 126
761 100
763 137
764 58
765 36
766 23
767 1
768 135
770 146
771 24
772 129
774 122
775 61
776 242
778 93
779 144
780 5
781 132
782 52
783 238
784 132
785 211
786 172
787 199
788 190
789 27
790 227
791 19
792 215
793 64
794 73
795 84
796 76
798 122
800 91
801 139
802 237
803 57
804 12
805 87
806 50
807 103
808 2
810 113
812 172
813 5
814 139
815 27
816 194
817 190
818 12
819 118
820 78
822 198
823 14
824 138
827 135
828 2
829 38
831 32
833 35
834 112
835 36
836 27
837 105
838 212
839 182
840 1
841 122
842 182
843 72
844 191
845 185
846 199
847 109
848 136
849 168
850 55
851 24
852 149
853 103
854 156
855 77
856 16
857 159
858 117
859 150
860 132
861 151
862 44
863 119
864 130
865 108
866 249
867 132
868 214
869 191
870 72
871 11
872 21
873 84
874 192
875 162
876 173
877 93
878 121
879 224
880 225
881 132
882 21
883 173
884 81
885 85
886 35
887 2
888 208
889 86
890 1
891 46
892 196
893 26
894 55
895 53
896 135
897 156
899 39
900 113
901 153
902 70
903 39
904 222
905 195
906 89
907 90
908 52
910 195
911 152
913 168
914 32
915 181
916 112
917 74
918 175
919 145
921 225
922 91
923 171
925 6
927 170
928 64
930 245
931 186
932 202
933 228
934 27
935 67
936 132
937 36
938 198
939 20
940 157
941 216
942 36
943 165
944 57
945 35
946 77
947 21
948 191
950 150
951 21
952 160
953 222
955 237
956 196
957 146
958 194
959 173
960 215
961 39
962 210
963 227
964 8
965 133
966 12
967 23
968 21
969 117
970 171
971 136
972 64
973 40
974 18
975 18
976 170
977 72
978 87
980 35
981 24
982 201
983 83
984 159
986 52
987 102
988 173
989 119
990 109
992 21
994 201
995 234
996 168
997 102
998 91
999 53
1000 38
1001 111
1002 47
1003 57
1004 166
1005 70
1007 109
1008 2
1010 18
1011 205
1012 224
1013 249
1014 93
1015 53
1016 238
1017 227
1018 76
1019 29
1020 86
1021 72
1022 51
1023 83
1024 186
1025 214
1026 26
1027 185
1028 5
1029 209
1030 122
1031 175
1032 83
1033 169
1034 108
1035 24
1036 55
1038 129
1039 29
1040 64
1041 102
1042 11
1043 75
1044 34
1045 230
1046 72
1047 169
1048 110
1049 23
1050 121
1052 147
1053 232
1055 16
1056 36
1059 182
1060 77
1061 157
1062 231
1063 60
1064 27
1065 107
1066 59
1067 185
1068 153
1069 56
1070 131
1071 81
1072 43
1073 227
1074 223
1075 6
1076 65
1077 37
1078 180
1079 161
1080 37
1081 215
1082 78
1083 226
1085 154
1086 199
1087 211
1088 52
1089 231
1091 27
1093 49
1094 3
1095 21
1096 16
1097 144
1098 2
1099 86
1100 17
1101 4
1102 20
1103 71
1104 97
1105 175
1106 63
1107 21
1108 89
1109 11
1110 101
1111 23
1112 46
1113 71
1114 244
1115 146
1116 2
1117 168
1118 194
1119 120
1120 114
1121 4
1122 41
1123 211
1124 138
1125 34
1126 249
1128 89
1129 119
1130 171
1131 169
1132 179
1133 226
1134 187
1135 51
1137 76
1138 27
1139 238
1140 168
1142 54
1143 192
1144 31
1145 19
1147 30
1148 215
1149 210
1151 18
1153 129
1154 3
1155 103
1156 68
1157 248
1158 100
1159 27
1160 171
1161 185
1162 141
1164 57
1165 169
1166 189
1168 21
1169 224
1170 9
1171 53
1172 39
1173 228
1174 153
1175 76
1177 161
1178 65
1180 118
1181 26
1182 132
1183 23
1184 121
1185 70
1186 181
1187 134
1188 153
1189 2
1190 129
1191 236
1193 139
1194 136
1195 27
1197 41
1199 36
1200 121
1201 15
1202 45
1203 18
1204 19
1205 2
1206 204
1207 25
1208 200
1209 211
1210 34
1212 97
1213 169
1214 132
1215 216
1217 36
1218 6
1219 96
1220 36
1221 151
1222 13
1223 53
1224 77
1225 3
1226 112
1227 3
1228 55
1229 57
1230 229
1231 16
1232 34
1233 200
1235 60
1236 62
1237 69
1238 18
1239 81
1240 16
1241 3
1242 18
1243 92
1244 46
1245 166
1247 5
1248 169
1250 216
1251 47
1252 132
1253 129
1254 6
1255 174
1256 13
1257 98
1258 169
1259 11
1261 2
1262 8
1263 64
1264 135
1265 236
1267 12
1268 169
1269 231
1270 114
1271 132
1272 11
1273 237
1274 75
1275 69
1277 106
1278 198
1279 210
1280 70
1284 191
1285 118
1286 56
1287 27
1289 245
1290 232
1291 118
1292 17
1294 112
1296 52
1297 248
1298 2
1299 154
1300 173
1302 188
1303 57
1304 200
1305 66
1306 11
1307 119
1308 161
1309 18
1310 2
1311 235
1312 232
1313 2
1314 46
1315 43
1316 132
1317 3
1318 189
1319 119
1320 120
1321 12
1322 83
1323 161
1325 90
1326 215
1328 89
1329 114
1330 69
1331 245
1332 45
1334 227
1335 188
1336 132
1338 127
1339 151
1340 102
1341 176
1342 225
1343 223
1344 25
1345 188
1346 118
1347 77
1348 213
1349 172
1351 5
1352 210
1354 147
1355 96
1356 78
1357 245
1359 73
1360 65
1363 10
1364 103
1365 203
1366 223
1367 36
1368 247
1369 135
1370 74
1371 36
1372 101
1373 153
1374 69
1376 199
1377 230
1378 187
1379 39
1381 23
1382 244
1383 154
1384 101
1385 215
1386 32
1387 175
1389 45
1390 213
1391 155
1392 232
1394 132
1395 107
1396 186
1398 212
1399 36
1400 124
1401 21
1402 107
1403 93
1404 18
1405 35
1406 8
1407 149
1408 120
1409 37
1410 11
1413 81
1414 10
1415 94
1416 154
1417 109
1419 11
1420 210
1421 71
1422 173
1423 161
1424 18
1425 213
1426 148
1427 20
1428 223
1429 87
1430 18
1431 84
1432 183
1434 211
1436 11
1437 6
1438 212
1439 12
1440 235
1441 144
1442 40
1443 98
1444 2
1445 182
1446 109
1447 149
1448 206
1449 153
1451 132
1453 140
1455 75
1457 110
1458 12
1459 5
1460 36
1461 193
1462 249
1463 110
1464 120
1465 123
1466 3
1467 30
1468 121
1469 110
1470 165
1471 89
1472 222
1473 2
1474 86
1475 48
1476 48
1477 45
1478 139
1479 100
1480 3
1482 228
1483 21
1485 71
1486 241
1487 144
1488 42
1489 179
1490 82
1491 12
1493 80
1494 12
1495 79
1496 62
1497 94
1499 1
1500 170
1501 211
1502 36
1503 216
1504 239
1505 238
1506 70
1507 233
1508 189
1509 14
1510 33
1511 75
1513 130
1515 175
1516 188
1517 205
1518 83
1519 228
1520 64
1522 161
1524 225
1525 110
1526 242
1528 103
1529 125
1530 54
1531 29
1532 246
1533 88
1534 136
1535 91
1536 133
1537 90
1538 89
1540 18
1542 135
1543 211
1544 104
1545 3
1546 2
1547 159
1548 35
1551 70
1552 240
1553 118
1554 53
1555 232
1558 178
1559 27
1560 99
1561 238
1562 33
1563 80
1564 47
1565 43
1566 1
1567 83
1568 114
1569 72
1570 42
1571 103
1572 119
1573 21
1574 99
1576 136
1577 124
1578 147
1579 199
1580 158
1581 38
1582 234
1583 27
1586 221
1587 48
1589 242
1590 217
1592 5
1593 132
1594 119
1596 136
1598 215
1599 72
1600 201
1601 40
1602 50
1604 98
1605 179
1606 21
1608 238
1609 37
1610 244
1612 218
1613 68
1614 94
1616 86
1617 218
1619 82
1620 140
1621 96
1622 29
1623 70
1624 241
1625 169
1626 4
1627 140
1628 69
1629 23
1630 41
1631 215
1632 38
1633 136
1634 234
1635 151
1637 206
1638 112
1639 58
1640 23
1641 45
1643 11
1644 60
1645 47
1647 93
1648 103
1650 244
1652 133
1653 2
1654 11
1655 222
1656 18
1657 119
1658 99
1659 17
1660 119
1661 235
1662 153
1663 135
1664 2
1665 23
1666 5
1667 134
1668 83
1669 35
1670 139
1671 106
1672 90
1673 244
1674 68
1675 141
1676 90
1677 169
1678 6
1679 100
1680 36
1681 68
1682 48
1684 8
1685 185
1686 121
1687 108
1688 186
1689 38
1690 180
1691 103
1692 136
1693 38
1694 63
1695 190
1697 203
1698 80
1699 102
1701 21
1702 18
1704 205
1706 79
1707 203
1709 225
1711 104
1712 36
1713 17
1714 211
1715 93
1716 80
1717 133
1718 169
1719 151
1720 238
1721 111
1722 40
1723 39
1724 132
1726 40
1727 113
1728 214
1729 2
1730 182
1732 120
1733 128
1734 151
1735 206
1736 63
1737 171
1738 18
1739 109
1740 172
1741 128
1743 118
1744 48
1745 144
1747 210
1750 151
1751 9
1753 21
1754 107
1755 91
1756 48
1758 118
1759 2
1760 117
1761 18
1762 247
1763 192
1764 7
1765 130
1766 43
1767 133
1768 168
1769 26
1770 3
1771 24
1772 90
1773 212
1774 124
1775 127
1776 224
1777 83
1778 216
1779 216
1780 78
1782 64
1783 15
1784 212
1785 2
1788 71
1789 2
1790 135
1793 153
1794 18
1797 4
1798 19
1799 24
1800 141
1802 18
1803 205
1804 6
1805 14
1809 238
1810 2
1811 109
1813 211
1814 179
1815 116
1816 201
1817 196
1818 99
1819 79
1820 201
1822 63
1823 108
1824 21
1825 142
1826 18
1827 38
1828 238
1829 40
1831 52
1832 17
1833 175
1834 94
1835 245
1838 71
1840 55
1842 120
1843 27
1844 200
1845 7
1847 177
1848 162
1849 16
1850 138
1851 157
1852 117
1853 14
1854 103
1855 123
1856 228
1857 83
1858 41
1862 112
1863 232
1864 161
1865 219
1866 171
1867 3
1868 90
1869 35
1870 216
1871 61
1873 178
1874 200
1875 30
1876 3
1877 211
1878 152
1879 17
1880 25
1881 174
1882 5
1884 198
1885 36
1886 20
1887 200
1888 201
1889 53
1890 191
1891 14
1892 192
1893 119
1894 121
1895 21
1897 2
1898 239
1899 25
1900 196
1901 29
1902 11
1904 95
1906 171
1907 25
1910 101
1913 9
1914 212
1915 14
1917 187
1918 123
1919 118
1921 192
1922 37
1923 132
1924 220
1925 10
1926 36
1928 112
1929 185
1930 32
1931 171
1933 85
1934 21
1936 11
1937 88
1938 9
1939 28
1940 135
1941 47
1942 110
1943 34
1944 43
1946 174
1947 64
1948 11
1949 61
1950 62
1951 1
1952 84
1953 70
1955 100
1956 14
1957 25
1959 6
1960 57
1962 121
1963 121
1966 90
1967 228
1968 169
1969 65
1971 80
1972 13
1973 193
1974 200
1975 209
1976 68
1977 95
1978 212
1979 6
1980 207
1981 148
1982 249
1983 22
1984 115
1985 66
1986 151
1987 109
1989 196
1991 59
1992 132
1993 133
1994 6
1995 55
1996 47
1997 183
1998 13
1999 208
2000 162
2001 57
2002 224
2003 22
2004 161
2005 87
2006 169
2007 128
2008 218
2009 66
2010 183
2011 193
2012 124
2014 37
2015 177
2016 74
2017 201
2019 242
2020 14
2021 73
2022 6
2024 190
2025 2
2027 117
2028 30
2029 98
2030 83
2031 91
2032 121
2033 98
2035 189
2036 192
2040 36
2041 62
2042 22
2044 234
2045 22
2046 23
2047 98
2051 21
2053 238
2054 109
2055 104
2056 215
2057 174
2058 15
2059 104
2060 209
2061 18
2062 249
2065 8
2067 132
2068 43
2071 105
2072 182
2073 173
2074 103
2075 9
2076 29
2077 105
2078 33
2079 21
2081 156
2083 198
2084 220
2085 105
2086 27
2087 118
2088 2
2090 21
2091 50
2092 70
2093 67
2094 21
2095 152
2096 60
2097 72
2098 235
2099 168
2100 52
2101 161
2102 168
2103 192
2105 201
2106 11
2107 88
2108 84
2109 69
2110 240
2111 230
2113 21
2115 126
2116 174
2118 165
2119 55
2121 159
2122 48
2123 94
2124 93
2125 98
2126 0
2127 85
2128 40
2129 136
2130 12
2131 21
2132 178
2133 111
2134 62
2135 100
2136 212
2140 15
2141 183
2142 2
2143 170
2146 137
2147 40
2148 83
2150 35
2152 7
2153 16
2154 205
2155 107
2156 185
2157 215
2158 134
2159 113
2161 119
2162 103
2163 121
2164 23
2165 152
2166 209
2167 223
2168 57
2169 27
2170 119
2171 36
2173 104
2174 146
2178 155
2179 80
2182 84
2183 122
2184 129
2185 189
2186 6
2187 80
2188 144
2189 235
2190 129
2191 209
2192 187
2193 241
2194 83
2195 90
2197 195
2198 33
2200 220
2202 239
2204 68
2205 165
2206 27
2207 139
2210 109
2211 112
2213 38
2214 79
2217 36
2218 43
2220 186
2221 31
2223 137
2224 13
2226 13
2227 238
2228 145
2229 31
2231 241
2232 100
2233 91
2234 53
2235 226
2236 148
2237 41
2239 177
2240 103
2241 57
2244 20
2245 171
2246 30
2248 96
2249 21
2251 110
2252 215
2253 72
2255 36
2256 224
2257 169
2258 44
2259 37
2260 18
2261 150
2262 127
2263 57
2265 100
2266 82
2267 72
2268 103
2269 141
2270 130
2271 200
2272 97
2273 234
2274 77
2275 193
2276 43
2277 2
2278 39
2280 169
2281 60
2282 103
2283 80
2284 245
2285 31
2286 25
2287 31
2288 218
2290 191
2291 140
2292 88
2294 11
2298 162
2299 188
2300 40
2302 206
2303 191
2304 5
2305 3
2306 85
2307 43
2308 232
2309 40
2310 153
2311 89
2312 33
2314 69
2315 15
2316 248
2317 242
2318 126
2320 21
2323 200
2324 161
2325 114
2327 25
2329 94
2331 33
2332 194
2334 38
2335 31
2336 75
2337 55
2338 97
2339 11
2340 232
2341 223
2342 68
2343 171
2344 200
2345 132
2346 169
2350 171
2351 78
2353 49
2354 237
2355 119
2356 50
2357 232
2359 73
2360 196
2361 184
2362 182
2363 103
2364 162
2365 143
2367 36
2368 223
2369 29
2370 84
2371 234
2372 96
2373 80
2374 126
2376 33
2377 162
2379 186
2381 24
2383 74
2385 12
2386 187
2387 23
2388 31
2389 85
2390 172
2391 64
2393 112
2395 53
2397 106
2398 67
2399 80
2400 83
2401 5
2402 38
2403 212
2404 211
2405 121
2406 121
2407 132
2408 130
2409 162
2410 105
2411 102
2413 224
2414 184
2415 199
2418 222
2419 34
2420 38
2421 249
2422 32
2424 232
2425 158
2427 145
2428 115
2429 27
2430 40
2431 55
2432 106
2433 18
2434 175
2438 238
2440 241
2441 217
2442 191
2443 138
2445 223
2446 83
2448 166
2449 149
2450 228
2451 6
2452 102
2455 18
2457 112
2459 198
2460 148
2461 118
2462 211
2463 17
2464 199
2467 84
2468 145
2471 184
2472 106
2473 214
2474 23
2476 66
2478 192
2479 169
2480 106
2482 135
2483 38
2484 62
2485 104
2486 2
2488 117
2489 114
2490 18
2491 73
2492 36
2493 44
2494 245
2495 78
2496 214
2498 221
2499 14
2501 242
2502 210
2503 121
2504 36
2505 58
2506 164
2507 29
2508 37
2510 116
2511 98
2512 72
2513 64
2514 196
2516 79
2517 192
2518 129
2519 78
2520 208
2521 13
2522 50
2524 211
2525 133
2528 185
2529 36
2531 107
2533 238
2534 70
2536 23
2537 114
2538 155
2539 125
2540 34
2541 21
2542 189
2543 28
2545 137
2547 194
2548 109
2549 2
2550 83
2551 7
2552 144
2553 194
2557 65
2558 148
2560 224
2561 71
2563 116
2565 5
2567 68
2569 91
2570 138
2572 15
2574 227
2576 92
2579 189
2580 11
2583 62
2584 23
2585 58
2586 171
2587 129
2588 89
2589 85
2590 182
2591 132
2592 162
2595 7
2596 38
2597 107
2598 83
2599 149
2601 219
2602 113
2604 113
2605 76
2606 133
2607 12
2608 112
2609 142
2610 200
2612 99
2614 70
2615 199
2617 213
2618 200
2619 83
2620 36
2621 27
2623 202
2624 40
2625 133
2626 239
2627 40
2628 222
2631 84
2632 164
2633 144
2634 154
2635 9
2636 61
2637 145
2638 127
2639 83
2640 47
2642 55
2643 2
2644 182
2646 34
2648 48
2650 115
2652 201
2653 90
2654 133
2657 146
2660 200
2661 106
2662 29
2664 27
2665 219
2666 197
2667 42
2668 161
2670 1
2671 119
2672 56
2673 89
2674 119
2676 121
2677 76
2678 111
2679 15
2680 72
2681 82
2682 81
2683 77
2685 211
2686 121
2687 136
2688 228
2689 245
2690 151
2691 86
2692 211
2693 44
2694 186
2695 206
2697 9
2698 40
2701 150
2702 123
2704 62
2705 225
2707 214
2709 228
2710 141
2711 10
2715 91
2716 44
2717 228
2718 123
2719 186
2720 112
2721 94
2722 57
2723 175
2724 27
2725 129
2726 38
2728 42
2729 211
2731 187
2732 238
2733 23
2737 51
2738 177
2739 63
2741 26
2742 52
2743 3
2744 27
2745 83
2747 126
2748 27
2749 75
2750 99
2751 127
2752 119
2753 95
2755 24
2756 110
2758 72
2759 5
2760 167
2762 69
2763 33
2764 72
2765 6
2768 175
2769 33
2772 221
2773 81
2775 20
2776 80
2777 6
2778 234
2779 164
2780 121
2783 153
2785 110
2786 9
2787 92
2788 66
2789 132
2791 3
2792 92
2794 21
2795 128
2796 217
2798 138
2799 50
2801 40
2802 172
2803 189
2804 18
2806 223
2807 176
2809 129
2811 30
2812 134
2813 245
2815 80
2816 156
2817 80
2818 219
2820 2
2821 66
2822 189
2823 5
2825 47
2826 187
2830 132
2831 240
2832 93
2833 212
2834 162
2835 169
2838 77
2839 36
2840 113
2843 150
2844 18
2845 228
2846 36
2848 41
2849 36
2850 169
2851 145
2854 9
2856 132
2857 136
2858 199
2859 125
2862 201
2863 152
2866 128
2867 169
2868 21
2869 21
2870 35
2871 2
2872 216
2873 133
2874 123
2875 201
2878 21
2879 81
2880 7
2881 3
2882 80
2883 100
2884 143
2886 249
2887 74
2888 20
2889 142
2890 36
2892 54
2894 83
2895 116
2896 118
2898 21
2899 3
2900 33
2902 6
2904 136
2906 92
2908 107
2909 249
2912 67
2914 107
2916 117
2917 60
2918 13
2920 2
2921 151
2922 53
2923 128
2925 238
2927 21
2928 191
2930 79
2931 224
2932 179
2933 193
2934 181
2936 83
2937 205
2939 189
2940 18
2941 232
2942 221
2943 152
2944 90
2945 207
2946 216
2947 98
2948 27
2950 126
2951 11
2952 40
2954 193
2955 92
2956 89
2957 83
2959 26
2960 4
2961 5
2962 73
2963 166
2964 3
2965 25
2968 83
2970 35
2971 128
2972 77
2973 114
2974 74
2975 104
2976 170
2979 222
2980 21
2986 244
2987 185
2988 40
2989 20
2990 222
2991 64
2993 141
2995 17
2996 43
2997 47
2999 191
3000 21
3001 21
3002 68
3003 98
3004 151
3005 25
3006 25
3008 140
3009 115
3010 115
3011 169
3012 173
3013 146
3014 146
3015 80
3016 2
3017 2
3018 153
3021 248
3022 238
3023 238
3024 228
3025 132
3027 29
3028 238
3029 96
3030 27
3031 54
3032 149
3033 151
3035 201
3036 122
3038 80
3039 134
3041 34
3042 34
3043 177
3044 177
3045 114
3046 232
3049 63
3050 63
3051 159
3052 28
3053 77
3055 35
3056 35
3057 216
3058 12
3061 168
3062 168
3063 123
3064 123
3065 141
3066 184
3068 35
3069 35
3070 107
3071 110
3072 174
3076 31
3077 38
3078 38
3079 99
3081 70
3082 78
3085 48
3086 48
3087 165
3091 117
3092 117
3094 47
3095 224
3096 5
3097 5
3098 5
3099 67
3100 67
3101 133
3102 132
3103 132
3104 132
3105 14
3106 14
3107 4
3112 12
3113 169
3114 37
3115 37
3116 37
3117 89
3118 89
3119 89
3120 133
3121 3
3122 3
3123 222
3124 222
3125 15
3127 175
3128 175
3129 60
3130 2
3131 2
3132 2
3133 129
3134 129
3135 99
3136 114
3137 53
3139 27
3140 27
3141 27
3144 171
3145 171
3146 131
3147 229
3149 93
3152 33
3153 147
3155 129
3156 129
3157 112
3158 181
3160 16
3161 39
3162 39
3163 39
3165 13
3166 164
3168 188
3169 71
3170 71
3171 71
3172 192
3173 59
3174 249
3175 249
3176 72
3177 72
3179 246
3180 34
3181 189
3183 126
3184 85
3185 157
3186 2
3187 2
3190 119
3191 119
3192 119
3193 49
3194 113
3195 113
3196 69
3197 69
3198 69
3199 242
3200 242
3202 73
3203 25
3205 57
3206 233
3207 66
3210 200
3211 29
3212 29
3214 44
3215 53
3216 31
3218 21
3219 16
3220 1
3224 21
3225 21
3226 113
3227 2
3228 2
3229 156
3230 156
3231 57
3232 158
3233 76
3234 76
3235 79
3236 79
3237 27
3238 27
3239 189
3240 16
3241 107
3242 107
3243 238
3245 75
3247 179
3248 219
3249 171
3250 98
3251 110
3252 205
3253 25
3254 25
3255 140
3257 102
3258 102
3259 124
3260 124
3261 216
3262 216
3263 211
3265 80
3266 223
3269 132
3270 132
3272 118
3275 29
3277 149
3278 149
3279 30
3281 189
3282 144
3284 144
3287 189
3288 175
3289 143
3290 178
3291 218
3292 177
3293 177
3294 7
3295 7
3296 2
3298 232
3299 40
3301 185
3302 223
3304 208
3305 77
3306 77
3307 171
3308 216
3309 141
3310 128
3313 12
3315 17
3316 14
3318 168
3319 184
3320 141
3321 18
3323 239
3324 160
3325 45
3327 85
3328 31
3329 31
3330 232
3332 196
3333 196
3334 215
3335 83
3336 21
3337 21
3338 100
3339 78
3340 78
3341 190
3345 136
3346 112
3348 89
3349 89
3351 47
3352 46
3353 46
3354 153
3355 99
3357 172
3358 27
3360 27
3361 53
3362 171
3363 171
3364 131
3365 84
3367 221
3368 93
3369 93
3370 93
3371 32
3372 187
3374 213
3375 56
3376 147
3377 85
3378 169
3379 216
3380 119
3381 119
3384 205
3385 164
3387 72
3388 72
3389 136
3390 136
3391 237
3392 80
3393 81
3394 81
3396 42
3397 103
3398 95
3399 6
3403 4
3404 11
3405 120
3407 65
3408 65
3409 98
3410 98
3413 233
3414 200
3415 200
3416 234
3417 207
3419 23
3420 53
3423 31
3424 228
3425 21
3426 1
3427 169
3428 202
3429 193
3430 193
3432 92
3433 90
3434 90
3435 245
3436 245
3439 9
3441 103
3442 18
3443 18
3445 129
3446 132
3447 2
3448 2
3449 2
3451 1
3452 1
3453 52
3454 27
3455 27
3456 86
3457 79
3459 27
3460 27
3461 50
3462 87
3463 179
3465 8
3466 30
3467 167
3468 110
3469 110
3471 205
3472 186
3473 186
3474 124
3475 124
3476 115
3477 115
3478 184
3479 200
3480 200
3481 199
3482 2
3484 83
3485 97
3486 97
3487 153
3488 206
3489 40
3490 228
3492 180
3493 118
3494 118
3496 98
3497 96
3498 96
3499 238
3501 99
3502 17
3503 17
3504 188
3506 235
3507 33
3508 18
3509 18
3510 16
3511 57
3512 178
3513 178
3514 218
3515 218
3516 7
3517 7
3518 98
3520 63
3521 194
3522 91
3523 91
3524 91
3526 155
3528 32
3529 180
3530 94
3531 94
3532 185
3533 3
3534 0
3535 110
3536 116
3537 116
3538 127
3540 106
3541 160
3542 21
3543 110
3544 45
3546 194
3548 99
3549 19
3550 85
3551 21
3552 21
3553 117
3554 117
3555 117
3556 125
3557 133
3558 78
3559 78
3560 100
3562 135
3563 135
3564 37
3567 89
3568 89
3569 89
3570 89
3571 133
3572 3
3573 3
3574 30
3575 54
3576 25
3577 175
3579 183
3580 172
3581 136
3582 101
3583 53
3584 62
3585 62
3589 27
3590 61
3591 61
3592 132
3594 97
3596 23
3597 229
3598 105
3600 147
3601 147
3603 151
3604 112
3606 12
3607 82
3608 82
3609 154
3610 39
3611 39
3612 13
3613 13
3614 13
3615 164
3616 164
3618 141
3619 122
3620 59
3621 168
3623 14
3624 72
3625 72
3627 80
3628 34
3631 168
3632 111
3633 157
3635 65
3636 192
3637 98
3638 152
3639 152
3640 233
3641 31
3643 133
3645 142
3647 122
3648 98
3649 16
3651 1
3652 197
3653 60
3654 31
3655 202
3656 92
3658 58
3659 90
3660 108
3661 18
3662 18
3663 109
3665 2
3666 2
3667 2
3668 52
3669 156
3670 156
3671 158
3672 36
3673 85
3674 223
3676 138
3677 27
3678 167
3680 186
3681 23
3682 169
3683 146
3684 146
3685 3
3686 52
3687 52
3688 35
3689 220
3690 206
3691 206
3692 118
3693 118
3694 118
3695 118
3696 132
3697 220
3698 189
3699 29
3700 29
3701 98
3702 8
3703 109
3704 168
3705 80
3706 7
3707 228
3708 177
3710 7
3712 232
3713 232
3714 240
3715 63
3716 63
3717 223
3718 77
3719 77
3720 32
3721 41
3722 41
3723 189
3724 189
3725 0
3726 162
3727 110
3728 98
3729 18
3731 18
3732 116
3733 60
3734 205
3735 33
3737 217
3738 184
3739 92
3740 222
3741 70
3742 70
3743 189
3744 198
3745 215
3746 72
3747 73
3748 16
3750 47
3751 67
3752 67
3753 133
3754 171
3755 114
3756 222
3758 22
3759 22
3760 47
3761 47
3762 175
3763 154
3765 20
3766 189
3767 4
3768 189
3769 85
3770 7
3771 199
3772 21
3773 21
3774 53
3775 171
3777 184
3778 5
3779 105
3780 105
3781 206
3784 201
3785 201
3789 181
3790 119
3791 119
3792 112
3793 177
3795 15
3796 38
3797 38
3799 85
3800 141
3801 249
3802 249
3803 14
3804 14
3807 34
3808 57
3809 189
3810 36
3811 198
3812 157
3815 116
3816 207
3817 49
3818 113
3819 113
3820 215
3821 161
3822 120
3823 120
3824 242
3825 242
3826 114
3827 66
3828 66
3829 134
3830 31
3831 207
3832 133
3834 53
3835 44
3837 142
3838 220
3839 122
3841 31
3842 4
3843 24
3844 23
3845 161
3846 169
3847 169
3848 176
3849 176
3850 58
3851 137
3852 137
3853 106
3854 106
3855 43
3856 189
3857 103
3858 83
3860 189
3861 214
3862 212
3863 52
3864 57
3865 153
3866 153
3868 62
3869 79
3870 40
3871 87
3872 87
3873 36
3874 107
3875 107
3876 30
3877 223
3878 223
3879 179
3880 179
3881 126
3882 110
3883 116
3884 186
3885 186
3886 140
3887 140
3888 102
3889 102
3890 124
3891 47
3892 216
3895 228
3896 146
3897 146
3898 211
3899 80
3900 80
3901 147
3902 147
3903 52
3904 52
3907 64
3908 35
3909 60
3910 58
3911 228
3912 16
3913 238
3914 238
3915 173
3916 151
3917 179
3918 192
3919 192
3920 224
3921 141
3922 27
3923 33
3924 189
3925 17
3926 17
3927 144
3928 144
3929 144
3930 57
3931 57
3932 134
3933 134
3934 218
3935 218
3936 34
3937 34
3938 7
3939 7
3940 7
3941 201
3942 232
3943 40
3944 185
3945 185
3946 91
3947 91
3948 91
3949 19
3950 19
3951 113
3953 205
3954 63
3955 0
3957 173
3958 162
3960 168
3961 168
3963 184
3964 92
3965 78
3966 85
3967 198
3968 198
3969 78
3970 196
3971 196
3972 117
3973 117
3974 117
3977 5
3978 175
3979 11
3980 5
3981 180
3982 132
3983 132
3985 132
3986 172
3987 239
3988 100
3989 100
3991 80
3992 12
3993 12
3994 247
3995 44
3996 33
3997 15
3998 70
3999 80
4000 225
4001 20
4002 20
4003 20
4004 189
4006 106
4007 151
4008 114
4009 34
4010 34
4011 62
4012 62
4013 184
4014 131
4015 184
4018 105
4019 105
4020 93
4021 93
4022 93
4023 187
4025 133
4026 56
4027 211
4029 78
4032 119
4033 11
4034 11
4035 199
4036 141
4037 141
4038 210
4039 210
4040 74
4041 249
4042 249
4043 138
4044 72
4045 136
4046 136
4047 55
4048 55
4049 42
4050 231
4051 219
4052 14
4053 14
4054 209
4055 209
4056 72
4057 219
4058 246
4059 82
4060 104
4061 95
4062 195
4063 157
4064 116
4065 116
4066 119
4067 119
4068 119
4071 69
4072 69
4073 69
4074 120
4075 50
4076 50
4077 11
4078 189
4079 57
4081 66
4082 66
4083 66
4084 143
4085 31
4086 207
4087 133
4089 100
4090 152
4091 152
4092 17
4093 151
4094 42
4095 2
4096 132
4097 3
4098 211
4099 174
4100 176
4101 176
4102 230
4103 193
4104 226
4105 11
4106 80
4107 80
4108 137
4109 137
4110 18
4112 18
4113 33
4114 155
4115 100
4116 36
4117 36
4118 78
4119 52
4120 52
4121 27
4122 138
4123 27
4124 27
4125 8
4126 73
4127 75
4128 75
4129 223
4130 223
4131 223
4132 167
4133 171
4134 25
4135 25
4136 228
4137 228
4138 211
4139 80
4140 80
4141 2
4142 2
4143 58
4144 40
4145 16
4146 205
4147 239
4148 78
4149 163
4150 17
4151 17
4152 145
4153 145
4154 33
4155 18
4156 18
4157 36
4158 36
4159 144
4160 144
4161 144
4162 73
4163 33
4164 82
4165 202
4166 204
4167 40
4168 134
4169 105
4170 37
4171 72
4172 72
4173 36
4174 36
4175 41
4176 41
4177 128
4178 128
4179 180
4180 185
4181 185
4182 192
4183 39
4184 0
4185 0
4186 173
4187 162
4188 62
4189 123
4190 52
4191 239
4192 73
4193 180
4194 73
4195 91
4196 174
4197 217
4198 217
4199 110
4200 204
4201 225
4202 218
4203 243
4204 243
4205 31
4206 31
4207 33
4208 6
4209 249
4210 48
4211 48
4212 32
4213 163
4214 9
4215 62
4216 218
4217 78
4218 78
4219 213
4220 180
4221 67
4222 20
4223 14
4224 14
4225 244
4226 128
4227 15
4228 15
4229 36
4230 166
4231 47
4232 47
4233 204
4234 129
4235 129
4236 99
4237 136
4238 136
4239 226
4240 133
4241 141
4242 62
4243 62
4244 199
4245 27
4246 27
4247 27
4248 27
4249 86
4250 61
4251 171
4252 171
4253 171
4254 184
4255 52
4256 225
4257 56
4258 38
4259 93
4260 93
4261 57
4262 93
4263 206
4264 74
4265 129
4266 129
4267 85
4268 12
4269 138
4270 119
4271 119
4272 119
4273 166
4274 78
4275 243
4276 107
4277 62
4278 249
4279 16
4280 219
4281 85
4282 141
4283 219
4284 14
4285 14
4286 34
4287 34
4288 81
4289 81
4290 81
4291 163
4292 205
4293 87
4294 95
4295 4
4296 86
4297 197
4298 21
4299 81
4300 163
4301 183
4302 36
4303 242
4304 36
4305 218
4306 38
4307 57
4308 19
4309 40
4310 66
4311 66
4312 66
4313 200
4314 200
4315 23
4316 44
4317 100
4318 84
4319 36
4320 86
4321 4
4322 205
4323 31
4324 31
4325 218
4326 129
4327 72
4328 230
4329 92
4330 32
4331 62
4332 218
4333 218
4334 25
4335 91
4336 245
4337 57
4338 243
4339 163
4340 164
4341 85
4342 163
4343 100
4344 36
4345 36
4346 36
4347 173
4348 88
4349 52
4350 52
4351 156
4352 156
4353 138
4354 138
4355 171
4356 30
4357 75
4358 75
