0 13
1 225
2 132
3 30
4 179
5 34
6 238
7 75
8 129
9 60
10 95
11 101
12 224
13 104
14 81
15 148
16 46
17 171
18 215
19 147
20 60
21 25
22 172
23 216
24 2
25 236
26 4
27 63
28 18
29 67
30 104
31 0
32 118
33 64
34 107
35 59
36 194
37 220
38 51
39 221
40 148
41 101
42 166
43 238
44 61
45 58
46 104
47 28
48 49
49 176
50 86
51 118
52 161
53 66
54 44
55 176
56 69
57 196
58 16
59 116
60 65
61 97
62 110
63 109
64 176
65 28
66 5
67 173
68 60
69 24
70 151
71 64
72 148
73 37
74 5
75 98
76 171
77 94
78 99
79 23
80 123
81 223
82 207
83 108
84 145
85 135
86 7
87 16
88 202
89 62
90 18
91 42
92 218
93 54
94 20
95 132
96 118
97 95
98 124
99 35
100 171
101 62
102 210
103 15
104 104
105 109
106 156
107 107
108 107
109 146
110 162
111 18
112 101
113 220
114 16
115 26
116 224
117 56
118 98
119 128
120 99
121 0
122 227
123 64
124 49
125 116
126 16
127 196
128 61
129 202
130 111
131 181
132 175
133 60
134 69
135 70
136 101
137 19
138 1
139 132
140 69
141 196
142 104
143 123
144 7
145 184
146 157
147 56
148 98
149 31
150 187
151 40
152 196
153 123
154 192
155 38
156 186
157 97
158 22
159 118
160 49
161 17
162 118
163 6
164 217
165 86
166 123
167 75
168 11
169 29
170 200
171 123
172 219
173 16
174 186
175 151
176 49
177 104
178 20
179 4
180 221
181 31
182 236
183 130
184 62
185 227
186 60
187 220
188 30
189 238
190 248
191 206
192 38
193 43
194 65
195 41
196 223
197 81
198 121
199 101
200 123
201 123
202 51
203 17
204 105
205 217
206 140
207 28
208 178
209 65
210 129
211 236
212 15
213 123
214 42
215 65
216 57
217 116
218 42
219 20
220 0
221 171
222 45
223 116
224 25
225 104
226 73
227 123
228 41
229 16
230 103
231 9
232 176
233 35
234 8
235 221
236 75
237 123
238 105
239 11
240 19
241 86
242 181
243 2
244 16
245 220
246 60
247 101
248 227
249 34
250 186
251 199
252 178
253 216
254 189
255 167
256 123
257 37
258 178
259 246
260 86
261 220
262 34
263 30
264 56
265 209
266 189
267 17
268 30
269 3
270 238
271 220
272 220
273 138
274 28
275 129
276 87
277 190
278 181
279 224
280 30
281 179
282 53
283 110
284 131
285 17
286 3
287 4
288 27
289 9
290 3
291 103
292 93
293 147
294 7
295 227
296 45
297 231
298 105
299 82
300 28
301 83
302 30
303 59
304 188
305 62
306 152
307 6
308 105
309 107
310 129
311 109
312 97
313 124
314 171
315 53
316 105
317 134
318 20
319 168
320 115
321 11
322 26
323 151
324 49
325 192
326 130
327 39
328 3
329 220
330 148
331 145
332 216
333 148
334 66
335 156
336 11
337 135
338 132
339 169
340 217
341 249
342 138
343 115
344 13
345 235
346 130
347 221
348 82
349 159
350 18
351 221
352 116
353 244
354 86
355 138
356 226
357 50
358 147
359 42
360 227
361 156
362 102
363 238
364 130
365 151
366 55
367 132
368 16
369 49
370 3
371 104
372 37
373 199
374 152
375 123
376 196
377 60
378 101
379 123
380 49
381 170
382 224
383 226
384 25
385 102
386 20
387 108
388 37
389 130
390 120
391 151
392 104
393 162
394 88
395 95
396 31
397 30
398 71
399 189
400 6
401 215
402 33
403 126
404 60
405 56
406 12
407 71
408 90
409 212
410 196
411 210
412 84
413 210
414 3
415 226
416 71
417 101
418 153
419 238
420 196
421 221
422 83
423 221
424 147
425 176
426 29
427 20
428 202
429 219
430 123
431 101
432 248
433 14
434 154
435 147
436 11
437 72
438 167
439 196
440 239
441 220
442 97
443 31
444 79
445 14
446 85
447 241
448 231
449 204
450 115
451 220
452 208
453 148
454 196
455 72
456 169
457 19
458 151
459 241
460 66
461 64
462 221
463 112
464 105
465 227
466 248
467 16
468 190
469 226
470 75
471 95
472 73
473 148
474 148
475 123
476 101
477 58
478 172
479 147
480 2
481 155
482 46
483 63
484 175
485 134
486 49
487 37
488 64
489 156
490 159
491 4
492 72
493 176
494 11
495 20
496 182
497 214
498 101
499 130
500 58
501 210
502 171
503 224
504 107
505 73
506 171
507 20
508 58
509 83
510 90
511 216
512 3
513 30
514 105
515 83
516 171
517 248
518 152
519 8
520 109
521 118
522 101
523 138
524 194
525 152
526 241
527 196
528 123
529 116
530 30
531 204
532 104
533 109
534 112
535 132
536 14
537 123
538 17
539 56
540 76
541 244
542 41
543 202
544 131
545 140
546 75
547 30
548 90
549 90
550 12
551 107
552 3
553 75
554 27
555 123
556 148
557 196
558 210
559 7
560 11
561 130
562 107
563 65
564 20
565 0
566 13
567 175
568 7
569 11
570 23
571 30
572 179
573 220
574 155
575 204
576 216
577 188
578 32
579 123
580 109
581 3
582 30
583 123
584 167
585 103
586 182
587 132
588 147
589 18
590 25
591 131
592 220
593 241
594 123
595 38
596 123
597 58
598 206
599 30
600 10
601 233
602 123
603 109
604 147
605 190
606 3
607 124
608 143
609 148
610 7
611 0
612 22
613 148
614 204
615 3
616 55
617 196
618 43
619 20
620 217
621 233
622 10
623 70
624 153
625 11
626 238
627 25
628 40
629 175
630 42
631 126
632 235
633 66
634 7
635 18
636 216
637 19
638 227
639 19
640 48
641 123
642 73
643 23
644 123
645 217
646 105
647 101
648 99
649 33
650 194
651 62
652 235
653 198
654 123
655 101
656 95
657 148
658 181
659 5
660 86
661 219
662 19
663 59
664 123
665 104
666 151
667 12
668 37
669 33
670 13
671 17
672 199
673 151
674 64
675 37
676 146
677 115
678 196
679 67
680 106
681 108
682 40
683 12
684 177
685 202
686 123
687 106
688 4
689 17
690 196
691 112
692 112
693 58
694 76
695 135
696 123
697 19
698 6
699 233
700 30
701 130
702 194
703 190
704 227
705 124
706 11
707 33
708 123
709 123
710 182
711 73
712 30
713 31
714 41
715 77
716 216
717 6
718 112
719 62
720 220
721 226
722 112
723 115
724 126
725 23
726 81
727 123
728 148
729 162
730 123
731 164
732 64
733 0
734 124
735 115
736 72
737 123
738 177
739 156
740 102
741 129
742 60
743 177
744 90
745 14
746 226
747 132
748 220
749 245
750 67
751 117
752 93
753 196
754 50
755 81
756 190
757 190
758 42
759 118
760 151
761 187
762 70
763 132
764 224
765 224
766 209
767 72
768 101
769 221
770 177
771 64
772 20
773 227
774 27
775 32
776 123
777 5
778 123
779 57
780 2
781 123
782 133
783 221
784 0
785 199
786 231
787 49
788 6
789 25
790 90
791 147
792 181
793 19
794 163
795 24
796 177
797 233
798 107
799 196
800 148
801 181
802 11
803 132
804 20
805 123
806 196
807 196
808 137
809 31
810 60
811 7
812 231
813 104
814 181
815 55
816 147
817 245
818 224
819 216
820 190
821 62
822 242
823 189
824 146
825 175
826 17
827 101
828 239
829 20
830 200
831 196
832 183
833 130
834 31
835 155
836 209
837 157
838 71
839 40
840 46
841 27
842 7
843 184
844 3
845 147
846 75
847 146
848 194
849 88
850 234
851 220
852 148
853 123
854 112
855 97
856 231
857 20
858 210
859 217
860 192
861 4
862 145
863 61
864 95
865 65
866 28
867 58
868 12
869 3
870 30
871 60
872 199
873 186
874 144
875 196
876 105
877 123
878 75
879 49
880 73
881 86
882 72
883 60
884 2
885 104
886 66
887 8
888 13
889 238
890 72
891 118
892 58
893 132
894 167
895 202
896 20
897 112
898 219
899 83
900 223
901 156
902 63
903 83
904 138
905 190
906 118
907 146
908 20
909 98
910 18
911 12
912 202
913 0
914 90
915 66
916 159
917 210
918 196
919 128
920 237
921 116
922 81
923 207
924 104
925 91
926 108
927 182
928 224
929 156
930 101
931 54
932 153
933 187
934 209
935 176
936 192
937 154
938 7
939 41
940 147
941 204
942 154
943 43
944 231
945 7
946 160
947 66
948 153
949 81
950 217
951 97
952 146
953 151
954 107
955 30
956 116
957 189
958 123
959 14
960 181
961 83
962 204
963 90
964 216
965 69
966 224
967 38
968 30
969 1
970 132
971 123
972 207
973 172
974 90
975 148
976 140
977 210
978 123
979 25
980 130
981 220
982 168
983 130
984 30
985 81
986 20
987 116
988 221
989 67
990 146
991 123
992 199
993 196
994 47
995 224
996 42
997 71
998 148
999 104
1000 196
1001 201
1002 58
1003 112
1004 243
1005 123
1006 89
1007 248
1008 118
1009 116
1010 132
1011 163
1012 129
1013 28
1014 123
1015 109
1016 123
1017 224
1018 177
1019 178
1020 6
1021 123
1022 0
1023 101
1024 54
1025 12
1026 30
1027 176
1028 104
1029 148
1030 132
1031 175
1032 192
1033 68
1034 98
1035 64
1036 86
1037 178
1038 42
1039 138
1040 248
1041 71
1042 104
1043 231
1044 221
1045 140
1046 30
1047 110
1048 246
1049 41
1050 75
1051 34
1052 196
1053 196
1054 202
1055 231
1056 109
1057 30
1058 124
1059 7
1060 97
1061 147
1062 81
1063 73
1064 2
1065 93
1066 202
1067 143
1068 156
1069 247
1070 234
1071 226
1072 22
1073 224
1074 19
1075 91
1076 37
1077 199
1078 190
1079 163
1080 244
1081 54
1082 153
1083 147
1084 41
1085 130
1086 183
1087 199
1088 107
1089 148
1090 34
1091 209
1092 27
1093 27
1094 227
1095 182
1096 231
1097 142
1098 118
1099 238
1100 123
1101 9
1102 41
1103 70
1104 123
1105 224
1106 110
1107 72
1108 81
1109 14
1110 221
1111 147
1112 118
1113 28
1114 210
1115 241
1116 118
1117 216
1118 151
1119 216
1120 190
1121 208
1122 53
1123 199
1124 146
1125 67
1126 98
1127 175
1128 81
1129 173
1130 107
1131 68
1132 147
1133 147
1134 71
1135 0
1136 65
1137 177
1138 55
1139 105
1140 118
1141 60
1142 30
1143 224
1144 9
1145 37
1146 9
1147 39
1148 66
1149 204
1150 109
1151 210
1152 162
1153 20
1154 122
1155 196
1156 113
1157 107
1158 95
1159 209
1160 202
1161 106
1162 123
1163 104
1164 116
1165 121
1166 65
1167 65
1168 224
1169 129
1170 16
1171 19
1172 83
1173 187
1174 43
1175 177
1176 146
1177 169
1178 123
1179 35
1180 132
1181 107
1182 192
1183 45
1184 126
1185 63
1186 66
1187 123
1188 156
1189 151
1190 42
1191 163
1192 124
1193 181
1194 194
1195 109
1196 17
1197 110
1198 144
1199 95
1200 75
1201 43
1202 216
1203 81
1204 17
1205 8
1206 109
1207 0
1208 124
1209 216
1210 176
1211 221
1212 123
1213 187
1214 101
1215 151
1216 7
1217 3
1218 91
1219 37
1220 208
1221 104
1222 245
1223 97
1224 97
1225 184
1226 224
1227 41
1228 167
1229 171
1230 26
1231 221
1232 67
1233 210
1234 18
1235 7
1236 30
1237 38
1238 86
1239 226
1240 20
1241 224
1242 210
1243 147
1244 216
1245 247
1246 109
1247 120
1248 159
1249 34
1250 218
1251 112
1252 123
1253 20
1254 91
1255 126
1256 245
1257 90
1258 68
1259 20
1260 98
1261 52
1262 119
1263 224
1264 101
1265 186
1266 11
1267 123
1268 93
1269 81
1270 91
1271 86
1272 14
1273 11
1274 0
1275 38
1276 123
1277 20
1278 164
1279 204
1280 63
1281 112
1282 158
1283 140
1284 3
1285 216
1286 109
1287 25
1288 35
1289 101
1290 130
1291 216
1292 123
1293 216
1294 224
1295 83
1296 101
1297 107
1298 97
1299 83
1300 238
1301 66
1302 102
1303 112
1304 32
1305 179
1306 14
1307 44
1308 163
1309 41
1310 8
1311 123
1312 130
1313 151
1314 118
1315 22
1316 109
1317 115
1318 6
1319 63
1320 216
1321 196
1322 99
1323 176
1324 147
1325 115
1326 4
1327 234
1328 118
1329 123
1330 38
1331 101
1332 216
1333 145
1334 182
1335 219
1336 146
1337 194
1338 60
1339 92
1340 116
1341 67
1342 73
1343 19
1344 212
1345 174
1346 118
1347 97
1348 18
1349 18
1350 34
1351 2
1352 204
1353 175
1354 196
1355 19
1356 35
1357 19
1358 20
1359 10
1360 123
1361 47
1362 109
1363 3
1364 196
1365 23
1366 105
1367 223
1368 66
1369 101
1370 30
1371 82
1372 221
1373 16
1374 38
1375 14
1376 176
1377 146
1378 71
1379 83
1380 241
1381 49
1382 210
1383 83
1384 34
1385 95
1386 147
1387 196
1388 75
1389 216
1390 190
1391 206
1392 196
1393 234
1394 196
1395 148
1396 54
1397 175
1398 11
1399 76
1400 98
1401 19
1402 123
1403 20
1404 30
1405 220
1406 216
1407 30
1408 216
1409 244
1410 14
1411 189
1412 238
1413 2
1414 3
1415 114
1416 83
1417 248
1418 18
1419 104
1420 204
1421 61
1422 221
1423 51
1424 86
1425 190
1426 58
1427 41
1428 151
1429 37
1430 148
1431 104
1432 198
1433 108
1434 199
1435 5
1436 39
1437 32
1438 16
1439 93
1440 123
1441 57
1442 36
1443 147
1444 30
1445 40
1446 248
1447 231
1448 60
1449 156
1450 144
1451 128
1452 75
1453 196
1454 109
1455 231
1456 49
1457 78
1458 210
1459 104
1460 64
1461 11
1462 28
1463 0
1464 118
1465 17
1466 233
1467 16
1468 34
1469 62
1470 156
1471 118
1472 151
1473 239
1474 6
1475 17
1476 55
1477 216
1478 181
1479 33
1480 41
1481 241
1482 51
1483 193
1484 220
1485 42
1486 75
1487 57
1488 156
1489 115
1490 30
1491 196
1492 81
1493 31
1494 224
1495 56
1496 58
1497 180
1498 120
1499 102
1500 234
1501 109
1502 146
1503 30
1504 41
1505 123
1506 63
1507 216
1508 221
1509 11
1510 27
1511 169
1512 55
1513 105
1514 81
1515 14
1516 219
1517 109
1518 101
1519 51
1520 210
1521 164
1522 163
1523 8
1524 73
1525 71
1526 123
1527 194
1528 123
1529 43
1530 226
1531 216
1532 123
1533 11
1534 194
1535 227
1536 69
1537 115
1538 118
1539 178
1540 224
1541 163
1542 196
1543 199
1544 115
1545 220
1546 132
1547 156
1548 7
1549 1
1550 228
1551 116
1552 16
1553 118
1554 85
1555 196
1556 229
1557 120
1558 216
1559 25
1560 49
1561 105
1562 90
1563 34
1564 62
1565 22
1566 172
1567 192
1568 34
1569 123
1570 156
1571 115
1572 173
1573 172
1574 49
1575 171
1576 123
1577 46
1578 101
1579 34
1580 109
1581 196
1582 162
1583 55
1584 147
1585 104
1586 1
1587 215
1588 145
1589 123
1590 238
1591 198
1592 2
1593 216
1594 112
1595 155
1596 123
1597 13
1598 221
1599 107
1600 168
1601 20
1602 171
1603 38
1604 242
1605 90
1606 19
1607 20
1608 237
1609 123
1610 224
1611 98
1612 123
1613 80
1614 125
1615 50
1616 6
1617 127
1618 90
1619 220
1620 196
1621 37
1622 138
1623 63
1624 75
1625 59
1626 208
1627 196
1628 38
1629 224
1630 59
1631 49
1632 237
1633 204
1634 112
1635 205
1636 109
1637 104
1638 1
1639 171
1640 217
1641 216
1642 109
1643 104
1644 112
1645 58
1646 204
1647 123
1648 160
1649 190
1650 210
1651 156
1652 84
1653 118
1654 104
1655 149
1656 81
1657 44
1658 54
1659 109
1660 173
1661 37
1662 238
1663 101
1664 124
1665 24
1666 104
1667 109
1668 192
1669 7
1670 148
1671 98
1672 146
1673 210
1674 113
1675 123
1676 41
1677 50
1678 181
1679 69
1680 224
1681 217
1682 3
1683 109
1684 170
1685 171
1686 126
1687 65
1688 145
1689 196
1690 226
1691 171
1692 198
1693 112
1694 240
1695 6
1696 204
1697 152
1698 130
1699 116
1700 236
1701 19
1702 171
1703 163
1704 163
1705 41
1706 56
1707 205
1708 73
1709 105
1710 75
1711 115
1712 59
1713 68
1714 9
1715 20
1716 31
1717 84
1718 60
1719 10
1720 3
1721 196
1722 124
1723 83
1724 216
1725 4
1726 101
1727 14
1728 12
1729 97
1730 112
1731 102
1732 216
1733 220
1734 92
1735 4
1736 226
1737 202
1738 86
1739 220
1740 66
1741 86
1742 134
1743 81
1744 106
1745 57
1746 145
1747 204
1748 112
1749 31
1750 15
1751 69
1752 89
1753 206
1754 148
1755 81
1756 106
1757 102
1758 118
1759 8
1760 224
1761 41
1762 16
1763 182
1764 32
1765 4
1766 22
1767 5
1768 42
1769 132
1770 49
1771 64
1772 115
1773 16
1774 46
1775 214
1776 129
1777 99
1778 116
1779 105
1780 35
1781 172
1782 65
1783 109
1784 16
1785 97
1786 82
1787 61
1788 42
1789 132
1790 7
1791 202
1792 14
1793 130
1794 141
1795 20
1796 109
1797 208
1798 171
1799 64
1800 123
1801 163
1802 112
1803 198
1804 40
1805 189
1806 163
1807 6
1808 198
1809 109
1810 81
1811 67
1812 89
1813 216
1814 65
1815 62
1816 211
1817 49
1818 145
1819 56
1820 168
1821 33
1822 240
1823 108
1824 1
1825 17
1826 86
1827 20
1828 146
1829 249
1830 109
1831 101
1832 198
1833 123
1834 125
1835 130
1836 226
1837 221
1838 8
1839 116
1840 65
1841 238
1842 216
1843 25
1844 216
1845 114
1846 121
1847 135
1848 156
1849 7
1850 73
1851 147
1852 210
1853 240
1854 175
1855 220
1856 238
1857 192
1858 53
1859 200
1860 202
1861 3
1862 97
1863 196
1864 106
1865 145
1866 107
1867 112
1868 115
1869 7
1870 30
1871 75
1872 50
1873 81
1874 0
1875 16
1876 90
1877 216
1878 12
1879 109
1880 0
1881 15
1882 104
1883 128
1884 164
1885 208
1886 220
1887 216
1888 47
1889 109
1890 3
1891 61
1892 238
1893 44
1894 126
1895 182
1896 26
1897 97
1898 220
1899 186
1900 116
1901 216
1902 104
1903 219
1904 204
1905 105
1906 202
1907 186
1908 135
1909 81
1910 56
1911 238
1912 197
1913 230
1914 138
1915 61
1916 235
1917 71
1918 17
1919 118
1920 202
1921 210
1922 109
1923 101
1924 49
1925 3
1926 112
1927 31
1928 233
1929 171
1930 90
1931 175
1932 120
1933 175
1934 4
1935 146
1936 160
1937 159
1938 135
1939 181
1940 101
1941 171
1942 41
1943 106
1944 22
1945 25
1946 30
1947 184
1948 104
1949 119
1950 30
1951 102
1952 224
1953 63
1954 61
1955 74
1956 11
1957 186
1958 53
1959 91
1960 123
1961 49
1962 243
1963 126
1964 81
1965 134
1966 235
1967 51
1968 68
1969 123
1970 116
1971 4
1972 245
1973 11
1974 71
1975 0
1976 4
1977 42
1978 195
1979 91
1980 118
1981 58
1982 28
1983 108
1984 103
1985 88
1986 4
1987 248
1988 68
1989 188
1990 30
1991 202
1992 86
1993 45
1994 37
1995 86
1996 58
1997 217
1998 245
1999 116
2000 20
2001 9
2002 49
2003 180
2004 104
2005 123
2006 59
2007 220
2008 199
2009 179
2010 198
2011 206
2012 46
2013 242
2014 109
2015 113
2016 104
2017 87
2018 13
2019 123
2020 144
2021 217
2022 91
2023 60
2024 223
2025 132
2026 171
2027 90
2028 109
2029 238
2030 130
2031 148
2032 40
2033 157
2034 109
2035 204
2036 182
2037 147
2038 14
2039 109
2040 223
2041 58
2042 65
2043 21
2044 107
2045 39
2046 25
2047 183
2048 38
2049 41
2050 204
2051 199
2052 13
2053 147
2054 248
2055 115
2056 181
2057 30
2058 30
2059 99
2060 148
2061 210
2062 14
2063 198
2064 109
2065 218
2066 10
2067 212
2068 67
2069 5
2070 61
2071 157
2072 112
2073 221
2074 123
2075 194
2076 81
2077 234
2078 203
2079 4
2080 109
2081 112
2082 233
2083 144
2084 95
2085 157
2086 25
2087 118
2088 124
2089 70
2090 226
2091 171
2092 63
2093 54
2094 47
2095 171
2096 96
2097 193
2098 123
2099 0
2100 107
2101 218
2102 241
2103 182
2104 55
2105 54
2106 104
2107 11
2108 224
2109 241
2110 16
2111 37
2112 55
2113 199
2114 217
2115 151
2116 30
2117 45
2118 43
2119 167
2120 59
2121 116
2122 161
2123 185
2124 89
2125 166
2126 28
2127 202
2128 7
2129 199
2130 171
2131 233
2132 216
2133 196
2134 30
2135 56
2136 152
2137 240
2138 136
2139 71
2140 123
2141 14
2142 88
2143 171
2144 4
2145 189
2146 132
2147 249
2148 192
2149 235
2150 220
2151 170
2152 32
2153 177
2154 109
2155 148
2156 64
2157 66
2158 109
2159 223
2160 34
2161 44
2162 123
2163 126
2164 186
2165 188
2166 148
2167 19
2168 112
2169 209
2170 173
2171 90
2172 161
2173 65
2174 241
2175 88
2176 104
2177 144
2178 240
2179 224
2180 187
2181 186
2182 206
2183 27
2184 210
2185 49
2186 109
2187 20
2188 57
2189 171
2190 42
2191 148
2192 71
2193 83
2194 101
2195 63
2196 13
2197 18
2198 109
2199 122
2200 49
2201 116
2202 41
2203 208
2204 217
2205 156
2206 25
2207 181
2208 81
2209 105
2210 248
2211 70
2212 17
2213 74
2214 56
2215 238
2216 67
2217 112
2218 22
2219 42
2220 54
2221 135
2222 97
2223 132
2224 245
2225 221
2226 245
2227 147
2228 212
2229 9
2230 75
2231 75
2232 221
2233 148
2234 109
2235 147
2236 3
2237 121
2238 105
2239 135
2240 86
2241 112
2242 146
2243 109
2244 147
2245 132
2246 161
2247 112
2248 37
2249 227
2250 27
2251 216
2252 181
2253 37
2254 229
2255 55
2256 105
2257 60
2258 104
2259 244
2260 132
2261 14
2262 51
2263 231
2264 56
2265 221
2266 30
2267 8
2268 86
2269 123
2270 95
2271 216
2272 123
2273 146
2274 92
2275 241
2276 67
2277 151
2278 83
2279 2
2280 110
2281 165
2282 115
2283 35
2284 14
2285 9
2286 212
2287 229
2288 123
2289 17
2290 3
2291 109
2292 50
2293 3
2294 104
2295 177
2296 34
2297 118
2298 7
2299 219
2300 7
2301 117
2302 104
2303 199
2304 2
2305 227
2306 171
2307 207
2308 196
2309 147
2310 16
2311 81
2312 121
2313 194
2314 38
2315 127
2316 107
2317 123
2318 202
2319 235
2320 105
2321 109
2322 146
2323 75
2324 220
2325 18
2326 136
2327 0
2328 109
2329 193
2330 87
2331 198
2332 123
2333 227
2334 7
2335 17
2336 231
2337 167
2338 123
2339 14
2340 196
2341 19
2342 39
2343 175
2344 196
2345 41
2346 194
2347 49
2348 212
2349 14
2350 178
2351 153
2352 33
2353 147
2354 30
2355 108
2356 196
2357 130
2358 32
2359 92
2360 100
2361 202
2362 7
2363 167
2364 197
2365 176
2366 162
2367 169
2368 82
2369 138
2370 196
2371 163
2372 37
2373 162
2374 151
2375 205
2376 194
2377 197
2378 171
2379 17
2380 59
2381 64
2382 223
2383 104
2384 222
2385 123
2386 71
2387 209
2388 214
2389 36
2390 231
2391 147
2392 109
2393 171
2394 184
2395 104
2396 212
2397 108
2398 72
2399 4
2400 130
2401 241
2402 82
2403 195
2404 214
2405 87
2406 87
2407 216
2408 227
2409 196
2410 234
2411 116
2412 4
2413 221
2414 60
2415 34
2416 102
2417 42
2418 138
2419 106
2420 185
2421 217
2422 101
2423 31
2424 164
2425 190
2426 17
2427 86
2428 185
2429 242
2430 20
2431 167
2432 65
2433 41
2434 160
2435 35
2436 17
2437 181
2438 123
2439 109
2440 75
2441 238
2442 146
2443 28
2444 20
2445 248
2446 101
2447 240
2448 89
2449 231
2450 4
2451 123
2452 116
2453 2
2454 173
2455 132
2456 217
2457 97
2458 19
2459 139
2460 58
2461 132
2462 214
2463 62
2464 34
2465 17
2466 13
2467 94
2468 212
2469 34
2470 233
2471 60
2472 217
2473 41
2474 6
2475 189
2476 88
2477 109
2478 224
2479 159
2480 243
2481 4
2482 196
2483 34
2484 58
2485 65
2486 118
2487 19
2488 140
2489 95
2490 19
2491 60
2492 95
2493 2
2494 101
2495 18
2496 12
2497 5
2498 65
2499 189
2500 8
2501 109
2502 11
2503 180
2504 232
2505 220
2506 227
2507 205
2508 199
2509 109
2510 62
2511 104
2512 184
2513 207
2514 77
2515 71
2516 56
2517 210
2518 123
2519 153
2520 16
2521 245
2522 196
2523 96
2524 172
2525 61
2526 6
2527 170
2528 147
2529 215
2530 229
2531 148
2532 227
2533 146
2534 12
2535 233
2536 167
2537 110
2538 11
2539 43
2540 177
2541 182
2542 49
2543 213
2544 205
2545 132
2546 163
2547 123
2548 146
2549 151
2550 99
2551 32
2552 57
2553 123
2554 188
2555 221
2556 153
2557 109
2558 58
2559 60
2560 49
2561 159
2562 112
2563 62
2564 203
2565 159
2566 83
2567 217
2568 102
2569 148
2570 146
2571 142
2572 30
2573 75
2574 224
2575 27
2576 210
2577 20
2578 98
2579 221
2580 14
2581 145
2582 235
2583 81
2584 167
2585 224
2586 202
2587 109
2588 216
2589 36
2590 40
2591 0
2592 196
2593 61
2594 198
2595 32
2596 142
2597 81
2598 101
2599 231
2600 204
2601 112
2602 223
2603 175
2604 223
2605 177
2606 24
2607 123
2608 112
2609 220
2610 151
2611 109
2612 54
2613 234
2614 63
2615 221
2616 142
2617 190
2618 210
2619 0
2620 190
2621 104
2622 81
2623 153
2624 75
2625 84
2626 41
2627 143
2628 110
2629 164
2630 136
2631 173
2632 95
2633 243
2634 130
2635 16
2636 249
2637 212
2638 214
2639 101
2640 20
2641 82
2642 87
2643 239
2644 7
2645 202
2646 67
2647 221
2648 176
2649 103
2650 10
2651 21
2652 79
2653 146
2654 60
2655 8
2656 226
2657 241
2658 82
2659 163
2660 109
2661 165
2662 138
2663 227
2664 28
2665 245
2666 177
2667 156
2668 163
2669 163
2670 46
2671 58
2672 109
2673 81
2674 140
2675 238
2676 126
2677 177
2678 196
2679 133
2680 13
2681 220
2682 186
2683 79
2684 8
2685 154
2686 126
2687 104
2688 227
2689 101
2690 163
2691 13
2692 37
2693 200
2694 27
2695 4
2696 202
2697 69
2698 131
2699 31
2700 217
2701 14
2702 17
2703 94
2704 3
2705 73
2706 33
2707 17
2708 103
2709 169
2710 198
2711 58
2712 104
2713 70
2714 45
2715 118
2716 226
2717 169
2718 17
2719 145
2720 144
2721 180
2722 3
2723 60
2724 25
2725 42
2726 196
2727 20
2728 156
2729 199
2730 70
2731 71
2732 109
2733 167
2734 163
2735 189
2736 4
2737 0
2738 95
2739 50
2740 132
2741 11
2742 101
2743 5
2744 25
2745 235
2746 248
2747 60
2748 2
2749 88
2750 227
2751 202
2752 63
2753 14
2754 240
2755 64
2756 62
2757 238
2758 109
2759 104
2760 227
2761 109
2762 38
2763 13
2764 196
2765 91
2766 156
2767 198
2768 20
2769 17
2770 198
2771 89
2772 1
2773 2
2774 2
2775 220
2776 31
2777 40
2778 123
2779 105
2780 150
2781 227
2782 81
2783 107
2784 70
2785 73
2786 16
2787 65
2788 179
2789 58
2790 179
2791 235
2792 17
2793 16
2794 182
2795 220
2796 238
2797 109
2798 178
2799 123
2800 134
2801 36
2802 190
2803 65
2804 132
2805 38
2806 172
2807 82
2808 102
2809 140
2810 10
2811 161
2812 123
2813 93
2814 105
2815 186
2816 112
2817 162
2818 6
2819 8
2820 124
2821 88
2822 104
2823 104
2824 24
2825 58
2826 71
2827 109
2828 81
2829 242
2830 17
2831 227
2832 20
2833 13
2834 101
2835 226
2836 72
2837 200
2838 79
2839 166
2840 104
2841 31
2842 227
2843 14
2844 118
2845 153
2846 215
2847 71
2848 53
2849 218
2850 107
2851 212
2852 166
2853 81
2854 16
2855 197
2856 128
2857 48
2858 4
2859 43
2860 38
2861 86
2862 145
2863 65
2864 58
2865 32
2866 220
2867 59
2868 105
2869 206
2870 66
2871 132
2872 42
2873 176
2874 17
2875 168
2876 153
2877 116
2878 1
2879 2
2880 32
2881 233
2882 191
2883 34
2884 176
2885 37
2886 241
2887 108
2888 41
2889 17
2890 215
2891 25
2892 226
2893 109
2894 130
2895 62
2896 118
2897 140
2898 4
2899 233
2900 170
2901 21
2902 123
2903 102
2904 37
2905 109
2906 90
2907 223
2908 148
2909 177
2910 81
2911 14
2912 54
2913 206
2914 148
2915 17
2916 109
2917 178
2918 245
2919 232
2920 30
2921 7
2922 109
2923 76
2924 17
2925 237
2926 95
2927 171
2928 153
2929 116
2930 194
2931 194
2932 233
2933 206
2934 2
2935 132
2936 0
2937 109
2938 202
2939 123
2940 132
2941 196
2942 1
2943 171
2944 17
2945 118
2946 4
2947 35
2948 112
2949 25
2950 151
2951 104
2952 36
2953 116
2954 11
2955 17
2956 81
2957 192
2958 177
2959 132
2960 48
2961 2
2962 229
2963 21
2964 17
2965 31
2966 10
2967 213
2968 192
2969 233
2970 129
2971 86
2972 45
2973 110
2974 134
2975 115
2976 112
2977 75
2978 34
2979 134
2980 72
2981 160
2982 163
2983 79
2984 81
2985 86
2986 210
2987 143
2988 249
2989 41
2990 142
2991 39
2992 229
2993 109
2994 17
2995 77
2996 22
2997 112
2998 0
2999 153
