0 80
1 14
2 170
3 203
4 201
5 174
6 143
7 187
8 233
9 106
10 156
11 139
12 115
13 184
14 49
15 207
16 81
17 134
18 70
19 70
20 179
21 137
22 71
23 215
24 135
25 140
26 179
27 189
28 109
29 157
30 22
31 140
32 95
33 73
34 62
35 192
36 138
37 13
38 150
39 179
40 114
41 76
42 119
43 188
44 17
45 71
46 77
47 72
48 118
49 56
50 125
51 175
52 168
53 134
54 65
55 6
56 77
57 71
58 238
59 40
60 121
61 54
62 77
63 17
64 143
65 222
66 25
67 73
68 6
69 47
70 7
71 205
72 239
73 114
74 61
75 113
76 115
77 47
78 215
79 140
80 7
81 133
82 121
83 74
84 54
85 36
86 5
87 135
88 193
89 205
90 30
91 97
92 142
93 39
94 26
95 115
96 36
97 138
98 238
99 22
100 100
101 230
102 65
103 49
104 168
105 15
106 128
107 31
108 117
109 123
110 22
111 151
112 167
113 113
114 104
115 47
116 35
117 31
118 6
119 109
120 169
121 233
122 67
123 72
124 77
125 174
126 20
127 200
128 134
129 235
130 47
131 211
132 126
133 59
134 94
135 188
136 33
137 178
138 124
139 123
140 121
141 115
142 17
143 230
144 64
145 131
146 7
147 78
148 43
149 138
150 62
151 142
152 197
153 126
154 32
155 47
156 126
157 174
158 87
159 22
160 94
161 14
162 108
163 52
164 59
165 107
166 180
167 90
168 23
169 93
170 242
171 156
172 219
173 230
174 12
175 178
176 59
177 48
178 141
179 86
180 39
181 80
182 143
183 19
184 219
185 67
186 138
187 80
188 73
189 78
190 72
191 228
192 172
193 97
194 90
195 85
196 5
197 86
198 156
199 124
200 208
201 60
202 40
203 193
204 30
205 36
206 116
207 232
208 6
209 81
210 131
211 22
212 80
213 165
214 235
215 38
216 28
217 36
218 80
219 155
220 235
221 234
222 59
223 106
224 182
225 26
226 134
227 67
228 54
229 41
230 134
231 93
232 6
233 126
234 65
235 48
236 123
237 232
238 86
239 93
240 95
241 64
242 207
243 79
244 52
245 126
246 199
247 208
248 12
249 40
250 67
251 220
252 17
253 5
254 44
255 65
256 60
257 19
258 142
259 14
260 162
261 174
262 14
263 49
264 235
265 33
266 228
267 43
268 2
269 49
270 118
271 134
272 77
273 219
274 138
275 175
276 222
277 40
278 82
279 48
280 72
281 128
282 81
283 234
284 203
285 30
286 120
287 6
288 117
289 184
290 133
291 19
292 135
293 54
294 70
295 67
296 163
297 161
298 40
299 125
300 14
301 140
302 18
303 154
304 162
305 201
306 74
307 36
308 67
309 18
310 169
311 171
312 48
313 54
314 117
315 162
316 43
317 59
318 15
319 149
320 107
321 40
322 142
323 107
324 67
325 64
326 39
327 12
328 115
329 2
330 221
331 121
332 81
333 169
334 84
335 211
336 73
337 67
338 106
339 38
340 232
341 86
342 233
343 8
344 67
345 14
346 54
347 49
348 35
349 202
350 193
351 59
352 48
353 214
354 233
355 95
356 6
357 98
358 113
359 103
360 40
361 60
362 52
363 62
364 220
365 161
366 119
367 204
368 138
369 40
370 58
371 102
372 43
373 219
374 177
375 141
376 17
377 12
378 13
379 94
380 94
381 174
382 154
383 70
384 125
385 22
386 130
387 247
388 0
389 52
390 31
391 21
392 106
393 36
394 39
395 36
396 143
397 50
398 164
399 30
400 123
401 132
402 165
403 181
404 70
405 208
406 239
407 12
408 93
409 241
410 21
411 233
412 205
413 205
414 148
415 90
416 58
417 41
418 12
419 165
420 78
421 40
422 72
423 40
424 17
425 43
426 201
427 184
428 115
429 37
430 45
431 24
432 109
433 199
434 66
435 6
436 93
437 52
438 167
439 197
440 82
441 117
442 31
443 106
444 85
445 103
446 6
447 5
448 22
449 14
450 134
451 134
452 175
453 36
454 238
455 39
456 134
457 54
458 189
459 43
460 202
461 81
462 6
463 85
464 14
465 40
466 12
467 211
468 48
469 163
470 102
471 12
472 168
473 73
474 155
475 187
476 133
477 50
478 130
479 94
480 67
481 40
482 70
483 71
484 6
485 6
486 86
487 234
488 135
489 18
490 109
491 40
492 80
493 49
494 133
495 113
496 185
497 204
498 208
499 0
500 222
501 105
502 31
503 127
504 125
505 14
506 122
507 55
508 91
509 138
510 103
511 17
512 116
513 57
514 132
515 36
516 128
517 105
518 235
519 2
520 29
521 50
522 64
523 120
524 43
525 191
526 160
527 129
528 149
529 70
530 143
531 126
532 103
533 57
534 93
535 163
536 165
537 192
538 90
539 132
540 59
541 51
542 120
543 115
544 55
545 180
546 88
547 172
548 17
549 153
550 196
551 22
552 6
553 88
554 243
555 107
556 107
557 238
558 35
559 13
560 76
561 247
562 56
563 127
564 103
565 78
566 85
567 143
568 3
569 207
570 22
571 222
572 78
573 77
574 40
575 137
576 168
577 5
578 88
579 184
580 40
581 198
582 100
583 191
584 27
585 223
586 92
587 54
588 127
589 217
590 104
591 70
592 123
593 207
594 216
595 18
596 162
597 104
598 122
599 70
600 26
601 162
602 77
603 157
604 242
605 96
606 228
607 65
608 72
609 231
610 55
611 133
612 28
613 77
614 134
615 6
616 18
617 240
618 43
619 38
620 97
621 22
622 57
623 2
624 98
625 77
626 70
627 115
628 210
629 67
630 54
631 136
632 177
633 123
634 64
635 199
636 233
637 89
638 163
639 231
640 30
641 154
642 20
643 188
644 248
645 39
646 48
647 16
648 159
649 0
650 18
651 107
652 47
653 121
654 149
655 83
656 70
657 41
658 23
659 231
660 135
661 93
662 132
663 21
664 172
665 180
666 78
667 186
668 177
669 14
670 85
671 36
672 141
673 81
674 113
675 38
676 12
677 46
678 158
679 102
680 23
681 128
682 221
683 159
684 117
685 151
686 50
687 58
688 193
689 205
690 234
691 150
692 60
693 168
694 40
695 199
696 31
697 52
698 56
699 172
700 77
701 245
702 2
703 31
704 140
705 117
706 22
707 58
708 138
709 120
710 90
711 31
712 130
713 188
714 122
715 103
716 134
717 184
718 126
719 127
720 137
721 48
722 106
723 81
724 11
725 67
726 31
727 134
728 224
729 22
730 224
731 70
732 149
733 132
734 127
735 76
736 200
737 224
738 36
739 162
740 106
741 73
742 143
743 40
744 17
745 31
746 6
747 162
748 107
749 200
750 129
751 106
752 226
753 247
754 198
755 70
756 36
757 49
758 222
759 189
760 170
761 118
762 43
763 102
764 72
765 172
766 20
767 137
768 24
769 43
770 242
771 113
772 158
773 43
774 31
775 115
776 122
777 215
778 0
779 167
780 129
781 27
782 14
783 143
784 43
785 27
786 201
787 151
788 184
789 120
790 84
791 31
792 142
793 222
794 137
795 47
796 43
797 98
798 39
799 31
800 71
801 71
802 205
803 65
804 116
805 191
806 224
807 154
808 86
809 6
810 40
811 88
812 103
813 122
814 123
815 5
816 12
817 142
818 36
819 186
820 193
821 116
822 34
823 157
824 141
825 36
826 31
827 42
828 222
829 125
830 70
831 234
832 86
833 209
834 31
835 14
836 215
837 107
838 138
839 231
840 5
841 228
842 27
843 142
844 109
845 134
846 188
847 133
848 103
849 103
850 49
851 81
852 161
853 143
854 154
855 17
856 140
857 19
858 221
859 43
860 68
861 59
862 39
863 234
864 132
865 50
866 187
867 145
868 172
869 5
870 149
871 77
872 81
873 86
874 63
875 54
876 193
877 162
878 4
879 77
880 13
881 215
882 89
883 80
884 113
885 160
886 90
887 114
888 40
889 5
890 142
891 172
892 228
893 0
894 16
895 40
896 196
897 0
898 88
899 106
900 180
901 244
902 13
903 5
904 150
905 39
906 150
907 148
908 113
909 43
910 143
911 25
912 86
913 38
914 199
915 80
916 36
917 26
918 17
919 197
920 31
921 164
922 106
923 36
924 49
925 131
926 127
927 38
928 15
929 18
930 175
931 184
932 90
933 138
934 10
935 40
936 220
937 130
938 121
939 15
940 93
941 86
942 9
943 97
944 207
945 112
946 193
947 242
948 58
949 40
950 86
951 133
952 156
953 168
954 70
955 125
956 86
957 52
958 0
959 39
960 57
961 188
962 180
963 241
964 41
965 52
966 103
967 86
968 177
969 113
970 29
971 122
972 15
973 203
974 112
975 239
976 57
977 239
978 122
979 34
980 147
981 243
982 32
983 93
984 59
985 153
986 38
987 31
988 30
989 100
990 117
991 237
992 141
993 237
994 91
995 140
996 5
997 39
998 128
999 39
1000 240
1001 12
1002 204
1003 40
1004 138
1005 100
1006 31
1007 37
1008 208
1009 36
1010 50
1011 143
1012 65
1013 238
1014 208
1015 40
1016 50
1017 130
1018 39
1019 93
1020 154
1021 38
1022 77
1023 145
1024 26
1025 0
1026 78
1027 93
1028 236
1029 155
1030 103
1031 36
1032 136
1033 5
1034 40
1035 104
1036 116
1037 194
1038 38
1039 213
1040 114
1041 242
1042 65
1043 170
1044 34
1045 119
1046 72
1047 163
1048 47
1049 5
1050 41
1051 43
1052 65
1053 137
1054 36
1055 106
1056 38
1057 132
1058 48
1059 167
1060 210
1061 107
1062 165
1063 40
1064 164
1065 162
1066 217
1067 238
1068 121
1069 57
1070 7
1071 165
1072 3
1073 84
1074 122
1075 196
1076 103
1077 189
1078 54
1079 225
1080 229
1081 73
1082 68
1083 32
1084 57
1085 125
1086 17
1087 248
1088 39
1089 21
1090 14
1091 75
1092 249
1093 156
1094 48
1095 158
1096 77
1097 36
1098 100
1099 115
1100 230
1101 13
1102 29
1103 200
1104 41
1105 124
1106 164
1107 71
1108 17
1109 39
1110 14
1111 208
1112 202
1113 45
1114 99
1115 31
1116 7
1117 120
1118 13
1119 61
1120 126
1121 1
1122 237
1123 89
1124 134
1125 133
1126 31
1127 40
1128 90
1129 200
1130 107
1131 60
1132 74
1133 38
1134 134
1135 140
1136 43
1137 95
1138 5
1139 49
1140 76
1141 18
1142 102
1143 63
1144 114
1145 39
1146 61
1147 47
1148 123
1149 134
1150 70
1151 198
1152 31
1153 224
1154 67
1155 105
1156 2
1157 200
1158 67
1159 61
1160 115
1161 43
1162 25
1163 18
1164 36
1165 103
1166 56
1167 42
1168 62
1169 231
1170 102
1171 22
1172 143
1173 31
1174 38
1175 125
1176 153
1177 93
1178 168
1179 103
1180 96
1181 49
1182 166
1183 31
1184 16
1185 33
1186 2
1187 221
1188 49
1189 63
1190 202
1191 115
1192 36
1193 32
1194 188
1195 90
1196 58
1197 72
1198 31
1199 96
1200 16
1201 235
1202 114
1203 34
1204 31
1205 243
1206 153
1207 133
1208 0
1209 76
1210 39
1211 58
1212 232
1213 17
1214 133
1215 109
1216 70
1217 99
1218 101
1219 72
1220 115
1221 12
1222 1
1223 118
1224 43
1225 160
1226 26
1227 238
1228 16
1229 177
1230 0
1231 12
1232 210
1233 63
1234 98
1235 213
1236 12
1237 128
1238 218
1239 247
1240 50
1241 29
1242 102
1243 40
1244 128
1245 210
1246 88
1247 12
1248 22
1249 70
1250 188
1251 39
1252 82
1253 114
1254 146
1255 90
1256 52
1257 172
1258 78
1259 188
1260 58
1261 202
1262 67
1263 128
1264 129
1265 156
1266 93
1267 5
1268 115
1269 12
1270 52
1271 53
1272 65
1273 61
1274 42
1275 117
1276 128
1277 169
1278 39
1279 17
1280 91
1281 39
1282 40
1283 57
1284 74
1285 196
1286 39
1287 180
1288 77
1289 167
1290 128
1291 39
1292 138
1293 20
1294 21
1295 133
1296 141
1297 12
1298 245
1299 18
1300 39
1301 93
1302 18
1303 2
1304 241
1305 104
1306 162
1307 236
1308 100
1309 32
1310 42
1311 130
1312 128
1313 61
1314 50
1315 82
1316 100
1317 233
1318 115
1319 61
1320 105
1321 129
1322 215
1323 58
1324 195
1325 161
1326 227
1327 113
1328 228
1329 77
1330 113
1331 55
1332 61
1333 54
1334 16
1335 237
1336 169
1337 30
1338 52
1339 184
1340 2
1341 88
1342 172
1343 0
1344 56
1345 12
1346 195
1347 182
1348 128
1349 59
1350 132
1351 22
1352 208
1353 34
1354 123
1355 220
1356 22
1357 91
1358 115
1359 201
1360 184
1361 98
1362 12
1363 247
1364 104
1365 5
1366 143
1367 54
1368 13
1369 69
1370 65
1371 48
1372 59
1373 121
1374 17
1375 58
1376 30
1377 43
1378 210
1379 12
1380 194
1381 40
1382 175
1383 165
1384 40
1385 54
1386 103
1387 140
1388 122
1389 70
1390 128
1391 77
1392 162
1393 70
1394 167
1395 41
1396 184
1397 49
1398 203
1399 30
1400 235
1401 32
1402 128
1403 128
1404 21
1405 7
1406 65
1407 116
1408 130
1409 131
1410 174
1411 58
1412 14
1413 30
1414 41
1415 39
1416 230
1417 11
1418 36
1419 140
1420 20
1421 153
1422 6
1423 74
1424 89
1425 179
1426 162
1427 63
1428 84
1429 232
1430 239
1431 36
1432 47
1433 127
1434 176
1435 12
1436 12
1437 234
1438 39
1439 125
1440 65
1441 3
1442 128
1443 38
1444 109
1445 162
1446 75
1447 237
1448 12
1449 211
1450 86
1451 106
1452 34
1453 240
1454 157
1455 191
1456 86
1457 14
1458 222
1459 130
1460 144
1461 0
1462 107
1463 168
1464 224
1465 227
1466 76
1467 133
1468 38
1469 67
1470 52
1471 77
1472 39
1473 41
1474 220
1475 137
1476 23
1477 222
1478 233
1479 14
1480 72
1481 103
1482 150
1483 195
1484 113
1485 93
1486 76
1487 110
1488 203
1489 154
1490 177
1491 99
1492 153
1493 29
1494 39
1495 149
1496 189
1497 237
1498 114
1499 172
1500 49
1501 42
1502 130
1503 137
1504 237
1505 198
1506 15
1507 100
1508 36
1509 133
1510 86
1511 82
1512 43
1513 100
1514 160
1515 106
1516 37
1517 52
1518 37
1519 125
1520 198
1521 90
1522 80
1523 86
1524 233
1525 40
1526 237
1527 18
1528 61
1529 17
1530 31
1531 107
1532 162
1533 208
1534 12
1535 143
1536 22
1537 35
1538 121
1539 86
1540 114
1541 58
1542 153
1543 155
1544 101
1545 132
1546 98
1547 86
1548 112
1549 61
1550 90
1551 40
1552 211
1553 146
1554 6
1555 202
1556 43
1557 39
1558 57
1559 107
1560 52
1561 36
1562 40
1563 15
1564 31
1565 83
1566 140
1567 27
1568 5
1569 105
1570 95
1571 32
1572 70
1573 148
1574 36
1575 43
1576 122
1577 103
1578 120
1579 59
1580 12
1581 130
1582 31
1583 12
1584 36
1585 36
1586 93
1587 67
1588 36
1589 224
1590 54
1591 88
1592 189
1593 170
1594 137
1595 12
1596 26
1597 12
1598 43
1599 31
1600 224
1601 110
1602 141
1603 30
1604 70
1605 93
1606 120
1607 213
1608 52
1609 213
1610 5
1611 40
1612 49
1613 240
1614 198
1615 12
1616 172
1617 88
1618 83
1619 49
1620 65
1621 177
1622 90
1623 89
1624 134
1625 94
1626 10
1627 123
1628 162
1629 128
1630 38
1631 43
1632 12
1633 5
1634 40
1635 194
1636 70
1637 123
1638 125
1639 137
1640 14
1641 100
1642 166
1643 134
1644 30
1645 203
1646 34
1647 17
1648 79
1649 96
1650 172
1651 43
1652 90
1653 0
1654 31
1655 65
1656 70
1657 45
1658 109
1659 54
1660 67
1661 149
1662 86
1663 96
1664 18
1665 31
1666 148
1667 18
1668 16
1669 37
1670 29
1671 157
1672 87
1673 224
1674 30
1675 13
1676 91
1677 106
1678 95
1679 244
1680 220
1681 179
1682 210
1683 48
1684 70
1685 165
1686 92
1687 73
1688 103
1689 110
1690 14
1691 77
1692 171
1693 249
1694 43
1695 5
1696 67
1697 6
1698 137
1699 49
1700 14
1701 231
1702 34
1703 36
1704 30
1705 132
1706 100
1707 31
1708 171
1709 12
1710 34
1711 101
1712 153
1713 72
1714 148
1715 38
1716 48
1717 38
1718 47
1719 31
1720 49
1721 241
1722 211
1723 18
1724 169
1725 40
1726 89
1727 90
1728 120
1729 39
1730 243
1731 31
1732 123
1733 162
1734 4
1735 49
1736 98
1737 43
1738 96
1739 19
1740 73
1741 129
1742 40
1743 96
1744 70
1745 154
1746 48
1747 0
1748 12
1749 30
1750 80
1751 94
1752 88
1753 62
1754 60
1755 49
1756 128
1757 165
1758 64
1759 58
1760 128
1761 116
1762 184
1763 55
1764 12
1765 12
1766 158
1767 162
1768 17
1769 165
1770 14
1771 84
1772 148
1773 67
1774 15
1775 2
1776 154
1777 71
1778 12
1779 36
1780 31
1781 38
1782 231
1783 226
1784 54
1785 67
1786 98
1787 34
1788 161
1789 149
1790 177
1791 70
1792 222
1793 18
1794 34
1795 103
1796 14
1797 122
1798 128
1799 15
1800 149
1801 70
1802 34
1803 109
1804 65
1805 5
1806 133
1807 12
1808 18
1809 48
1810 12
1811 91
1812 70
1813 113
1814 180
1815 142
1816 15
1817 98
1818 109
1819 125
1820 61
1821 58
1822 43
1823 61
1824 50
1825 36
1826 167
1827 125
1828 237
1829 174
1830 171
1831 131
1832 36
1833 86
1834 15
1835 170
1836 40
1837 151
1838 153
1839 160
1840 98
1841 86
1842 70
1843 228
1844 177
1845 6
1846 70
1847 59
1848 36
1849 43
1850 31
1851 125
1852 230
1853 14
1854 43
1855 115
1856 78
1857 84
1858 247
1859 43
1860 40
1861 43
1862 5
1863 19
1864 31
1865 211
1866 118
1867 5
1868 200
1869 127
1870 244
1871 114
1872 30
1873 31
1874 114
1875 97
1876 128
1877 29
1878 175
1879 38
1880 184
1881 40
1882 93
1883 70
1884 23
1885 43
1886 103
1887 177
1888 91
1889 18
1890 26
1891 102
1892 115
1893 159
1894 176
1895 148
1896 40
1897 86
1898 105
1899 245
1900 70
1901 35
1902 38
1903 171
1904 234
1905 14
1906 143
1907 103
1908 90
1909 88
1910 17
1911 40
1912 118
1913 70
1914 95
1915 76
1916 12
1917 31
1918 43
1919 246
1920 86
1921 38
1922 243
1923 95
1924 67
1925 223
1926 143
1927 171
1928 18
1929 128
1930 86
1931 6
1932 88
1933 6
1934 80
1935 12
1936 49
1937 17
1938 49
1939 54
1940 212
1941 170
1942 65
1943 14
1944 154
1945 58
1946 39
1947 103
1948 165
1949 61
1950 184
1951 133
1952 36
1953 43
1954 86
1955 115
1956 125
1957 86
1958 70
1959 105
1960 204
1961 36
1962 93
1963 75
1964 153
1965 98
1966 170
1967 100
1968 12
1969 43
1970 30
1971 12
1972 130
1973 21
1974 31
1975 0
1976 94
1977 78
1978 43
1979 8
1980 126
1981 107
1982 114
1983 238
1984 72
1985 171
1986 36
1987 231
1988 48
1989 31
1990 86
1991 151
1992 90
1993 12
1994 176
1995 90
1996 15
1997 30
1998 122
1999 18
2000 220
2001 113
2002 49
2003 12
2004 34
2005 142
2006 143
2007 50
2008 77
2009 149
2010 47
2011 120
2012 95
2013 90
2014 157
2015 49
2016 30
2017 160
2018 90
2019 38
2020 12
2021 86
2022 0
2023 153
2024 40
2025 48
2026 36
2027 243
2028 57
2029 118
2030 5
2031 4
2032 223
2033 77
2034 171
2035 80
2036 243
2037 43
2038 40
2039 31
2040 142
2041 213
2042 223
2043 90
2044 12
2045 162
2046 67
2047 47
2048 40
2049 116
2050 20
2051 233
2052 90
2053 54
2054 130
2055 214
2056 67
2057 132
2058 115
2059 206
2060 10
2061 107
2062 55
2063 31
2064 40
2065 132
2066 12
2067 30
2068 122
2069 194
2070 43
2071 154
2072 88
2073 14
2074 165
2075 226
2076 88
2077 125
2078 118
2079 23
2080 36
2081 0
2082 18
2083 48
2084 48
2085 7
2086 5
2087 209
2088 200
2089 98
2090 31
2091 149
2092 130
2093 52
2094 118
2095 17
2096 174
2097 168
2098 28
2099 107
2100 132
2101 100
2102 70
2103 169
2104 249
2105 220
2106 31
2107 129
2108 23
2109 70
2110 151
2111 98
2112 31
2113 35
2114 40
2115 20
2116 62
2117 58
2118 17
2119 87
2120 5
2121 86
2122 43
2123 70
2124 31
2125 14
2126 115
2127 6
2128 100
2129 220
2130 113
2131 98
2132 162
2133 204
2134 7
2135 54
2136 140
2137 31
2138 48
2139 115
2140 59
2141 31
2142 100
2143 43
2144 49
2145 43
2146 77
2147 80
2148 212
2149 70
2150 222
2151 86
2152 106
2153 193
2154 48
2155 127
2156 65
2157 208
2158 161
2159 247
2160 49
2161 101
2162 174
2163 181
2164 48
2165 88
2166 141
2167 37
2168 22
2169 105
2170 31
2171 82
2172 195
2173 186
2174 48
2175 40
2176 36
2177 98
2178 36
2179 125
2180 31
2181 31
2182 127
2183 115
2184 162
2185 40
2186 166
2187 127
2188 9
2189 31
2190 132
2191 53
2192 230
2193 35
2194 175
2195 92
2196 96
2197 30
2198 70
2199 20
2200 40
2201 88
2202 201
2203 90
2204 36
2205 113
2206 100
2207 13
2208 88
2209 18
2210 190
2211 118
2212 43
2213 34
2214 124
2215 31
2216 12
2217 49
2218 92
2219 98
2220 78
2221 195
2222 86
2223 127
2224 104
2225 36
2226 36
2227 43
2228 100
2229 21
2230 34
2231 20
2232 40
2233 220
2234 12
2235 77
2236 128
2237 133
2238 98
2239 40
2240 122
2241 39
2242 55
2243 12
2244 31
2245 100
2246 31
2247 58
2248 223
2249 36
2250 90
2251 5
2252 103
2253 93
2254 18
2255 14
2256 78
2257 47
2258 103
2259 248
2260 0
2261 137
2262 80
2263 171
2264 17
2265 40
2266 31
2267 14
2268 35
2269 128
2270 18
2271 243
2272 107
2273 165
2274 70
2275 49
2276 72
2277 139
2278 67
2279 137
2280 177
2281 2
2282 232
2283 103
2284 18
2285 161
2286 128
2287 142
2288 80
2289 12
2290 122
2291 90
2292 115
2293 36
2294 106
2295 31
2296 48
2297 77
2298 43
2299 167
2300 40
2301 30
2302 12
2303 130
2304 17
2305 40
2306 226
2307 88
2308 125
2309 30
2310 103
2311 90
2312 49
2313 12
2314 38
2315 70
2316 38
2317 222
2318 31
2319 98
2320 118
2321 70
2322 18
2323 137
2324 162
2325 36
2326 18
2327 113
2328 88
2329 149
2330 14
2331 36
2332 172
2333 96
2334 30
2335 36
2336 113
2337 189
2338 177
2339 31
2340 2
2341 128
2342 201
2343 151
2344 100
2345 93
2346 103
2347 118
2348 31
2349 40
2350 36
2351 116
2352 58
2353 12
2354 172
2355 200
2356 37
2357 72
2358 128
2359 122
2360 43
2361 40
2362 84
2363 236
2364 0
2365 94
2366 86
2367 22
2368 166
2369 7
2370 31
2371 193
2372 184
2373 132
2374 28
2375 160
2376 118
2377 34
2378 114
2379 6
2380 17
2381 154
2382 43
2383 12
2384 40
2385 106
2386 43
2387 0
2388 54
2389 106
2390 20
2391 18
2392 70
2393 17
2394 34
2395 98
2396 157
2397 38
2398 165
2399 12
2400 91
2401 154
2402 43
2403 48
2404 240
2405 12
2406 88
2407 241
2408 40
2409 12
2410 31
2411 36
2412 36
2413 36
2414 36
2415 14
2416 48
2417 98
2418 65
2419 36
2420 12
2421 48
2422 180
2423 43
2424 31
2425 94
2426 12
2427 132
2428 202
2429 43
2430 16
2431 149
2432 88
2433 91
2434 94
2435 77
2436 40
2437 88
2438 107
2439 88
2440 39
2441 48
2442 48
2443 239
2444 90
2445 94
2446 169
2447 36
2448 43
2449 70
2450 86
2451 176
2452 30
2453 18
2454 40
2455 31
2456 43
2457 106
2458 115
2459 36
2460 100
2461 114
2462 76
2463 133
2464 195
2465 31
2466 86
2467 47
2468 58
2469 40
2470 43
2471 48
2472 6
2473 70
2474 86
2475 58
2476 171
2477 86
2478 148
2479 133
2480 36
2481 86
2482 186
2483 249
2484 99
2485 82
2486 129
2487 77
2488 82
2489 48
2490 113
2491 30
2492 43
2493 103
2494 131
2495 49
2496 28
2497 88
2498 113
2499 58
2500 18
2501 88
2502 239
2503 12
2504 36
2505 182
2506 119
2507 122
2508 37
2509 48
2510 15
2511 58
2512 5
2513 95
2514 98
2515 18
2516 31
2517 54
2518 161
2519 116
2520 182
2521 17
2522 159
2523 34
2524 21
2525 93
2526 12
2527 43
2528 43
2529 116
2530 34
2531 14
2532 12
2533 60
2534 18
2535 58
2536 222
2537 54
2538 77
2539 17
2540 34
2541 167
2542 31
2543 48
2544 70
2545 127
2546 157
2547 5
2548 17
2549 132
2550 175
2551 78
2552 10
2553 103
2554 12
2555 30
2556 48
2557 31
2558 7
2559 36
2560 14
2561 5
2562 12
2563 39
2564 195
2565 78
2566 18
2567 48
2568 18
2569 131
2570 7
2571 98
2572 132
2573 70
2574 127
2575 43
2576 245
2577 115
2578 6
2579 48
2580 86
2581 54
2582 90
2583 12
2584 134
2585 54
2586 237
2587 122
2588 132
2589 39
2590 113
2591 31
2592 54
2593 34
2594 12
2595 133
2596 0
2597 34
2598 87
2599 116
2600 31
2601 234
2602 30
2603 40
2604 118
2605 30
2606 100
2607 115
2608 12
2609 133
2610 38
2611 18
2612 106
2613 14
2614 149
2615 40
2616 151
2617 48
2618 112
2619 166
2620 42
2621 30
2622 12
2623 90
2624 5
2625 12
2626 63
2627 18
2628 38
2629 151
2630 86
2631 40
2632 12
2633 127
2634 100
2635 226
2636 58
2637 100
2638 67
2639 110
2640 39
2641 112
2642 43
2643 127
2644 64
2645 48
2646 93
2647 98
2648 30
2649 70
2650 31
2651 2
2652 43
2653 89
2654 47
2655 98
2656 40
2657 36
2658 58
2659 43
2660 90
2661 118
2662 55
2663 90
2664 13
2665 43
2666 2
2667 15
2668 40
2669 48
2670 17
2671 157
2672 31
2673 40
2674 127
2675 48
2676 173
2677 31
2678 133
2679 70
2680 31
2681 49
2682 90
2683 77
2684 194
2685 67
2686 111
2687 18
2688 30
2689 229
2690 2
2691 100
2692 170
2693 58
2694 36
2695 30
2696 30
2697 49
2698 119
2699 98
2700 86
2701 115
2702 43
2703 30
2704 88
2705 43
2706 31
2707 70
2708 34
2709 113
2710 127
2711 29
2712 31
2713 90
2714 194
2715 77
2716 132
2717 61
2718 20
2719 36
2720 18
2721 29
2722 100
2723 36
2724 54
2725 125
2726 186
2727 103
2728 31
2729 131
2730 88
2731 77
2732 0
2733 65
2734 40
2735 36
2736 49
2737 138
2738 30
2739 43
2740 77
2741 26
2742 122
2743 159
2744 70
2745 100
2746 93
2747 31
2748 31
2749 116
2750 40
2751 36
2752 27
2753 14
2754 195
2755 138
2756 40
2757 30
2758 90
2759 31
2760 143
2761 88
2762 31
2763 14
2764 29
2765 152
2766 43
2767 31
2768 103
2769 86
2770 48
2771 70
2772 17
2773 31
2774 12
2775 2
2776 12
2777 54
2778 5
2779 12
2780 43
2781 49
2782 48
2783 49
2784 36
2785 127
2786 128
2787 39
2788 170
2789 82
2790 48
2791 17
2792 174
2793 128
2794 172
2795 172
2796 103
2797 36
2798 12
2799 55
2800 14
2801 12
2802 182
2803 12
2804 86
2805 40
2806 77
2807 36
2808 40
2809 17
2810 86
2811 31
2812 232
2813 58
2814 40
2815 12
2816 224
2817 115
2818 122
2819 160
2820 48
2821 88
2822 86
2823 31
2824 90
2825 162
2826 12
2827 118
2828 36
2829 36
2830 115
2831 86
2832 20
2833 48
2834 130
2835 132
2836 143
2837 34
2838 77
2839 153
2840 14
2841 86
2842 14
2843 43
2844 114
2845 70
2846 40
2847 40
2848 72
2849 38
2850 40
2851 241
2852 12
2853 43
2854 137
2855 48
2856 118
2857 40
2858 6
2859 43
2860 86
2861 58
2862 226
2863 42
2864 36
2865 36
2866 17
2867 143
2868 118
2869 223
2870 149
2871 55
2872 142
2873 36
2874 31
2875 37
2876 12
2877 40
2878 55
2879 133
2880 165
2881 40
2882 39
2883 100
2884 244
2885 38
2886 160
2887 113
2888 86
2889 14
2890 118
2891 12
2892 20
2893 70
2894 170
2895 161
2896 131
2897 128
2898 48
2899 36
2900 30
2901 49
2902 35
2903 30
2904 82
2905 58
2906 2
2907 36
2908 133
2909 0
2910 43
2911 12
2912 106
2913 113
2914 115
2915 43
2916 12
2917 121
2918 13
2919 90
2920 31
2921 137
2922 12
2923 115
2924 58
2925 36
2926 48
2927 226
2928 115
2929 90
2930 70
2931 34
2932 113
2933 223
2934 106
2935 142
2936 0
2937 36
2938 54
2939 39
2940 125
2941 115
2942 123
2943 40
2944 113
2945 52
2946 6
2947 115
2948 114
2949 58
2950 0
2951 70
2952 18
2953 43
2954 54
2955 142
2956 177
2957 3
2958 31
2959 30
2960 12
2961 48
2962 88
2963 113
2964 49
2965 36
2966 34
2967 31
2968 71
2969 43
2970 10
2971 38
2972 70
2973 57
2974 49
2975 183
2976 31
2977 18
2978 30
2979 40
2980 32
2981 48
2982 40
2983 201
2984 195
2985 166
2986 134
2987 113
2988 40
2989 38
2990 244
2991 70
2992 49
2993 61
2994 70
2995 31
2996 84
2997 39
2998 48
2999 100
