0 80
1 222
2 59
3 43
4 109
5 120
6 195
7 41
8 135
9 80
10 249
11 65
12 205
13 121
14 144
15 41
16 3
17 70
18 140
19 215
20 153
21 218
22 163
23 217
24 39
25 138
26 153
27 145
28 188
29 35
30 138
31 68
32 78
33 232
34 12
35 166
36 28
37 32
38 44
39 153
40 172
41 100
42 249
43 27
44 131
45 74
46 203
47 76
48 126
49 202
50 14
51 152
52 68
53 236
54 236
55 7
56 81
57 74
58 202
59 114
60 93
61 108
62 237
63 68
64 153
65 43
66 1
67 135
68 123
69 7
70 96
71 32
72 112
73 109
74 109
75 29
76 235
77 7
78 194
79 68
80 151
81 121
82 205
83 100
84 108
85 114
86 171
87 166
88 153
89 230
90 144
91 202
92 169
93 93
94 224
95 0
96 176
97 68
98 105
99 138
100 106
101 78
102 76
103 25
104 214
105 160
106 79
107 48
108 44
109 187
110 12
111 123
112 244
113 171
114 41
115 7
116 231
118 184
119 146
120 47
121 96
122 120
123 214
124 203
125 153
126 0
127 6
128 17
129 166
130 21
131 237
132 223
133 153
134 246
135 27
136 145
137 240
138 99
139 14
140 2
141 12
142 172
143 14
144 167
145 142
146 135
147 188
148 116
149 68
150 138
151 81
152 100
153 107
154 217
155 7
156 107
157 120
158 36
159 27
160 183
161 25
162 103
163 93
164 183
165 224
166 214
167 92
168 80
169 204
170 249
171 249
172 209
173 111
174 140
175 240
176 153
177 195
178 45
179 216
180 168
181 107
182 195
183 121
184 209
185 81
186 105
187 80
188 230
189 138
190 121
191 157
192 76
193 64
194 88
195 54
196 107
197 18
198 146
199 239
200 96
201 44
202 176
203 153
204 216
206 204
207 43
208 7
209 230
210 178
211 138
212 80
213 169
214 54
215 119
216 127
217 48
218 107
219 98
220 39
221 138
222 153
223 120
224 37
225 38
226 160
227 107
228 2
229 100
230 63
231 204
232 7
233 93
234 157
235 118
236 70
237 187
239 43
240 43
241 91
242 129
243 249
244 82
245 223
246 183
247 245
248 114
249 37
250 120
251 24
252 68
253 198
254 32
255 136
256 160
257 28
258 2
259 49
260 242
261 107
262 49
263 21
264 166
265 238
266 34
267 140
268 37
269 21
271 72
272 168
273 129
274 28
275 147
276 143
277 159
278 58
280 214
281 2
282 32
283 205
284 187
285 216
286 3
287 7
288 160
289 182
290 121
291 0
292 136
293 198
294 140
295 26
296 168
297 187
298 218
299 136
300 25
301 131
303 162
304 242
305 16
306 190
307 237
308 80
309 126
310 155
311 35
312 181
313 2
314 111
315 76
316 140
317 7
318 132
319 3
320 61
321 118
322 197
323 135
324 168
325 175
326 168
327 53
328 235
329 37
330 149
331 82
332 3
333 24
334 45
335 26
336 6
337 80
338 171
339 119
340 72
341 208
342 6
343 83
344 80
345 222
346 9
347 159
348 24
349 141
350 7
351 7
352 18
353 94
354 151
355 4
356 184
357 181
358 141
361 157
362 82
363 138
364 224
365 143
366 192
367 121
368 68
369 159
370 110
371 190
372 140
373 99
374 0
375 163
376 68
377 9
378 231
379 153
380 184
381 80
382 43
383 102
384 157
385 138
386 58
387 28
388 235
389 2
391 157
392 120
393 114
394 2
395 117
396 21
397 63
398 183
399 246
400 111
401 203
402 169
403 10
404 140
405 149
406 43
407 140
408 204
409 169
410 76
411 6
412 230
413 3
414 228
415 92
416 20
417 190
418 42
419 195
420 12
421 195
422 242
423 159
424 141
425 29
426 172
427 235
428 138
429 231
430 62
431 10
432 26
433 107
434 97
435 7
436 4
437 249
438 127
439 100
440 155
441 78
443 53
444 39
445 198
446 153
447 93
448 138
449 25
450 156
451 34
452 74
453 120
454 202
455 108
456 160
457 2
458 164
459 9
460 121
461 230
462 123
463 39
464 222
465 159
466 53
467 93
468 18
469 223
470 162
471 53
472 64
473 149
474 142
475 41
476 16
477 70
478 231
479 184
480 80
481 159
482 102
483 244
484 7
485 7
486 208
487 68
488 76
490 188
491 159
492 120
493 144
494 235
495 131
496 164
497 214
498 229
499 109
500 43
501 47
502 203
503 106
504 160
505 66
506 4
507 112
508 180
509 16
510 108
511 68
512 132
513 105
514 168
515 117
516 192
517 244
518 39
519 195
520 157
521 111
522 199
523 161
524 140
525 100
526 125
527 19
528 224
529 168
530 120
531 107
532 2
533 138
534 204
535 183
536 114
537 64
538 92
539 203
540 153
541 94
542 19
543 138
544 4
545 166
546 20
547 136
548 235
549 170
550 58
551 146
552 144
554 119
555 24
556 151
557 64
558 6
559 220
560 96
561 28
562 39
563 157
564 12
565 12
566 166
567 195
568 167
569 230
570 138
571 96
572 188
573 2
574 37
575 117
576 68
577 57
578 20
579 214
580 218
581 245
582 17
583 189
584 51
585 126
586 163
588 59
589 184
590 127
591 171
592 72
593 185
594 51
596 160
597 99
598 112
599 102
600 151
601 213
602 81
603 212
604 146
605 75
606 34
607 214
608 28
609 244
610 112
611 172
612 45
613 116
614 78
615 7
616 124
617 109
618 9
619 182
620 64
621 138
622 105
623 37
624 117
625 35
626 53
627 205
628 43
629 48
630 108
631 94
632 141
633 187
634 91
635 80
636 151
637 1
638 146
639 47
640 144
641 187
642 0
643 27
644 178
645 168
647 147
648 164
649 110
650 117
651 161
652 7
653 2
654 180
655 40
656 102
657 44
658 223
659 217
660 39
661 156
662 171
663 213
664 214
665 214
666 188
667 33
668 108
669 69
670 54
671 48
672 74
673 189
674 205
675 119
676 140
677 83
678 164
679 232
680 223
681 29
682 230
683 115
684 39
685 21
686 111
688 7
689 3
690 205
691 166
692 166
693 121
694 144
695 107
696 203
697 146
698 214
699 242
700 203
701 12
702 169
703 128
704 105
705 242
706 27
707 92
708 68
709 19
710 109
711 197
712 19
713 64
714 4
715 12
716 70
717 121
718 80
719 132
720 169
721 181
722 120
723 234
724 177
725 122
726 197
727 160
728 217
729 188
730 239
731 92
732 224
733 171
734 204
735 190
736 6
737 217
738 218
739 160
740 81
741 230
742 120
743 176
744 235
745 53
746 7
747 160
748 224
749 4
750 19
751 120
752 108
753 76
754 245
755 35
756 206
757 153
758 236
759 89
760 179
761 118
763 232
764 214
765 213
766 110
767 42
768 10
769 53
770 146
771 113
772 65
773 215
774 197
775 141
776 4
777 244
778 90
779 239
780 228
781 51
782 5
783 122
784 84
785 36
786 113
787 7
788 121
789 161
790 194
791 169
792 197
793 43
794 120
795 7
796 215
797 126
798 80
799 81
800 33
801 210
802 234
803 76
804 4
805 149
806 45
807 187
808 124
809 184
810 37
811 227
812 12
813 204
814 187
815 140
816 215
817 81
818 73
819 40
820 184
821 156
822 176
823 212
824 74
825 48
827 155
828 236
829 242
831 12
832 18
833 133
834 117
835 85
836 228
837 135
838 214
839 189
840 81
841 34
842 165
843 169
844 26
845 160
846 202
847 28
848 82
849 108
850 144
851 3
852 34
853 184
854 187
855 205
856 141
857 182
858 100
859 140
860 240
861 153
862 93
863 121
864 168
865 14
866 32
867 51
868 17
869 81
870 224
871 215
872 189
873 18
874 32
875 168
876 21
877 214
878 70
879 203
880 234
881 217
882 142
883 80
884 198
885 20
886 77
887 90
888 218
889 171
890 197
891 242
892 34
893 205
894 15
895 159
896 71
897 109
899 42
900 166
901 176
902 228
903 206
904 44
905 93
906 100
907 231
908 109
910 195
911 98
913 172
914 223
915 107
916 206
917 151
918 205
919 190
920 128
921 223
922 169
923 48
924 118
925 56
926 34
927 119
928 34
930 15
931 28
932 92
933 68
934 115
935 169
936 135
937 58
938 82
939 14
940 70
941 226
942 200
943 27
944 41
945 170
946 153
947 27
948 227
949 218
950 216
951 121
952 249
953 214
954 92
955 160
956 144
957 82
958 235
959 93
960 12
961 192
962 28
963 116
964 44
965 93
966 29
967 184
968 215
969 20
970 219
971 112
972 34
973 187
974 125
975 180
976 138
977 229
978 4
980 154
981 59
982 99
983 204
984 122
985 125
986 172
987 197
988 216
989 182
990 38
991 156
992 45
993 38
994 52
995 188
996 171
997 168
998 171
999 2
1000 243
1001 140
1002 54
1003 195
1004 121
1005 106
1006 197
1007 194
1008 67
1010 63
1011 37
1012 17
1013 105
1014 149
1015 126
1016 70
1017 194
1018 82
1019 46
1020 43
1021 182
1022 203
1023 51
1024 229
1025 131
1026 138
1027 132
1028 30
1029 142
1030 2
1031 206
1032 130
1033 31
1034 144
1035 99
1036 156
1037 57
1038 214
1039 109
1040 172
1041 146
1042 242
1043 59
1044 176
1045 146
1046 76
1047 146
1048 123
1049 81
1050 111
1052 160
1053 169
1055 42
1056 235
1058 226
1059 220
1060 38
1061 224
1062 169
1063 218
1064 223
1065 16
1066 21
1067 166
1068 93
1069 68
1070 151
1071 169
1072 154
1073 194
1074 4
1075 150
1076 29
1077 145
1078 108
1079 166
1080 152
1081 3
1082 241
1083 33
1084 214
1085 160
1086 16
1087 142
1088 93
1089 39
1091 163
1092 179
1093 249
1094 208
1095 30
1096 26
1097 73
1098 119
1099 141
1100 70
1101 47
1102 34
1103 155
1104 44
1105 239
1106 196
1107 45
1108 68
1109 107
1110 49
1111 151
1112 28
1113 62
1114 209
1115 42
1116 24
1117 19
1118 189
1119 106
1120 93
1121 99
1122 187
1123 22
1124 43
1125 90
1126 197
1127 218
1128 110
1129 112
1130 135
1131 63
1132 232
1133 172
1134 160
1135 105
1136 110
1137 111
1138 79
1139 18
1140 245
1142 162
1143 32
1144 16
1145 26
1146 88
1147 7
1148 14
1149 43
1150 92
1151 232
1152 128
1153 220
1154 2
1155 220
1156 169
1157 155
1158 168
1159 172
1160 12
1161 9
1162 1
1164 114
1165 29
1166 202
1167 75
1168 138
1169 239
1170 162
1171 82
1172 144
1173 73
1174 28
1175 160
1177 132
1178 214
1179 108
1180 52
1181 144
1182 47
1183 117
1184 71
1185 65
1186 37
1187 234
1188 118
1189 41
1190 131
1191 68
1192 206
1193 45
1194 138
1195 92
1197 76
1198 53
1199 52
1200 33
1201 166
1202 109
1203 57
1204 197
1205 200
1206 125
1207 16
1208 90
1209 96
1210 107
1211 20
1212 229
1213 131
1214 119
1215 12
1216 102
1217 99
1218 60
1219 105
1220 141
1221 53
1222 217
1223 117
1224 9
1225 227
1226 151
1227 105
1228 74
1229 81
1230 68
1231 140
1232 38
1233 230
1234 73
1235 200
1236 31
1237 188
1238 241
1239 121
1240 190
1241 44
1242 232
1243 218
1244 141
1245 190
1246 20
1247 53
1248 82
1249 140
1250 188
1251 168
1252 135
1253 20
1254 60
1255 102
1256 79
1257 213
1258 110
1259 146
1260 92
1261 113
1262 107
1263 110
1264 75
1265 146
1267 203
1268 235
1269 140
1270 82
1271 221
1272 136
1273 172
1274 52
1275 44
1277 58
1278 2
1279 113
1280 4
1281 168
1282 218
1283 105
1284 232
1285 231
1286 80
1287 166
1288 2
1289 45
1290 12
1291 2
1292 68
1293 110
1294 76
1295 28
1296 15
1297 203
1298 12
1299 73
1300 26
1301 160
1302 126
1303 159
1304 215
1305 41
1306 136
1307 1
1308 119
1309 228
1310 75
1311 19
1312 198
1313 16
1314 111
1315 58
1316 34
1317 229
1318 141
1319 179
1320 33
1321 135
1322 194
1323 20
1324 35
1325 156
1326 146
1327 68
1328 204
1329 168
1330 158
1331 75
1332 179
1333 108
1334 74
1335 160
1336 47
1338 188
1339 76
1340 195
1341 20
1342 17
1343 205
1344 54
1345 140
1346 57
1347 176
1348 81
1349 7
1350 81
1351 146
1352 151
1354 38
1355 189
1356 138
1357 180
1359 68
1360 119
1361 73
1362 140
1363 136
1364 99
1365 53
1366 7
1367 198
1368 19
1369 83
1370 34
1371 126
1372 153
1373 82
1374 131
1376 144
1377 9
1378 190
1379 158
1380 86
1381 114
1382 238
1383 176
1384 195
1385 198
1386 79
1387 12
1388 112
1389 110
1390 29
1391 197
1392 76
1393 92
1394 33
1395 100
1396 214
1397 144
1398 229
1399 123
1400 76
1401 194
1402 29
1403 110
1404 54
1405 6
1406 213
1407 156
1408 231
1409 8
1410 80
1411 227
1412 134
1413 144
1414 190
1415 171
1416 44
1417 36
1419 205
1420 0
1421 200
1422 246
1423 232
1424 221
1425 183
1426 242
1427 234
1428 239
1429 187
1430 112
1431 48
1432 7
1433 156
1434 210
1436 116
1437 182
1438 2
1439 39
1440 17
1441 51
1442 29
1443 172
1444 82
1445 213
1446 62
1447 187
1448 116
1449 93
1450 208
1451 80
1453 109
1454 212
1455 41
1456 18
1457 123
1458 78
1459 231
1460 201
1461 205
1462 112
1463 214
1464 209
1465 249
1466 38
1467 28
1468 16
1469 120
1470 26
1471 171
1472 2
1473 78
1474 3
1475 107
1476 80
1477 38
1478 24
1479 49
1480 76
1481 9
1482 111
1483 124
1484 108
1485 34
1486 187
1487 145
1488 38
1489 229
1490 171
1491 74
1492 125
1493 204
1494 122
1495 224
1496 145
1497 34
1498 131
1499 54
1500 144
1501 180
1502 228
1503 120
1504 187
1505 162
1506 46
1507 106
1508 114
1509 16
1510 216
1511 24
1512 9
1513 136
1514 125
1515 42
1516 47
1517 93
1518 45
1519 160
1520 190
1522 80
1524 151
1525 218
1526 236
1528 17
1529 235
1530 81
1531 38
1532 136
1533 96
1534 53
1535 195
1536 188
1537 231
1538 79
1540 109
1542 59
1543 142
1544 133
1545 203
1546 73
1547 226
1548 59
1550 86
1551 73
1552 93
1553 22
1554 7
1555 235
1556 9
1557 108
1558 105
1559 229
1560 82
1561 118
1562 159
1563 78
1564 128
1565 40
1566 205
1567 91
1568 203
1569 244
1570 34
1571 127
1572 88
1573 231
1574 120
1575 117
1576 112
1577 110
1578 3
1579 183
1580 53
1581 234
1582 48
1583 181
1584 114
1585 48
1586 63
1587 120
1588 114
1589 45
1590 198
1591 20
1592 163
1593 179
1594 169
1595 9
1596 151
1597 140
1598 53
1599 128
1600 228
1601 147
1602 45
1603 18
1604 92
1605 204
1606 19
1607 204
1608 146
1609 125
1610 140
1612 37
1613 109
1614 3
1615 9
1616 121
1617 227
1618 248
1619 144
1620 136
1621 141
1622 77
1623 98
1624 17
1625 195
1626 145
1627 43
1628 182
1629 0
1630 119
1631 9
1632 53
1633 42
1634 218
1635 86
1636 92
1637 63
1638 136
1639 114
1640 123
1641 136
1642 248
1643 14
1644 176
1645 219
1646 73
1647 0
1648 223
1649 52
1650 119
1651 140
1652 88
1653 77
1654 197
1655 213
1656 140
1657 62
1658 188
1659 26
1660 48
1661 135
1662 126
1663 46
1664 181
1665 48
1666 234
1667 176
1668 15
1669 189
1670 4
1671 35
1672 51
1673 234
1674 216
1675 228
1676 229
1677 120
1678 38
1679 218
1680 234
1681 183
1682 190
1684 110
1685 120
1686 145
1687 162
1688 12
1689 147
1690 123
1691 203
1692 86
1693 179
1694 35
1695 81
1697 246
1698 37
1699 144
1700 233
1701 127
1702 73
1703 206
1704 216
1705 203
1706 17
1707 42
1708 86
1709 203
1711 62
1712 179
1713 76
1714 189
1715 172
1716 216
1717 213
1718 184
1719 237
1720 195
1721 171
1722 80
1723 73
1724 194
1725 218
1726 145
1727 92
1728 230
1729 48
1730 170
1732 38
1733 119
1734 112
1735 159
1736 181
1737 140
1738 4
1739 68
1740 151
1741 96
1743 112
1744 140
1745 96
1746 18
1747 109
1748 9
1750 223
1751 21
1753 105
1754 70
1755 144
1756 108
1757 197
1758 175
1759 84
1760 29
1761 156
1762 121
1763 180
1764 53
1765 53
1766 98
1767 160
1768 205
1769 37
1770 13
1771 45
1772 234
1773 107
1774 160
1775 37
1776 224
1777 194
1778 53
1779 48
1780 48
1781 172
1782 231
1783 205
1784 198
1785 120
1786 181
1788 72
1789 75
1790 173
1792 111
1793 176
1794 73
1795 12
1796 5
1797 204
1798 110
1799 59
1800 162
1802 73
1803 26
1804 106
1805 29
1806 16
1808 126
1809 208
1810 57
1811 156
1812 102
1813 158
1814 76
1815 31
1816 34
1817 73
1818 82
1819 54
1820 243
1821 227
1822 116
1823 179
1824 38
1825 48
1826 209
1827 160
1828 132
1829 80
1830 86
1831 1
1832 114
1833 226
1834 157
1835 179
1837 7
1838 125
1840 73
1841 18
1842 102
1843 157
1844 110
1845 7
1847 153
1848 169
1849 140
1850 171
1851 136
1852 111
1853 69
1854 9
1855 0
1856 138
1857 210
1858 213
1862 108
1863 28
1864 197
1865 107
1866 128
1867 79
1868 229
1869 46
1870 169
1871 79
1872 144
1873 53
1874 16
1875 64
1876 141
1877 63
1878 33
1879 16
1880 28
1881 218
1882 132
1884 223
1885 53
1886 12
1887 110
1888 180
1889 128
1890 162
1891 245
1892 12
1893 238
1894 133
1895 3
1896 159
1897 208
1898 244
1899 205
1900 81
1901 135
1902 172
1904 105
1906 37
1907 79
1908 102
1909 20
1910 235
1911 118
1912 208
1913 102
1914 44
1915 232
1916 117
1917 197
1918 9
1919 221
1921 213
1922 200
1923 38
1924 80
1925 197
1926 37
1928 126
1929 108
1930 18
1931 184
1932 227
1933 7
1934 107
1936 144
1937 131
1938 144
1939 198
1940 94
1941 125
1942 242
1943 49
1944 143
1946 26
1947 108
1948 169
1949 179
1950 131
1951 172
1952 114
1953 116
1955 141
1956 76
1957 18
1958 102
1959 71
1960 105
1962 106
1963 133
1964 125
1965 212
1966 59
1967 119
1968 140
1969 158
1970 195
1971 140
1972 24
1973 54
1974 197
1975 16
1976 195
1977 138
1978 117
1979 247
1980 93
1981 224
1982 235
1983 105
1984 121
1985 212
1986 195
1987 244
1988 216
1989 53
1990 216
1991 246
1992 90
1993 42
1994 60
1995 90
1996 72
1997 144
1998 204
1999 126
2000 3
2001 131
2002 144
2003 53
2004 128
2005 203
2006 195
2007 111
2008 171
2009 180
2010 7
2011 47
2012 14
2013 102
2014 57
2015 21
2016 144
2017 170
2019 113
2020 120
2021 195
2022 77
2023 200
2024 218
2025 176
2026 206
2027 170
2028 102
2029 18
2030 215
2031 112
2032 73
2033 2
2034 86
2035 153
2036 179
2037 86
2038 159
2039 197
2040 203
2041 179
2042 203
2043 92
2044 9
2045 242
2046 42
2047 184
2048 218
2049 132
2050 140
2051 96
2052 102
2053 198
2054 47
2055 130
2056 107
2057 42
2058 68
2059 167
2060 74
2061 112
2062 204
2063 48
2064 218
2065 79
2066 53
2067 144
2068 180
2071 43
2072 20
2073 25
2074 37
2075 141
2076 227
2077 242
2078 126
2079 107
2080 114
2081 113
2082 126
2083 216
2084 216
2085 135
2086 215
2087 22
2088 155
2089 73
2090 197
2091 135
2092 58
2093 93
2094 126
2095 68
2096 223
2097 121
2098 33
2099 135
2100 42
2101 34
2102 116
2103 231
2104 179
2105 245
2106 53
2107 155
2108 223
2109 31
2110 246
2111 126
2112 197
2113 231
2114 159
2115 90
2116 138
2117 227
2118 0
2119 51
2121 226
2122 140
2123 9
2124 48
2125 49
2126 68
2127 123
2128 243
2129 135
2130 141
2131 126
2132 136
2133 28
2134 135
2135 81
2136 105
2137 37
2139 235
2140 176
2141 48
2142 77
2143 9
2144 144
2145 140
2146 171
2147 80
2148 36
2149 29
2150 72
2151 208
2152 42
2153 184
2154 126
2155 34
2156 136
2157 162
2158 187
2159 119
2161 62
2162 153
2163 101
2164 216
2165 20
2166 238
2167 47
2168 138
2169 194
2170 203
2171 180
2172 35
2173 71
2174 208
2175 218
2176 114
2178 48
2179 242
2180 48
2181 48
2182 119
2183 68
2184 34
2185 218
2186 248
2187 132
2188 243
2189 116
2190 26
2191 22
2192 111
2193 194
2194 15
2195 147
2196 75
2197 144
2198 102
2199 141
2200 218
2202 16
2203 92
2204 118
2205 79
2206 121
2207 189
2208 84
2210 36
2211 208
2212 215
2213 212
2214 99
2216 9
2217 144
2218 147
2219 73
2220 205
2221 212
2222 226
2223 106
2224 127
2226 73
2227 81
2228 119
2229 242
2231 110
2232 159
2233 6
2234 140
2235 116
2236 141
2237 119
2239 153
2240 112
2241 80
2242 156
2243 9
2244 117
2245 243
2246 48
2247 92
2248 237
2249 114
2250 88
2251 81
2252 108
2253 132
2255 233
2256 188
2257 21
2258 12
2259 8
2260 113
2261 120
2262 107
2263 31
2265 159
2266 203
2267 69
2268 19
2269 171
2270 117
2271 59
2272 224
2273 169
2274 81
2275 153
2276 28
2277 65
2278 26
2279 37
2280 29
2281 195
2282 132
2283 12
2284 126
2285 43
2286 171
2287 9
2288 120
2289 53
2290 132
2291 102
2292 68
2293 176
2294 169
2295 197
2296 18
2297 81
2298 140
2299 209
2300 73
2301 18
2302 203
2303 228
2304 68
2305 195
2306 109
2307 200
2308 160
2309 123
2310 108
2311 109
2312 144
2314 109
2315 102
2316 90
2317 219
2318 218
2319 126
2320 126
2321 92
2322 126
2323 37
2324 76
2325 159
2327 141
2329 6
2330 25
2331 114
2332 214
2333 75
2334 216
2335 206
2336 158
2337 62
2338 81
2339 48
2340 120
2341 92
2342 106
2343 184
2344 106
2345 204
2346 9
2347 128
2349 218
2350 114
2351 204
2353 42
2354 213
2355 155
2356 220
2357 76
2358 110
2359 156
2360 215
2361 218
2362 89
2363 98
2364 109
2365 184
2366 208
2367 27
2368 248
2369 6
2370 203
2371 153
2372 105
2373 81
2374 99
2375 20
2376 126
2377 73
2378 172
2379 7
2381 224
2382 140
2383 53
2385 120
2386 140
2387 131
2388 108
2389 168
2390 131
2391 126
2392 140
2393 68
2394 73
2395 128
2396 212
2397 172
2398 169
2399 140
2400 156
2401 70
2402 140
2403 18
2404 109
2405 35
2406 20
2407 215
2408 195
2409 116
2410 197
2411 48
2412 48
2413 114
2414 114
2415 69
2416 18
2418 243
2419 114
2420 9
2421 181
2422 64
2424 197
2425 184
2426 53
2427 203
2428 172
2429 116
2430 74
2431 224
2432 20
2433 112
2434 153
2435 2
2436 218
2437 20
2438 224
2440 2
2441 216
2442 118
2443 229
2444 92
2445 153
2446 231
2448 140
2449 215
2450 208
2451 210
2452 144
2455 126
2456 53
2457 122
2458 0
2459 114
2460 119
2461 90
2462 245
2463 16
2464 35
2466 216
2467 123
2468 29
2470 9
2471 216
2472 7
2473 92
2474 118
2475 227
2476 212
2477 222
2478 32
2479 16
2480 114
2481 216
2482 163
2483 16
2484 99
2485 75
2486 61
2487 215
2488 75
2489 208
2490 0
2491 144
2492 140
2493 198
2494 165
2495 144
2496 217
2497 88
2498 110
2499 92
2501 109
2502 112
2503 35
2504 48
2505 226
2506 146
2507 4
2508 61
2509 216
2510 17
2511 92
2512 26
2513 43
2514 212
2515 126
2516 128
2517 108
2518 236
2519 204
2520 216
2521 141
2522 1
2523 73
2524 76
2525 106
2526 53
2527 9
2528 53
2529 46
2531 55
2533 14
2534 181
2535 20
2536 38
2537 198
2538 197
2539 68
2540 206
2541 33
2542 48
2543 216
2545 17
2547 81
2548 182
2549 171
2550 238
2551 12
2552 145
2553 108
2555 144
2556 18
2557 203
2558 151
2559 114
2560 49
2561 31
2562 9
2563 81
2564 35
2565 138
2566 73
2567 226
2568 128
2569 142
2570 135
2571 73
2572 93
2574 106
2575 9
2576 188
2577 68
2578 7
2579 208
2580 208
2581 198
2582 92
2583 116
2584 70
2585 108
2586 132
2587 4
2588 116
2589 48
2590 90
2591 128
2592 108
2594 53
2595 235
2596 109
2597 176
2598 91
2599 187
2601 68
2602 216
2603 117
2604 176
2605 176
2606 106
2607 141
2608 53
2609 235
2610 243
2611 126
2612 42
2614 155
2615 195
2616 123
2617 18
2618 200
2619 47
2620 75
2621 226
2622 9
2623 102
2624 81
2625 116
2626 99
2627 126
2628 213
2631 159
2632 42
2633 106
2634 17
2635 29
2636 227
2637 157
2638 168
2639 62
2640 93
2641 125
2642 215
2643 59
2644 199
2645 18
2646 17
2647 128
2648 144
2650 237
2651 48
2652 29
2653 142
2654 7
2655 73
2656 218
2657 218
2658 20
2660 102
2661 18
2662 112
2663 84
2664 234
2665 117
2666 120
2667 213
2668 218
2669 176
2670 141
2671 197
2672 48
2673 195
2674 106
2676 130
2677 197
2678 28
2679 102
2680 197
2681 159
2682 0
2683 81
2684 86
2685 81
2686 247
2687 176
2688 144
2689 1
2690 195
2691 119
2692 119
2693 110
2694 218
2695 123
2697 195
2698 146
2700 216
2701 141
2702 31
2703 123
2704 110
2705 140
2706 53
2707 102
2709 88
2710 204
2711 14
2714 86
2715 31
2716 203
2717 90
2718 29
2719 206
2720 48
2721 34
2722 121
2723 206
2724 108
2725 182
2726 210
2727 12
2728 31
2729 142
2731 107
2732 16
2733 160
2735 126
2736 195
2737 214
2738 123
2739 140
2740 197
2741 78
2742 4
2743 1
2744 35
2745 136
2746 156
2747 48
2748 37
2749 236
2750 184
2751 31
2752 51
2753 25
2755 121
2756 159
2757 123
2758 92
2759 48
2760 195
2761 20
2762 176
2763 134
2764 132
2765 101
2768 108
2769 208
2770 208
2771 92
2772 90
2773 31
2774 9
2775 120
2776 53
2777 110
2778 81
2779 168
2780 140
2781 118
2782 208
2783 144
2785 17
2786 205
2787 168
2788 119
2789 135
2790 18
2791 141
2792 153
2793 29
2794 236
2795 242
2796 12
2798 197
2799 112
2800 207
2801 117
2802 195
2803 140
2804 193
2805 118
2806 203
2807 114
2809 141
2811 48
2812 43
2813 20
2815 9
2816 127
2817 198
2818 187
2819 170
2820 18
2821 20
2822 144
2823 197
2825 17
2826 9
2827 195
2828 206
2829 48
2830 235
2831 195
2832 110
2833 216
2834 231
2835 203
2836 37
2838 80
2839 125
2840 25
2841 208
2842 123
2843 140
2844 109
2845 102
2846 218
2847 159
2848 28
2849 106
2850 144
2851 31
2852 86
2853 140
2854 206
2855 18
2856 18
2857 218
2858 123
2859 140
2860 18
2861 227
2862 113
2863 180
2864 114
2865 114
2866 141
2867 37
2868 226
2869 114
2870 155
2871 180
2872 42
2873 206
2874 237
2875 231
2876 86
2877 159
2878 52
2879 172
2880 37
2881 18
2882 2
2883 34
2884 169
2885 28
2886 84
2887 141
2888 118
2889 25
2890 128
2891 53
2892 141
2893 140
2894 243
2895 187
2896 164
2897 0
2898 226
2899 114
2900 144
2902 220
2904 75
2905 20
2906 159
2907 206
2908 121
2909 113
2910 9
2911 53
2912 37
2913 92
2914 108
2915 9
2916 9
2917 2
2918 228
2920 126
2921 37
2922 140
2923 141
2925 114
2926 18
2927 92
2928 68
2929 84
2930 92
2931 73
2932 0
2933 73
2934 203
2936 90
2937 206
2938 108
2939 2
2940 157
2941 205
2942 43
2943 118
2944 29
2945 93
2946 7
2947 141
2948 172
2949 92
2950 0
2951 102
2952 126
2953 53
2954 171
2955 203
2956 29
2957 51
2959 123
2960 53
2961 208
2962 172
2963 29
2964 195
2965 48
2967 48
2968 15
2969 9
2970 145
2971 119
2972 102
2973 214
2974 159
2975 139
2976 197
2978 144
2979 37
2980 15
2981 208
2983 102
2984 35
2985 47
2986 70
2987 29
2988 117
2989 214
2990 218
2991 140
2992 25
2993 109
2994 102
2995 197
2996 244
2997 168
2998 208
2999 16
3000 207
3001 186
3002 69
3003 25
3004 123
3005 95
3006 25
3007 66
3008 207
3009 95
3010 123
3011 246
3012 123
3013 104
3014 222
3015 69
3016 23
3017 13
3018 104
3019 25
3020 134
3021 95
3022 134
3023 191
3024 49
3025 193
3026 85
3027 148
3028 69
3029 137
3030 104
3031 5
3032 55
3033 25
3034 233
3035 134
3036 69
3037 66
3038 222
3039 193
3040 233
3041 85
3042 246
3043 69
3044 123
3045 66
3046 69
3047 49
3048 25
3049 191
3050 55
3051 191
3052 186
3053 246
3054 134
3055 225
3056 5
3057 191
3058 55
3059 186
3060 186
3061 191
3062 186
3063 123
3064 13
3065 104
3066 134
3067 55
3068 5
3069 87
3070 186
3071 123
3072 246
3073 49
3074 13
3075 134
3076 13
3077 137
3078 222
3079 207
3080 207
3081 11
3082 69
3083 66
3084 25
3085 13
3086 104
3087 193
3088 13
3089 233
3090 134
3091 5
3092 95
3093 66
3094 66
3095 49
3096 104
3097 66
3098 49
3099 25
3100 186
3101 5
3102 137
3103 186
3104 5
3105 69
3106 104
3107 13
3108 66
3109 207
3110 87
3111 246
3112 134
3113 186
3114 13
3115 207
3116 207
3117 55
3118 69
3119 137
3120 104
3121 55
3122 134
3123 23
3124 104
3125 123
3126 134
3127 25
3128 50
3129 186
3130 207
3131 174
3132 85
3133 207
3134 5
3135 186
3136 193
3137 104
3138 13
3139 233
3140 23
3141 104
3142 66
3143 66
3144 49
3145 69
3146 134
3147 55
3148 233
3149 207
3150 222
3151 123
3152 25
3153 13
3154 5
3155 69
3156 55
3157 66
3158 186
3159 186
3160 104
3161 5
3162 13
3163 50
3164 55
3165 148
3166 49
3167 233
3168 186
3169 148
3170 104
3171 25
3172 49
3173 246
3174 85
3175 23
3176 207
3177 5
3178 13
3179 66
3180 69
3181 25
3182 66
3183 5
3184 134
3185 25
3186 211
3187 137
3188 233
3189 123
3190 13
3191 186
3192 5
3193 104
3194 69
3195 137
3196 95
3197 186
3198 69
3199 134
3200 137
3201 66
3202 69
3203 134
3204 25
3205 85
3206 134
3207 49
3208 222
3209 233
3210 191
3211 85
3212 85
3213 66
3214 137
3215 25
3216 55
3217 123
3218 55
3219 186
3220 134
3221 49
3222 25
3223 55
3224 123
3225 123
3226 69
3227 148
3228 5
3229 85
3230 233
3231 69
3232 246
3233 55
3234 66
3235 225
3236 85
3237 50
3238 193
3239 123
3240 246
3241 246
3242 186
3243 193
3244 5
3245 66
