0 1
1 103
2 114
3 167
4 235
6 69
7 124
8 246
9 174
10 166
11 36
12 125
13 210
14 77
15 184
16 178
17 146
18 149
19 188
20 72
21 189
22 124
23 227
24 139
25 145
26 26
27 49
28 220
30 145
31 139
32 54
33 125
34 131
35 197
36 47
37 42
38 166
40 176
41 14
42 72
43 174
44 167
45 181
46 176
47 46
49 4
50 80
51 40
52 74
53 169
54 24
55 221
57 166
58 125
60 101
61 176
62 104
64 221
65 150
66 189
67 232
68 176
69 103
70 136
71 229
72 114
75 141
76 95
77 221
78 0
79 234
80 70
81 142
82 20
83 217
84 104
85 117
86 241
87 50
88 183
89 124
90 103
91 27
92 88
93 174
94 189
95 33
96 72
97 146
98 142
99 131
101 145
102 180
104 6
105 211
106 200
107 19
108 43
109 97
110 166
111 149
112 193
113 138
114 136
115 104
116 136
118 26
119 27
120 181
122 9
123 31
124 207
125 221
126 113
127 70
128 71
129 6
130 26
131 77
132 108
133 220
135 236
136 134
137 125
138 102
139 193
140 69
141 189
142 143
143 42
144 54
145 217
146 198
147 10
148 99
149 118
150 149
151 31
152 36
153 131
154 48
155 9
156 26
157 151
158 136
159 160
160 112
161 145
162 179
163 18
164 26
165 132
166 31
167 233
168 75
169 180
170 43
171 167
172 111
173 4
174 36
175 123
176 108
177 43
178 146
179 225
180 149
181 131
182 220
183 95
184 178
185 36
186 19
187 69
188 119
189 176
190 9
191 21
192 174
193 17
194 59
195 232
196 207
198 80
199 120
200 144
201 198
202 113
203 72
204 104
206 34
207 125
208 1
209 69
210 2
211 221
212 149
213 94
214 35
215 145
216 48
218 169
219 217
220 176
221 26
222 19
223 36
224 176
225 142
226 169
227 104
228 149
229 142
230 141
231 174
232 220
233 9
234 56
235 112
236 80
237 246
239 121
240 58
241 111
242 109
243 216
244 176
245 70
246 110
247 225
248 103
249 221
250 26
251 184
252 221
253 23
254 160
256 9
257 27
258 26
259 118
260 170
262 103
263 142
264 176
265 200
266 139
267 33
268 129
269 9
271 120
272 221
273 90
274 22
275 227
276 42
277 1
278 109
280 53
281 228
282 111
283 189
284 219
286 230
287 31
288 53
289 74
290 192
291 0
292 15
293 219
294 145
295 131
296 26
297 8
299 174
300 145
301 160
303 173
304 138
305 116
306 104
307 81
308 14
309 53
310 156
312 60
313 31
314 217
315 23
317 221
318 189
319 97
320 54
321 164
322 176
323 136
324 115
325 204
326 190
327 83
328 221
330 132
331 113
332 70
333 232
334 141
335 46
336 226
337 26
338 184
340 70
342 60
343 239
344 37
345 26
346 27
347 46
348 54
349 71
350 161
351 149
352 189
353 180
354 4
355 28
356 26
357 109
358 176
361 102
362 17
363 6
364 143
365 42
366 87
367 192
368 104
369 121
370 18
371 236
373 96
375 102
377 213
378 56
379 168
380 108
381 118
382 189
383 77
384 180
385 208
386 119
387 248
389 4
391 144
392 5
393 149
394 104
395 237
396 69
397 240
398 6
400 176
401 117
402 39
403 245
404 121
405 70
406 170
408 178
409 67
410 92
411 100
412 113
413 83
414 119
415 88
416 193
417 169
418 176
419 69
420 118
421 112
422 53
423 39
424 106
425 103
426 24
427 189
428 9
429 214
430 180
431 158
432 35
433 6
434 98
435 71
436 71
437 189
438 165
439 238
440 144
441 38
444 144
445 69
446 9
447 148
448 207
449 104
450 208
451 238
452 142
453 85
454 75
455 103
456 112
457 151
458 236
459 174
460 34
461 118
462 220
463 173
464 108
465 103
466 103
467 75
469 34
470 210
471 225
472 113
473 198
474 83
475 52
477 38
478 109
479 26
480 46
481 151
483 61
484 149
485 19
486 212
487 214
488 160
490 131
492 118
493 112
495 182
496 91
497 19
498 178
499 118
500 44
501 94
502 9
503 143
504 169
505 172
507 17
508 44
509 111
510 89
511 176
512 29
513 46
514 149
516 96
517 64
518 69
520 189
521 102
522 3
523 101
524 233
525 96
527 119
528 244
529 83
530 213
531 118
532 189
533 220
534 139
535 229
536 112
537 112
538 7
539 59
540 108
541 13
542 214
543 236
544 31
545 92
547 64
548 149
549 240
550 81
551 26
552 69
554 148
555 63
556 77
557 39
558 73
559 158
560 83
561 225
562 169
563 194
564 213
565 39
566 236
567 9
568 158
569 35
570 213
571 17
572 140
573 9
574 121
575 103
576 211
577 64
578 201
579 157
580 206
581 137
582 138
583 28
584 227
585 59
586 0
588 188
589 145
590 165
591 118
592 217
593 238
594 70
596 134
597 56
598 201
600 71
601 75
602 193
604 10
606 102
607 42
608 80
609 98
610 69
611 226
612 178
614 211
615 113
616 235
617 222
619 113
620 75
621 118
622 180
623 220
625 134
626 129
627 118
628 106
629 221
630 225
631 245
632 110
633 83
634 186
635 6
636 49
637 160
638 112
639 217
640 149
641 120
642 189
643 174
644 161
645 237
647 38
648 51
649 167
650 104
651 219
652 145
653 27
654 163
655 249
656 7
657 232
658 77
659 89
660 17
661 0
663 29
664 150
665 220
666 175
668 38
669 149
670 35
671 9
672 3
673 246
674 157
675 60
677 218
678 170
679 193
680 149
681 38
682 14
683 74
684 34
685 118
686 118
688 104
689 121
690 16
691 95
692 213
693 198
694 221
695 92
696 64
697 142
698 121
699 56
700 234
701 29
704 149
705 2
706 190
708 139
709 163
710 246
712 59
713 9
714 222
715 151
716 42
717 167
718 221
719 146
720 69
721 110
722 145
723 124
724 73
725 139
726 66
727 174
728 94
729 176
730 160
732 153
733 94
734 141
735 19
736 60
738 149
739 75
740 231
741 96
742 89
743 30
744 221
745 151
747 104
748 38
749 158
750 18
751 69
752 172
753 131
754 6
755 30
756 138
757 174
758 0
759 40
760 231
761 145
763 51
764 9
765 200
766 104
767 118
768 54
770 34
771 124
772 144
775 115
776 128
778 13
779 204
780 168
781 42
782 47
783 18
784 235
785 10
786 120
787 31
788 111
789 165
790 128
791 96
792 221
793 102
794 89
795 145
796 143
798 221
800 120
801 133
802 72
803 76
804 124
805 10
806 143
807 193
808 193
810 220
812 178
813 183
814 146
815 82
816 103
817 5
818 47
819 68
820 26
822 118
823 139
824 10
827 246
828 109
829 217
831 69
833 211
834 9
835 30
836 211
837 161
838 121
839 29
840 18
841 38
842 40
843 113
844 111
845 44
846 50
847 114
848 56
849 220
850 231
851 232
852 13
853 89
854 211
855 176
856 6
857 31
858 238
859 206
860 185
861 167
862 118
863 144
864 95
865 206
866 164
867 60
868 102
869 97
870 134
871 36
872 42
873 108
874 137
875 108
876 149
877 200
878 163
879 149
880 14
881 146
882 70
884 236
885 201
886 193
887 119
888 89
889 36
890 208
891 80
892 94
893 102
894 0
895 148
896 156
897 232
899 96
900 71
901 64
902 218
903 38
904 120
905 19
906 40
907 156
908 178
910 9
911 84
913 0
914 69
915 77
916 149
917 149
918 19
919 67
921 221
922 101
923 9
925 140
927 4
928 17
930 120
931 116
932 76
933 75
934 200
935 199
936 99
937 123
938 72
939 190
940 167
941 224
942 199
943 95
944 164
945 30
946 149
947 168
948 23
950 208
951 38
952 89
953 104
955 189
956 146
957 168
958 115
959 131
960 4
961 42
962 10
963 107
964 146
965 19
966 102
967 26
968 175
969 173
970 173
971 124
972 91
973 75
974 146
975 180
976 56
977 98
978 66
980 52
981 180
982 169
983 97
984 213
986 47
987 153
988 9
989 116
990 200
992 42
994 38
995 118
996 119
997 236
998 38
999 92
1000 114
1001 174
1002 170
1003 4
1004 143
1005 211
1007 111
1008 159
1010 164
1011 103
1012 56
1013 84
1014 11
1015 75
1016 8
1017 94
1018 18
1019 16
1020 75
1021 144
1022 112
1023 227
1024 193
1025 210
1026 112
1027 143
1028 197
1029 124
1030 167
1031 208
1032 204
1033 110
1034 129
1035 184
1036 133
1038 97
1039 63
1040 56
1041 236
1042 6
1043 109
1044 42
1045 131
1046 241
1047 221
1048 151
1049 19
1050 80
1052 144
1053 219
1055 174
1056 240
1059 49
1060 173
1061 43
1062 27
1063 131
1064 5
1065 206
1066 118
1067 119
1068 35
1069 115
1070 43
1071 80
1072 191
1073 146
1074 214
1075 136
1076 64
1077 162
1078 117
1079 118
1080 198
1081 210
1082 170
1083 168
1085 56
1086 220
1087 59
1088 173
1089 69
1091 222
1093 50
1094 69
1095 170
1096 6
1097 33
1098 16
1099 97
1100 115
1101 27
1102 70
1103 147
1104 246
1105 26
1106 98
1107 42
1108 101
1109 9
1110 213
1111 121
1112 143
1113 185
1114 146
1115 79
1116 247
1117 64
1118 219
1119 241
1120 108
1121 112
1122 83
1123 0
1124 36
1125 21
1126 188
1128 193
1129 245
1130 172
1131 50
1132 207
1133 71
1134 91
1135 80
1137 39
1138 235
1139 143
1140 169
1142 207
1143 169
1144 44
1145 144
1147 9
1148 169
1149 146
1151 40
1153 0
1154 110
1155 3
1156 72
1157 23
1158 69
1159 79
1160 131
1161 114
1162 173
1164 112
1165 69
1166 131
1168 84
1169 214
1170 190
1171 9
1172 22
1173 7
1174 17
1175 95
1177 27
1178 241
1180 65
1181 4
1182 66
1183 39
1184 16
1185 185
1186 213
1187 24
1188 91
1189 11
1190 59
1191 148
1193 42
1194 102
1195 97
1197 210
1199 44
1200 226
1201 72
1203 21
1204 34
1205 146
1207 53
1208 222
1209 23
1210 84
1212 134
1213 72
1214 110
1215 59
1217 168
1218 73
1219 46
1220 138
1221 126
1222 175
1223 19
1224 189
1225 108
1226 39
1227 131
1228 101
1229 124
1230 104
1231 103
1232 200
1233 63
1235 97
1236 97
1237 189
1238 200
1239 80
1240 92
1241 176
1242 100
1243 143
1244 231
1245 35
1247 119
1248 26
1250 170
1251 77
1252 146
1253 84
1254 28
1256 218
1257 113
1258 228
1259 26
1261 38
1262 144
1263 228
1264 156
1265 118
1267 19
1268 103
1269 6
1270 142
1271 194
1272 221
1273 75
1274 246
1275 50
1277 180
1278 167
1279 60
1280 132
1284 96
1285 193
1286 207
1287 27
1289 184
1290 29
1291 163
1292 115
1294 6
1296 91
1297 153
1298 224
1299 224
1300 19
1302 69
1303 31
1304 128
1305 140
1306 151
1307 245
1308 207
1309 64
1310 7
1311 56
1312 81
1313 128
1314 113
1315 51
1316 53
1317 72
1318 117
1319 162
1320 132
1321 18
1322 70
1323 110
1325 228
1326 108
1328 3
1329 36
1330 236
1331 21
1332 181
1334 10
1335 211
1336 30
1338 19
1339 19
1340 31
1341 201
1342 7
1343 53
1344 196
1345 9
1346 107
1347 56
1348 38
1349 208
1351 183
1352 36
1354 211
1355 75
1356 221
1357 68
1359 189
1360 97
1363 208
1364 109
1365 148
1366 75
1367 103
1368 10
1369 223
1371 23
1372 115
1373 46
1374 56
1376 121
1377 19
1378 106
1379 101
1381 47
1382 200
1383 67
1384 112
1385 210
1386 31
1387 221
1389 49
1390 125
1391 39
1392 116
1394 104
1395 236
1396 109
1399 46
1400 136
1401 189
1402 149
1403 124
1404 24
1405 59
1406 38
1407 141
1408 132
1409 51
1410 149
1413 75
1414 113
1415 21
1416 5
1417 94
1419 85
1420 224
1421 175
1423 4
1424 41
1425 43
1426 36
1427 161
1428 104
1429 146
1430 116
1431 117
1432 220
1434 133
1436 151
1437 41
1438 236
1439 229
1440 59
1441 185
1442 176
1443 138
1444 27
1445 188
1446 109
1447 49
1448 225
1449 31
1451 9
1453 64
1455 164
1457 89
1458 9
1459 22
1460 87
1461 162
1462 122
1463 118
1464 70
1465 196
1466 43
1467 174
1468 47
1469 211
1470 106
1471 49
1472 69
1473 96
1474 176
1475 145
1476 149
1477 105
1478 128
1480 145
1482 74
1483 224
1485 162
1486 124
1487 123
1488 125
1489 212
1490 167
1491 178
1493 27
1494 207
1495 217
1496 123
1497 143
1499 125
1500 208
1501 228
1502 114
1503 26
1504 214
1505 85
1506 54
1507 111
1508 221
1509 157
1510 145
1511 66
1513 216
1515 6
1516 211
1517 241
1518 3
1519 234
1520 170
1522 207
1524 39
1525 213
1526 63
1528 232
1529 17
1530 189
1531 184
1532 69
1533 178
1534 163
1535 220
1536 112
1537 10
1538 90
1540 127
1542 128
1543 101
1544 61
1545 108
1546 240
1547 27
1548 194
1551 77
1552 145
1553 65
1554 108
1555 41
1558 120
1559 64
1560 104
1561 163
1562 208
1563 215
1564 97
1565 247
1566 142
1567 63
1568 174
1569 227
1570 194
1571 49
1572 88
1573 66
1574 112
1576 193
1577 105
1578 36
1579 221
1581 102
1582 237
1583 235
1586 125
1587 121
1589 239
1590 77
1592 96
1593 41
1594 198
1596 0
1598 149
1599 138
1600 23
1601 153
1602 83
1604 208
1605 53
1606 31
1609 15
1610 116
1612 228
1613 131
1614 169
1616 167
1617 71
1619 149
1620 44
1621 4
1622 28
1623 73
1624 124
1626 39
1627 216
1628 228
1629 26
1630 102
1631 221
1632 30
1633 95
1634 220
1635 201
1637 111
1638 9
1639 104
1640 89
1641 49
1643 75
1644 189
1645 23
1647 193
1648 176
1650 94
1652 220
1653 66
1654 103
1655 138
1656 116
1657 185
1658 206
1659 121
1660 29
1661 23
1662 71
1663 65
1664 128
1665 19
1666 170
1667 200
1668 245
1669 96
1670 109
1671 228
1672 245
1673 200
1674 151
1675 229
1676 156
1678 226
1680 160
1681 220
1682 43
1684 120
1685 27
1686 141
1687 19
1688 219
1689 85
1690 26
1691 21
1693 58
1694 144
1695 211
1697 22
1698 213
1699 149
1701 31
1702 156
1704 145
1706 240
1707 148
1709 221
1711 185
1712 106
1713 80
1714 216
1715 66
1716 174
1717 174
1718 26
1719 151
1720 112
1721 75
1722 210
1723 38
1724 81
1726 246
1727 71
1728 56
1729 189
1730 133
1732 96
1733 36
1734 249
1736 231
1737 172
1738 42
1739 17
1740 36
1741 104
1743 182
1744 228
1745 81
1747 241
1750 19
1751 174
1753 91
1754 134
1755 110
1756 15
1758 42
1759 77
1760 38
1761 162
1762 75
1763 241
1764 71
1765 224
1766 100
1767 206
1768 119
1769 46
1770 9
1771 132
1772 10
1773 9
1774 63
1775 53
1776 19
1777 193
1778 110
1779 189
1780 1
1782 176
1783 229
1784 39
1785 167
1788 48
1789 128
1790 156
1793 71
1794 49
1797 215
1798 42
1799 24
1800 39
1802 128
1803 241
1804 33
1805 79
1809 44
1810 127
1811 182
1813 31
1814 131
1815 111
1816 138
1817 193
1818 167
1819 128
1820 246
1822 79
1823 94
1824 240
1825 143
1826 200
1827 60
1828 56
1829 113
1831 101
1832 207
1833 220
1834 124
1835 226
1838 81
1840 172
1842 144
1843 193
1844 246
1845 131
1847 79
1848 213
1849 31
1850 17
1851 53
1852 98
1853 67
1854 75
1855 150
1856 151
1857 181
1858 143
1862 119
1863 13
1864 115
1865 131
1866 153
1867 85
1868 59
1869 13
1870 149
1871 17
1873 38
1874 209
1875 104
1876 103
1877 39
1878 32
1879 4
1880 39
1881 220
1882 182
1884 39
1885 230
1886 44
1887 15
1888 226
1889 113
1890 143
1891 112
1892 89
1893 200
1894 73
1895 169
1897 176
1898 59
1899 199
1900 146
1901 181
1902 210
1904 230
1906 104
1907 82
1910 224
1913 230
1914 224
1915 176
1917 23
1918 76
1919 249
1921 237
1922 133
1923 43
1924 34
1925 19
1926 225
1928 75
1929 225
1930 103
1931 108
1933 220
1934 167
1936 26
1937 169
1938 112
1939 85
1940 158
1941 233
1942 217
1943 84
1944 247
1946 151
1947 47
1948 221
1949 64
1950 4
1951 102
1952 220
1953 28
1955 151
1956 216
1957 171
1959 239
1960 157
1962 64
1963 222
1966 180
1967 148
1968 225
1969 96
1971 117
1972 158
1973 42
1974 225
1975 231
1976 151
1977 84
1978 174
1979 191
1980 108
1981 19
1982 106
1983 116
1984 141
1985 152
1986 145
1987 42
1989 162
1991 19
1992 225
1993 151
1994 63
1995 228
1996 91
1997 207
1998 73
1999 39
2000 47
2001 196
2002 121
2003 146
2004 69
2005 44
2006 89
2007 95
2008 109
2009 181
2010 108
2011 132
2012 90
2014 88
2015 124
2016 113
2017 133
2019 239
2020 129
2021 145
2022 81
2024 230
2025 85
2027 114
2028 103
2029 19
2030 15
2031 88
2032 114
2033 104
2035 118
2036 163
2040 118
2041 21
2042 168
2045 91
2046 208
2047 145
2051 193
2053 5
2054 0
2055 28
2057 131
2058 206
2059 147
2060 211
2061 147
2062 66
2065 0
2067 167
2068 68
2071 116
2072 68
2073 89
2074 26
2075 153
2076 109
2077 109
2078 206
2079 14
2081 164
2083 53
2084 139
2085 198
2086 44
2087 226
2088 94
2090 157
2091 178
2092 48
2093 41
2094 7
2095 130
2096 220
2097 39
2098 249
2099 244
2100 91
2101 139
2102 34
2103 102
2105 44
2106 206
2107 194
2108 149
2109 36
2110 69
2111 19
2113 244
2115 225
2116 145
2118 224
2119 60
2121 85
2122 174
2123 7
2124 66
2125 72
2126 110
2127 220
2128 246
2129 124
2130 15
2131 208
2132 193
2133 112
2134 14
2135 151
2140 210
2141 104
2142 156
2143 4
2146 181
2147 92
2148 99
2150 226
2152 15
2153 103
2154 241
2155 178
2156 18
2157 173
2158 232
2159 71
2161 204
2162 9
2163 159
2164 208
2165 174
2166 230
2167 200
2168 39
2169 111
2170 88
2171 41
2173 180
2174 196
2178 167
2179 19
2182 103
2183 134
2184 188
2185 57
2186 175
2187 230
2188 48
2189 129
2190 56
2191 246
2192 59
2193 66
2194 21
2195 226
2197 112
2200 93
2202 59
2204 149
2205 168
2206 124
2207 38
2210 200
2211 26
2213 128
2214 227
2217 97
2218 42
2220 166
2221 182
2223 175
2224 187
2226 156
2227 5
2228 67
2229 44
2231 18
2232 89
2233 42
2234 129
2235 79
2236 89
2237 124
2239 144
2240 24
2241 92
2244 76
2245 101
2246 215
2248 27
2249 138
2251 174
2252 149
2253 222
2255 36
2256 207
2257 151
2258 19
2259 245
2260 180
2261 31
2262 167
2263 111
2265 19
2266 189
2267 104
2268 244
2269 169
2270 230
2271 21
2272 97
2273 151
2274 202
2275 174
2276 21
2277 83
2278 79
2280 208
2281 131
2282 21
2284 15
2285 83
2286 171
2287 88
2288 157
2290 10
2291 124
2292 110
2294 220
2298 102
2299 194
2300 241
2302 167
2303 228
2304 75
2305 26
2306 126
2307 68
2308 144
2309 121
2310 213
2311 64
2312 149
2314 0
2315 172
2316 110
2317 61
2318 26
2320 64
2323 43
2324 89
2325 178
2327 4
2329 165
2331 151
2332 46
2334 133
2335 163
2336 219
2337 143
2338 23
2339 71
2340 42
2341 75
2342 208
2343 208
2344 16
2345 59
2346 43
2350 72
2351 47
2353 47
2354 208
2355 42
2356 143
2357 41
2359 172
2360 24
2361 113
2362 158
2363 51
2364 194
2365 53
2367 241
2368 210
2369 100
2370 206
2371 121
2372 27
2373 79
2374 173
2376 153
2379 103
2381 21
2383 108
2385 75
2386 15
2387 174
2389 221
2390 134
2391 153
2393 9
2395 129
2397 97
2398 81
2399 103
2400 38
2401 17
2402 22
2403 104
2404 17
2405 175
2406 7
2407 24
2408 92
2409 101
2410 232
2411 27
2413 174
2414 212
2415 149
2418 128
2419 130
2420 228
2421 38
2422 176
2424 79
2425 69
2427 18
2428 180
2429 94
2430 18
2431 231
2432 182
2433 200
2434 19
2438 192
2440 36
2441 208
2442 110
2443 134
2445 208
2446 3
2448 39
2449 136
2450 145
2451 204
2452 47
2455 29
2457 31
2459 189
2460 19
2461 163
2462 215
2463 231
2464 39
2467 221
2468 130
2471 104
2472 149
2473 129
2474 71
2476 235
2478 18
2480 129
2482 68
2483 153
2484 160
2485 171
2486 175
2488 146
2489 9
2490 227
2491 104
2492 5
2493 115
2494 132
2495 117
2496 97
2498 107
2499 5
2501 198
2502 79
2503 58
2504 7
2505 26
2506 168
2507 73
2508 161
2510 146
2511 88
2512 39
2513 47
2514 180
2516 15
2517 145
2518 157
2519 145
2520 17
2521 128
2522 17
2524 69
2525 103
2528 110
2529 94
2531 47
2533 211
2534 147
2536 31
2537 9
2538 246
2539 17
2540 66
2541 163
2542 85
2543 27
2545 180
2547 115
2548 124
2549 132
2550 3
2551 210
2552 13
2553 75
2557 240
2558 69
2560 93
2561 175
2563 18
2565 92
2567 149
2569 51
2570 236
2572 9
2574 224
2576 142
2579 221
2580 145
2583 97
2584 220
2585 151
2586 104
2587 124
2588 182
2589 220
2590 188
2591 48
2592 72
2595 202
2596 182
2597 71
2598 3
2599 133
2601 118
2602 151
2604 213
2605 163
2606 172
2607 213
2608 207
2609 124
2610 68
2612 112
2614 3
2615 149
2617 102
2618 105
2619 144
2620 116
2621 183
2623 29
2624 151
2625 228
2626 217
2627 71
2628 201
2632 166
2633 44
2634 160
2635 230
2636 77
2637 203
2638 39
2639 244
2640 92
2642 53
2643 21
2644 40
2646 70
2648 102
2650 109
2652 244
2653 245
2654 221
2657 162
2660 141
2662 222
2664 111
2666 108
2667 143
2668 31
2670 176
2671 84
2672 207
2673 208
2674 71
2676 73
2678 207
2679 208
2680 241
2681 220
2682 208
2683 23
2685 228
2686 239
2687 168
2688 1
2689 2
2690 151
2691 138
2692 129
2693 212
2694 103
2695 92
2697 89
2698 43
2701 207
2702 71
2704 109
2705 19
2707 71
2709 122
2710 138
2711 207
2715 217
2716 85
2717 183
2718 106
2719 15
2720 134
2721 244
2722 196
2723 134
2724 168
2725 169
2726 38
2728 102
2729 101
2731 200
2732 150
2733 220
2737 85
2738 106
2739 59
2741 170
2743 23
2744 228
2745 21
2747 149
2748 17
2749 144
2750 215
2751 69
2752 185
2753 234
2755 44
2756 38
2758 166
2759 39
2760 108
2762 134
2763 75
2764 164
2765 45
2768 104
2772 143
2773 231
2775 194
2776 118
2777 162
2778 151
2779 30
2780 129
2783 207
2785 124
2786 192
2787 46
2788 140
2789 211
2791 108
2792 167
2794 241
2795 14
2796 80
2798 192
2799 23
2801 167
2802 72
2803 89
2804 24
2806 208
2807 112
2809 33
2811 115
2812 109
2813 38
2815 118
2816 162
2817 234
2818 31
2820 163
2821 152
2822 103
2823 212
2825 240
2826 39
2830 38
2831 69
2832 133
2833 1
2834 163
2835 129
2838 119
2839 106
2840 108
2843 189
2844 164
2845 183
2846 41
2848 143
2849 146
2850 9
2851 203
2854 148
2856 75
2857 219
2858 221
2859 92
2862 165
2863 209
2866 56
2867 221
2868 0
2869 246
2870 141
2871 133
2872 64
2873 230
2874 84
2875 169
2878 23
2879 36
2880 72
2882 183
2883 231
2884 208
2886 146
2887 189
2888 215
2889 64
2890 39
2892 92
2894 38
2895 95
2896 197
2898 47
2899 75
2900 103
2902 63
2904 226
2906 118
2908 31
2909 130
2912 150
2914 19
2916 0
2917 221
2918 156
2920 77
2921 129
2923 39
2925 64
2927 39
2928 32
2930 17
2931 201
2932 9
2933 0
2934 77
2936 66
2937 89
2939 145
2940 70
2941 162
2942 134
2943 67
2944 51
2945 118
2946 89
2947 89
2948 17
2950 206
2951 172
2952 110
2954 13
2955 113
2956 109
2957 132
2959 19
2960 104
2961 146
2962 172
2963 7
2964 1
2965 230
2968 141
2970 105
2971 212
2972 129
2973 19
2974 19
2975 239
2976 4
2979 131
2980 109
2986 106
2987 85
2988 129
2989 200
2990 1
2991 210
2993 228
2995 39
2996 175
2997 213
2999 0
3000 133
3001 193
3002 75
3003 208
3004 149
3005 116
3006 122
3008 23
3009 132
3010 163
3011 89
3012 19
3013 219
3014 162
3015 110
3016 119
3017 10
3021 241
3022 125
3023 18
3024 220
3025 134
3027 247
3028 213
3029 85
3030 246
3031 209
3032 144
3033 26
3036 207
3038 215
3039 24
3041 42
3042 109
3043 70
3044 211
3045 104
3046 41
3049 8
3050 36
3051 213
3052 85
3053 228
3055 132
3056 107
3057 157
3058 92
3061 93
3062 22
3063 44
3064 150
3065 75
3066 240
3068 18
3069 66
3070 220
3071 26
3072 39
3076 32
3077 213
3078 71
3079 189
3081 45
3082 1
3085 7
3086 246
3087 5
3091 111
3092 60
3094 85
3095 69
3096 72
3097 59
3098 71
3099 4
3100 116
3101 77
3102 79
3103 79
3104 182
3105 148
3106 130
3107 153
3112 71
3113 129
3114 240
3115 106
3116 88
3117 120
3118 246
3119 3
3120 19
3121 80
3122 231
3123 120
3124 85
3125 4
3127 189
3128 80
3129 104
3130 128
3131 100
3132 193
3133 115
3134 4
3135 113
3136 108
3137 178
3139 110
3140 49
3141 169
3144 89
3145 174
3146 208
3147 113
3149 193
3152 108
3153 83
3155 208
3156 97
3157 169
3158 77
3160 53
3161 88
3162 53
3163 96
3165 25
3166 95
3168 246
3169 205
3170 222
3171 48
3172 89
3173 85
3174 150
3175 8
3176 133
3177 21
3179 104
3180 84
3181 149
3183 19
3184 121
3185 207
3186 60
3187 240
3190 33
3191 148
3192 210
3193 31
3194 6
3195 77
3196 125
3197 145
3198 208
3199 42
3200 181
3202 207
3203 178
3205 44
3206 36
3207 76
3210 249
3211 193
3212 109
3214 142
3215 149
3216 214
3218 18
3219 118
3220 153
3224 246
3225 18
3226 53
3227 40
3228 182
3229 111
3230 106
3231 92
3232 19
3233 79
3235 3
3236 165
3237 123
3238 235
3239 103
3240 220
3241 1
3242 19
3243 160
3245 168
3247 145
3248 104
3249 9
3250 206
3251 246
3252 71
3253 150
3254 33
3255 240
3257 241
3258 230
3259 136
3260 181
3261 102
3262 89
3263 89
3265 113
3266 208
3269 120
3272 182
3275 49
3277 111
3278 49
3279 174
3281 129
3282 33
3284 199
3287 145
3288 9
3289 7
3290 180
3291 23
3292 94
3293 146
3294 27
3295 17
3296 4
3298 30
3299 131
3301 143
3302 149
3304 178
3305 95
3306 114
3307 151
3308 27
3309 110
3310 97
3313 206
3315 14
3316 104
3318 240
3319 206
3320 118
3321 25
3323 225
3324 104
3325 193
3327 121
3328 215
3329 35
3330 114
3332 107
3333 94
3334 220
3335 77
3336 224
3337 207
3338 149
3339 75
3340 178
3341 18
3345 169
3346 108
3348 65
3349 200
3351 88
3352 246
3353 85
3354 19
3355 19
3357 71
3358 36
3360 184
3361 149
3362 145
3363 103
3364 53
3365 108
3367 138
3368 68
3369 205
3370 222
3371 104
3372 246
3374 23
3375 145
3376 23
3377 151
3378 19
3379 89
3380 44
3381 161
3384 104
3385 76
3387 58
3388 33
3389 64
3390 96
3391 134
3392 9
3393 138
3394 134
3396 153
3397 174
3398 139
3399 49
3403 178
3404 108
3405 194
3407 194
3408 64
3409 19
3410 26
3413 224
3415 30
3416 118
3417 118
3419 89
3420 69
3423 169
3424 114
3425 23
3426 102
3427 4
3428 107
3429 160
3430 240
3432 142
3433 240
3434 59
3435 222
3436 42
3439 230
3441 124
3442 215
3443 42
3445 44
3446 205
3447 51
3448 174
3449 128
3451 19
3452 104
3453 134
3454 34
3455 5
3456 71
3457 217
3459 209
3460 58
3461 110
3462 217
3463 19
3465 33
3466 213
3467 1
3468 0
3469 17
3471 75
3472 197
3473 86
3474 226
3475 99
3476 201
3477 180
3478 189
3479 70
3480 136
3481 89
3482 210
3484 171
3487 126
3488 183
3489 189
3490 221
3493 182
3494 206
3496 208
3497 20
3498 206
3499 219
3501 71
3502 30
3503 58
3504 149
3506 39
3507 31
3508 182
3509 44
3510 129
3511 18
3512 42
3513 0
3514 219
3515 240
3516 208
3517 228
3518 103
3520 178
3521 7
3522 153
3523 110
3526 214
3528 208
3529 221
3530 7
3531 21
3532 79
3533 1
3534 88
3535 18
3536 58
3537 153
3538 129
3540 149
3541 151
3542 29
3543 207
3544 16
3546 112
3548 174
3549 58
3550 1
3551 236
3552 75
3553 64
3554 58
3555 194
3556 97
3557 31
3558 138
3559 71
3560 151
3562 64
3563 143
3564 182
3567 240
3568 70
3569 3
3571 225
3572 174
3573 39
3574 149
3575 167
3576 207
3577 31
3579 151
3580 39
3581 146
3582 213
3583 121
3584 200
3585 98
3589 7
3590 104
3591 112
3592 176
3594 36
3596 151
3597 117
3598 24
3600 38
3601 23
3603 163
3604 153
3606 92
3607 103
3608 95
3609 209
3610 121
3611 146
3612 136
3613 16
3614 73
3615 148
3616 5
3618 153
3619 19
3620 174
3621 231
3623 103
3624 97
3625 214
3627 220
3628 5
3631 56
3632 138
3633 53
3635 111
3636 145
3637 71
3638 115
3639 201
3640 17
3641 129
3643 151
3645 111
3647 240
3648 240
3649 151
3651 88
3652 220
3653 220
3655 144
3656 115
3658 151
3659 83
3660 212
3661 240
3662 15
3663 144
3665 128
3666 128
3667 47
3668 145
3669 44
3670 0
3671 189
3672 17
3673 103
3674 119
3676 22
3677 182
3678 212
3680 32
3681 151
3682 131
3683 20
3684 122
3685 103
3686 178
3687 57
3688 88
3689 208
3690 241
3691 115
3692 156
3693 107
3694 143
3695 134
3696 231
3697 47
3698 145
3699 30
3701 103
3702 228
3703 23
3704 146
3705 30
3706 190
3707 57
3708 124
3710 210
3712 48
3713 24
3714 31
3715 240
3716 34
3717 220
3718 32
3719 210
3720 126
3721 208
3722 36
3723 153
3725 93
3726 104
3727 44
3728 221
3729 58
3731 127
3732 103
3733 178
3734 153
3735 19
3737 20
3738 208
3739 19
3740 222
3741 218
3742 49
3743 4
3744 241
3745 121
3746 62
3747 212
3748 47
3750 134
3751 110
3752 30
3753 189
3754 206
3755 47
3756 153
3758 107
3759 200
3761 246
3762 19
3763 62
3765 42
3766 104
3768 201
3769 7
3770 240
3771 71
3772 109
3773 21
3774 104
3775 172
3777 121
3778 59
3779 182
3780 182
3781 167
3784 226
3785 21
3789 4
3791 70
3792 104
3793 7
3795 212
3796 201
3797 144
3799 103
3800 53
3801 64
3803 39
3804 224
3807 130
3808 130
3809 103
3810 212
3811 153
3812 9
3815 97
3816 153
3817 138
3818 27
3819 129
3820 71
3821 104
3822 193
3823 17
3824 48
3825 32
3827 152
3828 48
3829 80
3830 173
3831 206
3832 131
3834 19
3835 117
3837 38
3838 22
3839 172
3841 129
3842 58
3843 228
3844 145
3845 108
3846 19
3847 201
3848 110
3849 53
3850 103
3851 181
3852 58
3853 88
3854 30
3855 136
3856 20
3857 181
3858 132
3860 206
3861 212
3862 153
3863 117
3864 228
3865 201
3866 103
3868 240
3869 15
3870 126
3871 94
3872 246
3873 206
3875 212
3876 148
3877 240
3879 53
3880 118
3881 1
3882 23
3884 130
3885 126
3886 110
3887 83
3888 224
3889 104
3890 128
3891 153
3892 39
3895 88
3896 133
3897 116
3898 26
3899 192
3900 213
3901 209
3902 122
3903 7
3904 103
3907 64
3908 88
3909 103
3910 145
3911 126
3912 189
3913 109
3914 94
3915 210
3916 32
3917 174
3918 129
3919 169
3920 208
3921 129
3922 246
3923 176
3924 1
3925 44
3926 81
3927 171
3928 171
3929 130
3930 106
3931 79
3932 21
3933 107
3934 153
3935 153
3936 228
3937 64
3938 210
3939 228
3940 129
3941 172
3942 48
3943 117
3944 129
3945 212
3947 22
3948 58
3949 240
3950 122
3951 172
3953 88
3954 108
3955 138
3957 103
3958 20
3960 22
3961 22
3964 75
3965 20
3966 103
3967 153
3968 212
3969 108
3970 110
3971 182
3972 7
3973 58
3974 117
3977 20
3978 1
3979 209
3980 130
3981 220
3982 224
3983 107
3985 138
3986 153
3987 129
3988 69
3991 233
3992 129
3993 31
3994 20
3995 117
3996 233
3997 153
3998 88
4000 121
4001 209
4003 116
4004 1
4006 189
4007 189
4008 1
4009 133
4010 209
4011 7
4012 58
4013 121
4014 176
4015 75
4018 172
4019 58
4020 58
4021 107
4022 133
4023 103
4025 129
4026 43
4027 231
4029 103
4032 133
4033 192
4034 75
4035 145
4036 117
4037 153
4038 47
4039 64
4040 103
4041 44
4042 183
4043 88
4044 88
4045 44
4046 182
4047 228
4048 7
4049 126
4050 206
4051 53
4052 79
4053 20
4056 47
4058 145
4059 122
4060 99
4061 22
4062 31
4063 220
4064 117
4065 233
4066 233
4067 58
4068 215
4071 172
4072 228
4073 7
4074 64
4075 22
4076 110
4077 121
4078 103
4079 162
4081 208
4082 152
4084 110
4085 233
4086 237
4087 104
4089 117
4090 104
4091 1
4094 153
4095 154
4096 240
4098 19
4099 103
4100 92
4101 172
4102 72
4103 181
4104 122
4105 1
4106 121
4108 240
4109 64
4110 41
4112 15
4113 117
4114 20
4116 107
4117 30
4118 237
4119 241
4120 36
4121 182
4122 129
4123 182
4124 154
4125 228
4127 33
4128 138
4129 58
4130 7
4132 126
4133 57
4134 230
4135 122
4138 1
4139 57
4140 57
4141 62
4142 231
4143 126
4144 117
4145 237
4146 233
4147 57
4148 233
4149 117
4152 57
4154 20
4155 7
4156 248
4157 76
4158 12
4159 242
4160 199
4162 126
4163 237
4165 15
4166 233
4167 57
4168 126
4170 117
4171 32
4172 117
4173 248
4174 206
4175 126
4177 153
4178 231
4179 1
4180 230
4181 138
4182 233
4183 233
4184 237
4185 7
4186 117
4187 237
4189 203
4191 117
4192 57
4193 126
4194 126
4195 121
4196 126
4197 20
4198 233
4199 115
4200 215
4201 117
4202 154
4203 32
4204 62
4205 15
4207 117
4208 234
4209 32
4210 215
4211 237
4212 118
4213 57
4214 192
4215 32
4217 57
4218 57
4219 243
4220 126
4221 114
4222 150
4223 62
4224 233
4225 224
4226 39
4227 32
4228 233
4229 32
4230 210
4231 71
4232 53
4233 237
4234 138
4235 36
4237 110
4238 79
4239 62
4240 126
4241 121
4242 20
4243 206
4244 31
4245 215
4247 57
4248 153
4249 233
4250 112
4251 233
4252 189
4253 121
4255 20
4256 176
4257 20
4258 32
4259 225
4260 231
4261 15
4262 248
4263 39
4264 117
4265 15
4266 114
4267 117
4268 20
4269 237
4270 32
4272 114
4273 32
4274 32
4275 7
4276 126
4277 114
4278 126
4279 126
4280 233
4281 126
4282 108
4283 117
4284 47
4285 20
4286 32
4288 189
4289 215
4290 115
4292 240
4294 192
4295 189
4296 20
4297 126
4298 79
4300 117
4301 237
4302 106
4303 230
4304 114
4305 117
4306 32
4307 148
4308 243
4309 1
4310 122
4312 152
4313 233
4314 240
4315 117
4316 126
4317 243
4318 117
4319 126
4320 224
4321 117
4322 32
4323 178
4324 57
4325 32
4326 106
4327 86
4328 20
4329 126
4330 237
4334 231
4336 248
4337 248
4338 153
4339 7
4340 32
4341 1
4342 32
4343 237
4344 62
4345 195
4346 188
4347 233
4348 53
4349 117
4350 20
4351 153
4352 233
4353 57
4354 233
4355 243
4356 213
4357 20
4358 62
4359 12
4360 243
4361 12
4362 155
4363 243
4364 86
4365 243
4366 243
4367 154
4368 62
4369 37
4370 86
4371 135
4372 62
4373 243
4374 12
4375 57
4376 57
4377 12
4378 12
4379 62
4380 243
4381 57
4382 135
4383 86
4384 62
4385 154
4386 12
4387 12
4388 12
4389 243
4390 86
4391 62
4392 203
4393 57
4394 62
4395 155
4396 12
4397 154
4398 62
4399 62
4400 12
4401 12
4402 243
4403 243
4404 243
4405 12
4406 203
4407 12
4408 154
4409 135
4410 62
4411 62
4412 12
4413 12
4414 57
4415 243
4416 62
4417 57
4418 12
4419 154
4420 243
4421 177
4422 154
4423 154
4424 12
4425 243
4426 12
4427 243
4428 12
4429 62
4430 203
4431 12
4432 62
4433 62
4434 155
4435 243
4436 135
4437 62
4438 243
4439 243
4440 154
4441 154
4442 155
4443 57
4444 62
4445 203
4446 57
4447 57
4448 154
4449 154
4450 154
4451 62
4452 12
4453 243
4454 57
4455 154
4456 86
4457 57
4458 57
4459 243
4460 12
4461 155
4462 62
4463 57
4464 154
4465 62
4466 154
4467 135
4468 86
4469 154
4470 243
4471 243
4472 12
4473 12
4474 154
4475 177
4476 154
4477 154
4478 55
4479 12
4480 57
4481 57
4482 62
4483 12
4484 55
4485 243
4486 57
4487 57
4488 62
4489 62
4490 57
4491 135
4492 62
4493 243
4494 155
4495 12
4496 12
4497 12
4498 62
4499 12
4500 243
4501 12
4502 57
4503 57
4504 62
4505 62
4506 243
4507 243
4508 12
4509 12
4510 243
4511 57
4512 62
4513 62
4514 135
4515 62
4516 243
4517 37
4518 62
4519 12
4520 243
4521 155
4522 155
4523 155
4524 57
4525 243
4526 62
4527 62
4528 86
4529 55
4530 154
4531 154
4532 154
4533 78
4534 155
4535 12
4536 12
4537 243
4538 62
4539 12
4540 12
4541 155
4542 57
4543 57
4544 155
4545 12
4546 57
4547 243
4548 154
4549 154
4550 243
4551 55
4552 62
4553 243
4554 62
4555 62
4556 154
4557 57
4558 86
4559 86
4560 177
4561 57
4562 243
4563 62
4564 62
4565 154
4566 62
4567 57
4568 62
4569 243
4570 135
4571 78
4572 62
4573 55
4574 55
4575 86
4576 154
4577 243
