0 20
1 187
2 9
3 128
4 79
6 142
7 5
8 30
9 211
10 249
11 67
12 108
13 51
14 240
15 53
16 212
17 205
18 39
19 67
20 246
21 68
22 30
23 167
24 84
25 239
26 23
27 58
28 27
30 139
31 84
32 127
33 21
34 23
35 181
36 145
37 38
38 203
40 32
41 163
42 157
43 243
44 87
45 35
46 87
47 243
49 173
50 16
51 2
52 103
53 238
54 222
55 95
57 101
58 21
60 109
61 87
62 243
64 139
65 41
66 29
67 99
68 240
69 20
70 58
71 84
72 130
75 137
76 11
77 95
78 19
79 48
80 1
81 16
82 242
83 101
84 142
85 78
86 198
87 125
88 206
89 186
90 20
91 32
92 225
93 157
94 29
95 206
96 218
97 37
98 66
99 151
101 194
102 24
104 243
105 131
106 222
107 59
108 32
109 159
110 249
111 139
112 35
113 52
114 97
115 98
116 207
118 95
119 188
120 1
121 145
122 77
123 242
124 221
125 239
126 214
127 44
128 110
129 66
130 151
131 87
132 39
133 239
135 188
136 149
137 93
138 108
139 88
140 132
141 240
142 26
143 115
144 40
145 82
146 167
147 181
148 40
149 151
150 139
151 184
152 219
153 62
154 24
155 151
156 132
157 27
158 40
159 169
160 125
161 248
162 200
163 114
164 151
165 120
166 214
167 63
168 116
169 144
170 84
171 188
172 109
173 212
174 114
175 50
176 27
177 94
178 41
179 234
180 139
181 218
182 139
183 86
184 163
185 114
186 116
187 216
188 93
189 87
190 132
191 222
192 217
193 141
194 156
195 155
196 221
198 84
199 233
200 129
201 53
202 84
203 132
204 221
206 52
207 145
208 20
209 142
210 97
211 151
212 95
213 55
214 101
215 239
216 160
218 186
219 37
220 32
221 151
222 59
223 159
224 87
225 16
226 190
227 216
228 151
229 188
230 144
231 116
232 139
233 8
234 3
235 243
236 32
237 30
239 80
240 102
241 195
242 227
243 46
244 184
245 44
246 110
247 145
248 27
249 39
250 151
251 50
252 151
253 205
254 10
256 95
257 230
258 95
259 27
260 81
262 20
263 16
264 87
265 229
266 84
267 86
268 29
269 221
271 1
272 221
273 2
274 175
275 6
276 155
277 78
278 222
280 145
281 225
282 135
283 214
284 131
286 204
287 184
288 128
289 236
290 234
291 118
292 179
293 76
294 248
295 246
296 218
297 190
299 217
300 27
301 171
303 21
304 145
305 109
306 98
307 152
308 103
309 110
310 74
312 183
313 214
314 37
315 86
317 95
318 29
319 11
320 40
321 136
322 16
323 182
324 8
325 6
326 103
327 81
328 241
330 105
331 66
332 44
333 160
334 15
335 142
336 227
337 151
338 167
340 183
342 235
343 2
344 87
345 39
346 184
347 85
348 182
349 56
350 99
351 39
352 29
353 144
354 234
355 199
356 218
357 79
358 87
361 219
362 130
363 157
364 41
365 22
366 115
367 128
368 142
369 104
370 30
371 188
373 121
375 204
377 240
378 41
379 113
380 27
381 218
382 29
383 175
384 183
385 89
386 149
387 204
389 173
391 38
392 81
393 77
394 98
395 242
396 243
397 26
398 23
400 230
401 75
402 173
403 6
404 119
405 160
406 193
408 234
409 16
410 32
411 28
412 243
413 3
414 198
415 64
416 60
417 82
418 29
419 157
420 151
421 157
422 234
423 107
424 114
425 80
426 152
427 237
428 95
429 118
430 167
431 43
432 100
433 132
434 115
435 68
436 18
437 230
438 160
439 53
440 38
441 109
444 10
445 66
446 8
447 214
448 77
449 59
450 153
451 155
452 48
453 234
454 85
455 20
456 85
457 239
458 128
459 8
460 103
461 194
462 39
463 46
464 239
465 106
466 20
467 48
469 234
470 102
471 0
472 243
473 53
474 113
475 117
477 135
478 38
479 218
480 23
481 27
483 245
484 95
485 142
486 18
487 135
488 5
490 62
492 151
493 16
495 65
496 169
497 98
498 9
499 23
500 129
501 135
502 216
503 159
504 186
505 56
507 204
508 224
509 55
510 216
511 32
512 30
513 23
514 139
516 227
517 224
518 48
520 242
521 108
522 24
523 229
524 7
525 233
527 141
528 44
529 81
530 85
531 246
532 184
533 39
534 94
535 66
536 157
537 194
538 162
539 30
540 239
541 144
542 135
543 84
544 214
545 234
547 65
548 143
549 215
550 189
551 218
552 77
554 242
555 185
556 29
557 56
558 245
559 199
560 190
561 145
562 93
563 38
564 214
565 153
566 84
567 143
568 199
569 113
570 243
571 11
572 168
573 143
574 20
575 104
576 171
577 65
578 202
579 193
580 80
581 100
582 49
583 182
584 126
585 114
586 224
588 159
589 248
590 155
591 62
592 171
593 117
594 1
596 11
597 238
598 102
600 52
601 240
602 88
604 10
606 54
607 88
608 87
609 229
610 217
611 38
612 145
614 5
615 98
616 227
617 152
619 184
620 214
621 151
622 15
623 39
625 228
626 107
627 39
628 205
629 39
630 52
631 6
632 49
633 76
634 28
635 157
636 42
637 169
638 16
639 169
640 151
641 10
642 18
643 8
644 99
645 119
647 118
648 6
649 175
650 217
651 109
652 27
653 230
654 26
655 148
656 102
657 22
658 240
659 59
660 21
661 19
663 131
664 114
665 239
666 177
667 104
668 19
669 218
670 190
671 216
672 105
673 114
674 249
675 50
677 71
678 100
679 44
680 95
681 135
682 163
683 84
684 198
685 241
686 95
688 8
689 8
690 58
691 219
692 142
693 53
694 239
695 128
696 13
697 66
698 27
699 219
700 85
701 5
704 151
705 92
706 234
708 16
709 26
710 205
712 41
713 216
714 222
715 80
716 44
717 110
718 95
719 205
720 243
721 70
722 248
723 30
724 172
725 66
726 118
727 98
728 61
729 184
730 203
732 111
733 61
734 144
735 98
736 229
738 39
739 158
740 9
741 233
742 241
743 96
744 139
745 80
746 187
747 116
748 19
749 147
750 186
751 214
752 56
753 95
754 157
755 180
756 49
757 48
758 55
759 2
760 49
761 248
763 105
764 23
765 1
766 59
767 211
768 2
770 103
771 154
772 233
774 116
775 184
776 60
778 144
779 120
780 37
781 229
782 70
783 82
784 152
785 121
786 22
787 85
788 131
789 50
790 183
791 233
792 23
793 108
794 143
795 27
796 186
798 95
800 10
801 36
802 66
803 159
804 154
805 233
806 67
807 88
808 144
810 239
812 89
813 141
814 224
815 131
816 20
817 113
818 232
819 137
820 39
822 151
823 16
824 10
827 205
828 129
829 171
831 221
833 55
834 143
835 178
836 5
837 160
838 4
839 82
840 186
841 156
842 138
843 16
844 30
845 224
846 16
847 232
848 238
849 211
850 175
851 229
852 235
853 95
854 156
855 32
856 132
857 184
858 53
859 112
860 6
861 173
862 95
863 115
864 228
865 33
866 109
867 155
868 108
869 86
870 86
871 86
872 1
873 4
874 203
875 39
876 218
877 121
878 213
879 139
880 163
881 65
882 160
883 4
884 32
885 90
886 183
887 219
888 211
889 186
890 112
891 84
892 36
893 204
894 36
895 153
896 120
897 229
899 22
900 107
901 205
902 71
903 118
904 22
905 158
906 2
907 42
908 212
910 23
911 198
913 161
914 241
915 87
916 39
917 39
918 33
919 66
921 218
922 10
923 77
925 28
927 52
928 145
930 233
931 45
932 114
933 59
934 22
935 136
936 126
937 53
938 157
939 108
940 110
941 141
942 109
943 81
944 181
945 180
946 95
947 101
948 67
950 68
951 156
952 8
953 59
955 87
956 67
957 113
958 158
959 241
960 212
961 155
962 148
963 13
964 224
965 158
966 219
967 39
968 24
969 130
970 21
971 76
972 136
973 153
974 96
975 183
976 3
977 229
978 129
980 191
981 144
982 238
983 26
984 214
986 72
987 197
988 151
989 224
990 121
992 44
994 55
995 95
996 219
997 84
998 55
999 94
1000 133
1001 243
1002 193
1003 234
1004 3
1005 30
1007 109
1008 28
1010 121
1011 78
1012 76
1013 21
1014 168
1015 116
1016 203
1017 10
1018 190
1019 42
1020 237
1021 222
1022 184
1023 6
1024 1
1025 17
1026 243
1027 186
1028 57
1029 76
1030 173
1031 112
1032 6
1033 70
1034 107
1035 15
1036 152
1038 76
1039 127
1040 159
1041 188
1042 23
1043 148
1044 1
1045 62
1046 198
1047 218
1048 211
1049 98
1050 188
1052 222
1053 30
1055 77
1056 51
1059 58
1060 21
1061 212
1062 87
1063 77
1064 193
1065 33
1066 132
1067 11
1068 193
1069 48
1070 84
1071 230
1072 124
1073 154
1074 154
1075 207
1076 154
1077 118
1078 20
1079 241
1080 155
1081 232
1082 163
1083 114
1085 219
1086 211
1087 76
1088 103
1089 218
1091 38
1093 125
1094 221
1095 100
1096 62
1097 130
1098 42
1099 228
1100 98
1101 94
1102 50
1103 120
1104 41
1105 194
1106 115
1107 229
1108 156
1109 77
1110 240
1111 116
1112 205
1113 58
1114 154
1115 228
1116 25
1117 19
1118 5
1119 212
1120 143
1121 214
1122 101
1123 118
1124 86
1125 152
1126 114
1128 60
1129 126
1130 210
1131 125
1132 16
1133 107
1134 136
1135 16
1137 240
1138 10
1139 41
1140 37
1142 142
1143 190
1144 55
1145 61
1147 39
1148 186
1149 65
1151 71
1153 55
1154 242
1155 144
1156 218
1157 67
1158 241
1159 225
1160 143
1161 223
1162 238
1164 4
1165 158
1166 218
1168 206
1169 118
1170 236
1171 221
1172 49
1173 70
1174 11
1175 219
1177 68
1178 141
1180 137
1181 94
1182 129
1183 68
1184 12
1185 58
1186 87
1187 38
1188 203
1189 71
1190 154
1191 87
1193 155
1194 219
1195 219
1197 9
1199 161
1200 227
1201 23
1202 36
1203 45
1204 11
1205 19
1206 34
1207 234
1208 45
1209 205
1210 46
1212 11
1213 246
1214 70
1215 131
1217 37
1218 172
1219 157
1220 110
1221 20
1222 6
1223 59
1224 29
1225 27
1226 110
1227 39
1228 10
1229 224
1230 158
1231 20
1232 233
1233 182
1235 149
1236 86
1237 237
1238 38
1239 87
1240 128
1241 94
1242 71
1243 186
1244 174
1245 81
1247 219
1248 151
1250 100
1251 94
1252 41
1253 204
1254 147
1255 196
1256 28
1257 66
1258 179
1259 39
1261 135
1262 10
1263 64
1264 42
1265 95
1267 158
1268 4
1269 39
1270 66
1271 10
1272 241
1273 33
1274 96
1275 84
1277 15
1278 94
1279 44
1280 15
1284 121
1285 183
1286 157
1287 94
1289 105
1290 131
1291 204
1292 216
1294 66
1296 169
1297 223
1298 141
1299 130
1300 158
1302 221
1303 87
1304 189
1305 71
1306 211
1307 6
1308 142
1309 41
1310 72
1311 3
1312 1
1313 189
1314 188
1315 6
1316 110
1317 157
1318 78
1319 231
1320 6
1321 37
1322 35
1323 223
1325 213
1326 239
1328 24
1329 86
1330 128
1331 88
1332 35
1334 109
1335 131
1336 213
1338 33
1339 221
1340 240
1341 202
1342 51
1343 94
1344 5
1345 194
1346 192
1347 81
1348 19
1349 85
1351 219
1352 93
1354 30
1355 214
1356 218
1357 140
1359 107
1360 3
1363 33
1364 38
1365 85
1366 85
1367 80
1368 10
1369 124
1370 112
1371 225
1372 85
1373 243
1374 186
1376 80
1377 59
1378 159
1379 109
1381 204
1382 121
1383 188
1384 157
1385 232
1386 214
1387 77
1389 42
1390 198
1391 29
1392 109
1394 142
1395 84
1396 227
1398 56
1399 218
1400 40
1401 29
1402 39
1403 76
1404 38
1405 231
1406 135
1407 144
1408 105
1409 126
1410 143
1413 85
1414 243
1415 222
1416 93
1417 61
1419 234
1420 232
1421 24
1422 143
1423 32
1424 10
1425 84
1426 225
1427 155
1428 59
1429 76
1430 156
1431 187
1432 39
1434 129
1436 4
1437 135
1438 84
1439 66
1440 156
1441 126
1442 87
1443 0
1444 94
1445 186
1446 129
1447 42
1448 130
1449 240
1451 77
1453 96
1455 10
1457 143
1458 8
1459 107
1460 200
1461 156
1462 72
1463 8
1464 44
1465 101
1466 94
1467 142
1468 9
1469 37
1470 159
1471 12
1472 77
1473 22
1474 230
1475 239
1476 95
1477 92
1478 1
1479 158
1480 39
1482 188
1483 72
1485 161
1486 41
1487 160
1488 46
1489 196
1490 89
1491 128
1493 173
1494 125
1495 5
1496 6
1497 159
1499 238
1500 33
1501 178
1502 145
1503 151
1504 55
1505 173
1506 25
1507 156
1508 95
1509 225
1510 248
1511 55
1513 236
1515 241
1516 109
1517 141
1518 235
1519 243
1520 163
1522 243
1524 110
1525 48
1526 182
1528 44
1529 141
1530 240
1531 50
1532 157
1533 128
1534 86
1535 39
1536 214
1537 10
1538 71
1540 244
1542 35
1543 109
1544 43
1545 239
1546 102
1547 87
1548 45
1551 240
1552 211
1553 120
1554 239
1555 38
1558 61
1559 65
1560 98
1561 228
1562 85
1563 208
1564 86
1565 127
1566 66
1567 182
1568 4
1569 177
1570 148
1571 6
1572 213
1573 226
1574 85
1576 60
1577 58
1578 3
1579 95
1580 248
1581 141
1582 104
1583 222
1586 198
1587 4
1589 182
1590 87
1592 10
1593 36
1594 115
1596 148
1598 39
1599 52
1600 26
1601 210
1602 190
1604 112
1605 52
1606 29
1608 72
1609 72
1610 55
1612 232
1613 62
1614 238
1616 240
1617 174
1619 95
1620 231
1621 212
1622 199
1623 172
1624 186
1625 216
1626 29
1627 46
1628 178
1629 143
1630 108
1631 95
1632 179
1633 198
1634 239
1635 215
1637 131
1638 218
1639 158
1640 139
1641 74
1643 116
1644 240
1645 41
1647 35
1648 214
1650 36
1652 239
1653 36
1654 104
1655 70
1656 148
1657 42
1658 33
1659 4
1660 156
1661 13
1662 49
1663 24
1664 35
1665 216
1666 46
1667 22
1668 167
1669 121
1670 152
1671 67
1672 126
1673 22
1674 239
1675 188
1676 74
1677 20
1678 222
1679 216
1680 82
1681 248
1682 128
1684 38
1685 87
1686 167
1687 48
1688 30
1689 110
1690 95
1691 222
1692 161
1693 90
1694 222
1695 135
1697 68
1698 85
1699 143
1701 85
1702 74
1704 27
1706 215
1707 237
1709 39
1711 58
1712 225
1713 188
1714 46
1715 129
1716 211
1717 158
1718 151
1719 211
1720 157
1721 85
1722 223
1723 36
1724 1
1726 205
1727 175
1728 3
1729 240
1730 152
1732 233
1733 11
1734 129
1735 29
1736 174
1737 56
1738 79
1739 234
1740 238
1741 59
1743 13
1744 202
1745 88
1747 128
1750 158
1751 216
1753 5
1754 72
1755 70
1756 86
1758 160
1759 29
1760 156
1761 154
1762 85
1763 21
1764 68
1765 204
1766 123
1767 112
1768 206
1769 221
1770 216
1771 167
1772 136
1773 241
1774 25
1775 234
1776 33
1777 183
1778 223
1779 153
1780 187
1782 87
1783 188
1784 68
1785 87
1788 24
1789 140
1790 74
1793 56
1794 74
1797 153
1798 88
1799 38
1800 56
1802 35
1803 141
1804 86
1805 228
1809 156
1810 127
1811 96
1813 230
1814 23
1815 156
1816 0
1817 183
1818 212
1819 15
1820 30
1822 86
1823 148
1824 17
1825 159
1826 22
1827 50
1828 86
1829 214
1831 109
1832 142
1833 27
1834 30
1835 79
1838 79
1840 162
1842 10
1843 44
1844 96
1845 132
1847 86
1848 85
1849 85
1850 52
1851 128
1852 99
1853 16
1854 85
1855 186
1856 27
1857 137
1858 3
1862 198
1863 183
1864 237
1865 62
1866 111
1867 94
1868 154
1869 235
1870 95
1871 11
1873 118
1874 202
1875 142
1876 104
1877 110
1878 201
1879 173
1880 94
1881 39
1882 96
1884 240
1885 130
1886 224
1887 17
1888 38
1889 184
1890 159
1891 243
1892 143
1893 38
1894 43
1895 93
1897 87
1898 55
1899 136
1900 41
1901 183
1902 232
1904 234
1906 216
1907 136
1910 228
1913 228
1914 11
1915 87
1917 26
1918 205
1919 233
1921 208
1922 118
1923 94
1924 204
1925 33
1926 145
1928 85
1929 133
1930 187
1931 211
1933 27
1934 87
1936 95
1937 159
1938 142
1939 94
1940 172
1941 201
1942 169
1943 46
1944 127
1946 248
1947 133
1948 39
1949 96
1950 107
1951 219
1952 248
1953 25
1955 151
1956 100
1957 231
1959 172
1960 249
1962 41
1963 152
1966 44
1967 107
1968 0
1969 57
1971 78
1972 172
1973 115
1974 0
1975 9
1976 211
1977 206
1978 112
1979 28
1980 95
1981 59
1982 65
1983 135
1984 235
1985 170
1986 27
1987 22
1989 156
1991 158
1992 162
1993 211
1994 207
1995 180
1996 169
1997 23
1998 43
1999 153
2000 204
2001 55
2002 104
2003 154
2004 77
2005 156
2006 218
2007 93
2008 22
2009 183
2010 27
2011 120
2012 2
2014 65
2015 186
2016 230
2017 45
2019 182
2020 18
2021 104
2022 152
2024 54
2025 234
2027 9
2028 104
2029 33
2030 232
2031 96
2032 70
2033 158
2035 139
2036 225
2040 132
2041 45
2042 186
2044 197
2045 131
2046 4
2047 239
2051 44
2053 37
2054 36
2055 127
2056 27
2057 218
2058 80
2059 167
2060 135
2061 74
2062 118
2065 55
2067 87
2068 140
2071 135
2072 79
2073 216
2074 151
2075 197
2076 152
2077 152
2078 112
2079 236
2081 121
2083 52
2084 188
2085 160
2086 118
2087 88
2088 129
2090 101
2091 89
2092 60
2093 171
2094 215
2095 237
2096 39
2097 29
2098 109
2099 88
2100 169
2101 128
2102 11
2103 108
2105 224
2106 104
2107 10
2108 39
2109 26
2110 221
2111 59
2113 88
2115 0
2116 104
2118 54
2119 105
2121 94
2122 4
2123 51
2124 45
2125 157
2126 223
2127 95
2128 114
2129 37
2130 179
2131 153
2132 44
2133 184
2134 206
2135 248
2136 8
2140 204
2141 158
2142 177
2143 212
2146 35
2147 103
2148 97
2150 44
2152 130
2153 78
2154 21
2155 212
2156 186
2157 103
2158 229
2159 107
2161 167
2162 151
2163 138
2164 68
2165 217
2166 204
2167 115
2168 173
2169 224
2170 96
2171 148
2173 137
2174 5
2178 212
2179 98
2182 119
2183 130
2184 186
2185 75
2186 177
2187 141
2188 1
2189 56
2190 114
2191 41
2192 76
2193 148
2194 38
2195 38
2197 48
2198 208
2200 84
2202 5
2204 151
2205 186
2206 224
2207 55
2210 233
2211 95
2213 60
2214 120
2217 159
2218 1
2220 101
2221 96
2223 24
2224 14
2226 177
2227 37
2228 214
2229 224
2231 37
2232 77
2233 229
2234 175
2235 179
2236 211
2237 41
2239 10
2240 88
2241 21
2244 76
2245 129
2246 119
2248 173
2249 173
2251 98
2252 218
2253 129
2255 26
2256 221
2257 211
2258 77
2259 6
2260 60
2261 184
2262 94
2263 30
2265 59
2266 153
2267 142
2268 183
2269 186
2270 54
2271 45
2272 67
2273 239
2274 165
2275 142
2276 222
2277 190
2278 130
2280 33
2281 151
2282 152
2283 248
2284 232
2285 186
2286 41
2287 213
2288 193
2290 22
2291 37
2292 130
2294 139
2298 219
2299 148
2300 130
2302 107
2303 225
2304 98
2305 241
2306 208
2307 79
2308 10
2309 27
2310 33
2311 65
2312 39
2314 19
2315 197
2316 51
2317 138
2318 218
2320 65
2323 188
2324 216
2325 212
2327 0
2329 160
2331 4
2332 23
2334 45
2335 67
2336 30
2337 195
2338 67
2339 175
2340 227
2341 68
2342 112
2343 80
2344 42
2345 154
2346 0
2350 142
2351 130
2353 70
2354 184
2355 79
2356 190
2357 109
2359 162
2360 222
2361 16
2362 199
2363 126
2364 222
2365 173
2367 234
2368 210
2369 123
2370 59
2371 248
2372 32
2373 232
2374 21
2376 197
2377 90
2379 187
2381 88
2383 139
2385 217
2386 228
2387 158
2388 223
2389 95
2390 130
2391 9
2393 77
2395 18
2397 81
2398 227
2399 80
2400 135
2401 204
2402 162
2403 59
2404 145
2405 177
2406 162
2407 148
2408 103
2409 10
2410 155
2411 94
2413 217
2414 112
2415 39
2418 35
2419 0
2420 213
2421 36
2422 230
2424 86
2425 48
2427 205
2428 144
2429 148
2430 37
2431 51
2432 65
2433 22
2434 4
2438 234
2440 228
2441 112
2442 175
2443 86
2445 68
2446 144
2448 18
2449 12
2450 211
2451 177
2452 133
2455 5
2457 217
2459 29
2460 59
2461 67
2462 153
2463 56
2464 56
2467 95
2468 110
2471 98
2472 151
2473 18
2474 107
2476 79
2478 37
2479 104
2480 68
2482 79
2483 49
2484 171
2485 67
2486 24
2488 226
2489 158
2490 120
2491 59
2492 67
2493 221
2494 6
2495 75
2496 186
2498 65
2499 81
2501 144
2502 26
2503 178
2504 102
2505 39
2506 249
2507 172
2508 160
2510 154
2511 64
2512 173
2513 51
2514 144
2516 72
2517 248
2518 113
2519 104
2520 206
2521 189
2522 220
2524 142
2525 80
2528 175
2529 55
2531 51
2533 37
2534 74
2536 184
2537 158
2538 30
2539 141
2540 148
2541 26
2542 173
2543 84
2545 144
2547 4
2548 154
2549 167
2550 15
2551 52
2552 235
2553 143
2557 179
2558 221
2560 84
2561 120
2563 76
2565 94
2567 62
2569 58
2570 32
2572 194
2574 202
2576 157
2579 143
2580 248
2583 228
2584 4
2585 248
2586 59
2587 76
2588 19
2589 211
2590 231
2591 44
2592 62
2595 165
2596 118
2597 56
2598 15
2599 129
2601 211
2602 216
2604 184
2605 204
2606 174
2607 87
2608 142
2609 131
2610 79
2612 142
2614 24
2615 39
2617 130
2618 58
2619 148
2620 36
2621 54
2623 30
2624 104
2625 64
2626 5
2627 107
2628 220
2631 18
2632 113
2633 154
2634 109
2635 11
2636 173
2637 33
2638 212
2639 1
2640 103
2642 110
2643 88
2644 138
2646 183
2648 141
2650 129
2652 1
2653 126
2654 151
2657 55
2660 144
2661 107
2662 152
2664 224
2665 119
2666 239
2667 186
2668 85
2670 87
2671 206
2672 48
2673 59
2674 56
2676 172
2677 80
2678 142
2679 33
2680 198
2681 39
2682 33
2683 213
2685 179
2686 2
2687 113
2688 104
2689 97
2690 211
2691 133
2692 56
2693 18
2694 104
2695 103
2697 143
2698 230
2701 48
2702 210
2704 38
2705 158
2707 107
2709 72
2710 130
2711 48
2715 131
2716 52
2717 72
2718 228
2719 180
2720 228
2721 1
2722 131
2723 228
2724 113
2725 186
2726 118
2728 204
2729 10
2731 229
2732 154
2733 4
2737 133
2738 67
2739 76
2741 193
2742 150
2743 26
2744 213
2745 222
2747 39
2748 141
2749 148
2750 116
2751 59
2752 126
2753 142
2755 156
2756 156
2758 37
2759 107
2760 4
2762 54
2763 85
2764 181
2765 14
2768 216
2769 78
2772 41
2773 56
2775 148
2776 218
2777 19
2778 4
2779 225
2780 107
2783 218
2785 131
2786 0
2787 132
2788 2
2789 5
2791 239
2792 173
2794 108
2795 236
2796 32
2798 0
2799 67
2801 173
2802 243
2803 216
2804 88
2806 33
2807 23
2809 0
2811 184
2812 38
2813 55
2815 151
2816 19
2817 16
2818 230
2820 179
2821 170
2822 187
2823 196
2825 102
2826 212
2830 156
2831 221
2832 161
2833 78
2834 67
2835 107
2838 198
2839 180
2840 239
2843 29
2844 121
2845 232
2846 10
2848 81
2849 205
2850 77
2851 80
2854 237
2856 237
2857 156
2858 139
2859 128
2862 155
2863 17
2866 114
2867 62
2868 148
2869 19
2870 15
2871 152
2872 154
2873 130
2874 84
2875 3
2878 41
2879 219
2880 246
2881 80
2882 11
2883 63
2884 85
2886 13
2887 112
2888 153
2889 154
2890 240
2892 52
2894 36
2895 213
2896 117
2898 130
2899 112
2900 78
2902 207
2904 152
2906 77
2908 85
2909 133
2912 238
2914 158
2916 118
2917 39
2918 24
2920 212
2921 196
2922 56
2923 107
2925 231
2927 29
2928 49
2930 52
2931 162
2932 241
2933 19
2934 87
2936 36
2937 216
2939 239
2940 229
2941 156
2942 204
2943 16
2944 6
2945 39
2946 143
2947 95
2948 130
2950 59
2951 174
2952 70
2954 60
2955 230
2956 222
2957 120
2959 158
2960 4
2961 205
2962 174
2963 72
2964 20
2965 86
2968 60
2970 58
2971 18
2972 18
2973 158
2974 33
2975 182
2976 175
2979 246
2980 152
2986 114
2987 234
2988 68
2989 22
2990 104
2991 51
2993 213
2995 33
2996 24
2997 188
2999 118
3000 118
3001 189
3002 85
3003 98
3004 39
3005 55
3006 162
3008 67
3009 6
3010 86
3011 216
3012 98
3013 5
3014 76
3015 110
3016 219
3017 136
3018 248
3021 198
3022 206
3023 101
3024 139
3025 228
3027 207
3028 184
3029 240
3030 37
3031 64
3032 148
3033 151
3035 175
3036 77
3038 237
3039 222
3041 1
3042 222
3043 44
3044 135
3045 158
3046 55
3049 203
3050 225
3051 214
3052 212
3053 228
3055 120
3056 19
3057 249
3058 232
3061 84
3062 0
3063 19
3064 41
3065 158
3066 162
3068 186
3069 36
3070 239
3071 151
3072 153
3076 18
3077 184
3078 49
3079 230
3081 14
3082 78
3085 111
3086 114
3087 3
3091 154
3092 155
3094 234
3095 221
3096 132
3097 154
3098 107
3099 94
3100 55
3101 87
3102 228
3103 86
3104 65
3105 59
3106 70
3107 210
3112 175
3113 18
3114 232
3115 225
3116 164
3117 1
3118 67
3119 24
3120 217
3121 16
3122 175
3123 222
3124 212
3125 173
3127 33
3128 184
3129 158
3130 189
3131 123
3132 88
3133 217
3134 29
3135 16
3136 239
3137 173
3139 197
3140 126
3141 93
3144 95
3145 211
3146 237
3147 116
3149 79
3152 248
3153 238
3155 153
3156 149
3157 3
3158 87
3160 107
3161 154
3162 110
3163 229
3165 69
3166 93
3168 205
3169 97
3170 45
3171 137
3172 216
3173 52
3174 3
3175 249
3176 161
3177 79
3179 221
3180 81
3181 95
3183 59
3184 248
3185 142
3186 155
3187 215
3190 52
3191 184
3192 9
3193 240
3194 157
3195 173
3196 163
3197 39
3198 33
3199 1
3200 189
3202 221
3203 234
3205 161
3206 159
3207 114
3210 10
3211 35
3212 38
3214 243
3215 95
3216 195
3218 205
3219 151
3220 204
3224 205
3225 131
3226 52
3227 2
3228 19
3229 231
3230 225
3231 234
3232 158
3233 26
3234 248
3235 167
3236 235
3237 53
3238 22
3239 20
3240 239
3241 104
3242 216
3243 82
3245 114
3247 27
3248 216
3249 158
3250 59
3251 114
3252 49
3253 225
3254 133
3255 223
3257 234
3258 11
3259 42
3260 35
3261 228
3262 77
3263 39
3265 184
3266 153
3269 222
3270 215
3272 192
3275 74
3277 224
3278 42
3279 85
3281 18
3282 89
3284 131
3287 104
3288 158
3289 215
3290 235
3291 205
3292 148
3293 67
3294 94
3295 234
3296 173
3298 64
3299 151
3301 3
3302 139
3304 212
3305 86
3306 162
3307 4
3308 94
3309 175
3310 159
3313 68
3315 163
3316 211
3318 51
3319 80
3320 211
3321 69
3323 130
3324 142
3325 88
3327 104
3328 237
3329 114
3330 54
3332 224
3333 148
3334 239
3335 212
3336 130
3337 48
3338 143
3339 153
3340 0
3341 186
3345 195
3346 4
3348 137
3349 22
3351 213
3352 225
3353 49
3354 4
3355 59
3357 63
3358 159
3360 235
3361 77
3362 239
3363 104
3364 173
3365 239
3367 52
3368 35
3369 209
3370 36
3371 85
3372 154
3374 114
3375 27
3376 225
3377 4
3378 158
3379 216
3380 55
3381 183
3384 221
3385 114
3387 179
3388 134
3389 226
3390 181
3391 11
3392 216
3393 70
3394 11
3396 162
3397 142
3398 84
3399 74
3403 212
3404 27
3405 45
3407 222
3408 224
3409 33
3410 62
3413 204
3414 215
3415 26
3416 95
3417 95
3419 77
3420 85
3423 113
3424 111
3425 26
3426 141
3427 110
3428 205
3429 169
3430 49
3432 157
3433 17
3434 231
3435 152
3436 22
3439 54
3441 135
3442 98
3443 38
3445 154
3446 92
3447 126
3448 158
3449 140
3451 59
3452 4
3453 232
3454 206
3455 113
3456 52
3457 131
3459 17
3460 17
3461 223
3462 82
3463 158
3465 51
3466 237
3467 187
3468 118
3469 204
3471 29
3472 121
3473 196
3474 88
3475 40
3476 102
3477 15
3478 68
3479 1
3480 12
3481 39
3482 51
3484 226
3485 196
3486 18
3487 196
3488 204
3489 29
3490 139
3492 102
3493 13
3494 112
3496 112
3497 208
3498 80
3499 5
3501 175
3502 96
3503 13
3504 151
3506 175
3507 85
3508 225
3509 156
3510 80
3511 41
3512 183
3513 118
3514 156
3515 51
3516 33
3517 179
3518 187
3520 173
3521 102
3522 56
3523 70
3524 174
3526 55
3528 107
3529 139
3530 134
3531 88
3532 228
3533 104
3534 64
3535 41
3536 180
3537 162
3538 107
3540 95
3541 4
3542 30
3543 142
3544 12
3546 194
3548 237
3549 134
3550 187
3551 84
3552 237
3553 154
3554 202
3555 36
3556 219
3557 214
3558 9
3559 49
3560 248
3562 36
3563 26
3564 65
3567 215
3568 144
3569 144
3570 197
3571 51
3572 112
3573 197
3574 77
3575 68
3576 221
3577 214
3579 239
3580 68
3581 41
3582 184
3583 4
3584 227
3585 22
3589 51
3590 59
3591 48
3592 240
3594 114
3596 4
3597 78
3598 79
3600 135
3601 225
3603 17
3604 108
3606 234
3607 248
3608 159
3609 232
3610 187
3611 65
3612 42
3613 42
3614 43
3615 59
3616 225
3618 162
3619 33
3620 98
3621 9
3623 104
3624 159
3625 30
3627 239
3628 81
3631 159
3632 133
3633 175
3635 135
3636 239
3637 49
3638 216
3639 174
3640 141
3641 175
3643 239
3645 156
3647 179
3648 72
3649 104
3651 64
3652 139
3653 239
3654 215
3655 148
3656 77
3658 239
3659 37
3660 18
3661 223
3662 54
3663 38
3665 35
3666 35
3667 232
3668 211
3669 192
3670 161
3671 184
3672 11
3673 78
3674 219
3676 70
3677 13
3678 196
3680 18
3681 80
3682 241
3683 119
3684 17
3685 106
3686 49
3687 75
3688 13
3689 112
3690 72
3691 158
3692 74
3693 192
3694 156
3695 179
3696 63
3697 102
3698 27
3699 64
3700 17
3701 187
3702 17
3703 41
3704 19
3705 26
3706 103
3707 75
3708 154
3710 223
3712 144
3713 222
3714 85
3715 162
3716 11
3717 248
3718 196
3719 102
3720 187
3721 18
3722 114
3723 162
3724 63
3725 125
3726 143
3727 156
3728 139
3729 202
3731 25
3732 80
3733 145
3734 197
3735 98
3737 208
3738 18
3739 59
3740 45
3741 123
3742 42
3743 0
3744 21
3745 248
3746 75
3747 196
3748 52
3750 54
3751 70
3752 225
3753 116
3754 112
3755 70
3756 210
3758 13
3759 121
3760 174
3761 41
3762 98
3763 75
3765 88
3766 59
3767 18
3768 102
3769 17
3770 225
3771 56
3772 129
3773 88
3774 216
3775 56
3777 80
3778 224
3779 96
3780 192
3781 173
3784 222
3785 45
3789 0
3790 174
3791 189
3792 98
3793 162
3795 153
3796 202
3797 233
3799 104
3800 110
3801 13
3802 196
3803 68
3804 130
3807 247
3808 197
3809 187
3810 196
3811 174
3812 143
3815 26
3816 111
3817 197
3818 87
3819 175
3820 223
3821 158
3822 189
3823 206
3824 24
3825 18
3826 112
3827 120
3828 137
3829 16
3830 21
3831 119
3832 23
3834 59
3835 106
3837 156
3838 70
3839 70
3841 107
3842 17
3843 17
3844 27
3845 27
3846 248
3847 102
3848 70
3849 175
3850 78
3851 189
3852 134
3853 96
3854 64
3855 40
3856 34
3857 183
3858 24
3860 80
3861 18
3862 133
3863 106
3864 54
3865 215
3866 80
3868 215
3869 17
3870 106
3871 38
3872 67
3873 119
3874 102
3875 18
3876 173
3877 134
3878 80
3879 133
3880 4
3881 187
3882 13
3883 34
3884 63
3885 7
3886 223
3887 3
3888 72
3889 33
3890 189
3891 90
3892 56
3895 64
3896 192
3897 36
3898 139
3899 133
3900 18
3901 134
3902 102
3903 150
3904 119
3907 192
3908 13
3909 187
3910 80
3911 78
3912 18
3913 36
3914 135
3915 223
3916 63
3917 33
3918 18
3919 41
3920 68
3921 174
3922 41
3923 29
3924 187
3925 161
3926 79
3927 192
3928 19
3929 247
3930 96
3931 202
3932 152
3933 13
3934 174
3935 174
3936 179
3937 13
3938 54
3939 134
3940 112
3941 174
3942 183
3943 78
3944 196
3945 119
3946 174
3947 63
3948 134
3949 102
3950 134
3951 174
3953 202
3954 27
3955 247
3957 208
3958 119
3960 51
3961 31
3963 107
3964 68
3965 18
3966 119
3967 223
3968 196
3969 104
3970 197
3971 213
3972 90
3973 134
3974 208
3977 196
3978 187
3979 134
3980 197
3981 239
3982 232
3983 96
3985 49
3986 162
3987 196
3988 80
3989 112
3991 34
3992 107
3993 85
3994 119
3995 187
3996 34
3997 162
3998 64
3999 187
4000 104
4001 134
4002 208
4003 118
4004 106
4006 112
4007 153
4008 187
4009 161
4010 64
4011 174
4012 202
4013 248
4014 173
4015 33
4018 63
4019 102
4020 202
4021 226
4022 192
4023 80
4025 56
4026 173
4027 63
4029 208
4032 45
4033 130
4034 59
4035 4
4036 78
4037 162
4038 133
4039 192
4040 208
4041 161
4042 133
4043 202
4044 64
4045 161
4046 64
4047 179
4048 90
4049 78
4050 80
4051 133
4052 179
4053 208
4054 187
4055 162
4056 179
4057 196
4058 80
4059 90
4060 185
4061 133
4062 237
4063 4
4064 208
4065 201
4066 196
4067 90
4068 187
4071 63
4072 134
4073 162
4074 192
4075 56
4076 175
4077 248
4078 119
4079 192
4081 4
4082 120
4083 7
4084 197
4085 201
4086 187
4087 59
4089 75
4090 59
4091 187
4092 111
4093 34
4094 63
4095 34
4096 90
4097 78
4098 80
4099 187
4100 52
4101 197
4102 194
4103 140
4104 162
4105 187
4106 4
4107 78
4108 102
4109 180
4110 222
4112 72
4113 208
4114 196
4115 80
4116 13
4117 179
4118 119
4119 52
4120 149
4121 67
4122 18
4123 64
4124 34
4125 134
4126 162
4127 179
4128 174
4129 102
4130 162
4131 162
4132 201
4133 75
4134 47
4135 150
4136 75
4137 7
4138 208
4139 75
4140 75
4141 106
4142 31
4143 106
4144 7
4145 208
4146 201
4147 106
4148 7
4149 7
4150 201
4151 106
4152 75
4153 34
4154 7
4155 150
4156 47
4157 176
4158 75
4159 166
4160 122
4161 201
4162 106
4163 106
4164 106
4165 47
4166 7
4167 75
4168 7
4169 47
4170 201
4171 34
4172 7
4173 47
4174 119
4175 208
4176 201
4177 31
4178 31
4179 106
4180 83
4181 247
4182 201
4183 75
4184 119
4185 150
4186 208
4187 119
4188 150
4189 247
4190 146
4191 201
4192 75
4193 119
4194 106
4195 187
4196 106
4197 34
4198 7
4199 104
4200 106
4201 106
4202 201
4203 201
4204 75
4205 146
4206 106
4207 106
4208 73
4209 201
4210 119
4211 119
4212 104
4213 106
4214 247
4215 34
4216 31
4217 75
4218 106
4219 75
4220 106
4221 34
4222 176
4223 75
4224 75
4225 146
4226 34
4227 34
4228 106
4229 201
4230 146
4231 247
4232 247
4233 106
4234 34
4235 164
4236 201
4237 150
4238 47
4239 75
4240 106
4241 104
4242 201
4243 119
4244 73
4245 73
4246 150
4247 75
4248 150
4249 75
4250 73
4251 201
4252 119
4253 187
4254 7
4255 7
4256 73
4257 106
4258 201
4259 146
4260 146
4261 47
4262 47
4263 247
4264 106
4265 146
4266 146
4267 106
4268 208
4269 187
4270 201
4271 201
4272 31
4273 201
4274 7
4275 150
4276 106
4277 31
4278 7
4279 201
4280 34
4281 208
4282 104
4283 106
4284 31
4285 119
4286 201
4287 150
4288 119
4289 34
4290 119
4291 201
4292 146
4293 201
4294 31
4295 73
4296 119
4297 75
4298 83
4299 106
4300 75
4301 73
4302 164
4303 47
4304 146
4305 201
4306 150
4307 247
4308 75
4309 187
4310 146
4311 7
4312 91
4313 106
4314 146
4315 106
4316 208
4317 75
4318 106
4319 106
4320 47
4321 187
4322 201
4323 31
4324 75
4325 201
4326 164
4327 75
4328 106
4329 119
4330 119
4331 106
4332 201
4333 75
4334 247
4335 201
4336 83
4337 47
4338 150
4339 146
4340 201
4341 187
4342 201
4343 106
4344 75
4345 73
4346 83
4347 201
4348 247
4349 106
4350 106
4351 150
4352 106
4353 75
4354 106
4355 75
4356 73
4357 78
4358 106
