0 63
1 -1
2 -1
3 0
4 0
5 1
6 -1
7 2
8 -1
9 1
10 0
11 3
12 -1
13 -1
14 3
15 3
16 4
17 -1
18 -1
19 -1
20 59
21 -1
22 1
23 -1
24 4
25 3
26 -1
27 -1
28 -1
29 0
30 3
31 0
32 5
33 0
34 -1
35 6
36 6
37 0
38 4
39 48
40 -1
41 -1
42 -1
43 -1
44 0
45 3
46 7
47 -1
48 0
49 0
50 -1
51 -1
52 2
53 -1
54 4
55 0
56 4
57 8
58 4
59 0
60 4
61 9
62 -1
63 0
64 -1
65 3
66 48
67 0
68 -1
69 -1
70 10
71 -1
72 11
73 3
74 55
75 7
76 3
77 3
78 6
79 12
80 3
81 3
82 0
83 3
84 0
85 -1
86 65
87 13
88 -1
89 7
90 3
91 67
92 -1
93 0
94 4
95 3
96 3
97 3
98 0
99 4
100 -1
101 -1
102 4
103 -1
104 14
105 15
106 73
107 0
108 48
109 -1
110 -1
111 3
112 53
113 4
114 -1
115 3
116 -1
117 3
118 -1
119 -1
120 6
121 -1
122 0
123 -1
124 -1
125 -1
126 16
127 17
128 4
129 -1
130 3
131 -1
132 3
133 -1
134 -1
135 -1
136 0
137 4
138 -1
139 3
140 0
141 1
142 4
143 -1
144 -1
145 -1
146 3
147 -1
148 0
149 0
150 0
151 -1
152 -1
153 0
154 -1
155 3
156 3
157 3
158 4
159 41
160 -1
161 3
162 3
163 0
164 16
165 0
166 3
167 4
168 4
169 0
170 -1
171 0
172 3
173 -1
174 -1
175 0
176 3
177 -1
178 3
179 18
180 0
181 0
182 3
183 3
184 19
185 0
186 0
187 -1
188 4
189 -1
190 3
191 -1
192 3
193 0
194 3
195 -1
196 20
197 21
198 71
199 63
200 64
201 4
202 3
203 -1
204 22
205 4
206 0
207 -1
208 3
209 23
210 -1
211 -1
212 0
213 4
214 3
215 3
216 4
217 -1
218 24
219 6
220 3
221 -1
222 18
223 -1
224 -1
225 7
226 -1
227 0
228 25
229 4
230 26
231 27
232 0
233 0
234 -1
235 14
236 4
237 -1
238 26
239 4
240 3
241 0
242 -1
243 -1
244 4
245 28
246 29
247 0
248 28
249 8
250 3
251 30
252 -1
253 -1
254 48
255 4
256 -1
257 -1
258 -1
259 -1
260 -1
261 3
262 3
263 0
264 6
265 3
266 4
267 66
268 0
269 -1
270 4
271 4
272 -1
273 0
274 -1
275 -1
276 4
277 -1
278 -1
279 0
280 31
281 32
282 3
283 3
284 3
285 -1
286 3
287 -1
288 6
289 0
290 -1
291 26
292 3
293 3
294 3
295 3
296 0
297 4
298 3
299 33
301 4
302 0
303 6
304 34
305 -1
306 0
307 0
308 3
309 -1
310 -1
311 -1
312 49
313 3
314 3
315 35
316 -1
317 0
318 -1
319 -1
320 0
321 36
322 -1
323 10
324 3
325 4
326 29
327 0
328 3
329 0
330 51
331 -1
332 -1
333 4
334 3
335 -1
336 3
337 3
338 -1
339 -1
340 0
341 3
342 -1
343 16
344 11
345 3
346 -1
347 0
348 -1
349 -1
350 73
351 0
352 -1
353 68
354 0
355 0
356 -1
357 -1
358 37
359 -1
360 3
361 -1
362 -1
363 -1
364 -1
365 3
366 -1
367 -1
368 2
369 3
370 0
371 4
372 3
373 -1
374 4
375 -1
376 0
377 1
378 -1
379 4
380 -1
381 3
382 3
383 3
384 4
385 38
386 6
387 3
388 3
389 -1
390 39
391 0
392 28
393 -1
394 -1
395 1
396 3
397 0
398 3
399 -1
400 -1
401 -1
402 -1
403 4
404 0
405 3
406 4
407 13
408 40
409 41
410 1
411 42
412 3
413 1
414 -1
415 4
416 51
417 -1
418 18
419 -1
420 4
421 4
422 43
423 0
424 0
425 6
426 4
427 3
428 -1
429 3
430 4
431 44
432 3
433 0
434 3
435 0
436 3
437 -1
438 4
439 -1
440 3
441 0
442 -1
443 -1
444 0
445 3
446 70
447 -1
448 3
449 0
450 3
451 -1
452 4
453 -1
454 4
455 -1
456 -1
457 4
458 -1
459 0
460 4
461 0
462 1
463 3
464 -1
465 63
466 0
467 4
468 11
469 -1
470 4
471 3
472 4
473 1
474 11
475 4
476 -1
477 -1
478 -1
479 3
480 4
481 0
482 4
483 45
484 0
485 0
486 -1
487 46
488 3
489 3
490 4
491 3
492 -1
493 -1
494 0
495 4
496 -1
497 -1
498 3
499 -1
500 -1
501 47
502 11
503 3
504 0
505 4
506 -1
507 4
508 3
509 4
510 -1
511 -1
512 -1
513 3
514 -1
515 4
516 4
517 4
518 4
519 0
520 -1
521 -1
522 1
523 -1
524 13
525 72
526 0
527 4
528 -1
529 0
530 3
531 -1
532 7
533 0
534 0
535 -1
536 0
537 13
538 -1
539 4
540 49
541 68
542 4
543 3
544 3
545 -1
546 2
547 -1
548 3
549 -1
550 16
551 4
552 -1
553 2
554 -1
555 7
556 11
557 3
558 42
559 1
560 3
561 -1
562 48
563 4
564 33
565 0
566 3
567 3
568 -1
569 3
570 12
571 2
572 32
573 -1
574 49
575 6
576 0
577 -1
578 -1
579 3
580 4
581 4
582 13
583 4
584 4
585 -1
586 -1
587 -1
588 -1
589 3
590 4
591 3
592 4
593 0
594 4
595 -1
596 -1
597 19
598 4
599 -1
600 6
601 50
602 4
603 -1
604 46
605 13
606 3
607 0
608 -1
609 4
610 -1
611 -1
612 4
613 11
614 4
615 3
616 -1
617 -1
618 0
619 3
620 3
621 50
622 -1
623 33
624 6
625 3
626 48
627 65
628 4
629 3
630 24
631 -1
632 -1
633 3
634 -1
635 -1
636 51
637 3
638 -1
639 4
640 29
641 3
642 -1
643 27
644 4
645 52
646 3
647 53
648 6
649 3
650 -1
651 54
652 61
653 3
654 4
655 44
656 0
657 0
658 -1
659 55
660 -1
661 3
662 -1
663 6
664 54
665 38
666 10
667 22
668 30
669 3
670 0
671 0
672 4
673 3
674 3
675 46
676 3
677 16
678 -1
679 0
680 -1
681 56
682 0
683 0
684 -1
685 -1
686 20
687 -1
688 0
689 4
690 -1
691 -1
692 -1
693 48
694 49
695 0
696 -1
697 -1
698 65
699 -1
700 3
701 3
702 6
703 0
704 0
705 40
706 -1
707 3
708 3
709 -1
710 0
711 0
712 0
713 0
715 0
716 0
717 -1
718 -1
719 7
720 25
721 3
722 -1
723 3
724 57
725 12
726 0
727 -1
728 4
729 -1
730 4
731 67
732 -1
733 -1
734 40
735 3
736 1
737 -1
738 0
739 -1
740 38
741 -1
742 0
743 3
744 3
745 43
746 -1
747 -1
748 4
749 9
750 4
751 3
752 3
753 4
754 0
755 53
756 11
757 3
758 3
759 1
760 -1
761 0
762 4
763 -1
764 -1
765 3
766 -1
767 -1
768 44
769 3
770 -1
771 -1
772 16
773 0
774 3
775 0
776 54
777 -1
778 4
779 4
780 4
781 4
782 3
783 -1
784 -1
785 63
786 3
787 0
788 0
789 4
790 -1
791 46
792 -1
793 0
794 16
795 -1
796 3
797 3
798 11
799 0
800 4
801 58
802 4
803 -1
804 -1
805 -1
806 -1
807 17
808 3
809 0
810 -1
811 16
812 -1
813 4
814 -1
815 3
816 4
817 0
818 3
819 3
820 -1
821 7
822 4
823 4
824 -1
825 3
826 4
827 -1
828 3
829 63
830 -1
831 0
832 4
833 0
834 -1
835 -1
836 3
837 3
838 9
839 0
840 4
841 6
842 -1
843 -1
844 0
845 -1
846 -1
847 4
848 6
849 -1
850 -1
851 3
852 -1
853 4
854 59
855 -1
856 3
857 -1
858 4
859 3
860 -1
861 -1
862 -1
863 0
864 -1
865 3
866 4
867 0
868 4
869 0
870 -1
871 4
872 3
873 0
874 -1
875 -1
876 22
877 4
878 4
879 -1
880 60
881 0
882 1
883 -1
884 15
885 4
886 -1
887 3
888 4
889 -1
890 -1
891 4
892 -1
893 3
894 4
895 -1
896 1
897 3
898 3
899 4
900 20
901 0
902 -1
903 4
904 -1
905 -1
906 5
907 -1
908 3
909 22
910 -1
911 4
912 1
913 6
914 11
915 1
916 70
917 3
918 4
919 41
920 3
921 3
922 4
923 0
924 0
925 30
926 23
927 -1
928 1
929 -1
930 4
931 -1
932 6
933 0
934 3
935 -1
936 0
937 3
938 42
939 4
940 4
941 24
942 3
943 -1
944 -1
945 0
946 -1
947 -1
948 0
949 -1
950 3
951 4
952 3
953 3
954 48
955 0
956 0
957 3
958 13
959 -1
960 3
961 4
962 4
963 -1
964 -1
965 3
966 -1
967 0
968 -1
969 4
970 0
971 3
972 -1
973 -1
974 0
975 1
976 -1
977 -1
978 4
979 4
980 -1
981 3
982 11
983 0
984 -1
985 -1
986 3
987 -1
988 22
989 4
990 4
991 17
992 4
993 -1
994 72
995 0
996 67
997 -1
998 4
999 -1
1000 8
1001 4
1002 0
1003 -1
1004 49
1005 3
1006 4
1007 4
1008 0
1009 -1
1010 3
1011 3
1012 -1
1013 3
1014 4
1015 0
1016 -1
1017 -1
1018 3
1019 0
1020 -1
1021 4
1022 0
1023 0
1024 0
1025 4
1026 3
1027 15
1028 4
1029 16
1030 11
1031 0
1032 4
1033 6
1034 18
1035 3
1036 4
1037 10
1038 3
1039 0
1040 0
1041 -1
1042 3
1043 1
1044 4
1045 18
1046 31
1047 3
1048 3
1049 25
1050 4
1051 1
1052 -1
1053 54
1054 59
1055 3
1056 52
1057 -1
1058 0
1059 -1
1060 3
1061 4
1062 -1
1063 48
1064 48
1065 3
1066 -1
1067 -1
1068 0
1069 -1
1070 4
1071 4
1072 4
1073 -1
1074 -1
1075 30
1076 61
1077 -1
1078 -1
1079 62
1080 68
1081 1
1082 -1
1083 0
1084 25
1085 6
1086 -1
1087 63
1088 -1
1089 -1
1090 -1
1091 -1
1092 -1
1093 18
1094 0
1095 -1
1096 3
1097 4
1098 -1
1099 -1
1100 20
1101 4
1102 42
1103 0
1104 -1
1105 4
1106 4
1107 1
1108 56
1109 14
1110 4
1111 3
1112 3
1113 0
1114 47
1115 3
1116 -1
1117 6
1118 -1
1119 3
1120 1
1121 4
1122 35
1123 -1
1124 1
1125 4
1126 3
1127 27
1128 5
1129 4
1130 4
1131 6
1132 40
1133 0
1134 9
1135 0
1136 23
1137 -1
1138 3
1139 0
1140 6
1141 38
1142 -1
1143 0
1144 4
1145 38
1146 4
1147 -1
1148 1
1149 4
1150 0
1151 -1
1152 -1
1153 16
1154 0
1155 17
1156 3
1157 48
1158 0
1159 3
1160 -1
1161 15
1162 -1
1163 0
1164 -1
1165 3
1166 3
1167 16
1168 4
1169 -1
1170 24
1171 -1
1172 4
1173 0
1174 4
1175 -1
1176 0
1177 3
1178 61
1179 3
1180 0
1181 3
1182 -1
1183 0
1184 -1
1185 45
1186 26
1187 -1
1188 4
1189 10
1190 3
1191 1
1192 10
1193 58
1194 6
1195 -1
1196 4
1197 0
1198 -1
1199 3
1200 4
1201 -1
1202 51
1203 1
1204 -1
1205 3
1206 -1
1207 3
1208 0
1209 -1
1210 -1
1211 51
1212 -1
1213 -1
1214 -1
1215 -1
1216 13
1217 3
1218 30
1219 -1
1220 4
1221 1
1222 9
1223 7
1224 3
1225 55
1226 3
1227 -1
1228 -1
1229 -1
1230 -1
1231 -1
1232 7
1233 3
1234 0
1235 60
1236 4
1237 3
1238 4
1239 4
1240 -1
1241 50
1242 -1
1243 -1
1244 4
1245 0
1246 3
1247 71
1248 39
1249 1
1250 4
1251 3
1252 3
1253 4
1254 30
1255 53
1256 9
1257 37
1258 6
1259 3
1260 3
1261 -1
1262 -1
1263 0
1264 44
1265 1
1266 4
1267 4
1268 3
1269 3
1270 3
1271 0
1272 14
1273 3
1274 4
1275 3
1277 56
1278 4
1279 0
1280 45
1281 -1
1282 0
1283 -1
1284 0
1285 3
1286 4
1287 4
1288 -1
1289 53
1290 -1
1291 3
1292 20
1293 -1
1294 -1
1295 -1
1296 3
1297 0
1298 3
1299 30
1300 -1
1301 1
1302 27
1303 2
1304 40
1305 32
1306 14
1307 -1
1308 62
1309 0
1310 3
1311 4
1312 1
1313 10
1314 -1
1315 -1
1316 -1
1317 -1
1318 -1
1319 4
1320 -1
1321 -1
1322 -1
1323 2
1324 0
1325 3
1326 11
1327 -1
1328 5
1329 3
1330 3
1331 53
1332 -1
1333 -1
1334 -1
1335 3
1336 0
1337 6
1338 -1
1339 -1
1340 -1
1341 4
1342 -1
1343 -1
1344 -1
1345 -1
1346 3
1347 3
1348 3
1349 -1
1350 1
1351 4
1352 0
1353 -1
1354 -1
1355 4
1356 3
1357 53
1358 0
1359 -1
1360 61
1361 4
1362 -1
1363 -1
1364 17
1365 12
1366 3
1367 4
1368 16
1369 44
1370 0
1371 3
1372 4
1373 0
1374 3
1375 62
1376 -1
1377 0
1378 -1
1379 -1
1380 0
1381 -1
1382 4
1383 30
1384 4
1385 1
1386 0
1387 4
1388 4
1389 51
1390 11
1391 4
1392 54
1393 3
1394 4
1396 -1
1397 3
1398 4
1399 -1
1400 -1
1401 4
1402 4
1403 4
1404 3
1405 4
1406 -1
1407 -1
1408 3
1409 44
1410 14
1411 4
1412 31
1413 3
1414 3
1415 4
1416 4
1417 4
1418 3
1419 4
1420 2
1421 0
1422 22
1423 0
1424 0
1425 11
1426 19
1427 -1
1428 -1
1429 3
1430 1
1431 3
1432 -1
1433 23
1434 -1
1435 -1
1436 3
1437 3
1438 -1
1439 3
1440 64
1441 4
1442 3
1443 37
1444 -1
1445 4
1446 -1
1447 -1
1448 7
1449 0
1450 4
1451 -1
1452 4
1453 -1
1454 -1
1455 4
1456 0
1457 3
1458 -1
1459 4
1460 -1
1461 36
1463 3
1464 -1
1465 66
1466 4
1467 2
1468 4
1469 3
1470 -1
1471 56
1472 0
1473 -1
1474 3
1475 -1
1476 0
1477 51
1478 58
1479 3
1480 -1
1481 46
1482 4
1483 -1
1484 42
1485 11
1486 2
1487 4
1488 3
1489 3
1490 -1
1491 0
1493 0
1494 -1
1495 3
1496 3
1497 4
1498 -1
1499 3
1500 -1
1501 -1
1502 3
1503 58
1504 4
1505 15
1506 45
1507 -1
1508 -1
1509 -1
1510 0
1511 4
1512 3
1513 -1
1514 1
1515 3
1516 3
1517 -1
1518 -1
1519 0
1520 4
1521 25
1522 71
1523 3
1524 60
1525 3
1526 4
1527 3
1528 17
1529 0
1530 3
1531 3
1532 -1
1533 3
1534 -1
1535 3
1536 3
1537 3
1538 5
1539 4
1540 -1
1541 0
1542 -1
1543 1
1544 16
1545 -1
1546 -1
1547 -1
1548 4
1549 -1
1550 -1
1551 0
1552 0
1553 3
1554 70
1555 54
1556 4
1557 35
1558 -1
1559 4
1560 3
1561 0
1562 3
1563 1
1564 0
1565 4
1566 -1
1567 4
1568 -1
1569 4
1570 3
1571 -1
1572 3
1573 1
1574 3
1575 0
1576 3
1577 7
1578 -1
1579 3
1580 -1
1581 8
1582 -1
1583 -1
1584 11
1585 3
1586 -1
1587 -1
1588 20
1589 4
1590 -1
1591 3
1592 4
1593 -1
1594 4
1595 -1
1596 3
1597 4
1598 3
1599 31
1600 11
1601 -1
1602 -1
1603 3
1604 37
1605 40
1606 32
1607 6
1608 0
1609 68
1610 47
1611 -1
1612 4
1613 7
1614 4
1615 71
1616 -1
1617 52
1618 3
1619 0
1620 -1
1621 3
1622 0
1623 45
1624 2
1625 3
1626 4
1627 -1
1628 3
1629 -1
1630 6
1631 3
1632 3
1633 -1
1634 0
1635 0
1636 -1
1637 7
1638 3
1639 -1
1640 4
1641 3
1642 4
1643 4
1644 60
1645 0
1646 3
1647 4
1648 0
1649 3
1650 4
1651 73
1652 3
1653 1
1654 3
1655 -1
1656 0
1657 0
1658 0
1659 20
1660 -1
1661 4
1662 4
1663 1
1664 10
1665 0
1666 -1
1667 0
1668 4
1669 0
1670 2
1671 56
1672 22
1673 47
1674 20
1675 4
1676 -1
1677 39
1678 -1
1679 0
1680 3
1681 4
1682 4
1683 -1
1684 -1
1685 3
1686 -1
1687 23
1688 -1
1689 -1
1690 0
1691 17
1692 4
1693 8
1694 4
1695 -1
1696 6
1697 12
1698 29
1699 4
1700 53
1701 32
1702 67
1703 1
1704 3
1705 4
1706 0
1707 12
1708 4
1709 3
1710 4
1711 16
1712 4
1713 -1
1714 -1
1715 4
1716 0
1717 3
1718 3
1719 34
1720 -1
1721 4
1722 3
1723 4
1725 0
1726 6
1727 3
1728 4
1729 9
1730 -1
1731 38
1732 -1
1733 4
1734 34
1735 0
1736 28
1737 -1
1738 0
1739 0
1740 3
1741 0
1742 12
1743 0
1744 4
1745 4
1746 -1
1747 0
1748 -1
1749 3
1750 0
1751 -1
1752 3
1753 -1
1754 -1
1755 4
1756 4
1757 63
1758 3
1759 3
1760 4
1761 4
1762 16
1763 0
1764 0
1765 -1
1766 57
1767 3
1768 -1
1769 4
1770 0
1771 3
1772 -1
1773 -1
1774 0
1775 3
1776 -1
1777 6
1778 58
1779 4
1780 3
1781 -1
1782 -1
1783 0
1784 -1
1785 0
1786 4
1787 3
1788 0
1789 -1
1790 44
1791 -1
1792 14
1793 1
1794 42
1795 7
1796 -1
1797 4
1798 46
1799 -1
1800 -1
1801 -1
1802 42
1803 65
1804 0
1805 12
1806 62
1807 65
1808 4
1809 15
1810 0
1811 4
1812 -1
1813 0
1814 40
1815 3
1816 -1
1817 48
1818 -1
1819 0
1820 8
1821 3
1822 4
1823 23
1824 3
1825 28
1826 4
1827 -1
1828 0
1829 3
1830 16
1831 3
1832 43
1833 4
1834 4
1835 53
1836 35
1837 22
1838 0
1839 -1
1840 4
1841 -1
1842 3
1843 4
1844 3
1845 0
1846 3
1847 -1
1848 73
1849 -1
1850 1
1851 4
1852 4
1853 -1
1854 0
1855 3
1856 4
1857 4
1858 35
1859 1
1860 0
1861 4
1862 3
1863 54
1864 -1
1865 3
1866 0
1867 9
1868 3
1869 0
1870 58
1871 0
1872 -1
1873 0
1874 4
1875 2
1876 -1
1877 -1
1878 0
1879 43
1881 3
1882 4
1883 -1
1884 -1
1885 -1
1886 -1
1887 3
1888 -1
1889 0
1890 0
1891 0
1892 41
1893 4
1894 -1
1895 -1
1896 -1
1897 9
1898 4
1899 52
1900 0
1901 -1
1902 4
1903 3
1904 3
1905 0
1906 3
1907 0
1908 4
1909 -1
1910 6
1911 0
1912 -1
1913 24
1914 4
1915 4
1916 -1
1917 1
1918 66
1919 3
1920 3
1921 -1
1922 -1
1923 -1
1924 3
1925 3
1926 3
1927 3
1928 -1
1929 3
1930 -1
1931 0
1932 4
1933 -1
1934 18
1935 3
1936 -1
1937 3
1938 3
1939 -1
1940 44
1941 3
1942 4
1943 41
1944 57
1945 4
1946 21
1947 -1
1948 0
1949 0
1950 -1
1951 38
1952 0
1953 -1
1954 0
1955 3
1956 0
1957 52
1958 67
1959 30
1960 3
1961 -1
1962 14
1963 -1
1964 -1
1965 -1
1966 3
1967 0
1968 6
1969 -1
1970 3
1971 4
1972 9
1973 36
1974 0
1975 11
1976 0
1977 -1
1978 4
1979 30
1980 3
1981 3
1982 4
1983 3
1984 -1
1985 32
1986 3
1987 4
1988 -1
1989 -1
1990 3
1991 -1
1992 0
1993 -1
1994 -1
1995 -1
1996 0
1997 1
1998 9
1999 4
2000 -1
2001 -1
2002 -1
2003 3
2004 4
2005 3
2006 3
2007 4
2008 -1
2009 0
2010 -1
2011 36
2012 -1
2013 4
2014 -1
2015 0
2016 -1
2017 57
2018 3
2019 4
2020 0
2021 11
2022 4
2023 0
2024 -1
2025 0
2026 0
2027 -1
2028 0
2029 4
2030 0
2031 11
2032 3
2033 0
2034 16
2035 6
2036 0
2037 4
2038 0
2039 3
2040 4
2041 4
2042 3
2043 -1
2044 48
2045 3
2046 3
2047 3
2048 3
2049 4
2050 2
2051 4
2052 2
2053 -1
2054 -1
2055 4
2056 3
2057 21
2058 -1
2059 16
2060 11
2061 42
2062 0
2063 0
2064 20
2065 -1
2066 63
2067 4
2068 57
2069 -1
2070 4
2071 3
2072 1
2073 22
2074 4
2075 2
2076 3
2077 3
2078 13
2079 18
2080 0
2081 59
2082 -1
2083 4
2084 3
2085 3
2086 4
2087 3
2088 10
2089 -1
2090 -1
2091 4
2092 -1
2093 -1
2094 1
2095 4
2096 -1
2097 -1
2098 64
2099 -1
2100 0
2101 2
2102 67
2103 0
2104 -1
2105 0
2106 4
2107 3
2108 -1
2109 50
2110 4
2111 -1
2112 -1
2113 4
2114 6
2115 -1
2116 -1
2117 3
2118 73
2119 4
2120 67
2121 -1
2122 0
2123 4
2124 4
2125 3
2126 -1
2127 -1
2128 6
2129 52
2130 4
2131 3
2132 -1
2133 0
2134 4
2135 3
2136 3
2137 0
2138 44
2139 9
2140 3
2141 1
2142 -1
2143 7
2144 -1
2145 -1
2146 -1
2147 4
2148 -1
2149 -1
2150 -1
2151 4
2152 -1
2153 -1
2154 60
2155 -1
2156 65
2157 -1
2158 -1
2159 20
2160 1
2161 4
2162 -1
2163 -1
2164 3
2165 47
2166 11
2167 8
2168 2
2169 3
2170 0
2171 -1
2172 40
2173 16
2174 3
2175 -1
2176 -1
2177 -1
2178 4
2179 -1
2180 0
2181 3
2182 3
2183 6
2184 6
2185 3
2186 30
2187 29
2188 -1
2189 4
2190 3
2191 3
2192 1
2193 3
2194 -1
2195 22
2196 3
2197 -1
2198 -1
2199 0
2200 3
2201 -1
2202 4
2203 0
2204 -1
2205 70
2206 4
2207 3
2208 2
2209 3
2211 -1
2212 -1
2213 63
2214 0
2215 -1
2216 4
2217 3
2218 57
2219 3
2220 -1
2221 16
2222 3
2223 3
2224 69
2225 48
2226 9
2227 0
2228 3
2229 4
2230 -1
2231 2
2232 -1
2233 4
2234 -1
2235 0
2236 16
2237 35
2238 3
2239 -1
2240 0
2241 2
2242 3
2243 61
2244 -1
2245 4
2246 2
2247 47
2248 -1
2249 18
2250 40
2251 3
2252 3
2253 -1
2254 4
2255 -1
2256 14
2257 3
2258 -1
2260 -1
2261 -1
2262 -1
2263 67
2264 6
2265 0
2266 0
2267 3
2268 3
2269 4
2270 0
2271 3
2272 -1
2273 3
2274 0
2275 0
2276 57
2277 3
2278 -1
2279 4
2280 3
2281 -1
2282 0
2283 3
2284 -1
2285 4
2286 0
2287 4
2288 -1
2289 4
2290 0
2291 -1
2292 3
2293 3
2294 0
2295 48
2296 1
2297 -1
2298 -1
2299 -1
2300 4
2301 4
2302 -1
2303 -1
2304 4
2305 11
2306 -1
2307 57
2308 54
2309 -1
2310 0
2311 0
2312 3
2313 6
2314 3
2315 3
2316 0
2317 0
2318 -1
2319 -1
2320 -1
2321 4
2322 3
2323 -1
2324 -1
2325 -1
2327 3
2328 4
2329 4
2330 4
2331 -1
2332 13
2333 3
2334 -1
2335 4
2336 1
2337 4
2338 -1
2339 0
2340 54
2341 4
2342 0
2343 0
2344 -1
2345 0
2346 -1
2347 -1
2348 34
2349 14
2350 0
2351 -1
2352 -1
2353 3
2354 0
2355 4
2356 4
2357 3
2358 0
2359 -1
2360 -1
2361 -1
2362 1
2363 3
2364 -1
2365 -1
2366 7
2367 4
2368 4
2369 0
2370 1
2371 0
2372 -1
2373 -1
2374 -1
2375 72
2376 -1
2377 16
2378 17
2379 0
2380 67
2381 3
2382 20
2383 3
2384 3
2385 4
2386 9
2387 3
2388 3
2389 3
2390 3
2391 -1
2392 15
2393 -1
2394 3
2395 4
2396 41
2397 3
2398 4
2399 3
2400 0
2401 4
2402 -1
2403 4
2404 -1
2405 37
2406 4
2407 -1
2408 0
2409 60
2410 3
2411 4
2412 3
2413 14
2414 3
2415 -1
2416 -1
2417 3
2418 -1
2419 0
2420 0
2421 0
2422 3
2423 4
2424 3
2425 -1
2426 4
2427 4
2428 -1
2429 3
2430 4
2431 -1
2432 57
2433 4
2434 0
2435 -1
2436 3
2437 58
2438 15
2439 7
2440 2
2441 -1
2442 0
2443 3
2444 -1
2445 4
2446 0
2447 4
2448 49
2449 13
2450 3
2451 30
2452 -1
2453 0
2454 -1
2455 3
2456 0
2457 3
2458 4
2459 4
2460 19
2461 0
2462 -1
2463 -1
2464 -1
2465 4
2466 0
2467 3
2468 41
2469 -1
2470 3
2471 59
2472 -1
2473 4
2474 -1
2475 4
2476 32
2477 29
2478 0
2479 39
2480 56
2481 18
2482 44
2483 -1
2484 34
2485 16
2486 -1
2487 0
2488 4
2489 3
2490 42
2491 -1
2492 3
2493 4
2494 53
2495 -1
2496 4
2497 48
2498 3
2499 4
2500 68
2501 4
2503 -1
2504 3
2505 3
2506 -1
2507 10
2508 44
2509 -1
2510 7
2511 -1
2512 -1
2513 0
2514 -1
2515 0
2516 0
2517 0
2518 16
2519 3
2520 3
2521 69
2522 -1
2523 3
2524 -1
2525 -1
2526 4
2527 0
2528 3
2529 3
2530 -1
2531 -1
2532 3
2533 4
2534 45
2535 -1
2536 4
2537 3
2538 -1
2539 0
2540 0
2541 -1
2542 -1
2543 3
2544 0
2545 3
2546 62
2547 3
2548 0
2549 10
2550 1
2551 -1
2552 4
2553 -1
2554 -1
2555 0
2556 -1
2557 61
2558 -1
2559 29
2560 3
2561 0
2562 -1
2563 7
2564 0
2565 71
2566 4
2567 -1
2568 -1
2569 -1
2570 34
2571 -1
2572 -1
2573 4
2574 -1
2575 -1
2576 3
2577 0
2578 -1
2579 -1
2580 14
2581 33
2582 0
2583 4
2584 0
2585 -1
2586 -1
2587 16
2588 -1
2589 3
2590 4
2591 -1
2592 4
2593 0
2594 0
2595 -1
2596 0
2597 -1
2598 0
2599 -1
2600 2
2601 33
2602 3
2603 3
2604 20
2605 3
2606 -1
2608 -1
2609 28
2610 0
2611 4
2612 0
2613 23
2614 45
2615 3
2616 4
2617 11
2618 -1
2619 4
2620 3
2621 28
2622 -1
2623 6
2624 43
2625 3
2626 4
2627 -1
2628 4
2629 34
2630 -1
2631 4
2632 0
2633 4
2634 -1
2635 4
2636 -1
2637 41
2638 -1
2639 0
2640 3
2641 4
2642 4
2643 -1
2644 -1
2645 6
2646 -1
2647 72
2648 4
2649 -1
2650 -1
2651 44
2652 0
2653 -1
2654 3
2655 -1
2656 4
2657 48
2658 -1
2659 1
2660 -1
2661 -1
2662 0
2663 3
2665 1
2666 38
2667 3
2668 0
2669 0
2670 0
2671 3
2672 -1
2673 5
2674 4
2675 4
2676 -1
2677 -1
2678 4
2679 3
2680 31
2681 0
2682 4
2683 0
2684 0
2685 0
2686 -1
2687 3
2688 3
2689 53
2690 3
2691 3
2692 63
2693 3
2694 0
2695 0
2696 -1
2697 -1
2698 -1
2699 18
2700 52
2701 3
2702 4
2703 -1
2704 -1
2705 -1
2706 0
2707 4
2708 23
2709 0
2710 -1
2711 21
2712 48
2713 -1
2714 0
2715 4
2716 3
2717 0
2718 66
2719 0
2720 3
2721 0
2722 -1
2723 -1
2724 4
2725 3
2726 3
2727 7
2728 3
2729 63
2730 44
2731 9
2732 15
2733 4
2734 62
2735 11
2736 0
2737 -1
2738 73
2739 4
2740 3
2741 -1
2742 3
2743 55
2744 4
2745 6
2746 4
2747 3
2748 48
2749 1
2750 3
2751 -1
2752 4
2753 -1
2754 1
2755 3
2756 -1
2757 -1
2758 -1
2759 4
2760 3
2761 4
2762 50
2763 -1
2764 -1
2765 -1
2766 70
2767 0
2768 4
2769 0
2770 3
2771 4
2773 3
2774 4
2775 -1
2776 0
2777 4
2778 0
2779 -1
2780 -1
2781 3
2782 11
2783 -1
2784 34
2785 -1
2786 24
2787 3
2788 0
2789 0
2790 32
2791 3
2792 0
2793 16
2794 -1
2795 -1
2796 -1
2797 -1
2798 1
2799 6
2800 3
2801 3
2802 4
2803 4
2804 -1
2805 0
2806 -1
2807 3
2808 -1
2809 3
2810 0
2811 2
2812 -1
2813 -1
2814 4
2815 0
2816 3
2817 -1
2818 3
2819 3
2820 0
2821 32
2822 -1
2823 1
2824 16
2825 0
2826 1
2827 4
2828 4
2829 21
2830 0
2831 4
2832 4
2833 0
2834 60
2835 39
2836 11
2837 -1
2838 0
2839 -1
2840 -1
2841 3
2842 0
2843 3
2844 9
2845 0
2846 -1
2847 -1
2848 35
2849 3
2850 13
2851 41
2852 48
2853 3
2854 24
2855 4
2856 -1
2857 52
2858 1
2859 0
2860 4
2861 4
2862 0
2863 4
2864 3
2865 -1
2866 4
2867 3
2868 -1
2869 -1
2870 3
2871 -1
2872 24
2873 4
2874 66
2875 -1
2876 -1
2877 0
2878 72
2879 3
2880 -1
2881 50
2882 4
2883 4
2884 -1
2885 4
2886 0
2887 3
2888 42
2889 -1
2890 4
2891 4
2892 3
2893 3
2894 0
2895 7
2896 59
2897 3
2898 18
2899 50
2900 -1
2901 -1
2902 -1
2903 38
2904 4
2905 -1
2906 3
2907 0
2908 3
2909 -1
2910 3
2911 14
2912 11
2913 -1
2914 -1
2915 4
2916 4
2917 -1
2918 69
2919 1
2920 0
2921 -1
2922 -1
2923 3
2924 -1
2925 -1
2926 3
2927 -1
2928 -1
2929 3
2930 3
2931 -1
2932 40
2933 36
2934 26
2935 -1
2936 -1
2937 4
2938 29
2939 0
2940 -1
2941 54
2942 -1
2943 47
2944 -1
2945 3
2946 -1
2947 -1
2948 -1
2949 46
2950 -1
2951 -1
2952 3
2953 3
2954 36
2955 -1
2956 -1
2957 4
2958 4
2960 4
2961 71
2962 -1
2963 49
2964 -1
2965 6
2966 3
2967 -1
2968 4
2969 3
2970 3
2971 0
2972 0
2973 3
2974 4
2975 16
2976 -1
2977 4
2978 1
2979 16
2980 1
2981 3
2982 1
2983 0
2984 12
2985 0
2986 47
2987 -1
2988 4
2989 -1
2990 3
2991 0
2992 16
2993 3
2994 3
2995 -1
2996 57
2997 3
2998 1
2999 0
3000 -1
3001 4
3002 44
3003 13
3004 -1
3005 51
3006 -1
3007 -1
3008 40
3009 50
3010 4
3011 -1
3012 -1
3013 4
3014 16
3015 3
3016 4
3017 -1
3018 63
3019 8
3020 3
3021 4
3022 10
3023 4
3024 3
3025 -1
3027 3
3028 3
3029 3
3030 0
3031 4
3032 -1
3033 -1
3034 0
3035 -1
3036 -1
3037 4
3038 3
3039 -1
3040 -1
3041 4
3042 3
3043 -1
3044 57
3045 48
3046 3
3047 -1
3048 3
3049 1
3050 -1
3051 -1
3052 4
3053 -1
3054 4
3055 -1
3056 6
3057 -1
3058 1
3059 11
3060 -1
3062 4
3063 4
3064 -1
3065 0
3066 1
3067 0
3068 4
3069 3
3070 -1
3071 -1
3072 -1
3073 4
3074 4
3075 5
3076 -1
3077 55
3078 6
3079 3
3080 1
3081 3
3082 -1
3083 16
3084 0
3085 3
3086 -1
3087 -1
3088 4
3089 4
3090 61
3091 -1
3092 4
3093 28
3094 0
3095 -1
3096 -1
3097 49
3098 0
3099 4
3100 7
3101 0
3102 -1
3103 16
3104 3
3105 -1
3106 3
3107 -1
3108 4
3109 -1
3110 1
3111 -1
3112 57
3113 19
3114 0
3115 48
3116 0
3117 3
3118 4
3119 -1
3120 72
3121 -1
3122 -1
3123 -1
3124 3
3125 0
3126 -1
3127 0
3128 -1
3129 0
3130 4
3131 -1
3132 4
3133 -1
3134 -1
3135 3
3136 3
3137 -1
3138 -1
3139 -1
3140 3
3141 4
3142 4
3143 -1
3144 -1
3145 -1
3146 3
3147 4
3148 2
3149 -1
3150 27
3151 4
3152 3
3153 0
3154 -1
3155 -1
3156 2
3157 0
3158 1
3159 64
3160 3
3161 39
3162 4
3163 3
3164 1
3165 4
3166 25
3167 3
3168 3
3169 -1
3170 3
3171 3
3172 -1
3173 46
3174 3
3175 0
3176 3
3177 4
3178 -1
3179 43
3180 3
3181 50
3182 1
3183 0
3184 27
3185 3
3186 52
3187 4
3188 -1
3189 0
3190 51
3191 10
3192 4
3193 23
3194 -1
3195 -1
3196 3
3197 -1
3198 0
3199 -1
3200 3
3201 3
3202 4
3203 6
3204 3
3205 0
3206 1
3207 -1
3208 47
3209 3
3210 1
3211 0
3212 3
3213 3
3214 -1
3215 32
3216 18
3217 -1
3218 6
3219 -1
3220 61
3221 1
3222 6
3223 -1
3224 3
3225 4
3226 -1
3227 51
3228 -1
3229 -1
3230 4
3231 -1
3232 25
3233 3
3234 4
3235 4
3236 3
3237 0
3238 4
3239 3
3240 55
3241 -1
3242 4
3243 43
3244 41
3245 43
3246 -1
3247 3
3248 -1
3249 0
3250 0
3251 -1
3252 -1
3253 36
3254 73
3255 10
3256 6
3257 1
3258 4
3259 3
3260 0
3261 0
3262 4
3263 4
3264 0
3265 17
3266 -1
3267 4
3268 0
3269 4
3270 4
3271 3
3272 4
3273 3
3274 0
3275 1
3276 3
3277 -1
3278 -1
3279 16
3280 4
3281 -1
3282 -1
3283 0
3284 3
3285 3
3286 -1
3287 -1
3288 -1
3289 3
3290 38
3291 53
3292 -1
3293 0
3294 0
3295 20
3296 0
3297 -1
3298 51
3299 1
3300 -1
3301 -1
3302 8
3303 1
3304 -1
3305 0
3306 38
3307 3
3308 0
3309 -1
3310 70
3311 11
3312 4
3313 3
3314 3
3315 -1
3316 4
3317 1
3318 -1
3319 0
3320 -1
3321 5
3322 2
3323 0
3324 0
3325 24
3326 1
3327 -1
3328 -1
3329 58
3330 -1
3331 -1
3332 11
3333 0
3334 -1
3335 4
3336 4
3337 3
3338 3
3339 -1
3340 -1
3341 7
3342 41
3343 14
3344 3
3345 -1
3346 4
3347 3
3348 3
3349 -1
3350 3
3351 3
3352 0
3353 3
3354 4
3355 -1
3356 4
3357 0
3358 32
3359 3
3360 -1
3361 63
3362 0
3363 20
3364 -1
3365 0
3366 -1
3367 0
3368 3
3369 6
3370 0
3371 58
3372 -1
3373 -1
3374 0
3375 0
3376 -1
3377 3
3378 7
3379 -1
3380 -1
3381 4
3382 -1
3383 4
3384 -1
3385 -1
3386 3
3387 3
3388 -1
3389 2
3390 29
3391 10
3392 3
3393 3
3394 3
3395 -1
3396 4
3397 4
3398 4
3399 0
3400 4
3401 -1
3402 3
3403 0
3405 0
3406 4
3407 0
3408 8
3409 25
3410 27
3411 -1
3412 3
3413 -1
3414 0
3415 3
3416 16
3417 4
3418 -1
3419 3
3420 3
3421 -1
3422 16
3423 0
3424 0
3425 -1
3426 -1
3427 3
3428 -1
3429 -1
3430 3
3431 -1
3432 -1
3433 -1
3434 4
3435 0
3436 3
3437 1
3438 -1
3439 7
3440 -1
3441 7
3442 -1
3443 -1
3444 0
3445 -1
3446 -1
3447 -1
3448 -1
3449 -1
3450 4
3451 -1
3452 -1
3453 10
3454 3
3455 4
3456 -1
3457 12
3458 61
3459 0
3460 4
3461 -1
3462 37
3463 -1
3464 0
3465 -1
3466 -1
3467 -1
3468 -1
3469 -1
3470 -1
3471 38
3472 43
3473 43
3474 0
3475 12
3476 3
3477 3
3478 45
3479 24
3480 4
3481 4
3482 4
3483 -1
3484 -1
3485 3
3486 -1
3487 40
3488 3
3489 7
3490 3
3491 -1
3493 4
3494 3
3495 4
3496 -1
3497 -1
3498 37
3499 4
3500 3
3501 -1
3502 47
3503 4
3504 4
3505 48
3506 0
3507 -1
3508 -1
3509 -1
3510 -1
3511 8
3512 48
3513 4
3514 0
3515 3
3516 23
3517 -1
3519 20
3520 4
3521 -1
3522 54
3523 42
3525 -1
3526 4
3527 -1
3528 -1
3529 31
3530 19
3531 3
3532 3
3533 71
3534 0
3535 -1
3536 -1
3537 4
3538 41
3539 3
3540 -1
3541 4
3542 4
3543 3
3544 -1
3545 3
3546 3
3547 -1
3548 29
3549 -1
3550 -1
3551 0
3552 -1
3553 -1
3554 -1
3555 0
3556 6
3557 -1
3558 -1
3559 3
3560 -1
3561 54
3562 4
3563 4
3564 1
3565 72
3566 3
3567 -1
3568 4
3569 0
3570 -1
3571 -1
3572 35
3573 4
3575 3
3576 -1
3577 3
3578 12
3579 3
3580 -1
3581 0
3582 37
3583 -1
3584 0
3585 -1
3586 4
3587 -1
3588 -1
3589 3
3590 4
3591 -1
3592 39
3593 -1
3594 -1
3595 64
3596 0
3597 -1
3598 3
3599 21
3600 -1
3601 71
3602 63
3603 0
3604 4
3605 3
3606 0
3607 48
3608 0
3609 4
3610 -1
3611 16
3612 -1
3613 3
3614 -1
3615 46
3616 0
3617 0
3618 0
3619 26
3620 4
3621 3
3622 -1
3623 4
3624 26
3625 -1
3626 2
3627 33
3628 24
3629 0
3630 3
3631 3
3632 -1
3633 -1
3634 48
3636 69
3637 4
3638 4
3639 3
3640 -1
3641 30
3642 -1
3643 4
3644 47
3645 3
3646 4
3647 -1
3648 3
3649 3
3650 4
3651 -1
3652 18
3653 -1
3654 3
3655 -1
3656 -1
3657 -1
3658 -1
3659 -1
3660 -1
3661 -1
3662 3
3663 3
3664 4
3665 4
3666 0
3667 38
3668 -1
3669 3
3670 3
3671 0
3672 6
3673 0
3674 3
3675 3
3676 -1
3677 -1
3678 0
3679 4
3680 -1
3681 -1
3682 -1
3683 0
3684 3
3685 -1
3686 0
3688 3
3689 -1
3690 4
3691 -1
3692 3
3693 0
3694 15
3695 -1
3696 3
3697 0
3698 -1
3699 -1
3700 0
3701 41
3702 3
3703 55
3704 61
3705 -1
3706 0
3707 -1
3708 -1
3709 -1
3710 3
3711 4
3712 6
3713 37
3714 0
3715 -1
3716 4
3717 -1
3719 3
3720 3
3721 0
3722 -1
3723 -1
3724 -1
3725 -1
3726 -1
3727 20
3728 -1
3729 -1
3730 6
3731 26
3732 -1
3733 3
3734 0
3735 -1
3736 4
3737 0
3738 4
3739 -1
3740 4
3741 0
3742 -1
3743 45
3744 39
3745 3
3746 4
3747 3
3748 3
3749 -1
3750 40
3751 -1
3752 -1
3753 4
3754 -1
3755 3
3756 -1
3757 4
3758 0
3759 -1
3760 0
3761 0
3762 6
3763 -1
3764 -1
3765 -1
3766 3
3767 3
3768 3
3769 4
3770 0
3771 -1
3772 64
3773 3
3774 1
3775 0
3776 3
3777 -1
3778 3
3779 -1
3780 -1
3781 -1
3782 4
3783 2
3784 -1
3785 0
3786 3
3787 9
3788 3
3789 39
3790 0
3791 43
3792 -1
3793 4
3794 47
3795 -1
3796 3
3797 65
3798 4
3799 0
3800 -1
3801 3
3802 62
3803 -1
3804 3
3805 0
3806 3
3807 4
3808 48
3809 4
3811 3
3812 -1
3813 -1
3814 59
3815 4
3816 -1
3817 4
3818 -1
3819 52
3820 4
3821 3
3822 0
3823 -1
3824 3
3825 -1
3826 44
3827 3
3828 -1
3829 50
3830 0
3831 6
3832 4
3833 -1
3834 -1
3835 4
3836 4
3837 -1
3838 3
3839 14
3840 4
3841 -1
3842 3
3843 -1
3844 -1
3845 -1
3846 33
3847 28
3848 -1
3849 0
3850 -1
3851 4
3852 12
3853 41
3854 4
3855 3
3856 34
3857 -1
3858 0
3859 7
3860 -1
3861 -1
3862 4
3863 16
3864 41
3865 40
3866 -1
3867 -1
3868 3
3869 -1
3870 4
3871 -1
3872 0
3873 -1
3874 -1
3875 -1
3876 2
3877 -1
3878 -1
3879 3
3880 0
3881 0
3882 -1
3883 3
3884 3
3885 -1
3886 56
3887 -1
3888 -1
3889 -1
3890 3
3891 -1
3892 0
3893 0
3894 -1
3895 43
3896 -1
3897 1
3898 47
3899 3
3901 22
3902 4
3903 4
3904 0
3905 3
3906 3
3907 0
3908 3
3909 -1
3910 0
3911 3
3912 0
3913 16
3914 4
3915 11
3916 -1
3917 -1
3918 0
3919 4
3920 44
3921 10
3922 -1
3923 28
3924 42
3925 -1
3926 4
3927 -1
3928 3
3929 43
3930 0
3931 -1
3932 4
3933 3
3934 -1
3935 4
3936 8
3938 4
3939 12
3940 0
3941 4
3942 10
3943 64
3944 60
3945 -1
3946 3
3947 -1
3948 -1
3949 0
3950 36
3951 26
3952 3
3953 3
3954 0
3955 49
3956 -1
3957 27
3958 4
3959 -1
3960 48
3961 0
3962 4
3963 4
3964 3
3965 3
3966 3
3967 64
3968 -1
3969 -1
3970 -1
3971 14
3972 3
3973 4
3974 3
3975 4
3976 3
3977 9
3978 4
3979 -1
3980 3
3981 5
3982 58
3983 -1
3984 4
3985 3
3986 28
3987 -1
3988 6
3989 -1
3990 0
3991 0
3992 0
3993 29
3994 -1
3995 3
3996 3
3997 3
3998 3
3999 20
4000 0
4001 3
4002 3
4003 3
4004 -1
4005 19
4006 4
4007 3
4008 -1
4009 40
4010 4
4011 70
4012 11
4013 60
4014 0
4015 0
4016 -1
4017 -1
4018 -1
4019 32
4020 -1
4021 3
4022 14
4023 3
4024 0
4025 6
4026 -1
4027 3
4028 1
4029 3
4030 21
4031 25
4032 30
4033 3
4034 4
4035 69
4036 4
4037 3
4038 0
4039 0
4040 -1
4041 11
4042 -1
4043 -1
4044 6
4045 -1
4046 3
4047 0
4048 4
4049 -1
4050 16
4051 3
4052 1
4053 -1
4054 3
4055 3
4056 3
4057 -1
4058 3
4059 0
4060 0
4061 -1
4062 -1
4063 0
4064 4
4065 -1
4066 -1
4067 3
4068 -1
4069 3
4070 48
4071 56
4072 0
4073 49
4074 0
4075 3
4076 3
4077 -1
4078 3
4079 1
4080 -1
4081 -1
4082 -1
4083 -1
4084 0
4085 3
4086 60
4087 20
4088 4
4089 3
4090 -1
4091 0
4092 3
4093 3
4094 3
4095 3
4096 0
4097 4
4098 -1
4099 0
4100 1
4101 -1
4102 -1
4103 3
4104 57
4105 3
4106 57
4107 4
4108 -1
4109 53
4110 4
4111 -1
4112 4
4113 1
4114 3
4115 -1
4116 40
4117 4
4118 -1
4119 0
4120 4
4121 0
4122 3
4123 4
4124 17
4125 4
4126 4
4127 16
4128 48
4129 3
4130 -1
4131 55
4132 -1
4133 0
4134 0
4135 -1
4137 3
4138 10
4139 0
4140 4
4141 4
4142 -1
4143 53
4144 -1
4145 43
4146 1
4147 5
4148 0
4149 0
4150 3
4151 12
4152 43
4153 -1
4154 0
4155 4
4156 0
4157 -1
4158 16
4159 3
4160 -1
4161 3
4162 -1
4163 0
4164 3
4165 -1
4166 3
4167 3
4168 0
4169 8
4170 3
4171 4
4172 -1
4173 33
4174 19
4175 -1
4176 -1
4177 4
4178 4
4179 -1
4180 0
4181 4
4182 60
4183 3
4184 43
4185 -1
4186 -1
4187 -1
4188 0
4189 -1
4190 3
4191 -1
4192 0
4193 3
4194 3
4195 -1
4196 4
4197 -1
4198 4
4199 -1
4200 22
4201 4
4202 0
4203 2
4204 4
4205 3
4206 8
4207 16
4208 -1
4209 -1
4210 3
4211 -1
4212 4
4213 46
4214 16
4215 16
4216 -1
4217 -1
4218 -1
4219 3
4220 -1
4221 67
4222 -1
4223 4
4224 56
4225 -1
4226 -1
4227 -1
4228 -1
4229 -1
4230 1
4231 3
4232 0
4233 0
4234 4
4235 3
4236 12
4237 -1
4238 3
4239 3
4240 0
4241 -1
4242 3
4243 -1
4244 15
4245 3
4246 3
4247 11
4248 -1
4249 0
4250 64
4251 0
4252 3
4253 3
4254 0
4255 0
4256 0
4257 16
4258 4
4259 -1
4260 4
4261 0
4262 4
4263 3
4264 -1
4265 -1
4266 3
4267 -1
4268 3
4269 -1
4270 -1
4272 65
4273 17
4274 0
4275 52
4276 61
4277 4
4278 0
4279 -1
4280 0
4281 -1
4282 -1
4283 0
4284 62
4285 41
4286 4
4287 3
4288 -1
4289 69
4290 -1
4291 0
4292 23
4293 -1
4294 -1
4295 -1
4296 -1
4297 -1
4298 0
4299 4
4300 -1
4301 -1
4302 4
4303 -1
4304 4
4305 0
4306 3
4307 7
4308 0
4309 4
4310 -1
4311 3
4312 3
4313 12
4314 -1
4315 3
4316 68
4317 -1
4318 3
4319 3
4320 0
4321 4
4322 -1
4323 4
4324 16
4325 -1
4326 3
4327 -1
4328 6
4329 -1
4330 4
4331 24
4332 -1
4333 69
4334 -1
4335 0
4336 -1
4337 55
4338 69
4339 -1
4340 48
4341 0
4342 -1
4343 4
4344 -1
4345 3
4346 1
4347 4
4348 0
4349 0
4350 14
4351 21
4352 4
4353 -1
4354 3
4355 49
4356 4
4357 -1
4358 3
4359 3
4360 56
4361 3
4362 -1
4363 -1
4364 6
4365 -1
4366 72
4367 4
4369 4
4370 4
4371 0
4372 0
4373 0
4374 -1
4375 4
4376 -1
4377 0
4378 4
4379 -1
4380 -1
4381 0
4382 3
4383 -1
4384 -1
4385 4
4386 -1
4387 0
4388 -1
4389 0
4390 0
4391 -1
4392 3
4393 -1
4394 4
4395 -1
4396 -1
4397 1
4398 8
4399 10
4400 68
4401 3
4402 3
4403 3
4404 -1
4405 -1
4406 -1
4407 4
4408 4
4409 48
4410 0
4411 3
4412 0
4413 4
4415 12
4416 -1
4417 0
4418 44
4419 4
4420 2
4421 3
4422 0
4423 3
4424 4
4425 3
4426 0
4427 0
4428 -1
4429 57
4430 46
4431 66
4432 -1
4433 63
4434 -1
4435 3
4436 -1
4437 -1
4439 7
4440 -1
4441 -1
4442 -1
4443 0
4444 18
4445 4
4446 55
4447 -1
4448 28
4449 -1
4450 -1
4451 1
4452 0
4453 -1
4454 -1
4455 -1
4456 3
4457 3
4458 -1
4459 3
4460 0
4461 4
4462 -1
4463 0
4464 3
4465 3
4466 -1
4467 3
4468 4
4469 3
4470 0
4471 1
4472 4
4473 0
4474 3
4475 -1
4476 -1
4477 -1
4478 0
4479 40
4480 11
4481 3
4482 3
4483 0
4484 7
4485 3
4486 3
4487 0
4488 -1
4489 14
4490 4
4491 1
4492 4
4493 0
4494 4
4495 -1
4496 6
4497 -1
4498 3
4499 3
4500 -1
4501 4
4502 3
4503 -1
4504 0
4505 3
4506 0
4507 25
4508 -1
4509 0
4510 4
4511 26
4512 4
4513 -1
4514 -1
4515 -1
4516 0
4517 4
4518 4
4519 -1
4520 6
4521 4
4522 0
4523 4
4524 4
4525 -1
4526 0
4527 4
4528 16
4529 -1
4530 -1
4531 10
4532 3
4533 4
4534 58
4535 3
4536 -1
4537 -1
4538 3
4539 -1
4540 3
4541 -1
4542 -1
4543 -1
4544 4
4545 -1
4546 4
4547 4
4548 -1
4549 10
4550 3
4551 0
4552 0
4553 3
4554 48
4555 3
4556 3
4557 4
4558 4
4559 -1
4560 4
4561 7
4562 3
4563 4
4564 4
4565 3
4566 4
4567 3
4568 4
4569 3
4570 -1
4571 0
4572 -1
4573 4
4574 0
4575 57
4576 -1
4577 3
4578 4
4579 6
4580 42
4581 -1
4582 -1
4583 34
4584 4
4585 -1
4586 38
4587 37
4588 15
4589 4
4590 -1
4591 -1
4592 38
4593 -1
4594 0
4595 3
4596 4
4598 -1
4599 -1
4600 12
4601 4
4602 -1
4603 10
4604 -1
4605 -1
4606 4
4607 -1
4608 -1
4609 -1
4610 -1
4611 36
4612 -1
4613 3
4614 0
4615 3
4616 0
4617 -1
4618 0
4619 0
4620 3
4621 4
4622 68
4623 3
4624 3
4625 0
4626 11
4627 26
4628 3
4629 -1
4630 -1
4631 48
4632 -1
4633 3
4634 0
4635 3
4636 -1
4637 0
4638 -1
4639 -1
4640 3
4641 47
4642 4
4643 0
4644 4
4645 0
4646 58
4647 -1
4648 -1
4649 -1
4650 -1
4651 4
4652 2
4653 9
4654 32
4655 1
4656 14
4657 -1
4658 4
4659 34
4660 3
4661 -1
4662 -1
4663 -1
4664 20
4665 -1
4666 12
4667 3
4668 -1
4669 3
4670 11
4671 4
4672 47
4673 -1
4674 61
4675 0
4676 4
4677 0
4678 -1
4679 -1
4680 -1
4681 -1
4682 23
4683 -1
4684 -1
4685 0
4686 23
4687 24
4688 4
4689 -1
4690 3
4691 0
4692 4
4693 -1
4694 -1
4695 1
4696 -1
4697 0
4698 -1
4699 -1
4700 34
4701 -1
4702 26
4703 3
4704 -1
4705 3
4706 3
4707 0
4708 -1
4709 -1
4710 31
4711 -1
4712 -1
4713 3
4714 9
4715 41
4716 -1
4717 59
4718 3
4719 3
4720 8
4721 -1
4722 -1
4723 4
4724 44
4725 3
4726 -1
4727 3
4728 3
4729 3
4730 29
4731 -1
4732 0
4733 1
4734 0
4735 0
4736 0
4737 17
4738 -1
4739 14
4740 3
4741 3
4742 -1
4744 16
4745 1
4746 4
4748 0
4749 -1
4750 0
4751 3
4752 4
4753 -1
4754 54
4755 3
4756 31
4757 3
4758 3
4759 6
4760 -1
4761 -1
4762 4
4763 -1
4764 -1
4765 -1
4766 -1
4767 4
4768 3
4769 0
4770 16
4771 4
4772 4
4773 0
4774 0
4775 0
4776 -1
4777 -1
4778 4
4779 3
4780 -1
4781 22
4782 -1
4783 31
4784 -1
4785 0
4786 0
4787 0
4788 3
4789 4
4790 -1
4791 3
4792 -1
4793 3
4794 3
4795 3
4796 -1
4797 4
4798 3
4799 -1
4800 3
4801 63
4802 -1
4803 3
4804 0
4805 4
4806 -1
4807 3
4808 4
4809 3
4810 4
4811 37
4812 -1
4813 -1
4814 -1
4815 -1
4816 3
4817 -1
4818 4
4819 40
4820 -1
4821 -1
4822 -1
4823 -1
4824 8
4825 0
4826 3
4827 20
4828 4
4829 4
4830 0
4831 14
4832 4
4833 0
4834 3
4835 -1
4836 -1
4837 3
4839 3
4840 3
4841 46
4842 0
4843 -1
4844 -1
4845 -1
4846 37
4847 3
4848 63
4849 -1
4850 3
4851 0
4852 3
4853 11
4854 -1
4855 0
4856 13
4857 46
4858 4
4859 -1
4860 0
4861 -1
4862 0
4863 6
4864 27
4865 -1
4866 0
4867 -1
4868 3
4869 3
4870 -1
4871 -1
4872 -1
4873 -1
4874 4
4875 2
4876 -1
4877 0
4878 4
4879 3
4880 16
4881 61
4882 0
4883 3
4884 -1
4885 4
4886 0
4887 4
4888 -1
4889 3
4890 0
4891 48
4892 -1
4893 -1
4894 -1
4895 3
4896 3
4897 -1
4898 4
4899 3
4900 -1
4901 3
4902 1
4903 3
4904 -1
4905 -1
4906 3
4907 -1
4908 66
4909 27
4910 3
4911 0
4912 14
4913 -1
4914 3
4915 1
4916 -1
4917 63
4918 -1
4919 -1
4920 3
4921 3
4922 4
4923 -1
4924 -1
4925 3
4926 -1
4927 4
4928 -1
4929 0
4930 4
4931 -1
4932 3
4933 57
4934 0
4935 4
4936 -1
4937 3
4938 0
4939 4
4940 6
4941 3
4942 0
4943 4
4944 3
4945 0
4946 3
4947 0
4948 4
4949 -1
4950 31
4951 3
4952 4
4953 35
4954 4
4955 52
4956 4
4957 -1
4958 1
4959 4
4960 -1
4961 0
4962 42
4963 3
4964 4
4965 -1
4966 4
4967 4
4968 3
4969 0
4970 0
4971 -1
4972 -1
4973 0
4974 10
4975 4
4976 -1
4977 -1
4978 4
4979 -1
4980 -1
4981 -1
4982 40
4983 4
4984 0
4985 0
4986 3
4987 -1
4988 -1
4989 1
4990 4
4991 -1
4992 -1
4993 0
4994 -1
4995 0
4996 3
4997 3
4998 -1
4999 33
5000 33
5001 33
5002 3
5003 0
5004 3
5005 58
5006 58
5007 -1
5008 -1
5009 3
5010 3
5011 -1
5012 14
5013 14
5014 27
5015 27
5016 -1
5017 -1
5018 4
5019 -1
5020 0
5021 3
5022 3
5023 3
5024 1
5025 1
5026 51
5027 51
5028 -1
5029 -1
5030 3
5031 12
5032 12
5033 -1
5034 -1
5035 4
5036 4
5037 73
5038 4
5039 4
5040 4
5041 4
5042 4
5043 0
5044 -1
5045 -1
5046 3
5047 -1
5048 3
5049 3
5050 -1
5051 -1
5052 -1
5053 -1
5054 -1
5055 -1
5056 -1
5057 -1
5058 -1
5059 -1
5060 -1
5061 3
5062 3
5063 3
5064 -1
5065 0
5066 0
5067 48
5068 -1
5069 -1
5070 -1
5071 4
5072 70
5073 3
5074 4
5075 -1
5076 3
5077 3
5078 -1
5079 4
5080 4
5081 40
5082 40
5083 -1
5084 0
5085 0
5086 3
5087 3
5088 3
5089 4
5090 4
5091 -1
5092 -1
5093 -1
5094 -1
5095 -1
5096 4
5097 -1
5098 4
5099 3
5100 -1
5101 3
5102 -1
5103 -1
5104 4
5105 4
5106 4
5107 0
5108 3
5109 3
5110 0
5111 0
5112 3
5113 3
5114 0
5115 0
5116 -1
5117 0
5118 -1
5119 0
5120 1
5121 1
5122 -1
5123 47
5124 47
5125 3
5126 3
5127 3
5128 0
5129 4
5130 4
5131 -1
5132 -1
5133 -1
5134 3
5135 0
5136 -1
5137 61
5138 61
5139 3
5140 0
5141 4
5142 4
5143 3
5144 3
5145 -1
5146 0
5147 -1
5148 4
5149 -1
5150 -1
5151 -1
5152 -1
5153 3
5154 4
5155 4
5156 -1
5157 -1
5158 -1
5159 -1
5160 0
5161 0
5162 0
5163 2
