0 -1
1 -1
2 0
3 1
4 2
5 3
6 -1
7 4
8 5
9 -1
10 2
11 2
12 -1
13 6
14 -1
15 2
16 2
17 -1
18 2
19 2
20 88
21 -1
22 2
23 2
24 2
25 2
26 9
27 2
28 -1
29 2
30 2
31 2
32 7
33 2
34 -1
35 8
36 6
37 2
38 90
39 2
40 -1
41 2
42 -1
43 95
44 1
45 2
46 6
47 2
48 2
49 -1
50 9
51 9
52 10
53 -1
54 2
55 18
56 11
57 12
58 2
59 2
60 13
61 2
62 -1
63 14
64 15
65 2
66 2
67 2
68 97
69 -1
70 87
71 2
72 2
73 9
74 16
75 17
76 2
77 -1
78 -1
79 -1
80 9
81 2
82 2
83 9
84 18
85 -1
86 19
87 6
88 2
89 6
90 9
91 2
92 -1
93 14
94 2
95 2
96 9
97 2
98 2
99 20
100 -1
101 -1
102 2
103 -1
104 9
105 -1
106 -1
107 21
108 22
109 -1
110 2
111 9
112 23
113 2
114 2
115 9
116 -1
117 9
118 -1
119 2
120 -1
121 -1
122 24
123 2
124 -1
125 2
126 2
127 2
128 2
129 79
130 2
131 -1
132 9
133 -1
134 -1
135 -1
136 2
137 25
138 6
139 2
140 2
141 -1
142 2
143 26
144 2
145 2
146 9
147 27
148 2
149 1
150 2
151 -1
152 2
153 2
154 28
155 -1
156 -1
157 2
158 2
159 2
160 -1
161 9
162 2
163 -1
164 15
165 49
166 -1
167 2
168 2
169 2
170 -1
171 2
172 29
173 2
174 30
175 2
176 2
177 6
178 2
179 2
180 1
181 18
182 -1
183 2
184 92
185 2
186 2
187 2
188 -1
189 -1
190 -1
191 2
192 2
193 2
194 2
195 31
196 32
197 2
198 33
199 77
200 -1
201 34
202 2
203 88
204 72
205 -1
206 26
207 2
208 -1
209 35
210 -1
211 -1
212 2
213 -1
214 9
215 2
216 2
217 57
218 36
219 6
220 2
221 2
222 -1
223 28
224 99
225 6
226 37
227 2
228 -1
229 2
230 -1
231 38
232 18
233 -1
234 -1
235 -1
236 2
237 -1
238 86
239 -1
240 2
241 39
242 26
243 30
244 20
245 2
246 40
247 2
248 2
249 12
250 2
251 2
252 -1
253 2
254 2
255 11
256 -1
257 -1
258 2
259 -1
260 9
261 9
262 9
263 21
264 6
265 2
266 41
267 42
268 21
269 2
270 2
271 2
272 -1
273 2
274 2
275 -1
276 20
277 2
278 -1
279 2
280 43
281 -1
282 -1
283 9
284 -1
285 2
286 9
287 -1
288 44
289 2
290 2
291 -1
292 2
293 -1
294 -1
295 2
296 2
297 -1
298 2
299 45
301 2
302 2
303 44
304 46
305 2
306 2
307 -1
308 9
309 -1
310 -1
311 2
312 -1
313 -1
314 2
315 9
316 47
317 2
318 2
319 -1
320 49
321 48
322 61
323 -1
324 2
325 2
326 40
327 1
328 -1
329 2
330 27
331 99
332 -1
333 2
334 -1
335 -1
336 9
337 2
338 -1
339 -1
340 21
341 2
342 9
343 9
344 9
345 2
346 2
347 2
348 2
349 2
350 100
351 49
352 9
353 50
354 2
355 2
356 2
357 2
358 2
359 2
360 2
361 2
362 76
363 -1
364 2
365 2
366 2
367 -1
368 10
369 2
370 2
371 2
372 2
373 2
374 2
375 2
376 2
377 15
378 2
379 -1
380 -1
381 2
382 2
383 -1
384 2
385 -1
386 6
387 2
388 -1
389 -1
390 51
391 2
392 2
393 2
394 -1
395 -1
396 94
397 2
398 9
399 -1
400 -1
401 -1
402 19
403 2
404 1
405 -1
406 2
407 52
408 53
409 2
410 -1
411 2
412 2
413 3
414 -1
415 2
416 27
417 2
418 2
419 -1
420 2
421 -1
422 54
423 49
424 2
425 44
426 2
427 -1
428 93
429 29
430 55
431 56
432 2
433 2
434 9
435 2
436 2
437 9
438 2
439 57
440 2
441 2
442 2
443 15
444 91
445 58
446 80
447 9
448 9
449 2
450 2
451 -1
452 11
453 -1
454 2
455 64
456 -1
457 2
458 59
459 60
460 -1
461 4
462 -1
463 2
464 -1
465 -1
466 2
467 2
468 2
469 9
470 2
471 9
472 -1
473 46
474 2
475 2
476 2
477 61
478 -1
479 2
480 -1
481 2
482 2
483 62
484 2
485 2
486 -1
487 63
488 9
489 2
490 2
491 -1
492 64
493 -1
494 2
495 -1
496 65
497 2
498 -1
499 -1
500 31
501 -1
502 9
503 2
504 -1
505 -1
506 65
507 25
508 2
509 2
510 2
511 -1
512 -1
513 2
514 2
515 2
516 2
517 2
518 2
519 1
520 6
522 3
523 67
524 6
525 81
526 21
527 2
528 26
529 -1
530 2
531 -1
532 6
533 14
534 1
535 -1
536 2
537 52
538 2
539 2
540 -1
541 50
542 2
543 9
544 2
545 2
546 4
547 2
548 9
549 65
550 9
551 2
552 2
553 4
554 2
555 6
556 2
557 2
558 2
559 46
560 9
561 -1
562 22
563 41
564 25
565 2
566 -1
567 9
568 2
569 2
570 66
571 76
572 -1
573 -1
574 -1
575 6
576 2
577 67
578 2
579 -1
580 2
581 68
582 6
583 2
584 2
585 0
586 2
587 9
588 2
589 9
590 2
591 2
592 2
593 21
594 55
595 2
596 -1
597 92
598 2
599 -1
600 69
601 -1
602 34
603 -1
604 63
605 6
606 -1
607 2
608 -1
609 2
610 -1
611 9
612 70
613 2
614 68
615 -1
616 2
617 57
618 2
619 2
620 58
621 -1
622 2
623 45
624 44
625 -1
626 22
627 19
628 2
629 9
630 36
631 2
632 9
633 -1
634 -1
635 -1
636 27
637 2
638 -1
639 2
640 40
641 9
642 -1
643 38
644 55
645 71
646 2
647 23
648 -1
649 2
650 -1
651 65
652 -1
654 2
655 56
656 2
657 21
658 -1
659 16
660 61
661 29
662 -1
663 8
664 65
665 -1
666 -1
667 72
668 2
669 -1
670 2
671 2
672 34
673 2
674 9
675 63
676 58
677 9
678 2
679 -1
680 -1
681 73
682 98
683 26
684 9
685 -1
686 32
687 -1
688 1
689 2
690 -1
691 -1
692 -1
693 22
694 -1
695 2
696 -1
697 79
698 19
699 -1
700 2
701 2
702 6
703 2
704 24
705 53
706 2
707 2
708 2
709 -1
710 2
711 21
712 21
713 1
715 21
716 2
717 -1
718 -1
719 -1
720 -1
721 2
722 -1
723 2
724 6
725 -1
726 2
727 47
728 2
729 2
730 55
731 2
732 2
733 -1
734 53
735 2
736 2
737 -1
738 14
739 -1
740 -1
741 5
742 2
743 9
744 9
745 54
746 -1
747 -1
748 2
749 2
750 74
751 2
752 2
753 74
754 2
755 23
756 2
757 2
758 9
759 15
760 59
761 2
762 2
763 -1
764 -1
765 2
766 -1
767 64
768 56
769 2
770 2
771 -1
772 2
773 2
774 9
775 98
776 65
777 2
778 34
779 2
780 2
781 55
782 75
783 76
784 -1
785 77
786 -1
787 2
788 -1
789 2
790 65
791 63
792 -1
793 2
794 15
795 -1
796 9
797 2
798 9
799 2
800 2
801 78
802 20
803 2
804 26
805 -1
806 -1
807 2
808 2
809 2
810 15
811 2
812 -1
813 2
814 -1
815 2
816 2
817 -1
818 -1
819 2
820 2
821 -1
822 11
823 41
824 -1
825 9
826 74
827 -1
828 2
829 9
830 2
831 2
832 68
833 2
834 -1
835 2
836 2
837 9
838 -1
839 39
840 2
841 44
842 -1
843 -1
844 2
845 9
846 -1
847 2
848 6
849 -1
850 88
851 2
852 2
853 2
854 -1
855 15
856 9
857 2
858 2
859 58
860 -1
861 2
862 19
863 2
864 2
865 9
866 11
867 -1
868 20
869 26
870 43
871 2
872 9
873 -1
874 6
875 19
876 -1
877 34
878 2
879 -1
880 2
881 -1
882 2
883 9
884 -1
885 2
886 -1
887 2
888 2
889 95
890 64
891 2
892 31
893 2
894 2
895 61
896 3
897 2
898 29
899 2
900 32
901 2
902 62
903 2
904 9
905 79
906 7
907 2
908 75
909 72
910 79
911 2
912 15
913 6
914 2
915 -1
916 80
917 -1
918 74
919 2
920 -1
921 9
922 2
923 2
924 2
925 2
926 35
927 37
928 3
929 -1
930 2
931 -1
932 8
933 2
934 2
935 -1
936 60
937 9
938 2
939 2
940 -1
941 36
942 9
943 -1
944 2
945 2
946 37
947 -1
948 2
949 2
950 58
951 2
952 -1
953 -1
954 22
955 1
956 2
957 9
958 52
959 9
960 -1
961 2
962 68
963 65
964 9
965 2
966 -1
967 2
968 27
969 2
970 2
971 2
972 -1
973 2
974 2
975 46
976 37
977 57
978 34
979 2
980 -1
981 2
982 -1
983 2
984 -1
985 -1
986 75
987 -1
988 72
989 2
990 2
991 2
992 2
993 2
994 81
995 2
996 2
997 28
998 2
999 61
1000 12
1001 2
1002 2
1003 -1
1004 -1
1005 -1
1006 2
1007 2
1008 2
1009 2
1010 2
1011 2
1012 -1
1013 2
1014 34
1015 2
1016 -1
1017 65
1018 9
1019 2
1020 -1
1021 55
1022 2
1023 2
1024 2
1025 20
1026 2
1027 -1
1028 2
1029 2
1030 9
1031 2
1032 2
1033 6
1034 -1
1035 2
1036 2
1037 87
1038 9
1039 2
1040 2
1041 28
1042 9
1043 -1
1044 2
1045 2
1046 43
1047 2
1048 2
1049 -1
1050 2
1051 3
1052 15
1053 65
1054 -1
1055 9
1056 71
1057 -1
1058 2
1059 -1
1060 2
1061 2
1062 -1
1063 2
1064 -1
1065 2
1066 9
1067 -1
1068 2
1069 82
1070 2
1071 2
1072 2
1073 65
1074 2
1075 2
1076 26
1077 -1
1078 2
1079 83
1080 50
1081 84
1082 82
1083 4
1084 -1
1085 6
1086 -1
1087 77
1088 -1
1089 47
1090 2
1091 38
1092 82
1093 2
1094 24
1095 2
1096 9
1097 2
1098 2
1099 95
1100 32
1101 11
1102 2
1103 2
1104 -1
1105 74
1106 85
1107 2
1108 73
1109 9
1110 -1
1111 9
1112 -1
1113 2
1114 -1
1115 9
1116 9
1117 6
1118 59
1119 9
1120 -1
1121 11
1122 9
1123 77
1124 -1
1125 2
1126 2
1127 38
1128 7
1129 2
1130 2
1131 6
1132 53
1133 2
1134 -1
1135 2
1136 35
1137 9
1138 2
1139 2
1140 6
1141 -1
1142 2
1143 2
1144 90
1145 -1
1146 11
1147 -1
1148 84
1149 68
1150 2
1151 2
1152 2
1153 2
1154 2
1155 2
1156 2
1157 22
1158 2
1159 2
1160 79
1161 -1
1162 2
1163 14
1164 2
1165 2
1166 2
1167 9
1168 2
1169 -1
1170 36
1171 2
1172 2
1173 2
1174 2
1175 9
1176 -1
1177 2
1178 -1
1179 9
1180 26
1181 2
1182 -1
1183 2
1184 2
1185 62
1186 86
1187 12
1188 2
1189 87
1190 9
1191 15
1192 9
1193 78
1194 6
1195 -1
1196 2
1197 91
1198 -1
1199 9
1200 2
1201 47
1202 27
1203 46
1204 63
1205 2
1206 2
1207 -1
1208 2
1209 -1
1210 -1
1211 27
1212 -1
1213 2
1214 2
1215 2
1216 52
1217 9
1218 2
1219 -1
1220 11
1221 15
1222 2
1223 6
1224 2
1225 16
1226 2
1227 -1
1228 21
1229 -1
1230 -1
1231 -1
1232 17
1233 -1
1234 -1
1235 2
1236 -1
1237 2
1238 2
1239 2
1240 -1
1241 -1
1242 2
1243 -1
1244 2
1245 2
1246 -1
1247 33
1248 51
1249 84
1250 2
1251 2
1252 9
1253 2
1254 2
1255 23
1256 2
1257 2
1258 6
1259 -1
1260 2
1261 2
1262 -1
1263 2
1264 56
1265 15
1266 20
1267 2
1268 2
1269 -1
1270 2
1271 39
1272 9
1273 2
1274 -1
1275 2
1277 73
1278 -1
1279 21
1280 62
1281 -1
1282 21
1283 2
1284 2
1285 2
1286 2
1287 2
1288 20
1289 23
1290 -1
1291 2
1292 32
1293 -1
1294 -1
1295 2
1296 75
1297 -1
1298 2
1299 -1
1300 -1
1301 84
1302 38
1303 4
1304 53
1305 -1
1306 9
1307 2
1308 83
1309 2
1310 2
1311 34
1312 15
1313 -1
1314 2
1315 9
1316 55
1317 37
1318 2
1319 85
1320 -1
1321 -1
1322 2
1323 -1
1324 4
1325 2
1326 9
1327 6
1328 7
1329 2
1330 2
1331 23
1332 -1
1333 99
1334 65
1335 29
1336 39
1337 6
1338 2
1339 2
1340 28
1341 2
1342 9
1343 -1
1344 69
1345 38
1346 2
1347 2
1348 9
1349 2
1350 3
1351 2
1352 21
1353 2
1354 -1
1355 2
1356 9
1357 23
1358 2
1359 -1
1360 26
1361 2
1362 -1
1363 -1
1364 2
1365 66
1366 9
1367 2
1368 2
1369 56
1370 2
1371 2
1372 -1
1373 2
1374 2
1375 83
1376 15
1377 -1
1378 -1
1379 2
1380 21
1381 -1
1382 2
1383 -1
1384 -1
1385 84
1386 -1
1387 74
1388 2
1389 27
1390 2
1391 2
1392 65
1393 -1
1394 55
1396 2
1397 9
1398 20
1399 2
1400 -1
1401 70
1402 74
1403 34
1404 2
1405 2
1406 9
1407 2
1408 9
1409 56
1410 9
1411 41
1412 43
1413 2
1414 88
1415 20
1416 2
1417 2
1418 2
1419 2
1420 4
1421 2
1422 72
1423 -1
1424 2
1425 2
1426 92
1427 -1
1428 59
1429 -1
1430 46
1431 -1
1432 -1
1433 35
1434 77
1435 -1
1436 2
1437 2
1438 -1
1439 2
1440 -1
1441 2
1442 2
1443 2
1444 -1
1445 2
1446 -1
1447 2
1448 6
1449 2
1450 2
1451 2
1452 2
1453 2
1454 -1
1455 -1
1456 2
1457 2
1458 -1
1459 2
1460 2
1461 48
1463 2
1464 -1
1465 42
1466 2
1467 10
1468 2
1469 2
1470 100
1471 73
1472 24
1473 2
1474 -1
1475 48
1476 2
1477 27
1478 78
1479 -1
1480 -1
1481 63
1482 41
1483 2
1484 2
1485 2
1486 4
1487 2
1488 2
1489 2
1490 2
1491 -1
1493 1
1494 -1
1495 -1
1496 2
1497 20
1498 -1
1499 -1
1500 19
1501 77
1502 9
1503 78
1504 2
1505 -1
1506 62
1507 -1
1508 -1
1509 19
1510 2
1511 -1
1512 -1
1513 -1
1514 -1
1515 9
1516 29
1517 19
1518 -1
1519 2
1520 2
1521 -1
1522 33
1523 -1
1524 2
1525 2
1526 2
1527 2
1528 2
1529 2
1530 -1
1531 2
1532 -1
1533 9
1534 -1
1535 2
1536 2
1537 2
1538 -1
1539 2
1540 2
1541 -1
1542 -1
1543 84
1544 9
1545 -1
1546 2
1547 -1
1548 2
1549 -1
1550 2
1551 2
1552 2
1553 2
1554 60
1555 65
1556 2
1557 9
1558 2
1559 2
1560 2
1561 2
1562 2
1563 3
1564 2
1565 2
1566 64
1567 2
1568 73
1569 55
1570 2
1571 -1
1572 -1
1573 2
1574 2
1575 2
1576 2
1577 17
1578 -1
1579 9
1580 2
1581 12
1582 9
1583 -1
1584 2
1585 -1
1586 6
1587 93
1588 -1
1589 2
1590 88
1591 2
1592 2
1593 28
1594 2
1595 -1
1596 2
1597 2
1598 2
1599 43
1600 -1
1601 -1
1602 -1
1603 2
1604 2
1605 53
1606 -1
1607 6
1608 2
1609 50
1610 -1
1611 -1
1612 -1
1613 6
1614 20
1615 33
1616 -1
1617 71
1618 -1
1619 2
1620 2
1621 9
1622 2
1623 62
1624 4
1625 -1
1626 11
1627 2
1628 2
1629 -1
1630 8
1631 2
1632 2
1633 30
1634 2
1635 -1
1636 -1
1637 6
1638 2
1639 -1
1640 2
1641 2
1642 55
1643 2
1644 2
1645 2
1646 -1
1647 34
1648 60
1649 9
1650 -1
1651 100
1652 2
1653 15
1654 9
1655 67
1656 21
1657 2
1658 14
1659 32
1660 2
1661 34
1662 2
1663 3
1664 -1
1665 2
1666 2
1667 26
1668 2
1669 2
1670 26
1671 73
1672 -1
1673 -1
1674 32
1675 2
1676 2
1677 51
1678 -1
1679 1
1680 2
1681 -1
1682 68
1683 -1
1684 -1
1685 2
1686 2
1687 35
1688 2
1689 -1
1690 2
1691 2
1692 2
1693 12
1694 -1
1695 -1
1696 6
1697 66
1698 40
1699 -1
1700 23
1701 -1
1702 2
1703 3
1704 2
1705 70
1706 1
1707 -1
1708 -1
1709 9
1710 2
1711 9
1712 41
1713 -1
1714 -1
1715 34
1716 1
1717 2
1718 9
1719 46
1720 2
1721 2
1722 2
1723 2
1725 24
1726 -1
1727 2
1728 20
1729 2
1730 2
1731 -1
1732 -1
1733 2
1734 46
1735 1
1736 2
1737 79
1738 2
1739 2
1740 -1
1741 2
1742 -1
1743 26
1744 68
1745 2
1746 -1
1747 21
1748 -1
1749 2
1750 2
1751 -1
1752 75
1753 30
1754 5
1755 2
1756 68
1757 77
1758 2
1759 2
1760 2
1761 25
1762 2
1763 2
1764 2
1765 2
1766 6
1767 2
1768 2
1770 -1
1771 2
1772 2
1773 -1
1774 2
1775 2
1776 -1
1777 -1
1778 78
1779 2
1780 9
1781 -1
1782 2
1783 2
1784 57
1785 2
1786 70
1787 -1
1788 2
1789 2
1790 56
1791 15
1792 9
1793 -1
1794 2
1795 6
1796 -1
1797 11
1798 63
1799 -1
1800 -1
1801 -1
1802 2
1803 19
1804 39
1805 -1
1806 83
1807 19
1808 2
1809 -1
1810 2
1811 2
1812 2
1813 2
1814 53
1815 9
1816 -1
1817 22
1818 -1
1819 1
1820 -1
1821 2
1822 85
1823 35
1824 9
1825 2
1826 2
1827 2
1828 2
1829 2
1830 -1
1831 2
1832 54
1833 74
1834 2
1835 23
1836 9
1837 72
1838 2
1839 2
1840 2
1841 -1
1842 9
1843 2
1844 2
1845 -1
1846 -1
1847 -1
1848 100
1849 -1
1850 -1
1851 2
1852 2
1853 19
1854 60
1855 42
1856 2
1857 2
1858 9
1859 58
1860 2
1861 -1
1862 -1
1863 65
1864 -1
1865 2
1866 2
1867 2
1868 2
1869 2
1870 78
1871 98
1872 51
1873 2
1874 2
1875 10
1876 -1
1877 -1
1878 -1
1879 54
1881 -1
1882 2
1883 67
1884 -1
1885 -1
1886 -1
1887 2
1888 81
1889 2
1890 2
1891 1
1892 2
1893 -1
1894 2
1895 21
1896 -1
1897 2
1898 2
1899 71
1900 2
1901 2
1902 2
1903 29
1904 2
1905 2
1906 2
1907 18
1908 90
1909 -1
1910 44
1911 -1
1912 9
1913 36
1914 2
1915 2
1916 -1
1917 46
1918 42
1919 2
1920 9
1921 -1
1922 -1
1923 2
1924 2
1925 88
1926 2
1927 75
1928 -1
1929 2
1930 99
1931 2
1932 2
1933 -1
1934 2
1935 -1
1936 2
1937 9
1938 2
1939 9
1940 56
1941 2
1942 2
1943 2
1944 6
1945 2
1946 2
1947 2
1948 -1
1949 98
1950 -1
1951 -1
1952 2
1953 62
1954 1
1955 -1
1956 2
1957 71
1958 2
1959 2
1960 -1
1961 -1
1962 9
1963 2
1964 -1
1965 2
1966 9
1967 2
1968 6
1969 26
1970 9
1971 89
1972 2
1973 48
1974 2
1975 2
1976 2
1977 2
1978 2
1979 2
1980 9
1981 2
1982 11
1983 -1
1984 0
1985 -1
1986 9
1987 2
1988 -1
1989 31
1990 -1
1991 -1
1992 39
1993 -1
1994 2
1995 21
1996 2
1997 -1
1998 2
1999 2
2000 2
2001 -1
2002 -1
2003 -1
2004 2
2005 -1
2006 9
2007 2
2008 -1
2009 2
2010 -1
2011 48
2012 -1
2013 11
2014 -1
2015 2
2016 2
2017 6
2018 -1
2019 2
2020 2
2021 15
2022 79
2023 2
2024 2
2025 2
2026 2
2027 -1
2028 2
2029 2
2030 2
2031 2
2032 2
2033 2
2034 2
2035 6
2036 2
2037 25
2038 14
2039 -1
2040 2
2041 2
2042 -1
2043 -1
2044 22
2045 2
2046 2
2047 9
2048 2
2049 2
2050 4
2051 2
2052 2
2053 2
2054 -1
2055 13
2056 -1
2057 2
2058 47
2059 9
2060 2
2061 2
2062 21
2063 14
2064 32
2065 -1
2066 9
2067 2
2068 6
2069 16
2070 2
2071 -1
2072 46
2073 -1
2074 2
2075 -1
2076 2
2077 9
2078 6
2079 2
2080 2
2081 88
2082 -1
2083 2
2084 2
2085 9
2086 2
2087 -1
2088 -1
2089 -1
2090 30
2091 2
2092 62
2093 9
2094 2
2095 2
2096 -1
2097 -1
2098 -1
2099 -1
2100 -1
2101 -1
2102 2
2103 2
2104 -1
2105 -1
2106 2
2107 9
2108 2
2109 -1
2110 -1
2111 2
2112 2
2113 2
2114 6
2115 59
2116 37
2117 2
2118 100
2119 2
2120 2
2121 -1
2122 -1
2123 20
2124 34
2125 9
2126 2
2127 97
2128 6
2129 71
2130 2
2131 9
2132 -1
2133 2
2134 2
2135 -1
2136 2
2137 2
2138 56
2139 -1
2140 2
2141 -1
2142 2
2143 17
2144 2
2145 2
2146 -1
2147 11
2148 0
2149 2
2150 -1
2151 2
2152 21
2153 -1
2154 2
2155 -1
2156 9
2157 2
2158 -1
2159 32
2160 84
2161 85
2162 2
2163 2
2164 -1
2165 -1
2166 2
2167 -1
2168 4
2169 2
2170 2
2171 2
2172 53
2173 9
2174 9
2175 -1
2176 -1
2177 2
2178 2
2179 -1
2180 2
2181 9
2182 9
2183 44
2184 6
2185 -1
2186 2
2187 40
2188 2
2189 34
2190 9
2191 2
2192 46
2193 75
2194 2
2195 -1
2196 9
2197 79
2198 -1
2199 -1
2200 2
2201 2
2202 2
2203 2
2204 -1
2205 80
2206 2
2207 -1
2208 -1
2209 9
2211 -1
2212 -1
2213 9
2214 1
2215 88
2216 2
2217 2
2218 6
2219 9
2220 2
2221 2
2222 2
2223 -1
2224 89
2225 2
2226 2
2227 2
2228 2
2229 90
2230 37
2231 -1
2232 1
2233 2
2234 -1
2235 4
2236 2
2237 9
2238 2
2239 -1
2240 49
2241 4
2242 2
2243 -1
2244 -1
2245 2
2246 10
2247 -1
2248 -1
2249 2
2250 53
2251 2
2252 -1
2253 57
2254 13
2255 -1
2256 -1
2257 9
2258 2
2260 -1
2261 37
2262 97
2263 2
2264 44
2265 49
2266 21
2267 -1
2268 2
2269 2
2270 2
2271 2
2272 -1
2273 2
2274 91
2275 2
2276 6
2277 2
2278 -1
2279 2
2280 2
2281 2
2282 49
2283 9
2284 69
2285 90
2286 18
2287 90
2288 -1
2289 90
2290 26
2291 2
2292 2
2293 2
2294 2
2295 22
2296 3
2297 73
2298 2
2299 2
2300 2
2301 2
2302 -1
2303 -1
2304 2
2305 2
2306 -1
2307 6
2309 2
2310 2
2311 2
2312 2
2313 6
2314 2
2315 2
2316 -1
2317 14
2318 -1
2319 37
2320 27
2321 55
2322 2
2323 -1
2324 -1
2325 -1
2327 75
2328 2
2329 20
2330 2
2331 2
2332 52
2333 9
2334 99
2335 13
2336 -1
2337 2
2338 -1
2339 14
2340 65
2341 25
2342 2
2343 2
2344 -1
2345 39
2346 6
2347 2
2348 46
2349 9
2350 2
2351 82
2352 2
2353 2
2354 14
2355 85
2356 2
2357 2
2358 98
2359 -1
2360 31
2361 93
2362 46
2363 2
2364 2
2365 -1
2366 17
2367 2
2368 25
2369 2
2370 -1
2371 2
2372 -1
2373 2
2374 59
2375 81
2376 -1
2377 2
2378 2
2379 2
2380 2
2382 32
2383 2
2384 75
2385 2
2386 -1
2387 9
2388 9
2389 2
2390 -1
2391 2
2392 -1
2393 2
2394 2
2395 2
2396 2
2397 -1
2398 2
2399 9
2400 2
2401 2
2402 -1
2403 2
2404 76
2405 2
2406 2
2407 -1
2408 2
2409 2
2410 9
2411 -1
2412 -1
2413 -1
2414 29
2415 -1
2416 -1
2417 9
2418 67
2419 -1
2420 2
2421 21
2422 88
2423 2
2424 2
2425 65
2426 -1
2427 20
2428 0
2429 2
2430 20
2431 21
2432 6
2433 2
2434 2
2435 -1
2436 9
2437 78
2438 -1
2439 6
2440 4
2441 88
2442 26
2443 2
2444 -1
2445 25
2446 2
2447 2
2448 -1
2449 2
2450 -1
2451 2
2452 28
2453 -1
2454 43
2455 2
2456 1
2457 -1
2458 70
2459 2
2460 92
2461 2
2462 -1
2463 9
2464 2
2465 2
2466 2
2467 9
2468 2
2469 3
2470 2
2471 -1
2472 2
2473 20
2474 -1
2475 41
2476 -1
2477 40
2478 2
2479 51
2480 73
2481 2
2482 56
2483 2
2484 46
2485 9
2486 9
2487 2
2488 2
2489 9
2490 2
2491 2
2492 9
2493 2
2494 23
2495 2
2496 20
2497 2
2498 -1
2499 41
2500 50
2501 2
2503 2
2504 2
2505 9
2506 21
2507 87
2508 -1
2509 2
2510 6
2511 -1
2512 -1
2513 2
2514 31
2515 2
2516 1
2517 2
2518 -1
2519 -1
2520 2
2521 89
2522 -1
2523 -1
2524 -1
2525 2
2526 2
2527 2
2528 9
2529 9
2530 -1
2531 5
2532 9
2533 2
2534 62
2535 73
2536 11
2537 9
2538 -1
2539 2
2540 -1
2541 2
2542 -1
2543 2
2544 -1
2545 2
2546 83
2547 2
2548 2
2549 87
2550 84
2551 -1
2552 2
2553 -1
2554 61
2555 2
2556 2
2557 26
2558 -1
2559 40
2560 29
2561 2
2562 -1
2563 -1
2564 2
2565 33
2566 2
2567 2
2568 2
2569 -1
2570 -1
2571 2
2572 47
2573 2
2574 -1
2575 -1
2576 2
2577 2
2578 15
2579 -1
2580 9
2581 45
2582 2
2583 -1
2584 2
2585 -1
2586 79
2587 2
2588 -1
2589 2
2590 2
2591 -1
2592 2
2593 2
2595 21
2596 2
2597 5
2598 2
2599 2
2600 4
2601 45
2602 2
2603 9
2604 32
2605 9
2606 -1
2608 -1
2609 2
2610 2
2611 55
2612 14
2613 35
2614 62
2615 9
2616 2
2617 2
2618 -1
2619 2
2620 9
2621 2
2622 5
2623 8
2624 54
2625 9
2626 2
2627 -1
2628 2
2629 46
2630 2
2631 11
2632 2
2633 2
2634 -1
2635 -1
2636 -1
2637 2
2638 97
2639 2
2640 2
2641 -1
2642 2
2643 -1
2644 -1
2645 8
2646 17
2647 81
2648 68
2649 67
2650 15
2651 2
2652 -1
2653 2
2654 -1
2655 59
2656 2
2657 22
2658 -1
2659 3
2660 -1
2661 -1
2662 2
2663 9
2665 2
2666 -1
2667 2
2668 98
2669 2
2670 2
2671 2
2672 82
2673 7
2674 85
2675 2
2676 2
2677 9
2678 2
2679 2
2680 43
2681 2
2682 2
2683 91
2684 2
2685 42
2686 2
2687 -1
2688 2
2689 23
2690 -1
2691 -1
2692 77
2693 9
2694 2
2695 1
2696 79
2697 -1
2698 9
2699 -1
2700 71
2701 58
2702 2
2703 37
2704 2
2705 2
2706 -1
2707 20
2708 35
2709 2
2710 2
2711 2
2712 -1
2713 -1
2714 -1
2715 2
2716 19
2717 2
2718 42
2719 2
2720 -1
2721 21
2722 2
2723 20
2724 2
2725 9
2727 6
2728 2
2729 77
2730 -1
2731 -1
2732 -1
2733 11
2734 83
2735 2
2736 2
2737 2
2738 100
2739 85
2740 9
2741 23
2742 75
2743 16
2744 2
2745 -1
2746 70
2747 2
2748 -1
2749 -1
2750 -1
2751 2
2752 2
2753 6
2754 3
2755 2
2756 2
2757 -1
2758 57
2759 2
2760 2
2761 34
2762 -1
2763 -1
2764 57
2765 79
2766 80
2767 14
2768 74
2769 2
2770 2
2771 2
2773 -1
2774 2
2775 -1
2776 1
2777 2
2778 2
2779 2
2780 2
2781 2
2782 2
2783 2
2784 46
2785 -1
2786 -1
2787 2
2788 -1
2789 -1
2790 -1
2791 -1
2792 2
2793 2
2794 2
2795 -1
2796 -1
2797 -1
2798 -1
2799 6
2800 9
2801 2
2802 2
2803 2
2804 -1
2805 2
2806 64
2807 9
2808 -1
2809 2
2810 -1
2811 10
2812 12
2813 23
2814 2
2815 1
2816 2
2817 -1
2818 2
2819 2
2820 -1
2821 -1
2822 6
2823 46
2824 9
2825 2
2826 46
2827 2
2828 20
2829 2
2830 39
2831 -1
2832 34
2833 21
2834 2
2835 51
2836 -1
2837 -1
2838 91
2839 2
2840 -1
2841 9
2842 2
2843 58
2844 -1
2845 2
2846 -1
2847 2
2848 9
2849 9
2850 6
2851 2
2852 2
2853 2
2854 -1
2855 2
2856 2
2857 71
2858 -1
2859 2
2860 -1
2861 20
2862 -1
2863 2
2864 2
2865 21
2866 2
2867 -1
2868 27
2869 30
2870 -1
2871 9
2872 36
2873 11
2874 42
2875 -1
2876 2
2877 1
2878 81
2879 -1
2880 21
2881 -1
2882 40
2883 2
2884 2
2885 34
2886 21
2887 -1
2888 2
2889 2
2890 2
2891 2
2892 -1
2893 2
2894 2
2895 6
2896 -1
2897 2
2898 2
2899 -1
2900 -1
2901 -1
2902 2
2903 -1
2904 2
2905 -1
2906 2
2907 -1
2908 2
2909 2
2910 9
2911 9
2912 -1
2913 48
2914 5
2915 2
2916 2
2917 -1
2918 89
2919 3
2920 2
2921 73
2922 2
2923 2
2924 -1
2925 76
2926 9
2927 2
2928 2
2929 9
2930 -1
2931 -1
2932 53
2933 48
2934 86
2935 9
2936 0
2937 2
2938 45
2939 2
2940 -1
2941 65
2942 6
2943 -1
2944 2
2945 9
2946 -1
2947 20
2948 -1
2949 63
2950 59
2951 -1
2952 2
2953 2
2954 48
2955 -1
2956 -1
2957 2
2958 2
2960 2
2961 33
2962 -1
2963 -1
2964 -1
2965 69
2966 2
2967 -1
2968 2
2969 2
2970 -1
2971 2
2972 91
2973 9
2974 20
2975 9
2976 2
2977 2
2978 3
2979 2
2980 2
2981 9
2982 -1
2983 2
2984 66
2985 2
2986 -1
2987 -1
2988 11
2989 2
2990 -1
2991 2
2992 2
2993 2
2994 2
2995 9
2996 6
2997 2
2998 15
2999 26
3000 19
3001 2
3002 -1
3003 52
3004 9
3005 27
3006 37
3007 9
3008 53
3009 -1
3010 2
3011 -1
3012 -1
3013 2
3014 2
3015 2
3016 2
3017 -1
3018 9
3019 12
3020 2
3021 68
3022 -1
3023 2
3024 -1
3025 -1
3027 2
3028 -1
3029 -1
3030 2
3031 11
3032 2
3033 -1
3034 1
3035 89
3036 2
3037 2
3038 2
3039 -1
3040 -1
3041 -1
3042 -1
3043 -1
3044 6
3045 22
3046 -1
3047 -1
3048 94
3049 46
3050 69
3051 2
3052 11
3053 6
3054 2
3055 73
3056 6
3057 -1
3058 46
3059 2
3060 2
3062 2
3063 2
3064 -1
3065 2
3066 -1
3067 2
3068 11
3069 2
3070 2
3071 2
3072 -1
3073 96
3074 2
3075 7
3076 -1
3077 16
3078 6
3079 -1
3080 -1
3081 -1
3082 15
3083 2
3084 2
3085 2
3086 -1
3087 57
3088 70
3089 2
3090 26
3091 73
3092 2
3093 2
3094 1
3095 27
3096 -1
3097 -1
3098 2
3099 55
3100 6
3101 26
3102 -1
3103 -1
3104 2
3105 15
3106 9
3107 -1
3108 2
3109 9
3110 84
3111 -1
3112 6
3113 92
3114 91
3115 0
3116 2
3117 9
3118 68
3119 2
3120 81
3121 -1
3122 -1
3123 2
3124 2
3125 91
3126 2
3127 2
3128 31
3129 2
3130 2
3131 -1
3132 2
3133 88
3134 -1
3135 -1
3136 -1
3137 -1
3138 2
3139 93
3140 -1
3141 96
3142 2
3143 -1
3144 -1
3145 2
3146 2
3147 2
3148 4
3149 2
3150 38
3151 55
3152 9
3153 2
3154 -1
3155 6
3156 -1
3157 2
3158 58
3159 -1
3160 2
3161 51
3162 2
3163 2
3164 3
3165 2
3166 -1
3167 2
3168 75
3169 -1
3170 -1
3171 2
3172 2
3173 63
3174 2
3175 1
3176 9
3177 2
3178 -1
3179 54
3180 2
3181 -1
3182 3
3183 2
3184 38
3185 2
3186 71
3187 2
3188 -1
3189 2
3190 27
3191 -1
3192 2
3193 35
3194 -1
3195 95
3196 94
3197 -1
3198 2
3199 -1
3200 2
3201 2
3202 11
3203 6
3204 9
3205 -1
3206 46
3207 1
3208 -1
3209 2
3210 2
3211 2
3212 -1
3213 2
3214 38
3215 -1
3216 2
3217 -1
3218 6
3219 9
3220 -1
3221 3
3222 6
3223 12
3224 -1
3225 -1
3226 51
3227 27
3228 -1
3229 -1
3230 2
3231 -1
3232 -1
3233 9
3234 20
3235 2
3236 2
3237 26
3238 2
3239 2
3240 16
3241 -1
3242 2
3243 54
3244 2
3245 54
3246 -1
3247 2
3248 -1
3249 26
3250 -1
3251 -1
3252 21
3253 48
3254 100
3255 -1
3256 6
3257 -1
3258 34
3259 2
3260 26
3261 2
3262 2
3263 41
3264 2
3265 2
3267 20
3268 14
3269 2
3270 20
3271 2
3272 2
3273 -1
3274 2
3275 3
3276 9
3277 -1
3278 -1
3279 9
3280 2
3281 -1
3282 42
3283 14
3284 -1
3285 58
3286 82
3287 -1
3288 2
3289 -1
3290 -1
3291 23
3292 -1
3293 2
3294 1
3295 32
3296 14
3297 12
3298 27
3299 15
3300 15
3301 -1
3302 12
3303 3
3304 2
3305 2
3306 -1
3307 9
3308 2
3309 65
3310 80
3311 2
3312 -1
3313 -1
3314 2
3315 2
3316 34
3317 3
3318 28
3319 21
3320 40
3321 7
3322 4
3323 2
3324 -1
3325 36
3326 3
3327 -1
3328 -1
3329 78
3330 -1
3331 -1
3332 2
3333 2
3334 2
3335 2
3336 74
3337 -1
3338 9
3339 95
3340 -1
3341 6
3342 2
3343 -1
3344 9
3345 -1
3346 2
3347 2
3348 -1
3349 2
3350 2
3351 -1
3352 2
3353 2
3354 2
3355 19
3356 11
3357 60
3358 -1
3359 29
3360 -1
3361 -1
3362 -1
3363 32
3364 2
3365 2
3366 -1
3367 2
3368 9
3369 6
3370 2
3371 -1
3372 -1
3373 -1
3374 2
3375 21
3376 -1
3377 2
3378 17
3379 -1
3380 2
3381 2
3382 2
3383 2
3384 -1
3385 43
3386 2
3387 9
3388 2
3389 -1
3390 40
3391 87
3392 2
3393 2
3394 29
3395 -1
3396 34
3397 -1
3398 2
3399 2
3400 2
3401 2
3402 -1
3403 -1
3405 2
3406 2
3407 2
3408 12
3409 -1
3410 38
3411 -1
3412 2
3413 -1
3414 1
3415 94
3416 2
3417 2
3418 -1
3419 2
3420 58
3421 9
3422 2
3423 2
3424 2
3425 90
3426 2
3427 2
3428 -1
3429 -1
3430 2
3431 2
3432 2
3433 51
3434 2
3435 21
3436 2
3437 46
3438 2
3439 -1
3440 -1
3441 6
3442 21
3443 -1
3444 39
3445 2
3446 -1
3447 2
3448 2
3449 -1
3450 2
3451 5
3452 -1
3454 9
3455 85
3456 31
3457 66
3458 -1
3459 2
3460 20
3461 93
3462 2
3463 2
3464 2
3465 2
3466 15
3467 37
3468 2
3469 -1
3470 -1
3471 -1
3472 54
3473 54
3474 39
3475 -1
3476 2
3477 -1
3478 62
3479 36
3480 -1
3481 2
3482 2
3483 96
3484 -1
3485 9
3486 62
3487 -1
3488 2
3489 -1
3490 2
3491 2
3493 41
3494 -1
3495 85
3496 15
3497 -1
3498 2
3499 2
3500 9
3501 47
3502 -1
3503 2
3504 2
3505 2
3506 1
3507 2
3508 -1
3509 -1
3510 -1
3511 -1
3512 2
3513 2
3514 2
3515 2
3516 35
3517 -1
3519 32
3520 96
3521 2
3522 65
3523 2
3525 -1
3526 -1
3527 99
3528 31
3529 43
3530 92
3531 2
3532 2
3533 33
3534 2
3535 2
3536 2
3537 68
3538 2
3539 2
3540 -1
3541 2
3542 2
3543 2
3544 65
3545 2
3546 9
3547 2
3548 40
3549 2
3550 -1
3551 -1
3552 -1
3553 93
3554 -1
3555 2
3556 8
3557 2
3558 2
3559 9
3560 59
3561 -1
3562 11
3563 2
3564 65
3565 81
3566 9
3567 -1
3568 2
3569 2
3570 51
3571 -1
3572 9
3573 68
3575 9
3576 -1
3577 9
3578 66
3579 -1
3580 64
3581 2
3582 2
3583 15
3584 -1
3585 9
3586 2
3587 9
3588 1
3589 -1
3590 2
3591 -1
3592 51
3593 6
3594 2
3595 -1
3596 2
3597 -1
3598 2
3599 2
3600 77
3601 33
3602 9
3603 2
3604 2
3605 2
3606 2
3607 2
3608 -1
3609 -1
3610 2
3611 9
3612 -1
3613 2
3614 93
3615 63
3616 2
3617 2
3618 21
3619 86
3620 2
3621 9
3622 -1
3623 -1
3624 86
3625 9
3626 76
3627 45
3628 36
3629 2
3630 2
3631 2
3632 69
3633 -1
3634 2
3636 89
3637 2
3638 2
3639 -1
3640 -1
3641 2
3642 9
3644 -1
3645 2
3646 20
3647 -1
3648 -1
3649 -1
3650 41
3651 99
3652 -1
3653 6
3654 2
3655 -1
3656 -1
3657 97
3658 37
3659 97
3660 2
3661 37
3662 -1
3663 2
3664 74
3665 2
3666 2
3667 -1
3668 -1
3669 2
3670 9
3671 18
3672 8
3673 2
3674 2
3675 2
3676 2
3677 -1
3678 2
3679 2
3680 -1
3681 15
3682 -1
3683 1
3684 -1
3685 -1
3686 2
3688 2
3689 2
3690 11
3691 2
3692 2
3693 2
3694 -1
3695 -1
3696 9
3697 2
3698 -1
3699 -1
3700 2
3701 2
3702 9
3703 16
3704 -1
3705 -1
3706 2
3707 47
3708 -1
3709 -1
3710 2
3711 11
3712 6
3713 2
3714 2
3715 27
3716 2
3717 0
3719 -1
3720 2
3721 2
3722 -1
3723 -1
3724 -1
3725 -1
3726 2
3727 32
3728 2
3729 73
3730 6
3731 86
3732 -1
3733 2
3734 2
3735 27
3736 2
3737 2
3738 2
3739 65
3740 -1
3741 2
3742 -1
3743 62
3744 51
3745 2
3746 2
3747 2
3748 9
3749 -1
3750 53
3751 2
3752 61
3753 2
3754 48
3755 9
3756 -1
3757 2
3758 2
3759 65
3760 2
3761 2
3762 6
3763 -1
3764 -1
3765 9
3766 2
3767 2
3768 2
3769 2
3770 2
3771 9
3772 -1
3773 9
3774 15
3775 2
3776 9
3777 9
3778 2
3779 2
3780 -1
3781 95
3782 2
3783 10
3784 -1
3785 2
3786 -1
3787 2
3788 9
3789 51
3790 14
3791 54
3792 -1
3793 20
3794 -1
3795 95
3796 9
3797 19
3798 2
3799 2
3800 79
3801 2
3802 83
3803 -1
3804 9
3805 2
3806 2
3807 13
3808 2
3809 2
3811 2
3812 -1
3813 2
3814 2
3815 -1
3816 -1
3817 -1
3818 6
3819 71
3820 2
3821 -1
3822 2
3823 -1
3824 2
3825 -1
3826 56
3827 2
3828 2
3829 -1
3830 2
3831 44
3832 34
3833 -1
3834 2
3835 2
3836 2
3837 2
3838 9
3839 31
3840 2
3841 -1
3842 -1
3843 -1
3844 -1
3845 9
3846 45
3847 2
3848 2
3849 2
3850 69
3851 2
3852 -1
3853 2
3854 2
3855 9
3856 46
3857 -1
3858 2
3859 6
3860 -1
3861 -1
3862 -1
3863 2
3864 2
3865 53
3866 -1
3867 93
3868 75
3869 31
3870 -1
3871 -1
3872 91
3873 2
3874 2
3875 -1
3876 26
3877 30
3878 2
3879 -1
3880 2
3881 2
3882 2
3883 2
3884 2
3885 -1
3886 73
3887 37
3888 -1
3889 57
3890 9
3891 5
3892 2
3893 2
3894 79
3895 54
3896 82
3897 46
3898 -1
3899 9
3901 72
3902 2
3903 2
3904 2
3905 2
3906 9
3907 2
3908 2
3909 1
3910 -1
3911 9
3912 2
3913 9
3914 70
3915 2
3916 -1
3917 -1
3918 2
3919 96
3920 -1
3921 87
3922 57
3923 2
3924 2
3925 -1
3926 -1
3927 2
3928 -1
3929 54
3930 2
3931 19
3932 2
3933 9
3934 6
3935 34
3936 12
3938 2
3939 66
3940 2
3941 2
3943 -1
3944 2
3945 -1
3946 -1
3947 -1
3948 -1
3949 2
3950 48
3951 86
3952 2
3953 2
3954 21
3955 -1
3956 9
3957 38
3958 2
3959 97
3960 22
3961 60
3962 2
3963 2
3964 2
3965 2
3966 2
3967 -1
3968 -1
3969 -1
3970 9
3971 9
3972 2
3973 2
3974 -1
3975 -1
3976 -1
3977 2
3978 96
3979 15
3980 2
3981 7
3982 78
3983 57
3984 2
3985 -1
3986 9
3987 6
3988 6
3989 -1
3990 2
3991 2
3992 -1
3993 40
3994 -1
3995 2
3996 2
3997 9
3998 2
3999 32
4000 2
4001 2
4002 -1
4003 -1
4004 59
4005 92
4006 90
4007 2
4008 -1
4009 53
4010 2
4011 80
4012 2
4013 2
4014 1
4015 2
4016 9
4017 65
4018 -1
4019 -1
4020 -1
4021 -1
4022 9
4023 -1
4024 21
4025 8
4026 82
4027 -1
4028 84
4029 9
4030 2
4031 -1
4032 2
4033 9
4034 41
4035 89
4036 -1
4037 9
4038 2
4039 98
4040 -1
4041 2
4042 2
4043 2
4044 6
4045 2
4046 2
4047 2
4048 2
4049 40
4050 2
4051 9
4052 -1
4053 99
4054 9
4055 2
4056 9
4057 -1
4058 2
4059 18
4060 2
4061 -1
4062 -1
4063 2
4064 2
4065 9
4066 83
4067 2
4068 -1
4069 -1
4070 2
4071 73
4072 21
4073 -1
4074 -1
4075 -1
4076 9
4077 -1
4078 -1
4079 -1
4080 2
4081 2
4082 -1
4083 5
4084 26
4085 -1
4086 2
4087 32
4088 2
4089 9
4090 -1
4091 2
4092 -1
4093 9
4094 2
4095 9
4096 -1
4097 2
4098 -1
4100 2
4101 -1
4102 -1
4103 2
4104 6
4105 -1
4106 6
4107 2
4108 -1
4109 23
4110 2
4111 64
4112 2
4113 2
4114 29
4115 2
4116 53
4117 2
4118 2
4119 -1
4120 -1
4121 18
4122 2
4123 2
4124 2
4125 2
4126 2
4127 -1
4128 -1
4129 9
4130 73
4131 16
4132 57
4133 14
4134 -1
4135 2
4137 -1
4138 -1
4139 4
4140 -1
4141 2
4142 -1
4143 -1
4144 -1
4145 54
4146 2
4147 -1
4148 2
4149 2
4150 2
4151 65
4152 54
4153 -1
4154 2
4155 2
4156 2
4157 -1
4158 2
4159 9
4160 2
4161 2
4162 -1
4163 2
4164 2
4165 2
4166 -1
4167 75
4168 -1
4169 12
4170 2
4171 17
4172 65
4173 45
4174 92
4175 30
4176 2
4177 2
4178 2
4179 -1
4180 2
4181 2
4182 2
4183 2
4184 54
4185 21
4186 2
4187 6
4188 2
4189 -1
4190 -1
4191 2
4192 2
4193 -1
4194 9
4195 65
4196 41
4197 -1
4198 2
4199 2
4200 72
4201 2
4202 2
4203 4
4204 2
4205 2
4206 12
4207 9
4208 2
4209 19
4210 42
4211 2
4212 20
4213 63
4214 9
4215 2
4216 -1
4217 -1
4218 -1
4219 9
4220 -1
4221 2
4222 -1
4223 20
4224 73
4225 -1
4226 -1
4227 -1
4228 37
4229 0
4230 2
4231 2
4232 2
4233 -1
4234 13
4235 2
4236 66
4237 -1
4238 2
4239 -1
4240 2
4241 15
4242 -1
4243 -1
4244 -1
4245 -1
4246 58
4247 2
4248 2
4249 21
4250 -1
4251 1
4252 9
4253 75
4254 60
4255 2
4256 14
4257 -1
4258 2
4259 15
4260 2
4261 2
4262 2
4263 2
4264 -1
4265 -1
4266 2
4267 82
4268 2
4269 -1
4270 2
4272 19
4273 2
4274 1
4275 71
4276 -1
4277 2
4278 2
4279 59
4280 4
4281 -1
4282 -1
4283 21
4284 83
4285 2
4286 55
4287 9
4288 -1
4289 89
4290 2
4291 2
4292 35
4293 -1
4294 -1
4295 -1
4296 -1
4297 2
4298 2
4299 2
4300 2
4301 -1
4302 2
4303 20
4304 41
4305 60
4306 2
4307 6
4308 2
4309 55
4310 59
4311 9
4312 2
4313 66
4314 -1
4315 9
4316 50
4317 37
4318 2
4319 -1
4320 26
4321 13
4322 -1
4323 2
4324 2
4325 -1
4326 9
4327 -1
4328 -1
4329 2
4330 -1
4331 36
4332 2
4333 89
4334 -1
4335 2
4336 -1
4337 16
4338 89
4339 37
4340 2
4341 2
4342 -1
4343 2
4344 64
4345 2
4346 3
4347 2
4348 -1
4349 2
4350 9
4351 2
4352 2
4353 -1
4354 -1
4355 -1
4356 2
4357 2
4358 2
4359 2
4360 73
4361 2
4362 -1
4363 37
4364 6
4365 9
4366 81
4367 2
4369 20
4370 13
4371 2
4372 2
4373 2
4374 2
4375 2
4376 -1
4377 26
4378 2
4379 -1
4380 -1
4381 2
4382 2
4383 -1
4384 2
4385 -1
4386 -1
4387 2
4388 -1
4389 2
4390 2
4391 -1
4392 2
4393 2
4394 20
4395 2
4396 -1
4397 84
4398 -1
4399 -1
4400 50
4401 2
4402 2
4403 -1
4404 89
4405 62
4406 -1
4407 2
4408 41
4409 2
4410 1
4411 9
4412 24
4413 2
4415 -1
4416 -1
4417 2
4418 56
4419 11
4420 -1
4421 -1
4422 2
4423 29
4424 2
4425 -1
4426 2
4427 -1
4428 -1
4429 6
4430 63
4431 42
4432 -1
4433 9
4434 -1
4435 2
4436 -1
4437 -1
4439 -1
4440 -1
4441 2
4442 -1
4443 2
4444 -1
4445 41
4446 16
4447 30
4448 2
4449 2
4450 65
4451 -1
4452 60
4453 82
4454 6
4455 19
4456 2
4457 2
4458 2
4459 94
4460 2
4461 -1
4462 2
4463 -1
4464 2
4465 2
4466 2
4467 -1
4468 2
4469 9
4470 2
4471 -1
4472 20
4473 2
4474 -1
4475 2
4476 2
4477 -1
4479 53
4480 2
4481 2
4482 2
4483 2
4484 17
4485 2
4486 -1
4487 2
4488 2
4489 9
4490 2
4491 -1
4492 2
4493 2
4494 -1
4495 2
4496 44
4497 79
4498 -1
4499 9
4500 -1
4501 55
4502 2
4503 -1
4504 21
4505 2
4506 14
4507 -1
4508 -1
4509 2
4510 2
4511 86
4512 85
4513 -1
4514 -1
4515 -1
4516 98
4517 -1
4518 2
4519 -1
4520 6
4521 2
4522 2
4523 2
4524 34
4525 2
4526 2
4527 2
4528 2
4529 -1
4530 9
4531 87
4532 2
4533 2
4534 78
4535 2
4536 2
4537 2
4538 94
4539 6
4540 2
4541 2
4542 -1
4543 -1
4544 2
4545 -1
4546 2
4547 2
4548 51
4550 19
4551 1
4552 2
4553 9
4554 2
4555 2
4556 2
4557 11
4558 2
4559 95
4560 2
4561 6
4562 2
4563 2
4564 -1
4565 9
4566 2
4567 2
4568 2
4569 2
4570 -1
4571 2
4572 -1
4573 2
4574 2
4575 6
4576 -1
4577 94
4578 20
4579 -1
4580 2
4581 15
4582 -1
4583 46
4584 2
4585 -1
4586 -1
4587 2
4588 -1
4589 2
4590 -1
4591 2
4592 -1
4593 -1
4594 2
4595 9
4596 96
4598 -1
4599 -1
4600 66
4601 74
4602 -1
4603 -1
4604 63
4605 19
4606 2
4607 -1
4608 2
4609 58
4610 2
4611 48
4612 -1
4613 2
4614 2
4615 2
4616 2
4617 -1
4618 2
4619 -1
4620 2
4621 2
4622 50
4623 9
4624 2
4625 2
4626 2
4627 86
4628 2
4629 31
4630 -1
4631 22
4632 67
4633 75
4634 2
4635 2
4636 -1
4637 2
4638 -1
4639 2
4640 9
4641 -1
4642 11
4643 2
4644 2
4645 1
4646 78
4647 -1
4648 -1
4649 -1
4650 -1
4651 -1
4652 10
4653 2
4654 -1
4655 -1
4656 9
4657 -1
4658 11
4659 46
4660 9
4661 -1
4662 2
4663 -1
4664 32
4665 18
4666 -1
4667 2
4668 2
4669 2
4670 9
4671 34
4672 -1
4673 -1
4674 26
4675 2
4676 2
4677 49
4678 -1
4679 -1
4680 2
4681 2
4682 35
4683 -1
4684 2
4685 2
4686 35
4687 36
4688 2
4689 99
4690 -1
4691 -1
4692 41
4693 -1
4694 2
4695 -1
4696 79
4697 14
4698 2
4699 2
4700 46
4701 -1
4702 86
4703 9
4704 -1
4705 9
4706 2
4707 2
4708 2
4709 -1
4710 43
4711 -1
4712 -1
4713 75
4714 2
4715 2
4716 2
4717 -1
4718 9
4719 2
4720 12
4721 -1
4722 2
4723 -1
4724 2
4725 2
4726 -1
4727 2
4728 2
4729 -1
4730 40
4731 -1
4732 2
4733 -1
4734 1
4735 2
4736 2
4737 2
4738 2
4739 9
4740 2
4741 2
4742 2
4744 -1
4745 3
4746 2
4748 2
4749 2
4750 26
4751 2
4752 2
4753 -1
4754 65
4755 9
4756 43
4757 9
4758 2
4759 69
4760 -1
4761 2
4762 2
4763 -1
4764 -1
4765 -1
4766 15
4767 2
4768 2
4769 2
4770 9
4771 2
4772 96
4773 24
4774 2
4775 -1
4776 -1
4777 6
4778 2
4779 2
4780 2
4781 -1
4782 -1
4783 43
4784 2
4785 -1
4786 2
4787 1
4788 2
4789 2
4790 -1
4791 9
4792 -1
4793 9
4794 -1
4795 42
4796 -1
4797 2
4798 9
4799 -1
4800 42
4801 -1
4802 -1
4803 -1
4804 18
4805 2
4806 2
4807 -1
4808 2
4809 2
4810 2
4811 2
4812 -1
4813 2
4814 2
4815 -1
4816 2
4817 -1
4818 -1
4819 53
4820 2
4821 -1
4822 57
4823 -1
4824 -1
4825 1
4826 2
4827 32
4828 2
4829 2
4830 2
4831 9
4832 55
4833 2
4834 2
4835 -1
4836 -1
4837 9
4839 2
4840 2
4841 63
4842 2
4843 -1
4844 -1
4845 -1
4846 2
4847 -1
4848 77
4849 -1
4850 2
4851 2
4852 9
4853 9
4854 2
4855 2
4856 52
4857 63
4858 2
4859 19
4860 2
4861 5
4862 2
4863 69
4864 38
4865 2
4866 2
4867 2
4868 -1
4869 -1
4870 19
4871 -1
4872 -1
4873 9
4874 2
4875 -1
4876 -1
4877 14
4878 2
4879 9
4880 2
4881 -1
4882 2
4883 2
4884 2
4885 2
4886 2
4887 2
4888 2
4889 2
4890 2
4891 2
4892 37
4893 59
4894 -1
4895 9
4896 -1
4897 -1
4898 2
4899 -1
4900 2
4901 -1
4902 3
4903 -1
4904 -1
4905 -1
4906 2
4907 -1
4908 42
4909 38
4910 2
4911 18
4912 9
4913 -1
4914 2
4915 -1
4916 2
4917 77
4918 -1
4919 -1
4920 9
4921 2
4922 2
4923 2
4924 2
4925 -1
4926 -1
4927 2
4928 -1
4929 2
4930 2
4931 2
4932 2
4933 6
4934 2
4935 2
4936 -1
4937 9
4938 -1
4939 68
4940 8
4941 2
4942 2
4943 2
4944 -1
4945 14
4946 2
4947 2
4948 25
4949 -1
4950 43
4951 9
4952 -1
4953 9
4954 2
4955 71
4956 2
4957 -1
4958 3
4959 2
4960 -1
4961 2
4962 2
4963 -1
4964 -1
4965 37
4966 11
4967 2
4968 2
4969 18
4970 2
4971 2
4972 2
4973 -1
4974 87
4975 2
4976 -1
4977 -1
4978 20
4979 -1
4980 -1
4981 -1
4982 53
4983 -1
4984 2
4985 2
4986 9
4987 -1
4988 61
4989 46
4990 2
4991 -1
4992 6
4993 4
4994 -1
4995 2
4996 9
4997 2
4998 2
4999 45
5000 45
5001 45
5002 2
5003 2
5004 42
5005 78
5006 78
5007 2
5008 -1
5009 75
5010 75
5011 -1
5012 9
5013 9
5014 38
5015 38
5016 40
5017 40
5018 2
5019 -1
5020 2
5021 9
5022 -1
5023 9
5024 84
5025 84
5026 27
5027 27
5028 -1
5029 52
5030 -1
5031 -1
5032 -1
5033 31
5034 31
5035 68
5036 68
5037 100
5038 2
5039 2
5040 2
5041 11
5042 11
5043 2
5044 -1
5045 65
5046 -1
5047 -1
5048 2
5049 2
5050 -1
5051 6
5052 15
5053 -1
5054 -1
5055 -1
5056 -1
5057 -1
5058 2
5059 2
5060 -1
5061 2
5062 2
5063 9
5064 -1
5065 60
5066 60
5067 2
5068 2
5069 -1
5070 96
5071 96
5072 60
5073 2
5074 2
5075 9
5076 2
5077 -1
5078 -1
5079 2
5080 2
5081 -1
5082 53
5083 2
5084 2
5085 2
5086 9
5087 2
5088 2
5089 2
5090 2
5091 2
5092 24
5093 -1
5094 40
5095 40
5096 -1
5097 -1
5098 2
5099 9
5100 -1
5101 -1
5102 -1
5103 2
5104 2
5105 2
5106 2
5107 21
5108 -1
5109 -1
5110 2
5111 2
5112 2
5113 2
5114 2
5115 2
5116 2
5117 2
5118 30
5119 2
5120 2
5121 2
5122 -1
5123 -1
5124 -1
5125 2
5126 2
5127 2
5128 21
5129 2
5130 2
5131 43
5132 43
5133 -1
5134 2
5135 14
5136 -1
5137 26
5138 -1
5139 9
5140 2
5141 20
5142 20
5143 2
5144 -1
5145 2
5146 2
5147 2
5148 2
5149 -1
5150 2
5151 2
5152 9
5153 29
5154 2
5155 2
5156 2
5157 -1
5158 -1
5159 77
5160 2
5161 2
5162 2
5163 10
5164 2
5165 2
5166 2
5167 -1
5168 -1
5169 -1
5170 -1
5171 2
5172 -1
5173 38
5174 9
5175 9
5176 40
5177 40
5178 -1
5179 -1
5180 -1
5181 58
5182 -1
5183 -1
5184 2
5185 2
5186 42
5187 88
5188 3
5189 3
5190 3
5191 -1
5192 -1
5193 2
5194 2
5195 2
5196 11
5197 11
5198 -1
5199 -1
5200 -1
5201 -1
5202 -1
5203 2
5204 -1
5205 15
5206 -1
5207 -1
5208 1
5209 -1
5210 9
5211 -1
5212 2
5213 2
5214 58
5215 58
5216 -1
5217 -1
5218 -1
5219 -1
5220 -1
5221 2
5222 -1
5223 9
5224 97
5225 94
5226 -1
5227 -1
5228 -1
5229 2
5230 2
5231 11
5232 11
5233 2
5234 2
5235 15
5236 -1
5237 2
5238 2
5239 9
5240 2
5241 2
5242 -1
5243 65
5244 65
5245 2
5246 2
5247 2
5248 -1
5249 2
5250 2
5251 -1
5252 2
5253 2
5254 -1
5255 -1
5256 5
5257 5
5258 10
5259 -1
