0 172
1 76
2 220
3 107
4 160
5 83
6 14
7 30
8 111
9 172
10 89
11 199
12 33
13 41
14 227
15 134
16 154
17 180
18 19
19 230
20 222
21 122
22 34
23 133
24 143
25 159
26 207
27 202
28 63
29 87
30 8
31 160
32 151
33 130
34 53
35 97
36 224
37 52
38 124
39 72
40 111
41 130
42 149
43 214
44 107
45 4
46 48
47 35
48 170
49 191
50 16
51 114
52 173
53 65
54 174
55 38
56 10
57 210
58 93
59 211
60 169
61 28
62 191
63 7
64 241
65 186
66 230
67 135
68 51
69 126
70 236
71 72
72 5
73 17
74 166
75 184
76 140
77 101
78 44
79 22
80 157
81 4
82 39
83 46
84 38
85 125
86 165
87 224
88 39
89 109
90 46
91 112
92 213
93 245
94 133
95 23
96 46
97 31
98 130
99 82
100 109
101 201
102 154
103 25
104 162
105 168
106 163
107 61
108 127
109 163
110 44
111 101
112 117
113 27
114 12
115 136
116 117
117 157
118 175
119 27
120 44
121 74
122 198
123 72
124 156
125 72
126 95
127 104
128 204
129 63
130 219
131 54
132 157
133 84
134 25
135 163
136 211
137 20
138 223
139 31
140 39
141 43
142 79
143 58
144 2
145 129
146 13
147 81
148 211
149 47
150 19
151 228
152 72
153 160
154 118
155 180
156 120
157 186
158 99
159 35
160 65
161 218
162 45
163 239
164 241
165 15
166 155
167 79
168 12
169 170
170 235
171 160
172 197
173 201
174 150
175 116
176 134
177 41
178 200
179 112
180 107
181 38
182 140
183 31
184 179
185 89
186 19
187 72
188 169
189 157
190 3
191 72
192 246
193 116
194 159
195 32
196 26
197 138
198 106
199 105
200 231
201 73
202 31
203 222
204 205
205 11
206 58
207 35
208 13
209 60
210 177
211 91
212 19
213 158
214 207
215 134
216 143
217 113
218 147
219 41
220 8
221 5
222 234
223 118
224 122
225 48
226 24
227 160
228 50
229 79
230 200
231 148
232 38
233 96
234 152
235 207
236 44
237 192
238 43
239 99
240 45
241 183
242 58
243 150
244 82
245 28
246 216
247 135
248 28
249 210
250 4
251 2
252 226
253 72
254 230
255 10
256 223
257 217
258 104
259 180
260 16
261 101
262 207
263 61
264 224
265 4
266 244
267 6
268 61
269 104
270 94
271 190
272 163
273 1
274 35
275 25
276 82
277 187
278 58
279 18
280 102
281 108
282 188
283 101
284 188
285 72
286 17
287 137
288 126
289 160
290 31
291 200
292 199
293 153
294 175
295 186
296 160
297 92
298 186
299 20
301 174
302 130
303 126
304 103
305 8
306 208
307 98
308 136
309 214
310 104
311 35
312 181
313 8
314 140
315 16
316 171
317 187
318 133
319 78
320 15
321 232
322 177
323 236
324 246
325 68
326 216
327 107
328 80
329 19
330 81
331 122
332 201
333 204
334 26
335 219
336 218
337 31
338 97
339 139
340 96
341 4
342 88
343 77
344 77
345 100
346 99
347 135
348 138
349 170
350 163
351 15
352 162
353 206
354 39
355 1
356 211
357 202
358 240
359 45
360 237
361 31
362 191
363 76
364 1
365 31
366 31
367 141
368 173
369 134
370 130
371 79
372 186
373 2
374 12
375 235
376 6
377 233
378 34
379 158
380 9
381 186
382 40
383 65
384 190
385 131
386 41
387 100
388 59
389 12
390 33
391 211
392 28
393 199
394 164
395 189
396 64
397 52
398 248
399 55
400 80
401 42
402 71
403 129
404 107
405 120
406 192
407 86
408 38
409 35
410 241
411 112
412 104
413 83
414 174
415 143
416 81
417 34
418 112
419 14
420 133
421 97
422 36
423 15
424 52
425 126
426 204
427 199
428 42
429 197
430 132
431 74
432 85
433 170
434 238
435 19
436 159
437 162
438 204
439 113
440 4
441 18
442 129
443 241
444 195
445 75
446 137
447 157
448 157
449 39
450 134
451 117
452 115
453 60
454 2
455 106
456 9
457 99
458 146
459 137
460 169
461 30
462 189
463 23
464 100
465 155
466 39
467 93
468 91
469 162
470 94
471 101
472 99
473 103
474 5
475 94
476 52
477 177
478 138
479 246
480 204
481 19
482 79
483 115
484 39
485 116
486 180
487 119
488 3
489 31
490 2
491 59
492 106
493 175
494 135
495 133
496 144
497 12
498 128
499 164
500 32
501 80
502 114
503 199
504 6
505 82
506 144
507 20
508 4
509 174
510 72
511 242
512 174
513 235
514 72
515 174
516 154
517 167
518 12
519 107
520 223
522 83
523 189
524 224
525 149
526 96
527 204
528 58
529 239
530 31
531 46
532 48
533 7
534 107
535 162
536 130
537 86
538 72
539 93
540 181
541 206
542 174
543 136
544 23
545 239
546 30
547 201
548 17
549 144
550 77
551 94
552 100
553 30
554 230
555 109
556 5
557 186
558 112
559 103
560 17
561 242
562 127
563 244
564 20
565 160
566 46
567 157
568 133
569 159
570 29
571 191
572 108
573 163
574 181
575 224
576 87
577 88
578 68
579 180
580 190
581 243
582 224
583 129
584 204
585 220
586 35
587 162
588 230
589 101
590 190
591 4
592 190
593 96
594 132
595 201
596 192
597 179
598 204
599 142
600 194
601 193
602 73
603 59
604 119
605 224
606 37
607 135
608 161
609 204
610 91
611 88
612 67
613 5
614 243
615 13
616 129
617 113
618 116
619 23
620 75
621 193
622 201
623 20
624 126
625 46
626 127
627 165
628 2
629 157
630 147
631 138
632 16
633 65
634 28
635 21
636 81
637 200
638 131
639 143
640 216
641 17
642 82
643 148
644 132
645 209
646 134
647 117
648 44
649 31
650 142
651 0
652 192
654 94
655 74
656 89
657 61
658 133
659 166
660 177
661 197
662 242
663 97
664 0
665 131
666 200
667 205
668 2
669 213
670 89
671 18
672 73
673 31
674 3
675 119
676 75
677 77
678 210
679 229
680 125
681 110
682 69
683 58
684 157
685 32
686 26
687 62
688 107
689 167
690 117
691 96
692 96
693 127
694 181
695 170
696 140
697 63
698 165
699 113
700 31
701 235
702 224
703 170
704 198
705 38
706 32
707 31
708 134
709 97
710 18
711 96
712 61
713 47
715 61
716 87
717 80
718 70
719 109
720 50
721 159
722 70
723 159
724 141
725 22
726 87
727 171
728 204
729 44
730 132
731 112
732 72
733 88
734 145
735 134
736 34
737 191
738 245
739 59
740 131
741 111
742 19
743 157
744 17
745 36
746 172
747 24
748 167
749 28
750 176
751 140
752 159
753 176
754 160
755 117
756 91
757 100
758 157
759 233
760 146
761 19
762 2
763 180
764 41
765 45
766 159
767 106
768 74
769 40
770 52
771 89
772 95
773 130
774 3
775 69
776 0
777 230
778 73
779 143
780 27
781 132
782 225
783 191
784 82
785 105
786 65
787 130
788 239
789 190
790 144
791 119
792 15
793 130
794 233
795 95
796 157
797 186
798 114
799 89
800 204
801 9
802 82
803 154
804 98
805 179
806 97
807 104
808 159
809 52
810 5
811 95
812 65
813 27
814 170
815 31
816 167
817 239
818 213
819 45
820 190
821 109
822 115
823 244
824 163
825 157
826 176
827 74
828 4
829 88
830 34
831 89
832 243
833 208
834 178
835 230
836 4
837 13
838 53
839 183
840 79
841 126
842 28
843 152
844 52
845 3
846 122
847 143
848 224
849 24
850 222
851 237
852 240
853 129
854 222
855 241
856 157
857 133
858 154
859 75
860 94
861 187
862 165
863 135
864 170
865 157
866 10
867 183
868 82
869 58
870 102
871 79
872 17
873 7
874 41
875 71
876 191
877 73
878 44
879 99
880 45
881 183
882 34
883 16
884 168
885 27
886 156
887 31
888 93
889 214
890 106
891 94
892 32
893 31
894 204
895 177
896 83
897 200
898 197
899 174
900 26
901 18
902 115
903 174
904 189
905 63
906 151
907 202
908 225
909 205
910 63
911 190
912 233
913 41
914 91
915 75
916 137
917 59
918 176
919 35
920 213
921 3
922 204
923 39
924 19
925 2
926 60
927 24
928 83
929 59
930 204
931 149
932 97
933 19
934 4
935 77
936 137
937 238
938 112
939 133
940 176
941 147
942 238
943 141
944 154
945 208
946 24
947 213
948 39
949 72
950 75
951 11
952 128
953 182
954 127
955 107
956 89
957 17
958 86
959 16
960 139
961 174
962 243
963 144
964 88
965 4
966 213
967 19
968 81
969 154
970 130
971 186
972 122
973 31
974 130
975 103
976 24
977 113
978 73
979 190
980 208
981 237
982 78
983 211
984 54
985 118
986 225
987 9
988 205
989 174
990 167
991 104
992 11
993 72
994 149
995 52
996 112
997 118
998 204
999 177
1000 210
1001 2
1002 18
1003 139
1004 181
1005 3
1006 94
1007 167
1008 160
1009 201
1010 23
1011 4
1012 142
1013 186
1014 73
1015 130
1016 242
1017 144
1018 157
1019 1
1020 80
1021 132
1022 19
1023 211
1024 130
1025 82
1026 235
1027 168
1028 27
1029 5
1030 114
1031 170
1032 94
1033 224
1034 234
1035 237
1036 204
1037 236
1038 162
1039 1
1040 39
1041 118
1042 17
1043 236
1044 12
1045 112
1046 102
1047 159
1048 237
1049 50
1050 94
1051 83
1052 84
1053 0
1054 222
1055 157
1056 209
1057 141
1058 211
1059 131
1060 100
1061 167
1062 198
1063 230
1064 220
1065 159
1066 114
1067 161
1068 18
1069 76
1070 12
1071 143
1072 99
1073 144
1074 49
1075 2
1076 58
1077 206
1078 187
1079 93
1080 206
1081 70
1082 76
1083 30
1084 50
1085 41
1086 203
1087 105
1088 122
1089 171
1090 201
1091 148
1092 76
1093 112
1094 198
1095 35
1096 227
1097 143
1098 95
1099 214
1100 26
1101 115
1102 112
1103 116
1104 192
1105 176
1106 57
1107 34
1108 110
1109 162
1110 184
1111 17
1112 23
1113 116
1114 80
1115 136
1116 114
1117 41
1118 146
1119 218
1120 189
1121 115
1122 16
1123 105
1124 50
1125 12
1126 186
1127 148
1128 151
1129 93
1130 133
1131 224
1132 38
1133 130
1134 53
1135 160
1136 60
1137 157
1138 100
1139 191
1140 41
1141 131
1142 201
1143 87
1144 124
1145 131
1146 115
1147 243
1148 70
1149 243
1150 135
1151 112
1152 44
1153 95
1154 130
1155 104
1156 246
1157 127
1158 39
1159 4
1160 63
1161 168
1162 100
1163 245
1164 220
1165 159
1166 186
1167 77
1168 204
1169 142
1170 147
1171 112
1172 174
1173 160
1174 12
1175 162
1176 187
1177 134
1178 125
1179 17
1180 58
1181 235
1182 62
1183 160
1184 138
1185 115
1186 43
1187 210
1188 143
1189 236
1190 207
1191 233
1192 207
1193 9
1194 41
1195 96
1196 167
1197 195
1198 203
1199 238
1200 44
1201 171
1202 81
1203 103
1204 119
1205 31
1206 234
1207 8
1208 211
1209 219
1210 98
1211 81
1212 243
1213 5
1214 239
1215 44
1216 86
1217 17
1218 2
1219 114
1220 115
1221 233
1222 28
1223 48
1224 186
1225 166
1226 40
1227 156
1228 61
1229 180
1230 52
1231 55
1232 184
1233 227
1234 137
1235 45
1236 154
1237 246
1238 68
1239 143
1240 164
1241 137
1242 112
1243 249
1244 94
1245 19
1246 101
1247 106
1248 33
1249 70
1250 27
1251 23
1252 3
1253 204
1254 2
1255 117
1256 28
1257 240
1258 224
1259 120
1260 186
1261 154
1262 88
1263 18
1264 74
1265 233
1266 82
1267 204
1268 199
1269 64
1270 134
1271 183
1272 162
1273 186
1274 158
1275 246
1277 110
1278 62
1279 61
1280 115
1281 70
1282 61
1283 129
1284 39
1285 45
1286 190
1287 190
1288 82
1289 117
1290 238
1291 45
1292 26
1293 228
1294 96
1295 201
1296 225
1297 229
1298 246
1299 174
1300 121
1301 70
1302 148
1303 30
1304 38
1305 33
1306 162
1307 49
1308 93
1309 135
1310 134
1311 73
1312 241
1313 236
1314 72
1315 162
1316 132
1317 24
1318 129
1319 57
1320 112
1321 98
1322 68
1323 211
1324 30
1325 159
1326 114
1327 223
1328 151
1329 134
1330 246
1331 117
1332 33
1333 122
1334 144
1335 197
1336 183
1337 224
1338 129
1339 27
1340 118
1341 204
1342 114
1343 53
1344 194
1345 148
1346 45
1347 186
1348 46
1349 99
1350 83
1351 27
1352 61
1353 201
1354 182
1355 133
1356 17
1357 117
1358 130
1359 117
1360 58
1361 12
1362 182
1363 123
1364 104
1365 29
1366 136
1367 94
1368 95
1369 74
1370 18
1371 222
1372 11
1373 130
1374 246
1375 93
1376 241
1377 96
1378 53
1379 174
1380 96
1381 211
1382 190
1383 174
1384 11
1385 70
1386 15
1387 176
1388 204
1389 81
1390 91
1391 12
1392 0
1393 37
1394 132
1396 200
1397 157
1398 99
1399 230
1400 123
1401 67
1402 176
1403 73
1404 23
1405 143
1406 88
1407 240
1408 218
1409 74
1410 162
1411 244
1412 102
1413 102
1414 37
1415 82
1416 174
1417 167
1418 222
1419 79
1420 30
1421 116
1422 205
1423 211
1424 135
1425 91
1426 179
1427 117
1428 146
1429 46
1430 103
1431 227
1432 14
1433 60
1434 105
1435 236
1436 140
1437 159
1438 113
1439 199
1440 231
1441 143
1442 85
1443 240
1444 141
1445 2
1446 176
1447 240
1448 48
1449 18
1450 138
1451 27
1452 94
1453 72
1454 98
1455 158
1456 208
1457 186
1458 213
1459 27
1460 230
1461 232
1463 186
1464 159
1465 120
1466 11
1467 173
1468 94
1469 8
1470 163
1471 110
1472 198
1473 240
1474 196
1475 232
1476 170
1477 81
1478 9
1479 64
1480 192
1481 119
1482 244
1483 143
1484 112
1485 91
1486 30
1487 143
1488 235
1489 134
1490 170
1491 191
1493 47
1494 213
1495 188
1496 23
1497 82
1498 129
1499 235
1500 71
1501 105
1502 17
1503 9
1504 94
1505 168
1506 115
1507 99
1508 223
1509 71
1510 170
1511 158
1512 66
1513 198
1514 236
1515 248
1516 197
1517 165
1518 212
1519 160
1520 27
1521 144
1522 106
1523 199
1524 45
1525 186
1526 129
1527 85
1528 104
1529 52
1530 65
1531 134
1532 223
1533 17
1534 72
1535 31
1536 4
1537 159
1538 151
1539 99
1540 112
1541 69
1542 219
1543 70
1544 77
1545 120
1546 200
1547 54
1548 44
1549 228
1550 12
1551 6
1552 211
1553 45
1554 137
1555 0
1556 12
1557 16
1558 52
1559 190
1560 246
1561 19
1562 85
1563 83
1564 18
1565 154
1566 106
1567 94
1568 110
1569 132
1570 31
1571 234
1572 65
1573 34
1574 246
1575 52
1576 186
1577 184
1578 182
1579 136
1580 234
1581 53
1582 162
1583 11
1584 91
1585 13
1586 41
1587 42
1588 196
1589 129
1590 222
1591 186
1592 27
1593 118
1594 174
1595 55
1596 186
1597 93
1598 40
1599 102
1600 78
1601 69
1602 97
1603 246
1604 240
1605 145
1606 33
1607 41
1608 191
1609 206
1610 80
1611 123
1612 158
1613 48
1614 82
1615 106
1616 196
1617 209
1618 13
1619 19
1620 72
1621 3
1622 1
1623 115
1624 30
1625 17
1626 115
1627 72
1628 246
1629 142
1630 97
1631 40
1632 186
1633 150
1634 160
1635 221
1636 192
1637 48
1638 40
1639 33
1640 129
1641 40
1642 132
1643 79
1644 45
1645 18
1646 188
1647 73
1648 137
1649 238
1650 79
1651 163
1652 104
1653 233
1654 17
1655 88
1656 61
1657 116
1658 245
1659 26
1660 234
1661 73
1662 12
1663 83
1664 207
1665 160
1666 28
1667 58
1668 94
1669 208
1670 58
1671 110
1672 87
1673 80
1674 26
1675 94
1676 202
1677 33
1678 102
1679 247
1680 222
1681 11
1682 243
1683 182
1684 182
1685 140
1686 138
1687 60
1688 200
1689 53
1690 19
1691 104
1692 94
1693 210
1694 57
1695 239
1696 224
1697 29
1698 216
1699 118
1700 117
1701 108
1702 112
1703 83
1704 4
1705 67
1706 107
1707 29
1708 57
1709 3
1710 44
1711 77
1712 244
1713 56
1714 138
1715 73
1716 47
1717 104
1718 207
1719 103
1720 104
1721 2
1722 4
1723 174
1725 198
1726 44
1727 100
1728 82
1729 28
1730 2
1731 131
1732 201
1733 27
1734 103
1735 107
1736 28
1737 63
1738 130
1739 116
1740 65
1741 39
1742 74
1743 58
1744 243
1745 143
1746 80
1747 61
1748 28
1749 235
1750 19
1751 25
1752 225
1753 150
1754 111
1755 204
1756 243
1757 105
1758 45
1759 31
1760 154
1761 20
1762 95
1763 18
1764 130
1765 52
1766 141
1767 104
1768 201
1770 96
1771 237
1772 159
1773 35
1774 123
1775 31
1776 83
1777 44
1778 9
1779 99
1780 17
1781 139
1782 122
1783 1
1784 113
1785 187
1786 67
1787 65
1788 116
1789 200
1790 74
1791 241
1792 162
1793 75
1794 112
1795 48
1796 21
1797 115
1798 119
1799 199
1800 30
1801 177
1802 112
1803 165
1804 183
1805 29
1806 93
1807 165
1808 94
1809 168
1810 160
1811 167
1812 235
1813 39
1814 38
1815 207
1816 78
1817 127
1818 108
1819 107
1820 53
1821 31
1822 57
1823 60
1824 248
1825 28
1826 94
1827 133
1828 116
1829 4
1830 217
1831 199
1832 36
1833 176
1834 99
1835 117
1836 16
1837 205
1838 116
1839 240
1840 204
1841 55
1842 218
1843 190
1844 134
1845 116
1846 65
1847 160
1848 163
1849 164
1850 50
1851 167
1852 154
1853 71
1854 137
1855 120
1856 94
1857 68
1858 16
1859 75
1860 187
1861 20
1862 155
1863 0
1864 9
1865 85
1866 18
1867 28
1868 159
1869 208
1870 9
1871 69
1872 33
1873 89
1874 68
1875 173
1876 25
1877 117
1878 137
1879 36
1881 101
1882 27
1883 189
1884 135
1885 99
1886 82
1887 134
1888 149
1889 130
1890 130
1891 107
1892 35
1893 93
1894 68
1895 61
1896 6
1897 28
1898 174
1899 209
1900 89
1901 133
1902 79
1903 197
1904 23
1905 211
1906 112
1907 38
1908 124
1909 1
1910 126
1911 6
1912 88
1913 147
1914 12
1915 204
1916 230
1917 103
1918 120
1919 45
1920 136
1921 134
1922 206
1923 239
1924 31
1925 37
1926 85
1927 225
1928 96
1929 140
1930 122
1931 170
1932 240
1933 175
1934 112
1935 188
1936 239
1937 218
1938 246
1939 16
1940 74
1941 186
1942 99
1943 123
1944 141
1945 190
1946 138
1947 130
1948 239
1949 69
1950 92
1951 131
1952 18
1953 115
1954 107
1955 66
1956 135
1957 209
1958 112
1959 2
1960 180
1961 21
1962 162
1963 138
1964 62
1965 159
1966 17
1967 160
1968 224
1969 58
1970 136
1971 185
1972 28
1973 232
1974 87
1975 5
1976 170
1977 45
1978 12
1979 2
1980 46
1981 234
1982 10
1983 153
1984 220
1985 108
1986 207
1987 167
1988 141
1989 32
1990 15
1991 32
1992 183
1993 163
1994 240
1995 235
1996 18
1997 172
1998 28
1999 93
2000 230
2001 49
2002 9
2003 153
2004 2
2005 155
2006 17
2007 27
2008 158
2009 160
2010 14
2011 232
2012 123
2013 115
2014 21
2015 89
2016 39
2017 141
2018 188
2019 129
2020 135
2021 241
2022 63
2023 116
2024 100
2025 130
2026 52
2027 121
2028 18
2029 94
2030 211
2031 5
2032 159
2033 87
2034 95
2035 224
2036 18
2037 20
2038 7
2039 17
2040 94
2041 94
2042 153
2043 96
2044 127
2045 186
2046 85
2047 136
2048 246
2049 174
2050 30
2051 11
2052 191
2053 52
2054 21
2055 169
2056 15
2057 138
2058 171
2059 77
2060 5
2061 112
2062 96
2063 7
2064 26
2065 88
2066 88
2067 94
2068 141
2069 166
2070 204
2071 13
2072 103
2073 205
2074 129
2075 191
2076 134
2077 13
2078 224
2079 112
2080 160
2081 222
2082 96
2083 94
2084 31
2085 13
2086 190
2087 23
2088 75
2089 159
2090 150
2091 174
2092 115
2093 77
2094 34
2095 190
2096 34
2097 152
2098 231
2099 242
2100 6
2101 47
2102 112
2103 18
2104 66
2105 221
2106 190
2107 218
2108 1
2109 137
2110 240
2111 52
2112 4
2113 11
2114 141
2115 146
2116 117
2117 186
2118 163
2119 204
2120 112
2121 178
2122 191
2123 82
2124 73
2125 136
2126 35
2127 180
2128 41
2129 209
2130 204
2131 248
2132 219
2133 89
2134 94
2135 66
2136 40
2137 135
2138 74
2139 53
2140 4
2141 172
2142 200
2143 184
2144 170
2145 186
2146 28
2147 10
2148 220
2149 99
2150 69
2151 94
2152 61
2153 214
2154 45
2155 142
2156 3
2157 174
2158 127
2159 26
2160 70
2161 57
2162 94
2163 68
2164 13
2165 80
2166 5
2167 210
2168 30
2169 4
2170 135
2171 230
2172 145
2173 77
2174 218
2175 123
2176 168
2177 170
2178 12
2179 142
2180 19
2181 3
2182 218
2183 126
2184 224
2185 155
2186 2
2187 216
2188 230
2189 73
2190 157
2191 235
2192 103
2193 225
2194 135
2195 87
2196 238
2197 63
2198 187
2199 245
2200 8
2201 174
2202 174
2203 130
2204 200
2205 137
2206 190
2207 8
2208 191
2209 3
2211 55
2212 69
2213 88
2214 107
2215 37
2216 174
2217 222
2218 141
2219 207
2220 200
2221 95
2222 186
2223 59
2224 185
2225 72
2226 28
2227 89
2228 31
2229 124
2230 24
2231 191
2232 247
2233 204
2234 32
2235 30
2236 95
2237 16
2238 23
2239 25
2240 15
2241 30
2242 4
2243 125
2244 117
2245 133
2246 173
2247 80
2248 217
2249 112
2250 145
2251 186
2252 235
2253 113
2254 169
2255 174
2256 207
2257 207
2258 94
2260 114
2261 24
2262 180
2263 112
2264 126
2265 15
2266 61
2267 152
2268 4
2269 94
2270 89
2271 31
2272 192
2273 186
2274 195
2275 211
2276 141
2277 31
2278 240
2279 94
2280 159
2281 230
2282 15
2283 17
2284 194
2285 124
2286 38
2287 124
2288 84
2289 124
2290 58
2291 72
2292 4
2293 31
2294 170
2295 127
2296 83
2297 110
2298 34
2299 32
2300 99
2301 154
2302 122
2303 21
2304 27
2305 91
2306 109
2307 141
2309 52
2310 130
2311 130
2312 112
2313 224
2314 246
2315 4
2316 229
2317 7
2318 55
2319 24
2320 81
2321 132
2322 31
2323 228
2324 163
2325 86
2327 225
2328 129
2329 82
2330 154
2331 39
2332 86
2333 238
2334 122
2335 169
2336 236
2337 204
2338 99
2339 7
2340 0
2341 20
2342 170
2343 170
2344 219
2345 183
2346 224
2347 170
2348 103
2349 162
2350 39
2351 76
2352 31
2353 112
2354 245
2355 57
2356 174
2357 8
2358 69
2359 117
2360 32
2361 42
2362 103
2363 159
2364 201
2365 69
2366 184
2367 94
2368 20
2369 1
2370 241
2371 211
2372 231
2373 44
2374 146
2375 149
2376 141
2377 34
2378 104
2379 47
2380 112
2382 26
2383 85
2384 225
2385 204
2386 242
2387 218
2388 238
2389 40
2390 8
2391 130
2392 168
2393 72
2394 31
2395 27
2396 35
2397 139
2398 133
2399 248
2400 211
2401 204
2402 92
2403 154
2404 191
2405 68
2406 129
2407 83
2408 52
2409 45
2410 13
2411 118
2412 207
2413 207
2414 197
2415 163
2416 32
2417 162
2418 88
2419 98
2420 1
2421 96
2422 37
2423 174
2424 31
2425 144
2426 118
2427 82
2428 220
2429 31
2430 82
2431 61
2432 141
2433 94
2434 170
2435 27
2436 3
2437 9
2438 168
2439 109
2440 30
2441 222
2442 58
2443 4
2444 117
2445 20
2446 211
2447 204
2448 54
2449 240
2450 128
2451 2
2452 118
2453 125
2454 102
2455 23
2456 107
2457 155
2458 67
2459 94
2460 179
2461 39
2462 138
2463 16
2464 154
2465 167
2466 130
2467 101
2468 35
2469 83
2470 140
2471 222
2472 187
2473 82
2474 122
2475 244
2476 72
2477 216
2478 87
2479 33
2480 110
2481 112
2482 74
2483 240
2484 103
2485 77
2486 114
2487 208
2488 154
2489 157
2490 112
2491 31
2492 17
2493 94
2494 117
2495 143
2496 82
2497 230
2498 153
2499 244
2500 206
2501 129
2503 138
2504 222
2505 207
2506 61
2507 236
2508 219
2509 2
2510 109
2511 168
2512 152
2513 18
2514 32
2515 130
2516 107
2517 87
2518 32
2519 13
2520 4
2521 185
2522 11
2523 227
2524 139
2525 230
2526 94
2527 89
2528 3
2529 238
2530 24
2531 111
2532 3
2533 167
2534 115
2535 110
2536 10
2537 3
2538 123
2539 18
2540 229
2541 35
2542 249
2543 140
2544 6
2545 134
2546 93
2547 134
2548 116
2549 200
2550 70
2551 198
2552 143
2553 185
2554 177
2555 135
2556 130
2557 58
2558 234
2559 216
2560 197
2561 116
2562 55
2563 109
2564 135
2565 106
2566 174
2567 34
2568 201
2569 187
2570 144
2571 230
2572 171
2573 44
2574 144
2575 155
2576 8
2577 39
2578 84
2579 165
2580 162
2581 20
2582 135
2583 167
2584 52
2585 126
2586 63
2587 95
2588 113
2589 159
2590 2
2591 62
2592 133
2593 211
2595 61
2596 1
2597 111
2598 19
2599 240
2600 30
2601 20
2602 4
2603 157
2604 26
2605 157
2606 230
2608 83
2609 202
2610 135
2611 132
2612 245
2613 60
2614 115
2615 136
2616 143
2617 91
2618 9
2619 68
2620 238
2621 202
2622 111
2623 97
2624 36
2625 248
2626 94
2627 139
2628 204
2629 103
2630 174
2631 10
2632 130
2633 143
2634 242
2635 244
2636 105
2637 35
2638 51
2639 211
2640 40
2641 93
2642 27
2643 12
2644 50
2645 97
2646 184
2647 149
2648 243
2649 88
2650 241
2651 74
2652 221
2653 202
2654 8
2655 146
2656 27
2657 127
2658 121
2659 83
2660 235
2661 20
2662 1
2663 238
2665 34
2666 131
2667 31
2668 69
2669 170
2670 89
2671 186
2672 76
2673 151
2674 57
2675 94
2676 68
2677 157
2678 2
2679 4
2680 102
2681 19
2682 143
2683 195
2684 87
2685 6
2686 68
2687 153
2688 31
2689 117
2690 59
2691 188
2692 105
2693 218
2694 130
2695 107
2696 63
2697 25
2698 198
2699 234
2700 209
2701 75
2702 12
2703 24
2704 104
2705 94
2706 221
2707 82
2708 60
2709 160
2710 235
2711 138
2712 220
2713 129
2714 221
2715 204
2716 71
2717 130
2718 120
2719 130
2720 155
2721 61
2722 154
2723 82
2724 190
2725 157
2727 48
2728 170
2729 105
2730 219
2731 53
2732 20
2733 10
2734 93
2735 91
2736 170
2737 138
2738 163
2739 57
2740 46
2741 24
2742 225
2743 166
2744 190
2745 44
2746 67
2747 8
2748 220
2749 236
2750 237
2751 129
2752 174
2753 223
2754 83
2755 237
2756 31
2757 121
2758 113
2759 27
2760 186
2761 73
2762 137
2763 32
2764 113
2765 63
2766 137
2767 7
2768 176
2769 170
2770 134
2771 94
2773 80
2774 174
2775 133
2776 47
2777 174
2778 52
2779 35
2780 138
2781 186
2782 5
2783 32
2784 103
2785 177
2786 233
2787 8
2788 208
2789 183
2790 108
2791 188
2792 187
2793 95
2794 35
2795 84
2796 121
2797 70
2798 175
2799 224
2800 218
2801 85
2802 99
2803 11
2804 114
2805 116
2806 106
2807 17
2808 138
2809 246
2810 125
2811 173
2812 210
2813 117
2814 99
2815 47
2816 200
2817 117
2818 85
2819 31
2820 192
2821 108
2822 224
2823 103
2824 77
2825 18
2826 103
2827 2
2828 82
2829 138
2830 183
2831 240
2832 73
2833 61
2834 45
2835 33
2836 77
2837 105
2838 195
2839 220
2840 84
2841 3
2842 19
2843 75
2844 53
2845 160
2846 229
2847 72
2848 16
2849 238
2850 224
2851 35
2852 230
2853 4
2854 233
2855 11
2856 27
2857 209
2858 189
2859 52
2860 20
2861 82
2862 221
2863 190
2864 4
2865 61
2866 27
2867 136
2868 81
2869 150
2870 128
2871 114
2872 147
2873 10
2874 120
2875 78
2876 230
2877 229
2878 149
2879 65
2880 61
2881 193
2882 216
2883 44
2884 134
2885 73
2886 96
2887 85
2888 112
2889 187
2890 174
2891 190
2892 65
2893 246
2894 211
2895 109
2896 222
2897 186
2898 112
2899 193
2900 143
2901 219
2902 2
2903 131
2904 94
2905 206
2906 31
2907 239
2908 40
2909 208
2910 17
2911 162
2912 77
2913 232
2914 111
2915 79
2916 154
2917 71
2918 185
2919 83
2920 130
2921 110
2922 52
2923 104
2924 99
2925 191
2926 3
2927 35
2928 200
2929 238
2930 188
2931 225
2932 38
2933 232
2934 43
2935 162
2936 220
2937 44
2938 20
2939 18
2940 189
2941 0
2942 223
2943 80
2944 202
2945 46
2946 58
2947 82
2948 96
2949 119
2950 146
2951 79
2952 85
2953 134
2954 232
2955 51
2956 113
2957 68
2958 2
2960 174
2961 106
2962 122
2963 181
2964 156
2965 194
2966 104
2967 45
2968 94
2969 199
2970 128
2971 39
2972 195
2973 3
2974 82
2975 77
2976 239
2977 44
2978 83
2979 5
2980 34
2981 101
2982 148
2983 170
2984 29
2985 135
2986 156
2987 38
2988 10
2989 133
2990 8
2991 130
2992 32
2993 100
2994 237
2995 16
2996 141
2997 40
2998 241
2999 58
3000 165
3001 11
3002 219
3003 86
3004 77
3005 81
3006 24
3007 16
3008 145
3009 137
3010 11
3011 62
3012 83
3013 154
3014 95
3015 31
3016 143
3017 138
3018 88
3019 210
3020 45
3021 243
3022 207
3023 49
3024 189
3025 76
3027 199
3028 8
3029 13
3030 89
3031 115
3032 19
3033 240
3034 47
3035 185
3036 72
3037 27
3038 186
3039 178
3040 81
3041 158
3042 157
3043 24
3044 141
3045 127
3046 188
3047 55
3048 64
3049 103
3050 194
3051 35
3052 10
3053 223
3054 204
3055 110
3056 224
3057 25
3058 103
3059 91
3060 72
3062 79
3063 204
3064 114
3065 18
3066 241
3067 19
3068 10
3069 134
3070 143
3071 72
3072 82
3073 67
3074 143
3075 151
3076 70
3077 166
3078 41
3079 235
3080 81
3081 51
3082 241
3083 95
3084 18
3085 8
3086 90
3087 113
3088 67
3089 204
3090 58
3091 110
3092 129
3093 202
3094 107
3095 81
3096 9
3097 181
3098 19
3099 132
3100 109
3101 58
3102 78
3103 32
3104 8
3105 5
3106 17
3107 174
3108 133
3109 77
3110 70
3111 113
3112 141
3113 179
3114 195
3115 220
3116 135
3117 17
3118 243
3119 4
3120 149
3121 98
3122 133
3123 170
3124 4
3125 195
3126 72
3127 19
3128 32
3129 135
3130 94
3131 48
3132 174
3133 222
3134 59
3135 66
3136 17
3137 180
3138 186
3139 42
3140 153
3141 67
3142 174
3143 244
3144 123
3145 230
3146 4
3147 204
3148 30
3149 112
3150 148
3151 132
3152 207
3153 18
3154 33
3155 223
3156 211
3157 18
3158 75
3159 231
3160 186
3161 33
3162 143
3163 31
3164 83
3165 2
3166 50
3167 45
3168 225
3169 149
3170 66
3171 246
3172 44
3173 119
3174 134
3175 107
3176 3
3177 167
3178 54
3179 36
3180 45
3181 193
3182 83
3183 211
3184 148
3185 4
3186 209
3187 12
3188 212
3189 170
3190 81
3191 153
3192 12
3193 60
3194 249
3195 214
3196 64
3197 35
3198 130
3199 191
3200 104
3201 31
3202 10
3203 224
3204 157
3205 229
3206 103
3207 247
3208 80
3209 40
3210 34
3211 19
3212 128
3213 23
3214 148
3215 108
3216 112
3217 152
3218 224
3219 114
3220 192
3221 83
3222 48
3223 210
3224 18
3225 11
3226 33
3227 81
3228 72
3229 21
3230 94
3231 82
3232 50
3233 17
3234 82
3235 133
3236 85
3237 58
3238 68
3239 40
3240 166
3241 229
3242 204
3243 36
3244 211
3245 36
3246 87
3247 134
3248 96
3249 58
3250 30
3251 187
3252 7
3253 232
3254 163
3255 153
3256 224
3257 144
3258 73
3259 4
3260 58
3261 52
3262 190
3263 244
3264 39
3265 104
3267 82
3268 7
3269 94
3270 99
3271 186
3272 94
3273 23
3274 18
3275 83
3276 218
3277 124
3278 5
3279 77
3280 12
3281 131
3282 6
3283 245
3284 207
3285 75
3286 76
3287 95
3288 201
3289 13
3290 131
3291 117
3292 37
3293 19
3294 47
3295 26
3296 245
3297 210
3298 81
3299 233
3300 241
3301 174
3302 210
3303 83
3304 49
3305 89
3306 131
3307 218
3308 116
3309 144
3310 137
3311 5
3312 169
3313 8
3314 186
3315 174
3316 73
3317 83
3318 118
3319 61
3320 216
3321 151
3322 30
3323 211
3324 6
3325 147
3326 83
3327 206
3328 213
3329 9
3330 25
3331 186
3332 91
3333 1
3334 202
3335 93
3336 176
3337 64
3338 218
3339 214
3340 112
3341 48
3342 35
3343 207
3344 157
3345 9
3346 143
3347 134
3348 153
3349 129
3350 45
3351 188
3352 19
3353 246
3354 143
3355 71
3356 115
3357 137
3358 108
3359 197
3360 66
3361 105
3362 191
3363 26
3364 44
3365 135
3366 142
3367 18
3368 218
3369 224
3370 130
3371 192
3372 110
3373 219
3374 130
3375 61
3376 123
3377 237
3378 184
3379 140
3380 72
3381 11
3382 23
3383 129
3384 59
3385 102
3386 159
3387 238
3388 187
3389 47
3390 216
3391 236
3392 4
3393 4
3394 197
3395 123
3396 73
3397 158
3398 27
3399 160
3400 167
3401 112
3402 180
3403 9
3405 1
3406 12
3407 187
3408 210
3409 50
3410 148
3411 206
3412 31
3413 98
3414 107
3415 64
3416 95
3417 204
3418 34
3419 134
3420 75
3421 114
3422 95
3423 39
3424 39
3425 124
3426 202
3427 112
3428 21
3429 170
3430 100
3431 1
3432 68
3433 33
3434 154
3435 61
3436 186
3437 103
3438 1
3439 109
3440 37
3441 109
3442 96
3443 213
3444 183
3445 45
3446 123
3447 72
3448 45
3449 50
3450 143
3451 111
3452 188
3454 3
3455 57
3456 32
3457 29
3458 192
3459 160
3460 82
3461 42
3462 240
3463 100
3464 52
3465 200
3466 84
3467 24
3468 1
3469 124
3470 138
3471 131
3472 36
3473 36
3474 183
3475 179
3476 40
3477 186
3478 115
3479 147
3480 97
3481 167
3482 94
3483 67
3484 56
3485 101
3486 115
3487 145
3488 31
3489 109
3490 186
3491 4
3493 215
3494 51
3495 57
3496 84
3497 59
3498 68
3499 44
3500 248
3501 171
3502 80
3503 204
3504 2
3505 72
3506 107
3507 230
3508 249
3509 217
3510 49
3511 86
3512 91
3513 94
3514 19
3515 134
3516 60
3517 70
3519 26
3520 67
3521 23
3522 0
3523 112
3525 144
3526 82
3527 122
3528 32
3529 102
3530 179
3531 4
3532 246
3533 106
3534 135
3535 2
3536 32
3537 243
3538 35
3539 134
3540 202
3541 12
3542 94
3543 4
3544 144
3545 23
3546 248
3547 52
3548 216
3549 49
3550 164
3551 15
3552 22
3553 42
3554 96
3555 19
3556 97
3557 86
3558 143
3559 17
3560 146
3561 0
3562 10
3563 190
3564 144
3565 149
3566 101
3567 213
3568 2
3569 187
3570 33
3571 242
3572 16
3573 243
3575 207
3576 185
3577 13
3578 29
3579 120
3580 106
3581 130
3582 240
3583 241
3584 6
3585 77
3586 12
3587 114
3588 247
3589 227
3590 99
3591 133
3592 33
3593 223
3594 200
3595 114
3596 186
3597 90
3598 85
3599 138
3600 105
3601 106
3602 88
3603 208
3604 94
3605 4
3606 89
3607 230
3608 208
3609 117
3610 52
3611 77
3612 178
3613 186
3614 42
3615 119
3616 1
3617 130
3618 96
3619 43
3620 204
3621 17
3622 119
3623 124
3624 43
3625 157
3626 191
3627 20
3628 147
3629 52
3630 237
3631 246
3632 194
3633 1
3634 230
3636 185
3637 79
3638 129
3639 13
3640 48
3641 2
3642 114
3644 156
3645 134
3646 82
3647 118
3648 59
3649 8
3650 244
3651 122
3652 234
3653 223
3654 8
3655 125
3656 168
3657 180
3658 24
3659 51
3660 4
3661 24
3662 139
3663 4
3664 176
3665 190
3666 160
3667 131
3668 139
3669 186
3670 207
3671 38
3672 97
3673 211
3674 31
3675 134
3676 35
3677 213
3678 116
3679 94
3680 83
3681 84
3682 178
3683 107
3684 13
3685 49
3686 130
3688 23
3689 19
3690 115
3691 19
3692 40
3693 208
3694 168
3695 49
3696 238
3697 170
3698 56
3699 99
3700 211
3701 35
3702 46
3703 166
3704 125
3705 155
3706 19
3707 171
3708 139
3709 21
3710 4
3711 115
3712 224
3713 240
3714 130
3715 81
3716 133
3717 220
3719 207
3720 40
3721 39
3722 145
3723 184
3724 113
3725 220
3726 45
3727 26
3728 44
3729 110
3730 224
3731 43
3732 117
3733 159
3734 87
3735 81
3736 129
3737 1
3738 12
3739 144
3740 244
3741 116
3742 16
3743 115
3744 33
3745 159
3746 12
3747 4
3748 218
3749 189
3750 38
3751 39
3752 177
3753 2
3754 232
3755 157
3756 197
3757 190
3758 211
3759 144
3760 135
3761 116
3762 41
3763 213
3764 153
3765 16
3766 246
3767 23
3768 237
3769 2
3770 116
3771 16
3772 231
3773 101
3774 233
3775 130
3776 248
3777 114
3778 4
3779 35
3780 90
3781 214
3782 27
3783 173
3784 14
3785 160
3786 153
3787 28
3788 13
3789 33
3790 7
3791 36
3792 247
3793 82
3794 80
3795 214
3796 157
3797 165
3798 12
3799 160
3800 63
3801 134
3802 93
3803 5
3804 3
3805 160
3806 4
3807 169
3808 72
3809 11
3811 237
3812 20
3813 12
3814 222
3815 93
3816 202
3817 192
3818 223
3819 209
3820 204
3821 155
3822 187
3823 25
3824 4
3825 189
3826 74
3827 140
3828 100
3829 193
3830 130
3831 126
3832 73
3833 125
3834 27
3835 49
3836 94
3837 230
3838 136
3839 32
3840 27
3841 121
3842 189
3843 80
3844 140
3845 162
3846 20
3847 202
3848 72
3849 116
3850 194
3851 133
3852 156
3853 35
3854 154
3855 248
3856 103
3857 90
3858 116
3859 109
3860 106
3861 92
3862 10
3863 95
3864 35
3865 145
3866 76
3867 42
3868 225
3869 32
3870 185
3871 96
3872 195
3873 12
3874 72
3875 22
3876 58
3877 150
3878 138
3879 66
3880 211
3881 135
3882 134
3883 31
3884 134
3885 249
3886 110
3887 24
3888 192
3889 113
3890 136
3891 111
3892 39
3893 170
3894 63
3895 36
3896 76
3897 103
3898 80
3899 157
3901 205
3902 118
3903 99
3904 39
3905 100
3906 218
3907 89
3908 186
3909 247
3910 96
3911 157
3912 19
3913 77
3914 67
3915 5
3916 124
3917 64
3918 135
3919 67
3920 119
3921 200
3922 113
3923 202
3924 112
3925 242
3926 57
3927 112
3928 182
3929 36
3930 211
3931 71
3932 167
3933 3
3934 224
3935 73
3936 210
3938 143
3939 29
3940 130
3941 154
3943 231
3944 45
3945 43
3946 65
3947 51
3948 23
3949 18
3950 232
3951 43
3952 159
3953 31
3954 96
3955 181
3956 101
3957 148
3958 143
3959 51
3960 127
3961 137
3962 68
3963 240
3964 159
3965 134
3966 237
3967 16
3968 111
3969 174
3970 157
3971 162
3972 40
3973 27
3974 13
3975 92
3976 66
3977 28
3978 67
3979 241
3980 45
3981 151
3982 9
3983 113
3984 94
3985 85
3986 114
3987 224
3988 166
3989 37
3990 170
3991 130
3992 192
3993 216
3994 78
3995 40
3996 45
3997 157
3998 31
3999 26
4000 160
4001 186
4002 13
4003 102
4004 146
4005 179
4006 124
4007 31
4008 216
4009 145
4010 2
4011 137
4012 91
4013 45
4014 107
4015 19
4016 114
4017 144
4018 223
4019 72
4020 185
4021 128
4022 162
4023 31
4024 61
4025 97
4026 76
4027 155
4028 70
4029 3
4030 138
4031 50
4032 2
4033 248
4034 244
4035 185
4036 216
4037 157
4038 19
4039 69
4040 249
4041 91
4042 129
4043 27
4044 224
4045 72
4046 134
4047 116
4048 94
4049 216
4050 95
4051 101
4052 189
4053 122
4054 64
4055 8
4056 101
4057 2
4058 159
4059 38
4060 211
4061 233
4062 9
4063 19
4064 27
4065 3
4066 185
4067 40
4068 198
4069 40
4070 72
4071 110
4072 61
4073 181
4074 187
4075 199
4076 46
4077 16
4078 155
4079 43
4080 34
4081 49
4082 76
4083 111
4084 58
4085 213
4086 45
4087 26
4088 94
4089 157
4090 105
4091 130
4092 153
4093 218
4094 85
4095 13
4096 191
4097 49
4098 142
4100 34
4101 14
4102 59
4103 8
4104 141
4105 128
4106 141
4107 94
4108 228
4109 117
4110 133
4111 106
4112 129
4113 34
4114 197
4115 32
4116 38
4117 49
4118 200
4119 191
4120 11
4121 38
4122 31
4123 12
4124 104
4125 27
4126 143
4127 217
4128 220
4129 207
4130 110
4131 166
4132 113
4133 245
4134 221
4135 4
4137 128
4138 207
4139 30
4140 11
4141 154
4142 117
4143 24
4144 25
4145 36
4146 34
4147 113
4148 69
4149 130
4150 140
4151 0
4152 36
4153 177
4154 116
4155 94
4156 135
4157 139
4158 95
4159 218
4160 40
4161 4
4162 48
4163 130
4164 134
4165 143
4166 8
4167 225
4168 229
4169 210
4170 13
4171 184
4172 144
4173 20
4174 179
4175 150
4176 12
4177 11
4178 143
4179 76
4180 160
4181 154
4182 45
4183 237
4184 36
4185 96
4186 39
4187 224
4188 52
4189 212
4190 180
4191 129
4192 208
4193 213
4194 17
4195 144
4196 244
4197 36
4198 143
4199 138
4200 205
4201 49
4202 39
4203 30
4204 133
4205 40
4206 210
4207 77
4208 35
4209 165
4210 120
4211 34
4212 82
4213 119
4214 77
4215 95
4216 59
4217 19
4218 84
4219 218
4220 35
4221 112
4222 203
4223 82
4224 110
4225 174
4226 172
4227 41
4228 24
4229 220
4230 34
4231 4
4232 160
4233 191
4234 169
4235 159
4236 29
4237 123
4238 134
4239 227
4240 170
4241 241
4242 155
4243 121
4244 168
4245 139
4246 75
4247 91
4248 201
4249 61
4250 231
4251 107
4252 101
4253 225
4254 137
4255 130
4256 7
4257 236
4258 133
4259 241
4260 190
4261 19
4262 12
4263 186
4264 11
4265 213
4266 186
4267 76
4268 85
4269 68
4270 27
4272 165
4273 104
4274 107
4275 209
4276 58
4277 94
4278 170
4279 146
4280 30
4281 203
4282 191
4283 96
4284 93
4285 12
4286 132
4287 218
4288 30
4289 185
4290 112
4291 130
4292 60
4293 76
4294 127
4295 106
4296 242
4297 104
4298 89
4299 143
4300 4
4301 35
4302 12
4303 82
4304 244
4305 137
4306 186
4307 48
4308 87
4309 204
4310 146
4311 218
4312 246
4313 29
4314 139
4315 238
4316 206
4317 24
4318 8
4319 153
4320 58
4321 169
4322 16
4323 204
4324 95
4325 178
4326 3
4327 16
4328 97
4329 104
4330 118
4331 147
4332 234
4333 185
4334 59
4335 1
4336 59
4337 166
4338 185
4339 24
4340 230
4341 87
4342 78
4343 12
4344 106
4345 134
4346 83
4347 12
4348 7
4349 39
4350 162
4351 138
4352 204
4353 172
4354 59
4355 181
4356 2
4357 49
4358 23
4359 40
4360 110
4361 4
4362 2
4363 24
4364 224
4365 77
4366 149
4367 12
4369 82
4370 169
4371 89
4372 39
4373 187
4374 239
4375 27
4376 11
4377 58
4378 204
4379 76
4380 117
4381 208
4382 31
4383 203
4384 202
4385 20
4386 141
4387 130
4388 51
4389 187
4390 187
4391 99
4392 40
4393 1
4394 82
4395 242
4396 156
4397 70
4398 148
4399 162
4400 206
4401 85
4402 134
4403 152
4404 185
4405 115
4406 59
4407 190
4408 215
4409 72
4410 107
4411 218
4412 198
4413 143
4415 177
4416 189
4417 1
4418 74
4419 10
4420 193
4421 227
4422 89
4423 197
4424 94
4425 155
4426 208
4427 229
4428 123
4429 141
4430 119
4431 120
4432 22
4433 88
4434 58
4435 4
4436 106
4437 141
4439 109
4440 124
4441 202
4442 70
4443 18
4444 234
4445 244
4446 166
4447 150
4448 202
4449 99
4450 144
4451 144
4452 137
4453 76
4454 41
4455 71
4456 8
4457 23
4458 159
4459 64
4460 160
4461 118
4462 133
4463 191
4464 246
4465 186
4466 230
4467 153
4468 129
4469 101
4470 187
4471 236
4472 82
4473 39
4474 64
4475 201
4476 4
4477 85
4479 38
4480 91
4481 40
4482 159
4483 89
4484 184
4485 134
4486 66
4487 130
4488 72
4489 162
4490 12
4491 236
4492 240
4493 170
4494 82
4495 133
4496 126
4497 63
4498 248
4499 46
4500 53
4501 132
4502 246
4503 177
4504 96
4505 85
4506 7
4507 127
4508 144
4509 39
4510 167
4511 43
4512 57
4513 113
4514 196
4515 188
4516 69
4517 9
4518 79
4519 177
4520 224
4521 129
4522 130
4523 129
4524 73
4525 52
4526 39
4527 174
4528 95
4529 36
4530 16
4531 236
4532 40
4533 204
4534 9
4535 40
4536 143
4537 140
4538 64
4539 223
4540 31
4541 49
4542 70
4543 137
4544 129
4545 86
4546 129
4547 27
4548 33
4550 71
4551 107
4552 160
4553 46
4554 5
4555 100
4556 200
4557 10
4558 27
4559 214
4560 49
4561 48
4562 4
4563 12
4564 93
4565 238
4566 174
4567 40
4568 27
4569 4
4570 123
4571 187
4572 178
4573 204
4574 170
4575 141
4576 105
4577 64
4578 154
4579 97
4580 112
4581 233
4582 38
4583 103
4584 49
4585 159
4586 131
4587 138
4588 168
4589 44
4590 240
4591 4
4592 131
4593 114
4594 135
4595 46
4596 67
4598 142
4599 49
4600 29
4601 176
4602 247
4603 71
4604 119
4605 165
4606 167
4607 49
4608 201
4609 75
4610 72
4611 232
4612 83
4613 159
4614 130
4615 40
4616 89
4617 179
4618 130
4619 98
4620 100
4621 133
4622 206
4623 17
4624 140
4625 19
4626 5
4627 43
4628 200
4629 32
4630 82
4631 127
4632 189
4633 42
4634 170
4635 23
4636 164
4637 39
4638 216
4639 201
4640 136
4641 80
4642 10
4643 130
4644 167
4645 107
4646 9
4647 212
4648 152
4649 33
4650 113
4651 184
4652 173
4653 28
4654 33
4655 236
4656 162
4657 83
4658 10
4659 103
4660 218
4661 132
4662 52
4663 98
4664 26
4665 38
4666 177
4667 186
4668 230
4669 104
4670 77
4671 73
4672 156
4673 58
4674 58
4675 19
4676 27
4677 15
4678 70
4679 14
4680 18
4681 91
4682 60
4683 56
4684 35
4685 19
4686 60
4687 147
4688 133
4689 122
4690 64
4691 229
4692 244
4693 117
4694 133
4695 144
4696 63
4697 7
4698 72
4699 202
4700 103
4701 128
4702 43
4703 3
4704 121
4705 101
4706 31
4707 19
4708 192
4709 142
4710 102
4711 152
4712 80
4713 225
4714 28
4715 35
4716 34
4717 222
4718 162
4719 237
4720 210
4721 26
4722 40
4723 169
4724 219
4725 186
4726 196
4727 100
4728 104
4729 218
4730 216
4731 240
4732 130
4733 172
4734 107
4735 19
4736 52
4737 104
4738 95
4739 162
4740 40
4741 186
4742 34
4744 5
4745 83
4746 2
4748 19
4749 129
4750 58
4751 40
4752 93
4753 208
4754 0
4755 218
4756 102
4757 3
4758 31
4759 194
4760 155
4761 200
4762 49
4763 92
4764 146
4765 109
4766 84
4767 27
4768 186
4769 89
4770 77
4771 12
4772 67
4773 198
4774 39
4775 98
4776 122
4777 41
4778 143
4779 85
4780 201
4781 205
4782 197
4783 102
4784 39
4785 208
4786 52
4787 107
4788 186
4789 94
4790 109
4791 157
4792 33
4793 46
4794 188
4795 120
4796 46
4797 174
4798 46
4799 219
4800 120
4801 157
4802 124
4803 15
4804 38
4805 68
4806 202
4807 31
4808 99
4809 31
4810 44
4811 240
4812 180
4813 112
4814 143
4815 68
4816 199
4817 90
4818 82
4819 145
4820 240
4821 156
4822 113
4823 5
4824 53
4825 47
4826 40
4827 26
4828 93
4829 190
4830 116
4831 162
4832 132
4833 52
4834 159
4835 84
4836 59
4837 157
4839 200
4840 45
4841 119
4842 187
4843 117
4844 30
4845 84
4846 240
4847 180
4848 105
4849 185
4850 4
4851 130
4852 17
4853 114
4854 129
4855 18
4856 86
4857 119
4858 94
4859 71
4860 1
4861 111
4862 52
4863 194
4864 148
4865 18
4866 211
4867 170
4868 13
4869 64
4870 71
4871 43
4872 233
4873 88
4874 94
4875 191
4876 90
4877 245
4878 129
4879 17
4880 95
4881 125
4882 211
4883 23
4884 130
4885 94
4886 160
4887 190
4888 201
4889 246
4890 186
4891 230
4892 24
4893 146
4894 180
4895 157
4896 155
4897 50
4898 94
4899 235
4900 45
4901 8
4902 83
4903 175
4904 86
4905 36
4906 4
4907 21
4908 120
4909 148
4910 45
4911 38
4912 162
4913 96
4914 246
4915 236
4916 49
4917 105
4918 125
4919 56
4920 218
4921 104
4922 49
4923 100
4924 134
4925 155
4926 128
4927 49
4928 123
4929 39
4930 12
4931 72
4932 85
4933 141
4934 130
4935 204
4936 114
4937 207
4938 229
4939 243
4940 97
4941 85
4942 211
4943 44
4944 180
4945 245
4946 31
4947 39
4948 216
4949 212
4950 102
4951 218
4952 174
4953 16
4954 129
4955 209
4956 49
4957 76
4958 83
4959 143
4960 85
4961 160
4962 112
4963 8
4964 174
4965 24
4966 115
4967 94
4968 159
4969 38
4970 130
4971 230
4972 201
4973 98
4974 236
4975 154
4976 226
4977 54
4978 82
4979 94
4980 11
4981 168
4982 145
4983 92
4984 135
4985 39
4986 46
4987 141
4988 177
4989 103
4990 190
4991 24
4992 223
4993 30
4994 66
4995 19
4996 157
4997 159
4998 35
4999 20
5000 20
5001 20
5002 8
5003 19
5004 120
5005 99
5006 9
5007 44
5008 11
5009 225
5010 225
5011 166
5012 162
5013 162
5014 148
5015 148
5016 216
5017 216
5018 94
5019 88
5020 211
5021 46
5022 213
5023 3
5024 70
5025 70
5026 81
5027 81
5028 185
5029 86
5030 155
5031 201
5032 156
5033 32
5034 32
5035 243
5036 243
5037 163
5038 27
5039 27
5040 27
5041 10
5042 10
5043 39
5044 144
5045 144
5046 23
5047 42
5048 40
5049 40
5050 220
5051 223
5052 241
5053 138
5054 21
5055 21
5056 25
5057 171
5058 28
5059 28
5060 22
5061 31
5062 31
5063 248
5064 70
5065 137
5066 137
5067 72
5068 49
5069 35
5070 67
5071 67
5072 137
5073 31
5074 129
5075 114
5076 200
5077 235
5078 90
5079 49
5080 49
5081 145
5082 145
5083 72
5084 160
5085 160
5086 101
5087 31
5088 31
5089 190
5090 190
5091 239
5092 198
5093 32
5094 216
5095 216
5096 92
5097 49
5098 94
5099 3
5100 59
5101 128
5102 67
5103 104
5104 27
5105 27
5106 27
5107 61
5108 196
5109 8
5110 89
5111 89
5112 186
5113 186
5114 19
5115 19
5116 34
5117 130
5118 150
5119 19
5120 34
5121 34
5122 66
5123 156
5124 156
5125 159
5126 159
5127 4
5128 61
5129 44
5130 94
5131 102
5132 102
5133 70
5134 31
5135 245
5136 102
5137 58
5138 125
5139 3
5140 52
5141 82
5142 82
5143 134
5144 8
5145 187
5146 187
5147 72
5148 129
5149 76
5150 44
5151 44
5152 88
5153 197
5154 143
5155 143
5156 143
5157 170
5158 105
5159 105
5160 170
5161 18
5162 19
5163 173
5164 186
5165 19
5166 135
5167 235
5168 224
5169 0
5170 241
5171 230
5172 148
5173 148
5174 238
5175 238
5176 216
5177 216
5178 72
5179 205
5180 6
5181 75
5182 227
5183 85
5184 4
5185 4
5186 120
5187 222
5188 83
5189 83
5190 83
5191 92
5192 247
5193 45
5194 159
5195 23
5196 10
5197 10
5198 240
5199 215
5200 131
5201 7
5202 235
5203 23
5204 71
5205 233
5206 197
5207 159
5208 107
5209 233
5210 77
5211 65
5212 190
5213 190
5214 75
5215 75
5216 24
5217 210
5218 100
5219 144
5220 131
5221 200
5222 88
5223 162
5224 180
5225 64
5226 215
5227 103
5228 70
5229 31
5230 159
5231 115
5232 115
5233 246
5234 246
5235 84
5236 84
5237 211
5238 211
5239 46
5240 129
5241 129
5242 12
5243 0
5244 0
5245 159
5246 4
5247 11
5248 16
5249 186
5250 186
5251 207
5252 134
5253 18
5254 55
5255 188
5256 111
5257 111
5258 173
5259 120
