0 33
1 -1
2 0
3 1
4 1
5 0
6 -1
7 1
8 -1
9 0
10 1
11 1
12 2
13 0
14 -1
15 1
16 0
17 -1
18 1
19 0
20 -1
21 -1
22 0
23 -1
24 0
25 1
26 1
27 0
28 0
29 1
30 1
31 1
32 3
33 1
34 0
35 0
36 0
37 1
38 0
39 0
40 -1
41 1
42 -1
43 -1
44 1
45 1
46 0
47 -1
48 1
49 1
50 4
51 0
52 1
53 1
54 -1
55 1
56 0
57 0
58 0
59 1
60 5
61 0
62 1
63 1
64 0
65 1
66 0
67 1
68 1
69 -1
70 34
71 0
72 0
73 1
74 0
75 0
76 1
77 1
78 0
79 0
80 -1
81 1
82 1
83 1
84 1
85 -1
86 6
87 0
88 -1
89 0
90 1
91 1
92 6
93 1
94 0
95 1
96 1
97 1
98 1
99 42
100 0
101 -1
102 0
103 11
104 7
105 8
106 9
107 1
108 0
109 -1
110 0
111 1
112 28
113 0
114 -1
115 1
116 -1
117 10
118 13
119 -1
120 0
121 -1
122 1
123 0
124 -1
125 -1
126 0
127 11
128 0
129 0
130 1
131 -1
132 -1
133 -1
134 -1
135 -1
136 1
137 0
138 -1
139 1
140 1
141 0
142 0
143 -1
144 0
145 -1
146 1
147 -1
148 1
149 1
150 1
151 -1
152 -1
153 1
154 -1
155 1
156 1
157 1
158 0
159 -1
160 -1
161 1
162 12
163 1
164 0
165 1
166 32
167 0
168 -1
169 1
170 1
171 1
172 13
173 14
174 -1
175 1
176 1
177 0
178 1
179 1
180 1
181 1
182 1
183 1
184 0
185 1
186 1
187 0
188 0
189 -1
190 -1
191 0
192 1
193 1
194 -1
195 21
196 -1
197 0
198 -1
199 33
200 0
201 0
202 1
203 -1
204 9
205 0
206 1
207 -1
208 1
209 0
210 -1
211 -1
212 1
213 0
214 -1
215 1
216 15
217 30
218 27
219 0
220 1
221 0
222 1
223 -1
224 6
225 0
226 -1
227 1
228 0
229 0
230 0
231 0
232 1
233 1
234 -1
235 -1
236 0
237 -1
238 0
239 0
240 1
241 1
242 1
243 -1
244 -1
245 0
246 0
247 1
248 0
249 0
250 1
251 0
252 -1
253 -1
254 0
255 0
256 -1
257 -1
258 -1
259 -1
260 4
261 -1
262 40
263 1
264 0
265 1
266 0
267 1
268 1
269 1
270 0
271 -1
272 -1
273 1
274 -1
275 -1
276 -1
277 -1
278 1
279 1
280 16
281 17
282 1
283 -1
284 1
285 -1
286 -1
287 -1
288 0
289 1
290 1
291 0
292 1
293 1
294 -1
295 1
296 1
297 0
298 1
299 0
301 0
302 1
303 0
304 38
305 1
306 1
307 1
308 1
309 -1
310 -1
311 -1
312 1
313 1
314 1
315 18
316 0
317 1
318 0
319 -1
320 1
321 9
322 0
323 -1
324 1
325 0
326 0
327 1
328 1
329 1
330 36
331 6
332 -1
333 0
334 -1
335 -1
336 1
337 1
338 0
339 -1
340 1
341 1
342 -1
343 0
344 0
345 1
346 0
347 1
348 0
349 1
350 9
351 1
352 -1
353 14
354 1
355 1
356 1
357 0
358 0
359 12
360 1
361 1
362 1
363 -1
364 -1
365 1
366 1
367 2
368 1
369 1
370 1
371 0
372 1
373 0
374 0
375 1
376 1
377 0
378 0
379 0
380 -1
381 1
382 1
383 1
384 14
385 19
386 0
387 1
388 1
389 -1
390 14
391 1
392 0
393 -1
394 39
395 0
396 -1
397 1
398 1
399 -1
400 -1
401 -1
402 -1
403 0
404 1
405 1
406 0
407 0
408 9
409 20
410 -1
411 1
412 1
413 0
414 -1
415 -1
416 -1
417 0
418 1
419 -1
420 0
421 0
422 1
423 1
424 1
425 0
426 0
427 1
428 1
429 13
430 0
431 -1
432 1
433 1
434 1
435 1
436 1
437 -1
438 0
439 -1
440 1
441 1
442 0
443 0
444 1
445 13
446 -1
447 -1
448 10
449 1
450 1
451 -1
452 0
453 0
454 0
455 -1
456 -1
457 0
458 0
459 1
460 0
461 1
462 0
463 1
464 -1
465 33
466 1
467 0
468 0
469 1
470 0
471 1
472 -1
473 0
474 0
475 0
476 1
477 0
478 -1
479 1
480 0
481 1
482 0
483 0
484 1
485 1
486 1
487 -1
488 1
489 1
490 0
491 1
492 -1
493 -1
494 1
495 -1
496 -1
497 -1
498 1
499 -1
500 21
501 22
502 0
503 1
504 1
505 0
506 -1
507 0
508 1
509 0
510 0
511 -1
512 -1
513 1
514 -1
515 0
516 0
517 23
518 0
519 1
520 -1
521 -1
522 0
523 -1
524 0
525 24
526 1
527 0
528 -1
529 1
530 1
531 1
532 0
533 1
534 1
535 -1
536 1
537 0
538 0
539 0
540 1
541 14
542 0
543 -1
544 1
545 1
546 1
547 14
548 1
549 -1
550 0
551 0
552 1
553 1
554 0
555 0
556 0
557 1
558 1
559 0
560 -1
561 0
562 0
563 0
564 0
565 1
566 1
567 10
568 0
569 1
570 0
571 1
572 17
573 -1
574 1
575 2
576 1
577 -1
578 0
579 1
580 0
581 25
582 0
583 0
584 0
585 0
586 -1
587 -1
588 0
589 1
590 14
591 1
592 -1
593 1
594 0
595 14
596 -1
597 0
598 0
599 0
600 0
601 9
602 0
603 1
604 -1
605 0
606 13
607 1
608 1
609 0
610 -1
611 -1
612 26
613 0
614 25
615 1
616 0
617 -1
618 1
619 1
620 13
621 9
622 0
623 0
624 0
625 1
626 0
627 6
628 0
629 -1
630 27
631 0
632 4
633 1
634 0
635 -1
636 36
637 1
638 -1
639 15
640 0
641 1
642 0
643 0
644 0
645 -1
646 1
647 28
648 0
649 1
650 -1
651 0
652 1
653 1
654 0
655 -1
656 1
657 1
658 0
659 0
660 -1
661 13
662 23
663 0
664 0
665 19
666 -1
667 9
668 0
669 -1
670 1
671 1
672 0
673 1
674 1
675 -1
676 13
677 0
678 0
679 1
680 -1
681 29
682 1
683 1
684 -1
685 -1
686 -1
687 1
688 1
689 23
690 -1
691 1
692 -1
693 0
694 1
695 1
696 -1
697 -1
698 6
699 30
700 1
701 1
702 0
703 1
704 1
705 9
706 -1
707 1
708 1
709 0
710 1
711 1
712 1
713 1
715 1
716 1
717 -1
718 -1
719 0
720 0
721 -1
722 -1
723 -1
724 31
725 0
726 1
727 0
728 0
729 -1
730 0
731 1
732 0
733 0
734 9
735 1
736 0
737 1
738 1
739 -1
740 19
741 -1
742 1
743 -1
744 1
745 1
746 -1
747 39
748 23
749 0
750 0
751 1
752 1
753 0
754 1
755 28
756 0
757 1
758 -1
759 0
760 0
761 1
762 0
763 1
764 -1
765 1
766 -1
767 -1
768 -1
769 1
770 1
771 1
772 0
773 1
774 1
775 1
776 0
777 0
778 0
779 15
780 0
781 0
782 32
783 1
784 0
785 33
786 1
787 1
788 1
789 -1
790 0
791 -1
792 1
793 1
794 0
795 -1
796 -1
797 1
798 0
799 1
800 0
801 35
802 0
803 -1
804 1
805 0
806 0
807 11
808 1
809 1
810 -1
811 0
812 1
813 0
814 1
815 1
816 23
817 1
818 -1
819 12
820 -1
821 0
822 0
823 0
824 -1
825 -1
826 0
827 -1
828 1
829 33
830 0
831 1
832 25
833 1
834 -1
835 0
836 1
837 1
838 0
839 1
840 0
841 0
842 0
843 -1
844 1
845 1
846 -1
847 15
848 0
849 39
850 -1
851 1
852 -1
853 0
854 -1
855 0
856 10
857 0
858 0
859 13
860 0
861 -1
862 6
863 1
864 1
865 10
866 0
867 1
868 0
869 1
870 16
871 0
872 1
873 1
874 0
875 -1
876 9
877 0
878 0
879 0
880 -1
881 1
882 0
883 4
884 8
885 0
886 -1
887 1
888 0
889 -1
890 -1
891 0
892 21
893 1
894 0
895 -1
896 0
897 1
898 13
899 0
900 -1
901 1
902 0
903 0
904 0
905 0
906 3
907 0
908 -1
909 9
910 0
911 42
912 0
913 0
914 0
915 0
916 -1
917 1
918 0
919 20
920 -1
921 37
922 0
923 1
924 1
925 0
926 0
927 -1
928 0
929 -1
930 0
931 -1
932 0
933 1
934 1
935 0
936 1
937 1
938 1
939 0
940 -1
941 27
942 1
943 -1
944 -1
945 1
946 -1
947 6
948 1
949 -1
950 13
951 0
952 1
953 -1
954 0
955 1
956 1
957 1
958 0
959 4
960 -1
961 0
962 25
963 -1
964 -1
965 1
966 -1
967 1
968 -1
969 0
970 1
971 1
972 -1
973 1
974 1
975 0
976 -1
977 -1
978 0
979 42
980 1
981 1
982 -1
983 1
984 -1
985 -1
986 32
987 -1
988 9
989 0
990 23
991 11
992 0
993 -1
994 24
995 1
996 1
997 -1
998 0
999 0
1000 0
1001 0
1002 1
1003 -1
1004 1
1005 1
1006 0
1007 23
1008 1
1009 14
1010 1
1011 1
1012 -1
1013 1
1014 0
1015 1
1016 -1
1017 -1
1018 -1
1019 1
1020 -1
1021 0
1022 1
1023 1
1024 1
1025 0
1026 1
1027 8
1028 0
1029 0
1030 0
1031 1
1032 0
1033 0
1034 1
1035 1
1036 0
1037 -1
1038 -1
1039 1
1040 1
1041 -1
1042 1
1043 0
1044 -1
1045 1
1046 16
1047 1
1048 1
1049 0
1050 0
1051 0
1052 -1
1053 0
1054 -1
1055 10
1056 -1
1057 2
1058 1
1059 -1
1060 1
1061 23
1062 -1
1063 0
1064 0
1065 1
1066 0
1067 1
1068 1
1069 6
1070 -1
1071 0
1072 0
1073 -1
1074 0
1075 0
1076 1
1077 0
1078 -1
1079 31
1080 14
1081 0
1082 6
1083 1
1084 0
1085 0
1086 -1
1087 33
1088 6
1089 0
1090 -1
1091 0
1092 6
1093 1
1094 1
1095 -1
1096 10
1097 15
1098 -1
1099 -1
1100 -1
1101 0
1102 1
1103 1
1104 -1
1105 -1
1106 0
1107 -1
1108 29
1109 7
1110 0
1111 1
1112 1
1113 1
1114 -1
1115 1
1116 0
1117 0
1118 0
1119 1
1120 -1
1121 0
1122 18
1123 33
1124 0
1125 -1
1126 1
1127 0
1128 3
1129 0
1130 0
1131 0
1132 9
1133 1
1134 0
1135 1
1136 0
1137 -1
1138 1
1139 1
1140 0
1141 19
1142 14
1143 1
1144 0
1145 19
1146 0
1147 1
1148 0
1149 25
1150 1
1151 1
1152 -1
1153 0
1154 1
1155 11
1156 1
1157 0
1158 1
1159 1
1160 0
1161 8
1162 1
1163 1
1164 0
1165 1
1166 1
1167 0
1168 0
1169 -1
1170 27
1171 -1
1172 0
1173 1
1174 0
1175 -1
1176 1
1177 1
1178 -1
1179 1
1180 1
1181 1
1182 -1
1183 1
1184 0
1185 0
1186 0
1187 0
1188 -1
1189 -1
1190 -1
1191 0
1192 34
1193 35
1194 0
1195 1
1196 23
1197 1
1198 -1
1199 1
1200 0
1201 0
1202 36
1203 0
1204 -1
1205 1
1206 1
1207 1
1208 1
1209 -1
1210 1
1211 36
1212 14
1213 0
1214 1
1215 -1
1216 0
1217 -1
1218 0
1219 -1
1220 0
1221 0
1222 0
1223 0
1224 1
1225 0
1226 1
1227 -1
1228 1
1229 -1
1230 -1
1231 -1
1232 0
1233 -1
1234 1
1235 -1
1236 0
1237 1
1238 0
1239 0
1240 -1
1241 9
1242 1
1243 -1
1244 0
1245 1
1246 1
1247 -1
1248 14
1249 0
1250 -1
1251 1
1252 37
1253 0
1254 0
1255 28
1256 0
1257 0
1258 0
1259 1
1260 1
1261 -1
1262 -1
1263 1
1264 -1
1265 0
1266 0
1267 0
1268 1
1269 1
1270 1
1271 1
1272 7
1273 1
1274 0
1275 1
1277 29
1278 0
1279 1
1280 0
1281 -1
1282 1
1283 0
1284 1
1285 12
1286 0
1287 14
1288 -1
1289 28
1290 -1
1291 12
1292 -1
1293 -1
1294 -1
1295 -1
1296 -1
1297 1
1298 1
1299 0
1300 -1
1301 0
1302 0
1303 1
1304 9
1305 17
1306 7
1307 0
1308 31
1309 1
1310 1
1311 0
1312 0
1313 -1
1314 -1
1315 1
1316 0
1317 0
1318 0
1319 0
1320 14
1321 1
1322 0
1323 1
1324 1
1325 -1
1326 0
1327 -1
1328 3
1329 1
1330 1
1331 28
1332 2
1333 6
1334 -1
1335 13
1336 1
1337 0
1338 -1
1339 -1
1340 -1
1341 0
1342 -1
1343 0
1344 0
1345 0
1346 12
1347 1
1348 1
1349 -1
1350 0
1351 0
1352 1
1353 -1
1354 1
1355 0
1356 1
1357 28
1358 1
1359 -1
1360 1
1361 0
1362 1
1363 -1
1364 11
1365 0
1366 1
1367 0
1368 0
1369 -1
1370 1
1371 1
1372 0
1373 1
1374 1
1375 31
1376 0
1377 1
1378 0
1379 2
1380 1
1381 1
1382 0
1383 0
1384 0
1385 0
1386 1
1387 -1
1388 0
1389 36
1390 0
1391 -1
1392 0
1393 13
1394 0
1395 -1
1396 -1
1397 -1
1398 0
1399 0
1400 -1
1401 26
1402 -1
1403 0
1404 1
1405 0
1406 -1
1407 0
1408 1
1409 -1
1410 7
1411 0
1412 16
1413 1
1414 13
1415 35
1416 0
1417 23
1418 1
1419 0
1420 1
1421 1
1422 9
1423 -1
1424 1
1425 0
1426 0
1427 -1
1428 0
1429 1
1430 0
1431 -1
1432 -1
1433 0
1434 33
1435 0
1436 1
1437 1
1438 -1
1439 1
1440 0
1441 15
1442 1
1443 0
1444 2
1445 0
1446 -1
1447 -1
1448 0
1449 1
1450 -1
1451 -1
1452 0
1453 -1
1454 1
1455 0
1456 1
1457 1
1458 6
1459 0
1460 0
1461 9
1462 1
1463 1
1464 0
1465 1
1466 0
1467 1
1468 0
1469 1
1470 9
1471 29
1472 1
1473 -1
1474 1
1475 1
1476 1
1477 36
1478 35
1479 -1
1480 -1
1481 -1
1482 0
1483 -1
1484 1
1485 0
1486 1
1487 15
1488 1
1489 1
1490 1
1491 1
1492 0
1493 1
1494 -1
1495 1
1496 1
1497 -1
1498 -1
1499 1
1500 -1
1501 33
1502 -1
1503 35
1504 0
1505 8
1506 0
1507 -1
1508 -1
1509 -1
1510 1
1511 0
1512 1
1513 1
1514 0
1515 1
1516 13
1517 6
1518 -1
1519 1
1520 -1
1521 0
1522 -1
1523 1
1524 -1
1525 1
1526 0
1527 1
1528 11
1529 1
1530 1
1531 1
1532 -1
1533 1
1534 0
1535 1
1536 1
1537 1
1538 3
1539 -1
1540 1
1541 1
1542 -1
1543 0
1544 0
1545 1
1546 -1
1547 -1
1548 0
1549 -1
1550 -1
1551 1
1552 1
1553 12
1554 -1
1555 0
1556 -1
1557 18
1558 1
1559 14
1560 1
1561 1
1562 1
1563 0
1564 1
1565 0
1566 -1
1567 0
1568 -1
1569 0
1570 1
1571 1
1572 1
1573 0
1574 1
1575 1
1576 1
1577 0
1578 1
1579 -1
1580 1
1581 0
1582 1
1583 0
1584 0
1585 1
1586 -1
1587 1
1588 -1
1589 0
1590 -1
1591 1
1592 0
1593 -1
1594 0
1595 -1
1596 1
1597 0
1598 1
1599 16
1600 -1
1601 1
1602 0
1603 1
1604 0
1605 9
1606 17
1607 0
1608 1
1609 14
1610 22
1611 -1
1612 0
1613 0
1614 -1
1615 -1
1616 -1
1617 0
1618 1
1619 1
1620 -1
1621 -1
1622 1
1623 0
1624 1
1625 1
1626 0
1627 -1
1628 1
1629 -1
1630 0
1631 1
1632 1
1633 -1
1634 1
1635 1
1636 -1
1637 0
1638 1
1639 2
1640 0
1641 1
1642 0
1643 0
1644 -1
1645 1
1646 1
1647 -1
1648 -1
1649 1
1650 -1
1651 9
1652 1
1653 0
1654 1
1655 -1
1656 1
1657 1
1658 1
1659 -1
1660 1
1661 0
1662 -1
1663 0
1664 34
1665 1
1666 0
1667 1
1668 0
1669 1
1670 1
1671 29
1672 9
1673 22
1674 -1
1675 0
1676 0
1677 14
1678 -1
1679 1
1680 1
1681 0
1682 -1
1683 1
1684 1
1685 1
1686 0
1687 0
1688 -1
1689 0
1690 1
1691 11
1692 0
1693 0
1694 0
1695 1
1696 2
1697 0
1698 0
1699 0
1700 28
1701 17
1702 1
1703 0
1704 1
1705 26
1706 1
1707 0
1708 0
1709 37
1710 0
1711 0
1712 0
1713 -1
1714 -1
1715 0
1716 1
1717 1
1718 40
1719 38
1720 1
1721 0
1722 1
1723 0
1724 -1
1725 1
1726 0
1727 1
1728 0
1729 0
1730 -1
1731 19
1732 -1
1733 0
1734 38
1735 1
1736 0
1737 0
1738 1
1739 1
1740 1
1741 1
1742 0
1743 1
1744 -1
1745 15
1746 -1
1747 1
1748 0
1749 1
1750 1
1751 11
1752 -1
1753 -1
1754 -1
1755 0
1756 25
1757 33
1758 12
1759 1
1760 0
1761 0
1762 0
1763 1
1764 1
1765 1
1766 31
1767 1
1768 0
1769 0
1770 1
1771 1
1772 -1
1773 30
1774 -1
1775 1
1776 0
1777 0
1778 35
1779 0
1780 1
1781 -1
1782 -1
1783 1
1784 -1
1785 1
1786 26
1787 1
1788 1
1789 -1
1790 -1
1791 -1
1792 7
1793 0
1794 1
1795 0
1796 -1
1797 0
1798 -1
1799 1
1800 1
1801 0
1802 1
1803 6
1804 1
1805 0
1806 31
1807 6
1808 0
1809 8
1810 1
1811 23
1812 1
1813 1
1814 -1
1815 40
1816 -1
1817 0
1818 -1
1819 1
1820 0
1821 1
1822 0
1823 0
1824 1
1825 0
1826 0
1827 0
1828 1
1829 1
1830 0
1831 1
1832 1
1833 -1
1834 0
1835 28
1836 18
1837 9
1838 1
1839 0
1840 0
1841 -1
1842 1
1843 -1
1844 1
1845 1
1846 1
1847 1
1848 9
1849 -1
1850 0
1851 23
1852 0
1853 -1
1854 1
1855 1
1856 0
1857 0
1858 18
1859 0
1860 1
1861 0
1862 32
1863 0
1864 -1
1865 1
1866 1
1867 0
1868 -1
1869 1
1870 35
1871 1
1872 -1
1873 1
1874 0
1875 1
1876 -1
1877 0
1878 1
1879 1
1881 1
1882 0
1883 -1
1884 -1
1885 -1
1886 -1
1887 1
1888 24
1889 1
1890 1
1891 1
1892 -1
1893 0
1894 0
1895 1
1896 1
1897 0
1898 0
1899 -1
1900 1
1901 -1
1902 0
1903 13
1904 1
1905 1
1906 1
1907 1
1908 0
1909 1
1910 0
1911 1
1912 33
1913 27
1914 0
1915 0
1916 -1
1917 0
1918 1
1919 12
1920 1
1921 -1
1922 -1
1923 1
1924 1
1925 13
1926 1
1927 32
1928 -1
1929 1
1930 6
1931 1
1932 0
1933 -1
1934 1
1935 1
1936 1
1937 1
1938 1
1939 4
1940 -1
1941 1
1942 0
1943 20
1944 31
1945 14
1946 0
1947 1
1948 1
1949 1
1950 0
1951 19
1952 1
1953 0
1954 1
1955 -1
1956 1
1957 -1
1958 1
1959 0
1960 1
1961 -1
1962 7
1963 0
1964 0
1965 -1
1966 -1
1967 1
1968 0
1969 -1
1970 1
1971 -1
1972 0
1973 9
1974 1
1975 0
1976 1
1977 40
1978 0
1979 0
1980 1
1981 1
1982 0
1983 1
1984 0
1985 17
1986 1
1987 23
1988 2
1989 21
1990 1
1991 -1
1992 1
1993 -1
1994 0
1995 1
1996 1
1997 0
1998 0
1999 0
2000 0
2001 -1
2002 -1
2003 1
2004 0
2005 1
2006 1
2007 0
2008 -1
2009 1
2010 -1
2011 9
2012 -1
2013 0
2014 -1
2015 1
2016 1
2017 31
2018 1
2019 0
2020 1
2021 0
2022 0
2023 1
2024 1
2025 1
2026 1
2027 -1
2028 1
2029 0
2030 1
2031 0
2032 1
2033 1
2034 0
2035 2
2036 1
2037 0
2038 1
2039 1
2040 0
2041 0
2042 1
2043 -1
2044 0
2045 1
2046 1
2047 1
2048 1
2049 0
2050 1
2051 0
2052 1
2053 1
2054 -1
2055 5
2056 1
2057 0
2058 0
2059 0
2060 0
2061 1
2062 -1
2063 1
2064 -1
2065 -1
2066 33
2067 0
2068 31
2069 0
2070 0
2071 1
2072 0
2073 9
2074 0
2075 1
2076 1
2077 1
2078 0
2079 1
2080 1
2081 -1
2082 -1
2083 0
2084 1
2085 1
2086 42
2087 1
2088 -1
2089 -1
2090 -1
2091 0
2092 0
2093 0
2094 0
2095 14
2096 0
2097 -1
2098 0
2099 -1
2100 1
2101 1
2102 1
2103 1
2104 -1
2105 1
2106 -1
2107 1
2108 1
2109 9
2110 0
2111 1
2112 1
2113 0
2114 0
2115 0
2116 -1
2117 1
2118 9
2119 0
2120 1
2121 -1
2122 1
2123 -1
2124 0
2125 1
2126 -1
2127 1
2128 0
2129 -1
2130 0
2131 1
2132 -1
2133 1
2134 0
2135 -1
2136 1
2137 1
2138 -1
2139 0
2140 1
2141 0
2142 1
2143 0
2144 1
2145 1
2146 0
2147 0
2148 0
2149 -1
2150 1
2151 0
2152 1
2153 -1
2154 -1
2155 -1
2156 1
2157 0
2158 0
2159 -1
2160 0
2161 0
2162 0
2163 0
2164 1
2165 22
2166 0
2167 0
2168 1
2169 1
2170 1
2171 0
2172 9
2173 0
2174 1
2175 39
2176 -1
2177 1
2178 -1
2179 -1
2180 1
2181 1
2182 1
2183 0
2184 0
2185 1
2186 0
2187 0
2188 0
2189 0
2190 -1
2191 1
2192 0
2193 -1
2194 1
2195 9
2196 1
2197 0
2198 -1
2199 1
2200 1
2201 -1
2202 0
2203 1
2204 -1
2205 -1
2206 -1
2207 1
2208 1
2209 37
2210 0
2211 -1
2212 1
2213 33
2214 1
2215 -1
2216 0
2217 1
2218 31
2219 -1
2220 -1
2221 0
2222 1
2223 1
2224 41
2225 0
2226 0
2227 1
2228 1
2229 0
2230 0
2231 1
2232 1
2233 0
2234 -1
2235 1
2236 0
2237 18
2238 1
2239 -1
2240 1
2241 1
2242 1
2243 -1
2244 -1
2245 0
2246 1
2247 22
2248 -1
2249 1
2250 9
2251 1
2252 1
2253 28
2254 5
2255 -1
2256 -1
2257 40
2258 0
2260 0
2261 -1
2262 1
2263 1
2264 0
2265 1
2266 1
2267 -1
2268 1
2269 0
2270 1
2271 1
2272 -1
2273 1
2274 1
2275 1
2276 31
2277 1
2278 0
2279 0
2280 1
2281 0
2282 1
2283 1
2284 0
2285 0
2286 1
2287 0
2288 -1
2289 0
2290 1
2291 -1
2292 1
2293 1
2294 1
2295 0
2296 0
2297 29
2298 0
2299 -1
2300 0
2301 0
2302 -1
2303 -1
2304 0
2305 0
2306 0
2307 31
2308 0
2309 1
2310 1
2311 1
2312 1
2313 0
2314 1
2315 1
2316 1
2317 1
2318 -1
2319 -1
2320 -1
2321 0
2322 1
2323 -1
2324 -1
2325 -1
2326 0
2327 32
2328 0
2329 -1
2330 0
2331 -1
2332 0
2333 1
2334 6
2335 5
2336 0
2337 0
2338 -1
2339 1
2340 0
2341 0
2342 1
2343 1
2344 -1
2345 1
2346 -1
2347 1
2348 38
2349 7
2350 1
2351 6
2352 1
2353 1
2354 1
2355 0
2356 0
2357 1
2358 1
2359 -1
2360 21
2361 -1
2362 0
2363 1
2364 0
2365 1
2366 0
2367 0
2368 0
2369 1
2370 -1
2371 1
2372 0
2373 0
2374 0
2375 24
2376 -1
2377 0
2378 11
2379 1
2380 1
2381 1
2382 -1
2383 1
2384 32
2385 0
2386 0
2387 1
2388 1
2389 1
2390 1
2391 1
2392 8
2393 0
2394 1
2395 0
2396 20
2397 13
2398 0
2399 1
2400 1
2401 0
2402 0
2403 0
2404 1
2405 0
2406 0
2407 0
2408 1
2409 -1
2410 1
2411 0
2412 -1
2413 -1
2414 13
2415 1
2416 -1
2417 -1
2418 -1
2419 1
2420 1
2421 1
2422 13
2423 0
2424 1
2425 0
2426 0
2427 0
2428 0
2429 1
2430 0
2431 1
2432 31
2433 0
2434 1
2435 -1
2436 37
2437 35
2438 8
2439 0
2440 1
2441 -1
2442 1
2443 1
2444 0
2445 0
2446 1
2447 0
2448 -1
2449 0
2450 1
2451 0
2452 -1
2453 1
2454 16
2455 1
2456 1
2457 32
2458 26
2459 0
2460 0
2461 1
2462 -1
2463 4
2464 -1
2465 23
2466 1
2467 1
2468 20
2469 0
2470 -1
2471 -1
2472 -1
2473 0
2474 6
2475 0
2476 17
2477 0
2478 1
2479 14
2480 29
2481 1
2482 -1
2483 0
2484 38
2485 0
2486 0
2487 1
2488 0
2489 -1
2490 1
2491 1
2492 -1
2493 0
2494 28
2495 -1
2496 0
2497 0
2498 1
2499 0
2500 14
2501 0
2503 0
2504 1
2505 -1
2506 1
2507 -1
2508 -1
2509 0
2510 0
2511 -1
2512 -1
2513 1
2514 21
2515 1
2516 1
2517 1
2518 0
2519 1
2520 1
2521 41
2522 0
2523 13
2524 -1
2525 0
2526 0
2527 1
2528 1
2529 1
2530 -1
2531 -1
2532 37
2533 23
2534 0
2535 -1
2536 0
2537 -1
2538 -1
2539 1
2540 1
2541 -1
2542 -1
2543 1
2544 1
2545 1
2546 31
2547 1
2548 1
2549 -1
2550 0
2551 1
2552 15
2553 -1
2554 -1
2555 1
2556 1
2557 1
2558 1
2559 0
2560 13
2561 1
2562 -1
2563 0
2564 1
2565 -1
2566 0
2567 -1
2568 14
2569 -1
2570 0
2571 -1
2572 -1
2573 0
2574 0
2575 -1
2576 1
2577 1
2578 -1
2579 -1
2580 7
2581 0
2582 1
2583 0
2584 1
2585 2
2586 0
2587 0
2588 3
2589 1
2590 0
2591 -1
2592 0
2593 1
2594 1
2595 1
2596 1
2597 -1
2598 1
2599 -1
2600 1
2601 0
2602 1
2603 -1
2604 -1
2605 -1
2606 0
2608 0
2609 0
2610 1
2611 0
2612 1
2613 0
2614 0
2615 -1
2616 15
2617 0
2618 -1
2619 0
2620 1
2621 0
2622 -1
2623 0
2624 1
2625 1
2626 0
2627 -1
2628 0
2629 38
2630 -1
2631 0
2632 1
2633 -1
2634 -1
2635 0
2636 -1
2637 20
2638 1
2639 1
2640 1
2641 0
2642 0
2643 -1
2644 -1
2645 0
2646 0
2647 24
2648 25
2649 -1
2650 0
2651 -1
2652 1
2653 0
2654 1
2655 0
2656 0
2657 0
2658 -1
2659 0
2660 -1
2661 0
2662 1
2663 1
2665 0
2666 19
2667 1
2668 1
2669 1
2670 1
2671 1
2672 6
2673 3
2674 0
2675 0
2676 0
2677 -1
2678 0
2679 1
2680 16
2681 1
2682 0
2683 1
2684 1
2685 1
2686 0
2687 1
2688 1
2689 28
2690 1
2691 1
2692 33
2693 1
2694 1
2695 1
2696 0
2697 11
2698 1
2699 1
2700 -1
2701 -1
2702 -1
2703 -1
2704 -1
2705 0
2706 1
2707 0
2708 0
2709 1
2710 1
2711 0
2712 0
2713 -1
2714 -1
2715 0
2716 13
2717 1
2718 1
2719 1
2720 32
2721 1
2722 -1
2723 42
2724 42
2725 -1
2726 1
2727 0
2728 1
2729 33
2730 -1
2731 0
2732 -1
2733 0
2734 31
2735 0
2736 1
2737 0
2738 9
2739 0
2740 1
2741 28
2742 -1
2743 0
2744 14
2745 0
2746 26
2747 1
2748 0
2749 0
2750 1
2751 -1
2752 0
2753 -1
2754 0
2755 1
2756 1
2757 -1
2758 -1
2759 0
2760 1
2761 0
2762 9
2763 -1
2764 -1
2765 0
2766 -1
2767 1
2768 0
2769 1
2770 1
2771 0
2773 1
2774 0
2775 0
2776 1
2777 0
2778 1
2779 -1
2780 0
2781 1
2782 0
2783 -1
2784 38
2785 0
2786 -1
2787 1
2788 1
2789 1
2790 17
2791 1
2792 1
2793 -1
2794 -1
2795 0
2796 -1
2797 -1
2798 0
2799 0
2800 1
2801 1
2802 0
2803 0
2804 0
2805 1
2806 -1
2807 1
2808 -1
2809 1
2810 1
2811 1
2812 0
2813 28
2814 0
2815 1
2816 1
2817 -1
2818 1
2819 1
2820 1
2821 17
2822 2
2823 0
2824 0
2825 1
2826 0
2827 0
2828 0
2829 0
2830 1
2831 0
2832 0
2833 1
2834 -1
2835 14
2836 0
2837 33
2838 1
2839 0
2840 -1
2841 -1
2842 1
2843 13
2844 0
2845 1
2846 1
2847 -1
2848 18
2849 1
2850 0
2851 20
2852 0
2853 1
2854 -1
2855 0
2856 -1
2857 -1
2858 0
2859 1
2860 -1
2861 0
2862 1
2863 42
2864 1
2865 1
2866 0
2867 1
2868 -1
2869 -1
2870 -1
2871 0
2872 27
2873 0
2874 1
2875 -1
2876 -1
2877 1
2878 24
2879 1
2880 1
2881 9
2882 0
2883 0
2884 1
2885 0
2886 1
2887 1
2888 1
2889 -1
2890 0
2891 -1
2892 1
2893 1
2894 1
2895 0
2896 -1
2897 1
2898 1
2899 9
2900 -1
2901 -1
2902 0
2903 19
2904 0
2905 -1
2906 1
2907 1
2908 1
2909 1
2910 1
2911 7
2912 0
2913 9
2914 -1
2915 0
2916 0
2917 1
2918 41
2919 0
2920 1
2921 -1
2922 1
2923 1
2924 0
2925 1
2926 -1
2927 -1
2928 -1
2929 1
2930 1
2931 -1
2932 9
2933 9
2934 0
2935 -1
2936 0
2937 0
2938 0
2939 1
2940 -1
2941 0
2942 -1
2943 -1
2944 0
2945 1
2946 -1
2947 42
2948 -1
2949 -1
2950 0
2951 -1
2952 1
2953 1
2954 9
2955 -1
2956 3
2957 0
2958 0
2959 1
2960 0
2961 -1
2962 6
2963 1
2964 -1
2965 0
2966 -1
2967 -1
2968 0
2969 1
2970 1
2971 1
2972 1
2973 -1
2974 0
2975 0
2976 1
2977 0
2978 0
2979 0
2980 0
2981 -1
2982 0
2983 1
2984 0
2985 1
2986 -1
2987 1
2988 0
2989 0
2990 1
2991 1
2992 0
2993 1
2994 1
2995 4
2996 31
2997 1
2998 0
2999 1
3000 6
3001 0
3002 -1
3003 0
3004 -1
3005 36
3006 -1
3007 4
3008 -1
3009 9
3010 0
3011 -1
3012 -1
3013 0
3014 0
3015 1
3016 15
3017 -1
3018 33
3019 0
3020 12
3021 25
3022 -1
3023 0
3024 1
3025 -1
3027 1
3028 1
3029 1
3030 1
3031 0
3032 -1
3033 0
3034 1
3035 -1
3036 0
3037 0
3038 1
3039 -1
3040 -1
3041 -1
3042 -1
3043 -1
3044 31
3045 0
3046 1
3047 -1
3048 -1
3049 0
3050 0
3051 -1
3052 0
3053 -1
3054 0
3055 -1
3056 0
3057 -1
3058 0
3059 0
3060 0
3061 1
3062 0
3063 0
3064 0
3065 1
3066 0
3067 1
3068 -1
3069 1
3070 -1
3071 0
3072 0
3073 0
3074 15
3075 3
3076 0
3077 0
3078 0
3079 1
3080 -1
3081 1
3082 0
3083 0
3084 1
3085 1
3086 0
3087 30
3088 26
3089 0
3090 1
3091 29
3092 0
3093 0
3094 1
3095 -1
3096 -1
3097 1
3098 1
3099 0
3100 0
3101 1
3102 -1
3103 0
3104 1
3105 -1
3106 -1
3107 0
3108 0
3109 4
3110 0
3111 3
3112 31
3113 0
3114 1
3115 0
3116 1
3117 1
3118 -1
3119 1
3120 24
3121 1
3122 -1
3123 1
3124 1
3125 -1
3126 2
3127 1
3128 21
3129 1
3130 0
3131 0
3132 0
3133 -1
3134 1
3135 -1
3136 1
3137 -1
3138 1
3139 1
3140 1
3141 0
3142 0
3143 -1
3144 -1
3145 0
3146 1
3147 0
3148 1
3149 1
3150 0
3151 0
3152 -1
3153 1
3154 1
3155 0
3156 1
3157 1
3158 0
3159 0
3160 1
3161 14
3162 -1
3163 1
3164 0
3165 0
3166 0
3167 12
3168 32
3169 -1
3170 1
3171 1
3172 -1
3173 -1
3174 1
3175 1
3176 1
3177 23
3178 -1
3179 1
3180 40
3181 9
3182 0
3183 1
3184 0
3185 1
3186 -1
3187 -1
3188 9
3189 1
3190 36
3191 34
3192 0
3193 0
3194 -1
3195 -1
3196 -1
3197 -1
3198 1
3199 1
3200 -1
3201 1
3202 0
3203 0
3204 -1
3205 1
3206 0
3207 1
3208 22
3209 1
3210 0
3211 1
3212 1
3213 1
3214 0
3215 17
3216 1
3217 -1
3218 -1
3219 0
3220 1
3221 0
3222 0
3223 0
3224 1
3225 0
3226 -1
3227 -1
3228 0
3229 0
3230 0
3231 0
3232 0
3233 1
3234 0
3235 -1
3236 1
3237 1
3238 0
3239 1
3240 0
3241 1
3242 0
3243 1
3244 20
3245 1
3246 -1
3247 1
3248 -1
3249 1
3250 1
3251 -1
3252 1
3253 9
3254 9
3255 34
3256 0
3257 0
3258 0
3259 1
3260 1
3261 1
3262 0
3263 0
3264 1
3265 11
3266 -1
3267 -1
3268 1
3269 0
3270 0
3271 1
3272 0
3273 1
3274 1
3275 0
3276 1
3277 0
3278 -1
3279 0
3280 0
3281 -1
3282 1
3283 1
3284 -1
3285 13
3286 -1
3287 0
3288 0
3289 1
3290 19
3291 28
3292 13
3293 1
3294 1
3295 -1
3296 1
3297 0
3298 36
3299 0
3300 0
3301 -1
3302 0
3303 0
3304 0
3305 1
3306 19
3307 1
3308 1
3309 0
3310 -1
3311 0
3312 0
3313 1
3314 1
3315 -1
3316 0
3317 0
3318 0
3319 1
3320 0
3321 3
3322 1
3323 1
3324 1
3325 27
3326 0
3327 -1
3328 -1
3329 35
3330 11
3331 1
3332 0
3333 1
3334 0
3335 0
3336 0
3337 1
3338 1
3339 -1
3340 -1
3341 0
3342 -1
3343 -1
3344 -1
3345 -1
3346 -1
3347 1
3348 1
3349 -1
3350 13
3351 1
3352 1
3353 1
3354 0
3355 -1
3356 0
3357 1
3358 17
3359 13
3360 -1
3361 -1
3362 1
3363 -1
3364 -1
3365 1
3366 -1
3367 1
3368 1
3369 -1
3370 1
3371 35
3372 -1
3373 -1
3374 1
3375 1
3376 39
3377 1
3378 0
3379 1
3380 -1
3381 0
3382 1
3383 0
3384 -1
3385 16
3386 1
3387 1
3388 -1
3389 1
3390 0
3391 -1
3392 -1
3393 1
3394 13
3395 -1
3396 0
3397 0
3398 0
3399 1
3400 23
3401 1
3402 -1
3403 1
3405 1
3406 0
3407 1
3408 0
3409 0
3410 0
3411 -1
3412 1
3413 1
3414 1
3415 -1
3416 0
3417 0
3418 1
3419 1
3420 13
3421 0
3422 0
3423 1
3424 1
3425 0
3426 0
3427 1
3428 -1
3429 1
3430 1
3431 1
3432 0
3433 0
3434 0
3435 1
3436 1
3437 0
3438 1
3439 0
3440 -1
3441 0
3442 1
3443 1
3444 1
3445 -1
3446 -1
3447 0
3448 -1
3449 -1
3450 0
3451 -1
3452 1
3453 34
3454 1
3455 0
3456 21
3457 0
3458 1
3459 1
3460 0
3461 -1
3462 0
3463 1
3464 1
3465 -1
3466 -1
3467 0
3468 1
3469 0
3470 -1
3471 19
3472 1
3473 1
3474 1
3475 0
3476 1
3477 1
3478 0
3479 27
3480 0
3481 23
3482 0
3483 -1
3484 -1
3485 -1
3486 0
3487 9
3488 1
3489 0
3490 1
3491 -1
3492 1
3493 0
3494 -1
3495 0
3496 -1
3497 -1
3498 0
3499 0
3500 1
3501 0
3502 22
3503 0
3504 0
3505 0
3506 1
3507 0
3508 -1
3509 -1
3510 0
3511 0
3512 0
3513 0
3514 1
3515 1
3516 0
3517 -1
3519 -1
3520 0
3521 1
3522 0
3523 1
3525 0
3526 0
3527 6
3528 21
3529 16
3530 0
3531 1
3532 1
3533 -1
3534 1
3535 0
3536 -1
3537 -1
3538 -1
3539 1
3540 -1
3541 0
3542 0
3543 1
3544 0
3545 1
3546 1
3547 1
3548 0
3549 0
3550 -1
3551 1
3552 -1
3553 1
3554 -1
3555 1
3556 0
3557 -1
3558 -1
3559 1
3560 0
3561 0
3562 0
3563 0
3564 -1
3565 24
3566 10
3567 6
3568 0
3569 1
3570 14
3571 15
3572 18
3573 25
3575 -1
3576 -1
3577 1
3578 0
3579 1
3580 -1
3581 1
3582 0
3583 -1
3584 1
3585 0
3586 -1
3587 0
3588 1
3589 -1
3590 0
3591 0
3592 14
3593 -1
3594 -1
3595 0
3596 1
3597 -1
3598 1
3599 0
3600 33
3601 -1
3602 33
3603 1
3604 0
3605 1
3606 1
3607 0
3608 1
3609 0
3610 1
3611 0
3612 -1
3613 1
3614 1
3615 -1
3616 1
3617 1
3618 1
3619 0
3620 0
3621 1
3622 -1
3623 0
3624 0
3625 -1
3626 1
3627 0
3628 27
3629 1
3630 1
3631 1
3632 0
3633 1
3634 0
3635 0
3636 41
3637 0
3638 0
3639 1
3640 -1
3641 0
3642 0
3643 0
3644 -1
3645 1
3646 0
3647 0
3648 1
3649 1
3650 0
3651 6
3652 1
3653 -1
3654 1
3655 1
3656 0
3657 1
3658 0
3659 1
3660 1
3661 0
3662 -1
3663 1
3664 0
3665 14
3666 1
3667 19
3668 -1
3669 1
3670 13
3671 1
3672 0
3673 1
3674 1
3675 1
3676 -1
3677 39
3678 1
3679 0
3680 -1
3681 -1
3682 -1
3683 1
3684 1
3685 -1
3686 1
3688 1
3689 1
3690 0
3691 -1
3692 1
3693 1
3694 8
3695 0
3696 1
3697 1
3698 2
3699 -1
3700 1
3701 -1
3702 1
3703 0
3704 -1
3705 1
3706 1
3707 0
3708 -1
3709 -1
3710 1
3711 0
3712 0
3713 0
3714 1
3715 -1
3716 -1
3717 0
3718 1
3719 -1
3720 1
3721 1
3722 -1
3723 -1
3724 0
3725 0
3726 12
3727 -1
3728 0
3729 29
3730 0
3731 0
3732 -1
3733 1
3734 1
3735 -1
3736 0
3737 1
3738 -1
3739 0
3740 0
3741 1
3742 0
3743 0
3744 14
3745 1
3746 0
3747 1
3748 1
3749 -1
3750 9
3751 1
3752 0
3753 0
3754 9
3755 10
3756 -1
3757 0
3758 1
3759 -1
3760 1
3761 1
3762 0
3763 -1
3764 -1
3765 33
3766 1
3767 1
3768 1
3769 0
3770 1
3771 4
3772 0
3773 1
3774 0
3775 1
3776 -1
3777 -1
3778 1
3779 -1
3780 0
3781 -1
3782 0
3783 1
3784 -1
3785 1
3786 1
3787 0
3788 1
3789 14
3790 1
3791 1
3792 -1
3793 0
3794 22
3795 -1
3796 -1
3797 6
3798 0
3799 1
3800 0
3801 1
3802 31
3803 17
3804 37
3805 1
3806 1
3807 5
3808 0
3809 0
3811 1
3812 0
3813 -1
3814 -1
3815 -1
3816 0
3817 0
3818 -1
3819 0
3820 0
3821 1
3822 1
3823 11
3824 1
3825 -1
3826 -1
3827 1
3828 1
3829 9
3830 1
3831 0
3832 0
3833 1
3834 -1
3835 0
3836 0
3837 0
3838 1
3839 21
3840 -1
3841 -1
3842 -1
3843 -1
3844 1
3845 1
3846 0
3847 0
3848 0
3849 1
3850 0
3851 0
3852 0
3853 20
3854 0
3855 1
3856 38
3857 0
3858 1
3859 0
3860 0
3861 -1
3862 0
3863 0
3864 20
3865 9
3866 -1
3867 1
3868 32
3869 21
3870 0
3871 -1
3872 1
3873 -1
3874 -1
3875 -1
3876 1
3877 -1
3878 0
3879 -1
3880 1
3881 1
3882 1
3883 1
3884 1
3885 -1
3886 29
3887 0
3888 -1
3889 30
3890 1
3891 -1
3892 1
3893 1
3894 0
3895 1
3896 6
3897 0
3898 -1
3899 1
3901 9
3902 0
3903 -1
3904 1
3905 1
3906 1
3907 1
3908 1
3909 1
3910 1
3911 -1
3912 1
3913 0
3914 26
3915 0
3916 0
3917 -1
3918 1
3919 -1
3920 -1
3921 -1
3922 30
3923 0
3924 1
3925 0
3926 0
3927 1
3928 -1
3929 1
3930 1
3931 -1
3932 23
3933 1
3934 0
3935 0
3936 0
3937 0
3938 0
3939 0
3940 1
3941 0
3942 34
3943 0
3944 -1
3945 0
3946 1
3947 -1
3948 -1
3949 1
3950 9
3951 0
3952 -1
3953 1
3954 1
3955 1
3956 -1
3957 0
3958 15
3959 1
3960 0
3961 1
3962 0
3963 0
3964 1
3965 1
3966 1
3967 0
3968 -1
3969 -1
3970 -1
3971 7
3972 1
3973 0
3974 1
3975 0
3976 -1
3977 0
3978 -1
3979 0
3980 -1
3981 3
3982 -1
3983 28
3984 0
3985 1
3986 0
3987 -1
3988 0
3989 -1
3990 1
3991 1
3992 1
3993 0
3994 -1
3995 1
3996 12
3997 -1
3998 1
3999 -1
4000 1
4001 1
4002 1
4003 1
4004 -1
4005 0
4006 0
4007 1
4008 0
4009 -1
4010 0
4011 -1
4012 0
4013 -1
4014 1
4015 1
4016 0
4017 -1
4018 -1
4019 17
4020 0
4021 1
4022 7
4023 1
4024 1
4025 0
4026 6
4027 -1
4028 0
4029 -1
4030 0
4031 0
4032 0
4033 1
4034 0
4035 41
4036 0
4037 -1
4038 1
4039 1
4040 -1
4041 0
4042 0
4043 -1
4044 0
4045 -1
4046 1
4047 1
4048 0
4049 0
4050 0
4051 -1
4052 0
4053 6
4054 1
4055 1
4056 -1
4057 0
4058 1
4059 1
4060 1
4061 -1
4062 -1
4063 1
4064 0
4065 -1
4066 -1
4067 1
4068 1
4069 1
4070 0
4071 29
4072 1
4073 1
4074 1
4075 1
4076 1
4077 0
4078 1
4079 0
4080 0
4081 -1
4082 -1
4083 -1
4084 1
4085 13
4086 -1
4087 -1
4088 0
4089 -1
4090 33
4091 1
4092 -1
4093 1
4094 1
4095 1
4096 1
4097 0
4098 -1
4099 1
4100 0
4101 -1
4102 -1
4103 1
4104 31
4105 1
4106 31
4107 0
4108 -1
4109 28
4110 0
4111 -1
4112 0
4113 0
4114 13
4115 -1
4116 9
4117 0
4118 -1
4119 1
4120 0
4121 1
4122 1
4123 0
4124 11
4125 0
4126 -1
4127 0
4128 0
4129 40
4130 29
4131 0
4132 30
4133 1
4134 1
4135 1
4136 1
4137 1
4138 34
4139 1
4140 0
4141 0
4142 0
4143 28
4144 11
4145 1
4146 0
4147 3
4148 1
4149 1
4150 1
4151 0
4152 1
4153 -1
4154 1
4155 0
4156 1
4157 -1
4158 -1
4159 1
4160 1
4161 1
4162 -1
4163 1
4164 1
4165 -1
4166 1
4167 -1
4168 1
4169 0
4170 1
4171 0
4172 -1
4173 0
4174 0
4175 -1
4176 -1
4177 0
4178 15
4179 6
4180 1
4181 0
4182 -1
4183 1
4184 1
4185 1
4186 -1
4187 0
4188 1
4189 9
4190 1
4191 0
4192 1
4193 -1
4194 -1
4195 0
4196 0
4197 1
4198 15
4199 0
4200 9
4201 0
4202 1
4203 1
4204 0
4205 1
4206 0
4207 0
4208 -1
4209 6
4210 1
4211 0
4212 0
4213 -1
4214 0
4215 0
4216 1
4217 20
4218 -1
4219 1
4220 -1
4221 1
4222 -1
4223 0
4224 29
4225 -1
4226 0
4227 -1
4228 -1
4229 0
4230 0
4231 1
4232 1
4233 1
4234 5
4235 -1
4236 0
4237 39
4238 1
4239 -1
4240 1
4241 0
4242 -1
4243 -1
4244 8
4245 -1
4246 13
4247 0
4248 14
4249 1
4250 0
4251 1
4252 1
4253 32
4254 1
4255 1
4256 1
4257 -1
4258 0
4259 0
4260 14
4261 1
4262 0
4263 1
4264 0
4265 -1
4266 1
4267 6
4268 1
4269 -1
4270 -1
4272 6
4273 11
4274 1
4275 -1
4276 1
4277 0
4278 1
4279 0
4280 1
4281 -1
4282 -1
4283 1
4284 31
4285 -1
4286 0
4287 1
4288 1
4289 41
4290 -1
4291 1
4292 0
4293 -1
4294 0
4295 0
4296 -1
4297 1
4298 1
4299 15
4300 1
4301 -1
4302 -1
4303 42
4304 0
4305 1
4306 1
4307 0
4308 1
4309 0
4310 -1
4311 37
4312 1
4313 0
4314 -1
4315 1
4316 14
4317 -1
4318 1
4319 1
4320 1
4321 5
4322 0
4323 0
4324 0
4325 3
4326 37
4327 4
4328 0
4329 1
4330 0
4331 -1
4332 1
4333 41
4334 1
4335 1
4336 1
4337 0
4338 41
4339 -1
4340 0
4341 1
4342 -1
4343 0
4344 -1
4345 1
4346 0
4347 0
4348 1
4349 1
4350 7
4351 0
4352 0
4353 0
4354 1
4355 1
4356 0
4357 0
4358 1
4359 1
4360 29
4361 1
4362 0
4363 0
4364 0
4365 4
4366 24
4367 0
4368 -1
4369 -1
4370 5
4371 1
4372 1
4373 1
4374 1
4375 0
4376 0
4377 1
4378 0
4379 -1
4380 -1
4381 1
4382 1
4383 -1
4384 0
4385 0
4386 -1
4387 1
4388 -1
4389 1
4390 1
4391 0
4392 1
4393 1
4394 0
4395 0
4396 0
4397 0
4398 0
4399 34
4400 14
4401 1
4402 1
4403 -1
4404 -1
4405 -1
4406 1
4407 0
4408 0
4409 0
4410 1
4411 1
4412 1
4413 -1
4415 0
4416 -1
4417 1
4418 -1
4419 0
4420 1
4421 -1
4422 1
4423 13
4424 0
4425 1
4426 1
4427 1
4428 39
4429 31
4430 -1
4431 1
4432 -1
4433 33
4434 -1
4435 1
4436 0
4437 -1
4438 -1
4439 0
4440 0
4441 0
4442 0
4443 1
4444 1
4445 0
4446 0
4447 -1
4448 0
4449 0
4450 0
4451 -1
4452 1
4453 6
4454 2
4455 -1
4456 1
4457 -1
4458 -1
4459 -1
4460 1
4461 -1
4462 0
4463 1
4464 1
4465 1
4466 0
4467 -1
4468 0
4469 -1
4470 1
4471 0
4472 0
4473 1
4474 1
4475 -1
4476 1
4477 1
4478 1
4479 -1
4480 0
4481 1
4482 1
4483 1
4484 0
4485 1
4486 -1
4487 1
4488 0
4489 7
4490 0
4491 0
4492 0
4493 1
4494 -1
4495 0
4496 0
4497 0
4498 1
4499 1
4500 0
4501 0
4502 1
4503 -1
4504 1
4505 1
4506 1
4507 0
4508 0
4509 1
4510 23
4511 0
4512 0
4513 30
4514 -1
4515 1
4516 1
4517 -1
4518 0
4519 0
4520 2
4521 0
4522 1
4523 0
4524 0
4525 1
4526 1
4527 0
4528 0
4529 1
4530 4
4531 34
4532 1
4533 0
4534 35
4535 1
4536 -1
4537 1
4538 37
4539 -1
4540 1
4541 0
4542 0
4543 1
4544 0
4545 0
4546 0
4547 0
4548 -1
4549 34
4550 -1
4551 1
4552 1
4553 1
4554 0
4555 1
4556 1
4557 0
4558 0
4559 -1
4560 0
4561 0
4562 1
4563 -1
4564 0
4565 1
4566 0
4567 1
4568 0
4569 1
4570 33
4571 1
4572 -1
4573 0
4574 1
4575 31
4576 33
4577 -1
4578 -1
4579 0
4580 1
4581 0
4582 9
4583 38
4584 0
4585 -1
4586 19
4587 0
4588 8
4589 0
4590 0
4591 1
4592 19
4593 -1
4594 1
4595 1
4596 -1
4597 0
4598 0
4599 -1
4600 0
4601 0
4602 -1
4603 34
4604 -1
4605 6
4606 23
4607 -1
4608 0
4609 -1
4610 0
4611 9
4612 0
4613 1
4614 1
4615 1
4616 1
4617 0
4618 1
4619 1
4620 1
4621 0
4622 14
4623 1
4624 1
4625 1
4626 0
4627 0
4628 1
4629 21
4630 0
4631 0
4632 -1
4633 -1
4634 1
4635 1
4636 -1
4637 1
4638 0
4639 -1
4640 1
4641 22
4642 0
4643 1
4644 23
4645 1
4646 35
4647 9
4648 1
4649 0
4650 3
4651 0
4652 1
4653 0
4654 17
4655 0
4656 7
4657 -1
4658 0
4659 -1
4660 1
4661 0
4662 1
4663 1
4664 -1
4665 -1
4666 0
4667 1
4668 0
4669 1
4670 0
4671 0
4672 -1
4673 -1
4674 1
4675 1
4676 0
4677 1
4678 0
4679 -1
4680 -1
4681 -1
4682 0
4683 -1
4684 -1
4685 1
4686 -1
4687 -1
4688 0
4689 6
4690 37
4691 1
4692 0
4693 -1
4694 -1
4695 -1
4696 0
4697 1
4698 0
4699 0
4700 38
4701 1
4702 0
4703 1
4704 1
4705 1
4706 1
4707 1
4708 -1
4709 -1
4710 16
4711 -1
4712 -1
4713 32
4714 0
4715 20
4716 -1
4717 -1
4718 13
4719 1
4720 0
4721 -1
4722 -1
4723 0
4724 -1
4725 1
4726 1
4727 1
4728 1
4729 1
4730 0
4731 -1
4732 1
4733 0
4734 1
4735 1
4736 1
4737 11
4738 0
4739 7
4740 1
4741 1
4742 -1
4744 0
4745 0
4746 -1
4748 1
4749 0
4750 1
4751 1
4752 0
4753 1
4754 0
4755 1
4756 16
4757 -1
4758 1
4759 0
4760 -1
4761 -1
4762 0
4763 0
4764 0
4765 0
4766 -1
4767 0
4768 1
4769 1
4770 0
4771 0
4772 -1
4773 1
4774 1
4775 1
4776 -1
4777 0
4778 15
4779 1
4780 -1
4781 9
4782 -1
4783 16
4784 1
4785 1
4786 1
4787 1
4788 1
4789 0
4790 0
4791 10
4792 -1
4793 1
4794 1
4795 1
4796 1
4797 0
4798 1
4799 -1
4800 1
4801 33
4802 0
4803 1
4804 1
4805 0
4806 0
4807 1
4808 0
4809 1
4810 0
4811 0
4812 -1
4813 1
4814 -1
4815 0
4816 1
4817 -1
4818 0
4819 9
4820 -1
4821 -1
4822 28
4823 0
4824 0
4825 1
4826 1
4827 -1
4828 0
4829 0
4830 1
4831 7
4832 0
4833 1
4834 1
4835 -1
4836 -1
4837 10
4839 1
4840 12
4841 -1
4842 1
4843 -1
4844 1
4845 0
4846 0
4847 1
4848 33
4849 0
4850 1
4851 1
4852 1
4853 0
4854 0
4855 1
4856 0
4857 -1
4858 0
4859 -1
4860 1
4861 -1
4862 1
4863 0
4864 0
4865 1
4866 1
4867 1
4868 1
4869 -1
4870 -1
4871 -1
4872 0
4873 0
4874 0
4875 1
4876 -1
4877 1
4878 0
4879 1
4880 0
4881 -1
4882 1
4883 1
4884 -1
4885 0
4886 1
4887 -1
4888 0
4889 1
4890 1
4891 0
4892 -1
4893 -1
4894 1
4895 -1
4896 1
4897 0
4898 0
4899 1
4900 12
4901 1
4902 0
4903 -1
4904 0
4905 1
4906 1
4907 -1
4908 1
4909 0
4910 12
4911 1
4912 7
4913 -1
4914 1
4915 0
4916 0
4917 33
4918 1
4919 -1
4920 1
4921 1
4922 0
4923 1
4924 1
4925 32
4926 1
4927 0
4928 39
4929 1
4930 0
4931 -1
4932 1
4933 31
4934 1
4935 0
4936 0
4937 40
4938 1
4939 -1
4940 0
4941 1
4942 1
4943 0
4944 1
4945 1
4946 1
4947 1
4948 0
4949 9
4950 16
4951 1
4952 0
4953 18
4954 0
4955 0
4956 0
4957 -1
4958 0
4959 15
4960 1
4961 1
4962 1
4963 1
4964 -1
4965 0
4966 0
4967 0
4968 1
4969 1
4970 1
4971 -1
4972 -1
4973 1
4974 -1
4975 0
4976 -1
4977 -1
4978 0
4979 0
4980 0
4981 0
4982 9
4983 -1
4984 1
4985 1
4986 1
4987 2
4988 0
4989 0
4990 -1
4991 -1
4992 -1
4993 1
4994 39
4995 1
4996 10
4997 1
4998 -1
4999 0
5000 0
5001 0
5002 1
5003 1
5004 1
5005 -1
5006 35
5007 -1
5008 0
5009 -1
5010 -1
5011 -1
5012 7
5013 7
5014 0
5015 0
5016 0
5017 -1
5018 0
5019 -1
5020 1
5021 -1
5022 1
5023 1
5024 0
5025 0
5026 -1
5027 -1
5028 -1
5029 -1
5030 1
5031 0
5032 0
5033 21
5034 21
5035 -1
5036 -1
5037 9
5038 -1
5039 0
5040 0
5041 0
5042 0
5043 1
5044 -1
5045 0
5046 1
5047 -1
5048 1
5049 1
5050 -1
5051 0
5052 0
5053 -1
5054 -1
5055 -1
5056 11
5057 0
5058 0
5059 0
5060 -1
5061 1
5062 1
5063 1
5064 -1
5065 1
5066 -1
5067 0
5068 -1
5069 -1
5070 -1
5071 -1
5072 -1
5073 1
5074 0
5075 0
5076 1
5077 1
5078 0
5079 0
5080 0
