0 157
1 235
2 20
3 178
4 119
5 25
6 4
7 43
8 109
9 15
10 85
11 80
12 139
13 70
14 230
15 223
16 5
17 91
18 166
19 54
20 212
21 228
22 69
23 121
24 186
25 56
26 163
27 114
28 17
29 102
30 80
31 119
32 23
33 117
34 55
35 21
36 21
37 81
38 14
39 219
40 109
41 84
42 126
43 222
44 178
45 213
46 18
47 29
48 12
49 117
50 193
51 244
52 207
53 123
54 96
55 200
56 164
57 20
58 53
59 2
60 145
61 106
62 12
63 12
64 131
65 56
66 244
67 85
68 91
69 130
70 93
71 97
72 234
73 120
74 111
75 18
76 213
77 16
78 21
79 76
80 57
81 233
82 113
83 213
84 200
85 92
86 48
87 70
88 168
89 197
90 1
91 148
92 33
93 102
94 104
95 56
96 213
97 80
98 2
99 94
100 159
101 187
102 137
103 52
104 167
105 45
106 51
107 115
108 130
109 181
110 202
111 16
112 226
113 240
114 8
115 230
116 196
117 57
118 72
119 11
120 21
121 93
122 115
123 219
124 160
125 156
126 65
127 158
128 240
129 149
130 56
131 71
132 57
133 179
134 52
135 181
136 2
137 227
138 211
139 80
140 67
141 25
142 164
143 132
144 73
145 144
146 213
147 32
148 2
149 85
150 2
151 35
152 3
153 119
154 61
155 56
156 1
157 56
158 186
159 126
160 191
161 160
162 7
163 6
164 150
165 6
166 41
167 5
168 186
169 229
170 184
171 113
172 19
173 209
174 22
175 178
176 26
177 237
178 110
179 192
180 236
181 200
182 223
183 56
184 69
185 210
186 119
187 219
188 137
189 157
190 171
191 122
192 10
193 12
194 41
195 179
196 190
197 61
198 75
199 49
200 9
201 240
202 10
203 57
204 30
205 202
206 236
207 29
208 1
209 129
210 191
211 181
212 119
213 5
214 157
215 26
216 224
217 34
218 87
219 21
220 80
221 97
222 192
223 61
224 125
225 18
226 182
227 119
228 131
229 5
230 247
231 101
232 200
233 12
234 28
235 167
236 144
237 185
238 247
239 249
240 233
241 60
242 43
243 22
244 224
245 114
246 89
247 119
248 114
249 20
250 213
251 0
252 154
253 156
254 130
255 14
256 170
257 36
258 204
259 91
260 218
261 163
262 19
263 115
264 21
265 120
266 128
267 83
268 115
269 233
270 240
271 94
272 181
273 102
274 29
275 179
276 224
277 172
278 79
279 79
280 136
281 95
282 1
283 215
284 203
285 156
286 33
287 246
288 21
289 119
290 26
291 247
292 80
293 213
294 4
295 241
296 119
297 5
298 56
299 47
301 144
302 236
303 21
304 248
305 177
306 210
307 115
308 230
309 46
310 103
311 29
312 88
313 56
314 80
315 63
316 108
317 201
318 104
319 87
320 6
321 112
322 28
323 93
324 10
325 53
326 89
327 178
328 177
329 119
330 103
331 125
332 187
333 128
334 191
335 39
336 80
337 173
338 5
339 116
340 115
341 160
342 195
343 150
344 193
345 173
346 220
347 85
348 206
349 84
350 51
351 6
352 204
353 142
354 67
355 201
356 85
357 114
358 61
359 7
360 10
361 173
362 43
363 200
364 67
365 10
366 124
367 183
368 207
369 91
370 113
371 164
372 10
373 0
374 137
375 177
376 31
377 25
378 54
379 5
380 182
381 56
382 10
383 123
384 94
385 205
386 21
387 26
388 26
389 220
390 40
391 2
392 114
393 180
394 72
395 25
396 116
397 85
398 143
399 46
400 238
401 41
402 48
403 144
404 117
405 180
406 224
407 70
408 13
409 126
410 134
411 27
412 233
413 69
414 61
415 224
416 103
417 54
418 192
419 4
420 104
421 202
422 68
423 6
424 81
425 21
426 14
427 80
428 217
429 19
430 86
431 212
432 26
433 81
434 56
435 119
436 80
437 204
438 14
439 78
440 56
441 81
442 216
443 131
444 77
445 19
446 222
447 48
448 57
449 67
450 26
451 145
452 144
453 47
454 133
455 198
456 172
457 145
458 97
459 60
460 164
461 24
462 25
463 120
464 160
465 49
466 12
467 53
468 9
469 163
470 128
471 120
472 133
473 134
474 234
475 8
476 223
477 153
478 121
479 91
480 240
481 119
482 5
483 237
484 67
485 236
486 223
487 39
488 215
489 80
490 104
491 123
492 198
493 72
494 201
495 73
496 239
497 249
498 10
499 136
500 179
501 28
502 193
503 80
504 31
505 133
506 239
507 227
508 213
509 144
510 219
511 214
512 61
513 56
514 156
515 144
516 137
517 164
518 137
519 85
520 174
521 242
522 25
523 195
524 70
525 166
526 115
527 240
528 132
529 6
530 56
531 143
532 18
533 12
534 178
535 204
536 119
537 70
538 122
539 53
540 88
541 142
542 133
543 116
544 213
545 124
546 43
547 209
548 120
549 239
550 150
551 240
552 26
553 43
554 54
555 197
556 234
557 56
558 27
559 134
560 80
561 214
562 130
563 128
564 47
565 2
566 1
567 57
568 73
569 80
570 76
571 43
572 95
573 181
574 88
575 21
576 117
577 195
578 61
579 91
580 5
581 243
582 70
583 144
584 14
585 20
586 29
587 157
588 54
589 120
590 94
591 143
592 224
593 81
594 86
595 209
596 185
597 69
598 14
599 137
600 21
601 127
602 137
603 123
604 39
605 70
606 157
607 119
608 203
609 128
610 44
611 49
612 243
613 234
614 243
615 1
616 216
617 78
618 12
619 80
620 19
621 127
622 247
623 47
624 21
625 80
626 130
627 48
628 104
629 57
630 87
631 206
632 218
633 123
634 118
635 74
636 103
637 110
638 171
639 224
640 89
641 230
642 133
643 101
644 86
645 82
646 223
647 226
648 21
649 173
650 243
651 239
652 172
653 223
654 53
655 212
656 210
657 115
658 149
659 111
660 153
661 19
662 214
663 21
664 239
665 205
666 93
667 30
668 0
669 116
670 210
671 81
672 137
673 80
674 215
675 39
676 19
677 150
678 20
679 31
680 92
681 42
682 168
683 236
684 57
685 87
686 190
687 79
688 85
689 164
690 196
691 148
692 135
693 130
694 88
695 113
696 91
697 220
698 48
699 176
700 56
701 56
702 21
703 229
704 115
705 13
706 65
707 223
708 184
709 159
710 81
711 115
712 115
713 85
715 115
716 117
717 238
718 35
719 197
720 131
721 33
722 35
723 41
724 90
725 76
726 117
727 108
728 128
729 202
730 86
731 148
732 36
733 25
734 13
735 26
736 69
737 236
738 102
739 92
740 205
741 109
742 2
743 57
744 120
745 68
746 225
747 107
748 164
749 106
750 164
751 180
752 80
753 145
754 119
755 226
756 9
757 10
758 157
759 25
760 97
761 102
762 104
763 84
764 139
765 233
766 22
767 198
768 212
769 10
770 84
771 138
772 65
773 236
774 215
775 168
776 239
777 244
778 137
779 224
780 66
781 86
782 41
783 43
784 199
785 49
786 123
787 2
788 6
789 94
790 76
791 39
792 123
793 201
794 65
795 87
796 57
797 10
798 193
799 31
800 128
801 98
802 249
803 165
804 79
805 76
806 159
807 158
808 213
809 64
810 87
811 65
812 123
813 66
814 229
815 26
816 164
817 6
818 215
819 7
820 188
821 18
822 144
823 128
824 181
825 57
826 145
827 212
828 56
829 49
830 54
831 31
832 243
833 38
834 46
835 54
836 120
837 213
838 106
839 60
840 5
841 21
842 118
843 191
844 64
845 48
846 105
847 224
848 21
849 107
850 57
851 80
852 165
853 194
854 212
855 131
856 57
857 104
858 137
859 19
860 240
861 172
862 48
863 85
864 229
865 57
866 133
867 60
868 224
869 24
870 171
871 164
872 120
873 200
874 111
875 215
876 30
877 137
878 144
879 145
880 204
881 60
882 69
883 218
884 45
885 66
886 191
887 10
888 53
889 46
890 198
891 53
892 179
893 56
894 14
895 28
896 25
897 110
898 19
899 144
900 190
901 81
902 202
903 144
904 150
905 149
906 23
907 55
908 41
909 30
910 17
911 94
912 25
913 21
914 36
915 25
916 222
917 26
918 137
919 126
920 171
921 116
922 128
923 113
924 119
925 0
926 129
927 182
928 134
929 92
930 240
931 38
932 21
933 2
934 16
935 193
936 60
937 56
938 27
939 61
940 137
941 87
942 56
943 44
944 145
945 38
946 182
947 233
948 12
949 156
950 19
951 169
952 10
953 213
954 130
955 178
956 210
957 1
958 70
959 218
960 171
961 144
962 243
963 239
964 157
965 233
966 171
967 2
968 32
969 137
970 85
971 56
972 58
973 173
974 119
975 134
976 182
977 78
978 137
979 94
980 223
981 80
982 36
983 119
984 71
985 145
986 41
987 182
988 30
989 96
990 164
991 158
992 169
993 3
994 166
995 81
996 148
997 61
998 128
999 153
1000 20
1001 133
1002 81
1003 171
1004 88
1005 230
1006 53
1007 164
1008 85
1009 209
1010 56
1011 56
1012 243
1013 56
1014 137
1015 67
1016 130
1017 239
1018 57
1019 102
1020 238
1021 86
1022 2
1023 119
1024 113
1025 224
1026 56
1027 45
1028 66
1029 150
1030 193
1031 6
1032 53
1033 21
1034 192
1035 80
1036 14
1037 93
1038 157
1039 102
1040 2
1041 61
1042 230
1043 134
1044 186
1045 192
1046 136
1047 56
1048 56
1049 131
1050 128
1051 25
1052 179
1053 239
1054 212
1055 57
1056 82
1057 183
1058 119
1059 25
1060 241
1061 164
1062 160
1063 130
1064 130
1065 80
1066 234
1067 203
1068 81
1069 99
1070 249
1071 11
1072 186
1073 153
1074 164
1075 0
1076 132
1077 37
1078 172
1079 155
1080 142
1081 152
1082 99
1083 24
1084 131
1085 21
1086 59
1087 49
1088 228
1089 108
1090 140
1091 101
1092 99
1093 192
1094 115
1095 29
1096 57
1097 224
1098 141
1099 46
1100 190
1101 144
1102 27
1103 178
1104 185
1105 145
1106 53
1107 69
1108 42
1109 167
1110 202
1111 120
1112 213
1113 178
1114 28
1115 1
1116 198
1117 221
1118 97
1119 213
1120 134
1121 144
1122 63
1123 49
1124 69
1125 186
1126 56
1127 101
1128 23
1129 53
1130 104
1131 21
1132 13
1133 113
1134 106
1135 2
1136 129
1137 215
1138 80
1139 113
1140 21
1141 205
1142 209
1143 102
1144 14
1145 205
1146 144
1147 172
1148 152
1149 243
1150 85
1151 27
1152 202
1153 65
1154 236
1155 158
1156 10
1157 130
1158 201
1159 120
1160 149
1161 45
1162 177
1163 102
1164 244
1165 56
1166 56
1167 150
1168 14
1169 189
1170 87
1171 68
1172 144
1173 119
1174 186
1175 225
1176 60
1177 223
1178 172
1179 1
1180 236
1181 56
1182 246
1183 119
1184 206
1185 237
1186 247
1187 114
1188 94
1189 93
1190 157
1191 25
1192 93
1193 98
1194 221
1195 177
1196 164
1197 77
1198 59
1199 56
1200 144
1201 108
1202 103
1203 134
1204 39
1205 10
1206 16
1207 80
1208 119
1209 160
1210 115
1211 103
1212 185
1213 97
1214 124
1215 202
1216 70
1217 215
1218 0
1219 36
1220 144
1221 25
1222 106
1223 18
1224 56
1225 111
1226 10
1227 28
1228 38
1229 91
1230 92
1231 84
1232 18
1233 230
1234 117
1235 204
1236 137
1237 10
1238 53
1239 224
1240 136
1241 127
1242 148
1243 100
1244 53
1245 236
1246 230
1247 75
1248 40
1249 152
1250 186
1251 80
1252 116
1253 14
1254 0
1255 226
1256 106
1257 61
1258 21
1259 1
1260 56
1261 165
1262 49
1263 81
1264 212
1265 25
1266 249
1267 240
1268 80
1269 163
1270 26
1271 60
1272 167
1273 10
1274 5
1275 10
1277 42
1278 137
1279 115
1280 237
1281 35
1282 115
1283 216
1284 12
1285 7
1286 5
1287 94
1288 94
1289 226
1290 191
1291 7
1292 190
1293 103
1294 115
1295 175
1296 41
1297 210
1298 26
1299 0
1300 235
1301 152
1302 101
1303 43
1304 13
1305 95
1306 167
1307 249
1308 155
1309 119
1310 223
1311 137
1312 25
1313 93
1314 156
1315 163
1316 0
1317 220
1318 216
1319 53
1320 187
1321 79
1322 189
1323 43
1324 24
1325 230
1326 36
1327 211
1328 23
1329 26
1330 10
1331 226
1332 139
1333 125
1334 76
1335 19
1336 60
1337 21
1338 144
1339 11
1340 61
1341 14
1342 193
1343 55
1344 189
1345 101
1346 7
1347 56
1348 213
1349 66
1350 25
1351 66
1352 115
1353 140
1354 177
1355 104
1356 1
1357 226
1358 236
1359 196
1360 132
1361 137
1362 177
1363 62
1364 158
1365 76
1366 230
1367 133
1368 65
1369 212
1370 117
1371 233
1372 202
1373 119
1374 10
1375 155
1376 131
1377 200
1378 55
1379 61
1380 115
1381 84
1382 5
1383 0
1384 202
1385 152
1386 6
1387 11
1388 14
1389 103
1390 9
1391 186
1392 239
1393 19
1394 86
1396 141
1397 157
1398 249
1399 131
1400 126
1401 243
1402 145
1403 240
1404 56
1405 224
1406 49
1407 70
1408 213
1409 212
1410 167
1411 128
1412 136
1413 233
1414 157
1415 224
1416 144
1417 164
1418 110
1419 164
1420 43
1421 178
1422 30
1423 201
1424 119
1425 9
1426 69
1427 151
1428 97
1429 230
1430 134
1431 163
1432 4
1433 129
1434 49
1435 15
1436 91
1437 80
1438 78
1439 80
1440 9
1441 224
1442 10
1443 61
1444 183
1445 104
1446 137
1447 165
1448 18
1449 81
1450 14
1451 11
1452 128
1453 3
1454 79
1455 5
1456 229
1457 56
1458 33
1459 66
1460 54
1461 112
1463 56
1464 22
1465 83
1466 169
1467 207
1468 128
1469 1
1470 51
1471 42
1472 115
1473 70
1474 223
1475 24
1476 229
1477 103
1478 98
1479 116
1480 185
1481 39
1482 128
1483 29
1484 27
1485 36
1486 43
1487 224
1488 173
1489 26
1490 84
1491 115
1493 85
1494 171
1495 180
1496 120
1497 224
1498 70
1499 184
1500 157
1501 49
1502 33
1503 98
1504 133
1505 45
1506 237
1507 29
1508 44
1509 57
1510 229
1511 5
1512 120
1513 83
1514 134
1515 143
1516 19
1517 48
1518 46
1519 119
1520 96
1521 131
1522 75
1523 56
1524 204
1525 56
1526 144
1527 123
1528 158
1529 229
1530 123
1531 26
1532 44
1533 213
1534 147
1535 173
1536 160
1537 56
1538 23
1539 66
1540 148
1541 168
1542 212
1543 152
1544 150
1545 83
1546 141
1547 71
1548 144
1549 147
1550 165
1551 210
1552 2
1553 7
1554 222
1555 239
1556 186
1557 63
1558 64
1559 94
1560 10
1561 119
1562 173
1563 25
1564 81
1565 137
1566 198
1567 53
1568 146
1569 86
1570 173
1571 203
1572 191
1573 69
1574 10
1575 64
1576 56
1577 18
1578 177
1579 116
1580 203
1581 20
1582 163
1583 20
1584 36
1585 123
1586 211
1587 217
1588 190
1589 144
1590 57
1591 56
1592 66
1593 61
1594 96
1595 84
1596 56
1597 53
1598 10
1599 136
1600 36
1601 85
1602 73
1603 10
1604 61
1605 13
1606 95
1607 21
1608 113
1609 142
1610 28
1611 62
1612 5
1613 18
1614 224
1615 75
1616 190
1617 82
1618 33
1619 2
1620 3
1621 19
1622 102
1623 237
1624 43
1625 203
1626 144
1627 3
1628 10
1629 243
1630 21
1631 10
1632 56
1633 22
1634 119
1635 31
1636 185
1637 197
1638 10
1639 139
1640 194
1641 10
1642 86
1643 164
1644 204
1645 81
1646 1
1647 137
1648 60
1649 56
1650 243
1651 51
1652 233
1653 25
1654 230
1655 218
1656 115
1657 178
1658 102
1659 190
1660 16
1661 137
1662 94
1663 25
1664 93
1665 119
1666 106
1667 24
1668 53
1669 38
1670 43
1671 42
1672 30
1673 28
1674 190
1675 14
1676 114
1677 40
1678 72
1679 2
1680 233
1681 202
1682 243
1683 177
1684 177
1685 80
1686 206
1687 129
1688 103
1689 18
1690 85
1691 158
1692 8
1693 20
1694 53
1695 43
1696 21
1697 76
1698 89
1699 186
1700 226
1701 95
1702 148
1703 25
1704 213
1705 243
1706 117
1707 76
1708 53
1709 116
1710 53
1711 150
1712 128
1713 170
1714 121
1715 137
1716 85
1717 16
1718 19
1719 248
1720 233
1721 133
1722 160
1723 144
1725 115
1726 21
1727 241
1728 224
1729 106
1730 169
1731 205
1732 187
1733 8
1734 248
1735 85
1736 114
1737 149
1738 2
1739 178
1740 123
1741 67
1742 76
1743 236
1744 243
1745 224
1746 238
1747 115
1748 20
1749 241
1750 119
1751 52
1752 41
1753 22
1754 109
1755 53
1756 243
1757 49
1758 7
1759 10
1760 137
1761 227
1762 65
1763 81
1764 119
1765 229
1766 90
1767 16
1768 247
1769 61
1770 117
1771 80
1772 190
1773 176
1774 102
1775 10
1776 118
1777 21
1778 98
1779 186
1780 1
1781 171
1782 58
1783 236
1784 34
1785 201
1786 243
1787 123
1788 178
1789 141
1790 212
1791 225
1792 167
1793 25
1794 27
1795 18
1796 154
1797 144
1798 39
1799 83
1800 207
1801 153
1802 27
1803 48
1804 60
1805 76
1806 155
1807 48
1808 8
1809 45
1810 119
1811 164
1812 184
1813 67
1814 13
1815 19
1816 65
1817 244
1818 221
1819 117
1820 20
1821 10
1822 53
1823 129
1824 143
1825 114
1826 53
1827 17
1828 178
1829 16
1830 65
1831 80
1832 68
1833 145
1834 224
1835 226
1836 63
1837 30
1838 178
1839 18
1840 14
1841 71
1842 213
1843 94
1844 26
1845 117
1846 123
1847 138
1848 51
1849 136
1850 69
1851 164
1852 137
1853 48
1854 60
1855 83
1856 240
1857 53
1858 63
1859 134
1860 201
1861 227
1862 41
1863 239
1864 132
1865 123
1866 85
1867 106
1868 41
1869 38
1870 98
1871 168
1872 40
1873 85
1874 53
1875 207
1876 44
1877 196
1878 236
1879 68
1881 16
1882 66
1883 195
1884 178
1885 29
1886 145
1887 26
1888 166
1889 113
1890 113
1891 178
1892 126
1893 53
1894 206
1895 38
1896 138
1897 106
1898 133
1899 82
1900 210
1901 121
1902 164
1903 19
1904 120
1905 2
1906 110
1907 200
1908 240
1909 64
1910 21
1911 210
1912 218
1913 87
1914 137
1915 240
1916 181
1917 134
1918 83
1919 7
1920 143
1921 72
1922 231
1923 124
1924 80
1925 157
1926 26
1927 41
1928 135
1929 80
1930 125
1931 12
1932 104
1933 4
1934 192
1935 1
1936 124
1937 80
1938 10
1939 63
1940 212
1941 10
1942 66
1943 126
1944 90
1945 94
1946 61
1947 119
1948 12
1949 168
1950 137
1951 205
1952 6
1953 73
1954 178
1955 171
1956 201
1957 82
1958 148
1959 0
1960 91
1961 74
1962 167
1963 206
1964 199
1965 148
1966 33
1967 119
1968 21
1969 132
1970 230
1971 202
1972 106
1973 112
1974 102
1975 234
1976 229
1977 7
1978 186
1979 0
1980 213
1981 16
1982 164
1983 120
1984 20
1985 95
1986 163
1987 164
1988 183
1989 179
1990 56
1991 87
1992 60
1993 181
1994 61
1995 64
1996 81
1997 15
1998 106
1999 53
2000 54
2001 249
2002 182
2003 213
2004 104
2005 230
2006 203
2007 8
2008 243
2009 119
2010 4
2011 112
2012 62
2013 144
2014 142
2015 178
2016 168
2017 90
2018 1
2019 144
2020 201
2021 234
2022 104
2023 178
2024 241
2025 60
2026 64
2027 235
2028 79
2029 240
2030 2
2031 234
2032 80
2033 117
2034 65
2035 21
2036 81
2037 227
2038 12
2039 230
2040 133
2041 240
2042 213
2043 135
2044 244
2045 10
2046 123
2047 230
2048 10
2049 133
2050 43
2051 169
2052 43
2053 64
2054 11
2055 145
2056 10
2057 61
2058 108
2059 150
2060 234
2061 27
2062 115
2063 12
2064 190
2065 157
2066 49
2067 240
2068 90
2069 111
2070 240
2071 56
2072 134
2073 30
2074 194
2075 207
2076 26
2077 213
2078 70
2079 192
2080 85
2081 212
2082 135
2083 8
2084 80
2085 213
2086 94
2087 120
2088 93
2089 22
2090 22
2091 96
2092 8
2093 193
2094 69
2095 94
2096 131
2097 191
2098 9
2099 214
2100 31
2101 43
2102 148
2103 81
2104 171
2105 178
2106 5
2107 80
2108 79
2109 127
2110 133
2111 84
2112 16
2113 169
2114 21
2115 97
2116 146
2117 10
2118 51
2119 14
2120 148
2121 71
2122 43
2123 224
2124 240
2125 230
2126 29
2127 91
2128 21
2129 82
2130 240
2131 143
2132 22
2133 210
2134 8
2135 33
2136 10
2137 201
2138 212
2139 106
2140 120
2141 15
2142 163
2143 18
2144 113
2145 124
2146 162
2147 164
2148 244
2149 186
2150 85
2151 133
2152 207
2153 46
2154 204
2155 243
2156 48
2157 0
2158 20
2159 190
2160 152
2161 53
2162 194
2163 206
2164 1
2165 28
2166 234
2167 20
2168 43
2169 120
2170 85
2171 54
2172 13
2173 150
2174 1
2175 107
2176 50
2177 113
2178 186
2179 243
2180 2
2181 215
2182 80
2183 21
2184 70
2185 217
2186 0
2187 89
2188 244
2189 137
2190 57
2191 56
2192 134
2193 41
2194 85
2195 30
2196 56
2197 17
2198 126
2199 117
2200 56
2201 165
2202 133
2203 60
2204 225
2205 222
2206 94
2207 123
2208 43
2209 116
2211 46
2212 85
2213 49
2214 117
2215 57
2216 96
2217 233
2218 90
2219 157
2220 93
2221 65
2222 56
2223 223
2224 151
2225 244
2226 106
2227 81
2228 173
2229 14
2230 220
2231 43
2232 2
2233 128
2234 7
2235 24
2236 234
2237 63
2238 56
2239 44
2240 6
2241 43
2242 16
2243 172
2244 17
2245 104
2246 207
2247 28
2248 36
2249 192
2250 13
2251 56
2252 10
2253 78
2254 137
2255 145
2256 167
2257 19
2258 240
2260 118
2261 182
2262 91
2263 148
2264 21
2265 6
2266 115
2267 41
2268 110
2269 53
2270 85
2271 10
2272 185
2273 56
2274 77
2275 2
2276 90
2277 80
2278 73
2279 240
2280 56
2281 130
2282 6
2283 1
2284 189
2285 14
2286 200
2287 14
2288 36
2289 240
2290 24
2291 3
2292 213
2293 10
2294 229
2295 130
2296 25
2297 146
2298 54
2299 65
2300 186
2301 137
2302 242
2303 74
2304 66
2305 9
2306 159
2307 90
2308 239
2309 84
2310 119
2311 60
2312 110
2313 21
2314 10
2315 120
2316 210
2317 12
2318 168
2319 220
2320 32
2321 133
2322 10
2323 232
2324 51
2325 36
2327 41
2328 14
2329 224
2330 137
2331 166
2332 70
2333 56
2334 125
2335 145
2336 108
2337 14
2338 185
2339 12
2340 239
2341 227
2342 229
2343 229
2344 103
2345 60
2346 211
2347 84
2348 248
2349 167
2350 113
2351 99
2352 83
2353 110
2354 117
2355 53
2356 96
2357 56
2358 168
2359 196
2360 179
2361 116
2362 134
2363 213
2364 54
2365 85
2366 18
2367 164
2368 227
2369 102
2370 134
2371 119
2372 221
2373 202
2374 97
2375 166
2376 44
2377 65
2378 158
2379 119
2380 148
2381 80
2382 190
2383 26
2384 41
2385 240
2386 106
2387 213
2388 56
2389 56
2390 123
2391 168
2392 45
2393 122
2394 80
2395 66
2396 126
2397 19
2398 104
2399 143
2400 201
2401 66
2402 50
2403 137
2404 43
2405 61
2406 14
2407 118
2408 64
2409 204
2410 213
2411 133
2412 57
2413 167
2414 19
2415 203
2416 218
2417 157
2418 195
2419 6
2420 102
2421 115
2422 157
2423 144
2424 56
2425 239
2426 8
2427 224
2428 20
2429 26
2430 145
2431 38
2432 90
2433 53
2434 229
2435 232
2436 116
2437 98
2438 45
2439 18
2440 43
2441 57
2442 24
2443 120
2444 196
2445 227
2446 2
2447 14
2448 88
2449 70
2450 10
2451 0
2452 61
2453 201
2454 136
2455 56
2456 178
2457 41
2458 243
2459 8
2460 69
2461 2
2462 121
2463 218
2464 11
2465 164
2466 60
2467 16
2468 126
2469 234
2470 80
2471 212
2472 172
2473 224
2474 228
2475 128
2476 95
2477 89
2478 117
2479 40
2480 42
2481 192
2482 212
2483 194
2484 248
2485 150
2486 97
2487 38
2488 137
2489 57
2490 148
2491 180
2492 33
2493 240
2494 226
2495 188
2496 224
2497 244
2498 80
2499 128
2500 142
2501 144
2503 206
2504 233
2505 163
2506 38
2507 93
2508 22
2509 165
2510 197
2511 50
2512 41
2513 81
2514 179
2515 113
2516 117
2517 102
2518 65
2519 143
2520 233
2521 151
2522 73
2523 19
2524 171
2525 130
2526 14
2527 85
2528 215
2529 56
2530 109
2531 30
2532 116
2533 164
2534 237
2535 146
2536 133
2537 116
2538 126
2539 229
2540 31
2541 29
2542 4
2543 80
2544 210
2545 80
2546 155
2547 184
2548 178
2549 93
2550 152
2551 64
2552 224
2553 226
2554 153
2555 119
2556 113
2557 132
2558 203
2559 89
2560 19
2561 178
2562 58
2563 197
2564 119
2565 75
2566 144
2567 225
2568 209
2569 172
2570 248
2571 54
2572 19
2573 14
2574 131
2575 217
2576 80
2577 12
2578 179
2579 208
2580 167
2581 47
2582 2
2583 137
2584 64
2585 122
2586 17
2587 65
2588 23
2589 213
2590 104
2591 199
2592 104
2593 2
2594 229
2595 38
2596 102
2597 30
2598 2
2599 165
2600 43
2601 47
2602 233
2603 57
2604 190
2605 57
2606 219
2608 118
2609 114
2610 119
2611 86
2612 102
2613 129
2614 237
2615 116
2616 243
2617 9
2618 29
2619 53
2620 56
2621 114
2622 109
2623 21
2624 68
2625 163
2626 133
2627 171
2628 240
2629 248
2630 237
2631 164
2632 201
2633 243
2634 214
2635 137
2636 228
2637 126
2638 91
2639 2
2640 80
2641 227
2642 14
2643 165
2644 118
2645 21
2646 169
2647 166
2648 243
2649 49
2650 69
2651 22
2652 31
2653 114
2654 56
2655 97
2656 240
2657 130
2658 235
2659 25
2660 103
2661 20
2662 102
2663 56
2665 69
2666 205
2667 173
2668 12
2669 229
2670 210
2671 10
2672 99
2673 23
2674 53
2675 240
2676 206
2677 57
2678 133
2679 120
2680 136
2681 2
2682 224
2683 77
2684 102
2685 210
2686 61
2687 120
2688 173
2689 78
2690 123
2691 143
2692 49
2693 80
2694 24
2695 85
2696 17
2697 52
2698 180
2699 192
2700 82
2701 157
2702 94
2703 182
2704 16
2705 133
2706 31
2707 224
2708 129
2709 119
2710 177
2711 61
2712 130
2713 0
2714 31
2715 128
2716 157
2717 119
2718 83
2719 113
2720 41
2721 115
2722 165
2723 94
2724 94
2725 157
2726 10
2727 18
2728 223
2729 49
2730 212
2731 106
2732 45
2733 96
2734 155
2735 36
2736 64
2737 206
2738 51
2739 53
2740 213
2741 78
2742 41
2743 111
2744 94
2745 21
2746 243
2747 80
2748 130
2749 134
2750 120
2751 144
2752 96
2753 211
2754 25
2755 80
2756 180
2757 235
2758 78
2759 66
2760 241
2761 240
2762 127
2763 44
2764 78
2765 17
2766 222
2767 12
2768 164
2769 81
2770 26
2771 164
2773 177
2774 104
2775 61
2776 85
2777 104
2778 81
2779 29
2780 206
2781 241
2782 234
2783 65
2784 248
2785 153
2786 87
2787 80
2788 84
2789 60
2790 95
2791 1
2792 236
2793 65
2794 29
2795 244
2796 228
2797 35
2798 69
2799 21
2800 213
2801 123
2802 186
2803 104
2804 118
2805 31
2806 198
2807 120
2808 121
2809 184
2810 236
2811 207
2812 20
2813 78
2814 186
2815 85
2816 110
2817 78
2818 241
2819 10
2820 60
2821 95
2822 21
2823 134
2824 150
2825 81
2826 134
2827 133
2828 137
2829 61
2830 60
2831 133
2832 240
2833 115
2834 204
2835 40
2836 193
2837 161
2838 77
2839 118
2840 156
2841 116
2842 2
2843 19
2844 106
2845 119
2846 83
2847 156
2848 63
2849 56
2850 70
2851 126
2852 54
2853 120
2854 87
2855 169
2856 11
2857 82
2858 134
2859 64
2860 137
2861 224
2862 210
2863 94
2864 110
2865 38
2866 8
2867 56
2868 32
2869 22
2870 191
2871 198
2872 87
2873 164
2874 83
2875 204
2876 244
2877 31
2878 166
2879 177
2880 207
2881 127
2882 8
2883 144
2884 241
2885 137
2886 115
2887 26
2888 27
2889 168
2890 133
2891 94
2892 123
2893 184
2894 2
2895 18
2896 212
2897 80
2898 192
2899 127
2900 188
2901 22
2902 133
2903 205
2904 8
2905 37
2906 80
2907 6
2908 10
2909 38
2910 203
2911 167
2912 193
2913 112
2914 30
2915 14
2916 137
2917 33
2918 151
2919 25
2920 2
2921 146
2922 64
2923 16
2924 96
2925 38
2926 19
2927 220
2928 141
2929 56
2930 1
2931 41
2932 13
2933 112
2934 247
2935 204
2936 20
2937 128
2938 89
2939 81
2940 15
2941 239
2942 174
2943 28
2944 55
2945 213
2946 79
2947 94
2948 135
2949 39
2950 97
2951 155
2952 123
2953 223
2954 112
2955 120
2956 23
2957 53
2958 104
2960 133
2961 75
2962 125
2963 88
2964 28
2965 21
2966 120
2967 225
2968 53
2969 80
2970 123
2971 67
2972 77
2973 116
2974 249
2975 150
2976 124
2977 144
2978 25
2979 150
2980 69
2981 57
2982 152
2983 229
2984 76
2985 2
2986 28
2987 178
2988 164
2989 104
2990 213
2991 168
2992 65
2993 56
2994 56
2995 63
2996 90
2997 80
2998 25
2999 60
3000 228
3001 169
3002 22
3003 70
3004 218
3005 103
3006 182
3007 218
3008 13
3009 127
3010 169
3011 79
3012 136
3013 137
3014 65
3015 173
3016 224
3017 121
3018 49
3019 95
3020 7
3021 243
3022 93
3023 96
3024 163
3025 235
3027 80
3028 91
3029 213
3030 210
3031 14
3032 102
3033 20
3034 85
3035 202
3036 122
3037 66
3038 56
3039 98
3040 134
3041 5
3042 157
3043 121
3044 90
3045 244
3046 180
3047 154
3048 57
3049 134
3050 189
3051 126
3052 164
3053 174
3054 14
3055 146
3056 21
3057 181
3058 134
3059 36
3060 219
3062 5
3063 128
3064 245
3065 81
3066 69
3067 2
3068 96
3069 123
3070 11
3071 122
3072 240
3073 11
3074 224
3075 23
3076 35
3077 111
3078 21
3079 223
3080 134
3081 56
3082 131
3083 65
3084 81
3085 56
3086 239
3087 34
3088 243
3089 14
3090 132
3091 146
3092 194
3093 114
3094 178
3095 32
3096 182
3097 88
3098 102
3099 86
3100 197
3101 24
3102 218
3103 65
3104 56
3105 87
3106 171
3107 89
3108 104
3109 218
3110 152
3111 23
3112 90
3113 69
3114 77
3115 130
3116 119
3117 230
3118 243
3119 233
3120 166
3121 79
3122 61
3123 229
3124 110
3125 77
3126 130
3127 119
3128 179
3129 12
3130 240
3131 73
3132 144
3133 57
3134 223
3135 57
3136 230
3137 91
3138 177
3139 217
3140 213
3141 11
3142 96
3143 94
3144 62
3145 54
3146 16
3147 240
3148 43
3149 148
3150 101
3151 86
3152 157
3153 81
3154 192
3155 21
3156 43
3157 81
3158 25
3159 9
3160 10
3161 40
3162 243
3163 10
3164 25
3165 133
3166 131
3167 7
3168 41
3169 188
3170 80
3171 80
3172 202
3173 39
3174 91
3175 178
3176 215
3177 164
3178 71
3179 68
3180 7
3181 127
3182 25
3183 119
3184 101
3185 56
3186 82
3187 186
3188 127
3189 229
3190 103
3191 93
3192 186
3193 129
3194 100
3195 46
3196 116
3197 188
3198 2
3199 6
3200 120
3201 80
3202 164
3203 21
3204 157
3205 31
3206 134
3207 2
3208 28
3209 10
3210 25
3211 85
3212 10
3213 56
3214 101
3215 95
3216 192
3217 28
3218 21
3219 20
3220 172
3221 25
3222 21
3223 20
3224 184
3225 202
3226 40
3227 103
3228 97
3229 231
3230 53
3231 133
3232 131
3233 230
3234 224
3235 169
3236 123
3237 236
3238 14
3239 10
3240 111
3241 83
3242 128
3243 68
3244 126
3245 68
3246 185
3247 184
3248 191
3249 24
3250 6
3251 126
3252 38
3253 112
3254 51
3255 93
3256 21
3257 15
3258 137
3259 110
3260 236
3261 84
3262 5
3263 164
3264 236
3265 158
3266 121
3267 224
3268 12
3269 8
3270 249
3271 10
3272 240
3273 56
3274 81
3275 25
3276 10
3277 14
3278 36
3279 150
3280 137
3281 136
3282 83
3283 201
3284 157
3285 19
3286 99
3287 65
3288 140
3289 180
3290 205
3291 226
3292 157
3293 119
3294 85
3295 190
3296 102
3297 20
3298 103
3299 25
3300 25
3301 11
3302 20
3303 25
3304 249
3305 210
3306 205
3307 80
3308 236
3309 239
3310 222
3311 234
3312 137
3313 213
3314 160
3315 165
3316 137
3317 25
3318 145
3319 115
3320 47
3321 23
3322 43
3323 201
3324 31
3325 87
3326 25
3327 231
3328 171
3329 98
3330 52
3331 241
3332 36
3333 102
3334 114
3335 53
3336 164
3337 213
3338 213
3339 46
3340 187
3341 18
3342 126
3343 167
3344 57
3345 30
3346 224
3347 223
3348 213
3349 128
3350 157
3351 180
3352 119
3353 26
3354 224
3355 215
3356 144
3357 60
3358 95
3359 19
3360 171
3361 49
3362 117
3363 190
3364 202
3365 85
3366 243
3367 81
3368 213
3369 21
3370 119
3371 98
3372 61
3373 59
3374 85
3375 115
3376 107
3377 173
3378 18
3379 223
3380 156
3381 144
3382 160
3383 14
3384 92
3385 136
3386 56
3387 56
3388 172
3389 38
3390 89
3391 93
3392 230
3393 120
3394 19
3395 62
3396 240
3397 5
3398 186
3399 2
3400 164
3401 27
3402 191
3403 201
3405 102
3406 14
3407 201
3408 20
3409 131
3410 101
3411 231
3412 10
3413 135
3414 178
3415 116
3416 65
3417 14
3418 163
3419 223
3420 19
3421 198
3422 65
3423 113
3424 236
3425 162
3426 0
3427 110
3428 74
3429 113
3430 173
3431 67
3432 61
3433 40
3434 186
3435 115
3436 56
3437 134
3438 67
3439 197
3440 19
3441 197
3442 113
3443 77
3444 60
3445 167
3446 105
3447 219
3448 163
3449 141
3450 11
3451 30
3452 203
3453 93
3454 163
3455 53
3456 87
3457 76
3458 172
3459 85
3460 224
3461 217
3462 61
3463 160
3464 64
3465 141
3466 65
3467 220
3468 113
3469 162
3470 75
3471 205
3472 68
3473 68
3474 60
3475 76
3476 10
3477 120
3478 237
3479 87
3480 202
3481 164
3482 240
3483 172
3484 170
3485 215
3486 73
3487 13
3488 173
3489 197
3490 56
3491 160
3493 128
3494 41
3495 53
3496 179
3497 92
3498 61
3499 14
3500 143
3501 108
3502 28
3503 14
3504 133
3505 219
3506 178
3507 244
3508 100
3509 87
3510 50
3511 20
3512 130
3513 53
3514 119
3515 10
3516 129
3517 101
3519 190
3520 11
3521 233
3522 239
3523 27
3525 205
3526 145
3527 125
3528 179
3529 136
3530 69
3531 120
3532 10
3533 75
3534 119
3535 104
3536 65
3537 243
3538 126
3539 10
3540 121
3541 224
3542 133
3543 16
3544 239
3545 56
3546 143
3547 64
3548 89
3549 249
3550 136
3551 6
3552 153
3553 217
3554 135
3555 119
3556 21
3557 0
3558 172
3559 1
3560 97
3561 239
3562 164
3563 5
3564 134
3565 166
3566 57
3567 33
3568 169
3569 201
3570 40
3571 214
3572 63
3573 243
3575 163
3576 73
3577 213
3578 76
3579 1
3580 130
3581 2
3582 61
3583 134
3584 229
3585 193
3586 186
3587 193
3588 2
3589 157
3590 186
3591 197
3592 40
3593 211
3594 103
3595 9
3596 81
3597 153
3598 26
3599 61
3600 49
3601 75
3602 49
3603 38
3604 137
3605 120
3606 210
3607 244
3608 84
3609 249
3610 64
3611 150
3612 46
3613 213
3614 1
3615 39
3616 113
3617 2
3618 115
3619 247
3620 240
3621 1
3622 39
3623 145
3624 247
3625 19
3626 43
3627 47
3628 87
3629 64
3630 80
3631 10
3632 189
3633 113
3634 244
3636 151
3637 164
3638 144
3639 1
3640 18
3641 0
3642 193
3643 128
3644 28
3645 26
3646 249
3647 8
3648 241
3649 213
3650 128
3651 125
3652 192
3653 174
3654 80
3655 184
3656 169
3657 91
3658 220
3659 91
3660 16
3661 220
3662 157
3663 120
3664 164
3665 94
3666 119
3667 205
3668 171
3669 56
3670 157
3671 200
3672 21
3673 2
3674 56
3675 26
3676 186
3677 171
3678 178
3679 53
3680 4
3681 179
3682 71
3683 178
3684 1
3685 129
3686 119
3688 56
3689 85
3690 144
3691 126
3692 10
3693 229
3694 45
3695 50
3696 56
3697 12
3698 155
3699 96
3700 2
3701 126
3702 180
3703 111
3704 172
3705 217
3706 119
3707 108
3708 171
3709 74
3710 56
3711 144
3712 70
3713 61
3714 2
3715 32
3716 104
3717 20
3719 225
3720 10
3721 2
3722 125
3723 73
3724 245
3725 244
3726 7
3727 190
3728 202
3729 146
3730 21
3731 247
3732 196
3733 56
3734 102
3735 32
3736 194
3737 119
3738 137
3739 76
3740 137
3741 236
3742 197
3743 237
3744 40
3745 10
3746 186
3747 213
3748 213
3749 157
3750 13
3751 168
3752 153
3753 144
3754 112
3755 57
3756 56
3757 224
3758 2
3759 239
3760 119
3761 178
3762 221
3763 171
3764 57
3765 218
3766 26
3767 56
3768 80
3769 73
3770 178
3771 63
3772 9
3773 163
3774 25
3775 60
3776 57
3777 193
3778 120
3779 126
3780 153
3781 46
3782 66
3783 207
3784 4
3785 119
3786 213
3787 106
3788 56
3789 40
3790 12
3791 68
3792 62
3793 224
3794 28
3795 46
3796 157
3797 48
3798 14
3799 119
3800 17
3801 26
3802 155
3803 95
3804 116
3805 117
3806 56
3807 145
3808 219
3809 104
3811 173
3812 8
3813 186
3814 212
3815 53
3816 118
3817 249
3818 211
3819 82
3820 133
3821 230
3822 2
3823 52
3824 56
3825 171
3826 212
3827 173
3828 10
3829 127
3830 119
3831 21
3832 240
3833 113
3834 11
3835 202
3836 53
3837 54
3838 213
3839 167
3840 137
3841 235
3842 19
3843 238
3844 173
3845 163
3846 47
3847 114
3848 219
3849 178
3850 189
3851 104
3852 76
3853 126
3854 137
3855 143
3856 248
3857 50
3858 178
3859 197
3860 55
3861 109
3862 61
3863 65
3864 126
3865 13
3866 235
3867 217
3868 41
3869 179
3870 202
3871 115
3872 77
3873 137
3874 3
3875 28
3876 43
3877 22
3878 206
3879 171
3880 85
3881 201
3882 184
3883 80
3884 26
3885 100
3886 42
3887 220
3888 98
3889 34
3890 56
3891 109
3892 67
3893 12
3894 17
3895 68
3896 99
3897 134
3898 28
3899 215
3901 30
3902 53
3903 224
3904 119
3905 173
3906 213
3907 31
3908 1
3909 2
3910 117
3911 157
3912 85
3913 150
3914 243
3915 234
3916 162
3917 215
3918 2
3919 11
3920 22
3921 93
3922 34
3923 114
3924 27
3925 162
3926 61
3927 148
3928 56
3929 68
3930 2
3931 204
3932 164
3933 215
3934 221
3935 137
3936 20
3938 5
3939 76
3940 119
3941 137
3942 93
3943 9
3944 204
3945 54
3946 123
3947 41
3948 160
3949 81
3950 112
3951 247
3952 41
3953 173
3954 115
3955 88
3956 57
3957 101
3958 224
3959 91
3960 130
3961 60
3962 53
3963 14
3964 56
3965 26
3966 10
3967 9
3968 24
3969 94
3970 48
3971 167
3972 10
3973 240
3974 213
3975 227
3976 33
3977 106
3978 172
3979 131
3980 157
3981 23
3982 98
3983 78
3984 8
3985 123
3986 198
3987 174
3988 221
3989 19
3990 229
3991 236
3992 60
3993 89
3994 87
3995 10
3996 7
3997 19
3998 56
3999 190
4000 85
4001 56
4002 180
4003 233
4004 97
4005 69
4006 14
4007 10
4008 240
4009 13
4010 104
4011 222
4012 9
4013 204
4014 178
4015 119
4016 198
4017 32
4018 44
4019 95
4020 73
4021 123
4022 167
4023 1
4024 64
4025 21
4026 99
4027 116
4028 152
4029 116
4030 61
4031 131
4032 0
4033 143
4034 128
4035 151
4036 144
4037 157
4038 119
4039 168
4040 4
4041 36
4042 216
4043 11
4044 21
4045 211
4046 26
4047 178
4048 8
4049 47
4050 65
4051 230
4052 134
4053 125
4054 215
4055 10
4056 120
4057 245
4058 213
4059 200
4060 201
4061 225
4062 182
4063 119
4064 66
4065 215
4066 185
4067 10
4068 180
4069 233
4070 244
4071 42
4072 115
4073 88
4074 60
4075 180
4076 1
4077 197
4078 217
4079 25
4080 54
4081 249
4082 176
4083 109
4084 24
4085 19
4086 204
4087 190
4088 133
4089 157
4090 157
4091 119
4092 120
4093 160
4094 26
4095 56
4096 117
4097 133
4098 243
4099 12
4100 15
4101 4
4102 92
4103 10
4104 90
4105 123
4106 90
4107 133
4108 103
4109 78
4110 104
4111 198
4112 194
4113 69
4114 19
4115 65
4116 13
4117 96
4118 57
4119 117
4120 202
4121 200
4122 56
4123 186
4124 158
4125 66
4126 94
4127 65
4128 130
4129 19
4130 146
4131 111
4132 34
4133 102
4134 85
4135 110
4137 91
4138 93
4139 24
4140 202
4141 240
4142 73
4143 226
4144 52
4145 68
4146 69
4147 23
4148 85
4149 236
4150 80
4151 239
4152 68
4153 28
4154 119
4155 53
4156 119
4157 171
4158 65
4159 213
4160 160
4161 120
4162 17
4163 236
4164 123
4165 11
4166 56
4167 41
4168 210
4169 20
4170 180
4171 73
4172 239
4173 47
4174 69
4175 22
4176 165
4177 169
4178 224
4179 99
4180 119
4181 137
4182 204
4183 56
4184 68
4185 115
4186 168
4187 18
4188 81
4189 127
4190 56
4191 216
4192 38
4193 116
4194 33
4195 239
4196 164
4197 68
4198 224
4199 206
4200 30
4201 249
4202 12
4203 43
4204 104
4205 213
4206 20
4207 150
4208 29
4209 48
4210 1
4211 54
4212 224
4213 39
4214 150
4215 65
4216 10
4217 67
4218 197
4219 213
4220 29
4221 148
4222 59
4223 249
4224 42
4225 61
4226 234
4227 90
4228 182
4229 20
4230 69
4231 80
4232 119
4233 117
4234 145
4235 80
4236 76
4237 107
4238 241
4239 57
4240 236
4241 131
4242 116
4243 235
4244 45
4245 171
4246 19
4247 9
4248 209
4249 115
4250 9
4251 85
4252 16
4253 41
4254 60
4255 119
4256 12
4257 225
4258 104
4259 131
4260 94
4261 119
4262 186
4263 56
4264 193
4265 19
4266 10
4267 99
4268 26
4269 61
4270 11
4272 48
4273 158
4274 178
4275 82
4276 132
4277 186
4278 229
4279 156
4280 24
4281 59
4282 92
4283 81
4284 155
4285 126
4286 133
4287 80
4288 6
4289 151
4290 192
4291 113
4292 129
4293 4
4294 131
4295 55
4296 214
4297 233
4298 31
4299 243
4300 217
4301 188
4302 186
4303 94
4304 128
4305 60
4306 56
4307 18
4308 102
4309 194
4310 20
4311 116
4312 10
4313 76
4314 171
4315 56
4316 142
4317 182
4318 56
4319 215
4320 24
4321 145
4322 197
4323 14
4324 65
4325 23
4326 116
4327 218
4328 21
4329 233
4330 137
4331 87
4332 16
4333 151
4334 241
4335 102
4336 64
4337 111
4338 151
4339 182
4340 54
4341 117
4342 218
4343 137
4344 198
4345 26
4346 25
4347 186
4348 85
4349 12
4350 167
4351 61
4352 14
4353 25
4354 123
4355 88
4356 61
4357 249
4358 56
4359 10
4360 42
4361 120
4362 73
4363 220
4364 21
4365 218
4366 166
4367 224
4369 224
4370 145
4371 210
4372 201
4373 201
4374 124
4375 66
4376 216
4377 24
4378 53
4379 161
4380 220
4381 38
4382 26
4383 59
4384 114
4385 227
4386 44
4387 60
4388 190
4389 201
4390 201
4391 5
4392 10
4393 67
4394 224
4395 162
4396 28
4397 152
4398 20
4399 93
4400 142
4401 123
4402 26
4403 41
4404 155
4405 23
4406 241
4407 164
4408 128
4409 130
4410 178
4411 80
4412 115
4413 243
4415 76
4416 15
4417 201
4418 212
4419 164
4420 43
4421 217
4422 31
4423 19
4424 14
4425 217
4426 38
4427 31
4428 107
4429 90
4430 39
4431 83
4432 153
4433 49
4434 43
4435 110
4436 55
4437 44
4439 197
4440 162
4441 114
4442 69
4443 81
4444 192
4445 128
4446 111
4447 22
4448 114
4449 145
4450 239
4451 134
4452 60
4453 99
4454 211
4455 157
4456 80
4457 120
4458 41
4459 116
4460 85
4461 96
4462 104
4463 115
4464 10
4465 56
4466 15
4467 57
4468 194
4469 120
4470 201
4471 134
4472 224
4473 12
4474 230
4475 140
4476 173
4477 184
4478 119
4479 13
4480 9
4481 80
4482 80
4483 31
4484 18
4485 91
4486 33
4487 236
4488 219
4489 167
4490 186
4491 134
4492 133
4493 113
4494 224
4495 0
4496 21
4497 149
4498 57
4499 1
4500 55
4501 86
4502 10
4503 136
4504 81
4505 123
4506 12
4507 131
4508 205
4509 67
4510 164
4511 247
4512 53
4513 176
4514 28
4515 31
4516 168
4517 224
4518 164
4519 153
4520 21
4521 144
4522 67
4523 144
4524 137
4525 64
4526 12
4527 96
4528 65
4529 68
4530 218
4531 93
4532 10
4533 133
4534 98
4535 10
4536 172
4537 180
4538 116
4539 174
4540 91
4541 249
4542 239
4543 88
4544 186
4545 197
4546 144
4547 186
4548 40
4549 93
4550 57
4551 117
4552 119
4553 1
4554 97
4555 233
4556 110
4557 164
4558 66
4559 46
4560 14
4561 18
4562 160
4563 133
4564 144
4565 56
4566 133
4567 56
4568 66
4569 120
4570 182
4571 201
4572 71
4573 14
4574 113
4575 90
4576 161
4577 116
4578 224
4579 21
4580 27
4581 25
4582 16
4583 248
4584 249
4585 212
4586 205
4587 61
4588 45
4589 202
4590 197
4591 233
4592 205
4593 36
4594 85
4595 180
4596 243
4598 224
4599 50
4600 76
4601 137
4602 107
4603 93
4604 39
4605 48
4606 164
4607 29
4608 140
4609 19
4610 219
4611 112
4612 118
4613 56
4614 119
4615 10
4616 85
4617 76
4618 85
4619 115
4620 10
4621 104
4622 142
4623 16
4624 80
4625 119
4626 234
4627 247
4628 110
4629 87
4630 137
4631 244
4632 195
4633 116
4634 113
4635 1
4636 136
4637 12
4638 50
4639 175
4640 230
4641 28
4642 164
4643 236
4644 164
4645 117
4646 98
4647 127
4648 41
4649 45
4650 23
4651 202
4652 207
4653 106
4654 95
4655 134
4656 167
4657 239
4658 133
4659 248
4660 80
4661 50
4662 229
4663 115
4664 190
4665 77
4666 76
4667 56
4668 54
4669 233
4670 36
4671 240
4672 28
4673 102
4674 132
4675 119
4676 66
4677 6
4678 35
4679 4
4680 79
4681 130
4682 129
4683 170
4684 29
4685 119
4686 129
4687 87
4688 104
4689 125
4690 157
4691 210
4692 128
4693 73
4694 220
4695 134
4696 149
4697 12
4698 122
4699 55
4700 248
4701 184
4702 247
4703 116
4704 178
4705 215
4706 173
4707 2
4708 172
4709 189
4710 136
4711 191
4712 212
4713 41
4714 106
4715 126
4716 225
4717 212
4718 157
4719 173
4720 20
4721 19
4722 91
4723 137
4724 212
4725 56
4726 41
4727 80
4728 163
4729 160
4730 89
4731 20
4732 85
4733 15
4734 178
4735 119
4736 81
4737 158
4738 15
4739 167
4740 233
4741 56
4742 225
4744 65
4745 25
4746 194
4748 119
4749 216
4750 24
4751 10
4752 61
4753 84
4754 239
4755 213
4756 136
4757 116
4758 173
4759 21
4760 157
4761 7
4762 96
4763 50
4764 197
4765 193
4766 87
4767 186
4768 56
4769 210
4770 150
4771 137
4772 224
4773 115
4774 201
4775 115
4776 31
4777 221
4778 224
4779 26
4780 225
4781 30
4782 57
4783 136
4784 168
4785 84
4786 64
4787 85
4788 56
4789 8
4790 159
4791 57
4792 139
4793 1
4794 1
4795 83
4796 143
4797 73
4798 1
4799 160
4800 83
4801 49
4802 5
4803 56
4804 200
4805 53
4806 114
4807 177
4808 186
4809 56
4810 14
4811 61
4812 41
4813 110
4814 188
4815 61
4816 80
4817 154
4818 133
4819 13
4820 165
4821 28
4822 78
4823 54
4824 20
4825 85
4826 80
4827 190
4828 53
4829 5
4830 178
4831 167
4832 86
4833 64
4834 80
4835 245
4836 92
4837 57
4839 110
4840 7
4841 39
4842 201
4843 196
4844 241
4845 55
4846 61
4847 123
4848 49
4849 17
4850 120
4851 113
4852 120
4853 193
4854 96
4855 81
4856 70
4857 39
4858 133
4859 48
4860 102
4861 109
4862 64
4863 21
4864 101
4865 64
4866 119
4867 64
4868 56
4869 230
4870 215
4871 239
4872 131
4873 234
4874 8
4875 43
4876 153
4877 102
4878 144
4879 16
4880 65
4881 132
4882 2
4883 120
4884 84
4885 8
4886 119
4887 224
4888 140
4889 10
4890 81
4891 54
4892 220
4893 20
4894 26
4895 157
4896 217
4897 69
4898 8
4899 56
4900 7
4901 217
4902 25
4903 116
4904 20
4905 27
4906 233
4907 74
4908 83
4909 101
4910 7
4911 200
4912 167
4913 135
4914 10
4915 134
4916 249
4917 49
4918 6
4919 170
4920 80
4921 16
4922 8
4923 10
4924 184
4925 41
4926 191
4927 202
4928 107
4929 113
4930 186
4931 221
4932 26
4933 90
4934 12
4935 240
4936 219
4937 19
4938 31
4939 243
4940 21
4941 26
4942 2
4943 8
4944 56
4945 102
4946 10
4947 67
4948 227
4949 127
4950 136
4951 120
4952 133
4953 63
4954 194
4955 82
4956 249
4957 235
4958 25
4959 224
4960 191
4961 119
4962 27
4963 56
4964 145
4965 220
4966 144
4967 128
4968 56
4969 200
4970 12
4971 54
4972 175
4973 115
4974 93
4975 186
4976 154
4977 71
4978 224
4979 128
4980 20
4981 47
4982 13
4983 243
4984 119
4985 2
4986 180
4987 183
4988 153
4989 69
4990 224
4991 121
4992 211
4993 236
4994 72
4995 85
4996 57
4997 80
4998 29
4999 47
5000 47
5001 47
5002 173
5003 119
5004 1
5005 98
5006 98
5007 202
5008 197
5009 41
5010 41
5011 170
5012 167
5013 167
5014 101
5015 101
5016 129
5017 89
5018 240
5019 218
5020 2
5021 230
5022 143
5023 215
5024 152
5025 152
5026 103
5027 103
5028 23
5029 70
5030 217
5031 76
5032 76
5033 87
5034 87
5035 243
5036 224
5037 51
5038 66
5039 66
5040 66
5041 164
5042 14
5043 67
5044 4
5045 239
5046 33
5047 157
5048 80
5049 10
5050 101
5051 21
5052 131
5053 149
5054 246
5055 74
5056 52
5057 108
5058 55
5059 106
5060 191
5061 56
5062 56
5063 143
5064 35
5065 60
5066 60
5067 97
5068 96
5069 34
5070 172
5071 11
5072 222
5073 80
5074 169
5075 193
5076 110
5077 241
5078 131
5079 249
5080 249
5081 13
5082 13
5083 3
5084 119
5085 119
5086 230
5087 173
5088 173
5089 224
5090 224
5091 124
5092 210
5093 65
5094 8
5095 89
5096 5
5097 73
5098 133
5099 33
5100 223
5101 123
5102 79
5103 143
5104 66
5105 66
5106 66
5107 115
5108 91
5109 33
5110 210
5111 210
5112 241
5113 56
5114 119
5115 119
5116 150
5117 2
5118 22
5119 102
5120 69
5121 69
5122 33
5123 28
5124 28
5125 56
5126 56
5127 120
5128 115
5129 8
5130 8
5131 136
5132 171
5133 35
5134 173
5135 102
5136 215
5137 132
5138 132
5139 33
5140 31
5141 224
5142 224
5143 223
5144 56
5145 166
5146 201
5147 20
5148 194
5149 99
5150 194
5151 104
5152 49
5153 157
5154 224
5155 11
5156 11
5157 229
5158 49
5159 49
5160 81
5161 81
5162 2
5163 207
