0 222
1 240
2 195
3 166
4 98
5 162
6 139
7 154
8 242
9 10
10 1
11 189
12 200
13 101
14 73
15 59
16 82
17 77
18 167
19 26
20 53
21 139
22 20
23 208
24 49
25 139
26 143
27 142
28 56
29 167
30 120
31 139
32 56
33 139
34 106
35 126
36 3
37 12
38 84
39 194
40 55
41 196
42 133
43 235
44 228
45 143
46 61
47 125
48 227
49 28
50 188
51 13
52 74
53 42
54 178
55 36
56 141
57 175
58 141
59 224
60 84
61 135
62 59
63 128
64 102
65 1
66 195
67 27
68 174
69 184
70 69
71 234
72 129
73 44
74 135
75 146
76 34
77 5
78 98
79 6
80 89
81 230
82 174
83 71
84 197
85 12
86 171
87 217
88 65
89 53
90 5
91 183
92 174
93 23
94 50
95 20
96 71
97 42
98 114
99 129
100 194
101 88
102 123
103 9
104 30
105 149
106 109
107 155
108 152
109 20
110 210
111 137
112 190
113 22
114 70
115 247
116 187
117 46
118 174
119 207
120 98
121 143
122 81
123 188
124 139
125 230
126 83
127 61
128 62
129 92
130 204
131 223
132 36
133 210
134 9
135 20
136 12
137 130
138 78
139 120
140 173
141 245
142 50
143 97
144 7
145 232
146 13
147 240
148 125
149 108
150 139
151 122
152 24
153 5
154 138
155 171
156 174
157 232
158 136
159 72
160 230
161 166
162 87
163 91
164 0
165 179
166 125
167 82
168 111
169 186
170 206
171 125
172 143
173 112
174 85
175 156
176 59
177 122
178 15
179 101
180 248
181 197
182 67
183 71
184 213
185 221
186 59
187 188
188 8
189 58
190 119
191 234
192 201
193 59
194 246
195 234
196 12
197 163
198 202
199 212
200 103
201 84
202 171
203 194
204 29
205 240
206 51
207 241
208 133
209 9
210 192
211 184
212 65
213 77
214 46
215 148
216 75
217 65
218 134
219 53
220 189
221 174
222 147
223 138
224 139
225 61
226 232
227 5
228 10
229 82
230 198
231 151
232 36
233 73
234 152
235 144
236 41
237 124
238 100
239 8
240 155
241 216
242 25
243 85
244 65
245 200
246 244
247 28
248 200
249 151
250 236
251 93
252 238
253 230
254 32
255 9
256 194
257 195
258 226
259 201
260 44
261 174
262 44
263 211
264 116
265 181
266 35
267 117
268 211
269 174
270 50
271 210
272 20
273 61
274 125
275 44
276 65
277 93
278 167
279 66
280 171
281 134
282 139
283 176
284 139
285 230
286 109
287 130
288 73
289 139
290 115
291 198
292 189
293 203
294 174
295 171
296 174
297 241
298 204
301 159
302 219
303 73
304 198
305 139
306 143
307 219
308 247
309 74
310 248
311 5
312 56
313 166
314 9
315 193
316 188
317 239
318 50
319 22
320 179
321 33
322 72
323 69
324 120
325 97
326 244
327 166
328 129
329 10
330 102
331 139
332 88
333 226
334 192
335 217
336 236
337 199
338 220
339 139
340 180
341 203
342 21
343 89
344 30
345 180
346 121
347 28
348 86
349 67
350 203
351 179
352 109
353 35
354 120
355 61
356 139
357 200
358 163
359 64
360 28
361 235
362 197
363 5
364 120
365 171
366 115
367 135
368 74
369 241
370 125
371 50
372 61
373 93
374 8
375 43
376 133
377 168
378 74
379 77
380 106
381 198
382 91
383 12
384 165
385 125
386 53
387 180
388 139
389 121
390 19
391 167
392 200
393 59
394 77
395 21
396 119
397 82
398 144
399 67
400 63
401 60
402 177
403 246
404 171
405 21
407 145
408 243
409 196
410 186
411 180
412 0
413 55
414 210
415 8
416 248
417 74
418 174
419 139
420 158
421 240
422 80
423 179
424 12
425 73
426 104
427 42
428 60
429 143
430 31
431 53
432 120
433 21
434 195
435 62
436 89
437 109
438 104
439 10
440 248
441 28
442 15
443 102
444 132
445 184
446 137
447 94
448 46
449 173
450 148
451 10
452 150
453 122
454 215
455 95
456 239
457 121
458 106
459 60
460 62
461 197
462 21
463 21
464 21
465 186
466 72
467 141
468 76
469 91
470 224
471 137
472 4
473 9
474 129
475 6
476 115
477 72
478 57
479 10
480 30
481 65
482 82
483 103
484 59
485 133
486 21
487 58
488 222
489 235
490 92
491 52
492 95
493 174
494 2
495 7
496 239
497 229
498 7
499 120
500 234
501 7
502 74
503 189
504 22
505 4
506 239
507 130
508 143
509 159
510 188
511 3
512 210
513 33
514 32
515 159
516 123
517 90
518 8
519 220
520 151
522 162
523 21
524 217
525 163
526 180
527 97
528 97
529 91
530 69
531 117
532 61
533 128
534 166
535 13
536 153
537 145
538 24
539 141
540 56
541 35
542 129
543 43
544 236
545 230
546 154
547 112
548 44
549 239
550 89
551 50
552 174
553 154
554 26
555 53
556 129
557 61
558 180
559 175
560 236
561 3
562 152
563 9
564 7
565 139
566 190
567 89
568 7
569 89
570 182
571 214
572 134
573 20
574 56
575 161
576 139
577 21
578 86
579 129
580 22
581 16
582 217
583 246
584 104
585 195
586 5
587 109
588 26
589 20
590 165
591 58
592 26
593 180
594 31
595 112
596 124
597 218
598 97
599 8
600 45
601 163
602 84
603 139
604 58
605 217
606 174
607 167
608 21
609 226
610 194
611 186
612 110
613 129
614 16
615 133
616 15
617 10
618 59
619 91
620 32
621 163
622 198
623 93
624 73
626 152
627 171
628 105
629 89
630 134
631 86
632 188
633 174
634 210
635 107
636 191
637 15
638 10
639 75
640 244
641 144
642 4
643 151
644 31
645 56
646 91
647 190
648 98
649 21
650 229
651 47
652 113
654 202
655 53
656 236
657 155
658 119
659 135
660 72
661 143
662 3
663 126
664 47
665 125
666 69
667 29
668 93
669 119
670 5
671 179
672 84
673 143
674 222
675 58
676 225
677 36
678 175
679 164
680 12
681 18
682 42
683 51
684 0
685 69
686 12
687 239
688 220
689 90
690 187
691 61
692 61
693 152
694 56
695 99
696 49
697 121
698 171
699 65
700 18
701 71
702 3
703 227
704 81
705 243
706 5
707 21
708 193
709 194
710 28
711 180
712 211
713 108
715 155
716 89
717 224
718 210
719 53
720 10
721 89
722 23
723 246
724 81
725 6
726 139
727 188
728 226
729 210
730 31
731 183
732 177
733 5
734 243
735 148
736 20
737 43
738 23
739 22
740 125
741 242
742 59
743 0
744 44
745 80
746 62
747 161
748 90
749 135
750 140
751 235
752 89
753 140
754 139
755 190
756 76
757 153
758 46
759 168
760 106
761 139
762 105
763 21
764 200
765 248
766 88
767 95
768 53
769 168
770 72
771 77
772 20
773 219
774 222
775 42
776 47
777 28
778 84
779 106
780 14
781 31
782 163
783 197
784 7
785 191
786 174
787 114
788 91
790 239
791 58
792 190
793 139
794 0
795 184
796 0
797 61
798 29
799 133
800 226
801 205
802 175
803 152
804 167
805 93
806 194
807 61
808 44
809 59
810 210
811 20
812 115
813 14
814 25
815 115
816 90
817 91
818 174
819 87
820 50
821 53
822 216
823 35
824 20
825 36
826 140
827 53
828 168
829 212
830 74
831 133
832 16
833 218
834 67
835 26
836 237
837 13
838 106
839 170
840 82
841 73
842 210
843 152
844 59
845 222
846 120
847 75
848 3
849 175
850 37
851 212
852 70
853 32
854 53
855 102
856 46
857 50
858 123
859 184
860 7
861 7
862 171
863 27
864 40
865 220
866 9
867 207
868 128
869 204
870 21
871 50
872 44
873 20
874 155
875 177
876 29
877 84
878 162
879 98
880 53
881 216
882 20
883 44
884 149
885 14
886 192
887 171
888 95
889 74
890 95
891 202
892 137
893 198
894 104
895 72
896 162
897 15
898 143
899 159
900 12
901 143
902 103
903 159
904 171
905 92
906 56
907 142
908 163
909 29
910 92
911 62
912 0
913 53
914 193
915 245
916 137
917 139
918 140
919 196
920 119
921 203
922 226
923 174
924 59
925 93
926 9
927 232
928 55
929 72
930 97
931 206
932 126
933 139
934 181
935 194
936 60
937 195
938 180
939 66
940 140
941 134
942 195
943 231
944 152
945 218
946 232
947 115
948 72
949 44
950 32
951 174
952 129
953 174
954 152
955 166
956 5
957 144
958 145
959 188
960 30
961 159
962 16
963 239
964 186
965 13
966 174
967 173
968 240
969 123
970 174
971 198
972 91
973 235
974 7
975 175
976 232
977 10
978 84
979 62
980 218
981 212
982 22
983 12
984 223
985 138
986 163
987 106
988 29
989 178
990 90
991 61
992 139
993 24
994 249
995 235
996 183
997 138
998 226
999 72
1000 175
1001 106
1002 38
1003 139
1004 56
1005 144
1006 202
1007 90
1008 139
1009 112
1010 246
1011 236
1012 229
1013 1
1014 84
1015 119
1016 3
1018 0
1019 61
1020 63
1021 31
1022 139
1023 12
1024 119
1025 54
1026 69
1027 149
1028 14
1029 129
1030 143
1031 21
1032 97
1033 116
1034 147
1035 169
1036 104
1037 69
1038 46
1039 61
1040 139
1041 138
1042 144
1043 131
1044 111
1045 147
1046 171
1047 248
1048 204
1049 10
1050 162
1051 3
1052 210
1053 47
1054 53
1055 46
1056 56
1057 18
1058 167
1059 210
1060 153
1061 90
1062 143
1063 225
1064 30
1065 89
1066 101
1067 143
1068 28
1069 28
1070 229
1071 49
1072 10
1073 239
1074 130
1075 93
1076 97
1077 3
1078 7
1079 51
1080 35
1081 39
1082 171
1083 197
1084 10
1085 53
1086 208
1087 191
1088 10
1089 188
1090 112
1091 151
1092 143
1093 174
1094 78
1095 5
1096 46
1097 75
1098 68
1099 74
1100 12
1101 205
1102 180
1103 156
1104 124
1105 140
1106 41
1107 20
1108 18
1109 30
1110 240
1111 44
1112 43
1113 156
1114 7
1115 144
1116 13
1117 53
1118 231
1119 96
1120 143
1121 150
1122 193
1123 191
1124 55
1125 111
1126 1
1127 151
1128 56
1129 26
1130 52
1131 116
1132 243
1133 125
1134 106
1135 139
1136 9
1137 71
1138 115
1139 178
1140 53
1141 5
1142 112
1143 167
1144 84
1145 125
1146 150
1147 113
1148 39
1149 16
1150 1
1151 180
1152 210
1153 20
1154 10
1155 61
1156 139
1157 152
1158 136
1159 28
1160 92
1161 149
1162 43
1163 23
1164 195
1165 91
1166 53
1167 240
1168 104
1169 229
1170 134
1171 112
1172 159
1173 139
1174 210
1175 183
1176 9
1177 59
1179 144
1180 51
1181 69
1182 7
1183 174
1184 86
1185 103
1186 100
1187 151
1188 19
1189 69
1190 46
1191 168
1192 21
1193 147
1194 3
1195 61
1196 90
1197 132
1198 208
1199 195
1200 162
1201 73
1202 102
1203 9
1205 143
1206 40
1207 189
1208 167
1209 143
1210 219
1211 36
1212 124
1213 18
1214 230
1215 210
1216 146
1217 109
1218 93
1219 195
1220 150
1221 168
1222 105
1223 61
1224 53
1225 135
1226 91
1227 241
1228 153
1229 77
1230 167
1231 133
1232 146
1233 73
1234 28
1235 37
1236 8
1237 201
1238 97
1239 49
1240 42
1241 163
1242 180
1243 56
1244 202
1245 108
1246 144
1247 202
1248 19
1249 39
1250 65
1251 91
1252 203
1253 104
1254 93
1255 190
1256 135
1257 163
1258 116
1259 71
1260 1
1261 152
1262 186
1263 38
1264 53
1265 168
1266 175
1267 226
1268 189
1269 186
1270 148
1271 216
1273 61
1274 130
1275 201
1277 18
1278 220
1279 211
1280 103
1281 23
1282 155
1283 15
1284 72
1285 87
1286 196
1287 165
1288 129
1289 190
1290 71
1291 87
1292 12
1293 143
1294 61
1295 112
1296 163
1297 164
1298 59
1299 48
1300 96
1301 39
1302 151
1303 185
1304 243
1305 36
1306 30
1307 49
1308 51
1309 52
1310 59
1311 84
1312 0
1313 69
1314 230
1315 91
1316 31
1317 191
1318 15
1319 41
1320 88
1321 167
1322 98
1323 239
1324 197
1325 246
1326 36
1327 78
1328 56
1329 148
1330 201
1331 190
1332 200
1333 139
1334 239
1335 28
1336 216
1337 3
1338 232
1339 207
1340 138
1341 104
1342 231
1343 130
1344 45
1345 151
1346 87
1347 53
1348 201
1349 7
1350 3
1351 14
1352 211
1353 112
1354 18
1355 93
1356 144
1357 190
1358 140
1359 187
1360 97
1361 8
1362 18
1363 125
1364 61
1365 154
1366 247
1367 63
1368 83
1369 53
1370 56
1371 44
1372 240
1373 25
1374 201
1375 51
1376 102
1377 175
1378 106
1379 159
1380 180
1381 28
1382 196
1383 159
1384 240
1385 39
1386 179
1387 140
1388 104
1389 102
1390 76
1391 111
1392 47
1393 174
1394 31
1396 68
1397 36
1398 175
1400 125
1401 110
1402 140
1403 84
1404 153
1405 241
1406 186
1407 70
1408 96
1409 53
1410 30
1411 35
1412 171
1413 94
1414 42
1415 65
1416 159
1417 90
1418 94
1419 50
1420 185
1421 156
1422 29
1423 239
1425 76
1426 213
1427 4
1428 231
1429 144
1430 9
1431 174
1432 139
1433 9
1434 191
1435 207
1436 174
1437 89
1438 65
1439 189
1440 20
1441 75
1442 174
1443 81
1444 135
1445 105
1446 140
1447 70
1448 61
1449 21
1450 220
1451 207
1452 162
1453 24
1454 167
1455 77
1456 171
1457 204
1458 174
1459 14
1460 26
1461 33
1463 198
1464 88
1465 117
1466 174
1467 74
1468 224
1469 125
1470 203
1471 18
1472 81
1473 200
1474 196
1475 61
1476 61
1477 22
1478 205
1479 119
1480 124
1481 58
1482 35
1483 152
1484 180
1485 193
1486 154
1487 75
1488 235
1489 148
1490 191
1491 7
1493 157
1494 174
1495 21
1496 143
1497 65
1498 232
1499 153
1500 177
1501 191
1502 109
1503 205
1504 161
1505 149
1506 103
1507 238
1508 194
1509 177
1510 21
1511 241
1512 91
1513 53
1514 131
1515 144
1516 28
1517 171
1518 67
1519 139
1520 178
1521 151
1522 202
1523 174
1524 160
1525 233
1526 246
1527 120
1528 61
1529 59
1530 120
1531 59
1532 194
1533 236
1534 3
1535 199
1536 78
1537 246
1538 56
1539 229
1540 180
1541 42
1542 53
1543 39
1544 89
1545 52
1546 68
1547 223
1548 162
1549 122
1550 152
1551 5
1552 224
1553 87
1554 137
1555 47
1556 111
1557 193
1558 139
1559 165
1560 120
1561 12
1562 10
1563 204
1564 38
1565 123
1566 95
1567 97
1568 18
1569 31
1570 235
1571 40
1572 241
1573 20
1574 120
1575 12
1576 21
1577 146
1578 18
1579 88
1580 40
1581 175
1582 168
1583 195
1584 193
1585 71
1586 119
1587 60
1588 42
1589 227
1590 119
1591 237
1592 14
1593 138
1594 84
1595 133
1596 198
1597 95
1598 64
1599 171
1600 22
1601 36
1602 194
1603 201
1604 78
1605 243
1606 134
1607 53
1608 178
1609 35
1610 7
1611 125
1612 77
1613 61
1614 65
1615 202
1616 139
1617 56
1618 109
1619 120
1620 24
1621 5
1622 61
1623 103
1624 154
1625 108
1626 150
1627 24
1628 201
1629 229
1630 126
1631 168
1632 1
1633 78
1634 5
1635 20
1636 124
1637 61
1638 11
1639 200
1640 32
1641 11
1642 31
1643 50
1644 53
1645 38
1646 139
1647 84
1648 60
1649 195
1650 196
1651 109
1652 0
1653 168
1654 144
1655 91
1656 155
1657 156
1658 23
1659 12
1660 40
1661 84
1662 245
1663 165
1664 153
1665 174
1666 210
1667 204
1668 97
1669 218
1670 25
1671 18
1672 29
1673 7
1674 12
1675 202
1676 142
1677 19
1678 122
1679 77
1680 155
1681 240
1682 16
1683 18
1684 18
1685 235
1686 86
1688 68
1689 175
1690 10
1691 61
1692 6
1693 175
1694 41
1695 91
1696 161
1697 154
1698 244
1699 138
1700 190
1701 134
1702 180
1703 162
1704 236
1705 110
1706 171
1707 6
1708 41
1709 119
1710 162
1711 89
1712 9
1713 225
1714 57
1716 79
1717 0
1718 248
1719 198
1720 174
1721 16
1722 203
1723 159
1725 81
1726 98
1727 153
1728 158
1729 135
1730 7
1731 125
1732 88
1733 22
1734 198
1735 248
1736 200
1737 92
1738 61
1739 156
1740 174
1741 241
1742 78
1743 198
1744 16
1745 75
1746 102
1747 211
1748 210
1749 153
1750 210
1751 9
1752 218
1753 85
1754 242
1755 226
1756 16
1757 191
1758 87
1759 143
1760 123
1761 130
1762 83
1764 114
1765 235
1766 81
1767 0
1768 198
1770 28
1771 212
1772 246
1773 65
1774 125
1775 139
1776 7
1777 98
1778 205
1779 65
1780 144
1781 139
1782 5
1783 122
1784 65
1785 239
1786 110
1787 65
1788 156
1789 68
1790 53
1791 39
1792 30
1793 245
1794 180
1795 61
1796 7
1797 150
1798 58
1799 12
1800 43
1801 72
1802 180
1803 171
1804 216
1805 154
1806 51
1807 171
1808 6
1809 149
1810 139
1811 90
1812 43
1813 52
1814 243
1815 248
1816 22
1817 152
1818 93
1819 143
1820 175
1821 71
1822 41
1823 9
1824 144
1825 200
1826 97
1827 7
1828 156
1829 109
1830 20
1831 189
1832 80
1833 140
1834 65
1835 190
1836 193
1837 29
1838 156
1839 70
1840 104
1841 174
1842 96
1843 62
1844 59
1845 208
1846 12
1847 65
1848 208
1849 120
1850 55
1851 90
1852 123
1853 177
1854 60
1855 117
1856 50
1857 97
1858 193
1859 245
1860 128
1861 130
1862 119
1863 47
1864 239
1865 119
1866 58
1867 135
1868 246
1869 218
1870 205
1871 42
1872 19
1873 139
1874 97
1875 74
1876 225
1877 187
1878 51
1879 80
1881 5
1882 14
1883 21
1884 220
1885 210
1886 84
1887 59
1888 249
1889 125
1890 120
1891 228
1892 72
1893 41
1894 86
1895 153
1896 65
1897 184
1898 192
1899 56
1900 5
1901 208
1902 50
1903 237
1904 34
1905 167
1906 94
1907 197
1908 84
1909 25
1910 73
1911 22
1912 78
1913 134
1914 8
1915 62
1916 225
1917 9
1918 117
1919 87
1920 158
1921 174
1922 35
1923 64
1924 174
1925 115
1926 12
1927 163
1928 61
1929 207
1930 213
1931 59
1932 65
1933 174
1934 101
1935 139
1936 230
1937 236
1938 120
1939 30
1940 53
1941 61
1942 93
1943 139
1944 81
1945 165
1946 163
1947 139
1948 186
1949 42
1950 8
1951 5
1952 66
1953 103
1954 228
1955 119
1956 2
1957 56
1958 183
1959 93
1960 129
1961 107
1962 30
1963 86
1964 7
1965 88
1966 109
1967 139
1968 116
1969 97
1970 247
1971 151
1972 135
1973 33
1974 167
1975 129
1976 24
1977 64
1978 8
1979 93
1980 71
1981 40
1982 172
1983 203
1984 195
1985 134
1986 143
1987 90
1988 18
1989 20
1990 33
1991 69
1992 170
1993 20
1994 93
1995 246
1996 38
1997 10
1998 184
1999 141
2000 74
2002 244
2003 109
2004 50
2006 108
2007 22
2008 82
2009 127
2010 139
2011 33
2012 125
2013 21
2014 75
2015 38
2016 65
2017 81
2018 29
2019 87
2020 2
2021 0
2022 92
2023 156
2024 91
2025 161
2026 235
2027 96
2028 66
2029 50
2030 12
2031 129
2032 89
2033 139
2034 20
2035 161
2037 130
2038 128
2039 144
2040 63
2041 50
2042 203
2043 61
2044 152
2045 1
2046 139
2047 247
2049 129
2050 185
2051 174
2052 214
2053 12
2054 140
2055 84
2056 190
2057 163
2058 188
2059 36
2060 129
2061 180
2062 180
2063 128
2064 12
2065 5
2066 78
2067 50
2068 81
2069 135
2070 62
2071 71
2072 9
2073 29
2074 32
2075 214
2076 196
2077 13
2078 217
2079 101
2080 5
2081 53
2082 61
2083 6
2084 115
2085 94
2086 165
2087 21
2088 205
2089 88
2090 85
2091 178
2092 103
2093 30
2094 20
2095 165
2096 186
2097 152
2098 20
2099 3
2100 59
2101 239
2102 183
2103 21
2104 109
2105 20
2106 50
2108 66
2109 163
2110 238
2111 115
2112 237
2113 139
2114 3
2115 247
2116 163
2117 1
2118 109
2119 104
2120 183
2121 240
2122 185
2123 210
2125 247
2126 72
2127 120
2128 30
2129 56
2130 97
2131 144
2132 53
2133 221
2134 6
2135 59
2136 168
2137 2
2138 53
2139 106
2140 195
2141 62
2142 68
2143 146
2144 99
2145 64
2146 220
2147 172
2148 195
2149 62
2150 71
2151 63
2152 246
2153 67
2154 53
2155 229
2156 222
2157 27
2158 151
2159 12
2160 39
2161 41
2162 230
2163 86
2164 174
2165 50
2166 129
2167 130
2168 185
2169 181
2170 27
2171 26
2172 243
2173 91
2174 144
2175 77
2176 122
2177 55
2178 111
2179 229
2180 139
2181 240
2182 236
2183 73
2184 83
2185 139
2186 93
2187 244
2188 26
2189 84
2190 46
2191 205
2192 9
2193 240
2194 12
2195 29
2196 195
2197 92
2198 140
2199 28
2200 156
2201 152
2202 192
2203 161
2204 20
2205 137
2208 25
2209 203
2211 67
2212 36
2213 78
2214 143
2215 37
2216 187
2217 248
2218 81
2219 46
2220 68
2221 20
2222 53
2223 171
2224 118
2225 194
2226 213
2227 12
2228 199
2229 84
2230 191
2231 154
2232 77
2233 226
2234 0
2235 197
2236 186
2237 193
2238 20
2239 231
2240 179
2241 185
2242 143
2243 97
2244 152
2245 229
2246 74
2247 7
2248 195
2249 101
2250 243
2251 198
2252 190
2253 10
2254 84
2255 210
2256 144
2257 248
2258 30
2260 44
2261 232
2262 139
2263 183
2264 73
2265 179
2266 211
2267 127
2268 40
2269 202
2270 235
2271 143
2272 24
2273 183
2274 91
2275 12
2276 81
2277 171
2278 48
2279 30
2281 64
2282 179
2283 144
2284 45
2285 84
2286 197
2287 84
2288 192
2289 84
2290 204
2291 24
2292 236
2293 139
2294 218
2295 152
2296 222
2297 18
2298 74
2299 236
2300 98
2301 123
2302 77
2303 107
2304 14
2305 96
2306 194
2307 37
2309 139
2310 153
2311 161
2312 94
2313 3
2314 201
2315 195
2316 164
2317 128
2318 133
2319 191
2320 240
2321 31
2322 190
2323 122
2324 20
2325 7
2327 163
2328 128
2329 65
2330 123
2331 119
2332 145
2333 195
2334 188
2335 84
2336 131
2337 104
2338 21
2339 128
2340 47
2341 130
2342 24
2343 59
2344 28
2345 170
2346 217
2347 2
2348 198
2349 30
2350 174
2351 171
2352 29
2353 174
2354 28
2355 41
2356 187
2357 36
2358 42
2359 187
2361 60
2362 175
2363 40
2364 74
2365 36
2366 146
2367 63
2368 130
2369 61
2370 186
2371 28
2372 195
2373 210
2374 10
2375 249
2376 231
2377 21
2378 61
2379 188
2380 183
2382 12
2383 72
2384 163
2385 97
2386 106
2387 0
2388 195
2389 139
2390 59
2391 139
2392 149
2393 234
2394 171
2395 14
2396 196
2398 208
2399 144
2400 12
2401 14
2403 8
2404 197
2405 3
2406 128
2407 7
2408 119
2410 13
2411 138
2412 143
2413 144
2414 28
2415 158
2416 236
2417 46
2418 21
2419 219
2420 61
2421 180
2422 58
2423 159
2424 71
2425 239
2426 62
2427 54
2428 195
2429 115
2430 98
2431 246
2432 81
2433 97
2434 21
2435 129
2436 203
2437 147
2438 149
2439 53
2440 154
2441 37
2442 204
2443 181
2444 187
2445 130
2446 12
2447 104
2448 56
2449 70
2450 66
2451 93
2452 138
2453 185
2454 171
2455 20
2456 166
2457 125
2458 218
2459 6
2460 213
2461 6
2462 57
2463 230
2464 82
2465 90
2466 161
2467 5
2468 196
2469 57
2470 57
2471 53
2472 244
2473 54
2474 139
2475 35
2476 134
2477 244
2478 167
2479 19
2480 18
2481 101
2482 53
2483 175
2484 198
2485 89
2486 13
2487 218
2488 123
2489 5
2490 180
2491 109
2492 109
2493 151
2494 190
2495 50
2496 54
2497 195
2498 203
2499 35
2500 35
2501 227
2503 86
2504 155
2505 174
2506 246
2507 69
2508 53
2509 210
2511 122
2512 136
2513 38
2514 234
2515 174
2516 143
2517 56
2518 20
2519 109
2520 135
2521 118
2522 194
2523 174
2524 139
2525 26
2526 202
2527 174
2528 222
2529 21
2530 57
2531 143
2532 119
2533 90
2534 103
2535 18
2536 9
2537 176
2538 125
2539 139
2540 164
2541 125
2542 7
2543 156
2544 123
2545 120
2546 51
2547 94
2548 156
2549 69
2550 39
2551 233
2552 75
2553 151
2554 72
2555 28
2556 119
2557 97
2558 40
2559 244
2560 143
2561 156
2562 133
2563 53
2564 167
2565 202
2566 27
2567 20
2568 112
2569 93
2570 231
2571 26
2572 32
2573 4
2574 239
2575 139
2576 115
2577 72
2578 210
2579 194
2581 93
2582 110
2583 8
2584 12
2585 200
2587 20
2588 10
2589 139
2590 226
2591 7
2592 6
2593 199
2595 20
2596 61
2597 242
2598 12
2599 70
2600 185
2601 93
2602 135
2603 36
2604 12
2605 0
2606 51
2608 7
2609 200
2610 167
2611 31
2612 23
2613 9
2614 103
2615 88
2617 76
2618 187
2619 97
2620 195
2621 200
2622 242
2623 126
2624 80
2625 0
2626 161
2627 139
2628 97
2629 198
2630 23
2631 141
2632 114
2634 3
2635 62
2636 119
2637 139
2638 139
2639 12
2640 91
2641 130
2642 104
2643 152
2644 210
2645 126
2646 30
2647 249
2648 16
2649 139
2650 237
2651 53
2652 20
2653 105
2654 171
2655 2
2656 226
2657 152
2658 103
2659 162
2660 143
2661 175
2662 61
2663 195
2665 20
2666 125
2667 235
2668 42
2669 21
2670 201
2671 183
2672 204
2673 56
2674 41
2675 50
2676 86
2677 174
2678 106
2679 158
2681 72
2682 49
2683 108
2684 167
2685 22
2686 3
2687 20
2688 199
2689 190
2690 52
2691 29
2692 191
2693 236
2694 61
2695 220
2696 92
2697 9
2698 13
2699 147
2700 56
2701 184
2702 141
2703 232
2704 28
2705 4
2706 20
2707 54
2708 9
2709 139
2710 43
2711 163
2712 40
2713 232
2714 20
2715 226
2717 139
2718 117
2719 238
2720 125
2721 155
2722 152
2723 129
2724 138
2725 46
2727 61
2728 235
2729 191
2730 53
2731 106
2732 149
2733 9
2734 51
2735 193
2736 21
2737 86
2738 203
2739 41
2740 71
2741 190
2742 225
2743 135
2744 165
2745 98
2746 110
2747 120
2748 30
2749 131
2750 34
2751 232
2752 187
2753 78
2754 47
2755 212
2756 231
2757 96
2758 10
2759 14
2760 171
2761 84
2762 95
2763 231
2764 10
2765 92
2766 137
2767 128
2768 140
2769 21
2770 235
2771 202
2773 120
2774 138
2775 140
2776 108
2777 50
2778 5
2779 42
2780 86
2781 143
2782 129
2783 5
2784 198
2785 241
2787 115
2788 218
2789 170
2790 134
2791 139
2792 52
2793 186
2794 115
2795 55
2796 5
2797 210
2798 55
2799 3
2800 174
2801 139
2802 7
2803 15
2804 44
2805 156
2806 95
2807 44
2808 57
2809 220
2810 51
2811 74
2812 151
2813 190
2814 136
2815 79
2816 15
2817 57
2818 139
2819 171
2820 179
2821 134
2822 161
2823 9
2824 89
2826 9
2827 215
2828 8
2829 163
2830 170
2831 238
2832 84
2833 155
2834 37
2835 19
2836 30
2837 191
2838 132
2839 26
2840 97
2841 176
2842 151
2843 225
2844 106
2845 139
2846 65
2847 64
2848 193
2849 143
2850 217
2851 139
2852 26
2853 229
2854 134
2855 59
2856 207
2857 56
2858 21
2859 59
2860 62
2861 54
2862 20
2863 62
2864 40
2865 246
2866 22
2867 108
2868 240
2869 85
2870 192
2871 13
2872 134
2873 172
2874 117
2875 22
2877 72
2878 249
2879 247
2880 246
2881 64
2882 244
2883 162
2884 174
2886 180
2887 10
2888 180
2889 65
2890 234
2891 62
2892 72
2893 193
2894 12
2895 53
2896 53
2897 53
2898 101
2899 163
2900 50
2901 53
2902 93
2903 125
2904 6
2905 35
2906 115
2907 91
2909 218
2910 108
2911 30
2912 30
2913 111
2914 88
2915 62
2916 123
2917 175
2918 118
2919 162
2920 107
2921 18
2922 221
2923 28
2924 140
2925 197
2926 5
2927 46
2928 68
2929 143
2930 21
2931 7
2932 243
2933 45
2934 100
2935 109
2936 195
2937 162
2938 93
2939 185
2940 191
2941 47
2942 225
2943 127
2944 142
2945 71
2946 206
2947 129
2948 61
2949 58
2950 135
2951 50
2952 115
2953 91
2954 69
2955 210
2956 171
2957 97
2958 105
2960 93
2961 202
2962 188
2963 56
2964 17
2965 45
2966 34
2967 240
2968 97
2969 189
2970 52
2971 120
2972 132
2973 176
2974 175
2975 91
2976 64
2977 162
2978 52
2979 175
2980 20
2981 143
2982 39
2983 21
2984 182
2985 171
2986 10
2987 143
2988 172
2989 196
2990 174
2991 139
2992 20
2993 43
2994 169
2995 188
2996 234
2997 91
2998 168
2999 204
3000 171
3001 174
3002 53
3003 145
3004 245
3005 112
3006 232
3007 44
3009 64
3010 139
3011 239
3012 7
3013 123
3014 20
3015 199
3016 75
3017 57
3018 78
3019 175
3020 64
3021 16
3022 237
3023 52
3024 62
3025 240
3027 189
3028 42
3029 158
3030 5
3031 48
3032 139
3033 130
3034 121
3035 190
3036 234
3037 14
3038 131
3039 67
3040 186
3041 214
3042 46
3043 57
3044 119
3045 152
3046 171
3047 160
3048 119
3049 9
3050 45
3051 59
3052 172
3053 225
3054 104
3055 18
3056 116
3057 147
3058 175
3059 193
3060 188
3062 82
3063 226
3064 194
3065 21
3066 39
3067 139
3068 9
3069 139
3070 49
3071 234
3072 101
3073 196
3074 75
3075 56
3076 210
3077 135
3078 53
3079 61
3080 186
3081 139
3082 221
3083 20
3084 38
3085 36
3087 65
3088 110
3089 104
3090 97
3091 18
3092 32
3093 200
3094 166
3095 168
3096 244
3097 56
3098 139
3099 31
3100 53
3101 204
3102 22
3103 20
3104 171
3105 245
3106 109
3107 48
3108 208
3109 186
3110 39
3111 21
3112 81
3113 213
3114 55
3115 30
3116 159
3117 144
3118 16
3119 135
3120 249
3121 167
3122 210
3123 185
3124 174
3125 132
3126 135
3127 59
3128 234
3129 28
3130 50
3131 194
3132 159
3133 235
3134 59
3135 236
3136 144
3137 129
3138 61
3139 60
3140 203
3141 196
3142 178
3143 178
3144 125
3145 213
3146 66
3147 62
3148 154
3149 183
3150 151
3151 31
3152 46
3153 38
3154 147
3155 163
3156 239
3157 21
3158 245
3159 20
3160 143
3161 19
3163 10
3164 204
3165 215
3166 10
3167 87
3168 163
3169 249
3170 236
3171 120
3172 210
3173 58
3174 120
3175 228
3176 222
3177 90
3178 223
3179 80
3180 87
3181 163
3182 95
3183 12
3184 151
3185 230
3186 56
3187 111
3188 120
3189 21
3190 102
3191 143
3192 111
3194 50
3195 74
3196 119
3197 50
3198 200
3199 25
3200 34
3201 143
3202 11
3203 116
3204 174
3205 65
3206 175
3207 77
3208 167
3209 203
3210 46
3211 10
3212 129
3213 20
3214 151
3215 134
3216 101
3217 97
3218 116
3219 101
3220 113
3222 116
3223 151
3224 214
3225 240
3226 19
3227 115
3228 175
3229 35
3230 202
3231 4
3232 10
3233 44
3234 54
3235 7
3236 139
3237 51
3238 14
3239 171
3240 135
3241 72
3242 226
3243 80
3244 139
3245 80
3246 124
3247 91
3248 61
3249 204
3250 179
3252 197
3253 33
3254 208
3255 69
3256 3
3257 39
3258 84
3259 40
3260 51
3261 241
3262 196
3263 9
3264 88
3265 61
3267 65
3268 140
3269 6
3270 175
3271 61
3272 50
3273 108
3274 38
3276 236
3277 84
3278 175
3279 91
3280 8
3281 245
3282 29
3283 23
3284 46
3285 184
3286 171
3287 69
3288 112
3289 133
3290 119
3291 190
3292 160
3293 59
3294 125
3295 12
3296 23
3297 175
3298 240
3299 168
3300 210
3301 169
3302 175
3303 97
3304 196
3305 5
3306 125
3307 58
3308 133
3310 137
3311 129
3312 62
3313 174
3314 198
3315 152
3316 84
3317 123
3318 138
3319 211
3320 244
3321 56
3322 185
3323 167
3324 196
3325 134
3326 204
3327 35
3328 174
3329 205
3330 9
3331 84
3332 193
3333 61
3334 142
3335 141
3336 140
3338 96
3339 74
3340 88
3341 61
3342 241
3343 144
3344 0
3345 220
3346 49
3347 59
3348 203
3349 232
3350 46
3351 21
3352 59
3353 59
3354 49
3356 126
3357 60
3358 134
3359 143
3360 119
3361 191
3362 28
3363 12
3364 210
3365 154
3366 229
3367 38
3368 96
3369 116
3370 153
3371 171
3372 18
3373 1
3374 174
3375 155
3376 77
3377 212
3378 146
3379 91
3380 230
3381 231
3382 174
3383 128
3386 183
3387 101
3388 65
3389 239
3390 244
3391 69
3392 73
3393 237
3394 28
3395 125
3396 84
3397 77
3398 14
3399 139
3400 90
3401 180
3402 171
3403 106
3405 61
3406 8
3407 239
3408 175
3409 118
3410 151
3411 202
3412 139
3413 7
3414 166
3415 12
3416 83
3417 104
3418 0
3419 91
3420 225
3421 13
3422 20
3423 59
3424 52
3425 56
3426 105
3427 94
3428 107
3429 183
3430 180
3431 61
3432 86
3433 19
3434 192
3435 211
3436 204
3437 9
3438 61
3439 53
3440 186
3441 53
3442 180
3443 225
3444 216
3445 5
3446 125
3447 188
3448 0
3449 82
3450 49
3451 21
3452 139
3454 222
3455 41
3457 182
3458 113
3459 139
3460 54
3461 60
3462 78
3463 43
3464 139
3465 68
3467 191
3468 25
3470 9
3471 119
3472 80
3473 80
3474 170
3475 190
3476 171
3477 158
3478 103
3479 134
3480 171
3481 90
3482 50
3484 225
3485 143
3486 103
3488 199
3489 53
3490 1
3491 13
3493 35
3494 239
3495 41
3496 210
3497 196
3498 3
3499 123
3500 144
3501 188
3502 10
3503 104
3504 215
3505 194
3506 166
3507 26
3508 50
3509 69
3510 49
3511 175
3512 40
3513 97
3514 59
3515 59
3516 9
3517 3
3519 12
3520 10
3521 248
3522 47
3523 180
3525 151
3526 98
3527 188
3528 234
3529 171
3530 213
3531 229
3532 120
3533 202
3534 28
3535 105
3536 236
3537 16
3538 72
3539 120
3540 16
3541 241
3542 175
3543 143
3545 20
3546 144
3547 59
3548 244
3549 196
3550 120
3551 179
3552 215
3553 60
3554 61
3555 10
3556 126
3557 210
3558 72
3559 144
3560 106
3561 47
3562 141
3563 196
3564 186
3565 249
3566 5
3567 174
3568 7
3569 49
3570 19
3571 3
3572 193
3573 16
3575 174
3576 72
3577 13
3578 182
3579 139
3580 95
3581 114
3582 163
3583 186
3584 171
3585 30
3586 111
3587 101
3588 77
3589 240
3590 10
3591 50
3592 19
3593 230
3594 68
3595 20
3596 1
3597 93
3598 120
3599 163
3600 191
3601 202
3602 78
3603 218
3604 8
3605 68
3606 5
3607 195
3609 232
3610 219
3611 89
3612 67
3613 53
3614 60
3615 58
3617 161
3618 180
3619 109
3620 97
3621 117
3622 217
3623 84
3624 100
3625 117
3626 214
3627 93
3628 134
3629 139
3630 212
3631 120
3632 45
3633 229
3634 188
3636 118
3637 50
3638 227
3639 133
3640 61
3641 93
3642 101
3644 10
3645 59
3646 175
3647 138
3648 52
3649 174
3650 35
3651 188
3652 147
3653 45
3654 37
3655 219
3656 62
3657 120
3658 55
3659 174
3660 203
3661 191
3662 186
3663 158
3664 140
3665 165
3666 139
3667 119
3668 139
3669 53
3670 46
3671 36
3672 126
3673 224
3674 91
3675 177
3676 140
3677 77
3678 156
3679 97
3680 203
3681 210
3682 174
3683 228
3684 133
3685 70
3686 139
3688 183
3689 59
3690 150
3691 139
3692 91
3693 171
3694 149
3696 195
3697 99
3698 18
3699 48
3700 224
3701 72
3702 71
3703 135
3704 60
3705 125
3706 59
3707 26
3708 139
3709 107
3710 248
3711 150
3712 116
3713 78
3714 161
3715 240
3716 208
3717 195
3719 46
3720 171
3721 114
3722 57
3723 151
3724 194
3725 101
3726 64
3727 12
3728 210
3729 18
3730 116
3731 100
3732 187
3733 139
3734 52
3735 240
3736 186
3737 61
3738 8
3739 239
3740 62
3741 133
3742 203
3743 103
3744 19
3746 111
3747 183
3748 144
3749 58
3750 243
3751 65
3752 72
3753 93
3754 58
3755 94
3756 53
3757 95
3758 224
3759 239
3760 207
3761 156
3762 53
3763 174
3764 203
3765 78
3766 120
3767 20
3768 169
3769 10
3771 188
3772 20
3773 60
3774 168
3775 161
3776 37
3777 232
3778 171
3779 12
3780 93
3781 74
3782 14
3783 74
3784 10
3785 139
3786 133
3787 184
3788 166
3789 19
3790 128
3791 80
3792 220
3793 54
3794 7
3795 70
3796 94
3797 171
3798 8
3799 59
3800 92
3801 148
3802 51
3803 240
3804 120
3805 207
3806 248
3807 84
3808 194
3809 135
3811 212
3812 62
3813 111
3814 53
3815 78
3816 210
3817 175
3818 78
3819 56
3820 31
3821 139
3822 239
3823 9
3824 91
3825 109
3826 53
3827 127
3828 43
3829 163
3830 139
3831 73
3832 84
3833 183
3834 207
3836 97
3837 198
3838 5
3839 235
3840 104
3841 96
3842 191
3843 172
3844 218
3845 91
3846 93
3847 105
3848 188
3849 156
3850 163
3851 10
3852 190
3853 196
3854 123
3855 144
3856 198
3859 53
3860 95
3861 50
3862 41
3863 83
3864 139
3865 243
3866 240
3867 60
3868 65
3869 234
3870 240
3871 61
3872 44
3873 229
3874 24
3875 215
3876 25
3877 78
3878 86
3879 119
3880 79
3881 2
3882 71
3883 143
3884 72
3885 56
3886 18
3887 191
3888 207
3889 65
3890 132
3891 242
3892 52
3893 227
3894 92
3895 80
3896 143
3897 175
3898 50
3899 240
3901 29
3902 226
3904 72
3905 180
3906 96
3907 5
3908 1
3909 77
3910 61
3911 91
3912 12
3913 89
3914 86
3915 129
3917 207
3918 139
3919 10
3921 69
3922 65
3923 142
3924 180
3925 226
3926 41
3927 180
3928 61
3929 80
3930 167
3931 177
3932 90
3933 222
3934 217
3935 195
3936 175
3938 22
3939 126
3940 139
3941 123
3943 20
3944 37
3945 152
3946 72
3947 42
3948 28
3949 21
3950 45
3951 100
3952 246
3953 199
3954 180
3955 204
3956 246
3957 151
3958 75
3959 139
3960 152
3961 60
3962 97
3963 175
3964 53
3965 120
3966 169
3967 20
3968 220
3969 129
3970 71
3971 30
3973 97
3974 58
3975 130
3976 109
3977 97
3979 102
3980 87
3981 56
3982 127
3983 10
3984 6
3985 59
3986 144
3987 217
3988 3
3989 186
3990 21
3991 34
3992 25
3993 244
3994 22
3995 225
3996 87
3997 5
3998 122
3999 12
4000 139
4001 232
4002 177
4003 94
4004 135
4005 213
4006 84
4007 139
4008 210
4009 243
4010 105
4011 137
4012 76
4013 30
4014 166
4016 13
4017 239
4018 194
4019 37
4020 10
4021 49
4022 30
4023 171
4024 197
4025 126
4026 171
4027 125
4028 39
4029 176
4030 163
4031 10
4032 93
4033 144
4034 35
4035 118
4036 31
4037 91
4038 77
4039 42
4040 7
4041 193
4042 15
4043 207
4044 116
4045 188
4046 148
4047 156
4048 6
4049 244
4050 20
4051 183
4052 21
4053 188
4054 7
4055 115
4056 137
4057 48
4058 246
4059 36
4060 12
4061 160
4062 106
4063 59
4064 14
4065 91
4066 190
4067 91
4068 101
4069 231
4070 194
4071 18
4072 155
4073 56
4074 25
4075 12
4076 174
4077 22
4078 139
4079 245
4080 74
4081 226
4082 171
4083 88
4084 204
4085 174
4086 19
4087 12
4088 178
4089 117
4090 191
4091 114
4092 203
4093 58
4094 196
4095 71
4096 28
4097 22
4098 62
4100 20
4101 7
4102 98
4104 81
4105 65
4106 81
4107 234
4108 248
4109 190
4110 208
4111 95
4112 32
4113 20
4114 143
4115 119
4116 243
4117 52
4118 68
4119 28
4120 240
4121 87
4122 69
4123 8
4124 61
4125 14
4126 141
4127 20
4128 30
4129 117
4130 18
4131 135
4132 65
4133 23
4134 166
4135 183
4137 10
4138 143
4139 197
4140 240
4141 97
4142 7
4143 190
4144 9
4145 80
4146 20
4147 10
4148 79
4149 140
4150 241
4151 47
4152 80
4153 196
4154 153
4155 97
4156 12
4157 59
4158 194
4159 174
4160 174
4161 209
4162 61
4163 171
4164 139
4165 49
4166 174
4168 164
4169 151
4170 177
4171 22
4172 239
4174 213
4175 85
4176 152
4177 139
4178 75
4179 209
4180 5
4181 123
4182 37
4183 190
4184 80
4185 180
4186 65
4188 235
4189 186
4190 171
4191 15
4192 218
4193 119
4194 109
4195 239
4196 9
4197 93
4198 75
4199 86
4200 29
4201 210
4202 72
4203 154
4204 154
4205 40
4206 175
4207 132
4208 72
4209 143
4210 171
4211 74
4212 54
4213 58
4214 91
4215 83
4216 139
4219 96
4220 72
4221 183
4222 208
4223 207
4224 18
4225 210
4226 196
4227 17
4228 232
4229 195
4230 20
4231 55
4232 139
4233 28
4234 84
4235 89
4236 182
4237 77
4238 174
4239 73
4240 154
4241 115
4242 125
4243 96
4244 149
4245 139
4246 184
4247 76
4248 112
4249 155
4250 20
4251 220
4252 20
4253 184
4254 60
4255 153
4256 128
4257 161
4258 50
4259 115
4260 165
4261 59
4263 190
4264 232
4266 233
4267 28
4268 10
4269 210
4270 207
4272 171
4273 61
4274 28
4275 56
4276 97
4278 21
4279 187
4280 183
4281 208
4282 190
4284 51
4285 241
4286 31
4287 58
4288 185
4289 118
4290 94
4291 125
4292 9
4293 125
4294 151
4296 3
4297 174
4298 133
4299 106
4300 183
4301 50
4302 111
4303 129
4304 35
4305 60
4306 21
4307 61
4308 167
4309 31
4310 155
4311 119
4312 201
4313 182
4314 139
4315 195
4316 35
4317 232
4318 171
4319 0
4320 10
4321 84
4322 151
4323 104
4324 249
4325 56
4326 30
4327 199
4328 126
4329 174
4330 62
4331 134
4332 40
4333 118
4334 10
4335 61
4337 135
4338 118
4339 232
4340 26
4341 179
4342 22
4343 8
4344 95
4345 120
4346 196
4347 111
4348 183
4349 72
4350 30
4351 163
4352 104
4353 22
4354 139
4355 56
4356 93
4357 22
4358 20
4359 91
4360 18
4361 34
4362 48
4363 171
4364 3
4365 186
4366 249
4367 65
4369 65
4370 84
4371 221
4372 173
4373 239
4374 230
4375 14
4376 217
4377 204
4378 226
4379 58
4380 10
4381 218
4382 0
4383 208
4384 26
4385 130
4386 231
4387 161
4388 220
4390 49
4391 86
4392 91
4393 61
4394 21
4395 226
4396 17
4397 39
4398 175
4399 45
4400 35
4401 59
4402 148
4403 98
4404 190
4405 103
4406 139
4407 196
4408 35
4409 146
4410 166
4411 236
4412 81
4413 215
4415 48
4416 139
4417 61
4418 53
4420 61
4421 144
4422 133
4423 143
4424 202
4425 139
4426 218
4428 77
4429 81
4430 58
4431 117
4432 232
4433 81
4434 165
4435 40
4436 95
4437 231
4439 53
4440 10
4441 142
4442 39
4443 38
4444 147
4445 35
4446 135
4447 85
4448 200
4449 136
4451 186
4452 60
4453 28
4454 161
4455 177
4456 115
4457 21
4458 246
4459 119
4460 139
4461 30
4462 10
4463 28
4464 201
4465 53
4466 11
4467 203
4468 245
4469 197
4470 49
4471 131
4472 54
4473 72
4474 144
4475 112
4476 109
4477 68
4479 243
4480 76
4481 209
4482 89
4483 133
4484 146
4485 120
4486 109
4487 219
4488 30
4489 30
4490 111
4491 131
4492 26
4493 99
4494 147
4495 232
4496 73
4497 92
4498 0
4499 189
4500 188
4501 31
4502 10
4503 139
4504 180
4505 59
4506 128
4507 151
4508 151
4509 59
4510 90
4511 100
4512 41
4513 65
4514 196
4515 37
4516 42
4517 229
4518 50
4519 196
4520 161
4521 239
4522 114
4523 227
4524 84
4525 139
4526 72
4527 178
4528 83
4529 245
4530 188
4531 69
4532 171
4533 31
4534 205
4535 91
4536 72
4537 91
4538 119
4539 188
4540 119
4541 22
4542 151
4543 204
4545 149
4546 128
4547 14
4548 19
4550 177
4551 143
4553 144
4554 122
4555 55
4556 162
4557 172
4558 14
4559 74
4561 61
4562 186
4563 229
4564 3
4565 21
4566 175
4567 139
4568 14
4569 158
4571 12
4572 174
4573 104
4574 99
4575 81
4576 191
4577 119
4578 65
4579 126
4580 180
4581 168
4582 180
4583 198
4585 88
4586 125
4587 249
4588 149
4589 190
4590 70
4591 230
4592 125
4593 195
4594 147
4595 177
4596 218
4598 229
4600 6
4601 140
4602 103
4603 143
4604 58
4605 171
4606 90
4608 112
4609 26
4610 188
4611 33
4612 7
4613 44
4614 153
4615 91
4616 189
4617 93
4618 34
4619 219
4620 43
4621 208
4622 35
4623 5
4624 207
4625 59
4626 129
4627 100
4628 15
4629 235
4630 214
4631 9
4632 21
4633 60
4634 24
4635 1
4636 120
4637 72
4638 157
4639 112
4640 247
4641 10
4642 172
4643 61
4644 90
4645 21
4646 205
4647 119
4648 12
4649 19
4650 171
4651 240
4652 217
4653 135
4654 134
4655 131
4656 30
4657 7
4658 9
4659 195
4660 236
4661 60
4662 171
4663 219
4664 12
4665 29
4666 12
4667 53
4668 32
4669 0
4670 91
4671 84
4672 127
4673 190
4674 97
4675 12
4676 14
4677 179
4678 245
4679 139
4680 38
4681 40
4682 9
4683 225
4684 238
4685 62
4686 9
4687 134
4688 158
4689 188
4690 186
4691 164
4692 9
4693 7
4694 7
4695 186
4696 92
4697 128
4698 212
4699 26
4700 198
4701 129
4702 100
4703 176
4704 21
4705 143
4706 235
4707 139
4708 241
4709 229
4710 171
4711 152
4712 41
4713 163
4714 92
4715 139
4716 20
4717 53
4718 46
4719 169
4720 151
4721 191
4722 11
4723 62
4724 53
4725 1
4726 42
4727 180
4728 174
4729 166
4730 244
4731 60
4732 183
4733 62
4734 228
4735 12
4737 61
4738 186
4739 30
4740 0
4742 20
4744 20
4745 62
4746 142
4748 26
4749 15
4750 204
4752 245
4753 218
4754 47
4755 236
4756 171
4757 176
4759 45
4760 125
4761 68
4762 52
4763 130
4764 22
4765 195
4766 210
4767 14
4768 195
4769 221
4770 91
4771 8
4772 110
4773 81
4774 52
4775 219
4776 129
4777 217
4778 75
4779 120
4780 94
4781 29
4782 230
4783 171
4784 65
4786 120
4787 30
4788 53
4789 6
4790 194
4791 5
4792 130
4793 148
4794 139
4795 117
4796 46
4797 27
4798 115
4799 28
4800 117
4801 212
4802 17
4803 122
4804 197
4805 97
4806 62
4807 71
4808 136
4809 171
4810 169
4811 163
4812 49
4813 183
4814 50
4815 145
4816 189
4817 10
4818 4
4820 70
4821 22
4822 10
4823 74
4824 175
4825 119
4826 168
4827 12
4828 238
4829 196
4831 30
4832 31
4833 120
4834 246
4835 72
4836 22
4837 220
4839 15
4840 87
4841 58
4842 239
4843 187
4844 61
4845 75
4846 163
4847 129
4848 191
4849 130
4850 237
4851 120
4852 44
4853 69
4854 49
4855 25
4856 152
4857 58
4858 175
4859 177
4860 61
4861 242
4862 235
4863 45
4864 151
4865 52
4866 167
4867 25
4868 139
4869 139
4870 177
4871 122
4872 22
4873 101
4875 214
4876 22
4877 23
4878 246
4879 5
4880 20
4881 97
4882 167
4883 43
4884 119
4885 6
4886 98
4887 245
4888 112
4889 120
4890 1
4891 26
4892 232
4893 155
4894 129
4895 46
4896 139
4897 151
4898 6
4899 242
4900 64
4901 115
4904 70
4905 222
4906 44
4907 107
4908 117
4909 151
4910 87
4911 197
4913 61
4914 120
4915 131
4916 196
4917 191
4918 219
4919 225
4921 143
4922 130
4923 43
4924 71
4925 125
4926 192
4928 77
4929 174
4931 240
4932 10
4933 119
4934 114
4935 62
4936 108
4937 248
4938 129
4939 16
4940 126
4941 120
4942 125
4944 171
4945 23
4946 114
4947 59
4948 130
4949 120
4950 171
4951 44
4952 151
4953 193
4954 32
4955 56
4956 196
4957 204
4958 10
4959 75
4960 194
4961 139
4962 180
4963 171
4964 10
4965 191
4966 150
4967 162
4968 139
4969 197
4970 218
4971 26
4972 112
4973 219
4974 69
4975 8
4976 151
4977 223
4978 54
4979 23
4980 53
4981 19
4982 243
4983 166
4984 154
4985 120
4986 71
4987 18
4988 72
4989 21
4990 138
4991 57
4992 78
4993 183
4994 77
4995 139
4996 236
4997 220
4998 221
4999 93
5000 93
5001 93
5002 120
5003 196
5004 139
5005 111
5006 205
5007 210
5008 140
5009 196
5010 163
5011 225
5012 30
5013 30
5014 151
5015 151
5016 157
5017 244
5018 50
5019 186
5020 224
5021 174
5022 174
5023 222
5024 39
5025 39
5026 240
5027 59
5028 146
5029 145
5030 139
5031 4
5032 190
5033 206
5035 16
5036 16
5037 203
5038 14
5039 14
5040 14
5042 238
5043 173
5044 239
5045 239
5047 60
5048 21
5049 171
5050 10
5051 0
5052 120
5053 57
5054 204
5055 50
5056 9
5057 188
5058 62
5059 32
5060 215
5061 21
5062 21
5063 144
5064 245
5065 60
5066 60
5067 137
5068 65
5070 173
5071 10
5072 119
5073 174
5074 32
5075 101
5076 190
5077 153
5082 243
5083 24
5084 139
5085 139
5086 137
5087 171
5088 171
5089 196
5090 72
5091 64
5092 81
5093 225
5096 119
5097 59
5098 175
5099 58
5100 115
5101 210
5102 160
5103 248
5104 14
5105 14
5106 14
5107 155
5108 72
5110 5
5111 5
5112 1
5113 1
5114 59
5115 59
5116 94
5117 153
5118 85
5119 139
5120 20
5121 20
5122 201
5123 127
5124 10
5125 61
5126 61
5127 236
5128 211
5129 6
5130 6
5131 171
5133 210
5134 235
5135 23
5136 174
5137 97
5138 97
5139 176
5140 37
5141 54
5142 21
5143 59
5144 171
5145 239
5146 65
5147 230
5148 32
5149 91
5150 190
5151 26
5152 101
5153 147
5154 121
5155 121
5156 138
5157 1
5158 191
5159 191
5160 84
5161 28
5162 139
5163 74
5164 143
5165 12
5166 12
5167 28
5168 139
5169 149
5170 149
5171 234
5172 151
5173 151
5174 195
5175 195
5177 244
5178 18
5179 29
5180 29
5181 245
5182 134
5183 134
5184 183
5185 183
5187 53
5188 164
5189 238
5190 17
5191 50
5192 220
5193 101
5194 37
5195 91
5196 186
5197 172
5198 215
5199 31
5201 128
5202 128
5203 21
5204 21
5205 168
5206 43
5207 5
5208 228
5209 240
5210 240
5211 174
5212 165
5213 121
5214 32
5215 184
5216 188
5217 202
5218 193
5219 151
5220 151
5221 9
5222 212
5223 78
5224 174
5225 119
5226 35
5227 35
5228 218
5229 235
5230 246
5231 150
5232 150
5233 201
5234 201
5235 210
5236 210
5237 167
5238 167
5239 71
5240 32
5241 32
5242 121
5243 47
5244 47
5245 40
5246 40
5247 152
5248 152
5249 53
5250 53
5251 174
5252 21
5253 28
5254 67
5255 21
5256 237
5257 242
5258 217
5259 131
5260 5
5261 74
5262 139
5263 24
5264 44
5265 52
5266 152
5267 152
5268 98
5269 52
5270 37
5271 149
5272 149
5274 97
5275 129
5276 156
5277 156
5278 98
5279 91
5280 20
5281 140
5282 140
5283 236
5284 41
5285 41
5286 226
5287 226
5288 223
5289 12
5290 12
5291 248
5292 218
5293 218
5294 225
5295 30
5296 198
5297 122
5298 233
5299 219
5300 72
5301 64
5302 203
5303 203
5304 237
5305 68
5306 68
5307 20
5308 20
5309 227
5310 227
5311 85
5312 142
5313 141
5314 92
5315 92
5316 28
5317 171
5318 12
5319 50
5320 50
5321 114
5322 59
5323 219
5324 91
5325 89
5327 150
5328 230
5329 230
5330 232
5332 58
5333 96
5334 54
5335 8
5336 167
5338 28
5339 231
5340 120
5341 53
5342 53
5343 115
5344 144
5345 144
5346 121
5347 131
5348 115
5349 195
5350 205
5351 205
5352 151
5353 218
5354 183
5355 229
5356 230
5357 225
5358 70
5359 70
5360 91
5361 20
5362 21
5363 238
5364 55
5365 174
5366 174
5367 156
5370 50
5371 139
5372 84
5373 84
5374 122
5375 5
5376 89
5377 38
5378 38
5379 34
5380 229
5381 240
5382 17
5383 52
5384 145
5385 46
5386 61
5387 42
5388 92
5389 92
5390 55
5391 84
5392 84
5393 84
5394 65
5395 27
5396 56
5397 56
5399 50
5400 34
5401 114
5402 143
5403 21
5404 43
5405 43
5406 23
5407 18
5408 69
5409 129
5410 129
5411 139
5412 210
5413 174
5414 230
5415 94
5416 28
5417 171
5418 166
5419 28
5420 247
5421 151
5422 229
5423 229
5424 139
5425 186
5426 129
5427 156
5428 156
5429 156
5430 30
5431 22
5432 195
5433 195
5434 10
5435 18
5436 41
5437 41
5438 29
5439 29
5440 238
5441 17
5442 0
5443 192
5444 134
5445 134
5446 180
5447 119
5448 188
5449 51
5450 203
5451 232
5452 52
5453 91
5454 12
5455 220
5456 8
5457 8
5458 3
5459 3
5460 89
5461 89
5462 36
5463 36
5464 168
5465 168
5466 153
5467 38
5468 105
5469 62
5470 156
5471 82
5472 53
5473 211
5474 93
5475 93
5476 93
5477 242
5478 48
5479 215
5480 62
5481 97
5483 176
5484 45
5485 158
5486 47
5487 47
5488 22
5489 162
5490 206
5491 20
5492 234
5493 242
5494 138
5495 138
5496 134
5497 87
5498 87
5499 167
5500 169
5501 210
5502 151
5503 151
5504 231
5505 10
5506 50
5507 50
5508 174
5509 174
5510 12
5511 12
5512 12
5513 58
5514 183
5515 183
5516 188
5517 199
5518 233
5519 233
5520 50
5521 214
5522 139
5523 122
5524 123
5525 123
5526 155
5527 155
5528 12
5529 114
5530 91
5531 91
5532 168
5533 168
5534 106
5535 22
5536 124
5537 174
5538 151
5539 151
5540 151
5541 219
5542 209
5543 13
5544 36
5545 125
5546 43
5547 43
5548 180
5549 180
5550 10
5551 210
5552 109
5553 119
5554 151
5555 101
5556 120
5557 81
5558 65
5559 65
5560 191
5561 191
5563 222
5564 205
5565 17
5566 10
5568 236
5569 115
5570 219
5571 12
5572 12
5573 185
5574 72
5575 171
5576 139
5577 139
5578 139
5579 64
5580 99
5581 169
5582 37
5583 247
5584 149
5585 28
5586 87
5587 87
5588 210
5589 77
5590 50
5591 50
5592 173
5593 192
5594 19
5595 19
5596 222
5597 14
5598 10
5599 42
5600 91
5601 59
5602 2
5603 3
5604 3
5605 173
5606 89
5607 89
5608 194
5609 85
5610 190
5611 139
5612 88
5613 228
5614 49
5615 42
5616 60
5617 60
5618 37
5619 64
5620 229
5621 93
5622 129
5623 17
5624 102
5625 9
5626 173
5627 112
5628 8
5629 133
5630 114
5631 114
5632 114
5633 97
5634 103
5635 153
5636 28
5637 196
5638 53
5639 53
5640 53
5641 218
5642 174
5643 232
5644 232
5645 71
5646 174
5647 91
5648 8
5649 174
5650 200
5651 212
5652 207
5653 212
5654 83
5655 151
5656 34
5657 175
5658 102
5659 241
5660 218
5661 152
5662 152
5663 97
5664 222
5665 174
5666 115
5667 22
5668 17
5669 36
5670 111
5671 111
5672 16
5673 91
5674 68
5675 222
5676 222
5677 210
5678 94
5679 207
5680 238
5681 171
5682 115
5683 72
5684 139
5685 14
5686 14
5687 14
5688 186
5689 222
5690 89
5691 89
5692 72
5693 135
5694 26
5695 21
5696 240
5697 232
5698 20
5699 20
5700 200
5701 241
5702 186
5703 17
5704 139
5705 52
5706 64
5707 139
5708 21
5709 139
5710 21
5711 97
5712 97
5713 176
5714 247
5715 133
5716 72
5717 213
5718 202
5719 26
5720 0
5721 190
5722 190
5723 186
5724 147
5725 98
5726 98
5727 144
5728 144
5729 236
5730 201
