0 -1
1 -1
2 -1
3 25
4 0
5 0
6 -1
7 3
8 -1
9 -1
10 86
11 1
12 -1
13 -1
14 -1
15 -1
16 0
17 -1
18 12
19 2
20 3
21 -1
22 -1
23 0
24 0
25 3
26 3
27 4
28 0
29 77
30 -1
31 7
32 5
33 7
34 -1
35 6
36 65
37 7
38 -1
39 8
40 -1
41 -1
42 -1
43 -1
44 -1
45 3
46 9
47 0
48 3
49 3
50 3
51 -1
52 10
53 -1
54 0
55 15
56 11
57 0
58 0
59 12
60 -1
61 13
62 3
63 3
64 -1
65 3
66 14
67 73
68 63
69 -1
70 3
71 3
72 58
73 3
74 14
75 0
76 88
77 3
78 0
79 -1
80 3
81 3
82 -1
83 3
84 15
85 -1
86 16
87 8
88 -1
89 17
90 3
91 18
92 3
93 -1
94 0
95 3
96 3
97 -1
98 3
99 0
100 -1
101 44
102 0
103 -1
104 81
105 19
106 20
107 21
108 -1
109 -1
110 0
111 3
112 22
113 0
114 0
115 3
116 0
117 3
118 -1
119 0
120 0
121 -1
122 66
123 61
124 -1
125 8
126 3
127 -1
128 0
129 0
130 -1
131 -1
132 3
133 -1
134 -1
135 -1
136 0
137 23
138 3
139 3
140 -1
141 -1
142 0
143 24
144 0
145 0
146 3
147 3
148 78
149 25
150 0
151 -1
152 3
153 86
154 -1
155 3
156 3
157 3
158 0
159 0
160 -1
161 3
162 3
163 3
164 3
165 26
166 -1
167 0
168 0
169 3
170 -1
171 7
172 27
173 28
174 -1
175 0
176 3
177 -1
178 -1
179 3
180 3
181 15
182 -1
183 3
184 0
185 -1
186 -1
187 61
188 0
189 3
190 -1
191 3
192 3
193 39
194 3
195 3
196 29
197 0
198 30
199 3
200 -1
201 31
202 3
203 3
204 32
205 -1
206 -1
207 0
208 3
209 33
210 -1
211 -1
212 0
213 34
214 3
215 -1
216 0
217 0
218 35
219 36
220 1
221 3
222 50
223 -1
224 -1
225 9
226 37
227 86
228 0
229 0
230 3
231 -1
232 15
233 -1
234 -1
235 3
236 0
237 0
238 -1
239 0
240 3
241 0
242 -1
243 -1
244 0
245 0
246 0
247 0
248 0
249 0
250 3
251 0
252 -1
253 -1
254 3
255 54
256 -1
257 -1
258 -1
259 -1
260 3
261 3
262 3
263 21
264 3
265 18
266 38
267 -1
268 21
269 3
270 0
271 0
272 -1
273 3
274 0
275 3
276 0
277 -1
278 41
279 3
280 3
281 -1
282 3
283 3
284 3
285 -1
286 3
287 -1
288 3
289 39
290 3
291 -1
292 1
293 3
294 -1
295 3
296 7
297 34
298 3
299 23
301 0
302 3
303 3
304 40
305 -1
306 3
307 41
308 3
309 -1
310 3
311 0
312 42
313 -1
314 88
315 3
316 -1
317 0
318 0
319 3
320 26
321 43
322 29
323 3
324 3
325 0
326 0
327 25
328 -1
329 0
330 -1
331 -1
332 44
333 0
334 29
335 -1
336 3
337 3
338 -1
339 80
340 3
341 3
342 3
343 3
344 3
345 3
346 0
347 0
348 0
349 -1
350 20
351 26
352 3
353 0
354 56
355 3
356 0
357 0
358 45
359 3
360 3
361 3
362 3
363 -1
364 -1
365 3
366 3
367 36
368 10
369 3
370 7
371 0
372 3
373 0
374 0
375 3
376 25
377 3
378 46
379 34
380 0
381 3
382 3
383 -1
384 0
385 0
386 36
387 3
388 -1
389 0
390 8
391 47
392 0
393 -1
394 -1
395 -1
396 -1
397 86
398 3
399 -1
400 67
401 48
402 3
403 0
404 -1
405 3
407 -1
408 49
409 0
410 3
411 50
412 3
413 -1
414 0
415 0
416 0
417 46
418 3
419 -1
420 -1
421 -1
422 51
423 26
424 7
425 -1
426 0
427 -1
428 48
429 27
430 0
431 3
432 52
433 3
434 3
435 0
436 3
437 3
438 0
439 -1
440 3
441 3
442 0
443 -1
444 -1
445 53
446 3
447 3
448 3
449 -1
450 -1
451 85
452 54
453 -1
454 87
455 55
456 -1
457 0
458 -1
459 3
460 0
461 -1
462 -1
463 3
464 -1
465 -1
466 56
467 0
468 69
469 3
470 0
471 3
472 -1
473 57
474 58
475 0
476 -1
477 29
478 -1
479 -1
480 0
481 0
482 0
483 59
484 -1
485 -1
486 3
487 3
488 -1
489 3
490 0
491 -1
492 55
493 -1
494 47
495 0
496 0
497 0
498 -1
499 -1
500 3
501 60
502 -1
503 1
504 0
505 -1
506 0
507 23
508 3
509 0
510 61
511 -1
512 0
513 3
514 8
515 0
516 0
517 0
518 0
519 3
520 3
522 0
523 3
524 8
525 62
526 3
527 0
528 24
529 3
530 3
531 3
532 9
533 3
534 25
535 3
536 -1
537 -1
538 3
539 0
540 42
541 0
542 0
543 3
544 3
545 18
546 3
547 28
548 3
549 0
550 3
551 0
552 3
553 3
554 2
555 17
556 58
557 3
558 50
559 57
560 3
561 -1
562 -1
563 -1
564 23
565 7
566 -1
567 3
568 0
569 3
570 -1
571 3
572 -1
573 -1
574 42
575 8
576 -1
577 3
578 0
579 63
580 0
581 0
582 8
583 0
584 0
585 -1
586 0
587 3
588 2
589 3
590 0
591 3
592 0
593 3
594 0
595 28
596 0
597 0
598 0
599 -1
600 -1
601 -1
602 31
603 -1
604 3
605 8
606 3
607 47
608 3
609 0
610 -1
611 -1
612 -1
613 -1
614 0
615 3
616 0
617 -1
618 73
619 3
620 53
621 -1
622 3
623 23
624 3
626 -1
627 16
628 0
629 3
630 35
631 0
632 3
633 -1
634 0
635 -1
636 -1
637 -1
638 -1
639 0
640 0
641 3
642 -1
643 -1
644 0
645 0
646 3
647 22
648 0
649 -1
650 83
651 0
652 -1
654 0
655 3
656 -1
657 21
658 -1
659 14
660 29
661 27
662 -1
663 6
664 0
665 0
666 3
667 32
668 0
669 3
670 -1
671 3
672 31
673 3
674 -1
675 3
676 53
677 3
678 0
679 0
680 -1
681 64
682 -1
683 -1
684 3
685 -1
686 29
687 -1
688 3
689 0
690 0
691 21
692 21
693 -1
694 42
695 3
696 -1
697 0
698 16
699 0
700 3
701 3
702 65
703 3
704 66
705 49
706 3
707 -1
708 -1
709 -1
710 3
711 3
712 21
713 25
715 21
716 7
717 67
718 0
719 17
720 0
721 3
722 0
723 3
724 3
725 -1
726 7
727 -1
728 0
729 0
730 0
731 18
732 3
733 -1
734 49
735 -1
736 -1
737 3
738 -1
739 -1
740 0
741 -1
742 -1
743 3
744 3
745 51
746 0
747 -1
748 0
749 13
750 68
751 3
752 3
753 68
754 39
755 22
756 69
757 -1
758 3
759 3
760 -1
761 0
762 0
763 3
764 -1
765 3
766 44
767 55
768 3
769 3
770 -1
771 0
772 14
773 3
774 3
775 -1
776 0
777 14
778 31
779 0
780 0
781 0
782 -1
783 3
784 -1
785 70
786 -1
787 3
788 3
790 0
791 3
792 -1
793 7
794 3
795 -1
796 3
797 3
798 3
799 -1
800 0
801 71
802 0
803 0
804 41
805 -1
806 -1
807 -1
808 3
809 -1
810 -1
811 14
812 -1
813 0
814 -1
815 -1
816 0
817 3
818 -1
819 3
820 -1
821 17
822 54
823 38
824 -1
825 3
826 68
827 3
828 3
829 3
830 46
831 -1
832 0
833 72
834 -1
835 2
836 3
837 3
838 -1
839 0
840 0
841 -1
842 0
843 -1
844 7
845 -1
846 0
847 0
848 65
849 -1
850 3
851 3
852 0
853 0
854 3
855 -1
856 3
857 0
858 0
859 53
860 -1
861 -1
862 16
863 73
864 3
865 3
866 -1
867 0
868 71
869 -1
870 3
871 0
872 3
873 -1
874 8
875 16
876 32
877 31
878 0
879 0
880 3
881 0
882 -1
883 3
884 19
885 0
886 -1
887 3
888 0
889 -1
890 55
891 0
892 3
893 3
894 0
895 29
896 0
897 -1
898 27
899 0
900 29
901 3
902 -1
903 0
904 3
905 0
906 5
907 4
908 -1
909 32
910 0
911 0
912 3
913 36
914 3
915 -1
916 3
917 -1
918 68
919 0
920 -1
921 3
922 0
923 -1
924 -1
925 0
926 33
927 37
928 -1
929 -1
930 0
931 -1
932 6
933 0
934 18
935 3
936 3
937 3
938 50
939 0
940 68
941 35
942 3
943 3
944 0
945 72
946 37
947 3
948 56
949 -1
950 53
951 0
952 -1
953 -1
954 -1
955 25
956 -1
957 3
958 -1
959 3
960 -1
961 0
962 0
963 0
964 3
965 3
966 -1
967 0
968 3
969 0
970 86
971 3
972 7
973 3
974 0
975 57
976 37
977 -1
978 31
979 0
980 88
981 3
982 3
983 0
984 -1
985 -1
986 -1
987 0
988 32
989 0
990 0
991 -1
992 0
993 3
994 62
995 7
996 18
997 -1
998 0
999 29
1000 0
1001 87
1002 3
1003 80
1004 42
1005 -1
1006 0
1007 0
1008 7
1009 28
1010 3
1011 3
1012 -1
1013 3
1014 31
1015 7
1016 -1
1017 0
1018 3
1019 3
1020 67
1021 0
1022 7
1023 0
1024 7
1025 71
1026 3
1027 19
1028 0
1029 -1
1030 3
1031 3
1032 0
1033 3
1034 50
1035 3
1036 0
1037 3
1038 3
1039 3
1040 7
1041 -1
1042 3
1043 -1
1044 0
1045 50
1046 3
1047 3
1048 3
1049 0
1050 0
1051 0
1052 -1
1053 0
1054 3
1055 3
1056 0
1057 36
1058 -1
1059 0
1060 -1
1061 0
1062 -1
1063 3
1064 -1
1065 3
1066 3
1067 -1
1068 3
1069 74
1070 0
1071 0
1072 0
1073 0
1074 0
1075 0
1076 24
1077 0
1078 -1
1079 0
1080 0
1081 75
1082 74
1083 -1
1084 0
1085 36
1086 3
1087 70
1088 -1
1089 -1
1090 28
1091 -1
1092 74
1093 3
1094 66
1095 0
1096 3
1097 0
1098 3
1099 -1
1100 29
1101 54
1102 50
1103 0
1104 0
1105 68
1106 76
1107 -1
1108 64
1109 -1
1110 -1
1111 3
1112 3
1113 0
1114 60
1115 3
1116 3
1117 36
1118 -1
1119 3
1120 -1
1121 54
1122 3
1123 70
1124 -1
1125 0
1126 3
1127 -1
1128 5
1129 0
1130 0
1131 3
1132 49
1133 7
1134 -1
1135 7
1136 33
1137 3
1138 3
1139 3
1140 36
1141 0
1142 28
1143 77
1144 -1
1145 0
1146 54
1147 -1
1148 75
1149 0
1150 3
1151 50
1152 0
1153 14
1154 3
1155 -1
1156 -1
1157 -1
1158 -1
1159 18
1160 0
1161 19
1162 3
1163 -1
1164 -1
1165 3
1166 3
1167 3
1168 0
1169 83
1170 35
1171 28
1172 0
1173 39
1174 0
1175 3
1176 0
1177 -1
1178 24
1179 3
1180 -1
1181 3
1182 -1
1183 7
1184 0
1185 59
1186 -1
1187 0
1188 0
1189 3
1190 3
1191 3
1192 3
1193 71
1194 -1
1195 21
1196 0
1197 -1
1198 3
1199 3
1200 0
1201 -1
1202 -1
1203 57
1205 3
1206 18
1207 1
1208 47
1209 -1
1210 41
1211 -1
1212 0
1213 3
1214 18
1215 0
1216 -1
1217 3
1218 0
1219 -1
1220 54
1221 3
1222 -1
1223 9
1224 3
1225 14
1226 3
1227 29
1228 3
1229 -1
1230 -1
1231 -1
1232 0
1233 -1
1234 3
1235 3
1236 0
1237 3
1238 0
1239 0
1240 -1
1241 -1
1242 50
1243 -1
1244 0
1245 -1
1246 3
1247 30
1248 8
1249 75
1250 0
1251 3
1252 3
1253 0
1254 0
1255 22
1256 13
1257 45
1258 3
1259 3
1260 3
1261 0
1262 -1
1263 3
1264 3
1265 3
1266 0
1267 0
1268 1
1269 -1
1270 -1
1271 0
1273 3
1274 34
1275 3
1277 64
1278 -1
1279 21
1280 59
1281 0
1282 21
1283 0
1284 56
1285 3
1286 0
1287 0
1288 0
1289 22
1290 -1
1291 3
1292 29
1293 -1
1294 21
1295 28
1296 -1
1297 0
1298 3
1299 0
1300 -1
1301 75
1302 -1
1303 3
1304 49
1305 -1
1306 81
1307 0
1308 0
1309 0
1310 -1
1311 31
1312 3
1313 3
1314 -1
1315 3
1316 0
1317 85
1318 0
1319 76
1320 44
1321 41
1322 0
1323 71
1324 -1
1325 3
1326 3
1327 3
1328 5
1329 -1
1330 3
1331 22
1332 -1
1333 0
1334 0
1335 27
1336 0
1337 -1
1338 -1
1339 0
1340 -1
1341 0
1342 -1
1343 -1
1344 -1
1345 -1
1346 3
1347 3
1348 3
1349 0
1350 0
1351 0
1352 21
1353 28
1354 -1
1355 0
1356 3
1357 22
1358 3
1359 0
1360 24
1361 0
1362 -1
1363 78
1364 -1
1365 -1
1366 -1
1367 0
1368 3
1369 3
1370 3
1371 3
1372 -1
1373 72
1374 3
1375 0
1376 -1
1377 -1
1378 -1
1379 0
1380 3
1381 -1
1382 0
1383 0
1384 -1
1385 75
1386 26
1387 68
1388 0
1389 -1
1390 69
1391 0
1392 0
1393 3
1394 0
1396 3
1397 3
1398 0
1399 2
1400 78
1401 -1
1402 68
1403 31
1404 3
1405 0
1406 -1
1407 0
1408 3
1409 3
1410 81
1411 38
1412 3
1413 3
1414 3
1415 0
1416 0
1417 0
1418 3
1419 0
1420 3
1421 0
1422 32
1423 -1
1425 69
1426 0
1427 0
1428 -1
1429 -1
1430 57
1431 3
1432 -1
1433 -1
1434 70
1435 14
1436 3
1437 3
1438 0
1439 1
1440 -1
1441 0
1442 79
1443 45
1444 -1
1445 0
1446 68
1447 0
1448 9
1449 3
1450 37
1451 0
1452 0
1453 3
1454 41
1455 34
1456 3
1457 3
1458 3
1459 0
1460 2
1461 43
1463 3
1464 44
1465 3
1466 0
1467 10
1468 0
1469 -1
1470 20
1471 64
1472 66
1473 0
1474 -1
1475 3
1476 3
1477 -1
1478 71
1479 -1
1480 0
1481 3
1482 38
1483 0
1484 50
1485 3
1486 3
1487 0
1488 -1
1489 -1
1490 -1
1491 -1
1493 25
1494 3
1495 3
1496 3
1497 0
1498 0
1499 3
1500 -1
1501 70
1502 3
1503 71
1504 0
1505 19
1506 59
1507 -1
1508 -1
1509 3
1510 3
1511 34
1512 -1
1513 3
1514 -1
1515 3
1516 27
1517 16
1518 -1
1519 39
1520 -1
1521 0
1522 30
1523 -1
1524 3
1525 3
1526 0
1527 -1
1528 -1
1529 7
1530 -1
1531 -1
1532 -1
1533 3
1534 2
1535 3
1536 3
1537 3
1538 5
1539 0
1540 50
1541 -1
1542 3
1543 75
1544 3
1545 -1
1546 3
1547 -1
1548 0
1549 -1
1550 0
1551 -1
1552 12
1553 3
1554 3
1555 0
1556 0
1557 3
1558 7
1559 0
1560 -1
1561 0
1562 -1
1563 0
1564 3
1565 0
1566 55
1567 0
1568 64
1569 0
1570 3
1571 18
1572 -1
1573 -1
1574 -1
1575 7
1576 3
1577 0
1578 -1
1579 3
1580 3
1581 0
1582 3
1583 0
1584 3
1585 3
1586 3
1587 48
1588 67
1589 0
1590 3
1591 3
1592 0
1593 -1
1594 0
1595 -1
1596 3
1597 0
1598 3
1599 3
1600 3
1601 -1
1602 -1
1603 3
1604 45
1605 49
1606 -1
1607 36
1608 3
1609 0
1610 60
1611 78
1612 34
1613 9
1614 0
1615 30
1616 67
1617 0
1618 -1
1619 -1
1620 3
1621 3
1622 3
1623 59
1624 3
1625 3
1626 -1
1627 3
1628 3
1629 83
1630 6
1631 3
1632 3
1633 -1
1634 86
1635 3
1636 0
1637 9
1638 3
1639 -1
1640 0
1641 3
1642 0
1643 0
1644 3
1645 3
1646 3
1647 31
1648 3
1649 3
1650 -1
1651 20
1652 3
1653 3
1654 3
1655 3
1656 21
1657 0
1658 -1
1659 29
1660 18
1661 31
1662 0
1663 0
1664 3
1665 7
1666 0
1667 -1
1668 0
1669 72
1670 -1
1671 64
1672 -1
1673 60
1674 29
1675 0
1676 4
1677 8
1678 3
1679 -1
1680 3
1681 -1
1682 0
1683 -1
1684 -1
1685 88
1686 0
1688 3
1689 0
1690 0
1691 -1
1692 0
1693 0
1694 76
1695 3
1696 -1
1697 -1
1698 0
1699 0
1700 22
1701 -1
1702 50
1703 0
1704 3
1705 -1
1706 -1
1707 -1
1708 76
1709 -1
1710 0
1711 3
1712 -1
1713 3
1714 -1
1715 31
1716 25
1717 3
1718 3
1719 40
1720 3
1721 87
1722 3
1723 0
1725 66
1726 0
1727 -1
1728 71
1729 13
1730 0
1731 0
1732 3
1733 0
1734 40
1735 3
1736 0
1737 0
1738 0
1739 0
1740 -1
1741 56
1742 -1
1743 -1
1744 0
1745 0
1746 67
1747 21
1748 0
1749 -1
1750 0
1751 -1
1752 -1
1753 -1
1754 -1
1755 0
1756 0
1757 70
1758 3
1759 3
1760 0
1761 23
1762 3
1763 3
1764 3
1765 -1
1766 3
1767 3
1768 -1
1770 -1
1771 3
1772 3
1773 0
1774 78
1775 3
1776 -1
1777 0
1778 71
1779 0
1780 3
1781 80
1782 -1
1783 -1
1784 0
1785 0
1786 -1
1787 -1
1788 0
1789 3
1790 3
1791 -1
1792 81
1793 -1
1794 50
1795 9
1796 0
1797 54
1798 3
1799 -1
1800 3
1801 29
1802 50
1803 16
1804 0
1805 -1
1806 0
1807 16
1808 0
1809 19
1810 7
1811 0
1812 3
1813 -1
1814 49
1815 3
1816 3
1817 -1
1818 23
1819 -1
1820 0
1821 3
1822 76
1823 33
1824 3
1825 0
1826 0
1827 0
1828 0
1829 3
1830 -1
1831 1
1832 51
1833 68
1834 0
1835 22
1836 3
1837 32
1838 0
1839 0
1840 0
1841 -1
1842 3
1843 0
1844 -1
1845 -1
1846 -1
1847 0
1848 20
1849 -1
1850 -1
1851 0
1852 0
1853 3
1854 3
1855 3
1856 0
1857 0
1858 3
1859 -1
1860 0
1861 23
1862 -1
1863 0
1864 -1
1865 79
1866 -1
1867 13
1868 3
1869 72
1870 71
1871 -1
1872 8
1873 7
1874 0
1875 10
1876 -1
1877 0
1878 3
1879 51
1881 -1
1882 0
1883 3
1884 -1
1885 0
1886 -1
1887 -1
1888 62
1889 7
1890 7
1891 -1
1892 -1
1893 -1
1894 0
1895 3
1896 0
1897 13
1898 0
1899 0
1900 -1
1901 0
1902 0
1903 27
1904 3
1905 47
1906 3
1907 15
1908 -1
1909 -1
1910 3
1911 0
1912 3
1913 35
1914 0
1915 0
1916 3
1917 57
1918 3
1919 3
1920 3
1921 3
1922 0
1923 18
1924 -1
1925 -1
1926 52
1927 -1
1928 21
1929 88
1930 -1
1931 3
1932 0
1933 -1
1934 3
1935 3
1936 18
1937 3
1938 -1
1939 -1
1940 3
1941 3
1942 0
1943 0
1944 3
1945 0
1946 0
1947 7
1948 -1
1949 -1
1950 -1
1951 0
1952 3
1953 -1
1954 -1
1955 3
1956 47
1957 0
1958 18
1959 0
1960 63
1961 -1
1962 81
1963 0
1964 -1
1965 -1
1966 3
1967 39
1968 3
1969 24
1970 3
1971 -1
1972 13
1973 43
1974 77
1975 58
1976 3
1977 3
1978 0
1979 0
1980 3
1981 18
1982 11
1983 3
1984 -1
1985 -1
1986 3
1987 0
1988 -1
1989 3
1990 3
1991 14
1992 0
1993 -1
1994 0
1995 3
1996 3
1997 -1
1998 13
1999 0
2000 -1
2001 0
2002 0
2003 3
2004 0
2005 -1
2006 3
2007 0
2008 34
2009 0
2010 -1
2011 43
2012 78
2013 -1
2014 0
2015 -1
2016 -1
2017 3
2018 -1
2019 0
2020 47
2021 3
2022 0
2023 0
2024 3
2025 82
2026 7
2027 -1
2028 3
2029 0
2030 0
2031 58
2032 3
2033 7
2034 14
2035 8
2036 3
2037 23
2038 3
2039 3
2040 0
2041 0
2042 3
2043 21
2044 -1
2045 3
2046 79
2047 3
2048 3
2049 0
2050 3
2051 0
2052 3
2053 7
2054 -1
2055 -1
2056 -1
2057 0
2058 -1
2059 3
2060 58
2061 50
2062 3
2063 3
2064 29
2065 -1
2066 3
2067 0
2068 3
2069 14
2070 0
2071 -1
2072 57
2073 32
2074 0
2075 3
2076 -1
2077 3
2078 8
2079 3
2080 -1
2081 3
2082 21
2083 0
2084 -1
2085 3
2086 0
2087 3
2088 -1
2089 3
2090 -1
2091 0
2092 59
2093 3
2094 -1
2095 0
2096 3
2097 -1
2098 -1
2099 -1
2100 0
2101 -1
2102 18
2103 3
2104 -1
2105 3
2106 0
2107 3
2108 3
2109 -1
2110 -1
2111 -1
2112 -1
2113 0
2114 65
2115 -1
2116 0
2117 3
2118 20
2119 0
2120 18
2121 -1
2122 3
2123 0
2124 31
2125 3
2126 0
2127 63
2128 36
2129 0
2130 0
2131 3
2132 3
2133 -1
2134 0
2135 -1
2136 3
2137 47
2138 3
2139 -1
2140 3
2141 0
2142 3
2143 0
2144 3
2145 3
2146 -1
2147 -1
2148 -1
2149 0
2150 -1
2151 0
2152 3
2153 -1
2154 3
2155 83
2156 -1
2157 0
2158 0
2159 29
2160 75
2161 76
2162 0
2163 0
2164 3
2165 60
2166 58
2167 -1
2168 3
2169 18
2170 73
2171 2
2172 49
2173 3
2174 3
2175 -1
2176 -1
2177 -1
2178 0
2179 83
2180 0
2181 3
2182 3
2183 3
2184 3
2185 -1
2186 0
2187 0
2188 2
2189 31
2190 3
2191 3
2192 57
2193 -1
2194 0
2195 -1
2196 3
2197 0
2198 3
2199 -1
2200 -1
2201 0
2202 0
2203 82
2204 14
2205 3
2207 -1
2208 -1
2209 3
2211 -1
2212 -1
2213 3
2214 -1
2215 3
2216 0
2217 -1
2218 3
2219 3
2220 -1
2221 14
2222 3
2223 3
2224 84
2225 8
2226 13
2227 7
2228 3
2229 -1
2230 85
2231 3
2232 -1
2233 0
2234 3
2235 -1
2236 3
2237 3
2238 3
2239 3
2240 26
2241 3
2242 3
2243 24
2244 0
2245 -1
2246 10
2247 60
2248 -1
2249 3
2250 49
2251 3
2252 -1
2253 -1
2254 -1
2255 0
2256 3
2257 3
2258 0
2260 3
2261 37
2262 63
2263 18
2264 3
2265 26
2266 21
2267 -1
2268 3
2269 0
2270 39
2271 3
2272 0
2273 3
2274 -1
2275 0
2276 3
2277 3
2278 0
2279 0
2280 3
2281 3
2282 26
2283 3
2284 -1
2285 -1
2286 15
2287 -1
2288 -1
2289 -1
2290 -1
2291 3
2292 3
2293 3
2294 -1
2295 -1
2296 0
2297 64
2298 46
2299 3
2300 71
2301 0
2302 -1
2303 -1
2304 0
2305 -1
2306 -1
2307 -1
2309 -1
2310 0
2311 82
2312 3
2313 65
2314 3
2315 3
2316 0
2317 3
2318 -1
2319 85
2320 3
2321 -1
2322 -1
2323 -1
2324 -1
2325 -1
2327 -1
2328 0
2329 0
2330 0
2331 -1
2332 -1
2333 3
2334 -1
2335 -1
2336 -1
2337 0
2338 0
2339 3
2340 0
2341 23
2342 3
2343 -1
2344 -1
2345 0
2346 8
2347 3
2348 40
2349 -1
2350 -1
2351 74
2352 3
2353 3
2354 -1
2355 76
2356 0
2357 3
2358 -1
2359 0
2360 3
2361 48
2362 57
2363 3
2364 -1
2365 -1
2366 0
2367 0
2368 23
2369 3
2370 3
2371 0
2372 -1
2373 0
2374 -1
2375 62
2376 3
2377 3
2378 3
2379 -1
2380 18
2382 29
2383 -1
2384 -1
2385 0
2386 -1
2387 3
2388 3
2389 3
2390 -1
2391 7
2392 19
2393 3
2394 3
2395 0
2396 0
2398 0
2399 3
2400 0
2401 0
2402 -1
2403 0
2404 3
2405 0
2406 0
2407 -1
2408 3
2409 -1
2410 3
2411 0
2412 3
2413 3
2414 27
2415 -1
2416 3
2417 3
2418 3
2419 41
2420 3
2421 3
2422 3
2423 0
2424 3
2425 0
2426 0
2427 71
2428 -1
2429 -1
2430 0
2431 3
2432 -1
2433 0
2434 3
2435 0
2436 3
2437 71
2438 19
2439 17
2440 3
2441 3
2442 -1
2443 18
2444 0
2445 23
2446 0
2447 0
2448 42
2449 0
2450 -1
2451 0
2452 -1
2453 3
2454 -1
2455 3
2456 25
2457 -1
2458 -1
2459 0
2460 0
2461 -1
2462 -1
2463 3
2464 0
2465 0
2466 82
2467 3
2468 0
2469 0
2470 -1
2471 3
2472 -1
2473 71
2474 -1
2475 38
2476 -1
2477 0
2478 77
2479 8
2480 64
2481 3
2482 3
2483 0
2484 -1
2485 3
2486 3
2487 72
2488 0
2489 3
2490 50
2491 3
2492 3
2493 0
2494 22
2495 -1
2496 71
2497 14
2498 3
2499 38
2500 0
2501 0
2503 0
2504 3
2505 3
2506 3
2507 3
2508 3
2509 -1
2510 17
2511 -1
2512 -1
2513 3
2514 3
2515 -1
2516 -1
2517 77
2518 14
2519 -1
2520 3
2521 84
2522 -1
2523 -1
2524 80
2525 2
2526 0
2527 86
2528 -1
2529 3
2530 -1
2531 -1
2532 -1
2533 0
2534 59
2535 64
2536 54
2537 3
2538 78
2539 39
2540 0
2541 0
2542 -1
2543 88
2544 0
2545 3
2546 0
2547 -1
2548 0
2549 3
2550 75
2551 3
2552 0
2553 -1
2554 29
2555 0
2556 7
2557 24
2558 18
2559 0
2560 27
2561 0
2562 62
2563 17
2564 47
2565 30
2566 0
2567 -1
2568 28
2569 -1
2570 -1
2571 2
2572 -1
2573 0
2574 0
2575 -1
2576 -1
2577 56
2578 -1
2579 -1
2580 -1
2581 23
2582 0
2583 0
2584 7
2585 -1
2586 0
2587 14
2588 -1
2589 3
2590 0
2591 -1
2592 -1
2593 0
2595 3
2596 3
2597 -1
2598 0
2599 0
2600 3
2601 23
2602 3
2603 3
2604 29
2605 3
2606 -1
2608 -1
2609 0
2610 47
2611 0
2612 -1
2613 33
2614 59
2615 3
2616 0
2617 69
2618 0
2619 0
2620 3
2621 0
2622 -1
2623 6
2624 51
2625 3
2626 0
2627 80
2628 0
2629 40
2630 0
2631 11
2632 3
2633 0
2634 -1
2635 0
2636 -1
2637 0
2638 63
2639 0
2640 3
2641 0
2642 0
2643 0
2644 0
2645 6
2646 0
2647 62
2648 0
2649 3
2650 3
2651 3
2652 3
2653 4
2654 3
2655 -1
2656 0
2657 -1
2658 -1
2659 0
2660 -1
2661 -1
2662 3
2663 3
2665 -1
2666 0
2667 3
2668 -1
2669 3
2670 -1
2671 3
2672 74
2673 5
2674 76
2675 0
2676 0
2677 3
2678 87
2679 3
2680 -1
2681 -1
2682 0
2683 -1
2684 77
2685 0
2686 0
2687 3
2688 3
2689 22
2690 -1
2691 -1
2692 70
2693 3
2694 3
2695 3
2696 0
2697 -1
2698 3
2699 50
2700 0
2701 53
2702 0
2703 37
2704 3
2705 -1
2706 3
2707 71
2708 -1
2709 39
2710 3
2711 0
2712 -1
2713 0
2714 3
2715 0
2716 -1
2717 39
2718 3
2719 -1
2720 -1
2721 21
2722 0
2723 0
2724 0
2725 3
2727 9
2728 -1
2729 70
2730 3
2731 -1
2732 19
2733 -1
2734 0
2735 3
2736 3
2737 0
2738 20
2739 76
2740 3
2741 22
2742 3
2743 14
2744 0
2745 0
2746 -1
2747 -1
2748 -1
2749 -1
2750 3
2751 0
2752 0
2753 3
2754 0
2755 3
2756 3
2757 -1
2758 -1
2759 0
2760 3
2761 31
2762 -1
2763 3
2764 -1
2765 0
2766 3
2767 3
2768 68
2769 3
2770 -1
2771 0
2773 -1
2774 0
2775 0
2776 25
2777 0
2778 -1
2779 0
2780 0
2781 3
2782 -1
2783 3
2784 40
2785 29
2786 3
2787 -1
2788 72
2789 -1
2790 -1
2791 3
2792 56
2793 3
2794 0
2795 -1
2796 3
2797 0
2798 -1
2799 65
2800 3
2801 79
2802 0
2803 0
2804 -1
2805 0
2806 55
2807 3
2808 -1
2809 -1
2810 3
2811 10
2812 0
2813 22
2814 0
2815 25
2816 -1
2817 -1
2818 79
2819 3
2820 0
2821 -1
2822 -1
2823 57
2824 3
2825 3
2826 57
2827 87
2828 0
2829 0
2830 0
2831 87
2832 31
2833 21
2834 3
2835 8
2836 3
2837 70
2838 -1
2839 2
2840 -1
2841 -1
2842 12
2843 53
2844 -1
2845 39
2846 0
2847 -1
2848 3
2849 3
2850 8
2851 0
2852 2
2853 18
2854 -1
2855 0
2856 0
2857 0
2858 -1
2859 -1
2860 0
2861 71
2862 3
2863 0
2864 3
2865 3
2866 0
2867 3
2868 3
2869 -1
2870 29
2871 3
2872 35
2873 11
2874 3
2875 3
2876 2
2877 0
2878 62
2879 -1
2880 3
2881 -1
2882 0
2883 0
2884 3
2885 31
2886 3
2887 -1
2888 50
2889 -1
2890 0
2891 0
2892 -1
2893 -1
2894 0
2895 17
2896 3
2897 3
2898 3
2899 -1
2900 -1
2901 3
2902 0
2903 0
2904 0
2905 0
2906 -1
2907 3
2908 3
2909 72
2910 3
2911 -1
2912 3
2913 -1
2914 -1
2915 0
2916 0
2917 3
2918 84
2919 0
2920 -1
2921 64
2922 7
2923 3
2924 -1
2925 3
2926 3
2927 0
2928 3
2929 3
2930 3
2931 -1
2932 49
2933 43
2934 -1
2935 3
2936 -1
2937 0
2938 23
2939 3
2940 3
2941 0
2942 3
2943 60
2944 4
2945 3
2946 -1
2947 0
2948 21
2949 3
2950 -1
2951 0
2952 79
2953 3
2954 43
2955 -1
2956 -1
2957 0
2958 0
2960 0
2961 30
2962 -1
2963 42
2964 29
2965 -1
2966 3
2967 3
2968 0
2969 1
2970 -1
2971 56
2972 -1
2973 3
2974 0
2975 3
2976 18
2977 -1
2978 0
2979 -1
2980 3
2981 3
2982 -1
2983 3
2984 -1
2985 0
2986 60
2987 -1
2988 11
2989 0
2990 -1
2991 7
2992 14
2993 3
2994 3
2995 3
2996 -1
2997 3
2998 3
2999 -1
3000 16
3001 0
3002 3
3003 -1
3004 -1
3005 0
3006 37
3007 3
3008 49
3009 -1
3010 0
3011 -1
3012 -1
3013 0
3014 14
3015 3
3016 0
3017 -1
3018 3
3019 0
3020 3
3021 0
3022 3
3023 0
3024 3
3025 -1
3027 1
3028 -1
3029 3
3030 -1
3031 -1
3032 0
3033 -1
3034 25
3035 84
3036 3
3037 0
3038 3
3039 -1
3040 3
3041 34
3042 3
3043 -1
3044 -1
3045 -1
3046 3
3047 3
3048 -1
3049 57
3050 -1
3051 0
3052 11
3053 3
3054 0
3055 64
3056 3
3057 -1
3058 57
3059 3
3060 61
3062 0
3063 0
3064 -1
3065 3
3066 -1
3067 7
3068 -1
3069 -1
3070 0
3071 3
3072 -1
3073 -1
3074 0
3075 5
3076 0
3077 14
3078 36
3079 3
3080 3
3081 3
3082 -1
3083 14
3084 3
3085 3
3087 0
3088 -1
3089 0
3090 24
3091 64
3092 0
3093 0
3094 25
3095 3
3096 0
3097 42
3098 0
3099 0
3100 17
3101 -1
3102 3
3103 14
3104 3
3105 -1
3106 3
3107 0
3108 0
3109 3
3110 75
3111 -1
3112 3
3113 0
3114 -1
3115 -1
3116 73
3117 3
3118 0
3119 3
3120 62
3121 41
3122 0
3123 3
3124 3
3125 -1
3126 8
3127 7
3128 3
3129 0
3130 0
3131 -1
3132 0
3133 3
3134 -1
3135 3
3136 3
3137 63
3138 -1
3139 48
3140 3
3141 -1
3142 0
3143 -1
3144 78
3145 3
3146 18
3147 0
3148 3
3149 18
3150 -1
3151 0
3152 3
3153 3
3154 50
3155 3
3156 -1
3157 3
3158 -1
3159 -1
3160 3
3161 8
3162 0
3163 3
3164 0
3165 87
3166 0
3167 3
3168 -1
3169 62
3170 3
3171 -1
3172 0
3173 3
3174 3
3175 -1
3176 -1
3177 0
3178 -1
3179 51
3180 -1
3181 -1
3182 0
3183 0
3184 -1
3185 3
3186 0
3187 0
3188 -1
3189 3
3190 -1
3191 3
3192 0
3194 -1
3195 -1
3196 -1
3197 -1
3198 82
3199 -1
3200 3
3201 3
3202 -1
3203 3
3204 3
3205 0
3206 57
3207 -1
3208 60
3209 3
3210 3
3211 0
3212 -1
3213 3
3214 -1
3215 -1
3216 3
3217 -1
3218 3
3219 -1
3220 -1
3222 3
3223 0
3224 -1
3225 -1
3226 8
3227 -1
3228 8
3229 0
3230 0
3231 -1
3232 0
3233 -1
3234 71
3235 0
3236 79
3237 -1
3238 0
3239 3
3240 14
3241 0
3242 0
3243 51
3244 0
3245 51
3246 0
3247 -1
3248 21
3249 -1
3250 -1
3252 3
3253 43
3254 20
3255 3
3256 65
3257 75
3258 31
3259 3
3260 -1
3261 -1
3262 0
3263 -1
3264 -1
3265 -1
3267 0
3268 3
3269 0
3270 0
3271 3
3272 0
3273 3
3274 3
3276 3
3277 -1
3278 -1
3279 3
3280 0
3281 -1
3282 -1
3283 -1
3284 3
3285 53
3286 -1
3287 14
3288 28
3289 -1
3290 0
3291 22
3292 -1
3293 -1
3294 -1
3295 29
3296 -1
3297 0
3298 -1
3299 3
3300 -1
3301 0
3302 0
3303 0
3304 0
3305 -1
3306 0
3307 3
3308 3
3309 0
3310 3
3311 58
3312 0
3313 -1
3314 3
3315 0
3316 31
3317 0
3318 0
3319 21
3320 0
3321 5
3322 3
3323 47
3324 0
3325 -1
3326 0
3327 0
3328 -1
3329 71
3330 -1
3331 3
3332 3
3333 3
3334 4
3335 0
3336 68
3338 3
3339 -1
3340 44
3341 9
3342 0
3343 3
3344 3
3345 -1
3346 0
3347 -1
3348 3
3349 -1
3350 3
3351 3
3352 -1
3353 3
3354 0
3355 -1
3356 -1
3357 3
3358 -1
3359 27
3360 -1
3361 70
3362 -1
3363 29
3364 0
3365 39
3366 83
3367 3
3368 3
3369 3
3370 -1
3371 71
3372 64
3373 3
3374 86
3375 21
3376 -1
3377 3
3378 0
3379 -1
3380 -1
3381 -1
3382 3
3383 0
3385 -1
3386 3
3387 3
3388 -1
3389 -1
3390 0
3391 3
3392 3
3393 3
3394 27
3395 -1
3396 31
3397 34
3398 0
3399 7
3400 0
3401 50
3402 3
3403 -1
3405 3
3406 0
3407 0
3408 0
3409 0
3410 -1
3411 -1
3412 3
3413 41
3414 25
3415 -1
3416 3
3417 0
3418 3
3419 3
3420 53
3421 3
3422 14
3423 56
3424 -1
3425 0
3426 4
3427 3
3428 -1
3429 3
3430 3
3431 3
3432 0
3433 8
3434 0
3435 21
3436 -1
3437 57
3438 3
3439 17
3440 3
3441 17
3442 3
3443 -1
3444 0
3445 3
3446 -1
3447 61
3448 3
3449 0
3450 0
3451 -1
3452 3
3454 -1
3455 76
3456 3
3457 -1
3458 -1
3459 7
3460 71
3461 48
3462 45
3463 3
3464 7
3465 3
3466 -1
3467 85
3468 -1
3469 -1
3470 0
3471 0
3472 51
3473 51
3474 0
3475 -1
3476 3
3477 -1
3478 59
3479 35
3480 -1
3481 0
3482 0
3483 -1
3484 3
3485 3
3486 -1
3487 49
3488 3
3489 17
3490 3
3491 3
3493 38
3494 -1
3495 76
3496 -1
3497 -1
3498 0
3499 -1
3500 3
3501 -1
3502 60
3503 0
3504 87
3505 8
3506 -1
3507 2
3508 -1
3509 -1
3510 0
3511 0
3512 -1
3513 0
3514 -1
3515 3
3516 33
3517 -1
3519 29
3520 -1
3521 3
3522 0
3523 50
3525 0
3526 0
3527 -1
3528 3
3529 3
3530 0
3531 3
3532 -1
3533 30
3534 0
3535 0
3536 3
3537 0
3538 0
3539 -1
3540 30
3541 0
3542 0
3543 3
3544 0
3545 3
3546 3
3547 7
3548 0
3549 -1
3550 -1
3551 26
3552 -1
3553 48
3554 21
3555 0
3556 6
3557 0
3558 -1
3559 3
3560 -1
3561 -1
3562 11
3563 0
3564 3
3565 62
3566 3
3567 3
3568 0
3569 0
3570 8
3571 -1
3572 3
3573 0
3575 3
3576 -1
3577 3
3578 -1
3579 3
3580 55
3581 -1
3582 45
3583 3
3584 3
3585 3
3586 0
3587 -1
3588 -1
3589 3
3590 0
3591 -1
3592 8
3593 3
3594 3
3595 -1
3596 3
3597 0
3598 52
3599 0
3600 70
3601 30
3602 3
3603 72
3604 0
3605 3
3606 -1
3607 14
3608 72
3609 0
3610 -1
3611 3
3612 -1
3613 3
3614 48
3615 3
3616 3
3617 82
3618 3
3619 -1
3620 0
3621 3
3622 -1
3623 -1
3624 -1
3625 3
3626 3
3627 23
3628 35
3629 7
3630 3
3631 -1
3632 -1
3633 3
3634 3
3636 84
3637 0
3638 0
3639 3
3640 9
3641 0
3642 3
3644 60
3645 -1
3646 0
3647 0
3648 -1
3649 -1
3650 38
3651 -1
3652 50
3653 3
3654 -1
3655 41
3656 -1
3657 63
3658 85
3659 63
3660 -1
3661 85
3662 0
3663 3
3664 68
3665 0
3666 39
3667 0
3668 80
3669 3
3670 3
3671 15
3672 6
3673 12
3674 3
3675 3
3676 -1
3677 -1
3678 0
3679 0
3680 -1
3681 -1
3682 -1
3683 -1
3684 3
3685 0
3686 39
3688 3
3689 -1
3690 54
3691 0
3692 3
3693 3
3694 19
3695 0
3696 3
3697 3
3698 -1
3699 0
3700 12
3701 0
3702 3
3703 14
3704 3
3705 -1
3706 -1
3707 -1
3708 80
3709 -1
3710 3
3711 -1
3712 -1
3713 45
3714 82
3715 3
3716 0
3717 -1
3719 3
3720 3
3721 -1
3722 -1
3723 -1
3724 -1
3725 -1
3726 3
3727 29
3728 0
3729 64
3730 3
3731 -1
3732 0
3733 3
3734 -1
3735 3
3736 0
3737 3
3738 -1
3739 0
3740 -1
3741 -1
3742 0
3743 59
3744 8
3745 3
3746 0
3747 3
3748 3
3749 -1
3750 49
3751 -1
3752 29
3753 0
3754 -1
3755 3
3756 3
3757 0
3758 12
3759 0
3760 73
3761 0
3762 36
3763 3
3764 3
3765 3
3766 52
3767 3
3768 3
3769 0
3770 0
3771 3
3772 -1
3773 3
3774 3
3775 82
3776 3
3777 -1
3778 3
3779 -1
3780 -1
3781 -1
3782 0
3783 10
3784 -1
3785 7
3786 3
3787 -1
3788 -1
3789 8
3790 3
3791 51
3792 -1
3793 71
3794 60
3795 -1
3796 3
3797 16
3798 0
3799 -1
3800 0
3801 -1
3802 0
3803 -1
3804 -1
3805 0
3806 3
3807 -1
3808 8
3809 -1
3811 3
3812 -1
3813 0
3814 3
3815 -1
3816 0
3817 0
3818 3
3819 0
3820 0
3821 -1
3822 0
3823 -1
3824 3
3825 -1
3826 3
3827 88
3828 3
3829 -1
3830 39
3831 -1
3832 31
3833 3
3834 0
3836 0
3837 3
3838 3
3839 3
3840 0
3841 -1
3842 70
3843 67
3844 72
3845 3
3846 23
3847 4
3848 61
3849 0
3850 -1
3851 -1
3852 -1
3853 0
3854 0
3855 3
3856 40
3857 -1
3858 0
3859 17
3860 -1
3861 0
3862 -1
3863 3
3864 0
3865 49
3866 -1
3867 48
3868 -1
3869 3
3870 -1
3871 21
3872 -1
3873 0
3874 3
3875 -1
3876 -1
3877 -1
3878 0
3879 3
3880 -1
3881 47
3882 -1
3883 3
3884 -1
3885 -1
3886 64
3887 85
3888 -1
3889 0
3890 3
3891 -1
3892 -1
3893 3
3894 0
3895 51
3896 74
3897 57
3898 60
3899 3
3901 32
3902 0
3904 56
3905 3
3906 3
3907 -1
3908 3
3909 -1
3910 -1
3911 3
3912 0
3913 3
3914 -1
3915 -1
3916 -1
3917 -1
3918 0
3919 -1
3920 3
3921 3
3922 0
3923 4
3924 50
3925 0
3926 76
3927 50
3928 3
3929 51
3930 47
3931 -1
3932 0
3933 3
3934 8
3935 31
3936 0
3938 0
3939 -1
3940 39
3941 0
3943 -1
3944 3
3945 0
3946 -1
3947 -1
3948 -1
3949 3
3950 43
3951 -1
3952 3
3953 3
3954 3
3955 42
3956 3
3957 -1
3958 0
3959 63
3960 -1
3961 3
3962 0
3963 0
3964 3
3965 52
3966 3
3967 -1
3968 -1
3969 0
3970 3
3971 81
3972 3
3973 0
3974 -1
3975 -1
3976 -1
3977 -1
3978 -1
3979 -1
3980 3
3981 5
3982 71
3983 -1
3984 0
3985 -1
3986 3
3987 -1
3988 -1
3989 3
3990 3
3991 3
3992 0
3993 0
3994 3
3995 3
3996 3
3997 3
3998 3
3999 29
4000 7
4001 3
4002 3
4003 3
4004 61
4005 0
4006 -1
4007 3
4008 0
4009 49
4010 0
4011 3
4012 69
4013 3
4014 25
4015 -1
4016 3
4017 0
4018 -1
4019 -1
4020 0
4021 -1
4022 -1
4023 3
4024 3
4025 6
4026 74
4027 -1
4028 75
4029 -1
4030 0
4031 0
4032 0
4033 3
4034 38
4035 84
4036 0
4037 3
4038 -1
4039 -1
4040 -1
4041 3
4042 0
4043 0
4044 3
4045 -1
4046 -1
4047 0
4048 0
4049 0
4050 14
4051 3
4052 -1
4053 -1
4054 3
4055 -1
4056 3
4057 0
4058 3
4059 15
4060 0
4061 -1
4062 0
4063 -1
4064 0
4065 3
4066 0
4067 3
4068 3
4069 3
4070 8
4071 64
4072 21
4073 42
4074 0
4075 0
4076 3
4077 0
4078 -1
4079 -1
4080 46
4081 0
4082 74
4083 -1
4084 -1
4085 -1
4086 3
4087 29
4088 0
4089 3
4090 70
4091 3
4092 3
4093 3
4094 3
4095 3
4096 3
4097 0
4098 -1
4100 -1
4101 0
4102 63
4104 3
4105 -1
4106 3
4107 0
4108 3
4109 22
4110 0
4111 55
4112 0
4113 3
4114 27
4115 -1
4116 49
4117 0
4118 -1
4119 3
4120 -1
4121 15
4122 3
4123 0
4124 -1
4125 0
4126 0
4127 14
4128 -1
4129 3
4130 64
4131 14
4132 0
4133 -1
4134 3
4135 3
4137 -1
4138 3
4139 -1
4140 -1
4141 0
4142 0
4143 22
4144 -1
4145 51
4146 46
4147 -1
4148 25
4149 3
4150 3
4151 0
4152 51
4153 29
4154 0
4155 0
4156 0
4157 -1
4158 3
4159 3
4160 3
4161 3
4162 9
4163 3
4164 -1
4165 0
4166 -1
4167 -1
4168 0
4169 0
4170 -1
4171 0
4172 0
4173 23
4174 0
4175 -1
4176 0
4177 0
4178 0
4179 -1
4180 7
4181 0
4182 3
4183 3
4184 51
4185 3
4186 0
4187 8
4188 7
4189 -1
4190 3
4191 0
4192 72
4193 3
4194 3
4195 0
4196 -1
4197 -1
4198 0
4199 0
4200 32
4201 0
4202 56
4203 3
4204 -1
4205 3
4206 0
4207 3
4208 0
4209 16
4210 -1
4211 46
4212 71
4213 3
4214 3
4215 3
4216 -1
4218 3
4219 3
4220 0
4221 18
4222 3
4223 0
4224 64
4225 0
4226 0
4227 -1
4228 37
4229 -1
4230 -1
4231 3
4232 39
4233 3
4234 -1
4235 3
4236 -1
4237 -1
4238 -1
4239 -1
4240 3
4241 -1
4242 -1
4243 -1
4244 19
4245 80
4246 53
4247 69
4248 28
4249 21
4250 -1
4251 3
4252 3
4253 -1
4254 3
4255 3
4256 3
4257 3
4258 -1
4259 -1
4260 0
4261 -1
4263 3
4264 0
4265 -1
4266 3
4267 74
4268 -1
4269 0
4270 0
4272 16
4273 -1
4274 -1
4275 0
4276 -1
4277 0
4278 3
4279 -1
4280 -1
4281 3
4282 3
4283 3
4284 0
4285 -1
4286 0
4287 3
4288 3
4289 84
4290 3
4291 7
4292 33
4293 -1
4294 0
4295 -1
4296 -1
4297 3
4298 -1
4299 0
4300 3
4301 -1
4302 0
4303 0
4304 38
4305 3
4306 3
4307 9
4308 77
4309 0
4310 -1
4311 -1
4312 3
4313 -1
4314 -1
4315 3
4316 0
4317 37
4318 3
4319 3
4320 -1
4321 -1
4322 0
4323 0
4324 3
4325 -1
4326 -1
4327 3
4328 -1
4329 3
4330 0
4331 -1
4332 18
4333 84
4334 -1
4335 3
4336 -1
4337 14
4338 84
4339 37
4340 2
4341 77
4342 -1
4343 0
4344 55
4345 52
4346 0
4347 0
4348 3
4349 56
4350 -1
4351 0
4352 0
4353 0
4354 -1
4355 42
4356 0
4357 0
4358 3
4359 3
4360 64
4361 3
4362 0
4363 -1
4364 65
4365 3
4366 62
4367 0
4369 0
4370 -1
4371 -1
4372 -1
4373 0
4374 -1
4375 0
4376 0
4377 -1
4378 0
4379 -1
4380 0
4381 72
4382 3
4383 3
4384 0
4385 -1
4386 3
4387 82
4388 -1
4390 0
4391 0
4392 3
4393 3
4394 71
4395 0
4396 -1
4397 75
4398 -1
4399 3
4400 0
4401 79
4402 -1
4403 -1
4404 -1
4405 -1
4406 -1
4407 -1
4408 38
4409 8
4410 25
4411 3
4412 66
4413 0
4415 -1
4416 -1
4417 3
4418 3
4419 11
4420 -1
4421 3
4422 -1
4423 27
4424 0
4425 -1
4426 72
4427 0
4428 -1
4429 3
4430 3
4431 3
4432 -1
4433 3
4434 0
4435 3
4436 -1
4437 3
4439 17
4440 0
4441 4
4442 75
4443 3
4444 50
4445 38
4446 14
4447 -1
4448 0
4449 0
4450 0
4451 3
4452 3
4453 74
4454 8
4455 -1
4456 -1
4457 3
4458 3
4459 -1
4460 7
4461 0
4462 -1
4463 3
4464 3
4465 3
4466 14
4467 3
4468 0
4469 3
4470 0
4471 -1
4472 71
4473 56
4474 -1
4475 28
4476 3
4477 -1
4479 49
4480 69
4481 3
4482 3
4483 -1
4484 0
4485 3
4486 -1
4487 3
4488 8
4489 81
4490 0
4491 -1
4492 0
4493 3
4494 71
4495 0
4496 3
4497 0
4498 3
4499 3
4500 -1
4501 0
4502 3
4503 -1
4504 3
4505 79
4506 3
4507 0
4508 0
4509 -1
4510 0
4511 -1
4512 76
4513 0
4514 67
4515 -1
4516 -1
4517 71
4518 0
4519 29
4520 8
4521 0
4522 3
4523 0
4524 31
4525 -1
4526 56
4527 0
4528 3
4529 -1
4530 3
4531 3
4532 3
4533 0
4534 71
4535 3
4536 0
4537 -1
4538 -1
4539 3
4540 3
4541 0
4542 0
4543 42
4544 0
4545 0
4546 0
4547 0
4548 8
4550 -1
4551 -1
4552 7
4553 3
4554 3
4555 3
4556 -1
4557 11
4558 0
4559 -1
4560 0
4561 9
4562 3
4563 0
4564 -1
4565 3
4566 0
4567 3
4568 0
4569 3
4571 0
4572 -1
4573 0
4574 3
4575 3
4576 70
4577 -1
4578 0
4579 3
4580 50
4581 3
4582 15
4583 40
4584 0
4585 44
4586 0
4587 0
4588 19
4589 -1
4590 0
4591 3
4592 0
4593 -1
4594 73
4595 3
4596 -1
4598 83
4600 -1
4601 68
4602 -1
4603 20
4604 3
4605 16
4606 0
4607 0
4608 28
4609 53
4610 61
4611 43
4612 0
4613 3
4614 -1
4615 3
4616 3
4617 -1
4618 3
4619 41
4620 3
4621 0
4622 0
4623 3
4624 88
4625 -1
4626 -1
4627 -1
4628 -1
4629 3
4630 0
4631 -1
4632 3
4633 48
4634 3
4635 3
4636 -1
4637 56
4638 0
4639 28
4640 3
4641 60
4642 11
4643 3
4644 0
4645 -1
4646 71
4647 -1
4648 -1
4649 8
4650 -1
4651 -1
4652 -1
4653 13
4654 -1
4655 -1
4656 81
4657 -1
4658 -1
4659 40
4660 3
4661 0
4662 3
4663 41
4664 29
4665 15
4666 -1
4667 3
4668 3
4669 3
4670 3
4671 31
4672 60
4673 3
4674 24
4675 0
4676 0
4677 26
4678 0
4679 -1
4680 3
4681 -1
4682 33
4683 3
4684 0
4685 0
4686 -1
4687 -1
4688 -1
4689 -1
4690 -1
4691 0
4692 -1
4693 0
4694 -1
4695 3
4696 0
4697 3
4698 3
4699 4
4700 40
4701 -1
4702 -1
4703 -1
4704 -1
4705 3
4706 3
4707 39
4708 0
4709 83
4710 3
4711 -1
4712 67
4713 -1
4714 -1
4715 0
4716 -1
4717 3
4718 3
4719 3
4720 0
4721 -1
4722 3
4723 0
4724 3
4725 3
4726 67
4727 3
4728 3
4729 3
4730 0
4731 0
4732 3
4733 0
4734 -1
4735 0
4737 -1
4738 14
4739 81
4740 3
4741 3
4742 -1
4744 14
4745 0
4746 0
4748 0
4749 0
4750 -1
4751 3
4752 0
4753 72
4754 0
4755 3
4756 3
4757 -1
4758 3
4759 -1
4760 -1
4761 3
4762 0
4763 0
4764 -1
4765 -1
4766 -1
4767 0
4768 3
4769 -1
4770 3
4771 0
4772 -1
4773 66
4774 -1
4775 41
4776 0
4777 8
4778 0
4779 52
4780 3
4781 32
4782 -1
4783 -1
4784 -1
4785 72
4786 7
4787 25
4788 3
4789 0
4790 -1
4791 3
4792 -1
4793 3
4794 3
4795 3
4796 3
4797 0
4798 3
4799 -1
4800 3
4801 3
4802 0
4803 67
4804 15
4805 0
4806 4
4807 -1
4808 0
4809 3
4810 -1
4811 45
4812 -1
4813 3
4814 -1
4815 0
4816 1
4817 0
4818 -1
4819 49
4820 0
4821 -1
4822 -1
4823 46
4824 0
4825 25
4826 3
4827 29
4828 0
4829 0
4830 0
4831 81
4832 0
4833 -1
4834 3
4835 -1
4836 -1
4837 3
4839 -1
4840 3
4841 3
4842 0
4843 0
4844 21
4845 -1
4846 45
4847 -1
4848 70
4849 -1
4850 3
4851 7
4852 3
4853 3
4854 0
4855 3
4856 -1
4857 3
4858 0
4859 3
4860 3
4861 -1
4862 7
4863 -1
4864 -1
4865 3
4866 47
4867 -1
4868 3
4869 -1
4870 -1
4871 -1
4872 3
4873 -1
4875 3
4876 -1
4877 -1
4878 0
4879 3
4880 14
4881 24
4882 47
4883 3
4884 7
4885 0
4886 0
4887 0
4888 28
4889 -1
4890 3
4891 2
4892 37
4893 -1
4894 63
4895 3
4896 -1
4897 0
4898 0
4899 3
4900 3
4901 -1
4903 -1
4904 0
4905 -1
4906 3
4907 -1
4908 3
4909 -1
4910 3
4911 15
4913 21
4914 -1
4915 -1
4916 0
4917 70
4918 41
4919 3
4921 3
4922 0
4923 3
4924 -1
4925 -1
4926 29
4928 -1
4929 -1
4931 3
4932 3
4933 -1
4934 3
4935 0
4936 -1
4937 3
4938 0
4939 0
4940 6
4941 52
4942 -1
4944 3
4945 -1
4946 3
4947 -1
4948 0
4949 -1
4950 3
4951 3
4952 0
4953 3
4954 0
4955 0
4956 0
4957 -1
4958 0
4959 0
4960 -1
4961 39
4962 50
4963 3
4964 0
4965 85
4966 54
4967 0
4968 3
4969 15
4970 72
4971 2
4972 28
4973 41
4974 3
4975 0
4976 -1
4977 -1
4978 71
4979 0
4980 0
4981 8
4982 49
4983 -1
4984 0
4985 56
4986 3
4987 -1
4988 29
4989 -1
4990 0
4991 -1
4992 3
4993 -1
4994 -1
4995 7
4996 3
4997 3
4998 0
4999 23
5000 23
5001 23
5002 -1
5003 0
5004 3
5005 71
5006 71
5007 -1
5008 0
5009 -1
5010 -1
5011 3
5012 -1
5013 -1
5014 -1
5015 -1
5016 0
5017 0
5018 0
5019 -1
5020 12
5021 3
5022 -1
5023 -1
5024 75
5025 75
5026 0
5027 -1
5028 -1
5029 -1
5030 -1
5031 -1
5032 -1
5033 3
5034 3
5035 0
5036 0
5037 20
5038 0
5039 0
5040 0
5041 11
5042 -1
5043 -1
5044 0
5045 0
5046 3
5047 48
5048 3
5049 3
5050 3
5051 3
5052 -1
5053 -1
5054 -1
5055 -1
5056 -1
5057 -1
5058 -1
5059 -1
5060 -1
5061 3
5062 3
5063 3
5064 0
5065 3
5066 3
5067 3
5068 0
5069 0
5070 -1
5071 -1
5072 3
5073 -1
5074 0
5075 3
5076 -1
5077 -1
5078 -1
5079 0
5080 0
5081 49
5082 49
5083 3
5084 39
5085 39
5086 3
5087 3
5088 3
5089 0
5090 0
5091 18
5092 66
5093 -1
5094 0
5095 0
5096 34
5097 0
5098 0
5099 3
5100 -1
5101 -1
5102 -1
5103 3
5104 0
5105 0
5106 0
5107 21
5108 67
5110 -1
5111 -1
5112 3
5113 3
5114 -1
5115 -1
5116 3
5117 72
5118 -1
5119 0
5120 -1
5121 -1
5122 -1
5123 60
5124 60
5125 3
5126 3
5127 3
5128 21
5129 0
5130 0
5131 3
5132 3
5133 0
5134 3
5135 -1
5136 3
5137 24
5138 24
5139 -1
5140 -1
5141 71
5142 71
5143 -1
5144 3
5145 0
5146 0
5147 -1
5148 0
5149 -1
5150 0
5151 -1
5152 3
5153 -1
5154 0
5155 0
5156 0
5157 -1
5158 70
5159 70
5160 3
5161 3
5162 0
5163 10
5164 3
5165 0
5166 0
5167 3
5168 -1
5169 19
5170 19
5171 -1
5172 -1
5173 -1
5174 3
5175 3
5177 0
5178 -1
5179 32
5180 -1
5181 -1
5182 -1
5183 -1
5184 18
5185 3
5186 3
5187 3
5188 0
5189 0
5190 0
5191 -1
5192 -1
5193 3
5194 3
5195 3
5196 -1
5197 11
5198 -1
5199 -1
5201 3
5202 3
5203 3
5204 3
5205 3
5206 3
5207 -1
5208 -1
5209 3
5210 -1
5211 -1
5212 0
5213 0
5214 53
5215 -1
5216 -1
5217 30
5218 -1
5219 0
5220 0
5221 3
5222 3
5223 3
5224 63
5225 -1
5226 38
5227 38
5228 0
5229 3
5230 3
5231 -1
5232 8
5233 3
5234 3
5235 -1
5236 -1
5237 47
5238 47
5239 3
5240 -1
5241 0
5242 -1
5243 0
5244 0
5245 3
5246 3
5247 0
5248 0
5249 3
5250 3
5251 3
5252 3
5253 3
5254 3
5255 3
5256 -1
5257 -1
5258 -1
5259 -1
5260 -1
5261 3
5262 3
5263 3
5264 3
5265 -1
5266 -1
5267 -1
5268 0
5269 0
5270 0
5271 19
5272 19
5273 0
5274 0
5275 0
5276 0
5277 0
5278 -1
5279 -1
5280 -1
5281 -1
5282 -1
5283 3
5284 -1
5285 -1
5286 0
5287 0
5288 -1
5289 29
5290 29
5291 -1
5292 72
5293 72
5294 -1
5295 3
5296 40
5297 40
5298 -1
5299 -1
5300 -1
5301 -1
5302 3
5303 3
5304 3
5305 3
5306 3
5307 3
5308 3
5309 -1
5310 -1
5311 -1
5312 4
5313 4
5314 0
5315 0
5316 74
5317 74
5318 -1
5319 0
5320 0
5321 3
5322 -1
5323 41
5324 3
5325 3
5326 3
5327 -1
5328 3
5329 3
5330 37
5331 37
5332 3
5333 3
5334 71
5335 71
5336 47
5337 47
5338 0
5339 -1
5340 -1
5341 3
5342 3
5343 3
5344 3
5345 3
5346 -1
5347 -1
