0 -1
1 0
2 0
3 1
4 -1
5 -1
6 0
7 2
8 -1
9 -1
10 4
11 79
12 -1
13 -1
14 3
15 -1
16 -1
17 4
18 -1
19 5
20 4
21 0
22 4
23 4
24 4
25 0
26 0
27 -1
28 0
29 -1
30 6
31 0
32 0
33 0
34 -1
35 7
36 8
37 6
38 0
39 4
40 -1
41 0
42 -1
43 -1
44 -1
45 0
46 4
47 -1
48 -1
49 0
50 3
51 -1
52 -1
53 -1
54 -1
55 -1
56 -1
57 4
58 -1
59 -1
60 0
61 -1
62 0
63 9
64 -1
65 4
66 0
67 -1
68 0
69 -1
70 78
71 -1
72 4
73 10
74 39
75 -1
76 -1
77 6
78 11
79 -1
80 -1
81 -1
82 0
83 0
84 -1
85 -1
86 0
87 55
88 4
89 4
90 -1
91 4
92 0
93 4
94 0
95 4
96 0
97 -1
98 12
99 4
100 4
101 -1
102 0
103 4
104 4
105 13
106 -1
107 14
108 4
109 -1
110 4
111 -1
112 0
113 -1
114 15
115 16
116 -1
117 -1
118 0
119 -1
120 11
121 0
122 61
123 3
124 0
125 17
126 -1
127 4
128 81
129 18
130 0
131 -1
132 0
133 4
134 4
135 -1
136 6
137 4
138 -1
139 6
140 -1
141 19
142 0
143 4
144 0
145 4
146 -1
147 0
148 6
149 -1
150 0
151 0
152 67
153 6
154 20
155 0
156 0
157 4
158 -1
159 6
160 -1
161 0
162 21
163 0
164 0
165 22
166 6
167 -1
168 23
169 6
170 -1
171 6
172 0
173 24
174 25
175 26
176 0
177 -1
178 -1
179 0
180 -1
181 -1
182 -1
183 0
184 82
185 6
186 0
187 3
188 4
189 6
190 6
191 4
192 6
193 0
194 4
195 4
196 6
197 27
198 28
199 -1
200 4
201 0
202 0
203 -1
204 29
205 0
206 0
207 -1
208 -1
209 4
210 -1
211 -1
212 -1
213 4
214 6
215 -1
216 57
217 4
218 30
219 4
220 79
221 0
222 69
223 20
224 0
225 4
226 4
227 6
228 0
229 -1
230 -1
231 6
232 -1
233 -1
234 -1
235 6
236 -1
237 -1
238 -1
239 4
240 -1
241 -1
242 -1
243 25
244 4
245 75
246 8
247 0
248 75
249 6
250 6
251 0
252 -1
253 17
254 -1
255 4
256 4
257 0
258 4
259 6
260 -1
261 0
262 -1
263 -1
264 31
265 -1
266 32
267 33
268 -1
269 0
270 0
271 -1
272 -1
273 4
274 6
275 -1
276 4
277 -1
278 45
279 -1
280 0
281 -1
282 0
283 -1
284 0
285 17
286 6
287 -1
288 3
289 0
290 84
291 -1
292 -1
293 34
294 0
295 0
296 0
297 -1
298 0
301 35
302 -1
303 3
304 0
305 0
306 -1
307 0
308 16
309 -1
310 -1
311 -1
312 0
313 0
314 4
315 36
316 3
317 4
318 0
319 0
320 22
321 -1
322 6
323 78
324 6
325 4
326 8
327 1
328 4
329 0
330 -1
331 0
332 -1
333 4
334 -1
335 -1
336 6
337 -1
338 37
339 0
340 4
341 -1
342 0
343 0
344 4
345 -1
346 -1
347 0
348 38
349 -1
350 34
351 22
352 -1
353 32
354 6
355 4
356 0
357 75
358 -1
359 17
360 0
361 83
362 -1
363 6
364 6
365 0
366 84
367 39
368 -1
369 -1
370 -1
371 0
372 4
373 0
374 4
375 40
376 41
377 0
378 42
379 -1
380 -1
381 0
382 0
383 6
384 43
385 6
386 4
387 -1
388 0
389 -1
390 44
391 45
392 75
393 0
394 4
395 0
396 6
397 -1
398 6
399 -1
400 -1
401 46
402 47
403 -1
404 0
405 0
407 -1
408 21
409 0
410 6
411 4
412 0
413 -1
414 4
415 4
416 -1
417 42
418 0
419 0
420 -1
421 0
422 48
423 22
424 6
425 3
426 -1
427 60
428 46
429 0
430 49
431 4
432 6
433 0
434 0
435 -1
436 0
437 6
438 50
439 0
440 -1
441 0
442 -1
443 -1
444 -1
445 -1
446 -1
447 -1
448 -1
449 -1
450 -1
451 0
452 -1
453 -1
454 -1
455 51
456 4
457 -1
458 -1
459 46
460 0
461 -1
462 0
463 0
464 0
465 -1
466 6
467 -1
468 -1
469 0
470 -1
471 -1
472 -1
473 4
474 4
475 52
476 -1
477 6
478 77
479 0
480 6
481 4
482 -1
483 4
484 0
485 -1
486 0
487 6
488 53
489 83
490 -1
491 -1
492 51
493 0
494 -1
495 0
496 4
497 -1
498 -1
499 6
500 4
501 -1
502 -1
503 79
504 0
505 -1
506 4
507 4
508 0
509 35
510 3
511 8
512 4
513 -1
514 66
515 35
516 0
517 54
518 4
519 -1
520 4
522 -1
523 0
524 55
525 -1
526 4
527 4
528 4
529 0
530 -1
531 33
532 4
533 9
534 1
535 -1
536 -1
537 -1
538 -1
539 -1
540 0
541 32
542 4
543 -1
544 6
545 17
546 2
547 24
548 10
549 4
550 -1
551 0
552 0
553 2
554 5
555 4
556 4
557 4
558 4
559 4
560 6
561 8
562 4
563 4
564 0
565 0
566 0
567 0
568 0
569 0
570 -1
571 -1
572 -1
573 -1
574 0
575 4
576 0
577 0
578 38
579 4
580 -1
581 56
582 55
583 -1
584 50
585 0
586 -1
587 6
588 5
589 4
590 43
591 6
592 -1
593 4
594 49
595 24
596 -1
597 -1
598 4
599 4
600 -1
601 27
602 0
603 0
604 6
605 55
606 0
607 45
608 0
609 4
610 4
611 6
612 -1
613 4
614 56
615 4
616 -1
617 0
618 0
619 0
620 -1
621 27
622 -1
623 0
624 3
626 4
627 0
628 -1
629 0
630 30
631 38
632 3
633 0
634 4
635 -1
636 -1
637 -1
638 0
639 57
640 8
641 6
642 -1
643 6
644 49
645 0
646 0
647 0
648 11
649 0
650 0
651 58
652 -1
654 59
655 4
656 -1
657 14
658 6
659 -1
660 6
661 0
662 8
663 7
664 58
665 6
666 -1
667 29
668 0
669 6
670 6
671 -1
672 0
673 0
674 53
675 6
676 74
677 0
678 4
679 -1
680 -1
681 39
682 60
683 0
684 0
685 78
686 6
687 4
688 -1
689 54
690 -1
691 4
692 4
693 4
694 0
695 -1
696 -1
697 -1
698 0
699 4
700 -1
701 0
702 8
703 -1
704 61
705 21
706 6
707 0
708 -1
709 4
710 0
711 4
712 -1
713 -1
715 14
716 -1
717 -1
718 4
719 4
720 0
721 0
722 4
723 4
724 4
725 -1
726 0
727 3
728 4
729 4
730 49
731 4
732 -1
733 6
734 21
735 -1
736 4
737 40
738 4
739 0
740 6
741 -1
742 0
743 0
744 10
745 48
746 0
747 4
748 54
749 -1
750 62
751 -1
752 0
753 62
754 0
755 0
756 -1
757 -1
758 6
759 0
760 -1
761 0
762 -1
763 0
764 -1
765 -1
766 -1
767 51
768 4
769 -1
770 6
771 -1
772 4
773 -1
774 53
775 60
776 58
777 0
778 0
779 -1
780 63
781 49
782 27
783 -1
784 0
785 0
786 0
787 12
788 0
790 4
791 6
792 0
793 0
794 0
795 -1
796 0
797 4
798 -1
799 41
800 4
801 64
802 4
803 4
804 45
805 0
806 4
807 4
808 -1
809 -1
810 4
811 4
812 -1
813 63
814 -1
815 84
816 54
817 0
818 0
819 21
820 0
821 4
822 -1
823 32
824 -1
825 0
826 62
827 4
828 -1
829 -1
830 42
831 41
832 56
833 65
834 -1
835 5
836 -1
837 -1
838 -1
839 -1
840 -1
841 3
842 4
843 -1
844 0
845 53
846 6
847 57
848 8
849 4
850 -1
851 -1
852 15
853 66
854 4
855 -1
856 -1
857 0
858 0
859 -1
860 0
861 0
862 0
863 -1
864 -1
865 -1
866 4
867 -1
868 -1
869 0
870 0
871 0
872 10
873 4
874 -1
875 47
876 29
877 0
878 -1
879 -1
880 4
881 -1
882 4
883 -1
884 13
885 63
886 -1
887 0
888 -1
889 -1
890 51
891 59
892 -1
893 -1
894 50
895 6
896 -1
897 -1
898 0
899 35
900 6
901 0
902 4
903 35
904 0
905 18
906 0
907 -1
908 27
909 29
910 18
911 -1
912 0
913 4
914 80
915 19
916 -1
917 0
918 62
919 0
920 6
921 -1
922 4
923 -1
924 0
925 0
926 4
927 4
928 -1
929 6
930 4
931 -1
932 7
933 0
934 -1
935 4
936 46
937 0
938 4
939 -1
940 62
941 30
942 0
943 -1
944 4
945 65
946 4
947 -1
948 6
949 -1
950 -1
951 0
952 4
953 0
954 4
955 1
956 6
957 6
958 -1
959 3
960 -1
961 35
962 56
963 4
964 6
965 -1
966 0
967 -1
968 0
969 0
970 0
971 0
972 0
973 -1
974 -1
975 4
976 4
977 0
978 0
979 -1
980 65
981 -1
982 0
983 6
984 -1
985 20
986 27
987 -1
988 29
989 -1
990 54
991 4
992 0
993 67
994 -1
995 6
996 4
997 20
998 4
999 6
1000 4
1001 -1
1002 4
1003 0
1004 0
1005 6
1006 59
1007 54
1008 0
1009 24
1010 -1
1011 6
1012 0
1013 4
1014 0
1015 6
1016 8
1018 0
1019 4
1020 -1
1021 49
1022 0
1023 6
1024 6
1025 68
1026 -1
1027 13
1028 63
1029 4
1030 -1
1031 0
1032 4
1033 31
1034 69
1035 -1
1036 50
1037 78
1038 6
1039 4
1040 0
1041 20
1042 6
1043 70
1044 23
1045 69
1046 0
1047 -1
1048 0
1049 0
1050 -1
1051 -1
1052 4
1053 58
1054 4
1055 -1
1056 0
1057 39
1058 45
1059 4
1060 -1
1061 54
1062 0
1063 -1
1064 6
1065 0
1066 0
1067 -1
1068 0
1069 0
1070 -1
1071 4
1072 0
1073 4
1074 4
1075 0
1076 4
1077 -1
1078 0
1079 -1
1080 32
1081 71
1082 0
1083 -1
1084 0
1085 4
1086 -1
1087 0
1088 0
1089 3
1090 24
1091 6
1092 -1
1093 0
1094 61
1095 -1
1096 -1
1097 57
1098 -1
1099 -1
1100 6
1101 -1
1102 4
1103 26
1104 -1
1105 62
1106 72
1107 4
1108 39
1109 4
1110 0
1111 10
1112 -1
1113 26
1114 0
1115 6
1116 -1
1117 4
1118 -1
1119 -1
1120 0
1121 -1
1122 36
1123 0
1124 -1
1125 23
1126 4
1127 6
1128 0
1129 -1
1130 -1
1131 31
1132 21
1133 6
1134 -1
1135 0
1136 4
1137 0
1138 0
1139 -1
1140 4
1141 6
1142 24
1143 -1
1144 0
1145 6
1146 -1
1147 -1
1148 71
1149 56
1150 -1
1151 4
1152 4
1153 4
1154 0
1155 4
1156 0
1157 4
1158 -1
1159 0
1160 18
1161 13
1162 40
1163 4
1164 0
1165 0
1166 4
1167 0
1168 50
1169 0
1170 30
1171 24
1172 35
1173 0
1174 -1
1175 -1
1176 -1
1177 0
1179 6
1180 0
1181 -1
1182 0
1183 0
1184 38
1185 4
1186 -1
1187 6
1188 -1
1189 78
1190 6
1191 0
1192 0
1193 -1
1194 8
1195 4
1196 54
1197 -1
1198 -1
1199 0
1200 -1
1201 3
1202 -1
1203 4
1205 0
1206 73
1207 79
1208 45
1209 0
1210 0
1211 -1
1212 -1
1213 -1
1214 17
1215 4
1216 -1
1217 6
1218 0
1219 0
1220 -1
1221 0
1222 -1
1223 4
1224 4
1225 -1
1226 0
1227 -1
1228 -1
1229 4
1230 -1
1231 -1
1232 -1
1233 -1
1234 0
1235 -1
1236 4
1237 6
1238 4
1239 4
1240 -1
1241 27
1242 4
1243 0
1244 59
1245 -1
1246 6
1247 28
1248 44
1249 71
1250 4
1251 0
1252 -1
1253 50
1254 0
1255 0
1256 -1
1257 -1
1258 31
1259 0
1260 4
1261 4
1262 6
1263 4
1264 4
1265 0
1266 4
1267 4
1268 79
1269 -1
1270 -1
1271 -1
1273 4
1274 -1
1275 6
1277 39
1278 37
1279 -1
1280 4
1281 4
1282 14
1283 -1
1284 6
1285 21
1286 0
1287 43
1288 4
1289 0
1290 0
1291 21
1292 6
1293 0
1294 4
1295 24
1296 27
1297 -1
1298 0
1299 -1
1300 -1
1301 71
1302 6
1303 76
1304 21
1305 -1
1306 4
1307 -1
1308 -1
1309 -1
1310 0
1311 0
1312 0
1313 78
1314 17
1315 0
1316 49
1317 0
1318 -1
1319 72
1320 -1
1321 -1
1322 11
1323 4
1324 -1
1325 4
1326 -1
1327 -1
1328 0
1329 -1
1330 6
1331 0
1332 -1
1333 0
1334 4
1335 0
1336 -1
1337 8
1338 4
1339 -1
1340 20
1341 50
1342 -1
1343 4
1344 -1
1345 6
1346 21
1347 4
1348 -1
1349 0
1350 -1
1351 63
1352 -1
1353 24
1354 -1
1355 -1
1356 6
1357 0
1358 4
1359 -1
1360 4
1361 4
1362 -1
1363 6
1364 4
1365 -1
1366 16
1367 -1
1368 -1
1369 4
1370 0
1371 -1
1372 0
1373 -1
1374 6
1375 -1
1376 -1
1377 4
1378 -1
1379 35
1380 4
1381 0
1382 0
1383 35
1384 0
1385 71
1386 22
1387 62
1388 50
1389 -1
1390 -1
1391 23
1392 58
1393 0
1394 49
1396 -1
1397 0
1398 4
1400 6
1401 -1
1402 62
1403 0
1404 -1
1405 -1
1406 6
1407 15
1408 -1
1409 4
1410 4
1411 32
1412 0
1413 -1
1414 -1
1415 4
1416 35
1417 54
1418 -1
1419 0
1420 76
1421 26
1422 29
1423 4
1425 -1
1426 82
1427 -1
1428 -1
1429 6
1430 4
1431 0
1432 -1
1433 4
1434 0
1435 -1
1436 0
1437 0
1438 4
1439 79
1440 4
1441 57
1442 0
1443 -1
1444 39
1445 -1
1446 62
1447 15
1448 4
1449 0
1450 37
1451 -1
1452 -1
1453 67
1454 -1
1455 -1
1456 0
1457 0
1458 0
1459 63
1460 5
1461 -1
1463 0
1464 -1
1465 33
1466 0
1467 -1
1468 -1
1469 -1
1470 34
1471 39
1472 61
1473 -1
1474 -1
1475 4
1476 -1
1477 0
1478 64
1479 6
1480 -1
1481 6
1482 32
1483 4
1484 4
1485 80
1486 2
1487 57
1488 83
1489 -1
1490 0
1491 0
1493 -1
1494 0
1495 0
1496 0
1497 4
1498 4
1499 -1
1500 47
1501 0
1502 6
1503 64
1504 4
1505 13
1506 4
1507 -1
1508 4
1509 47
1510 0
1511 -1
1512 0
1513 4
1514 70
1515 6
1516 0
1517 0
1518 -1
1519 0
1520 -1
1521 6
1522 28
1523 0
1524 -1
1525 -1
1526 -1
1527 6
1528 4
1529 0
1530 6
1531 0
1532 4
1533 6
1534 8
1535 -1
1536 -1
1537 4
1538 0
1539 0
1540 4
1541 60
1542 4
1543 71
1544 0
1545 -1
1546 -1
1547 -1
1548 -1
1549 -1
1550 4
1551 6
1552 -1
1553 21
1554 -1
1555 58
1556 23
1557 36
1558 0
1559 43
1560 6
1561 6
1562 0
1563 -1
1564 4
1565 0
1566 51
1567 4
1568 39
1569 49
1570 83
1571 73
1572 -1
1573 4
1574 6
1575 6
1576 0
1577 -1
1578 -1
1579 -1
1580 73
1581 4
1582 0
1583 -1
1584 80
1585 0
1586 6
1587 46
1588 -1
1589 -1
1590 -1
1591 -1
1592 63
1593 20
1594 -1
1595 -1
1596 0
1597 -1
1598 17
1599 0
1600 0
1601 0
1602 4
1603 6
1604 -1
1605 21
1606 -1
1607 4
1608 -1
1609 32
1610 -1
1611 6
1612 4
1613 4
1614 4
1615 28
1616 0
1617 0
1618 6
1619 6
1620 67
1621 6
1622 4
1623 4
1624 2
1625 -1
1626 -1
1627 67
1628 6
1629 0
1630 7
1631 -1
1632 4
1633 -1
1634 6
1635 4
1636 -1
1637 4
1638 -1
1639 -1
1640 66
1641 -1
1642 49
1643 0
1644 4
1645 4
1646 0
1647 0
1648 46
1649 0
1650 0
1651 -1
1652 0
1653 0
1654 6
1655 0
1656 14
1657 26
1658 4
1659 6
1660 73
1661 0
1662 -1
1663 -1
1664 -1
1665 0
1666 4
1667 0
1668 4
1669 65
1670 -1
1671 39
1672 29
1673 -1
1674 6
1675 59
1676 -1
1677 44
1678 0
1679 -1
1680 -1
1681 0
1682 56
1683 -1
1684 -1
1685 -1
1686 38
1688 -1
1689 4
1690 0
1691 4
1692 52
1693 4
1694 72
1695 0
1696 4
1697 -1
1698 8
1699 20
1700 0
1701 -1
1702 4
1703 -1
1704 6
1705 -1
1706 0
1707 -1
1708 72
1709 6
1710 -1
1711 0
1712 4
1713 74
1714 77
1716 -1
1717 0
1718 -1
1719 0
1720 0
1721 -1
1722 -1
1723 35
1725 61
1726 11
1727 -1
1728 -1
1729 -1
1730 0
1731 6
1732 -1
1733 0
1734 0
1735 -1
1736 75
1737 18
1738 4
1739 26
1740 0
1741 6
1742 -1
1743 0
1744 56
1745 57
1746 -1
1747 -1
1748 4
1749 -1
1750 4
1751 4
1752 65
1753 -1
1754 -1
1755 4
1756 56
1757 0
1758 21
1759 -1
1760 0
1761 4
1762 -1
1764 12
1765 -1
1766 4
1767 0
1768 -1
1770 0
1771 -1
1772 4
1773 4
1774 6
1775 0
1776 0
1777 11
1778 64
1779 4
1780 6
1781 0
1782 -1
1783 -1
1784 4
1785 4
1786 -1
1787 4
1788 26
1789 -1
1790 4
1791 71
1792 4
1793 19
1794 4
1795 4
1796 0
1797 -1
1798 6
1799 6
1800 40
1801 6
1802 4
1803 0
1804 -1
1805 -1
1806 -1
1807 0
1808 52
1809 13
1810 0
1811 54
1812 40
1813 -1
1814 21
1815 -1
1816 0
1817 4
1818 0
1819 0
1820 4
1821 0
1822 72
1823 4
1824 6
1825 75
1826 4
1827 0
1828 26
1829 -1
1830 4
1831 -1
1832 48
1833 62
1834 4
1835 0
1836 36
1837 29
1838 26
1839 15
1840 50
1841 0
1842 -1
1843 -1
1844 0
1845 -1
1846 -1
1847 4
1848 34
1849 -1
1850 -1
1851 54
1852 0
1853 47
1854 46
1855 33
1856 0
1857 4
1858 36
1859 19
1860 -1
1861 4
1862 6
1863 58
1864 4
1865 -1
1866 6
1867 -1
1868 4
1869 65
1870 64
1871 60
1872 44
1873 0
1874 4
1875 -1
1876 74
1877 -1
1878 -1
1879 48
1881 6
1882 63
1883 0
1884 37
1885 4
1886 0
1887 0
1888 -1
1889 6
1890 -1
1891 -1
1892 6
1893 72
1894 38
1895 -1
1896 6
1897 -1
1898 -1
1899 0
1900 6
1901 4
1902 0
1903 -1
1904 -1
1905 45
1906 -1
1907 -1
1908 0
1909 -1
1910 3
1911 0
1912 -1
1913 30
1914 4
1915 81
1916 74
1917 4
1918 33
1919 21
1920 -1
1921 0
1922 32
1923 -1
1924 0
1925 -1
1926 6
1927 27
1928 4
1929 -1
1930 -1
1931 0
1932 -1
1933 0
1934 0
1935 0
1936 17
1937 6
1938 6
1939 4
1940 4
1941 4
1942 -1
1943 0
1944 4
1945 43
1946 27
1947 0
1948 -1
1949 60
1950 4
1951 6
1952 -1
1953 4
1954 -1
1955 6
1956 -1
1957 0
1958 4
1959 0
1960 4
1961 -1
1962 4
1963 38
1964 0
1965 -1
1966 6
1967 0
1968 31
1969 4
1970 16
1971 6
1972 -1
1973 -1
1974 -1
1975 4
1976 -1
1977 17
1978 4
1979 0
1980 0
1981 73
1982 -1
1983 34
1984 0
1985 -1
1986 0
1987 54
1988 39
1989 -1
1990 -1
1991 78
1992 -1
1993 -1
1994 0
1995 -1
1996 4
1997 -1
1998 -1
1999 -1
2000 42
2002 -1
2003 34
2004 -1
2006 -1
2007 0
2008 -1
2009 -1
2010 0
2011 -1
2012 6
2013 -1
2014 -1
2015 4
2016 4
2017 4
2018 -1
2019 -1
2020 -1
2021 0
2022 18
2023 26
2024 0
2025 -1
2026 6
2027 -1
2028 -1
2029 0
2030 6
2031 4
2032 0
2033 0
2034 4
2035 4
2037 4
2038 9
2039 6
2040 -1
2041 0
2042 34
2043 4
2044 4
2045 4
2046 0
2047 16
2049 4
2050 76
2051 0
2052 -1
2053 6
2054 62
2055 0
2056 0
2057 27
2058 3
2059 0
2060 4
2061 4
2062 4
2063 9
2064 6
2065 6
2066 -1
2067 0
2068 4
2069 39
2070 81
2071 0
2072 4
2073 29
2074 66
2075 -1
2076 0
2077 -1
2078 55
2079 0
2080 6
2081 4
2082 4
2083 52
2084 -1
2085 -1
2086 43
2087 0
2088 -1
2089 -1
2090 25
2091 -1
2092 4
2093 4
2094 4
2095 43
2096 -1
2097 -1
2098 4
2099 8
2100 0
2101 4
2102 4
2103 0
2104 6
2105 4
2106 0
2108 -1
2109 27
2110 -1
2111 0
2112 -1
2113 0
2114 8
2115 -1
2116 27
2117 4
2118 -1
2119 50
2120 4
2121 0
2122 -1
2123 4
2125 16
2126 6
2127 -1
2128 4
2129 0
2130 4
2131 6
2132 4
2133 -1
2134 52
2135 0
2136 -1
2137 -1
2138 4
2139 -1
2140 0
2141 0
2142 -1
2143 -1
2144 -1
2145 -1
2146 37
2147 -1
2148 0
2149 -1
2150 0
2151 -1
2152 -1
2153 -1
2154 -1
2155 0
2156 53
2157 -1
2158 6
2159 6
2160 71
2161 72
2162 -1
2163 38
2164 0
2165 0
2166 4
2167 4
2168 76
2169 -1
2170 -1
2171 5
2172 21
2173 0
2174 6
2175 4
2176 -1
2177 -1
2178 23
2179 0
2180 0
2181 0
2182 6
2183 3
2184 -1
2185 0
2186 0
2187 8
2188 5
2189 0
2190 6
2191 -1
2192 4
2193 -1
2194 6
2195 29
2196 0
2197 18
2198 62
2199 0
2200 -1
2201 4
2202 -1
2203 -1
2204 4
2205 -1
2208 -1
2209 34
2211 -1
2212 0
2213 -1
2214 0
2215 -1
2216 -1
2217 -1
2218 4
2219 6
2220 -1
2221 4
2222 4
2223 0
2224 -1
2225 4
2226 -1
2227 6
2228 -1
2229 0
2230 0
2231 2
2232 -1
2233 4
2234 0
2235 -1
2236 -1
2237 36
2238 4
2239 -1
2240 22
2241 76
2242 -1
2243 4
2244 -1
2245 -1
2246 -1
2247 -1
2248 0
2249 0
2250 21
2251 0
2252 0
2253 0
2254 0
2255 4
2256 6
2257 -1
2258 4
2260 -1
2261 4
2262 0
2263 4
2264 3
2265 22
2266 -1
2267 -1
2268 73
2269 59
2270 -1
2271 0
2272 -1
2273 4
2274 0
2275 6
2276 4
2277 0
2278 -1
2279 -1
2281 -1
2282 22
2283 6
2284 -1
2285 0
2286 -1
2287 0
2288 -1
2289 0
2290 0
2291 67
2292 6
2293 0
2294 -1
2295 4
2296 -1
2297 39
2298 42
2299 -1
2300 11
2301 0
2302 4
2303 -1
2304 63
2305 -1
2306 4
2307 -1
2309 0
2310 -1
2311 -1
2312 -1
2313 8
2314 6
2315 0
2316 -1
2317 9
2318 -1
2319 0
2320 0
2321 49
2322 0
2323 0
2324 -1
2325 0
2327 27
2328 -1
2329 4
2330 0
2331 -1
2332 -1
2333 0
2334 3
2335 0
2336 70
2337 50
2338 -1
2339 9
2340 58
2341 4
2342 -1
2343 -1
2344 0
2345 -1
2346 55
2347 -1
2348 0
2349 4
2350 0
2351 0
2352 -1
2353 0
2354 0
2355 72
2356 -1
2357 0
2358 60
2359 -1
2361 46
2362 4
2363 73
2364 42
2365 0
2366 -1
2367 -1
2368 4
2369 4
2370 6
2371 0
2372 0
2373 4
2374 0
2375 -1
2376 -1
2377 -1
2378 4
2379 3
2380 4
2382 6
2383 6
2384 27
2385 4
2386 -1
2387 0
2388 0
2389 0
2390 0
2391 0
2392 13
2393 -1
2394 0
2395 63
2396 0
2398 4
2399 6
2400 6
2401 63
2403 4
2404 -1
2405 -1
2406 -1
2407 0
2408 6
2410 -1
2411 20
2412 0
2413 6
2414 0
2415 -1
2416 6
2417 6
2418 0
2419 0
2420 4
2421 4
2422 6
2423 35
2424 0
2425 4
2426 0
2427 68
2428 0
2429 84
2430 11
2431 -1
2432 4
2433 4
2434 0
2435 4
2436 -1
2437 -1
2438 13
2439 4
2440 2
2441 -1
2442 0
2443 -1
2444 -1
2445 4
2446 6
2447 50
2448 0
2449 15
2450 -1
2451 0
2452 20
2453 76
2454 0
2455 4
2456 1
2457 6
2458 -1
2459 52
2460 82
2461 -1
2462 77
2463 -1
2464 -1
2465 54
2466 -1
2467 6
2468 0
2469 -1
2470 -1
2471 4
2472 -1
2473 68
2474 0
2475 32
2476 -1
2477 8
2478 -1
2479 44
2480 39
2481 0
2482 4
2483 4
2484 0
2485 0
2486 -1
2487 65
2488 0
2489 6
2490 4
2491 -1
2492 6
2493 6
2494 0
2495 0
2496 68
2497 0
2498 34
2499 32
2500 32
2501 -1
2503 38
2504 -1
2505 0
2506 4
2507 78
2508 4
2509 -1
2511 -1
2512 -1
2513 4
2514 -1
2515 0
2516 0
2517 0
2518 4
2519 6
2520 -1
2521 -1
2522 4
2523 0
2524 0
2525 5
2526 59
2527 0
2528 53
2529 0
2530 77
2531 0
2532 -1
2533 54
2534 4
2535 39
2536 4
2537 -1
2538 6
2539 0
2540 -1
2541 -1
2542 0
2543 -1
2544 -1
2545 6
2546 -1
2547 -1
2548 26
2549 78
2550 71
2551 -1
2552 57
2553 6
2554 6
2555 0
2556 6
2557 4
2558 73
2559 8
2560 0
2561 26
2562 -1
2563 4
2564 45
2565 28
2566 -1
2567 4
2568 24
2569 -1
2570 -1
2571 5
2572 3
2573 -1
2574 4
2575 0
2576 0
2577 6
2578 4
2579 4
2581 0
2582 -1
2583 4
2584 6
2585 -1
2587 4
2588 0
2589 0
2590 -1
2591 0
2592 -1
2593 -1
2595 4
2596 4
2597 -1
2598 6
2599 15
2600 76
2601 0
2602 -1
2603 0
2604 6
2605 0
2606 -1
2608 0
2609 75
2610 45
2611 49
2612 4
2613 4
2614 4
2615 -1
2617 -1
2618 -1
2619 4
2620 0
2621 75
2622 -1
2623 7
2624 48
2625 0
2626 4
2627 0
2628 4
2629 0
2630 4
2631 -1
2632 12
2634 8
2635 0
2636 6
2637 0
2638 0
2639 6
2640 0
2641 4
2642 50
2643 4
2644 4
2645 7
2646 -1
2647 -1
2648 56
2649 0
2650 -1
2651 4
2652 4
2653 -1
2654 0
2655 -1
2656 4
2657 4
2658 -1
2659 -1
2660 0
2661 4
2662 4
2663 0
2665 4
2666 6
2667 83
2668 60
2669 0
2670 -1
2671 4
2672 -1
2673 0
2674 72
2675 0
2676 38
2677 0
2678 -1
2679 -1
2681 6
2682 4
2683 -1
2684 -1
2685 0
2686 -1
2687 4
2688 -1
2689 0
2690 -1
2691 -1
2692 0
2693 6
2694 4
2695 -1
2696 18
2697 4
2698 -1
2699 69
2700 0
2701 -1
2702 -1
2703 4
2704 0
2705 -1
2706 4
2707 68
2708 4
2709 0
2710 40
2711 27
2712 6
2713 4
2714 4
2715 4
2717 0
2718 33
2719 -1
2720 6
2721 14
2722 4
2723 4
2724 -1
2725 6
2727 4
2728 -1
2729 0
2730 4
2731 -1
2732 13
2733 4
2734 -1
2735 80
2736 0
2737 38
2738 34
2739 72
2740 0
2741 0
2742 -1
2743 39
2744 43
2745 11
2746 -1
2747 6
2748 6
2749 70
2750 -1
2751 4
2752 -1
2753 -1
2754 -1
2755 -1
2756 -1
2757 -1
2758 0
2759 63
2760 0
2761 0
2762 -1
2763 -1
2764 0
2765 18
2766 -1
2767 9
2768 62
2769 0
2770 -1
2771 59
2773 -1
2774 -1
2775 -1
2776 -1
2777 -1
2778 6
2779 -1
2780 38
2781 0
2782 4
2783 6
2784 0
2785 -1
2787 0
2788 65
2789 -1
2790 -1
2791 0
2792 -1
2793 -1
2794 -1
2795 -1
2796 6
2797 4
2798 -1
2799 8
2800 0
2801 0
2802 -1
2803 -1
2804 -1
2805 26
2806 51
2807 10
2808 77
2809 -1
2810 -1
2811 -1
2812 6
2813 0
2814 -1
2815 -1
2816 -1
2817 -1
2818 0
2819 0
2820 -1
2821 -1
2822 4
2823 4
2824 0
2826 4
2827 -1
2828 4
2829 27
2830 -1
2831 -1
2832 0
2833 14
2834 -1
2835 44
2836 4
2837 0
2838 -1
2839 5
2840 4
2841 -1
2842 6
2843 74
2844 -1
2845 0
2846 -1
2847 -1
2848 36
2849 0
2850 55
2851 0
2852 5
2853 -1
2854 30
2855 0
2856 -1
2857 0
2858 0
2859 0
2860 0
2861 68
2862 4
2863 -1
2864 73
2865 -1
2866 0
2867 -1
2868 0
2869 -1
2870 -1
2871 -1
2872 30
2873 -1
2874 33
2875 0
2877 6
2878 -1
2879 -1
2880 -1
2881 27
2882 8
2883 -1
2884 0
2886 4
2887 0
2888 4
2889 4
2890 -1
2891 -1
2892 6
2893 -1
2894 6
2895 4
2896 4
2897 4
2898 0
2899 27
2900 0
2901 4
2902 0
2903 6
2904 52
2905 32
2906 0
2907 0
2909 65
2910 -1
2911 4
2912 4
2913 -1
2914 -1
2915 81
2916 0
2917 -1
2918 -1
2919 -1
2920 -1
2921 39
2922 -1
2923 -1
2924 62
2925 -1
2926 6
2927 -1
2928 -1
2929 0
2930 0
2931 0
2932 21
2933 -1
2934 -1
2935 -1
2936 0
2937 -1
2938 0
2939 -1
2940 0
2941 58
2942 -1
2943 -1
2944 -1
2945 0
2946 -1
2947 4
2948 4
2949 6
2950 -1
2951 0
2952 -1
2953 0
2954 -1
2955 -1
2956 0
2957 4
2958 -1
2960 0
2961 28
2962 3
2963 0
2964 6
2965 -1
2966 -1
2967 0
2968 4
2969 79
2970 -1
2971 6
2972 -1
2973 -1
2974 4
2975 0
2976 17
2977 -1
2978 -1
2979 4
2980 4
2981 0
2982 71
2983 0
2984 -1
2985 -1
2986 0
2987 0
2988 -1
2989 0
2990 0
2991 0
2992 4
2993 40
2994 -1
2995 3
2996 4
2997 0
2998 0
2999 0
3000 0
3001 0
3002 4
3003 -1
3004 -1
3005 -1
3006 4
3007 -1
3009 27
3010 0
3011 4
3012 0
3013 0
3014 4
3015 -1
3016 57
3017 77
3018 -1
3019 4
3020 17
3021 56
3022 -1
3023 0
3024 0
3025 0
3027 -1
3028 -1
3029 -1
3030 6
3031 -1
3032 0
3033 4
3034 -1
3035 -1
3036 -1
3037 63
3038 -1
3039 -1
3040 6
3041 -1
3042 6
3043 77
3044 6
3045 4
3046 0
3047 -1
3048 6
3049 4
3050 -1
3051 0
3052 -1
3053 -1
3054 50
3055 39
3056 31
3057 -1
3058 4
3059 80
3060 3
3062 -1
3063 4
3064 4
3065 0
3066 71
3067 0
3068 4
3069 0
3070 4
3071 -1
3072 0
3073 0
3074 57
3075 0
3076 4
3077 39
3078 4
3079 4
3080 6
3081 0
3082 -1
3083 4
3084 4
3085 0
3087 4
3088 -1
3089 50
3090 4
3091 39
3092 66
3093 -1
3094 1
3095 -1
3096 -1
3097 0
3098 0
3099 49
3100 4
3101 0
3102 0
3103 4
3104 0
3105 4
3106 6
3107 -1
3108 4
3109 -1
3110 71
3111 0
3112 4
3113 82
3114 0
3115 6
3116 -1
3117 6
3118 56
3119 -1
3120 -1
3121 -1
3122 4
3123 -1
3124 0
3125 -1
3126 39
3127 0
3128 4
3129 0
3130 0
3131 4
3132 35
3133 -1
3134 0
3135 -1
3136 6
3137 4
3138 4
3139 46
3140 34
3141 0
3142 -1
3143 -1
3144 6
3145 82
3146 -1
3147 81
3148 2
3149 4
3150 6
3151 49
3152 6
3153 4
3154 69
3155 -1
3156 4
3157 0
3158 19
3159 4
3160 0
3161 44
3163 0
3164 -1
3165 -1
3166 0
3167 21
3168 27
3169 -1
3170 6
3171 6
3172 4
3173 6
3174 6
3175 -1
3176 53
3177 54
3178 -1
3179 48
3180 21
3181 27
3182 -1
3183 6
3184 6
3185 -1
3186 0
3187 23
3188 -1
3189 0
3190 -1
3191 0
3192 23
3194 0
3195 -1
3196 6
3197 0
3198 -1
3199 -1
3200 -1
3201 0
3202 -1
3203 31
3204 0
3205 -1
3206 4
3207 -1
3208 -1
3209 -1
3210 -1
3211 0
3212 4
3213 4
3214 6
3215 -1
3216 0
3217 -1
3218 31
3219 0
3220 -1
3222 31
3223 6
3224 -1
3225 0
3226 44
3227 -1
3228 4
3229 -1
3230 59
3231 -1
3232 0
3233 10
3234 -1
3235 0
3236 0
3237 0
3238 -1
3239 0
3240 -1
3241 -1
3242 4
3243 48
3244 0
3245 48
3246 -1
3247 0
3248 4
3249 0
3250 22
3252 -1
3253 -1
3254 34
3255 -1
3256 8
3257 71
3258 0
3259 73
3260 0
3261 -1
3262 0
3263 4
3264 -1
3265 4
3267 4
3268 62
3269 52
3270 4
3271 4
3272 0
3273 -1
3274 4
3276 6
3277 0
3278 -1
3279 0
3280 4
3281 -1
3282 -1
3283 4
3284 6
3285 -1
3286 0
3287 -1
3288 24
3289 41
3290 6
3291 0
3292 -1
3293 0
3294 6
3295 6
3296 4
3297 4
3298 0
3299 0
3300 4
3301 -1
3302 4
3303 -1
3304 0
3305 6
3306 6
3307 6
3308 -1
3310 -1
3311 4
3312 0
3313 0
3314 -1
3315 4
3316 0
3317 -1
3318 20
3319 -1
3320 -1
3321 0
3322 76
3323 45
3324 0
3325 30
3326 -1
3327 -1
3328 0
3329 64
3330 4
3331 0
3332 80
3333 4
3334 -1
3335 -1
3336 62
3338 -1
3339 -1
3340 -1
3341 4
3342 -1
3343 6
3344 0
3345 37
3346 -1
3347 0
3348 34
3349 4
3350 6
3351 0
3352 0
3353 0
3354 4
3356 -1
3357 46
3358 -1
3359 0
3360 -1
3361 0
3362 0
3363 6
3364 4
3365 -1
3366 0
3367 4
3368 -1
3369 31
3370 -1
3371 0
3372 39
3373 -1
3374 0
3375 14
3376 4
3377 -1
3378 -1
3379 0
3380 17
3381 -1
3382 0
3383 -1
3386 4
3387 -1
3388 -1
3389 4
3390 8
3391 78
3392 -1
3393 -1
3394 0
3395 6
3396 0
3397 4
3398 63
3399 0
3400 54
3401 4
3402 0
3403 -1
3405 4
3406 4
3407 4
3408 4
3409 -1
3410 6
3411 -1
3412 0
3413 0
3414 1
3415 6
3416 -1
3417 50
3418 0
3419 0
3420 74
3421 -1
3422 4
3423 0
3424 -1
3425 0
3426 -1
3427 -1
3428 -1
3429 -1
3430 -1
3431 4
3432 -1
3433 44
3434 -1
3435 -1
3436 0
3437 4
3438 4
3439 4
3440 6
3441 4
3442 4
3443 74
3444 -1
3445 6
3446 6
3447 3
3448 0
3449 -1
3450 4
3451 0
3452 0
3454 53
3455 72
3457 -1
3458 -1
3459 0
3460 68
3461 46
3462 -1
3463 40
3464 0
3465 -1
3467 -1
3468 -1
3470 -1
3471 6
3472 48
3473 48
3474 -1
3475 0
3476 0
3477 -1
3478 4
3479 30
3480 0
3481 54
3482 0
3484 74
3485 0
3486 4
3488 -1
3489 4
3490 4
3491 -1
3493 32
3494 4
3495 72
3496 4
3497 0
3498 -1
3499 -1
3500 6
3501 3
3502 0
3503 50
3504 -1
3505 4
3506 1
3507 5
3508 0
3509 78
3510 -1
3511 4
3512 6
3513 4
3514 0
3515 0
3516 4
3517 8
3519 6
3520 -1
3521 -1
3522 58
3523 4
3525 6
3526 11
3527 3
3528 4
3529 0
3530 82
3531 0
3532 6
3533 28
3534 0
3535 -1
3536 -1
3537 56
3538 6
3539 6
3540 -1
3541 -1
3542 4
3543 0
3545 4
3546 6
3547 0
3548 8
3549 0
3550 6
3551 22
3552 -1
3553 46
3554 4
3555 0
3556 7
3557 4
3558 6
3559 6
3560 -1
3561 58
3562 -1
3563 0
3564 6
3565 -1
3566 6
3567 0
3568 0
3569 4
3570 44
3571 8
3572 36
3573 56
3575 0
3576 6
3577 -1
3578 -1
3579 0
3580 51
3581 -1
3582 -1
3583 6
3584 0
3585 4
3586 23
3587 0
3588 -1
3589 -1
3590 0
3591 0
3592 44
3593 -1
3594 -1
3595 4
3596 4
3597 0
3598 6
3599 27
3600 0
3601 28
3602 -1
3603 65
3604 4
3605 -1
3606 6
3607 0
3609 4
3610 0
3611 0
3612 -1
3613 4
3614 46
3615 6
3617 -1
3618 4
3619 -1
3620 4
3621 -1
3622 -1
3623 0
3624 -1
3625 -1
3626 -1
3627 0
3628 30
3629 0
3630 -1
3631 6
3632 -1
3633 0
3634 -1
3636 -1
3637 0
3638 -1
3639 41
3640 4
3641 0
3642 0
3644 0
3645 0
3646 4
3647 20
3648 -1
3649 0
3650 32
3651 3
3652 69
3653 -1
3654 -1
3655 0
3656 0
3657 6
3658 -1
3659 0
3660 -1
3661 0
3662 -1
3663 -1
3664 62
3665 43
3666 0
3667 6
3668 0
3669 4
3670 6
3671 -1
3672 7
3673 -1
3674 0
3675 -1
3676 62
3677 4
3678 26
3679 4
3680 -1
3681 4
3682 0
3683 -1
3684 4
3685 15
3686 0
3688 -1
3689 0
3690 -1
3691 0
3692 0
3693 0
3694 13
3696 0
3697 -1
3698 39
3699 -1
3700 -1
3701 6
3702 0
3703 -1
3704 46
3705 6
3706 0
3707 -1
3708 0
3709 -1
3710 -1
3711 -1
3712 31
3713 -1
3714 -1
3715 0
3716 4
3717 0
3719 6
3720 0
3721 -1
3722 77
3723 6
3724 4
3725 0
3726 17
3727 6
3728 4
3729 39
3730 31
3731 -1
3732 -1
3733 0
3734 -1
3735 0
3736 6
3737 4
3738 4
3739 4
3740 0
3741 -1
3742 -1
3743 4
3744 44
3746 23
3747 4
3748 6
3749 6
3750 21
3751 4
3752 6
3753 -1
3754 -1
3755 -1
3756 4
3757 -1
3758 -1
3759 4
3760 -1
3761 26
3762 4
3763 0
3764 34
3765 -1
3766 6
3767 4
3768 -1
3769 0
3771 3
3772 4
3773 -1
3774 0
3775 -1
3776 -1
3777 4
3778 0
3779 6
3780 0
3781 -1
3782 63
3783 -1
3784 0
3785 0
3786 34
3787 -1
3788 -1
3789 44
3790 9
3791 48
3792 37
3793 68
3794 -1
3795 -1
3796 -1
3797 0
3798 4
3799 0
3800 18
3801 -1
3802 -1
3803 -1
3804 6
3805 -1
3806 -1
3807 0
3808 4
3809 -1
3811 -1
3812 0
3813 23
3814 4
3815 -1
3816 4
3817 4
3818 -1
3819 0
3820 49
3821 0
3822 4
3823 4
3824 0
3825 6
3826 4
3827 -1
3828 40
3829 27
3830 0
3831 3
3832 0
3833 -1
3834 -1
3836 4
3837 0
3838 -1
3839 6
3840 50
3841 -1
3842 0
3843 -1
3844 65
3845 0
3846 0
3847 -1
3848 3
3849 26
3850 -1
3851 0
3852 0
3853 0
3854 0
3855 6
3856 0
3859 4
3860 51
3861 0
3862 72
3863 -1
3864 0
3865 21
3866 0
3867 46
3868 -1
3869 4
3870 0
3871 4
3872 -1
3873 0
3874 67
3875 -1
3876 -1
3877 -1
3878 38
3879 6
3880 -1
3881 -1
3882 0
3883 0
3884 6
3885 -1
3886 39
3887 0
3888 -1
3889 4
3890 -1
3891 -1
3892 -1
3893 -1
3894 18
3895 -1
3896 0
3897 4
3898 -1
3899 0
3901 29
3902 4
3904 6
3905 -1
3906 -1
3907 6
3908 4
3909 -1
3910 4
3911 0
3912 6
3913 0
3914 -1
3915 4
3917 -1
3918 0
3919 -1
3921 -1
3922 4
3923 -1
3924 4
3925 4
3926 72
3927 4
3928 4
3929 48
3930 45
3931 47
3932 54
3933 53
3934 55
3935 0
3936 4
3938 0
3939 -1
3940 0
3941 0
3943 4
3944 -1
3945 -1
3946 6
3947 -1
3948 0
3949 0
3950 -1
3951 -1
3952 4
3953 -1
3954 4
3955 0
3956 -1
3957 6
3958 57
3959 0
3960 4
3961 46
3962 4
3963 -1
3964 4
3965 6
3966 -1
3967 4
3968 37
3969 4
3970 0
3971 4
3973 4
3974 -1
3975 4
3976 6
3977 -1
3979 -1
3980 21
3981 0
3982 -1
3983 0
3984 52
3985 0
3986 6
3987 55
3988 8
3989 6
3990 0
3991 -1
3992 -1
3993 8
3994 0
3995 -1
3996 21
3997 6
3998 0
3999 6
4000 0
4001 4
4002 -1
4003 -1
4004 -1
4005 82
4006 0
4007 0
4008 4
4009 21
4010 -1
4011 -1
4012 -1
4013 -1
4014 1
4016 -1
4017 4
4018 4
4019 -1
4020 0
4021 -1
4022 4
4023 0
4024 -1
4025 7
4026 0
4027 6
4028 71
4029 -1
4030 27
4031 0
4032 0
4033 6
4034 32
4035 -1
4036 -1
4037 0
4038 -1
4039 60
4040 0
4041 80
4042 -1
4043 -1
4044 31
4045 -1
4046 -1
4047 26
4048 52
4049 8
4050 4
4051 4
4052 0
4053 3
4054 0
4055 0
4056 -1
4057 -1
4058 4
4059 -1
4060 6
4061 -1
4062 -1
4063 0
4064 63
4065 0
4066 0
4067 0
4068 -1
4069 -1
4070 4
4071 39
4072 14
4073 0
4074 -1
4075 6
4076 0
4077 0
4078 0
4079 19
4080 42
4081 4
4082 0
4083 -1
4084 0
4085 0
4086 -1
4087 6
4088 -1
4089 -1
4090 0
4091 12
4092 34
4093 6
4094 0
4095 0
4096 0
4097 0
4098 0
4100 4
4101 0
4102 11
4104 4
4105 -1
4106 4
4107 -1
4108 -1
4109 0
4110 4
4111 51
4112 66
4113 4
4114 0
4115 6
4116 21
4117 -1
4118 -1
4119 0
4120 0
4121 -1
4122 -1
4123 4
4124 4
4125 63
4126 -1
4127 4
4128 6
4129 -1
4130 39
4131 39
4132 4
4133 4
4134 -1
4135 4
4137 0
4138 -1
4139 -1
4140 0
4141 4
4142 0
4143 0
4144 4
4145 48
4146 4
4147 0
4148 -1
4149 4
4150 -1
4151 58
4152 48
4153 0
4154 -1
4155 4
4156 6
4157 0
4158 -1
4159 0
4160 0
4161 -1
4162 4
4163 0
4164 0
4165 4
4166 0
4168 -1
4169 6
4170 -1
4171 -1
4172 4
4174 82
4175 25
4176 4
4177 0
4178 57
4179 -1
4180 6
4181 0
4182 -1
4183 0
4184 48
4185 4
4186 4
4188 6
4189 -1
4190 0
4191 -1
4192 65
4193 6
4194 6
4195 4
4196 4
4197 -1
4198 57
4199 38
4200 29
4201 4
4202 6
4203 2
4204 -1
4205 73
4206 4
4207 -1
4208 6
4209 0
4210 0
4211 -1
4212 68
4213 6
4214 0
4215 -1
4216 0
4219 0
4220 6
4221 4
4222 -1
4223 4
4224 39
4225 4
4226 0
4227 -1
4228 4
4229 0
4230 4
4231 -1
4232 0
4233 0
4234 0
4235 0
4236 -1
4237 4
4238 0
4239 3
4240 2
4241 0
4242 6
4243 -1
4244 13
4245 0
4246 -1
4247 -1
4248 24
4249 14
4250 4
4251 -1
4252 4
4253 -1
4254 46
4255 -1
4256 9
4257 -1
4258 0
4259 -1
4260 43
4261 0
4263 0
4264 4
4266 -1
4267 0
4268 0
4269 4
4270 -1
4272 0
4273 4
4274 0
4275 0
4276 4
4278 0
4279 -1
4280 -1
4281 -1
4282 0
4284 -1
4285 -1
4286 49
4287 6
4288 76
4289 -1
4290 -1
4291 -1
4292 4
4293 6
4294 6
4296 8
4297 0
4298 41
4299 -1
4300 4
4301 0
4302 23
4303 4
4304 32
4305 46
4306 0
4307 4
4308 -1
4309 -1
4310 14
4311 6
4312 -1
4313 -1
4314 0
4315 0
4316 32
4317 4
4318 0
4319 0
4320 0
4321 0
4322 -1
4323 50
4324 -1
4325 0
4326 4
4327 -1
4328 7
4329 0
4330 81
4331 30
4332 73
4333 -1
4334 0
4335 4
4337 39
4338 -1
4339 4
4340 5
4341 -1
4342 0
4343 4
4344 51
4345 6
4346 -1
4347 23
4348 4
4349 6
4350 4
4351 27
4352 -1
4353 0
4354 0
4355 0
4356 0
4357 0
4358 4
4359 0
4360 39
4361 -1
4362 -1
4363 0
4364 8
4365 6
4366 -1
4367 4
4369 4
4370 0
4371 6
4372 -1
4373 4
4374 17
4375 63
4376 -1
4377 0
4378 4
4379 6
4380 0
4381 65
4382 0
4383 -1
4384 -1
4385 4
4386 -1
4387 -1
4388 37
4390 -1
4391 -1
4392 0
4393 4
4394 0
4395 4
4396 6
4397 71
4398 4
4399 -1
4400 32
4401 0
4402 -1
4403 -1
4404 -1
4405 4
4406 0
4407 -1
4408 -1
4409 -1
4410 1
4411 6
4412 61
4413 -1
4415 -1
4416 0
4417 4
4418 4
4420 4
4421 6
4422 41
4423 0
4424 59
4425 0
4426 65
4428 4
4429 4
4430 6
4431 33
4432 4
4433 -1
4434 -1
4435 73
4436 51
4437 -1
4439 4
4440 0
4441 -1
4442 71
4443 4
4444 69
4445 32
4446 39
4447 25
4448 75
4449 -1
4451 6
4452 46
4453 0
4454 4
4455 47
4456 0
4457 0
4458 4
4459 6
4460 0
4461 6
4462 0
4463 0
4464 6
4465 4
4466 -1
4467 34
4468 19
4469 -1
4470 4
4471 70
4472 68
4473 6
4474 6
4475 24
4476 -1
4477 -1
4479 21
4480 -1
4481 -1
4482 0
4483 41
4484 -1
4485 6
4486 6
4487 -1
4488 -1
4489 4
4490 23
4491 70
4492 -1
4493 -1
4494 -1
4495 4
4496 3
4497 18
4498 0
4499 -1
4500 -1
4501 49
4502 0
4503 0
4504 4
4505 0
4506 9
4507 6
4508 6
4509 0
4510 54
4511 -1
4512 72
4513 4
4514 -1
4515 -1
4516 60
4517 0
4518 0
4519 -1
4520 4
4521 -1
4522 12
4523 -1
4524 0
4525 0
4526 6
4527 -1
4528 -1
4529 -1
4530 3
4531 -1
4532 0
4533 -1
4534 64
4535 0
4536 -1
4537 0
4538 6
4539 3
4540 6
4541 0
4542 6
4543 0
4545 -1
4546 -1
4547 63
4548 44
4550 47
4551 0
4553 6
4554 0
4555 -1
4556 -1
4557 -1
4558 63
4559 -1
4561 4
4562 -1
4563 0
4564 8
4565 0
4566 4
4567 0
4568 63
4569 -1
4571 -1
4572 0
4573 50
4574 -1
4575 4
4576 0
4577 6
4578 4
4579 7
4580 4
4581 0
4582 4
4583 0
4585 -1
4586 6
4587 -1
4588 13
4589 -1
4590 15
4591 -1
4592 6
4593 0
4594 -1
4595 -1
4596 -1
4598 0
4600 -1
4601 62
4602 -1
4603 0
4604 6
4605 0
4606 54
4608 24
4609 74
4610 3
4611 -1
4612 0
4613 10
4614 -1
4615 0
4616 -1
4617 0
4618 -1
4619 0
4620 40
4621 4
4622 32
4623 6
4624 -1
4625 0
4626 4
4627 -1
4628 -1
4629 -1
4630 -1
4631 4
4632 0
4633 46
4634 -1
4635 4
4636 6
4637 6
4638 -1
4639 24
4640 16
4641 0
4642 -1
4643 4
4644 54
4645 0
4646 -1
4647 6
4648 -1
4649 44
4650 0
4651 0
4652 -1
4653 -1
4654 -1
4655 70
4656 4
4657 0
4658 4
4659 0
4660 6
4661 -1
4662 0
4663 0
4664 6
4665 -1
4666 -1
4667 4
4668 -1
4669 0
4670 -1
4671 0
4672 -1
4673 0
4674 4
4675 6
4676 63
4677 22
4678 -1
4679 0
4680 -1
4681 6
4682 4
4683 74
4684 -1
4685 -1
4686 4
4687 30
4688 -1
4689 3
4690 6
4691 -1
4692 4
4693 0
4694 0
4695 6
4696 18
4697 9
4698 -1
4699 -1
4700 0
4701 4
4702 -1
4703 -1
4704 0
4705 0
4706 83
4707 0
4708 -1
4709 0
4710 0
4711 -1
4712 -1
4713 27
4714 -1
4715 0
4716 4
4717 4
4718 6
4719 -1
4720 6
4721 0
4722 -1
4723 0
4724 4
4725 4
4726 -1
4727 -1
4728 0
4729 -1
4730 8
4731 46
4732 -1
4733 0
4734 -1
4735 6
4737 4
4738 -1
4739 4
4740 -1
4742 4
4744 4
4745 0
4746 -1
4748 -1
4749 -1
4750 0
4752 -1
4753 65
4754 58
4755 -1
4756 0
4757 -1
4759 -1
4760 6
4761 -1
4762 -1
4763 4
4764 -1
4765 0
4766 4
4767 63
4768 0
4769 -1
4770 0
4771 4
4772 -1
4773 61
4774 -1
4775 0
4776 -1
4777 55
4778 57
4779 6
4780 -1
4781 29
4782 17
4783 0
4784 4
4786 6
4787 -1
4788 4
4789 52
4790 4
4791 6
4792 -1
4793 -1
4794 0
4795 33
4796 -1
4797 -1
4798 -1
4799 0
4800 33
4801 -1
4802 -1
4803 -1
4804 -1
4805 4
4806 -1
4807 0
4808 -1
4809 0
4810 -1
4811 -1
4812 4
4813 4
4814 0
4815 -1
4816 79
4817 0
4818 -1
4820 15
4821 0
4822 0
4823 -1
4824 4
4825 -1
4826 -1
4827 6
4828 -1
4829 0
4831 4
4832 49
4833 6
4834 4
4835 6
4836 0
4837 -1
4839 -1
4840 21
4841 6
4842 4
4843 -1
4844 4
4845 -1
4846 -1
4847 4
4848 0
4849 4
4850 -1
4851 6
4852 10
4853 -1
4854 -1
4855 -1
4856 -1
4857 6
4858 4
4859 47
4860 4
4861 -1
4862 6
4863 -1
4864 6
4865 -1
4866 45
4867 -1
4868 0
4869 0
4870 47
4871 -1
4872 0
4873 0
4875 -1
4876 0
4877 4
4878 -1
4879 6
4880 4
4881 4
4882 45
4883 -1
4884 6
4885 52
4886 -1
4887 -1
4888 24
4889 6
4890 4
4891 5
4892 4
4893 14
4894 4
4895 6
4896 0
4897 6
4898 52
4899 -1
4900 17
4901 84
4904 15
4905 -1
4906 -1
4907 -1
4908 33
4909 6
4910 21
4911 -1
4913 4
4914 6
4915 70
4916 0
4917 0
4918 0
4919 74
4921 -1
4922 4
4923 40
4924 0
4925 6
4926 -1
4928 4
4929 0
4931 0
4932 0
4933 6
4934 12
4935 81
4936 -1
4937 -1
4938 -1
4939 56
4940 7
4941 6
4942 6
4944 0
4945 4
4946 -1
4947 0
4948 4
4949 6
4950 0
4951 10
4952 6
4953 36
4954 66
4955 0
4956 0
4957 -1
4958 0
4959 57
4960 -1
4961 0
4962 4
4963 0
4964 0
4965 0
4966 -1
4967 -1
4968 0
4969 -1
4970 65
4971 5
4972 24
4973 0
4974 -1
4975 4
4976 6
4977 -1
4978 68
4979 4
4980 -1
4981 44
4982 21
4983 -1
4984 -1
4985 6
4986 0
4987 39
4988 6
4989 0
4990 -1
4991 77
4992 -1
4993 -1
4994 4
4995 0
4996 6
4997 0
4998 -1
4999 0
5000 0
5001 0
5002 6
5003 0
5004 0
5005 -1
5006 64
5007 4
5008 -1
5009 0
5010 27
5011 74
5012 4
5013 4
5014 6
5015 6
5016 -1
5017 8
5018 0
5019 6
5020 -1
5021 0
5022 0
5023 53
5024 71
5025 71
5026 -1
5027 0
5028 -1
5029 -1
5030 0
5031 -1
5032 0
5033 -1
5035 56
5036 56
5037 34
5038 63
5039 63
5040 63
5042 -1
5043 -1
5044 4
5045 4
5047 46
5048 0
5049 0
5050 -1
5051 -1
5052 6
5053 77
5054 0
5055 0
5056 4
5057 3
5058 -1
5059 -1
5060 -1
5061 0
5062 0
5063 6
5064 -1
5065 46
5066 46
5067 -1
5068 4
5070 -1
5071 0
5072 -1
5073 0
5074 66
5075 0
5076 -1
5077 -1
5082 21
5083 67
5084 0
5085 0
5086 -1
5087 0
5088 0
5089 0
5090 6
5091 17
5092 61
5093 74
5096 6
5097 0
5098 4
5099 6
5100 0
5101 4
5102 -1
5103 -1
5104 63
5105 63
5106 63
5107 14
5108 6
5110 6
5111 6
5112 4
5113 4
5114 0
5115 0
5116 -1
5117 -1
5118 25
5119 0
5120 4
5121 4
5122 -1
5123 -1
5124 0
5125 4
5126 4
5127 6
5128 -1
5129 52
5130 52
5131 0
5133 4
5134 83
5135 4
5136 0
5137 4
5138 4
5139 -1
5140 41
5141 -1
5142 0
5143 0
5144 0
5145 4
5146 4
5147 17
5148 66
5149 0
5150 -1
5151 -1
5152 0
5153 -1
5154 -1
5155 -1
5156 -1
5157 4
5158 0
5159 0
5160 0
5161 0
5162 0
5163 -1
5164 0
5165 6
5166 6
5167 0
5168 -1
5169 13
5170 13
5171 -1
5172 6
5173 6
5174 0
5175 0
5177 -1
5178 39
5179 29
5180 29
5181 19
5182 30
5183 30
5184 4
5185 4
5187 4
5188 -1
5189 -1
5190 -1
5191 0
5192 37
5193 0
5194 -1
5195 0
5196 -1
5197 -1
5198 -1
5199 49
5201 9
5202 9
5203 0
5204 0
5205 0
5206 -1
5207 6
5208 -1
5209 0
5210 0
5211 0
5212 43
5213 -1
5214 -1
5215 -1
5216 -1
5217 28
5218 80
5219 6
5220 6
5221 4
5222 -1
5223 -1
5224 0
5225 6
5226 32
5227 -1
5228 -1
5229 83
5230 4
5231 -1
5232 -1
5233 6
5234 6
5235 4
5236 4
5237 45
5238 45
5239 0
5240 66
5241 -1
5242 -1
5243 58
5244 58
5245 73
5246 73
5247 -1
5248 4
5249 4
5250 4
5251 0
5252 0
5253 0
5254 -1
5255 0
5256 -1
5257 -1
5258 -1
5259 70
5260 6
5261 42
5262 0
5263 67
5264 -1
5265 -1
5266 4
5267 4
5268 -1
5269 0
5270 -1
5271 13
5272 13
5274 4
5275 4
5276 26
5277 26
5278 -1
5279 0
5280 4
5281 62
5282 62
5283 -1
5284 72
5285 72
5286 4
5287 4
5288 -1
5289 6
5290 6
5291 -1
5292 65
5293 65
5294 -1
5295 4
5296 0
5297 -1
5298 -1
5299 0
5300 6
5301 27
5302 -1
5303 34
5304 -1
5305 -1
5306 -1
5307 4
5308 4
5309 -1
5310 -1
5311 25
5312 -1
5313 -1
5314 18
5315 18
5316 -1
5317 0
5318 -1
5319 0
5320 0
5321 12
5322 0
5323 0
5324 0
5325 0
5327 -1
5328 -1
5329 -1
5330 4
5332 6
5333 -1
5334 68
5335 -1
5336 45
5338 0
5339 -1
5340 6
5341 4
5342 4
5343 84
5344 6
5345 6
5346 -1
5347 70
5348 0
5349 0
5350 -1
5351 64
5352 6
5353 6
5354 -1
5355 0
5356 17
5357 74
5358 15
5359 15
5360 0
5361 4
5362 0
5363 -1
5364 0
5365 0
5366 0
5367 -1
5370 0
5371 0
5372 0
5373 0
5374 0
5375 6
5376 0
5377 4
5378 4
5379 -1
5380 -1
5381 0
5382 -1
5383 -1
5384 -1
5385 -1
5386 -1
5387 60
5388 18
5389 18
5390 -1
5391 0
5392 0
5393 0
5394 4
5395 -1
5396 0
5397 0
5399 0
5400 -1
5401 12
5402 0
5403 0
5404 40
5405 40
5406 -1
5407 -1
5408 -1
5409 4
5410 4
5411 0
5412 4
5413 0
5414 -1
5415 -1
5416 0
5417 0
5418 1
5419 0
5420 16
5421 -1
5422 0
5423 0
5424 0
5425 -1
5426 4
5427 26
5428 26
5429 26
5430 6
5431 0
5432 0
5433 0
5434 0
5435 -1
5436 72
5437 72
5438 29
5439 29
5440 -1
5441 -1
5442 0
5443 -1
5444 30
5445 30
5446 -1
5447 6
5448 3
5449 -1
5450 -1
5451 4
5452 -1
5453 0
5454 6
5455 37
5456 4
5457 4
5458 8
5459 8
5460 0
5461 0
5462 0
5463 0
5464 0
5465 0
5466 -1
5467 -1
5468 -1
5469 -1
5470 -1
5471 -1
5472 -1
5473 -1
5474 0
5475 0
5476 0
5477 -1
5478 -1
5479 -1
5480 0
5481 4
5483 -1
5484 -1
5485 -1
5486 58
5487 58
5488 0
5489 -1
5490 -1
5491 4
5492 4
5493 -1
5494 20
5495 20
5496 -1
5497 21
5498 21
5499 -1
5500 -1
5501 4
5502 6
5503 6
5504 -1
5505 0
5506 0
5507 0
5508 0
5509 0
5510 6
5511 6
5512 6
5513 -1
5514 4
5515 4
5516 3
5517 -1
5518 -1
5519 -1
5520 0
5521 -1
5522 0
5523 -1
5524 0
5525 0
5526 14
5527 14
5528 6
5529 -1
5530 0
5531 0
5532 0
5533 0
5534 -1
5535 -1
5536 -1
5537 0
5538 6
5539 6
5540 6
5541 0
5542 -1
5543 -1
5544 -1
5545 -1
5546 40
5547 40
5548 4
5549 4
5550 0
5551 4
5552 -1
5553 6
5554 6
5555 0
5556 6
5557 4
5558 4
5559 4
5560 0
5561 0
5563 53
5564 -1
5565 -1
5566 0
5568 6
5569 84
5570 -1
5571 6
5572 6
5573 -1
5574 6
5575 0
5576 0
5577 0
5578 0
5579 -1
5580 -1
5581 -1
5582 -1
5583 -1
5584 -1
5585 0
5586 21
5587 21
5588 4
5589 4
5590 0
5591 0
5592 -1
5593 -1
5594 44
5595 44
5596 53
5597 -1
5598 0
5599 -1
5600 0
5601 0
5602 -1
5603 8
5604 8
5605 -1
5606 0
5607 0
5608 4
5609 25
5610 -1
5611 0
5612 -1
5613 -1
5614 -1
5615 60
5616 46
5617 46
5618 -1
5619 -1
5620 -1
5621 -1
5622 4
5623 -1
5624 -1
5625 4
5626 -1
5627 -1
5628 4
5629 41
5630 -1
5631 -1
5632 12
5633 -1
5634 -1
5635 -1
5636 0
5637 0
5638 4
5639 4
5640 -1
5641 -1
5642 0
5643 4
5644 4
5645 0
5646 0
5647 0
5648 4
5649 0
5650 -1
5651 -1
5652 -1
5653 -1
5654 -1
5655 6
5656 -1
5657 -1
5658 -1
5659 -1
5660 65
5661 4
5662 -1
5663 -1
5664 53
5665 0
5666 -1
5667 0
5668 -1
5669 -1
5670 23
5671 23
5672 -1
5673 0
5674 -1
5675 53
5676 53
5677 4
5678 -1
5679 -1
5680 -1
5681 0
5682 -1
5683 -1
5684 -1
5685 63
5686 63
5687 63
5688 -1
5689 -1
5690 0
5691 0
5692 6
5693 -1
5694 -1
5695 0
5696 0
5697 4
5698 4
5699 4
5700 -1
5701 -1
5702 -1
5703 6
5704 0
5705 -1
5706 17
5707 0
5708 0
5709 0
5710 0
5711 4
5712 4
5713 -1
5714 -1
5715 41
5716 6
5717 -1
5718 -1
5719 -1
5720 -1
5721 0
5722 0
5723 -1
5724 69
5725 11
5726 11
5727 6
5728 6
5729 6
5730 6
