0 210
1 214
2 202
3 79
4 111
5 237
6 92
7 81
8 182
9 117
10 105
11 246
12 247
13 102
14 71
15 180
16 123
17 159
18 120
19 153
20 229
21 92
22 78
23 244
24 87
25 75
26 22
27 215
28 188
29 120
30 186
31 40
32 89
33 40
34 167
35 95
36 171
37 226
38 98
39 106
40 199
41 104
42 74
43 219
44 19
45 231
46 45
47 79
48 248
49 22
50 136
51 53
52 80
53 186
54 177
55 200
56 41
57 148
58 194
59 220
60 3
61 178
62 180
63 206
64 224
65 149
66 202
67 213
68 130
69 2
70 54
71 232
72 221
73 38
74 132
75 135
76 89
77 63
78 111
79 60
80 14
81 185
82 40
83 12
84 34
85 21
86 82
87 78
88 174
89 203
90 186
91 161
92 97
93 196
94 188
95 181
96 12
97 63
98 166
99 193
100 192
101 108
102 86
103 56
104 42
105 99
106 53
107 198
108 190
109 121
110 49
111 34
112 69
113 47
114 73
115 85
116 10
117 12
118 224
119 235
120 111
121 72
122 84
123 16
124 5
125 228
126 46
127 45
128 183
129 59
130 17
131 162
132 14
133 30
134 56
135 121
136 79
137 31
138 162
139 224
140 65
141 2
142 20
143 35
144 92
145 151
146 156
147 158
148 225
149 230
150 152
151 72
152 182
153 186
154 61
155 223
156 130
157 90
158 204
159 47
160 228
161 12
162 56
163 176
164 234
165 6
166 225
167 123
168 164
169 71
170 241
171 226
172 72
173 189
174 146
175 180
176 180
177 102
178 93
179 85
180 227
181 232
182 66
183 97
184 154
185 63
186 79
187 16
188 155
189 63
190 4
191 56
192 130
193 186
194 78
195 107
196 238
197 9
198 41
199 11
200 66
201 55
202 75
203 219
204 33
205 158
206 202
207 79
208 105
209 77
210 164
211 2
212 133
213 174
214 0
215 226
216 52
217 222
218 37
219 229
220 246
221 130
222 1
223 61
224 92
225 45
226 122
227 186
228 48
229 123
230 102
231 236
232 200
233 173
234 87
235 103
236 110
237 197
238 187
239 43
240 38
241 128
242 66
243 146
244 222
245 30
246 117
247 55
248 30
249 67
250 126
251 115
252 88
253 228
254 228
255 43
256 105
257 212
258 129
259 186
260 136
261 12
262 185
263 108
264 165
265 195
266 132
267 227
268 108
269 126
270 20
271 129
272 121
273 177
274 79
275 185
276 49
277 117
278 152
279 201
280 101
281 41
282 152
283 62
284 152
285 228
286 205
287 21
288 125
289 40
290 209
291 102
292 246
293 53
294 130
295 82
296 186
297 25
298 17
301 94
302 170
303 125
304 3
305 40
306 199
307 223
308 85
309 80
310 185
311 28
312 98
313 97
314 6
315 234
316 228
317 164
318 134
319 4
320 6
321 108
322 47
323 54
324 25
325 141
326 117
327 226
328 193
329 152
330 124
331 92
332 182
333 129
334 164
335 139
336 63
337 17
338 12
339 5
340 105
341 203
342 195
343 14
344 42
345 140
346 210
347 3
348 215
349 113
350 53
351 6
352 112
353 160
354 25
355 177
356 152
357 135
358 143
359 39
360 72
361 21
362 78
363 63
364 25
365 119
366 209
367 95
368 80
369 180
370 79
371 20
372 113
373 115
374 155
375 179
376 105
377 16
378 96
379 174
380 7
381 3
382 119
383 4
384 61
385 224
386 229
387 140
388 92
389 210
390 8
391 163
392 30
393 186
394 49
395 72
396 225
397 186
398 0
399 45
400 221
401 45
402 68
403 142
404 239
405 239
407 49
408 1
409 104
410 109
411 19
412 126
413 183
414 58
415 87
416 124
417 96
418 209
419 92
420 111
421 158
422 147
423 6
424 25
425 125
426 8
427 224
428 45
429 72
430 26
431 23
432 79
433 55
434 212
435 160
436 176
437 112
438 57
439 29
440 38
441 72
442 151
443 97
444 127
445 233
446 232
447 12
448 12
449 65
450 226
451 48
452 64
453 102
454 61
455 137
456 164
457 210
458 37
459 45
460 116
461 1
462 72
463 55
464 55
465 210
466 47
467 194
468 216
469 38
470 110
471 34
472 132
473 77
474 221
475 60
476 218
477 47
478 169
479 104
480 242
481 222
482 123
483 139
484 186
485 74
486 101
487 97
488 71
489 159
490 7
491 166
492 137
493 186
494 1
495 117
496 211
497 99
498 29
499 225
500 107
501 91
502 108
503 246
504 47
505 165
506 211
507 31
508 231
509 94
510 16
511 69
512 58
513 108
514 41
515 94
516 86
517 83
518 155
519 176
520 242
522 237
523 195
524 78
525 84
526 105
527 247
528 35
529 176
530 108
531 227
532 45
533 206
534 79
535 112
536 145
537 49
538 96
539 194
540 98
541 160
542 50
543 195
544 126
545 162
546 81
547 189
548 38
549 211
550 14
551 20
552 126
553 81
554 153
555 203
556 221
557 113
558 19
559 77
560 12
561 171
562 190
563 77
564 117
565 189
566 62
567 14
568 117
569 176
570 168
571 15
572 41
573 121
574 98
575 220
576 40
577 195
578 215
579 159
580 123
581 150
582 78
583 142
584 57
585 202
586 28
587 112
588 153
589 78
590 61
591 126
592 153
593 19
594 26
595 189
596 197
597 137
598 247
599 13
600 249
601 154
602 55
603 152
604 97
605 78
606 97
607 163
608 54
609 129
610 219
611 234
612 44
613 50
614 150
615 105
616 151
617 29
618 186
619 176
620 233
621 154
622 102
623 70
624 125
626 190
627 82
628 51
629 14
630 37
631 215
632 136
633 186
634 58
635 100
636 124
637 93
638 117
639 52
640 117
641 103
642 165
643 236
644 26
645 89
646 158
647 69
648 111
649 199
650 207
651 175
652 138
654 147
655 23
656 63
657 198
658 4
659 171
660 47
661 72
662 116
663 95
664 175
665 224
666 231
667 33
668 115
669 4
670 63
671 113
672 55
673 119
674 71
675 97
676 233
677 14
678 148
679 164
680 21
681 32
682 224
683 202
684 12
685 212
686 238
687 6
688 12
689 83
690 10
691 6
692 6
693 190
694 98
695 248
696 159
697 210
698 82
699 222
700 108
701 126
702 171
703 248
704 84
705 1
706 209
707 199
708 209
709 192
710 72
711 105
712 202
713 230
715 198
716 40
717 221
718 58
719 203
720 48
721 176
722 58
723 78
724 114
725 60
726 40
727 228
728 129
729 49
730 26
731 161
732 130
733 234
734 1
735 226
736 78
737 179
738 196
739 25
740 224
741 1
742 79
743 12
744 38
745 147
746 117
747 220
748 83
749 178
750 6
751 219
752 176
753 6
754 40
755 69
756 216
757 241
758 0
759 16
760 37
761 5
762 7
763 72
764 247
765 38
766 108
767 137
768 23
769 39
770 47
771 21
772 181
773 170
774 71
775 224
776 175
777 212
778 55
779 52
780 13
781 26
782 143
783 161
784 188
785 214
786 186
787 166
788 127
790 211
791 97
792 17
793 189
794 234
795 153
796 12
797 113
798 102
799 105
800 129
801 184
802 220
803 76
804 152
805 70
806 192
807 45
808 38
809 180
810 30
811 181
812 186
813 13
814 145
815 209
816 83
817 176
818 97
819 56
820 20
821 203
822 64
823 132
824 121
825 14
826 6
827 23
828 185
829 11
830 96
831 105
832 150
833 131
834 45
835 153
836 195
837 156
838 167
839 128
840 123
841 125
842 58
843 87
844 79
845 71
846 225
847 52
848 171
849 220
850 106
851 191
852 73
853 147
854 229
855 224
856 12
857 134
858 117
859 233
860 134
861 92
862 217
863 213
864 105
865 12
866 43
867 45
868 94
869 188
870 101
871 20
872 38
873 34
874 102
875 68
876 33
877 55
878 110
879 91
880 106
881 128
882 78
883 136
884 99
885 13
886 211
887 119
888 173
889 80
890 137
891 147
892 216
893 195
894 57
895 47
896 237
897 93
898 72
899 94
900 238
901 72
902 139
903 94
904 82
905 59
906 89
907 215
908 143
909 33
910 59
911 61
912 234
913 229
914 243
915 2
916 232
917 29
918 6
919 104
920 4
921 149
922 129
923 246
924 79
925 115
926 77
927 122
928 183
929 238
930 247
931 224
932 95
933 152
934 195
935 192
936 45
937 212
938 19
939 177
940 6
941 37
942 212
943 172
944 76
945 131
946 122
947 130
948 47
949 228
950 233
951 186
952 193
953 130
954 190
955 226
956 63
957 0
958 49
959 136
960 106
961 94
962 150
963 211
964 234
965 23
966 97
967 133
968 14
969 86
970 130
971 3
972 92
973 226
974 104
975 77
976 122
977 29
978 55
979 61
980 173
981 191
982 4
983 79
984 162
985 61
986 143
987 7
988 33
989 177
990 83
991 45
992 104
993 182
994 84
995 226
996 161
997 61
998 129
999 47
1000 148
1001 61
1002 66
1003 104
1004 98
1005 103
1006 147
1007 83
1008 40
1009 189
1010 181
1011 126
1012 207
1013 149
1014 55
1015 226
1016 17
1018 12
1019 177
1020 77
1021 26
1022 5
1023 79
1024 225
1025 18
1026 195
1027 99
1028 13
1029 58
1030 102
1031 55
1032 141
1033 165
1034 1
1035 191
1036 57
1037 54
1038 0
1039 177
1040 40
1041 61
1042 103
1043 195
1044 164
1045 1
1046 101
1047 38
1048 188
1049 48
1050 110
1051 59
1052 135
1053 175
1054 229
1055 12
1056 89
1057 95
1058 163
1059 58
1060 241
1061 83
1062 72
1063 233
1064 242
1065 176
1066 54
1067 54
1068 72
1069 239
1070 99
1071 87
1072 204
1073 211
1074 31
1075 115
1076 35
1077 160
1078 92
1079 60
1080 160
1081 24
1082 82
1083 232
1084 48
1085 229
1086 53
1087 214
1088 92
1089 228
1090 189
1091 236
1092 82
1093 209
1094 84
1095 28
1096 12
1097 52
1098 53
1099 80
1100 238
1101 64
1102 19
1103 180
1104 197
1105 6
1106 27
1107 78
1108 32
1109 106
1110 158
1111 38
1112 179
1113 180
1114 91
1115 0
1116 112
1117 229
1118 85
1119 97
1120 179
1121 64
1122 234
1123 214
1124 183
1125 164
1126 149
1127 236
1128 89
1129 30
1130 120
1131 165
1132 1
1133 226
1134 167
1135 189
1136 77
1137 126
1138 126
1139 161
1140 229
1141 224
1142 189
1143 120
1144 98
1145 224
1146 64
1147 138
1148 24
1149 150
1150 105
1151 19
1152 49
1153 181
1154 170
1155 45
1156 40
1157 190
1158 65
1159 195
1160 59
1161 99
1162 179
1163 196
1164 202
1165 38
1166 90
1167 14
1168 173
1169 207
1170 37
1171 189
1172 94
1173 40
1174 208
1175 34
1176 164
1177 180
1178 35
1179 234
1180 202
1181 108
1182 20
1183 224
1184 215
1185 139
1186 187
1187 67
1188 58
1189 54
1190 0
1191 16
1192 212
1193 177
1194 171
1195 113
1196 83
1197 127
1198 53
1199 212
1200 110
1201 233
1202 124
1203 77
1205 119
1206 245
1207 5
1208 163
1209 3
1210 223
1211 124
1212 197
1213 165
1214 162
1215 49
1216 49
1217 205
1218 115
1219 212
1220 64
1221 16
1222 59
1223 45
1224 90
1225 171
1226 119
1227 218
1228 145
1229 159
1230 21
1231 74
1232 135
1233 109
1234 22
1235 106
1236 13
1237 97
1238 141
1239 87
1240 224
1241 154
1242 105
1243 188
1244 147
1245 230
1246 103
1247 41
1248 8
1249 24
1250 49
1251 176
1252 149
1253 57
1254 115
1255 69
1256 178
1257 143
1258 165
1259 130
1260 149
1261 76
1262 234
1263 66
1264 23
1265 16
1266 220
1267 247
1268 246
1269 71
1270 79
1271 128
1273 113
1274 174
1275 130
1277 32
1278 12
1279 202
1280 139
1281 58
1282 198
1283 93
1284 47
1285 56
1286 123
1287 61
1288 193
1289 69
1290 186
1291 56
1292 238
1293 72
1294 161
1295 189
1296 143
1297 164
1298 180
1299 94
1300 15
1301 24
1302 236
1303 66
1304 1
1305 183
1306 42
1307 87
1308 60
1309 65
1310 180
1311 55
1312 234
1313 54
1314 228
1315 38
1316 26
1317 189
1318 93
1319 27
1320 108
1321 152
1322 111
1323 164
1324 1
1325 78
1326 127
1327 162
1328 89
1329 226
1330 130
1331 69
1332 247
1333 92
1334 211
1335 72
1336 128
1337 171
1338 151
1339 235
1340 61
1341 57
1342 172
1343 31
1344 249
1345 236
1346 56
1347 90
1348 130
1349 204
1350 237
1351 13
1352 108
1353 189
1354 108
1355 240
1356 234
1357 69
1358 113
1359 10
1360 35
1361 155
1362 108
1363 225
1364 45
1365 168
1366 179
1367 77
1368 46
1369 23
1370 239
1371 38
1372 158
1373 145
1374 97
1375 60
1376 224
1377 43
1378 167
1379 94
1380 105
1381 72
1382 123
1383 94
1384 158
1385 24
1386 6
1387 6
1388 173
1389 124
1390 216
1391 164
1392 175
1393 97
1394 26
1396 53
1397 14
1398 43
1400 225
1401 44
1402 6
1403 55
1404 34
1405 218
1406 234
1407 73
1408 97
1409 23
1410 106
1411 132
1412 101
1413 118
1414 97
1415 49
1416 94
1417 83
1418 118
1419 20
1420 66
1421 180
1422 33
1423 164
1425 107
1426 154
1427 190
1428 172
1429 103
1430 77
1431 97
1432 92
1433 43
1434 214
1435 64
1436 130
1437 176
1438 222
1439 28
1440 181
1441 52
1442 224
1443 143
1444 95
1445 237
1446 6
1447 73
1448 45
1449 72
1450 12
1451 235
1452 110
1453 182
1454 152
1455 174
1456 170
1457 17
1458 130
1459 13
1460 2
1461 108
1463 3
1464 108
1465 227
1466 186
1467 80
1468 110
1469 28
1470 53
1471 32
1472 84
1473 247
1474 15
1475 113
1476 113
1477 28
1478 184
1479 4
1480 197
1481 97
1482 132
1483 76
1484 19
1485 243
1486 81
1487 52
1488 219
1489 226
1490 176
1491 152
1493 134
1494 97
1495 239
1496 72
1497 49
1498 151
1499 241
1500 68
1501 214
1502 205
1503 184
1504 50
1505 99
1506 139
1507 47
1508 192
1509 68
1510 101
1511 133
1512 176
1513 90
1514 195
1515 0
1516 72
1517 101
1518 45
1519 40
1520 177
1521 67
1522 41
1523 130
1524 8
1525 3
1526 142
1527 186
1528 45
1529 186
1530 25
1531 180
1532 105
1533 97
1534 171
1535 17
1536 23
1537 78
1538 89
1539 3
1540 19
1541 224
1542 23
1543 24
1544 14
1545 65
1546 53
1547 162
1548 110
1549 3
1550 76
1551 63
1552 27
1553 56
1554 232
1555 175
1556 164
1557 234
1558 40
1559 61
1560 25
1561 79
1562 104
1563 240
1564 66
1565 86
1566 137
1567 141
1568 32
1569 26
1570 21
1571 245
1572 25
1573 78
1574 25
1575 226
1576 3
1577 135
1578 108
1579 195
1580 245
1581 148
1582 38
1583 197
1584 243
1585 130
1586 4
1587 45
1588 4
1589 142
1590 219
1591 3
1592 13
1593 61
1594 3
1595 74
1596 3
1597 137
1598 39
1599 101
1600 4
1601 40
1602 192
1603 97
1604 143
1605 1
1606 41
1607 229
1608 161
1609 160
1610 91
1611 225
1612 174
1613 45
1614 49
1615 41
1616 40
1617 89
1618 205
1619 79
1620 182
1621 63
1622 177
1623 139
1624 81
1625 136
1626 64
1627 182
1628 97
1629 207
1630 95
1631 39
1632 149
1633 146
1634 186
1635 181
1636 197
1637 45
1638 39
1639 247
1640 147
1641 39
1642 26
1643 20
1644 106
1645 66
1646 104
1647 55
1648 45
1649 212
1650 123
1651 53
1652 126
1653 16
1654 0
1655 14
1656 198
1657 180
1658 196
1659 238
1660 245
1661 55
1662 58
1663 92
1664 217
1665 186
1666 58
1667 188
1668 141
1669 131
1670 145
1671 32
1672 33
1673 91
1674 238
1675 147
1676 215
1677 8
1678 3
1679 103
1680 38
1681 189
1682 150
1683 108
1684 108
1685 21
1686 215
1688 156
1689 148
1690 152
1691 45
1692 60
1693 148
1694 27
1695 176
1696 220
1697 168
1698 117
1699 61
1700 69
1701 41
1702 19
1703 237
1704 126
1705 44
1706 239
1707 60
1708 27
1709 226
1710 110
1711 14
1712 235
1713 23
1714 169
1716 5
1717 126
1718 185
1719 3
1720 126
1721 61
1722 90
1723 94
1725 84
1726 111
1727 241
1728 32
1729 178
1730 92
1731 224
1732 182
1733 47
1734 3
1735 14
1736 30
1737 59
1738 177
1739 180
1740 186
1741 47
1742 168
1743 202
1744 150
1745 52
1746 88
1747 108
1748 58
1749 241
1750 49
1751 56
1752 242
1753 146
1754 36
1755 129
1756 150
1757 214
1758 56
1759 119
1760 86
1761 31
1762 46
1764 166
1765 219
1766 114
1767 126
1768 102
1770 22
1771 191
1772 78
1773 222
1774 225
1775 75
1776 134
1777 111
1778 184
1779 222
1780 0
1781 5
1782 186
1783 202
1784 222
1785 164
1786 44
1787 67
1788 180
1789 156
1790 23
1791 24
1792 106
1793 2
1794 103
1795 45
1796 117
1797 64
1798 97
1799 123
1800 179
1801 47
1802 19
1803 101
1804 128
1805 168
1806 60
1807 82
1808 60
1809 99
1810 40
1811 83
1812 179
1813 120
1814 1
1815 185
1816 4
1817 190
1818 70
1819 239
1820 148
1821 130
1822 27
1823 77
1824 0
1825 30
1826 141
1827 92
1828 180
1829 203
1830 181
1831 246
1832 147
1833 6
1834 222
1835 69
1836 234
1837 33
1838 180
1839 73
1840 57
1841 28
1842 97
1843 61
1844 180
1845 33
1846 133
1847 133
1848 53
1849 224
1850 183
1851 83
1852 86
1853 68
1854 45
1855 227
1856 20
1857 141
1858 234
1859 2
1860 13
1861 31
1862 225
1863 175
1864 164
1865 226
1866 97
1867 178
1868 78
1869 131
1870 184
1871 224
1872 8
1873 40
1874 141
1875 80
1876 23
1877 10
1878 60
1879 147
1881 63
1882 13
1883 195
1884 12
1885 58
1886 207
1887 180
1888 80
1889 226
1890 79
1891 19
1892 47
1893 27
1894 215
1895 78
1896 133
1897 178
1898 50
1899 89
1900 63
1901 244
1902 20
1903 72
1904 55
1905 163
1906 118
1907 232
1908 98
1909 145
1910 125
1911 47
1912 11
1913 37
1914 155
1915 183
1916 23
1917 77
1918 227
1919 56
1920 195
1921 186
1922 160
1923 39
1924 63
1925 97
1926 225
1927 143
1928 161
1929 6
1930 228
1931 180
1932 133
1933 186
1934 85
1935 152
1936 162
1937 63
1938 25
1939 106
1940 23
1941 113
1942 204
1943 104
1944 114
1945 61
1946 9
1947 40
1948 71
1949 224
1950 155
1951 224
1952 201
1953 139
1954 19
1955 224
1956 1
1957 89
1958 161
1959 115
1960 159
1961 100
1962 42
1963 215
1964 20
1965 96
1966 205
1967 40
1968 165
1969 35
1970 85
1971 222
1972 178
1973 108
1974 120
1975 221
1976 248
1977 39
1978 155
1979 115
1980 12
1981 245
1982 144
1983 90
1984 202
1985 41
1986 22
1987 83
1988 95
1989 139
1990 108
1991 54
1992 128
1993 121
1994 70
1995 78
1996 66
1997 117
1998 178
1999 194
2000 96
2002 7
2003 53
2004 240
2006 136
2007 47
2008 133
2009 91
2010 92
2011 108
2012 225
2013 207
2014 160
2015 164
2016 174
2017 114
2018 62
2019 142
2020 1
2021 234
2022 59
2023 180
2024 176
2025 208
2026 219
2027 15
2028 201
2029 20
2030 79
2031 193
2032 176
2033 40
2034 181
2035 220
2037 31
2038 206
2039 103
2040 77
2041 20
2042 90
2043 6
2044 190
2045 149
2046 40
2047 179
2049 50
2050 66
2051 186
2052 15
2053 226
2054 6
2055 3
2056 17
2057 9
2058 228
2059 14
2060 221
2061 105
2062 105
2063 206
2064 238
2065 234
2066 11
2067 20
2068 114
2069 172
2070 183
2071 130
2072 77
2073 33
2074 41
2075 163
2076 180
2077 156
2078 78
2079 85
2080 224
2081 229
2082 161
2083 60
2084 63
2085 156
2086 61
2087 55
2088 36
2089 108
2090 146
2091 177
2092 139
2093 42
2094 78
2095 61
2096 109
2097 87
2098 181
2099 116
2100 47
2101 43
2102 161
2103 72
2104 156
2105 181
2106 20
2107 63
2108 201
2109 154
2110 88
2111 186
2112 102
2113 104
2114 171
2115 183
2116 9
2117 149
2118 53
2119 57
2120 161
2121 28
2122 15
2123 49
2125 179
2126 79
2127 209
2128 229
2129 89
2130 247
2131 0
2132 23
2133 63
2134 60
2135 224
2136 39
2137 1
2138 23
2139 167
2140 55
2141 117
2142 245
2143 135
2144 248
2145 39
2146 12
2147 144
2148 202
2149 204
2150 40
2151 77
2152 161
2153 45
2154 8
2155 207
2156 71
2157 94
2158 67
2159 238
2160 24
2161 27
2162 147
2163 215
2164 130
2165 91
2166 221
2167 31
2168 66
2169 195
2170 213
2171 153
2172 1
2173 14
2174 0
2175 159
2176 102
2177 38
2178 164
2179 207
2180 104
2181 40
2182 63
2183 125
2184 165
2185 62
2186 115
2187 117
2188 153
2189 55
2190 0
2191 248
2192 77
2193 246
2194 225
2195 200
2196 212
2197 59
2198 6
2199 22
2200 63
2201 76
2202 50
2203 208
2204 34
2205 232
2207 152
2208 145
2209 149
2211 45
2212 40
2213 11
2214 239
2215 192
2216 177
2217 38
2218 196
2219 0
2220 243
2221 34
2222 90
2223 170
2224 188
2225 106
2226 178
2227 25
2228 17
2229 98
2230 189
2231 81
2232 103
2233 129
2234 118
2235 232
2236 109
2237 234
2238 181
2239 172
2240 6
2241 66
2242 231
2243 35
2244 190
2245 111
2246 80
2247 91
2248 212
2249 85
2250 1
2251 72
2252 17
2253 29
2254 3
2255 58
2256 103
2257 185
2258 88
2260 167
2261 122
2262 5
2263 161
2264 125
2265 6
2266 202
2267 204
2268 245
2269 147
2270 226
2271 119
2272 197
2273 113
2274 127
2275 79
2276 114
2277 119
2278 94
2279 137
2280 14
2281 228
2282 6
2283 0
2284 249
2285 98
2286 232
2287 98
2288 220
2289 98
2290 188
2291 182
2292 126
2293 75
2294 71
2295 190
2296 71
2297 32
2298 96
2299 209
2300 111
2301 86
2302 49
2303 100
2304 13
2305 68
2306 192
2307 242
2309 104
2310 145
2311 208
2312 118
2313 171
2314 130
2315 55
2316 164
2317 206
2318 74
2319 189
2320 158
2321 26
2322 17
2323 72
2324 121
2325 188
2327 143
2328 142
2329 49
2330 86
2331 219
2332 49
2333 212
2334 228
2335 3
2336 212
2337 57
2338 197
2339 206
2340 175
2341 31
2342 248
2343 180
2344 72
2345 128
2346 78
2347 248
2348 3
2349 106
2350 224
2351 82
2352 199
2353 209
2354 22
2355 27
2356 177
2357 176
2358 224
2359 10
2361 45
2362 77
2363 157
2364 96
2365 40
2366 135
2367 77
2368 31
2369 177
2370 109
2371 55
2372 212
2373 49
2374 20
2375 84
2376 172
2377 96
2378 45
2379 160
2380 161
2382 238
2383 238
2384 143
2385 247
2386 167
2387 97
2388 212
2389 75
2390 186
2391 40
2392 99
2393 36
2394 119
2395 13
2396 104
2398 244
2399 0
2400 79
2401 13
2403 155
2404 113
2405 237
2406 142
2407 134
2408 226
2410 156
2411 61
2412 22
2413 103
2414 72
2415 3
2416 234
2417 0
2418 195
2419 223
2420 177
2421 105
2422 97
2423 94
2424 130
2425 211
2426 183
2427 18
2428 202
2429 209
2430 111
2431 78
2432 114
2433 141
2434 72
2435 50
2436 149
2437 184
2438 99
2439 203
2440 81
2441 106
2442 188
2443 195
2444 10
2445 31
2446 79
2447 57
2448 98
2449 73
2450 166
2451 115
2452 61
2453 145
2454 101
2455 181
2456 226
2457 225
2458 57
2459 60
2460 154
2461 202
2462 169
2463 136
2464 123
2465 83
2466 208
2467 12
2468 104
2469 240
2470 213
2471 203
2472 117
2473 18
2474 92
2475 132
2476 41
2477 117
2478 120
2479 8
2480 32
2481 85
2482 23
2483 148
2484 3
2485 14
2486 112
2487 131
2488 86
2489 63
2490 19
2491 105
2492 205
2493 173
2494 69
2495 20
2496 18
2497 202
2498 149
2499 132
2500 160
2501 142
2503 215
2504 38
2505 12
2506 161
2507 54
2508 23
2509 49
2511 102
2512 204
2513 66
2514 107
2515 224
2516 239
2517 120
2518 181
2519 19
2520 185
2521 188
2522 192
2523 97
2524 40
2525 2
2526 147
2527 130
2528 71
2529 212
2530 169
2531 179
2532 219
2533 83
2534 139
2535 32
2536 43
2537 62
2538 225
2539 40
2540 211
2541 28
2542 134
2543 180
2544 215
2545 186
2546 60
2547 209
2548 180
2549 54
2550 24
2551 55
2552 52
2553 47
2554 47
2555 3
2556 226
2557 35
2558 245
2559 117
2560 72
2561 180
2562 157
2563 203
2564 163
2565 41
2566 94
2567 34
2568 189
2569 70
2570 102
2571 153
2572 228
2573 110
2574 211
2575 62
2576 224
2577 47
2578 30
2579 105
2581 70
2582 18
2583 76
2584 238
2585 247
2587 181
2588 89
2589 75
2590 141
2591 20
2592 240
2593 69
2595 78
2596 177
2597 36
2598 79
2599 73
2600 66
2601 70
2602 185
2603 14
2604 238
2605 12
2606 102
2608 134
2609 30
2610 163
2611 26
2612 196
2613 77
2614 139
2615 195
2616 52
2617 216
2618 10
2619 141
2620 212
2621 135
2622 1
2623 95
2624 147
2625 126
2626 50
2627 40
2628 247
2629 3
2630 76
2631 41
2632 163
2633 52
2634 69
2635 116
2636 63
2637 104
2638 40
2639 79
2640 176
2641 31
2642 57
2643 76
2644 58
2645 95
2646 135
2647 84
2648 150
2649 217
2650 102
2651 23
2652 181
2653 51
2654 223
2655 36
2656 247
2657 190
2658 241
2659 197
2660 72
2661 148
2662 177
2663 212
2665 78
2666 224
2667 159
2668 224
2669 101
2670 63
2671 161
2672 239
2673 89
2674 27
2675 20
2676 215
2677 12
2678 61
2679 55
2681 79
2682 87
2683 127
2684 120
2685 47
2686 237
2687 78
2688 17
2689 69
2690 166
2691 62
2692 214
2693 63
2694 113
2695 126
2696 59
2697 56
2698 156
2699 1
2700 89
2701 233
2702 153
2703 122
2704 231
2705 165
2706 181
2707 18
2708 77
2709 40
2710 179
2711 9
2712 229
2713 151
2714 181
2715 129
2717 40
2718 227
2719 225
2720 225
2721 198
2722 76
2723 193
2724 61
2725 0
2727 45
2728 21
2729 214
2730 23
2731 167
2732 3
2733 43
2734 60
2735 243
2736 55
2737 215
2738 53
2739 27
2740 12
2741 69
2742 122
2743 172
2744 61
2745 111
2746 44
2747 25
2748 229
2749 195
2750 55
2751 151
2752 177
2753 162
2754 204
2755 191
2756 85
2757 68
2758 29
2759 13
2760 82
2761 55
2762 154
2763 172
2764 29
2765 59
2766 232
2767 206
2768 6
2769 55
2770 226
2771 147
2773 186
2774 7
2775 164
2776 230
2777 240
2778 186
2779 28
2780 215
2781 72
2782 193
2783 209
2784 3
2785 47
2786 37
2787 224
2788 131
2789 128
2790 41
2791 152
2792 15
2793 234
2794 28
2795 38
2796 63
2797 58
2798 183
2799 171
2800 97
2801 40
2802 204
2803 151
2804 167
2805 180
2806 137
2807 38
2808 169
2809 209
2810 202
2811 80
2812 67
2813 69
2814 204
2815 62
2816 93
2817 111
2818 40
2819 119
2820 99
2821 167
2822 220
2823 77
2824 14
2826 77
2827 61
2828 13
2829 9
2830 128
2831 88
2832 55
2833 198
2834 8
2835 8
2836 106
2837 214
2838 127
2839 153
2840 141
2841 62
2842 222
2843 233
2844 167
2845 40
2846 31
2847 228
2848 234
2849 212
2850 78
2851 104
2852 137
2853 195
2854 37
2855 186
2856 235
2857 89
2858 101
2859 186
2860 116
2861 18
2862 181
2863 61
2864 157
2865 78
2866 47
2867 33
2868 124
2869 146
2870 164
2871 112
2872 37
2873 144
2874 227
2875 4
2877 47
2878 84
2879 223
2880 161
2881 154
2882 117
2883 110
2884 130
2886 105
2887 204
2888 19
2889 174
2890 77
2891 61
2892 4
2893 118
2894 79
2895 203
2896 229
2897 112
2898 85
2899 154
2900 20
2901 23
2902 70
2903 224
2904 60
2905 160
2906 224
2907 176
2909 131
2910 136
2911 42
2912 106
2913 201
2914 108
2915 183
2916 86
2917 43
2918 188
2919 197
2920 174
2921 32
2922 226
2923 231
2924 6
2925 78
2926 63
2927 158
2928 53
2929 212
2930 239
2931 134
2932 1
2933 172
2934 187
2935 112
2936 202
2937 110
2938 70
2939 201
2940 38
2941 175
2942 162
2943 91
2944 215
2945 12
2946 21
2947 193
2948 161
2949 97
2950 172
2951 20
2952 224
2953 40
2954 108
2955 208
2956 89
2957 141
2958 237
2960 70
2961 41
2962 228
2963 98
2964 236
2965 249
2966 55
2967 126
2968 141
2969 246
2970 166
2971 25
2972 127
2973 62
2974 43
2975 14
2976 39
2977 110
2978 83
2979 220
2980 78
2981 22
2982 24
2983 72
2984 168
2985 170
2986 91
2987 102
2988 144
2989 218
2990 97
2991 5
2992 181
2993 179
2994 191
2995 136
2996 191
2997 176
2998 16
2999 98
3000 101
3001 186
3002 23
3003 49
3004 106
3005 124
3006 122
3007 136
3009 154
3010 104
3011 6
3012 134
3013 86
3014 34
3015 17
3016 52
3017 169
3018 11
3019 148
3020 39
3021 150
3022 101
3023 120
3024 167
3025 158
3027 28
3028 224
3029 3
3030 63
3031 206
3032 104
3033 31
3034 134
3035 240
3036 36
3037 13
3038 3
3039 45
3040 109
3041 31
3042 0
3043 169
3044 224
3045 190
3046 239
3047 74
3048 225
3049 77
3050 249
3051 104
3052 144
3053 162
3054 173
3055 32
3056 165
3057 1
3058 77
3059 243
3060 16
3062 123
3063 129
3064 192
3065 72
3066 24
3067 40
3068 43
3069 189
3070 87
3071 36
3072 85
3073 218
3074 52
3075 89
3076 58
3077 172
3078 229
3079 45
3080 71
3081 223
3082 97
3083 34
3084 66
3085 176
3087 222
3088 44
3089 173
3090 35
3091 32
3092 147
3093 30
3094 79
3095 125
3096 240
3097 98
3098 152
3099 26
3100 203
3101 188
3102 4
3103 181
3104 223
3105 30
3106 205
3107 94
3108 244
3109 109
3110 24
3111 89
3112 114
3113 154
3114 127
3115 8
3116 94
3117 103
3118 150
3119 185
3120 84
3121 152
3122 58
3123 161
3124 97
3125 127
3126 95
3127 79
3128 232
3129 55
3130 20
3131 192
3132 94
3133 163
3134 186
3135 12
3136 103
3137 159
3138 161
3139 45
3140 53
3141 218
3142 177
3143 56
3144 225
3145 41
3146 195
3147 70
3148 81
3149 161
3150 236
3151 26
3152 0
3153 66
3154 1
3155 162
3156 164
3157 72
3158 2
3159 181
3160 101
3161 8
3162 52
3163 75
3164 240
3165 61
3166 48
3167 56
3168 143
3169 84
3170 63
3171 25
3172 49
3173 97
3174 186
3175 19
3176 71
3177 83
3178 162
3179 147
3180 56
3181 154
3182 2
3183 79
3184 236
3185 185
3186 89
3187 164
3188 25
3189 72
3190 124
3191 212
3192 164
3194 188
3195 80
3196 225
3197 20
3198 174
3199 145
3200 55
3201 119
3202 39
3203 165
3204 63
3205 133
3206 77
3207 103
3208 91
3209 39
3210 109
3211 152
3212 193
3213 181
3214 236
3215 41
3216 85
3217 65
3218 165
3219 54
3220 138
3222 165
3223 67
3224 166
3225 158
3226 8
3227 4
3228 235
3229 160
3230 147
3231 165
3232 48
3233 38
3234 18
3235 92
3236 5
3237 202
3238 13
3239 119
3240 37
3241 47
3242 129
3243 147
3244 104
3245 147
3246 197
3247 176
3248 45
3249 188
3250 6
3252 113
3253 108
3254 53
3255 82
3256 171
3257 24
3258 55
3259 157
3260 202
3261 47
3262 123
3263 77
3264 202
3265 45
3267 49
3268 113
3269 60
3270 220
3271 113
3272 20
3273 136
3274 66
3276 63
3277 98
3278 220
3279 14
3280 13
3281 193
3282 62
3283 196
3284 0
3285 162
3286 217
3287 54
3288 189
3289 105
3290 224
3291 69
3292 97
3293 79
3294 225
3295 238
3296 196
3297 148
3298 210
3299 16
3300 30
3301 235
3302 148
3303 204
3304 123
3305 63
3306 224
3307 12
3308 74
3310 232
3311 221
3312 116
3313 97
3314 3
3315 76
3316 55
3317 237
3318 61
3319 108
3320 117
3321 89
3322 145
3323 163
3324 218
3325 37
3326 240
3327 153
3328 130
3329 184
3330 56
3331 55
3332 243
3333 177
3334 215
3335 194
3336 6
3338 97
3339 80
3340 182
3341 45
3342 47
3343 103
3344 12
3345 12
3346 87
3347 180
3348 90
3349 151
3350 0
3351 239
3352 225
3353 180
3354 87
3356 81
3357 45
3358 41
3359 72
3360 4
3361 214
3362 22
3363 238
3364 49
3365 213
3366 207
3367 66
3368 97
3369 165
3370 145
3371 170
3372 32
3373 53
3374 130
3375 198
3376 159
3377 191
3378 135
3379 40
3380 228
3381 85
3382 130
3383 142
3386 113
3387 212
3388 133
3389 164
3390 117
3391 54
3392 228
3393 195
3394 72
3395 225
3396 55
3397 174
3398 13
3399 189
3400 83
3401 105
3402 223
3403 160
3405 177
3406 155
3407 164
3408 148
3409 48
3410 236
3411 215
3412 75
3413 152
3414 130
3415 225
3416 46
3417 57
3418 118
3419 176
3420 233
3421 112
3422 181
3423 186
3424 65
3425 69
3426 215
3427 118
3428 100
3429 161
3430 140
3431 177
3432 215
3433 8
3434 50
3435 108
3436 188
3437 77
3438 177
3439 203
3440 0
3441 203
3442 105
3443 23
3444 128
3445 209
3446 225
3447 16
3448 126
3449 123
3450 87
3451 212
3452 152
3454 71
3455 27
3457 168
3458 138
3459 186
3460 18
3461 45
3462 143
3463 179
3464 40
3465 53
3467 124
3468 145
3470 164
3471 224
3472 147
3473 147
3474 128
3475 89
3476 101
3477 3
3478 139
3479 37
3480 82
3481 83
3482 20
3483 104
3484 23
3485 101
3486 139
3488 17
3489 203
3490 149
3491 23
3493 132
3494 43
3495 27
3496 30
3497 25
3498 59
3499 110
3500 0
3501 228
3502 91
3503 57
3504 61
3505 192
3506 224
3507 153
3508 117
3509 54
3510 166
3511 148
3512 8
3513 141
3514 79
3515 180
3516 77
3517 17
3519 238
3520 91
3521 199
3522 175
3523 19
3525 67
3526 111
3527 228
3528 107
3529 101
3530 154
3531 55
3532 25
3533 41
3534 55
3535 7
3536 209
3537 150
3538 47
3539 25
3540 233
3541 47
3542 50
3543 231
3545 181
3546 0
3547 186
3548 117
3549 123
3550 225
3551 6
3552 160
3553 45
3554 161
3555 152
3556 95
3557 58
3558 218
3559 0
3560 172
3561 175
3562 41
3563 123
3564 109
3565 80
3566 12
3567 130
3568 117
3569 166
3570 8
3571 69
3572 234
3573 150
3575 12
3576 47
3577 156
3578 168
3579 40
3580 137
3581 65
3582 143
3583 109
3584 170
3585 42
3586 164
3587 199
3588 103
3589 88
3590 204
3591 117
3592 8
3593 162
3594 156
3595 181
3596 149
3597 117
3598 79
3599 9
3600 214
3601 41
3602 11
3603 131
3604 13
3605 127
3606 63
3607 212
3609 151
3610 152
3611 14
3612 45
3613 90
3614 45
3615 97
3617 208
3618 105
3619 187
3620 247
3621 227
3622 139
3623 3
3624 187
3625 214
3626 15
3627 70
3628 37
3629 40
3630 191
3631 25
3632 249
3633 207
3634 228
3636 188
3637 20
3638 142
3639 105
3640 45
3641 115
3642 54
3644 91
3645 180
3646 43
3647 61
3648 166
3649 130
3650 132
3651 228
3652 1
3653 249
3654 203
3655 223
3656 116
3657 224
3658 92
3659 186
3660 84
3661 189
3662 28
3663 55
3664 6
3665 61
3666 40
3667 224
3668 5
3669 90
3670 0
3671 200
3672 95
3673 27
3674 176
3675 68
3676 6
3677 49
3678 180
3679 141
3680 200
3681 30
3682 28
3683 19
3684 105
3685 73
3686 40
3688 34
3689 186
3690 64
3691 104
3692 176
3693 170
3694 99
3696 212
3697 248
3698 95
3699 94
3700 27
3701 47
3702 12
3703 171
3704 45
3705 225
3706 79
3707 153
3708 5
3709 100
3710 185
3711 64
3712 165
3713 143
3714 208
3715 158
3716 244
3717 202
3719 0
3720 101
3721 166
3722 98
3723 67
3724 192
3725 202
3726 39
3727 238
3728 49
3729 32
3730 165
3731 187
3732 10
3733 75
3734 120
3735 158
3736 109
3737 177
3738 155
3739 211
3740 116
3741 74
3742 90
3743 139
3744 8
3746 166
3747 78
3748 0
3749 63
3750 1
3751 222
3752 47
3753 115
3754 186
3755 12
3756 23
3757 153
3758 154
3759 211
3760 213
3761 180
3762 229
3763 186
3764 112
3765 11
3766 79
3767 181
3768 191
3769 204
3771 136
3772 181
3773 78
3774 185
3775 208
3776 42
3777 151
3778 119
3779 79
3780 183
3781 107
3782 13
3783 80
3784 92
3785 40
3786 105
3787 178
3788 63
3789 8
3790 206
3791 147
3792 12
3793 18
3794 91
3795 46
3796 14
3797 101
3798 155
3799 79
3800 59
3801 226
3802 60
3803 109
3804 226
3805 213
3806 185
3807 3
3808 106
3809 172
3811 191
3812 116
3813 164
3814 203
3815 233
3816 58
3817 220
3818 162
3819 89
3820 26
3821 5
3822 164
3823 56
3824 38
3825 112
3826 23
3827 152
3828 179
3829 154
3830 40
3831 125
3832 55
3833 161
3834 235
3836 141
3837 102
3838 12
3839 219
3840 57
3841 15
3842 214
3843 58
3844 131
3845 38
3846 70
3847 51
3848 16
3849 180
3850 249
3851 170
3852 202
3853 104
3854 117
3855 0
3856 3
3859 203
3860 153
3861 20
3862 27
3863 46
3864 104
3865 1
3866 158
3867 45
3868 133
3869 232
3870 158
3871 161
3872 127
3873 99
3874 182
3875 70
3876 145
3877 146
3878 215
3879 4
3880 92
3881 1
3882 209
3883 119
3884 226
3885 89
3886 32
3887 158
3888 235
3889 49
3890 82
3891 36
3892 65
3893 248
3894 59
3895 167
3896 82
3897 77
3898 91
3899 118
3901 33
3902 155
3904 218
3905 140
3906 97
3907 186
3908 149
3909 103
3910 113
3911 14
3912 79
3913 14
3914 44
3915 193
3917 10
3918 104
3919 91
3921 54
3922 222
3923 51
3924 19
3925 50
3926 27
3927 205
3928 113
3929 147
3930 163
3931 68
3932 83
3933 71
3934 78
3935 55
3936 148
3938 123
3939 168
3940 40
3941 86
3943 181
3944 8
3945 141
3946 25
3947 225
3948 72
3949 72
3950 199
3951 187
3952 78
3953 17
3954 105
3955 98
3956 34
3957 236
3958 52
3959 40
3960 190
3961 45
3962 141
3963 77
3964 90
3965 79
3966 191
3967 181
3968 12
3969 193
3970 12
3971 106
3973 247
3974 63
3975 31
3976 205
3977 51
3978 25
3979 224
3980 232
3981 89
3982 170
3983 29
3984 60
3985 186
3986 234
3987 78
3988 171
3989 0
3990 72
3991 113
3992 15
3993 117
3994 4
3995 39
3996 56
3997 63
3998 212
3999 238
4000 40
4001 90
4002 105
4003 118
4004 85
4005 154
4006 98
4007 75
4008 221
4009 1
4010 7
4011 232
4012 53
4013 8
4014 226
4016 112
4017 211
4018 192
4019 153
4020 134
4021 166
4022 106
4023 199
4024 145
4025 95
4026 82
4027 225
4028 24
4029 62
4030 9
4031 48
4032 115
4033 0
4034 132
4035 188
4036 26
4037 14
4038 21
4039 224
4040 116
4041 243
4042 93
4043 235
4044 165
4045 228
4046 226
4047 180
4048 60
4049 117
4050 181
4051 34
4052 101
4053 228
4054 134
4055 224
4056 34
4057 94
4058 78
4059 200
4060 79
4061 97
4062 7
4063 79
4064 13
4065 176
4066 60
4067 119
4068 85
4069 199
4070 106
4071 32
4072 198
4073 98
4074 170
4075 79
4076 130
4077 47
4078 152
4079 2
4080 96
4081 129
4082 75
4083 108
4084 188
4085 97
4086 8
4087 238
4088 77
4089 14
4090 214
4091 166
4092 112
4093 12
4094 104
4095 130
4096 22
4097 47
4098 116
4100 78
4101 92
4102 111
4104 114
4105 133
4106 114
4107 77
4108 185
4109 69
4110 244
4111 137
4112 41
4113 78
4114 72
4115 209
4116 1
4117 65
4118 229
4119 22
4120 158
4121 34
4122 108
4123 155
4124 45
4125 13
4126 26
4127 181
4128 8
4129 243
4130 32
4131 172
4132 222
4133 196
4134 12
4135 161
4137 29
4138 101
4139 232
4140 158
4141 247
4142 92
4143 69
4144 56
4145 147
4146 78
4147 89
4148 92
4149 113
4150 180
4151 175
4152 147
4153 218
4154 145
4155 141
4156 79
4157 186
4158 42
4159 97
4160 126
4161 217
4162 45
4163 170
4164 40
4165 87
4166 130
4168 164
4169 67
4170 105
4171 67
4172 211
4174 154
4175 146
4176 76
4177 104
4178 52
4179 217
4180 186
4181 69
4182 8
4183 17
4184 147
4185 105
4186 174
4188 74
4189 28
4190 223
4191 151
4192 131
4193 4
4194 205
4195 211
4196 77
4197 167
4198 52
4199 215
4200 33
4201 58
4202 47
4203 81
4204 60
4205 157
4206 148
4207 14
4208 123
4209 72
4210 62
4211 96
4212 18
4213 97
4214 14
4215 93
4216 40
4219 97
4220 47
4221 161
4222 53
4223 43
4224 32
4225 58
4226 218
4227 88
4228 122
4229 202
4230 34
4231 38
4232 40
4233 22
4234 3
4235 176
4236 168
4237 159
4238 209
4239 109
4240 81
4241 224
4242 225
4243 68
4244 99
4245 40
4246 233
4247 216
4248 189
4249 198
4250 181
4251 118
4252 34
4253 154
4254 45
4255 145
4256 206
4257 46
4258 134
4259 224
4260 61
4261 79
4263 17
4264 151
4266 179
4267 239
4268 104
4269 58
4270 235
4272 82
4273 45
4274 239
4275 89
4276 35
4278 101
4279 77
4280 232
4281 53
4282 17
4284 60
4285 47
4286 26
4287 12
4288 145
4289 240
4290 118
4291 79
4292 77
4293 225
4294 67
4296 69
4297 126
4298 105
4299 52
4300 161
4301 20
4302 164
4303 193
4304 132
4305 45
4306 3
4307 45
4308 120
4309 26
4310 85
4311 225
4312 130
4313 168
4314 5
4315 212
4316 160
4317 122
4318 223
4319 126
4320 91
4321 3
4322 67
4323 57
4324 27
4325 89
4326 42
4327 85
4328 95
4329 126
4330 183
4331 37
4332 245
4333 188
4334 152
4335 177
4336 152
4337 172
4338 188
4339 122
4340 153
4341 120
4342 4
4343 155
4344 137
4345 79
4346 133
4347 166
4348 161
4349 47
4350 42
4351 9
4352 57
4353 218
4354 189
4355 98
4356 70
4357 47
4358 34
4359 119
4360 32
4361 55
4362 94
4363 48
4364 171
4365 234
4366 143
4367 222
4369 49
4370 3
4371 63
4372 65
4373 164
4374 162
4375 13
4376 151
4377 98
4378 50
4379 63
4380 5
4381 131
4382 126
4383 53
4384 173
4385 31
4386 172
4387 208
4388 12
4390 65
4391 215
4392 119
4393 177
4394 89
4395 129
4396 236
4397 24
4398 148
4399 96
4400 160
4401 224
4402 226
4403 20
4404 188
4405 139
4406 152
4407 123
4408 132
4409 106
4410 186
4411 12
4412 84
4413 52
4415 81
4416 5
4417 177
4418 23
4420 113
4421 0
4422 105
4423 72
4424 147
4425 62
4426 131
4428 159
4429 114
4430 97
4431 227
4432 151
4433 11
4434 160
4435 245
4436 153
4437 172
4439 203
4440 88
4441 215
4442 24
4443 66
4444 1
4445 132
4446 172
4447 146
4448 30
4449 204
4451 109
4452 45
4453 239
4454 220
4455 68
4456 186
4457 101
4458 78
4459 225
4460 40
4461 242
4462 29
4463 72
4464 130
4465 90
4466 185
4467 112
4468 2
4469 78
4470 87
4471 195
4472 32
4473 47
4474 103
4475 189
4476 112
4477 118
4479 1
4480 216
4481 217
4482 176
4483 105
4484 135
4485 186
4486 156
4487 170
4488 106
4489 106
4490 164
4491 195
4492 26
4493 248
4494 248
4495 244
4496 125
4497 59
4498 126
4499 14
4500 167
4501 26
4502 104
4503 189
4504 105
4505 186
4506 206
4507 67
4508 67
4509 186
4510 83
4511 187
4512 27
4513 222
4514 25
4515 106
4516 224
4517 3
4518 20
4519 91
4520 220
4521 142
4522 163
4523 142
4524 55
4525 40
4526 47
4527 177
4528 46
4529 2
4530 136
4531 54
4532 119
4533 26
4534 184
4535 40
4536 218
4537 40
4538 225
4539 136
4540 224
4541 47
4542 67
4543 98
4545 59
4546 142
4547 13
4548 8
4550 68
4551 239
4553 0
4554 212
4555 118
4556 93
4557 144
4558 13
4559 80
4560 247
4561 45
4562 157
4563 99
4564 171
4565 212
4566 50
4567 75
4568 13
4569 55
4571 133
4572 126
4573 173
4574 248
4575 114
4576 214
4577 225
4578 49
4579 95
4580 19
4581 185
4582 19
4583 3
4585 36
4586 224
4587 9
4588 99
4589 110
4590 73
4591 185
4592 224
4593 212
4594 213
4595 130
4596 67
4598 207
4600 168
4601 6
4602 31
4603 101
4604 97
4605 82
4606 83
4608 189
4609 233
4610 16
4611 108
4612 134
4613 185
4614 145
4615 176
4616 40
4617 70
4618 170
4619 223
4620 179
4621 244
4622 160
4623 63
4624 6
4625 79
4626 193
4627 187
4628 93
4629 15
4630 65
4631 94
4632 102
4633 45
4634 248
4635 149
4636 225
4637 47
4638 26
4639 189
4640 179
4641 91
4642 41
4643 113
4644 83
4645 72
4646 184
4647 67
4648 218
4649 8
4650 89
4651 158
4652 46
4653 178
4654 39
4655 195
4656 106
4657 134
4658 43
4659 3
4660 63
4661 177
4662 170
4663 223
4664 238
4665 200
4666 218
4667 90
4668 228
4669 126
4670 127
4671 55
4672 91
4673 17
4674 35
4675 47
4676 13
4677 6
4678 58
4679 92
4680 201
4681 242
4682 161
4683 23
4684 28
4685 160
4686 43
4687 37
4688 111
4689 228
4690 109
4691 164
4692 77
4693 92
4694 134
4695 109
4696 59
4697 206
4698 96
4699 2
4700 3
4701 50
4702 187
4703 62
4704 199
4705 22
4706 74
4707 40
4708 92
4709 207
4710 101
4711 87
4712 41
4713 143
4714 237
4715 104
4716 34
4717 203
4718 0
4719 191
4720 67
4721 189
4722 39
4723 116
4724 23
4725 149
4726 218
4727 140
4728 224
4729 130
4730 117
4731 94
4732 113
4733 117
4734 19
4735 79
4737 45
4738 234
4739 106
4740 118
4741 3
4742 34
4744 181
4745 240
4746 2
4748 160
4749 93
4750 98
4752 30
4753 131
4754 175
4755 97
4756 101
4757 213
4759 249
4760 225
4761 243
4762 177
4763 31
4764 236
4765 212
4766 30
4767 13
4768 202
4769 63
4770 14
4771 155
4772 99
4773 84
4774 170
4775 223
4776 169
4777 78
4778 52
4779 225
4780 118
4781 33
4782 228
4783 101
4784 174
4786 225
4787 159
4788 90
4789 60
4790 192
4791 12
4792 129
4793 180
4794 152
4795 227
4796 28
4797 94
4798 12
4799 72
4800 227
4801 11
4802 88
4803 81
4804 232
4805 141
4806 88
4807 130
4808 204
4809 223
4810 110
4811 143
4812 159
4813 161
4814 20
4815 190
4816 28
4817 204
4818 165
4820 73
4821 225
4822 29
4823 96
4824 148
4825 180
4826 39
4827 238
4828 236
4829 123
4831 106
4832 26
4833 180
4834 78
4835 47
4836 47
4837 12
4839 93
4840 56
4841 97
4842 164
4843 10
4844 6
4845 167
4846 143
4847 159
4848 214
4849 31
4850 195
4851 225
4852 38
4853 95
4854 65
4855 201
4856 49
4857 97
4858 50
4859 68
4860 177
4861 36
4862 226
4863 249
4864 236
4865 201
4866 163
4867 66
4868 152
4869 5
4870 68
4871 32
4872 4
4873 85
4875 15
4876 47
4877 196
4878 142
4879 63
4880 181
4881 35
4882 163
4883 55
4884 226
4885 60
4886 111
4887 58
4888 189
4889 25
4890 149
4891 153
4892 122
4893 85
4894 159
4895 0
4896 152
4897 242
4898 60
4899 36
4900 39
4901 209
4904 73
4905 124
4906 185
4907 100
4908 227
4909 236
4910 56
4911 34
4913 6
4914 25
4915 195
4916 123
4917 214
4918 223
4919 23
4921 231
4922 31
4923 179
4924 209
4925 225
4926 164
4928 159
4929 28
4931 209
4932 104
4933 103
4934 166
4935 183
4936 167
4937 185
4938 174
4939 150
4940 95
4941 79
4942 225
4944 223
4945 196
4946 75
4947 186
4948 31
4949 186
4950 101
4951 38
4952 67
4953 234
4954 41
4955 98
4956 29
4957 239
4958 204
4959 52
4960 242
4961 40
4962 19
4963 223
4964 134
4965 189
4966 64
4967 110
4968 75
4969 34
4970 131
4971 2
4972 189
4973 223
4974 54
4975 155
4976 236
4977 162
4978 18
4979 58
4980 187
4981 8
4982 1
4983 123
4984 213
4985 25
4986 12
4987 95
4988 47
4989 3
4990 61
4991 207
4992 162
4993 232
4994 159
4995 29
4996 12
4997 176
4998 47
4999 70
5000 70
5001 116
5002 79
5003 186
5004 152
5005 166
5006 184
5007 49
5008 10
5009 218
5010 143
5011 23
5012 42
5013 42
5014 236
5015 236
5016 117
5017 117
5018 20
5019 234
5020 27
5021 130
5022 130
5023 71
5024 24
5025 24
5026 124
5027 4
5028 8
5029 49
5030 62
5031 146
5032 17
5033 68
5035 150
5036 150
5037 53
5038 13
5039 13
5040 13
5042 88
5043 65
5044 211
5045 211
5047 45
5048 101
5049 119
5050 5
5051 234
5052 186
5053 169
5054 152
5055 152
5056 56
5057 16
5058 88
5059 240
5060 70
5061 101
5062 101
5063 0
5064 58
5065 45
5066 45
5067 1
5068 174
5070 123
5071 91
5072 209
5073 63
5074 41
5075 54
5076 93
5077 241
5082 1
5083 182
5084 40
5085 40
5086 34
5087 119
5088 119
5089 218
5090 47
5091 39
5092 84
5093 23
5096 47
5097 123
5098 50
5099 12
5100 186
5101 174
5102 68
5103 185
5104 13
5105 13
5106 13
5107 198
5108 238
5110 63
5111 63
5112 149
5113 149
5114 79
5115 186
5116 109
5117 145
5118 146
5119 152
5120 78
5121 78
5122 209
5123 91
5124 91
5125 55
5126 113
5127 126
5128 108
5129 60
5130 60
5131 101
5133 58
5134 159
5135 196
5136 209
5137 35
5138 35
5139 62
5140 8
5141 32
5142 207
5143 180
5144 223
5145 164
5146 133
5147 228
5148 147
5149 14
5150 110
5151 110
5152 54
5153 1
5154 52
5155 52
5156 52
5157 149
5158 214
5159 214
5160 72
5161 72
5162 104
5163 80
5164 101
5165 79
5166 79
5167 22
5168 88
5169 99
5170 3
5171 77
5172 236
5173 236
5174 212
5175 212
5177 117
5178 95
5179 33
5180 33
5181 2
5182 37
5183 37
5184 161
5185 161
5186 227
5187 203
5188 94
5189 28
5190 236
5191 48
5192 12
5193 85
5194 112
5195 176
5196 234
5197 144
5198 26
5199 26
5201 206
5202 113
5203 55
5204 55
5205 16
5206 102
5207 97
5208 19
5209 158
5210 158
5211 186
5212 61
5213 210
5214 233
5215 41
5216 167
5217 41
5218 118
5219 67
5220 67
5221 56
5222 11
5223 11
5224 186
5225 225
5226 132
5227 132
5228 58
5229 21
5230 78
5231 64
5232 64
5233 130
5234 130
5235 135
5236 30
5237 163
5238 163
5239 12
5240 233
5241 233
5242 210
5243 240
5244 117
5245 157
5246 157
5247 220
5248 76
5249 90
5250 90
5251 126
5252 72
5253 72
5254 45
5255 239
5256 36
5257 1
5258 46
5259 212
5260 97
5261 96
5262 75
5263 182
5264 185
5265 120
5266 190
5267 76
5268 89
5269 170
5270 8
5271 99
5272 3
5273 247
5274 247
5275 174
5276 180
5277 180
5278 120
5279 189
5280 181
5281 6
5282 6
5283 209
5284 27
5285 27
5286 50
5287 31
5288 162
5289 238
5290 238
5291 85
5292 131
5293 131
5294 203
5295 42
5296 3
5297 3
5298 89
5299 89
5300 47
5301 154
5302 84
5303 53
5304 102
5305 243
5306 243
5307 181
5308 181
5309 248
5310 248
5311 146
5312 215
5313 2
5314 59
5315 59
5316 239
5317 75
5318 21
5319 20
5320 20
5321 166
5322 186
5323 223
5324 14
5325 14
5327 64
5328 39
5329 185
5330 122
5332 97
5333 97
5334 18
5335 142
5336 163
5338 3
5339 32
5340 224
5341 90
5342 90
5343 97
5344 103
5345 103
5346 160
5347 195
5348 97
5349 202
5350 184
5351 184
5352 67
5353 131
5354 161
5355 207
5356 162
5357 233
5358 73
5359 73
5360 176
5361 181
5362 199
5363 236
5364 127
5365 130
5366 97
5367 180
5370 20
5371 189
5372 98
5373 98
5374 3
5375 12
5376 176
5377 66
5378 66
5379 55
5380 55
5381 28
5382 236
5383 201
5384 190
5385 103
5386 113
5387 224
5388 59
5389 59
5390 38
5391 55
5392 55
5393 55
5394 174
5395 213
5396 98
5397 98
5399 20
5400 72
5401 166
5402 72
5403 72
5404 179
5405 179
5406 76
5407 108
5408 195
5409 50
5410 174
5411 92
5412 221
5413 209
5414 185
5415 243
5416 55
5417 239
5418 63
5419 22
5420 179
5421 67
5422 207
5423 207
5424 92
5425 28
5426 193
5427 180
5428 180
5429 180
5430 242
5431 4
5432 212
5433 212
5434 104
5435 165
5436 27
5437 27
5438 33
5439 33
5440 88
5441 204
5442 234
5443 6
5444 37
5445 37
5446 140
5447 4
5448 228
5449 17
5450 90
5451 122
5452 15
5453 116
5454 238
5455 63
5456 155
5457 155
5458 171
5459 171
5460 176
5461 176
5462 14
5463 14
5464 16
5465 16
5466 145
5467 201
5468 215
5469 88
5470 180
5471 133
5472 187
5473 248
5474 116
5475 115
5476 183
5477 161
5478 206
5479 61
5480 117
5481 35
5482 35
5483 166
5484 249
5485 195
5486 175
5487 175
5488 47
5489 93
5490 241
5491 34
5492 232
5493 182
5494 61
5495 61
5496 167
5497 56
5498 232
5499 120
5500 220
5501 221
5502 236
5503 236
5504 172
5505 104
5506 20
5507 20
5508 130
5509 130
5510 238
5511 238
5512 238
5513 126
5514 161
5515 161
5516 228
5517 17
5518 3
5519 55
5520 117
5521 15
5522 5
5523 3
5524 86
5525 175
5526 198
5527 198
5528 226
5529 123
5530 214
5531 14
5532 16
5533 16
5534 228
5535 236
5536 197
5537 130
5538 67
5539 67
5540 47
5541 217
5542 163
5543 53
5544 127
5545 28
5546 179
5547 179
5548 105
5549 19
5550 29
5551 58
5552 112
5553 226
5554 236
5555 54
5556 186
5557 114
5558 222
5559 222
5560 214
5561 214
5563 71
5564 215
5565 236
5566 134
5567 63
5568 63
5569 209
5570 170
5571 79
5572 180
5573 34
5574 47
5575 170
5576 152
5577 40
5578 40
5579 8
5580 191
5581 27
5582 187
5583 230
5584 111
5585 3
5586 232
5587 232
5588 58
5589 159
5590 20
5591 20
5592 133
5593 164
5594 8
5595 8
5596 71
5597 13
5598 91
5599 4
5600 176
5601 186
5602 1
5603 171
5604 171
5605 65
5606 176
5607 176
5608 106
5609 146
5610 146
5611 246
5612 108
5613 19
5614 166
5615 224
5616 6
5617 45
5618 8
5619 39
5620 94
5621 92
5622 50
5623 236
5624 224
5625 43
5626 29
5627 28
5628 13
5629 74
5630 166
5631 21
5632 166
5633 50
5634 139
5635 78
5636 239
5637 218
5638 203
5639 203
5640 23
5641 229
5642 209
5643 122
5644 122
5645 126
5646 97
5647 176
5648 87
5649 130
5650 67
5651 191
5652 191
5653 165
5654 165
5655 67
5656 164
5657 10
