0 -1
1 1
2 0
3 1
4 -1
5 -1
6 72
7 2
8 38
9 -1
10 -1
11 -1
12 -1
13 -1
14 -1
15 1
16 1
17 3
18 -1
19 4
20 5
21 -1
22 6
23 -1
24 7
25 8
26 0
27 9
28 0
29 10
30 1
31 1
32 0
33 1
34 11
35 12
36 13
37 1
38 0
39 -1
40 -1
41 1
42 -1
43 -1
44 -1
45 0
46 6
47 1
48 14
49 0
50 15
51 -1
52 16
53 1
54 6
55 -1
56 34
57 17
58 -1
59 -1
60 0
61 18
62 1
63 19
64 1
65 20
66 -1
67 21
68 1
69 -1
70 0
71 -1
72 22
73 1
74 -1
75 23
76 -1
77 1
78 -1
79 -1
80 1
81 1
82 1
83 1
84 6
85 84
86 0
87 6
88 -1
89 5
90 1
91 6
92 1
93 24
94 -1
95 6
96 1
97 1
98 8
99 -1
100 25
101 26
102 27
103 6
104 -1
105 0
106 107
107 28
108 -1
109 -1
110 23
111 6
112 0
113 1
114 -1
115 -1
116 6
117 1
118 1
119 29
120 30
121 0
122 86
123 1
124 1
125 31
126 -1
127 6
128 -1
129 32
130 0
131 45
132 1
133 22
134 6
135 -1
136 1
137 33
138 34
139 1
140 108
141 -1
142 35
143 36
144 -1
145 37
146 -1
147 1
148 1
149 -1
150 1
151 0
152 38
153 1
154 39
155 1
156 1
157 -1
158 -1
159 1
160 -1
161 1
162 6
163 1
164 -1
165 6
166 1
167 1
168 6
169 -1
170 -1
171 1
172 0
173 1
174 40
175 1
176 1
177 -1
178 41
179 42
180 -1
181 6
182 -1
183 1
184 43
185 1
186 1
187 1
188 -1
189 1
190 1
191 -1
192 1
193 1
194 6
195 -1
196 1
197 44
198 34
199 45
200 6
201 0
202 8
203 -1
204 46
205 1
206 0
207 1
208 47
209 6
210 6
211 -1
212 1
213 -1
214 48
215 1
216 39
217 23
218 49
219 104
220 -1
221 -1
222 6
223 39
224 -1
225 6
226 50
227 1
228 51
229 1
230 0
231 52
232 -1
233 -1
234 -1
235 -1
236 53
237 98
238 101
239 6
240 1
241 54
242 55
243 40
244 23
245 22
246 13
247 0
248 -1
249 56
250 1
251 57
252 -1
253 31
254 34
255 6
256 -1
257 0
258 -1
259 1
260 15
261 1
262 1
263 26
264 58
265 0
266 59
267 1
268 26
269 1
270 35
271 -1
272 -1
273 6
274 1
275 1
276 23
277 -1
278 1
279 60
280 0
281 34
282 1
283 -1
284 1
285 31
286 61
287 84
288 103
289 1
290 1
291 0
292 -1
293 44
294 1
295 -1
296 1
297 1
298 0
301 21
302 -1
303 103
304 0
305 1
306 -1
307 1
308 -1
309 -1
310 1
311 -1
312 0
313 1
314 -1
315 48
316 34
317 6
318 106
319 1
320 6
321 26
322 1
323 0
324 1
325 62
326 13
327 1
328 -1
329 1
330 102
331 72
332 26
333 63
334 6
335 -1
336 1
337 0
338 1
339 1
340 47
341 -1
342 0
343 1
344 -1
345 -1
346 -1
347 0
348 9
349 6
350 107
351 6
352 -1
353 64
354 1
355 6
356 1
357 -1
358 65
359 34
360 0
361 -1
362 6
363 1
364 1
365 1
366 1
367 66
368 16
369 1
370 1
371 35
372 6
373 57
374 67
375 0
376 47
377 1
378 58
379 -1
380 -1
381 0
382 1
383 1
384 39
385 1
386 -1
387 -1
388 -1
389 -1
390 68
391 8
392 22
393 1
394 -1
395 0
396 1
397 1
398 48
399 6
400 -1
401 6
402 69
403 70
404 0
405 0
407 23
408 6
409 1
410 -1
411 71
412 1
413 -1
414 22
415 7
416 102
417 58
418 1
419 72
420 -1
421 -1
422 34
423 6
424 1
425 103
426 -1
427 1
428 6
429 0
430 73
431 5
432 1
433 0
434 0
435 -1
436 1
437 -1
438 74
439 1
440 1
441 0
442 -1
443 1
444 1
445 75
446 6
447 1
448 1
449 108
450 1
451 -1
452 21
453 -1
454 39
455 4
456 6
457 -1
458 -1
459 6
460 13
461 6
462 0
463 0
464 0
465 -1
466 1
467 -1
468 -1
469 1
470 53
471 6
472 -1
473 6
474 22
475 0
476 -1
477 1
478 -1
479 1
480 -1
481 23
482 1
483 76
484 1
485 -1
486 0
487 1
488 77
489 -1
490 -1
491 8
492 4
493 1
494 6
495 -1
496 6
497 -1
498 -1
499 1
500 -1
501 1
502 -1
503 -1
504 1
505 -1
506 6
507 33
508 -1
509 21
510 1
511 13
512 22
513 26
514 34
515 21
516 27
517 78
518 67
519 -1
520 -1
522 -1
523 0
524 6
525 -1
526 47
527 36
528 36
529 1
530 26
531 1
532 6
533 19
534 1
535 -1
536 -1
537 23
538 -1
539 -1
540 0
541 64
542 6
543 0
544 1
545 34
546 2
547 1
548 1
549 6
550 1
551 35
552 1
553 2
554 4
555 5
556 22
557 6
558 71
559 6
560 1
561 13
562 79
563 6
564 -1
565 1
566 -1
567 1
568 -1
569 1
570 80
571 8
572 34
573 -1
574 0
575 6
576 1
577 0
578 9
579 3
580 1
581 81
582 6
583 70
584 74
585 0
586 -1
587 -1
588 4
589 6
590 39
591 1
592 -1
593 -1
594 73
595 1
596 98
597 -1
598 36
599 -1
600 82
601 43
602 0
603 1
604 1
605 6
606 1
607 8
608 0
609 63
610 -1
611 1
612 -1
613 6
614 81
615 47
616 -1
617 1
618 1
619 1
620 75
621 43
622 0
623 57
624 103
626 79
627 0
628 -1
629 1
630 49
631 9
632 15
633 1
634 22
635 -1
636 102
637 41
638 -1
639 39
640 13
641 48
642 -1
643 52
644 73
645 0
646 -1
647 0
648 30
649 -1
650 0
651 83
652 -1
654 34
655 5
656 1
657 28
658 1
659 -1
660 1
661 0
662 13
663 12
664 -1
665 1
666 -1
667 46
668 57
669 1
670 1
671 6
672 0
673 1
674 77
675 1
676 75
677 1
678 17
679 -1
680 84
681 85
682 1
683 0
684 1
685 0
686 1
687 6
688 1
689 78
690 6
691 6
692 6
693 79
694 0
695 14
696 3
697 -1
698 0
699 23
700 26
701 -1
702 13
703 14
704 86
705 6
706 1
707 -1
708 1
709 25
710 0
711 47
712 -1
713 -1
715 28
716 1
717 -1
718 22
719 5
720 51
721 1
722 22
723 6
724 87
725 -1
726 1
727 34
728 63
729 23
730 73
731 6
732 -1
733 1
734 6
735 1
736 6
737 0
738 24
739 1
740 1
741 6
742 1
743 1
744 1
745 34
746 13
747 -1
748 78
749 18
750 6
751 -1
752 1
753 6
754 1
755 0
756 -1
757 -1
758 48
759 1
760 -1
761 1
762 -1
763 0
764 -1
765 1
766 -1
767 4
768 5
769 34
770 1
771 -1
772 6
773 -1
774 77
775 1
776 83
777 0
778 0
779 39
780 88
781 73
782 45
783 6
784 0
785 1
786 1
787 8
788 1
790 6
791 1
792 -1
793 1
794 -1
795 -1
796 1
797 6
798 -1
799 47
800 63
801 89
802 6
803 90
804 1
805 -1
806 25
807 6
808 1
809 1
810 22
811 6
812 1
813 88
814 55
815 1
816 78
817 1
818 1
819 6
820 35
821 5
822 21
823 59
824 -1
825 1
826 6
827 5
828 1
829 45
830 58
831 47
832 81
833 91
834 6
835 4
836 0
837 -1
838 11
839 54
840 1
841 103
842 22
843 -1
844 1
845 77
846 1
847 39
848 13
849 6
850 -1
851 92
852 -1
853 34
854 5
855 1
856 1
857 -1
858 -1
859 75
860 -1
861 -1
862 -1
863 21
864 -1
865 1
866 6
867 -1
868 -1
869 0
870 0
871 35
872 1
873 6
874 0
875 69
876 46
877 0
878 53
879 -1
880 93
881 -1
882 6
883 15
884 0
885 88
886 6
887 1
888 -1
889 -1
890 4
891 34
892 -1
893 0
894 74
895 1
896 -1
897 41
898 0
899 21
900 1
901 0
902 76
903 21
904 1
905 32
906 0
907 9
908 45
909 46
910 32
911 39
912 1
913 -1
914 -1
915 -1
916 6
917 -1
918 6
919 1
920 1
921 -1
922 63
923 1
924 1
925 57
926 6
927 50
928 -1
929 1
930 36
931 1
932 12
933 1
934 0
935 -1
936 6
937 0
938 71
939 -1
940 6
941 49
942 0
943 94
944 90
945 91
946 50
947 1
948 1
949 31
950 75
951 95
952 -1
953 -1
954 -1
955 1
956 1
957 48
958 23
959 15
960 -1
961 21
962 81
963 6
964 1
965 -1
966 1
967 -1
968 -1
969 27
970 1
971 0
972 -1
973 -1
974 1
975 6
976 50
977 1
978 0
979 39
980 -1
981 92
982 1
983 1
984 34
985 39
986 45
987 -1
988 46
989 6
990 78
991 6
992 95
993 38
994 -1
995 1
996 6
997 39
998 63
999 1
1000 17
1001 39
1002 55
1003 1
1004 0
1005 48
1006 34
1007 78
1008 1
1009 1
1010 6
1011 1
1012 0
1013 20
1014 0
1015 1
1016 13
1018 1
1019 6
1020 -1
1021 73
1022 1
1023 1
1024 1
1025 96
1026 26
1027 0
1028 88
1029 22
1030 -1
1031 0
1032 62
1033 58
1034 6
1035 92
1036 74
1037 0
1038 48
1039 6
1040 1
1041 39
1042 48
1043 0
1044 6
1045 6
1046 0
1047 -1
1048 0
1049 51
1050 53
1051 -1
1052 -1
1053 83
1054 5
1055 1
1056 0
1057 66
1058 8
1059 22
1060 -1
1061 78
1062 0
1063 -1
1064 -1
1065 1
1066 0
1067 0
1068 0
1069 0
1070 -1
1071 7
1072 -1
1073 6
1074 33
1075 57
1076 36
1077 64
1078 -1
1079 0
1080 64
1081 97
1082 -1
1083 6
1084 51
1085 104
1086 -1
1087 1
1088 -1
1089 34
1090 1
1091 52
1092 -1
1093 1
1094 86
1095 -1
1096 1
1097 39
1098 107
1099 -1
1100 1
1101 21
1102 71
1103 1
1104 98
1105 6
1106 99
1107 6
1108 85
1109 100
1110 1
1111 1
1112 -1
1113 1
1114 1
1115 48
1116 -1
1117 104
1118 -1
1119 1
1120 0
1121 21
1122 48
1123 1
1124 -1
1125 6
1126 20
1127 52
1128 0
1129 -1
1130 -1
1131 58
1132 6
1133 1
1134 11
1135 1
1136 6
1137 1
1138 1
1139 6
1140 104
1141 1
1142 1
1143 10
1144 0
1145 1
1146 21
1147 -1
1148 97
1149 81
1150 47
1151 -1
1152 23
1153 6
1154 -1
1155 6
1156 1
1157 -1
1158 108
1159 0
1160 32
1161 0
1162 0
1163 24
1164 0
1165 1
1166 44
1167 1
1168 -1
1169 0
1170 49
1171 1
1172 21
1173 1
1174 -1
1175 6
1176 -1
1177 1
1178 36
1179 48
1180 0
1181 26
1182 -1
1183 1
1184 9
1185 76
1186 101
1187 56
1188 -1
1189 0
1190 48
1191 1
1192 0
1193 -1
1194 13
1195 6
1196 78
1197 1
1198 -1
1199 0
1200 53
1201 -1
1202 102
1203 6
1205 1
1206 -1
1207 -1
1208 8
1209 0
1210 1
1211 102
1212 98
1213 58
1214 34
1215 23
1216 23
1217 61
1218 57
1219 0
1220 21
1221 1
1222 -1
1223 6
1224 44
1225 -1
1226 1
1227 -1
1228 -1
1229 3
1230 84
1231 -1
1232 23
1233 -1
1234 0
1235 93
1236 -1
1237 1
1238 62
1239 7
1240 1
1241 43
1242 -1
1243 0
1244 34
1245 -1
1246 48
1247 34
1248 68
1249 97
1250 23
1251 1
1252 -1
1253 74
1254 57
1255 0
1256 18
1257 65
1258 58
1259 1
1260 20
1261 90
1262 1
1263 55
1264 5
1265 1
1266 6
1267 36
1268 -1
1269 -1
1270 1
1271 54
1273 6
1274 -1
1275 1
1277 85
1278 1
1279 26
1280 76
1281 22
1282 28
1283 -1
1284 1
1285 6
1286 1
1287 39
1288 -1
1289 0
1290 1
1291 6
1292 1
1293 0
1294 6
1295 1
1296 45
1297 6
1298 1
1299 21
1300 -1
1301 97
1302 52
1303 55
1304 6
1305 -1
1306 100
1307 -1
1308 0
1309 108
1310 1
1311 0
1312 -1
1313 0
1314 31
1315 1
1316 73
1317 -1
1318 -1
1319 99
1320 26
1321 1
1322 30
1323 6
1324 6
1325 6
1326 -1
1327 34
1328 0
1329 1
1330 1
1331 0
1332 -1
1333 72
1334 6
1335 0
1336 -1
1337 13
1338 37
1339 29
1340 39
1341 74
1342 -1
1343 33
1344 82
1345 52
1346 6
1347 44
1348 1
1349 -1
1350 -1
1351 88
1352 26
1353 1
1354 -1
1355 -1
1356 1
1357 0
1358 6
1359 6
1360 36
1361 67
1362 -1
1363 1
1364 6
1365 80
1366 -1
1367 6
1368 -1
1369 5
1370 -1
1371 1
1372 1
1373 -1
1374 1
1375 0
1376 1
1377 -1
1378 11
1379 21
1380 47
1381 0
1382 1
1383 21
1384 1
1385 97
1386 6
1387 6
1388 -1
1389 102
1390 -1
1391 6
1392 -1
1393 1
1394 73
1396 -1
1397 1
1398 6
1400 1
1401 -1
1402 6
1403 0
1404 6
1405 -1
1406 1
1407 -1
1408 1
1409 5
1410 100
1411 59
1412 0
1413 -1
1414 1
1415 23
1416 21
1417 78
1418 1
1419 35
1420 55
1421 1
1422 46
1423 6
1425 -1
1426 43
1427 -1
1428 -1
1429 48
1430 6
1431 1
1432 72
1433 -1
1434 1
1435 -1
1436 1
1437 1
1438 23
1439 -1
1440 6
1441 39
1442 1
1443 65
1444 66
1445 -1
1446 6
1447 -1
1448 6
1449 0
1450 1
1451 29
1452 53
1453 38
1454 1
1455 -1
1456 -1
1457 0
1458 1
1459 88
1460 4
1461 26
1463 0
1464 -1
1465 1
1466 95
1467 16
1468 53
1469 -1
1470 107
1471 85
1472 86
1473 -1
1474 -1
1475 6
1476 6
1477 -1
1478 89
1479 1
1480 98
1481 1
1482 59
1483 90
1484 71
1485 -1
1486 2
1487 39
1488 -1
1489 1
1490 1
1491 1
1493 -1
1494 1
1495 0
1496 0
1497 23
1498 37
1499 -1
1500 69
1501 1
1502 61
1503 89
1504 6
1505 0
1506 76
1507 -1
1508 -1
1509 69
1510 0
1511 -1
1512 1
1513 -1
1514 0
1515 48
1516 0
1517 0
1518 6
1519 1
1520 6
1521 56
1522 34
1523 1
1524 68
1525 0
1526 70
1527 1
1528 6
1529 1
1530 1
1531 1
1532 -1
1533 1
1534 13
1535 0
1536 -1
1537 6
1538 0
1539 0
1540 -1
1541 1
1542 5
1543 97
1544 1
1545 -1
1546 -1
1547 -1
1548 53
1549 0
1550 90
1551 1
1552 -1
1553 6
1554 6
1555 83
1556 6
1557 48
1558 1
1559 39
1560 1
1561 1
1562 -1
1563 -1
1564 55
1565 27
1566 4
1567 62
1568 85
1569 73
1570 -1
1571 -1
1572 1
1573 6
1574 1
1575 1
1576 0
1577 23
1578 -1
1579 0
1580 -1
1581 17
1582 -1
1583 -1
1584 -1
1585 1
1586 1
1587 6
1588 -1
1589 70
1590 -1
1591 0
1592 88
1593 39
1594 -1
1595 -1
1596 0
1597 -1
1598 34
1599 0
1600 1
1601 1
1602 25
1603 1
1604 65
1605 6
1606 34
1607 104
1608 6
1609 64
1610 1
1611 1
1612 -1
1613 6
1614 23
1615 34
1616 -1
1617 0
1618 61
1619 1
1620 38
1621 1
1622 6
1623 76
1624 2
1625 -1
1626 21
1627 38
1628 1
1629 0
1630 12
1631 34
1632 20
1633 40
1634 1
1635 -1
1636 98
1637 6
1638 -1
1639 -1
1640 34
1641 34
1642 73
1643 35
1644 93
1645 55
1646 1
1647 0
1648 6
1649 0
1650 1
1651 -1
1652 1
1653 1
1654 48
1655 1
1656 28
1657 1
1658 24
1659 1
1660 -1
1661 0
1662 -1
1663 -1
1664 -1
1665 1
1666 22
1667 0
1668 62
1669 91
1670 55
1671 85
1672 -1
1673 1
1674 1
1675 34
1676 9
1677 68
1678 0
1679 -1
1680 1
1681 1
1682 81
1683 -1
1684 -1
1685 -1
1686 9
1688 -1
1689 17
1690 1
1691 6
1692 0
1693 17
1694 99
1695 1
1696 6
1697 80
1698 13
1699 39
1700 0
1701 34
1702 -1
1703 -1
1704 1
1705 -1
1706 0
1707 -1
1708 99
1709 1
1710 53
1711 1
1712 -1
1713 5
1714 -1
1716 1
1717 1
1718 1
1719 0
1720 1
1721 39
1722 -1
1723 21
1725 86
1726 30
1727 -1
1728 96
1729 18
1730 -1
1731 1
1732 -1
1733 1
1734 0
1735 1
1736 -1
1737 32
1738 6
1739 1
1740 1
1741 1
1742 -1
1743 0
1744 81
1745 39
1746 -1
1747 -1
1748 22
1749 -1
1750 -1
1751 6
1752 -1
1753 40
1754 38
1755 63
1756 81
1757 1
1758 6
1759 1
1760 27
1761 33
1762 -1
1764 8
1765 -1
1766 87
1767 1
1768 0
1770 0
1771 92
1772 6
1773 23
1774 1
1775 8
1776 106
1777 30
1778 89
1779 23
1780 48
1781 1
1782 1
1783 0
1784 23
1785 6
1786 -1
1787 -1
1788 1
1789 -1
1790 5
1791 97
1792 100
1793 -1
1794 -1
1795 6
1796 -1
1797 21
1798 1
1799 1
1800 0
1801 1
1802 71
1803 0
1804 -1
1805 80
1806 0
1807 0
1808 0
1809 0
1810 1
1811 78
1812 0
1813 -1
1814 6
1815 1
1816 1
1817 -1
1818 57
1819 0
1820 17
1821 1
1822 99
1823 6
1824 48
1825 22
1826 62
1827 -1
1828 1
1829 -1
1830 6
1831 1
1832 34
1833 6
1834 23
1835 0
1836 48
1837 46
1838 1
1839 -1
1840 74
1841 -1
1842 1
1843 39
1844 1
1845 -1
1846 -1
1847 -1
1848 107
1849 1
1850 -1
1851 78
1852 27
1853 69
1854 6
1855 1
1856 35
1857 62
1858 48
1859 -1
1860 -1
1861 33
1862 1
1863 83
1864 6
1865 -1
1866 1
1867 18
1868 6
1869 91
1870 89
1871 1
1872 68
1873 1
1874 62
1875 16
1876 5
1877 6
1878 0
1879 34
1881 1
1882 88
1883 0
1884 1
1885 22
1886 -1
1887 1
1888 -1
1889 1
1890 1
1891 -1
1892 1
1893 99
1894 9
1895 6
1896 -1
1897 18
1898 6
1899 0
1900 1
1901 -1
1902 35
1903 0
1904 0
1905 8
1906 1
1907 6
1908 0
1909 55
1910 103
1911 1
1912 45
1913 49
1914 67
1915 -1
1916 5
1917 6
1918 1
1919 6
1920 0
1921 1
1922 64
1923 34
1924 1
1925 1
1926 1
1927 45
1928 6
1929 -1
1930 34
1931 1
1932 -1
1933 1
1934 42
1935 1
1936 34
1937 1
1938 1
1939 100
1940 5
1941 6
1942 -1
1943 1
1944 87
1945 39
1946 44
1947 1
1948 -1
1949 1
1950 -1
1951 1
1952 60
1953 76
1954 -1
1955 1
1956 6
1957 0
1958 6
1959 57
1960 3
1961 -1
1962 100
1963 9
1964 -1
1965 -1
1966 61
1967 1
1968 58
1969 36
1970 42
1971 23
1972 18
1973 26
1974 10
1975 22
1976 14
1977 34
1978 67
1979 57
1980 1
1981 -1
1982 -1
1983 44
1984 0
1985 34
1986 0
1987 78
1988 66
1989 -1
1990 26
1991 0
1992 54
1993 -1
1994 57
1995 6
1996 55
1997 13
1998 18
1999 -1
2000 58
2002 -1
2003 -1
2004 -1
2006 -1
2007 1
2008 -1
2009 -1
2010 72
2011 26
2012 1
2013 -1
2014 64
2015 -1
2016 23
2017 87
2018 -1
2019 70
2020 6
2021 -1
2022 32
2023 1
2024 1
2025 105
2026 -1
2027 -1
2028 60
2029 35
2030 1
2031 22
2032 1
2033 1
2034 6
2035 6
2037 33
2038 19
2039 48
2040 6
2041 35
2042 44
2043 6
2044 79
2045 20
2046 1
2047 -1
2049 6
2050 55
2051 95
2052 8
2053 1
2054 6
2055 0
2056 -1
2057 44
2058 34
2059 1
2060 22
2061 -1
2062 47
2063 19
2064 1
2065 1
2066 45
2067 35
2068 87
2069 94
2070 -1
2071 1
2072 6
2073 46
2074 34
2075 8
2076 1
2077 -1
2078 6
2079 42
2080 1
2081 5
2082 6
2083 0
2084 1
2085 -1
2086 39
2087 0
2088 38
2089 -1
2090 40
2091 6
2092 -1
2093 -1
2094 6
2095 39
2096 -1
2097 -1
2098 6
2099 13
2100 1
2101 6
2102 6
2103 0
2104 -1
2105 -1
2106 35
2107 1
2108 -1
2109 43
2110 -1
2111 1
2112 0
2113 95
2114 13
2115 -1
2116 44
2117 20
2118 -1
2119 -1
2120 6
2121 -1
2122 -1
2123 23
2125 -1
2126 1
2127 -1
2128 104
2129 0
2130 36
2131 48
2132 5
2133 1
2134 0
2135 1
2136 34
2137 6
2138 5
2139 11
2140 0
2141 13
2142 -1
2143 23
2144 14
2145 34
2146 1
2147 -1
2148 0
2149 -1
2150 1
2151 6
2152 6
2153 6
2154 93
2155 0
2156 77
2157 21
2158 56
2159 1
2160 97
2161 99
2162 34
2163 9
2164 1
2165 1
2166 22
2167 33
2168 55
2169 0
2170 21
2171 4
2172 6
2173 1
2174 48
2175 -1
2176 0
2177 -1
2178 6
2179 0
2180 1
2181 1
2182 1
2183 103
2184 58
2185 1
2186 57
2187 13
2188 4
2189 0
2190 48
2191 -1
2192 6
2193 1
2194 1
2195 -1
2196 0
2197 32
2198 6
2199 0
2200 1
2201 90
2202 6
2203 105
2204 6
2205 6
2207 1
2208 55
2209 -1
2211 6
2212 1
2213 45
2214 0
2215 -1
2216 6
2217 1
2218 -1
2219 48
2220 -1
2221 6
2222 44
2223 -1
2224 0
2225 -1
2226 18
2227 1
2228 0
2229 0
2230 -1
2231 2
2232 -1
2233 63
2234 1
2235 6
2236 -1
2237 48
2238 6
2239 94
2240 6
2241 55
2242 -1
2243 36
2244 -1
2245 -1
2246 16
2247 1
2248 0
2249 42
2250 6
2251 0
2252 -1
2253 1
2254 0
2255 22
2256 -1
2257 1
2258 -1
2260 -1
2261 50
2262 1
2263 6
2264 103
2265 6
2266 0
2267 -1
2268 -1
2269 34
2270 1
2271 1
2272 98
2273 6
2274 1
2275 1
2276 87
2277 1
2278 21
2279 -1
2280 1
2281 34
2282 6
2283 48
2284 82
2285 0
2286 6
2287 0
2288 6
2289 0
2290 0
2291 38
2292 1
2293 8
2294 -1
2295 79
2296 -1
2297 85
2298 58
2299 1
2300 -1
2301 27
2302 -1
2303 -1
2304 88
2305 -1
2306 25
2307 -1
2309 1
2310 55
2311 105
2312 1
2313 13
2314 1
2315 0
2316 -1
2317 19
2318 -1
2319 -1
2320 -1
2321 73
2322 -1
2323 0
2324 -1
2325 0
2327 45
2328 70
2329 23
2330 27
2331 -1
2332 -1
2333 0
2334 34
2335 0
2336 0
2337 -1
2338 98
2339 -1
2340 83
2341 33
2342 14
2343 1
2344 0
2345 54
2346 6
2347 14
2348 0
2349 100
2350 1
2351 -1
2352 -1
2353 1
2354 0
2355 99
2356 6
2357 1
2358 1
2359 6
2361 6
2362 6
2363 -1
2364 58
2365 1
2366 23
2367 6
2368 33
2369 6
2370 -1
2371 0
2372 0
2373 23
2374 -1
2375 -1
2376 94
2377 58
2378 6
2379 -1
2380 6
2382 1
2383 1
2384 45
2385 36
2386 11
2387 1
2388 0
2389 8
2390 1
2391 1
2392 0
2393 -1
2394 1
2395 88
2396 1
2398 -1
2399 48
2400 1
2401 88
2403 67
2404 6
2405 -1
2406 70
2407 106
2408 1
2410 -1
2411 39
2412 0
2413 -1
2414 0
2415 0
2416 1
2417 48
2418 0
2419 1
2420 6
2421 47
2422 1
2423 21
2424 1
2425 6
2426 -1
2427 96
2428 0
2429 1
2430 30
2431 6
2432 -1
2433 62
2434 0
2435 -1
2436 -1
2437 -1
2438 0
2439 5
2440 2
2441 -1
2442 0
2443 0
2444 6
2445 33
2446 1
2447 74
2448 0
2449 -1
2450 8
2451 57
2452 39
2453 55
2454 0
2455 6
2456 1
2457 1
2458 -1
2459 0
2460 43
2461 0
2462 -1
2463 15
2464 1
2465 78
2466 105
2467 1
2468 1
2469 -1
2470 -1
2471 5
2472 13
2473 96
2474 -1
2475 59
2476 34
2477 13
2478 10
2479 68
2480 85
2481 42
2482 5
2483 17
2484 0
2485 1
2486 -1
2487 91
2488 -1
2489 1
2490 71
2491 -1
2492 61
2493 -1
2494 0
2495 35
2496 96
2497 0
2498 47
2499 -1
2500 64
2501 70
2503 9
2504 1
2505 1
2506 6
2507 0
2508 5
2509 23
2511 0
2512 -1
2513 55
2514 -1
2515 1
2516 0
2517 10
2518 6
2519 -1
2520 1
2521 0
2522 25
2523 1
2524 1
2525 -1
2526 34
2527 1
2528 77
2529 0
2530 -1
2531 -1
2532 -1
2533 78
2534 76
2535 85
2536 6
2537 -1
2538 1
2539 1
2540 -1
2541 -1
2542 -1
2543 1
2544 -1
2545 1
2546 0
2547 1
2548 1
2549 0
2550 97
2551 0
2552 39
2553 -1
2554 1
2555 0
2556 1
2557 36
2558 -1
2559 13
2560 0
2561 1
2562 -1
2563 5
2564 8
2565 34
2566 21
2567 6
2568 1
2569 57
2570 -1
2571 4
2572 34
2573 53
2574 6
2575 1
2576 1
2577 1
2578 22
2579 -1
2581 57
2582 -1
2583 -1
2584 1
2585 -1
2587 6
2588 0
2589 8
2590 -1
2591 -1
2592 -1
2593 -1
2595 6
2596 6
2597 38
2598 1
2599 -1
2600 55
2601 57
2602 1
2603 1
2604 1
2605 1
2606 0
2608 106
2609 -1
2610 8
2611 73
2612 24
2613 6
2614 76
2615 0
2616 39
2617 -1
2618 6
2619 62
2620 0
2621 -1
2622 6
2623 12
2624 34
2625 1
2626 6
2627 1
2628 36
2629 0
2630 -1
2631 -1
2632 8
2633 39
2634 13
2635 13
2636 1
2637 1
2638 1
2639 1
2640 1
2641 33
2642 -1
2643 90
2644 22
2645 12
2646 23
2647 -1
2648 81
2649 -1
2650 0
2651 5
2652 -1
2653 -1
2654 1
2655 -1
2656 36
2657 79
2658 -1
2659 -1
2660 0
2661 17
2662 6
2663 0
2665 6
2666 1
2667 -1
2668 1
2669 0
2670 1
2671 6
2672 -1
2673 0
2674 99
2675 35
2676 9
2677 1
2678 39
2679 0
2681 1
2682 7
2683 1
2684 10
2685 1
2686 -1
2687 6
2688 0
2689 0
2690 8
2691 -1
2692 1
2693 1
2694 6
2695 -1
2696 32
2697 6
2698 -1
2699 6
2700 0
2701 75
2702 -1
2703 50
2704 0
2705 -1
2706 -1
2707 96
2708 6
2709 1
2710 0
2711 44
2712 -1
2713 37
2714 -1
2715 63
2717 1
2718 1
2719 1
2720 1
2721 28
2722 90
2723 -1
2724 39
2725 48
2727 6
2728 84
2729 1
2730 5
2731 11
2732 0
2733 6
2734 0
2735 -1
2736 0
2737 9
2738 107
2739 99
2740 1
2741 0
2742 50
2743 94
2744 39
2745 30
2746 -1
2747 1
2748 -1
2749 0
2750 -1
2751 37
2752 6
2753 34
2754 -1
2755 92
2756 -1
2757 -1
2758 -1
2759 88
2760 -1
2761 0
2762 -1
2763 94
2764 1
2765 32
2766 6
2767 19
2768 6
2769 0
2770 1
2771 34
2773 1
2774 -1
2775 -1
2776 -1
2777 -1
2778 1
2779 -1
2780 9
2781 0
2782 -1
2783 1
2784 0
2785 1
2786 49
2787 1
2788 91
2789 -1
2790 34
2791 1
2792 -1
2793 -1
2794 -1
2795 -1
2796 1
2797 22
2798 -1
2799 13
2800 1
2801 1
2802 -1
2803 -1
2804 -1
2805 1
2806 4
2807 1
2808 -1
2809 1
2810 0
2811 16
2812 56
2813 0
2814 -1
2815 -1
2816 41
2817 -1
2818 1
2819 1
2820 -1
2821 -1
2822 6
2823 6
2824 1
2826 6
2827 39
2828 88
2829 44
2830 54
2831 -1
2832 0
2833 28
2834 93
2835 68
2836 -1
2837 1
2838 1
2839 4
2840 22
2841 -1
2842 -1
2843 75
2844 11
2845 1
2846 -1
2847 31
2848 48
2849 0
2850 6
2851 1
2852 4
2853 0
2854 49
2855 95
2856 29
2857 0
2858 0
2859 1
2860 13
2861 96
2862 -1
2863 39
2864 -1
2865 6
2866 1
2867 -1
2868 -1
2869 40
2870 6
2871 -1
2872 49
2873 -1
2874 1
2875 1
2877 1
2878 -1
2879 1
2880 6
2881 43
2882 13
2883 53
2884 1
2886 47
2887 -1
2888 71
2889 23
2890 6
2891 39
2892 52
2893 -1
2894 1
2895 5
2896 5
2897 44
2898 42
2899 43
2900 35
2901 5
2902 57
2903 1
2904 0
2905 64
2906 1
2907 1
2909 91
2910 -1
2911 100
2912 100
2913 -1
2914 26
2915 -1
2916 27
2917 -1
2918 0
2919 -1
2920 -1
2921 85
2922 1
2923 0
2924 6
2925 6
2926 1
2927 -1
2928 -1
2929 0
2930 0
2931 106
2932 6
2933 -1
2934 101
2935 -1
2936 0
2937 53
2938 57
2939 60
2940 -1
2941 83
2942 34
2943 1
2944 9
2945 1
2946 84
2947 -1
2948 6
2949 1
2950 -1
2951 35
2952 1
2953 1
2954 26
2955 -1
2956 0
2957 62
2958 -1
2960 57
2961 34
2962 34
2963 0
2964 52
2965 82
2966 0
2967 1
2968 62
2969 -1
2970 8
2971 1
2972 1
2973 -1
2974 6
2975 1
2976 34
2977 53
2978 -1
2979 -1
2980 6
2981 0
2982 97
2983 0
2984 80
2985 -1
2986 1
2987 0
2988 -1
2989 -1
2990 1
2991 1
2992 6
2993 0
2994 92
2995 15
2996 -1
2997 1
2998 1
2999 0
3000 0
3001 95
3002 5
3003 23
3004 -1
3005 102
3006 50
3007 15
3009 43
3010 95
3011 6
3012 106
3013 27
3014 6
3015 0
3016 39
3017 -1
3018 45
3019 17
3020 34
3021 81
3022 -1
3023 -1
3024 -1
3025 1
3027 -1
3028 1
3029 0
3030 1
3031 -1
3032 1
3033 33
3034 -1
3035 0
3036 -1
3037 88
3038 0
3039 6
3040 -1
3041 -1
3042 48
3043 -1
3044 1
3045 79
3046 0
3047 -1
3048 1
3049 6
3050 82
3051 1
3052 -1
3053 34
3054 -1
3055 85
3056 58
3057 6
3058 6
3059 -1
3060 1
3062 1
3063 63
3064 25
3065 0
3066 97
3067 1
3068 6
3069 1
3070 7
3071 -1
3072 -1
3073 -1
3074 39
3075 0
3076 22
3077 94
3078 104
3079 6
3080 77
3081 1
3082 1
3083 6
3084 55
3085 1
3087 23
3088 -1
3089 -1
3090 36
3091 85
3092 34
3093 -1
3094 1
3095 -1
3096 -1
3097 0
3098 1
3099 73
3100 5
3101 0
3102 1
3103 6
3104 1
3105 22
3106 61
3107 21
3108 -1
3109 -1
3110 97
3111 0
3112 87
3113 43
3114 1
3115 -1
3116 21
3117 48
3118 81
3119 1
3120 -1
3121 1
3122 22
3123 6
3124 1
3125 -1
3126 66
3127 1
3128 6
3129 0
3130 35
3131 25
3132 21
3133 -1
3134 1
3135 1
3136 48
3137 3
3138 6
3139 6
3140 -1
3141 -1
3142 6
3143 -1
3144 1
3145 34
3146 0
3147 -1
3148 2
3149 6
3150 52
3151 73
3152 48
3153 55
3154 6
3155 34
3156 6
3157 0
3158 -1
3159 6
3160 0
3161 68
3162 39
3163 8
3164 -1
3165 39
3166 51
3167 6
3168 45
3169 -1
3170 1
3171 1
3172 23
3173 1
3174 1
3175 -1
3176 77
3177 78
3178 34
3179 34
3180 6
3181 43
3182 -1
3183 1
3184 52
3185 1
3186 0
3187 6
3188 1
3189 0
3190 102
3191 -1
3192 6
3194 0
3195 -1
3196 1
3197 35
3198 -1
3199 55
3200 0
3201 1
3202 34
3203 58
3204 1
3205 -1
3206 6
3207 -1
3208 1
3209 34
3210 -1
3211 1
3212 -1
3213 6
3214 52
3215 34
3216 42
3217 -1
3218 58
3219 -1
3220 -1
3222 58
3223 56
3224 8
3225 1
3226 68
3227 52
3228 17
3229 -1
3230 34
3231 -1
3232 51
3233 1
3234 96
3235 -1
3236 1
3237 0
3238 -1
3239 1
3240 -1
3241 -1
3242 63
3243 34
3244 1
3245 34
3246 98
3247 1
3248 6
3249 0
3250 6
3252 6
3253 26
3254 107
3255 -1
3256 13
3257 97
3258 0
3259 -1
3260 0
3261 1
3262 1
3263 6
3264 0
3265 6
3267 23
3268 6
3269 0
3270 6
3271 6
3272 35
3273 -1
3274 55
3276 1
3277 0
3278 6
3279 1
3280 -1
3281 -1
3282 -1
3283 24
3284 48
3285 34
3286 -1
3287 0
3288 1
3289 47
3290 1
3291 0
3292 1
3293 1
3294 1
3295 1
3296 24
3297 17
3298 -1
3299 1
3300 -1
3301 29
3302 17
3303 -1
3304 1
3305 1
3306 1
3307 1
3308 -1
3310 6
3311 22
3312 13
3313 1
3314 0
3315 90
3316 0
3317 -1
3318 39
3319 26
3320 13
3321 0
3322 55
3323 8
3324 -1
3325 49
3326 -1
3327 -1
3328 1
3329 89
3330 6
3331 0
3332 -1
3333 6
3334 9
3335 -1
3336 6
3338 1
3339 -1
3340 38
3341 6
3342 1
3343 -1
3344 1
3345 1
3346 -1
3347 1
3348 44
3349 37
3350 48
3351 0
3352 1
3353 1
3354 7
3356 -1
3357 6
3358 34
3359 0
3360 1
3361 1
3362 0
3363 1
3364 23
3365 -1
3366 0
3367 55
3368 1
3369 58
3370 55
3371 -1
3372 85
3373 -1
3374 1
3375 28
3376 -1
3377 92
3378 23
3379 1
3380 31
3381 -1
3382 1
3383 70
3386 6
3387 0
3388 84
3389 6
3390 13
3391 0
3392 -1
3393 0
3394 0
3395 1
3396 0
3397 -1
3398 88
3399 1
3400 78
3401 -1
3402 1
3403 -1
3405 6
3406 67
3407 6
3408 17
3409 51
3410 52
3411 -1
3412 8
3413 1
3414 1
3415 1
3416 -1
3417 74
3418 1
3419 1
3420 75
3421 -1
3422 6
3423 1
3424 -1
3425 0
3426 9
3427 1
3428 -1
3429 6
3430 -1
3431 6
3432 9
3433 68
3434 6
3435 26
3436 0
3437 6
3438 6
3439 5
3440 48
3441 5
3442 47
3443 5
3444 54
3445 1
3446 1
3447 1
3448 1
3449 -1
3450 7
3451 0
3452 1
3454 77
3455 99
3457 80
3458 -1
3459 1
3460 96
3461 6
3462 65
3463 0
3464 1
3465 -1
3467 -1
3468 55
3470 -1
3471 1
3472 34
3473 34
3474 54
3475 -1
3476 0
3477 0
3478 76
3479 49
3480 -1
3481 78
3482 35
3483 -1
3484 5
3485 0
3486 76
3488 0
3489 5
3490 20
3491 -1
3493 59
3494 6
3495 99
3496 22
3497 1
3498 32
3499 53
3500 48
3501 34
3502 1
3503 -1
3504 39
3505 -1
3506 1
3507 4
3508 13
3509 0
3510 -1
3511 17
3512 -1
3513 62
3514 1
3515 1
3516 6
3517 -1
3519 1
3520 -1
3521 -1
3522 83
3523 71
3525 56
3526 30
3527 34
3528 -1
3529 0
3530 43
3531 0
3532 1
3533 34
3534 0
3535 -1
3536 1
3537 81
3538 1
3539 1
3540 -1
3541 1
3542 6
3543 0
3545 6
3546 48
3547 1
3548 13
3549 1
3550 1
3551 6
3552 -1
3553 6
3554 6
3555 1
3556 12
3557 22
3558 -1
3559 48
3560 -1
3561 83
3562 -1
3563 1
3564 -1
3565 -1
3566 1
3567 1
3568 -1
3569 -1
3570 68
3571 13
3572 48
3573 81
3575 1
3576 1
3577 -1
3578 80
3579 1
3580 4
3581 -1
3582 65
3583 -1
3584 -1
3585 -1
3586 6
3587 -1
3588 -1
3589 -1
3590 -1
3591 -1
3592 68
3593 31
3594 -1
3595 6
3596 20
3597 -1
3598 1
3599 44
3600 1
3601 34
3602 45
3603 91
3604 -1
3605 -1
3606 1
3607 0
3609 37
3610 1
3611 1
3612 6
3613 44
3614 6
3615 1
3617 105
3618 47
3619 101
3620 36
3621 -1
3622 -1
3623 0
3624 101
3625 1
3626 8
3627 57
3628 49
3629 1
3630 92
3631 1
3632 82
3633 0
3634 1
3636 0
3637 35
3638 70
3639 47
3640 6
3641 57
3642 -1
3644 1
3645 1
3646 6
3647 39
3648 8
3649 1
3650 59
3651 34
3652 6
3653 -1
3654 -1
3655 1
3656 13
3657 1
3658 -1
3659 1
3660 -1
3661 -1
3662 -1
3663 0
3664 6
3665 39
3666 1
3667 1
3668 1
3669 44
3670 48
3671 -1
3672 12
3673 -1
3674 1
3675 -1
3676 6
3677 -1
3678 1
3679 62
3680 -1
3681 22
3682 -1
3683 -1
3684 47
3685 -1
3686 1
3688 6
3689 1
3690 21
3691 1
3692 1
3693 -1
3694 0
3696 0
3697 14
3698 66
3699 21
3700 -1
3701 1
3702 1
3703 -1
3704 6
3705 1
3706 1
3707 -1
3708 1
3709 -1
3710 1
3711 21
3712 58
3713 65
3714 105
3715 -1
3716 -1
3717 0
3719 48
3720 -1
3721 -1
3722 -1
3723 -1
3724 25
3725 0
3726 34
3727 1
3728 23
3729 85
3730 58
3731 101
3732 6
3733 8
3734 10
3735 -1
3736 -1
3737 6
3738 67
3739 6
3740 13
3741 -1
3742 44
3743 76
3744 68
3746 -1
3747 6
3748 48
3749 1
3750 6
3751 23
3752 1
3753 57
3754 1
3755 1
3756 5
3757 -1
3758 43
3759 6
3760 21
3761 1
3762 104
3763 1
3764 -1
3765 45
3766 1
3767 6
3768 92
3769 -1
3771 15
3772 6
3773 6
3774 1
3775 105
3776 -1
3777 37
3778 0
3779 1
3780 -1
3781 -1
3782 88
3783 16
3784 72
3785 1
3786 -1
3787 -1
3788 1
3789 68
3790 19
3791 34
3792 1
3793 96
3794 1
3795 -1
3796 1
3797 0
3798 67
3799 1
3800 32
3801 1
3802 0
3803 -1
3804 1
3805 -1
3806 1
3807 0
3808 -1
3809 -1
3811 92
3812 13
3813 6
3814 5
3815 34
3816 22
3817 6
3818 34
3819 0
3820 73
3821 1
3822 -1
3823 6
3824 1
3825 -1
3826 5
3827 1
3828 0
3829 43
3830 1
3831 34
3832 0
3833 6
3834 29
3836 62
3837 0
3838 1
3839 -1
3840 74
3841 -1
3842 1
3843 -1
3844 91
3845 -1
3846 57
3847 9
3848 1
3849 1
3850 82
3851 -1
3852 0
3853 1
3854 -1
3855 48
3856 0
3859 5
3860 -1
3861 35
3862 99
3863 -1
3864 1
3865 6
3866 1
3867 6
3868 -1
3869 6
3870 1
3871 6
3872 1
3873 0
3874 38
3875 -1
3876 55
3877 40
3878 9
3879 1
3880 -1
3881 6
3882 1
3883 1
3884 1
3885 -1
3886 85
3887 -1
3888 -1
3889 23
3890 -1
3891 6
3892 108
3893 14
3894 32
3895 -1
3896 0
3897 6
3898 1
3899 1
3901 46
3902 -1
3904 1
3905 -1
3906 1
3907 1
3908 20
3909 -1
3910 -1
3911 1
3912 1
3913 1
3914 -1
3915 -1
3917 6
3918 1
3919 -1
3921 0
3922 23
3923 9
3924 71
3925 6
3926 99
3927 -1
3928 6
3929 34
3930 8
3931 -1
3932 78
3933 77
3934 6
3935 0
3936 17
3938 1
3939 80
3940 1
3941 27
3943 6
3944 93
3945 -1
3946 1
3947 1
3948 0
3949 0
3950 -1
3951 101
3952 6
3953 0
3954 47
3955 0
3956 6
3957 52
3958 39
3959 1
3960 79
3961 6
3962 62
3963 6
3964 44
3965 1
3966 92
3967 6
3968 1
3969 -1
3970 1
3971 100
3973 36
3974 1
3975 33
3976 61
3977 9
3978 -1
3979 1
3980 6
3981 0
3982 -1
3983 1
3984 0
3985 1
3986 48
3987 6
3988 13
3989 -1
3990 0
3991 6
3992 -1
3993 13
3994 1
3995 34
3996 6
3997 1
3998 0
3999 1
4000 1
4001 -1
4002 47
4003 -1
4004 -1
4005 43
4006 0
4007 8
4008 22
4009 6
4010 -1
4011 6
4012 -1
4013 68
4014 1
4016 -1
4017 6
4018 -1
4019 -1
4020 -1
4021 8
4022 100
4023 -1
4024 55
4025 12
4026 -1
4027 1
4028 97
4029 -1
4030 44
4031 51
4032 57
4033 48
4034 59
4035 0
4036 73
4037 1
4038 -1
4039 1
4040 -1
4041 -1
4042 -1
4043 29
4044 58
4045 31
4046 1
4047 1
4048 0
4049 13
4050 6
4051 6
4052 0
4053 34
4054 -1
4055 1
4056 6
4057 21
4058 6
4059 -1
4060 1
4061 1
4062 -1
4063 1
4064 88
4065 -1
4066 0
4067 1
4068 -1
4069 -1
4070 -1
4071 85
4072 28
4073 0
4074 -1
4075 1
4076 1
4077 -1
4078 1
4079 -1
4080 58
4081 -1
4082 8
4083 26
4084 0
4085 1
4086 93
4087 1
4088 6
4089 1
4090 1
4091 8
4092 -1
4093 1
4094 1
4095 1
4096 0
4097 1
4098 13
4100 6
4101 72
4102 30
4104 87
4105 -1
4106 87
4107 6
4108 1
4109 0
4110 -1
4111 4
4112 34
4113 6
4114 0
4115 1
4116 6
4117 -1
4118 -1
4119 0
4120 1
4121 6
4122 26
4123 67
4124 6
4125 88
4126 -1
4127 6
4128 -1
4129 -1
4130 85
4131 94
4132 23
4133 24
4134 1
4135 6
4137 -1
4138 -1
4139 6
4140 1
4141 36
4142 -1
4143 0
4144 6
4145 34
4146 6
4147 0
4148 1
4149 6
4150 1
4151 -1
4152 34
4153 -1
4154 55
4155 62
4156 1
4157 1
4158 -1
4159 1
4160 1
4161 -1
4162 6
4163 1
4164 1
4165 7
4166 1
4168 6
4169 56
4170 47
4171 -1
4172 6
4174 43
4175 40
4176 90
4177 95
4178 39
4179 -1
4180 1
4181 -1
4182 93
4183 0
4184 34
4185 47
4186 -1
4188 -1
4189 -1
4190 1
4191 -1
4192 91
4193 1
4194 61
4195 6
4196 6
4197 -1
4198 39
4199 9
4200 46
4201 22
4202 1
4203 2
4204 -1
4205 -1
4206 17
4207 1
4208 1
4209 0
4210 -1
4211 58
4212 96
4213 1
4214 1
4215 -1
4216 1
4219 1
4220 1
4221 6
4222 -1
4223 6
4224 85
4225 22
4226 -1
4227 -1
4228 50
4229 0
4230 6
4231 -1
4232 1
4233 0
4234 0
4235 1
4236 80
4237 3
4238 1
4239 -1
4240 2
4241 1
4242 1
4243 -1
4244 0
4245 1
4246 75
4247 -1
4248 1
4249 28
4250 6
4251 -1
4252 6
4253 43
4254 6
4255 -1
4256 -1
4257 -1
4258 -1
4259 1
4260 39
4261 1
4263 0
4264 37
4266 0
4267 0
4268 1
4269 22
4270 29
4272 0
4273 6
4274 0
4275 0
4276 36
4278 0
4279 -1
4280 6
4281 -1
4282 -1
4284 0
4285 1
4286 73
4287 1
4288 55
4289 0
4290 1
4291 1
4292 6
4293 1
4294 56
4296 0
4297 1
4298 47
4299 39
4300 6
4301 35
4302 6
4303 -1
4304 59
4305 6
4306 0
4307 6
4308 10
4309 73
4310 -1
4311 1
4312 1
4313 80
4314 1
4315 0
4316 64
4317 50
4318 1
4319 1
4320 1
4321 0
4322 -1
4323 -1
4324 -1
4325 0
4326 -1
4327 -1
4328 12
4329 1
4330 -1
4331 49
4332 -1
4333 0
4334 1
4335 6
4336 1
4337 -1
4338 0
4339 50
4340 4
4341 10
4342 1
4343 67
4344 4
4345 1
4346 -1
4347 -1
4348 6
4349 1
4350 100
4351 44
4352 -1
4353 1
4354 1
4355 0
4356 57
4357 1
4358 6
4359 1
4360 85
4361 0
4362 21
4363 -1
4364 13
4365 -1
4366 -1
4367 23
4369 23
4370 0
4371 1
4372 108
4373 6
4374 34
4375 88
4376 -1
4377 0
4378 -1
4379 1
4380 -1
4381 91
4382 1
4383 -1
4384 -1
4385 33
4386 94
4387 105
4388 1
4390 -1
4391 9
4392 1
4393 6
4394 -1
4395 -1
4396 52
4397 97
4398 17
4399 -1
4400 64
4401 1
4402 1
4403 -1
4404 0
4405 76
4406 1
4407 1
4408 59
4409 -1
4410 1
4411 1
4412 86
4413 39
4415 -1
4416 1
4417 6
4418 5
4420 6
4421 48
4422 47
4423 0
4424 34
4425 1
4426 91
4428 -1
4429 87
4430 1
4431 1
4432 37
4433 45
4434 -1
4435 -1
4436 -1
4437 94
4439 44
4440 -1
4441 9
4442 97
4443 55
4444 6
4445 59
4446 94
4447 40
4448 22
4449 -1
4451 -1
4452 6
4453 0
4454 6
4455 69
4456 1
4457 0
4458 6
4459 1
4460 1
4461 -1
4462 1
4463 0
4464 1
4465 44
4466 -1
4467 -1
4468 -1
4469 6
4470 -1
4471 0
4472 96
4473 1
4474 48
4475 1
4476 -1
4477 -1
4479 6
4480 -1
4481 -1
4482 1
4483 47
4484 23
4485 1
4486 -1
4487 -1
4488 -1
4489 100
4490 6
4491 0
4492 73
4493 14
4494 -1
4495 -1
4496 103
4497 32
4498 1
4499 1
4500 -1
4501 73
4502 1
4503 -1
4504 47
4505 1
4506 19
4507 56
4508 56
4509 1
4510 78
4511 101
4512 99
4513 23
4514 1
4515 -1
4516 1
4517 0
4518 35
4519 1
4520 6
4521 70
4522 8
4523 70
4524 0
4525 1
4526 1
4527 6
4528 -1
4529 -1
4530 15
4531 0
4532 1
4533 73
4534 89
4535 -1
4536 -1
4537 1
4538 1
4539 1
4540 1
4541 1
4542 56
4543 0
4545 -1
4546 70
4547 88
4548 68
4550 69
4551 0
4553 48
4554 0
4555 -1
4556 41
4557 -1
4558 88
4559 -1
4560 36
4561 6
4562 -1
4563 -1
4564 13
4565 0
4566 6
4567 8
4568 88
4569 0
4571 1
4572 1
4573 -1
4574 14
4575 -1
4576 1
4577 1
4578 23
4579 12
4580 71
4581 -1
4582 -1
4583 0
4585 38
4586 1
4587 44
4588 0
4589 53
4590 -1
4591 1
4592 1
4593 0
4594 21
4595 1
4596 -1
4598 0
4600 -1
4601 6
4602 -1
4603 -1
4604 1
4605 0
4606 78
4608 1
4609 75
4610 1
4611 26
4612 106
4613 1
4614 -1
4615 1
4616 1
4617 57
4618 -1
4619 1
4620 0
4621 -1
4622 64
4623 1
4624 -1
4625 1
4626 -1
4627 101
4628 41
4629 -1
4630 -1
4631 21
4632 0
4633 6
4634 14
4635 20
4636 1
4637 1
4638 73
4639 1
4640 -1
4641 1
4642 -1
4643 6
4644 78
4645 0
4646 89
4647 -1
4648 -1
4649 68
4650 0
4651 1
4652 -1
4653 18
4654 34
4655 0
4656 100
4657 106
4658 6
4659 0
4660 1
4661 -1
4662 -1
4663 1
4664 1
4665 -1
4666 -1
4667 44
4668 34
4669 1
4670 -1
4671 0
4672 1
4673 -1
4674 36
4675 1
4676 88
4677 6
4678 -1
4679 72
4680 60
4681 -1
4682 6
4683 5
4684 -1
4685 -1
4686 6
4687 49
4688 -1
4689 34
4690 -1
4691 -1
4692 6
4693 -1
4694 106
4695 -1
4696 32
4697 -1
4698 -1
4699 -1
4700 0
4701 -1
4702 101
4703 -1
4704 -1
4705 0
4706 -1
4707 1
4708 -1
4709 0
4710 0
4711 -1
4712 34
4713 45
4714 -1
4715 1
4716 6
4717 5
4718 48
4719 92
4720 56
4721 -1
4722 34
4723 13
4724 5
4725 20
4726 -1
4727 -1
4728 1
4729 1
4730 13
4731 21
4732 6
4733 13
4734 -1
4735 1
4737 6
4738 -1
4739 100
4740 -1
4741 0
4742 6
4744 6
4745 -1
4746 -1
4748 -1
4749 -1
4750 0
4752 22
4753 91
4754 -1
4755 1
4756 0
4757 -1
4759 82
4760 1
4761 -1
4762 -1
4763 33
4764 52
4765 0
4766 22
4767 88
4768 0
4769 1
4770 1
4771 67
4772 -1
4773 86
4774 -1
4775 1
4776 -1
4777 6
4778 39
4779 1
4780 -1
4781 46
4782 34
4783 0
4784 23
4786 1
4787 -1
4788 44
4789 0
4790 25
4791 1
4792 -1
4793 1
4794 1
4795 1
4796 -1
4797 21
4798 1
4799 0
4800 1
4801 45
4802 -1
4803 -1
4804 6
4805 62
4806 -1
4807 1
4808 -1
4809 1
4810 53
4811 65
4812 3
4813 6
4814 35
4815 79
4816 -1
4817 -1
4818 -1
4820 -1
4821 1
4822 1
4823 58
4824 17
4825 -1
4826 34
4827 1
4828 52
4829 1
4831 100
4832 73
4833 1
4834 6
4835 1
4836 1
4837 1
4839 41
4840 6
4841 1
4842 6
4843 6
4844 6
4845 11
4846 65
4847 3
4848 1
4849 33
4850 0
4851 1
4852 1
4853 -1
4854 -1
4855 60
4856 23
4857 1
4858 6
4859 69
4860 6
4861 6
4862 1
4863 82
4864 52
4865 8
4866 8
4867 55
4868 1
4869 -1
4870 69
4871 85
4872 1
4873 -1
4875 8
4876 1
4877 5
4878 70
4879 1
4880 6
4881 36
4882 8
4883 0
4884 1
4885 0
4886 -1
4887 -1
4888 1
4889 1
4890 20
4891 4
4892 50
4893 -1
4894 3
4895 48
4896 1
4897 56
4898 0
4899 -1
4900 34
4901 1
4904 -1
4905 -1
4906 1
4907 -1
4908 1
4909 52
4910 6
4911 6
4913 6
4914 1
4915 0
4916 1
4917 1
4918 1
4919 5
4921 -1
4922 33
4923 0
4924 1
4925 1
4926 6
4928 -1
4929 -1
4931 1
4932 1
4933 -1
4934 8
4935 -1
4936 -1
4937 1
4938 -1
4939 81
4940 12
4941 1
4942 1
4944 1
4945 24
4946 8
4947 1
4948 33
4949 1
4950 0
4951 1
4952 -1
4953 48
4954 34
4955 0
4956 -1
4957 -1
4958 -1
4959 39
4960 -1
4961 1
4962 71
4963 1
4964 -1
4965 -1
4966 21
4967 53
4968 8
4969 6
4970 91
4971 -1
4972 1
4973 1
4974 0
4975 67
4976 52
4977 34
4978 96
4979 22
4980 -1
4981 68
4982 6
4983 1
4984 21
4985 1
4986 1
4987 66
4988 1
4989 0
4990 -1
4991 -1
4992 34
4993 6
4994 3
4995 -1
4996 1
4997 1
4998 1
4999 -1
5000 57
5001 13
5002 1
5003 1
5004 1
5005 -1
5006 89
5007 23
5008 6
5009 -1
5010 45
5011 5
5012 100
5013 100
5014 52
5015 52
5016 13
5017 13
5018 35
5019 1
5020 -1
5021 1
5022 1
5023 77
5024 97
5025 97
5026 -1
5027 -1
5028 -1
5029 23
5030 1
5031 -1
5032 -1
5033 -1
5035 81
5036 81
5037 107
5038 88
5039 88
5040 88
5042 -1
5043 108
5044 6
5045 6
5047 6
5048 -1
5049 -1
5050 1
5051 -1
5052 1
5053 -1
5054 1
5055 1
5056 6
5057 -1
5058 -1
5059 -1
5060 -1
5061 -1
5062 -1
5063 48
5064 22
5065 6
5066 6
5067 -1
5068 -1
5070 -1
5071 -1
5072 -1
5073 1
5074 34
5075 -1
5076 41
5077 -1
5082 6
5083 38
5084 1
5085 1
5086 6
5087 1
5088 1
5089 -1
5090 1
5091 34
5092 86
5093 5
5096 1
5097 1
5098 6
5099 1
5100 1
5101 -1
5102 -1
5103 1
5104 88
5105 88
5106 88
5107 28
5108 -1
5110 1
5111 1
5112 20
5113 20
5114 1
5115 1
5116 -1
5117 -1
5118 40
5119 1
5120 6
5121 6
5122 1
5123 1
5124 1
5125 -1
5126 6
5127 1
5128 26
5129 0
5130 0
5131 0
5133 22
5134 -1
5135 24
5136 1
5137 36
5138 36
5139 -1
5140 -1
5141 96
5142 0
5143 1
5144 1
5145 6
5146 -1
5147 31
5148 34
5149 1
5150 53
5151 53
5152 -1
5153 6
5154 39
5155 39
5156 39
5157 20
5158 1
5159 1
5160 0
5161 0
5162 1
5163 16
5164 0
5165 1
5166 1
5167 0
5168 -1
5169 0
5170 0
5171 -1
5172 52
5173 52
5174 0
5175 0
5177 13
5178 66
5179 46
5180 -1
5181 -1
5182 49
5183 49
5184 6
5185 6
5186 -1
5187 5
5188 -1
5189 -1
5190 -1
5191 35
5192 1
5193 42
5194 -1
5195 1
5196 -1
5197 -1
5198 73
5199 73
5201 19
5202 -1
5203 0
5204 0
5205 1
5206 0
5207 1
5208 -1
5209 1
5210 1
5211 1
5212 39
5213 -1
5214 75
5215 34
5216 -1
5217 34
5218 -1
5219 56
5220 56
5221 6
5222 45
5223 45
5224 1
5225 1
5226 59
5227 59
5228 22
5229 -1
5230 6
5231 21
5232 21
5233 1
5234 1
5235 -1
5236 22
5237 8
5238 8
5239 1
5240 -1
5241 75
5242 -1
5243 -1
5244 -1
5245 -1
5246 -1
5247 -1
5248 -1
5249 -1
5250 44
5251 1
5252 0
5253 0
5254 6
5255 0
5256 38
5257 6
5258 -1
5259 0
5260 1
5261 58
5262 8
5263 38
5264 1
5265 -1
5266 79
5267 -1
5268 -1
5269 -1
5270 -1
5271 0
5272 0
5273 36
5274 36
5275 -1
5276 1
5277 1
5278 10
5279 1
5280 6
5281 6
5282 6
5283 -1
5284 99
5285 99
5286 -1
5287 -1
5288 34
5289 1
5290 1
5291 -1
5292 91
5293 91
5294 5
5295 -1
5296 0
5297 0
5298 0
5299 0
5300 1
5301 43
5302 -1
5303 -1
5304 0
5305 -1
5306 -1
5307 6
5308 6
5309 14
5310 14
5311 40
5312 9
5313 -1
5314 32
5315 32
5316 0
5317 8
5318 84
5319 35
5320 35
5321 8
5322 1
5323 1
5324 1
5325 1
5327 21
5328 -1
5329 1
5330 50
5332 1
5333 1
5334 96
5335 -1
5336 8
5338 0
5339 -1
5340 1
5341 44
5342 44
5343 1
5344 48
5345 48
5346 -1
5347 0
5348 1
5349 0
5350 89
5351 89
5352 56
5353 68
5354 6
5355 0
5356 34
5357 5
5358 -1
5359 -1
5360 1
5361 6
5362 -1
5363 -1
5364 1
5365 1
5366 1
5367 1
5370 35
5371 1
5372 0
5373 0
5374 0
5375 1
5376 1
5377 55
5378 55
5379 0
5380 0
5381 -1
5382 52
5383 60
5384 -1
5385 -1
5386 6
5387 1
5388 32
5389 32
5390 -1
5391 0
5392 0
5393 0
5394 -1
5395 -1
5396 0
5397 0
5399 35
5400 0
5401 8
5402 0
5403 0
5404 0
5405 0
5406 -1
5407 26
5408 26
5409 6
5410 23
5411 1
5412 22
5413 1
5414 1
5415 -1
5416 0
5417 -1
5418 -1
5419 0
5420 -1
5421 -1
5422 0
5423 0
5424 -1
5425 -1
5426 -1
5427 1
5428 1
5429 1
5430 -1
5431 1
5432 0
5433 0
5434 1
5435 -1
5436 99
5437 99
5438 46
5439 46
5440 -1
5441 -1
5442 -1
5443 6
5444 49
5445 49
5446 -1
5447 -1
5448 1
5449 0
5450 44
5451 44
5452 -1
5453 -1
5454 1
5455 1
5456 67
5457 67
5458 13
5459 13
5460 1
5461 1
5462 1
5463 1
5464 1
5465 1
5466 55
5467 60
5468 -1
5469 -1
5470 1
5471 -1
5472 101
5473 -1
5474 -1
5475 57
5476 -1
5477 -1
5478 -1
5479 39
5480 13
5481 36
5482 36
5483 -1
5484 82
5485 0
5486 83
5487 -1
5488 1
5489 41
5490 -1
5491 6
5492 -1
5493 38
5494 39
5495 39
5496 -1
5497 6
5498 6
5499 10
5500 6
5501 22
5502 52
5503 52
5504 94
5505 1
5506 35
5507 35
5508 1
5509 1
5510 1
5511 1
5512 1
5513 -1
5514 6
5515 6
5516 34
5517 0
5518 0
5519 0
5520 -1
5521 8
5522 1
5523 0
5524 -1
5525 -1
5526 28
5527 28
5528 1
5529 1
5530 1
5531 1
5532 1
5533 1
5534 34
5535 52
5536 98
5537 1
5538 56
5539 56
5540 -1
5541 -1
5542 -1
5543 -1
5544 -1
5545 -1
5546 0
5547 0
5548 47
5549 -1
5550 1
5551 22
5552 -1
5553 1
5554 -1
5555 -1
5556 1
5557 87
5558 -1
5559 23
5560 1
5561 1
5563 -1
5564 9
5565 -1
5566 -1
5567 1
5568 1
5569 1
5570 8
5571 1
5572 1
5573 6
5574 1
5575 -1
5576 1
5577 1
5578 1
5579 -1
5580 -1
5581 -1
5582 -1
5583 -1
5584 -1
5585 0
5586 6
5587 6
5588 22
5589 3
5590 35
5591 35
5592 -1
5593 6
5594 68
5595 68
5596 77
5597 -1
5598 -1
5599 1
5600 1
5601 1
5602 6
5603 13
5604 13
5605 108
5606 1
5607 1
5608 -1
5609 40
5610 40
5611 -1
5612 -1
5613 -1
5614 8
5615 1
5616 6
5617 6
5618 68
5619 -1
5620 -1
5621 -1
5622 -1
5623 -1
5624 1
5625 6
5626 -1
5627 -1
5628 -1
5629 47
5630 -1
5631 -1
5632 8
5633 6
5634 -1
5635 6
5636 0
5637 -1
5638 5
5639 5
5640 -1
5641 -1
5642 1
5643 50
5644 50
5645 1
5646 1
5647 1
5648 -1
5649 1
5650 -1
5651 92
5652 92
5653 58
5654 58
5655 -1
5656 -1
5657 6
