0 42
1 224
2 108
3 124
4 152
5 15
6 42
7 203
8 2
9 171
10 124
11 232
12 180
13 207
14 155
15 25
16 70
17 4
18 133
19 73
20 131
21 115
22 71
23 231
24 18
25 10
26 114
27 24
28 35
29 31
30 213
31 1
32 101
33 159
34 222
35 189
36 144
37 176
38 163
39 225
40 2
41 34
42 159
43 40
44 124
45 235
46 64
47 103
48 228
49 36
50 155
51 85
52 128
53 183
54 43
55 208
56 99
57 51
58 115
59 130
60 2
61 75
62 25
63 117
64 141
65 105
66 218
67 11
68 127
69 75
70 110
71 235
72 3
73 242
74 45
75 246
76 72
77 102
78 165
79 200
80 242
81 91
82 127
83 154
84 110
85 112
86 36
87 71
88 130
89 49
90 196
91 64
92 41
93 238
94 35
95 36
96 6
97 150
98 133
99 185
100 186
101 110
102 94
103 220
104 82
105 209
106 208
107 100
108 75
109 71
110 76
111 235
112 181
113 175
114 33
115 188
116 84
117 6
118 141
119 182
120 165
121 2
122 148
123 8
124 112
125 89
126 172
127 64
128 227
129 38
130 230
131 153
132 102
133 171
134 220
135 71
136 140
137 109
138 99
139 127
140 120
141 147
142 142
143 214
144 184
145 158
146 6
147 141
148 160
149 59
150 213
151 28
152 218
153 1
154 171
155 77
156 154
157 243
158 142
159 9
160 216
161 6
162 110
163 134
164 135
165 12
166 160
167 70
168 143
169 111
170 122
171 127
172 28
173 146
174 157
175 95
176 25
177 207
178 45
179 74
180 29
181 110
182 122
183 150
184 126
185 151
186 213
187 8
188 57
189 151
190 224
191 235
192 159
193 196
194 36
195 220
196 61
197 153
198 55
199 16
200 114
201 156
202 10
203 78
204 60
205 186
206 203
207 103
208 52
209 19
210 202
211 75
212 213
213 138
214 39
215 213
216 24
217 103
218 65
219 240
220 213
221 235
222 71
223 171
224 42
225 64
226 80
227 1
228 210
229 70
230 71
231 73
232 208
233 89
234 178
235 135
236 129
237 164
238 229
239 249
240 169
241 43
242 248
243 157
244 9
245 115
246 106
247 12
248 184
249 111
250 81
251 136
252 216
253 89
254 137
255 156
256 166
257 56
258 237
259 127
260 155
261 102
262 85
263 56
264 13
265 71
266 0
267 29
268 2
269 81
270 142
271 5
272 71
273 202
274 103
275 91
276 9
277 214
278 161
279 248
280 28
281 247
282 107
283 59
284 107
285 89
286 102
287 112
288 137
289 1
290 150
291 218
292 232
293 85
294 183
295 28
296 1
297 175
298 230
301 145
302 133
303 137
304 209
305 25
306 244
307 161
308 188
309 104
310 91
311 21
312 38
313 41
314 72
315 224
316 20
317 119
318 35
319 194
320 12
321 71
322 103
323 110
324 176
325 24
326 106
327 124
328 179
329 7
330 195
331 42
332 110
333 237
334 202
335 170
336 52
337 87
338 234
339 232
340 52
341 135
342 235
343 27
344 14
345 78
346 246
347 12
348 192
349 248
350 208
351 12
352 102
353 116
354 176
355 202
356 7
357 246
358 40
359 131
360 71
361 107
362 71
363 151
364 176
365 53
366 81
367 220
368 128
369 25
370 37
371 142
372 28
373 136
374 204
375 79
376 151
377 137
378 189
379 138
380 35
381 28
382 193
383 141
384 171
385 88
386 240
387 78
388 61
389 246
390 86
391 152
392 115
393 232
394 194
395 28
396 37
397 1
398 102
399 28
400 238
401 156
402 166
403 219
404 241
405 241
407 211
408 177
409 213
410 68
411 93
412 81
413 169
414 168
415 18
416 195
417 189
418 141
419 42
420 152
421 186
422 20
423 12
424 176
425 137
426 83
427 1
428 156
429 28
430 5
431 153
432 34
433 248
434 56
435 168
436 90
437 39
438 121
439 103
440 81
441 36
442 47
443 17
444 93
445 47
446 177
447 242
448 6
449 120
450 213
451 233
452 108
453 207
454 58
455 221
456 143
457 246
458 137
459 12
460 96
461 177
462 28
463 12
464 122
465 213
466 103
467 115
468 118
469 234
470 129
471 235
472 157
473 19
474 3
475 123
476 174
477 174
478 119
479 34
480 111
481 103
482 70
483 170
484 232
485 25
486 248
487 52
488 82
489 107
490 57
491 202
492 221
493 127
494 177
495 142
496 97
497 202
498 163
499 21
500 220
501 120
502 114
503 232
504 174
505 157
506 97
507 109
508 235
509 123
510 8
511 0
512 168
513 177
514 89
515 123
516 94
517 192
518 204
519 29
520 86
522 15
523 235
524 71
525 54
526 52
527 5
528 214
529 134
530 177
531 29
532 64
533 117
534 124
535 102
536 248
537 211
538 235
539 115
540 38
541 116
542 66
543 71
544 81
545 137
546 203
547 146
548 242
549 97
550 27
551 142
552 81
553 203
554 73
555 49
556 3
557 28
558 93
559 19
560 6
561 237
562 75
563 19
564 58
565 1
566 107
567 242
568 171
569 90
570 200
571 133
572 247
573 71
574 38
575 226
576 127
577 71
578 57
579 4
580 70
581 239
582 71
583 219
584 83
585 108
586 21
587 39
588 73
589 235
590 171
591 217
592 168
593 52
594 149
595 146
596 164
597 126
598 5
599 245
600 62
601 113
602 156
603 161
604 52
605 71
606 90
607 152
608 235
609 0
610 217
611 224
612 98
613 66
614 239
615 52
616 47
617 103
618 196
619 90
620 47
621 113
622 71
623 58
624 137
626 75
627 36
628 57
629 242
630 65
631 192
632 155
633 183
634 162
635 125
636 195
637 45
638 106
639 24
640 106
641 102
642 157
643 20
644 5
645 23
646 17
647 181
648 165
649 244
650 11
651 106
652 191
654 20
655 153
656 151
657 100
658 186
659 45
660 174
661 28
662 0
663 189
664 106
665 88
666 110
667 60
668 136
669 14
670 151
671 12
672 156
673 53
674 44
675 52
676 47
677 27
678 51
679 215
680 112
681 48
682 124
683 203
684 242
685 110
686 61
687 202
688 29
689 192
690 84
691 12
692 12
693 75
694 38
695 228
696 4
697 246
698 36
699 103
700 177
701 150
702 144
703 228
704 148
705 177
706 17
707 244
708 17
709 186
710 36
711 52
712 56
713 59
715 100
716 127
717 238
718 126
719 49
720 210
721 90
722 126
723 36
724 118
725 200
726 127
727 20
728 237
729 76
730 149
731 64
732 235
733 224
734 177
735 213
736 71
737 79
738 238
739 139
740 88
741 2
742 213
743 242
744 242
745 20
746 171
747 40
748 192
749 75
750 202
751 34
752 90
753 202
754 1
755 181
756 118
757 36
758 39
759 137
760 137
761 213
762 57
763 248
764 180
765 169
766 110
767 221
768 153
769 212
770 194
771 70
772 114
773 133
774 44
775 124
776 106
777 218
778 156
779 24
780 94
781 149
782 46
783 71
784 35
785 151
786 183
787 133
788 134
790 97
791 52
792 198
793 213
794 8
795 144
796 242
797 28
798 114
799 154
800 237
801 43
802 249
803 15
804 161
805 239
806 186
807 64
808 81
809 120
810 115
811 114
812 183
813 94
814 248
815 150
816 192
817 134
818 41
819 110
820 223
821 135
822 108
823 0
824 71
825 242
826 202
827 153
828 81
829 16
830 189
831 151
832 239
833 32
834 64
835 73
836 71
837 6
838 222
839 43
840 70
841 67
842 162
843 178
844 213
845 44
846 103
847 24
848 144
849 249
850 187
851 50
852 33
853 147
854 131
855 141
856 6
857 35
858 94
859 47
860 35
861 175
862 36
863 11
864 150
865 151
866 43
867 43
868 145
869 23
870 28
871 142
872 6
873 110
874 209
875 166
876 60
877 156
878 129
879 165
880 225
881 43
882 235
883 155
884 209
885 94
886 202
887 53
888 115
889 104
890 221
891 20
892 118
893 177
894 121
895 76
896 15
897 45
898 28
899 123
900 61
901 36
902 170
903 123
904 10
905 38
906 101
907 192
908 46
909 60
910 38
911 239
912 69
913 240
914 69
915 147
916 177
917 61
918 202
919 7
920 141
921 6
922 0
923 183
924 213
925 136
926 19
927 80
928 68
929 139
930 5
931 160
932 189
933 213
934 235
935 186
936 12
937 56
938 93
939 165
940 202
941 65
942 56
943 13
944 15
945 32
946 80
947 41
948 103
949 89
950 47
951 132
952 179
953 193
954 75
955 124
956 151
957 102
958 211
959 155
960 42
961 123
962 239
963 97
964 224
965 135
966 41
967 139
968 68
969 94
970 159
971 28
972 127
973 154
974 95
975 19
976 80
977 103
978 156
979 239
980 32
981 50
982 194
983 140
984 153
985 171
986 46
987 35
988 60
989 43
990 192
991 64
992 132
993 218
994 54
995 176
996 64
997 171
998 237
999 174
1000 51
1001 58
1002 133
1003 232
1004 38
1005 102
1006 20
1007 192
1008 1
1009 146
1010 36
1011 81
1012 11
1013 243
1014 156
1015 37
1016 0
1017 97
1018 242
1019 202
1020 62
1021 5
1022 1
1023 140
1024 37
1025 145
1026 177
1027 209
1028 94
1029 111
1030 114
1031 248
1032 24
1033 13
1034 71
1035 50
1036 121
1037 110
1038 39
1039 202
1040 213
1041 171
1042 102
1043 220
1044 143
1045 71
1046 28
1047 81
1048 230
1049 210
1050 129
1051 75
1052 184
1053 106
1054 131
1055 6
1056 23
1057 220
1058 152
1059 162
1060 170
1061 192
1062 12
1063 49
1064 22
1065 90
1066 110
1067 110
1068 36
1069 92
1070 202
1071 18
1072 5
1073 97
1074 109
1075 136
1076 214
1077 116
1078 175
1079 108
1080 116
1081 73
1082 92
1083 110
1084 210
1085 240
1086 85
1087 151
1088 246
1089 20
1090 206
1091 73
1092 92
1093 141
1094 148
1095 21
1096 85
1097 24
1098 85
1099 104
1100 61
1101 108
1102 93
1103 95
1104 164
1105 202
1106 197
1107 71
1108 48
1109 82
1110 186
1111 242
1112 114
1113 95
1114 63
1115 102
1116 135
1117 14
1118 238
1119 217
1120 241
1121 108
1122 224
1123 151
1124 68
1125 143
1126 105
1127 20
1128 101
1129 239
1130 70
1131 13
1132 177
1133 37
1134 222
1135 1
1136 19
1137 242
1138 150
1139 64
1140 240
1141 88
1142 146
1143 31
1144 163
1145 88
1146 48
1147 175
1148 73
1149 239
1150 124
1151 27
1152 76
1153 114
1154 133
1155 64
1156 232
1157 75
1158 120
1159 28
1160 38
1161 209
1162 79
1163 238
1164 108
1165 81
1166 199
1167 27
1168 22
1169 11
1170 65
1171 146
1172 123
1173 161
1174 179
1175 114
1176 43
1177 25
1178 214
1179 102
1180 203
1181 177
1182 35
1183 88
1184 192
1185 170
1186 229
1187 111
1188 5
1189 110
1190 39
1191 137
1192 110
1193 43
1194 144
1195 12
1196 192
1197 29
1198 85
1199 56
1200 129
1201 67
1202 195
1203 19
1205 53
1206 169
1207 232
1208 152
1209 64
1210 161
1211 195
1212 164
1213 218
1214 137
1215 76
1216 211
1217 102
1218 136
1219 2
1220 108
1221 67
1222 57
1223 64
1224 199
1225 45
1226 193
1227 61
1228 28
1229 4
1230 112
1231 159
1232 246
1233 155
1234 36
1235 22
1236 38
1237 159
1238 24
1239 18
1240 21
1241 113
1242 93
1243 214
1244 20
1245 25
1246 102
1247 55
1248 86
1249 73
1250 9
1251 90
1252 6
1253 121
1254 136
1255 181
1256 75
1257 40
1258 13
1259 154
1260 105
1261 15
1262 14
1263 248
1264 153
1265 137
1266 249
1267 5
1268 232
1269 67
1270 213
1271 43
1273 28
1274 138
1275 159
1277 48
1278 234
1279 56
1280 170
1281 126
1282 100
1283 45
1284 103
1285 110
1286 70
1287 171
1288 185
1289 181
1290 151
1291 110
1292 61
1293 64
1294 12
1295 206
1296 46
1297 215
1298 25
1299 245
1300 92
1301 73
1302 20
1303 122
1304 177
1305 221
1306 82
1307 43
1308 108
1309 133
1310 7
1311 156
1312 135
1313 110
1314 89
1315 234
1316 149
1317 59
1318 47
1319 197
1320 110
1321 161
1322 165
1323 249
1324 110
1325 36
1326 114
1327 99
1328 101
1329 42
1330 159
1331 181
1332 180
1333 42
1334 97
1335 28
1336 43
1337 144
1338 158
1339 182
1340 171
1341 121
1342 157
1343 109
1344 62
1345 67
1346 110
1347 199
1348 196
1349 142
1350 15
1351 94
1352 2
1353 206
1354 220
1355 35
1356 102
1357 181
1358 248
1359 84
1360 214
1361 204
1362 64
1363 160
1364 64
1365 200
1366 188
1367 19
1368 172
1369 153
1370 152
1371 224
1372 186
1373 248
1374 159
1375 108
1376 141
1377 43
1378 222
1379 145
1380 52
1381 12
1382 70
1383 145
1384 186
1385 73
1386 12
1387 202
1388 227
1389 195
1390 118
1391 143
1392 106
1393 90
1394 149
1396 208
1397 242
1398 249
1399 73
1400 160
1401 98
1402 202
1403 156
1404 36
1405 139
1406 224
1407 33
1408 217
1409 153
1410 82
1411 0
1412 28
1413 91
1414 90
1415 9
1416 123
1417 192
1418 90
1419 142
1420 122
1421 95
1422 60
1423 133
1425 62
1426 126
1427 35
1428 238
1429 102
1430 19
1431 27
1432 42
1433 156
1434 151
1435 203
1436 154
1437 90
1438 9
1439 127
1440 114
1441 24
1442 213
1443 40
1444 220
1445 57
1446 202
1447 33
1448 64
1449 28
1450 234
1451 182
1452 129
1453 218
1454 161
1455 138
1456 248
1457 230
1458 41
1459 94
1460 73
1461 71
1463 28
1464 110
1465 29
1466 132
1467 128
1468 129
1469 68
1470 208
1471 48
1472 148
1473 38
1474 207
1475 12
1476 248
1477 195
1478 43
1479 37
1480 164
1481 52
1482 0
1483 15
1484 93
1485 69
1486 203
1487 24
1488 206
1489 213
1490 159
1491 161
1493 35
1494 41
1495 241
1496 235
1497 9
1498 158
1499 36
1500 166
1501 151
1502 102
1503 43
1504 66
1505 209
1506 170
1507 246
1508 217
1509 166
1510 248
1511 175
1512 90
1513 199
1514 220
1515 102
1516 28
1517 36
1518 64
1519 1
1520 43
1521 111
1522 55
1523 41
1524 212
1525 28
1526 219
1527 183
1528 64
1529 37
1530 176
1531 25
1532 217
1533 52
1534 144
1535 87
1536 135
1537 36
1538 101
1539 202
1540 27
1541 124
1542 55
1543 73
1544 27
1545 107
1546 85
1547 153
1548 129
1549 28
1550 15
1551 1
1552 130
1553 110
1554 177
1555 106
1556 143
1557 224
1558 127
1559 171
1560 176
1561 213
1562 25
1563 75
1564 122
1565 94
1566 221
1567 115
1568 48
1569 5
1570 161
1571 169
1572 183
1573 71
1574 176
1575 176
1576 28
1577 246
1578 220
1579 64
1580 169
1581 51
1582 69
1583 45
1584 69
1585 154
1586 86
1587 156
1588 176
1589 219
1590 187
1591 28
1592 94
1593 171
1594 43
1595 159
1596 2
1597 115
1598 212
1599 64
1600 194
1601 159
1602 186
1603 159
1604 40
1605 177
1606 247
1607 240
1608 64
1609 116
1610 63
1611 160
1612 138
1613 64
1614 9
1615 55
1616 236
1617 23
1618 102
1619 213
1620 218
1621 151
1622 202
1623 170
1624 203
1625 102
1626 108
1627 218
1628 159
1629 11
1630 189
1631 212
1632 105
1633 157
1634 1
1635 167
1636 164
1637 64
1638 212
1639 180
1640 147
1641 212
1642 149
1643 106
1644 225
1645 133
1646 107
1647 156
1648 12
1649 56
1650 70
1651 208
1652 81
1653 137
1654 102
1655 154
1656 100
1657 95
1658 238
1659 61
1660 169
1661 156
1662 5
1663 184
1664 110
1665 1
1666 162
1667 23
1668 115
1669 32
1670 248
1671 48
1672 60
1673 63
1674 61
1675 20
1676 192
1677 86
1678 64
1679 124
1680 169
1681 186
1682 239
1683 71
1684 220
1685 72
1686 192
1688 85
1689 51
1690 7
1691 64
1692 123
1693 51
1694 197
1695 134
1696 226
1697 200
1698 106
1699 239
1700 181
1701 247
1702 154
1703 15
1704 81
1705 98
1706 241
1707 200
1708 197
1709 37
1710 129
1711 27
1712 19
1713 55
1714 119
1716 95
1717 81
1718 85
1719 209
1720 81
1721 58
1722 135
1723 123
1725 148
1726 165
1727 122
1728 145
1729 75
1730 184
1731 88
1732 110
1733 175
1734 209
1735 29
1736 184
1737 38
1738 133
1739 95
1740 183
1741 174
1742 200
1743 203
1744 239
1745 24
1746 73
1747 2
1748 162
1749 235
1750 130
1751 156
1752 44
1753 157
1754 2
1755 237
1756 239
1757 151
1758 110
1759 53
1760 94
1761 109
1762 172
1764 133
1765 34
1766 118
1767 81
1768 71
1770 36
1771 50
1772 36
1773 103
1774 160
1775 10
1776 35
1777 165
1778 43
1779 9
1780 102
1781 232
1782 127
1783 203
1784 9
1785 119
1786 98
1787 22
1788 95
1789 208
1790 153
1791 73
1792 82
1793 147
1794 27
1795 64
1796 116
1797 108
1798 52
1799 103
1800 79
1801 174
1802 93
1803 36
1804 43
1805 200
1806 108
1807 36
1808 123
1809 209
1810 1
1811 192
1812 79
1813 72
1814 177
1815 85
1816 194
1817 75
1818 58
1819 241
1820 51
1821 150
1822 197
1823 19
1824 102
1825 184
1826 24
1827 175
1828 95
1829 135
1830 114
1831 25
1832 20
1833 202
1834 9
1835 181
1836 224
1837 60
1838 95
1839 33
1840 121
1841 212
1842 217
1843 239
1844 25
1845 161
1846 141
1847 103
1848 208
1849 21
1850 68
1851 192
1852 94
1853 166
1854 12
1855 29
1856 142
1857 24
1858 224
1859 147
1860 163
1861 109
1862 160
1863 106
1864 133
1865 213
1866 150
1867 75
1868 36
1869 32
1870 43
1871 124
1872 86
1873 127
1874 24
1875 128
1876 55
1877 84
1878 203
1879 20
1881 102
1882 94
1883 235
1884 234
1885 168
1886 165
1887 25
1888 54
1889 127
1890 127
1891 124
1892 9
1893 197
1894 192
1895 64
1896 103
1897 75
1898 66
1899 23
1900 151
1901 231
1902 106
1903 28
1904 64
1905 152
1906 90
1907 110
1908 163
1909 248
1910 137
1911 174
1912 16
1913 65
1914 204
1915 227
1916 55
1917 19
1918 29
1919 110
1920 235
1921 127
1922 116
1923 137
1924 150
1925 90
1926 34
1927 46
1928 12
1929 72
1930 67
1931 72
1932 201
1933 183
1934 74
1935 77
1936 137
1937 52
1938 176
1939 14
1940 153
1941 28
1942 142
1943 213
1944 118
1945 171
1946 153
1947 213
1948 221
1949 124
1950 201
1951 88
1952 248
1953 170
1954 124
1955 150
1956 177
1957 23
1958 64
1959 136
1960 4
1961 125
1962 82
1963 192
1964 35
1965 110
1966 102
1967 1
1968 13
1969 214
1970 188
1971 211
1972 75
1973 71
1974 31
1975 3
1976 228
1977 131
1978 204
1979 136
1980 6
1981 169
1982 99
1983 105
1984 108
1985 247
1986 114
1987 192
1988 220
1989 220
1990 177
1991 110
1992 43
1993 71
1994 115
1995 64
1996 122
1997 171
1998 75
1999 115
2000 189
2002 35
2003 242
2004 57
2006 102
2007 175
2008 223
2009 72
2010 42
2011 71
2012 160
2013 228
2014 116
2015 133
2016 130
2017 118
2018 107
2019 219
2020 177
2021 99
2022 38
2023 95
2024 159
2025 190
2026 176
2027 167
2028 248
2029 142
2030 140
2031 26
2032 90
2033 127
2034 114
2035 226
2037 109
2038 117
2039 102
2040 19
2041 142
2042 105
2043 12
2044 75
2045 105
2046 213
2047 188
2049 66
2050 122
2051 132
2052 133
2053 176
2054 202
2055 2
2056 198
2057 153
2058 20
2059 27
2060 3
2061 27
2062 52
2063 117
2064 61
2065 224
2066 16
2067 142
2068 118
2069 13
2070 227
2071 154
2072 19
2073 60
2074 147
2075 133
2076 72
2077 6
2078 71
2079 74
2080 1
2081 131
2082 12
2083 123
2084 150
2085 6
2086 171
2087 64
2088 110
2089 110
2090 157
2091 43
2092 170
2093 14
2094 28
2095 171
2096 135
2097 178
2098 114
2099 0
2100 174
2101 249
2102 64
2103 36
2104 102
2105 167
2106 142
2107 102
2108 248
2109 113
2110 58
2111 232
2112 71
2113 132
2114 144
2115 186
2116 153
2117 105
2118 208
2119 83
2120 64
2121 212
2122 122
2123 9
2125 188
2126 103
2127 127
2128 240
2129 23
2130 5
2131 102
2132 49
2133 151
2134 123
2135 41
2136 212
2137 177
2138 153
2139 222
2140 64
2141 171
2142 81
2143 246
2144 228
2145 137
2146 234
2147 99
2148 108
2149 142
2150 159
2151 19
2152 71
2153 71
2154 22
2155 11
2156 44
2157 245
2158 111
2159 61
2160 73
2161 197
2162 147
2163 192
2164 154
2165 120
2166 3
2167 109
2168 122
2169 71
2170 11
2171 73
2172 177
2173 27
2174 102
2175 233
2176 207
2177 193
2178 143
2179 11
2180 213
2181 27
2182 102
2183 137
2184 13
2185 196
2186 136
2187 106
2188 73
2189 156
2190 39
2191 177
2192 19
2193 183
2194 160
2195 60
2196 56
2197 38
2198 202
2199 36
2200 150
2201 15
2202 66
2203 190
2204 114
2205 177
2207 161
2208 248
2209 85
2211 64
2212 159
2213 16
2214 241
2215 187
2216 43
2217 169
2218 89
2219 39
2220 137
2221 114
2222 199
2223 122
2224 57
2225 225
2226 75
2227 176
2228 87
2229 163
2230 59
2231 203
2232 124
2233 237
2234 81
2235 110
2236 131
2237 224
2238 36
2239 13
2240 12
2241 122
2242 235
2243 214
2244 35
2245 152
2246 128
2247 63
2248 2
2249 74
2250 177
2251 28
2252 198
2253 103
2254 2
2255 168
2256 135
2257 85
2258 126
2260 155
2261 80
2262 127
2263 64
2264 137
2265 12
2266 56
2267 178
2268 169
2269 20
2270 196
2271 53
2272 164
2273 28
2274 29
2275 140
2276 118
2277 53
2278 245
2279 73
2280 81
2281 131
2282 12
2283 102
2284 62
2285 163
2286 110
2287 163
2288 19
2289 163
2290 23
2291 218
2292 81
2293 10
2294 195
2295 75
2296 184
2297 48
2298 189
2299 17
2300 165
2301 94
2302 194
2303 125
2304 94
2305 78
2306 186
2307 86
2309 232
2310 248
2311 190
2312 90
2313 144
2314 159
2315 64
2316 215
2317 117
2318 17
2319 59
2320 141
2321 149
2322 198
2323 28
2324 71
2325 35
2327 46
2328 219
2329 9
2330 94
2331 21
2332 33
2333 56
2334 67
2335 2
2336 110
2337 83
2338 245
2339 228
2340 106
2341 109
2342 228
2343 7
2344 28
2345 43
2346 71
2347 177
2348 209
2349 82
2350 88
2351 92
2352 244
2353 17
2354 36
2355 197
2356 43
2357 150
2358 151
2359 84
2361 156
2362 19
2363 169
2364 189
2365 159
2366 246
2367 19
2368 109
2369 202
2370 68
2371 12
2372 228
2373 76
2374 223
2375 54
2376 13
2377 189
2378 64
2379 168
2380 64
2382 61
2383 139
2384 231
2385 5
2386 222
2387 217
2388 56
2389 10
2390 183
2391 127
2392 209
2393 235
2394 53
2395 94
2396 7
2398 231
2399 102
2400 140
2401 94
2403 204
2404 64
2405 57
2406 219
2407 35
2408 151
2410 6
2411 5
2412 114
2413 135
2414 28
2415 71
2416 102
2417 39
2418 235
2419 161
2420 202
2421 52
2422 90
2423 123
2424 150
2425 97
2426 227
2427 145
2428 108
2429 150
2430 165
2431 64
2432 118
2433 24
2434 248
2435 66
2436 6
2437 43
2438 209
2439 49
2440 203
2441 187
2442 23
2443 71
2444 84
2445 109
2446 140
2447 121
2448 38
2449 33
2450 202
2451 136
2452 171
2453 122
2454 28
2455 36
2456 124
2457 160
2458 98
2459 123
2460 126
2461 203
2462 119
2463 155
2464 70
2465 192
2466 190
2467 242
2468 7
2469 201
2470 72
2471 131
2472 214
2473 145
2474 59
2475 0
2476 247
2477 106
2478 31
2479 86
2480 48
2481 74
2482 153
2483 51
2484 209
2485 27
2486 135
2487 32
2488 94
2489 151
2490 93
2491 150
2492 102
2493 126
2494 181
2495 223
2496 145
2497 218
2498 105
2499 0
2500 116
2501 219
2503 192
2504 169
2505 102
2506 64
2507 110
2508 49
2509 211
2511 207
2512 178
2513 122
2514 62
2515 88
2516 241
2517 23
2518 114
2519 102
2520 91
2521 57
2522 186
2523 90
2524 183
2525 73
2526 20
2527 159
2528 44
2529 2
2530 119
2531 110
2532 150
2533 192
2534 170
2535 48
2536 156
2537 205
2538 160
2539 196
2540 215
2541 21
2542 106
2543 72
2544 130
2545 127
2546 108
2547 17
2548 95
2549 110
2550 73
2551 64
2552 24
2553 9
2554 103
2555 12
2556 37
2557 214
2558 169
2559 106
2560 28
2561 95
2562 54
2563 49
2564 152
2565 55
2566 245
2567 114
2568 146
2569 214
2570 28
2571 73
2572 20
2573 129
2574 97
2575 196
2576 1
2577 103
2578 115
2579 217
2581 58
2582 98
2583 57
2584 176
2585 180
2587 114
2588 101
2589 10
2590 201
2591 35
2592 35
2593 178
2595 64
2596 202
2597 2
2598 140
2599 33
2600 122
2601 58
2602 91
2603 242
2604 61
2605 242
2606 71
2608 35
2609 184
2610 152
2611 149
2612 238
2613 19
2614 170
2615 235
2616 24
2617 118
2618 84
2619 115
2620 2
2621 184
2622 110
2623 189
2624 20
2625 81
2626 84
2627 127
2628 5
2629 209
2630 162
2631 99
2632 133
2633 24
2634 0
2635 96
2636 102
2637 213
2638 127
2639 140
2640 90
2641 109
2642 227
2643 15
2644 162
2645 189
2646 246
2647 54
2648 239
2649 10
2650 64
2651 153
2652 167
2653 24
2654 77
2655 209
2656 5
2657 75
2658 167
2659 245
2660 2
2661 51
2662 202
2663 56
2665 71
2666 88
2667 107
2668 124
2669 248
2670 1
2671 64
2672 92
2673 101
2674 197
2675 142
2676 192
2677 242
2678 58
2679 64
2680 232
2681 103
2682 18
2683 234
2684 31
2685 174
2686 57
2687 71
2688 87
2689 181
2690 202
2691 107
2692 151
2693 102
2694 248
2695 29
2696 38
2697 226
2698 29
2699 71
2700 23
2701 47
2702 5
2703 80
2704 235
2705 157
2706 167
2707 145
2708 19
2709 1
2710 79
2711 153
2712 22
2713 46
2714 167
2715 237
2717 1
2718 29
2719 37
2720 160
2721 100
2722 15
2723 185
2724 239
2725 39
2727 64
2728 34
2729 151
2730 49
2731 222
2732 209
2733 156
2734 108
2735 69
2736 248
2737 192
2738 208
2739 197
2740 6
2741 181
2742 80
2743 13
2744 171
2745 165
2746 98
2747 213
2748 22
2749 220
2750 64
2751 158
2752 43
2753 99
2754 33
2755 50
2756 157
2757 167
2758 103
2759 94
2760 28
2761 156
2762 113
2763 13
2764 103
2765 38
2766 177
2767 117
2768 202
2769 248
2770 213
2771 20
2773 161
2774 57
2775 165
2776 59
2777 57
2778 1
2779 21
2780 57
2781 28
2782 179
2783 17
2784 209
2785 174
2786 65
2787 1
2788 32
2789 43
2790 247
2791 107
2792 72
2793 30
2794 21
2795 69
2796 151
2797 126
2798 41
2799 144
2800 217
2801 213
2802 35
2803 47
2804 155
2805 140
2806 221
2807 242
2808 119
2809 17
2810 203
2811 128
2812 111
2813 181
2814 142
2815 59
2816 45
2817 143
2818 213
2819 53
2820 43
2821 247
2822 226
2823 19
2824 27
2826 19
2827 58
2828 38
2829 153
2830 43
2831 58
2832 156
2833 100
2834 8
2835 86
2836 14
2837 151
2838 93
2839 73
2840 24
2841 59
2842 32
2843 47
2844 222
2845 1
2846 215
2847 89
2848 224
2849 56
2850 71
2851 232
2852 73
2853 71
2854 65
2855 132
2856 182
2857 23
2858 28
2859 1
2860 96
2861 145
2862 167
2863 239
2864 169
2865 64
2866 175
2867 243
2868 86
2869 157
2870 202
2871 135
2872 65
2873 99
2874 29
2875 194
2876 73
2877 9
2878 54
2879 77
2880 64
2881 113
2882 106
2883 129
2884 159
2886 52
2887 138
2888 93
2889 130
2890 19
2891 239
2892 195
2893 17
2894 140
2895 49
2896 131
2897 105
2898 74
2899 113
2900 223
2901 153
2902 136
2903 88
2904 123
2905 116
2906 1
2907 134
2908 193
2909 32
2910 102
2911 82
2912 14
2913 122
2914 2
2915 227
2916 94
2917 156
2918 57
2919 123
2920 190
2921 48
2922 127
2923 235
2924 202
2925 71
2926 151
2927 21
2928 85
2929 79
2930 241
2931 35
2932 177
2933 62
2934 229
2935 39
2936 108
2937 129
2938 58
2939 152
2940 224
2941 106
2942 99
2943 120
2944 192
2945 29
2946 112
2947 185
2948 12
2949 52
2950 137
2951 142
2952 213
2953 159
2954 71
2955 3
2956 101
2957 115
2958 201
2960 239
2961 55
2962 67
2963 38
2964 168
2965 62
2966 64
2967 81
2968 239
2969 25
2970 133
2971 176
2972 29
2973 196
2974 143
2975 27
2976 137
2977 129
2978 201
2979 66
2980 71
2981 114
2982 73
2983 248
2984 200
2985 133
2986 120
2987 71
2988 99
2989 140
2990 41
2991 232
2992 114
2993 79
2994 50
2995 69
2996 182
2997 90
2998 69
2999 23
3000 36
3001 132
3002 49
3003 33
3004 67
3005 195
3006 80
3007 155
3009 113
3010 132
3011 202
3012 35
3013 94
3014 114
3015 87
3016 24
3017 119
3018 16
3019 51
3020 99
3021 239
3022 110
3023 43
3024 147
3025 224
3027 127
3028 127
3029 235
3030 151
3031 108
3032 77
3033 109
3034 35
3035 57
3036 235
3037 94
3038 28
3039 64
3040 68
3041 109
3042 39
3043 119
3044 141
3045 75
3046 241
3047 159
3048 37
3049 19
3050 62
3051 7
3052 99
3053 99
3054 227
3055 48
3056 13
3057 2
3058 19
3059 69
3060 8
3062 70
3063 237
3064 186
3065 28
3066 73
3067 1
3068 156
3069 183
3070 18
3071 235
3072 157
3073 98
3074 24
3075 101
3076 126
3077 13
3078 240
3079 64
3080 86
3081 77
3082 17
3083 114
3084 122
3085 29
3087 103
3088 98
3089 227
3090 214
3091 48
3092 147
3093 184
3094 196
3095 86
3096 35
3097 38
3098 213
3099 149
3100 49
3101 214
3102 194
3103 114
3104 77
3105 115
3106 102
3107 245
3108 231
3109 155
3110 73
3111 101
3112 118
3113 126
3114 29
3115 22
3116 11
3117 102
3118 239
3119 91
3120 54
3121 161
3122 168
3123 248
3124 17
3125 134
3126 220
3127 213
3128 220
3129 12
3130 142
3131 186
3132 123
3133 114
3134 25
3135 29
3136 102
3137 4
3138 248
3139 156
3140 105
3141 98
3142 43
3143 64
3144 160
3145 131
3146 71
3147 227
3148 203
3149 64
3150 73
3151 5
3152 39
3153 122
3154 71
3155 153
3156 133
3157 36
3158 147
3159 114
3160 28
3161 86
3162 24
3163 10
3164 75
3165 58
3166 210
3167 110
3168 89
3169 54
3170 52
3171 176
3172 76
3173 52
3174 127
3175 124
3176 44
3177 192
3178 153
3179 20
3180 110
3181 113
3182 147
3183 140
3184 73
3185 81
3186 23
3187 143
3188 236
3189 248
3190 195
3191 110
3192 143
3194 214
3195 104
3196 37
3197 223
3198 190
3199 248
3200 64
3201 53
3202 99
3203 13
3204 154
3205 139
3206 19
3207 124
3208 63
3209 212
3210 69
3211 7
3212 179
3213 36
3214 216
3215 247
3216 74
3217 178
3218 13
3219 189
3220 191
3222 13
3223 111
3224 43
3225 186
3226 86
3227 195
3228 51
3229 116
3230 20
3231 157
3232 210
3233 242
3234 145
3235 184
3236 213
3237 203
3238 57
3239 193
3240 45
3241 139
3242 237
3243 20
3244 7
3245 20
3246 164
3247 17
3248 12
3249 23
3250 12
3252 64
3253 71
3254 208
3255 110
3256 144
3257 73
3258 156
3259 169
3260 203
3261 174
3262 70
3263 19
3264 203
3265 64
3267 9
3268 248
3269 123
3270 249
3271 28
3272 142
3273 199
3274 122
3276 242
3277 203
3278 98
3279 234
3280 201
3281 129
3282 107
3283 162
3284 39
3285 47
3286 92
3287 110
3288 206
3289 154
3290 88
3291 181
3292 90
3293 37
3294 160
3295 61
3296 221
3297 51
3298 195
3299 67
3300 184
3301 182
3302 51
3303 211
3304 139
3305 1
3306 88
3307 6
3308 25
3309 97
3310 177
3311 3
3312 96
3313 41
3314 28
3315 15
3316 156
3317 57
3318 239
3319 56
3320 106
3321 101
3322 122
3323 152
3324 174
3325 65
3326 75
3327 116
3328 41
3329 43
3330 220
3331 28
3332 69
3333 202
3334 24
3335 115
3336 202
3338 217
3339 104
3340 110
3341 64
3342 175
3343 141
3344 242
3345 234
3346 142
3347 25
3348 105
3349 158
3350 69
3351 241
3352 37
3353 25
3354 18
3356 108
3357 12
3358 247
3359 28
3360 160
3361 151
3362 36
3363 61
3364 76
3365 11
3366 11
3367 122
3368 217
3369 13
3370 248
3371 43
3372 48
3373 81
3374 41
3375 100
3376 233
3377 50
3378 246
3379 159
3380 89
3381 157
3382 81
3383 219
3386 28
3387 56
3388 112
3389 249
3390 106
3391 110
3392 155
3393 71
3394 28
3395 160
3396 156
3397 138
3398 94
3399 1
3400 192
3401 234
3402 77
3403 168
3405 202
3406 204
3407 119
3408 51
3409 210
3410 73
3411 116
3412 10
3413 161
3414 196
3415 37
3416 172
3417 121
3418 90
3419 41
3420 47
3421 135
3422 114
3423 21
3424 72
3425 163
3426 24
3427 90
3428 125
3429 64
3430 78
3431 202
3432 57
3433 86
3434 66
3435 56
3436 230
3437 19
3438 202
3439 49
3440 141
3441 49
3442 52
3443 55
3444 43
3445 17
3446 160
3447 8
3448 81
3449 223
3450 18
3451 2
3452 107
3454 82
3455 197
3457 200
3458 191
3459 213
3460 145
3461 156
3462 40
3463 79
3464 127
3465 208
3467 160
3468 248
3470 165
3471 88
3472 20
3473 20
3474 43
3475 200
3476 207
3477 64
3478 170
3479 65
3480 92
3481 192
3482 142
3483 98
3484 55
3485 114
3486 170
3488 87
3489 49
3490 105
3491 135
3493 0
3494 249
3495 197
3496 115
3497 120
3498 57
3499 129
3500 102
3501 20
3502 120
3503 236
3504 58
3505 225
3506 124
3507 73
3508 106
3509 110
3510 43
3511 51
3512 22
3513 24
3514 213
3515 25
3516 19
3517 0
3519 61
3520 98
3521 193
3522 106
3523 93
3525 111
3526 165
3527 67
3528 220
3529 36
3530 126
3531 64
3532 176
3533 55
3534 12
3535 57
3536 17
3537 239
3538 9
3539 176
3540 20
3541 76
3542 66
3543 235
3545 36
3546 102
3547 127
3548 106
3549 70
3550 21
3551 202
3552 24
3553 156
3554 12
3555 7
3556 189
3557 111
3558 139
3559 102
3560 238
3561 214
3562 99
3563 70
3564 68
3565 54
3566 52
3567 41
3568 184
3569 119
3570 86
3571 0
3572 224
3573 239
3575 27
3576 9
3577 6
3578 200
3579 196
3580 221
3581 72
3582 40
3583 141
3584 248
3585 186
3586 143
3587 189
3588 124
3589 155
3590 142
3591 106
3592 86
3593 153
3594 81
3595 114
3596 243
3597 106
3598 34
3599 153
3600 151
3601 55
3602 16
3603 32
3604 201
3605 71
3606 102
3607 218
3609 158
3610 161
3611 234
3612 64
3613 243
3614 156
3615 52
3616 202
3617 190
3618 52
3619 229
3620 5
3621 29
3622 170
3623 12
3624 229
3625 242
3626 133
3627 58
3628 65
3629 127
3630 50
3631 176
3632 62
3633 11
3634 131
3636 192
3637 142
3638 219
3639 52
3640 64
3641 136
3642 189
3644 120
3645 25
3646 249
3647 5
3648 143
3649 41
3650 0
3651 67
3652 2
3653 62
3654 14
3655 161
3656 58
3657 127
3658 132
3659 127
3660 91
3661 59
3662 42
3663 64
3664 202
3665 171
3666 1
3667 88
3668 183
3669 199
3670 39
3671 208
3672 189
3673 26
3674 29
3675 159
3676 202
3677 194
3678 72
3679 24
3680 157
3681 115
3682 141
3683 124
3684 52
3685 33
3686 159
3688 36
3689 196
3690 108
3691 77
3692 90
3693 248
3694 209
3696 56
3697 228
3698 220
3699 245
3700 26
3701 175
3702 29
3703 45
3704 12
3705 160
3706 213
3707 99
3708 232
3709 125
3710 81
3711 108
3712 62
3713 40
3714 190
3715 141
3716 231
3717 108
3719 39
3720 207
3721 72
3722 119
3723 211
3724 186
3725 108
3726 131
3727 61
3728 76
3729 48
3730 13
3731 229
3732 84
3733 10
3734 152
3735 169
3736 184
3737 202
3738 204
3739 97
3740 96
3741 25
3742 30
3743 170
3744 86
3745 28
3746 143
3747 71
3748 102
3749 102
3750 177
3751 130
3752 174
3753 20
3754 232
3755 242
3756 131
3757 168
3758 26
3759 97
3760 219
3761 95
3762 240
3763 41
3764 105
3765 16
3766 34
3767 36
3768 50
3769 201
3770 140
3771 155
3772 114
3773 235
3774 69
3775 190
3776 155
3777 158
3778 71
3779 140
3780 68
3781 104
3782 94
3783 128
3784 42
3785 161
3786 217
3787 75
3788 102
3789 86
3790 117
3791 20
3792 234
3793 145
3794 63
3795 104
3796 242
3797 36
3798 204
3799 213
3800 38
3801 213
3802 108
3803 216
3804 37
3805 133
3806 81
3807 2
3808 225
3809 157
3811 50
3812 96
3813 143
3814 131
3815 55
3816 162
3817 249
3818 153
3819 23
3820 149
3821 196
3822 18
3823 220
3824 81
3825 102
3826 153
3827 72
3828 79
3829 113
3830 159
3831 67
3832 156
3833 248
3834 182
3836 24
3837 71
3838 151
3839 212
3840 121
3841 167
3842 151
3843 221
3844 32
3845 234
3846 58
3847 192
3848 8
3849 72
3850 62
3851 152
3852 200
3853 7
3854 94
3855 102
3856 209
3858 95
3859 49
3860 67
3861 142
3862 197
3863 172
3864 7
3865 177
3866 224
3867 156
3868 61
3869 220
3870 186
3871 12
3872 234
3873 202
3874 218
3875 171
3876 248
3877 157
3878 192
3879 37
3880 59
3881 177
3882 17
3883 53
3884 213
3885 214
3886 48
3887 42
3888 145
3889 211
3890 36
3891 2
3892 120
3893 228
3894 38
3895 20
3896 92
3897 19
3898 120
3899 242
3901 60
3902 173
3904 175
3905 78
3906 217
3907 1
3908 105
3909 124
3910 12
3911 242
3912 140
3913 27
3914 98
3915 130
3917 84
3918 7
3919 98
3921 110
3922 103
3923 192
3924 93
3925 66
3926 197
3927 93
3928 28
3929 20
3930 152
3931 166
3932 192
3933 44
3934 28
3935 156
3936 51
3938 70
3939 200
3940 1
3941 94
3943 114
3944 212
3945 192
3946 176
3947 160
3948 64
3949 36
3950 244
3951 229
3952 36
3953 87
3954 52
3955 38
3956 235
3957 20
3958 24
3959 127
3960 75
3961 12
3962 24
3963 19
3964 199
3965 34
3966 50
3967 114
3968 234
3969 185
3970 242
3971 82
3973 5
3974 150
3975 109
3976 102
3977 75
3978 98
3979 141
3980 110
3981 101
3982 43
3983 103
3984 123
3985 183
3986 69
3987 28
3988 144
3989 141
3990 248
3991 12
3992 43
3993 106
3994 194
3995 212
3996 110
3997 154
3998 177
3999 61
4000 1
4001 243
4002 154
4003 91
4004 238
4005 126
4006 163
4007 10
4008 162
4009 177
4010 57
4011 177
4012 118
4013 86
4014 151
4016 135
4017 97
4018 217
4019 126
4020 35
4021 43
4022 82
4023 244
4024 64
4025 189
4026 92
4027 160
4028 73
4029 205
4030 153
4031 210
4032 136
4033 102
4034 0
4035 57
4036 149
4037 242
4038 213
4039 124
4040 106
4041 69
4042 47
4043 182
4044 13
4045 89
4046 161
4047 95
4048 123
4049 106
4050 114
4051 235
4052 28
4053 67
4054 35
4055 1
4056 235
4057 245
4058 36
4059 208
4060 140
4061 90
4062 35
4063 213
4064 94
4065 29
4066 203
4067 193
4068 16
4069 91
4070 225
4071 48
4072 100
4073 181
4074 43
4075 140
4076 154
4077 130
4078 196
4079 147
4080 189
4081 204
4082 92
4083 2
4084 23
4085 90
4086 22
4087 61
4088 19
4089 242
4090 151
4091 133
4092 217
4093 52
4094 34
4095 154
4096 36
4097 175
4098 96
4100 235
4101 42
4102 165
4104 118
4105 179
4106 118
4107 19
4108 81
4109 181
4110 231
4111 221
4112 147
4113 71
4114 28
4115 17
4116 177
4117 43
4118 240
4119 36
4120 186
4121 110
4122 177
4123 204
4124 64
4125 94
4126 5
4127 114
4128 221
4129 85
4130 48
4131 45
4132 103
4133 197
4134 6
4135 64
4137 138
4138 110
4139 110
4140 186
4141 5
4142 42
4143 181
4144 19
4145 20
4146 235
4147 101
4148 140
4149 248
4150 34
4151 106
4152 20
4153 246
4154 248
4155 24
4156 140
4157 183
4158 30
4159 78
4160 81
4161 71
4162 64
4163 72
4164 127
4165 18
4166 41
4167 183
4168 215
4169 111
4170 159
4171 246
4172 97
4174 126
4175 157
4176 15
4177 132
4178 24
4179 92
4180 1
4181 94
4182 212
4183 230
4184 20
4185 52
4186 130
4188 176
4189 174
4190 77
4191 47
4192 32
4193 141
4194 102
4195 97
4196 19
4197 20
4198 24
4199 192
4200 60
4201 168
4202 103
4203 203
4204 11
4205 169
4206 51
4207 27
4208 103
4209 36
4210 107
4211 189
4212 145
4213 52
4214 154
4215 55
4216 161
4219 217
4220 9
4221 64
4222 85
4223 43
4224 48
4225 168
4226 246
4227 180
4228 80
4229 108
4230 235
4231 81
4232 161
4233 36
4234 2
4235 90
4236 200
4237 4
4238 17
4239 155
4240 203
4241 141
4242 160
4243 167
4244 209
4245 183
4246 47
4247 118
4248 146
4249 100
4250 114
4251 6
4252 71
4253 126
4254 12
4255 248
4256 228
4257 172
4258 35
4259 141
4260 171
4261 213
4263 230
4264 158
4266 241
4267 92
4268 34
4269 168
4270 182
4272 36
4273 64
4274 241
4275 23
4276 214
4277 192
4278 248
4279 220
4280 110
4281 85
4282 198
4284 108
4285 175
4286 149
4287 52
4288 122
4289 57
4290 90
4291 37
4292 19
4293 160
4294 111
4296 0
4297 81
4298 154
4299 24
4300 64
4301 223
4302 143
4303 185
4304 0
4305 12
4306 241
4307 64
4308 31
4309 149
4310 100
4311 37
4312 159
4313 200
4314 232
4315 56
4316 116
4317 80
4318 77
4319 81
4320 120
4321 2
4322 44
4323 83
4324 153
4325 101
4326 14
4327 188
4328 189
4329 81
4330 227
4331 65
4332 169
4333 57
4334 161
4335 202
4336 161
4337 13
4338 57
4339 80
4340 73
4341 31
4342 194
4343 204
4344 221
4345 34
4346 33
4347 143
4348 64
4349 174
4350 82
4351 153
4352 83
4353 246
4354 127
4355 38
4356 136
4357 9
4358 36
4359 193
4360 48
4361 64
4362 245
4363 31
4364 144
4365 155
4366 54
4367 9
4369 9
4370 2
4371 151
4372 120
4373 43
4374 137
4375 94
4376 80
4377 23
4378 173
4379 151
4380 140
4381 32
4382 90
4383 85
4384 126
4385 109
4386 13
4387 190
4388 234
4390 120
4391 57
4392 193
4393 202
4394 145
4395 211
4396 168
4397 73
4398 51
4399 110
4400 116
4401 213
4402 213
4403 178
4404 57
4405 170
4406 161
4407 175
4408 0
4409 225
4410 196
4411 52
4412 148
4413 24
4415 200
4416 151
4417 202
4418 153
4420 43
4421 102
4422 154
4423 28
4424 20
4425 196
4426 32
4428 37
4429 118
4430 52
4431 29
4432 158
4433 16
4434 116
4435 169
4436 216
4437 13
4439 135
4440 116
4441 192
4442 73
4443 122
4444 71
4445 0
4446 13
4447 157
4448 115
4449 142
4451 68
4452 12
4453 92
4454 226
4455 166
4456 1
4457 235
4458 36
4459 37
4460 1
4461 111
4462 7
4463 235
4464 159
4465 30
4466 89
4467 39
4468 147
4469 235
4470 18
4471 220
4472 145
4473 103
4474 102
4475 206
4476 131
4477 17
4479 177
4480 118
4481 235
4482 90
4483 154
4484 246
4485 127
4486 102
4487 133
4488 225
4489 82
4490 143
4491 220
4492 149
4493 228
4494 145
4495 231
4496 137
4497 38
4498 81
4499 150
4500 96
4501 5
4502 206
4503 42
4504 52
4505 213
4506 117
4507 111
4508 111
4509 232
4510 192
4511 229
4512 197
4513 103
4514 236
4515 69
4516 124
4517 145
4518 142
4519 70
4520 226
4521 219
4522 133
4523 219
4524 156
4525 127
4526 103
4527 43
4528 172
4529 20
4530 155
4531 110
4532 193
4533 149
4534 43
4535 193
4536 139
4537 159
4538 37
4539 69
4540 1
4541 175
4542 111
4543 38
4545 201
4546 219
4547 94
4548 86
4550 166
4551 241
4553 102
4554 235
4555 91
4556 45
4557 99
4558 94
4559 104
4560 5
4561 64
4562 135
4563 156
4564 144
4565 2
4566 66
4567 10
4568 94
4569 64
4571 139
4572 17
4573 227
4574 228
4575 118
4576 151
4577 37
4578 9
4579 189
4580 93
4581 8
4582 6
4583 209
4585 110
4586 88
4587 153
4588 209
4589 129
4590 33
4591 91
4592 88
4593 189
4594 11
4595 154
4596 98
4598 11
4600 200
4601 202
4602 233
4603 110
4604 52
4605 36
4606 192
4607 5
4608 206
4609 47
4610 8
4611 71
4612 35
4613 81
4614 248
4615 90
4616 53
4617 239
4618 133
4619 161
4620 79
4621 231
4622 116
4623 242
4624 72
4625 213
4626 26
4627 229
4628 45
4629 170
4630 219
4631 156
4632 235
4633 156
4634 228
4635 105
4636 21
4637 103
4638 149
4639 206
4640 188
4641 120
4642 99
4643 248
4644 192
4645 241
4646 43
4647 174
4648 178
4649 86
4650 101
4651 224
4652 128
4653 75
4654 247
4655 220
4656 82
4657 35
4658 156
4659 209
4660 29
4661 43
4662 248
4663 161
4664 61
4665 208
4666 200
4667 30
4668 131
4669 81
4670 114
4671 156
4672 120
4673 198
4674 214
4675 174
4676 94
4677 12
4678 126
4679 42
4680 122
4681 22
4682 156
4683 55
4684 21
4685 168
4686 156
4687 65
4688 152
4689 67
4690 155
4691 215
4692 19
4693 246
4694 35
4695 68
4696 38
4697 117
4698 235
4699 24
4700 209
4701 139
4702 229
4703 205
4704 235
4705 114
4706 107
4707 161
4708 175
4709 11
4710 36
4711 178
4712 238
4713 46
4714 201
4715 7
4716 114
4717 131
4718 39
4719 50
4720 111
4721 213
4722 212
4723 96
4724 49
4725 105
4726 176
4727 78
4728 141
4729 6
4730 106
4731 43
4732 248
4733 171
4734 124
4735 34
4737 218
4738 89
4739 82
4740 91
4741 79
4742 114
4744 114
4745 75
4746 24
4748 168
4749 47
4750 23
4752 115
4753 32
4754 106
4755 217
4756 28
4757 233
4759 62
4760 160
4761 85
4762 43
4763 109
4764 216
4765 228
4766 115
4767 94
4768 48
4769 1
4770 27
4771 204
4772 98
4773 148
4774 133
4775 161
4776 7
4777 28
4778 24
4779 34
4780 90
4781 60
4782 137
4783 28
4784 130
4786 37
4787 59
4788 199
4789 123
4790 186
4791 154
4792 180
4793 205
4794 107
4795 29
4796 224
4797 245
4798 154
4799 12
4800 29
4801 16
4802 116
4803 198
4804 110
4805 24
4806 24
4807 29
4808 142
4809 77
4810 129
4811 40
4812 4
4813 64
4814 223
4815 35
4816 25
4817 116
4818 157
4820 33
4821 21
4822 103
4823 189
4824 51
4825 59
4826 212
4827 61
4828 115
4829 70
4830 161
4831 82
4832 149
4833 213
4834 36
4835 76
4836 174
4837 242
4839 45
4840 110
4841 52
4842 119
4843 84
4844 12
4845 144
4846 40
4847 4
4848 151
4849 31
4850 71
4851 37
4852 242
4853 114
4854 219
4855 133
4856 33
4857 52
4858 66
4859 166
4860 202
4861 2
4862 176
4863 62
4864 73
4865 133
4866 152
4867 248
4868 107
4869 140
4870 166
4871 48
4872 194
4873 189
4875 122
4876 175
4877 55
4878 219
4879 242
4880 114
4881 214
4882 152
4883 64
4884 37
4885 123
4886 133
4887 5
4888 206
4889 176
4890 243
4891 73
4892 80
4893 100
4894 4
4895 39
4896 196
4897 126
4898 123
4899 177
4900 131
4901 41
4903 40
4904 33
4905 20
4906 91
4907 125
4908 29
4909 222
4910 110
4911 110
4913 12
4914 176
4915 220
4916 70
4917 151
4918 161
4919 55
4921 235
4922 109
4923 79
4924 17
4925 160
4926 202
4928 4
4929 68
4931 17
4932 232
4933 194
4934 133
4935 227
4936 155
4937 85
4938 66
4939 239
4940 189
4941 34
4942 160
4944 77
4945 238
4946 10
4947 21
4948 109
4949 176
4950 36
4951 242
4952 195
4953 224
4954 147
4955 23
4956 223
4957 92
4958 201
4959 24
4960 213
4961 161
4962 93
4963 77
4964 175
4965 42
4966 108
4967 129
4968 10
4969 110
4970 32
4971 73
4972 206
4973 161
4974 110
4975 204
4976 216
4977 153
4978 145
4979 162
4980 47
4981 86
4982 177
4983 70
4984 11
4985 176
4986 6
4987 220
4988 174
4989 209
4990 5
4991 119
4992 99
4993 110
4994 4
4995 35
4996 6
4997 90
4998 9
4999 58
5000 58
5001 58
5002 213
5003 88
5004 196
5005 43
5006 43
5007 76
5008 84
5009 139
5010 46
5011 55
5012 82
5013 82
5014 73
5015 216
5016 106
5017 106
5018 142
5019 224
5020 26
5021 154
5022 41
5023 44
5024 73
5025 73
5026 195
5027 195
5028 246
5029 33
5030 196
5031 200
5032 200
5033 78
5035 239
5036 115
5037 208
5038 94
5039 94
5040 94
5042 99
5043 120
5044 97
5045 97
5046 235
5047 156
5048 64
5049 193
5050 232
5051 212
5052 141
5053 201
5054 161
5055 161
5056 226
5057 67
5058 115
5059 57
5060 171
5061 177
5062 177
5063 102
5064 126
5065 12
5066 48
5067 235
5068 179
5070 98
5071 98
5072 199
5073 150
5074 147
5075 189
5076 45
5077 53
5082 177
5083 218
5084 1
5085 1
5086 235
5087 53
5088 53
5089 139
5090 76
5091 137
5092 148
5093 49
5096 175
5097 175
5098 84
5099 52
5100 232
5101 179
5102 125
5103 91
5104 94
5105 94
5106 94
5107 100
5108 4
5110 151
5111 151
5112 243
5113 105
5114 34
5115 127
5116 69
5117 248
5118 157
5119 213
5120 235
5121 71
5122 159
5123 120
5124 112
5125 28
5126 28
5127 81
5128 56
5129 123
5130 123
5131 114
5133 126
5134 107
5135 238
5136 17
5137 214
5138 214
5139 59
5140 212
5141 145
5142 145
5143 25
5144 77
5145 119
5146 211
5147 89
5148 147
5149 186
5150 3
5151 3
5152 189
5153 71
5154 24
5155 24
5156 24
5157 105
5158 151
5159 151
5160 36
5161 36
5162 7
5163 128
5164 28
5165 140
5166 140
5167 36
5168 180
5169 209
5170 209
5171 226
5172 216
5173 216
5174 2
5175 56
5177 106
5178 220
5179 60
5180 60
5181 147
5182 65
5183 65
5184 64
5185 64
5186 242
5187 131
5188 245
5189 184
5190 184
5191 109
5192 234
5193 74
5194 135
5195 90
5196 99
5197 99
5198 149
5199 149
5201 117
5202 177
5203 64
5204 64
5205 8
5206 71
5207 90
5208 124
5209 186
5210 186
5211 183
5212 171
5213 246
5214 47
5215 47
5216 155
5217 55
5218 69
5219 111
5220 111
5221 220
5222 16
5223 16
5224 127
5225 37
5226 0
5227 222
5228 126
5229 95
5230 36
5231 108
5232 108
5233 159
5234 159
5235 184
5236 115
5237 152
5238 152
5239 6
5240 147
5241 147
5242 246
5243 106
5244 106
5245 169
5246 169
5247 245
5248 45
5249 243
5250 199
5251 242
5252 36
5253 36
5254 64
5255 241
5256 2
5257 2
5258 128
5259 110
5260 41
5261 189
5262 10
5263 218
5264 85
5265 72
5266 75
5267 245
5268 43
5269 43
5270 42
5271 209
5272 209
5273 5
5274 5
5275 185
5276 95
5277 95
5278 31
5279 159
5280 114
5281 202
5282 202
5283 90
5284 197
5285 197
5286 173
5287 223
5288 153
5289 61
5290 61
5291 229
5292 32
5293 32
5294 135
5295 14
5296 209
5297 209
5298 101
5299 101
5300 174
5301 113
5302 105
5303 105
5304 71
5305 85
5306 85
5307 114
5308 114
5309 228
5310 228
5311 157
5312 192
5313 24
5314 38
5315 38
5316 92
5317 92
5318 112
5319 142
5320 142
5321 133
5322 127
5323 161
5324 27
5325 27
5327 108
5328 91
5329 91
5330 80
5331 80
5332 217
5333 217
5334 145
5335 11
5336 152
5338 12
5339 189
5340 127
5341 199
5342 199
5343 150
5344 102
5345 102
5346 168
5347 220
5348 41
5349 108
5350 43
5351 43
5352 195
5353 195
5354 248
5355 11
5356 137
5357 55
5358 33
5359 33
5360 159
5361 114
5362 244
5363 115
5364 29
5365 154
5366 41
5367 72
5370 223
5371 21
5372 163
5373 163
5374 64
5375 242
5376 90
5377 122
5378 122
5379 64
5380 12
5381 246
5382 5
5383 152
5384 35
5385 25
5386 12
5387 124
5388 38
5389 38
5390 69
5391 156
5392 156
5393 156
5394 130
5395 228
5396 38
5397 119
5398 9
5399 106
5400 248
5401 133
5402 28
5403 28
5404 79
5405 79
5406 68
5407 177
5408 177
5409 130
5410 211
5411 175
5412 126
5413 17
5414 91
5415 91
5416 248
5417 241
5418 151
5419 36
5420 188
5421 185
5422 11
5423 11
5424 213
5425 42
5426 76
5427 95
5428 95
5429 95
5430 86
5431 194
5432 56
5433 56
5434 25
5435 220
5436 197
5437 162
5438 60
5439 60
5440 115
5441 115
5442 135
5443 248
5444 65
5445 65
5446 78
5447 141
5448 99
5449 230
5450 16
5451 30
5452 72
5453 96
5454 139
5455 234
5456 204
5457 204
5458 144
5459 144
5460 90
5461 90
5462 242
5463 242
5464 8
5465 8
5466 248
5467 248
5468 24
5469 24
5470 25
5471 112
5472 153
5473 2
5474 144
5475 136
5476 68
5477 48
5478 108
5479 58
5480 171
5481 214
5482 214
5483 205
5484 62
5485 235
5486 106
5487 106
5488 174
5489 45
5490 170
5491 114
5492 235
5493 218
5494 5
5495 239
5496 137
5497 110
5498 177
5499 31
5500 40
5501 162
5502 216
5503 216
5504 13
5505 232
5506 142
5507 142
5508 41
5509 41
5510 61
5511 61
5512 61
5513 78
5514 64
5515 64
5516 67
5517 87
5518 28
5519 64
5520 35
5521 133
5522 196
5523 28
5524 94
5525 94
5526 100
5527 100
5528 103
5529 7
5530 242
5531 242
5532 137
5533 137
5534 67
5535 168
5536 164
5537 41
5538 111
5539 111
5540 211
5541 92
5542 92
5543 54
5544 54
5545 21
5546 79
5547 79
5548 52
5549 52
5550 103
5551 168
5552 102
5553 127
5554 195
5555 189
5556 127
5557 118
5558 130
5559 103
5560 151
5561 151
5562 211
5563 14
5564 57
5565 57
5566 57
5567 242
5568 102
5569 17
